0.622244 0.376138 0.108308 -0.658486 0.260997 0.622441 0.376323 0.108308 -0.658486 0.109482 0.623253 0.376830 0.098369 -0.677022 0.000000 0.623819 0.377215 0.098369 -0.677022 0.000000 0.624459 0.377691 0.101906 -0.694450 0.000000 0.625172 0.378291 0.087486 -0.695428 0.000000 
0.622441 0.376323 0.108308 -0.658486 0.109482 0.623253 0.376830 0.098369 -0.677022 0.000000 0.623819 0.377215 0.098369 -0.677022 0.000000 0.624459 0.377691 0.101906 -0.694450 0.000000 0.625172 0.378291 0.087486 -0.695428 0.000000 0.625960 0.378999 0.087486 -0.695428 0.000000 
0.623253 0.376830 0.098369 -0.677022 0.000000 0.623819 0.377215 0.098369 -0.677022 0.000000 0.624459 0.377691 0.101906 -0.694450 0.000000 0.625172 0.378291 0.087486 -0.695428 0.000000 0.625960 0.378999 0.087486 -0.695428 0.000000 0.626722 0.379891 0.087486 -0.695428 0.000000 
0.623819 0.377215 0.098369 -0.677022 0.000000 0.624459 0.377691 0.101906 -0.694450 0.000000 0.625172 0.378291 0.087486 -0.695428 0.000000 0.625960 0.378999 0.087486 -0.695428 0.000000 0.626722 0.379891 0.087486 -0.695428 0.000000 0.627485 0.380967 0.084444 -0.677993 0.000000 
0.624459 0.377691 0.101906 -0.694450 0.000000 0.625172 0.378291 0.087486 -0.695428 0.000000 0.625960 0.378999 0.087486 -0.695428 0.000000 0.626722 0.379891 0.087486 -0.695428 0.000000 0.627485 0.380967 0.084444 -0.677993 0.000000 0.628199 0.382243 0.081486 -0.660562 0.000000 
0.625172 0.378291 0.087486 -0.695428 0.000000 0.625960 0.378999 0.087486 -0.695428 0.000000 0.626722 0.379891 0.087486 -0.695428 0.000000 0.627485 0.380967 0.084444 -0.677993 0.000000 0.628199 0.382243 0.081486 -0.660562 0.000000 0.628716 0.383735 0.063238 -0.626507 0.000000 
0.625960 0.378999 0.087486 -0.695428 0.000000 0.626722 0.379891 0.087486 -0.695428 0.000000 0.627485 0.380967 0.084444 -0.677993 0.000000 0.628199 0.382243 0.081486 -0.660562 0.000000 0.628716 0.383735 0.063238 -0.626507 0.000000 0.629134 0.385427 0.070389 -0.590868 0.000000 
0.626722 0.379891 0.087486 -0.695428 0.000000 0.627485 0.380967 0.084444 -0.677993 0.000000 0.628199 0.382243 0.081486 -0.660562 0.000000 0.628716 0.383735 0.063238 -0.626507 0.000000 0.629134 0.385427 0.070389 -0.590868 0.000000 0.629134 0.387257 0.052321 -0.539370 0.000000 
0.627485 0.380967 0.084444 -0.677993 0.000000 0.628199 0.382243 0.081486 -0.660562 0.000000 0.628716 0.383735 0.063238 -0.626507 0.000000 0.629134 0.385427 0.070389 -0.590868 0.000000 0.629134 0.387257 0.052321 -0.539370 0.000000 0.629232 0.389302 0.053210 -0.469020 0.000000 
0.628199 0.382243 0.081486 -0.660562 0.000000 0.628716 0.383735 0.063238 -0.626507 0.000000 0.629134 0.385427 0.070389 -0.590868 0.000000 0.629134 0.387257 0.052321 -0.539370 0.000000 0.629232 0.389302 0.053210 -0.469020 0.000000 0.629232 0.391594 0.036979 -0.400056 0.000000 
0.628716 0.383735 0.063238 -0.626507 0.000000 0.629134 0.385427 0.070389 -0.590868 0.000000 0.629134 0.387257 0.052321 -0.539370 0.000000 0.629232 0.389302 0.053210 -0.469020 0.000000 0.629232 0.391594 0.036979 -0.400056 0.000000 0.629232 0.393978 0.017003 -0.313756 0.000000 
0.629134 0.385427 0.070389 -0.590868 0.000000 0.629134 0.387257 0.052321 -0.539370 0.000000 0.629232 0.389302 0.053210 -0.469020 0.000000 0.629232 0.391594 0.036979 -0.400056 0.000000 0.629232 0.393978 0.017003 -0.313756 0.000000 0.628839 0.396469 0.000000 -0.244346 0.000000 
0.629134 0.387257 0.052321 -0.539370 0.000000 0.629232 0.389302 0.053210 -0.469020 0.000000 0.629232 0.391594 0.036979 -0.400056 0.000000 0.629232 0.393978 0.017003 -0.313756 0.000000 0.628839 0.396469 0.000000 -0.244346 0.000000 0.627780 0.399114 0.000000 -0.174533 0.000000 
0.613115 0.359759 -0.031105 -0.015852 0.000000 0.615108 0.359759 -0.031105 -0.015852 0.000000 0.616855 0.359759 -0.034907 0.000000 0.000000 0.620595 0.359759 -0.034907 0.000000 0.000000 0.623967 0.359759 -0.034907 0.000000 0.000000 0.626821 0.359759 -0.034907 0.000000 0.000000 
0.615108 0.359759 -0.031105 -0.015852 0.000000 0.616855 0.359759 -0.034907 0.000000 0.000000 0.620595 0.359759 -0.034907 0.000000 0.000000 0.623967 0.359759 -0.034907 0.000000 0.000000 0.626821 0.359759 -0.034907 0.000000 0.000000 0.629134 0.359944 -0.034907 0.000000 0.000000 
0.616855 0.359759 -0.034907 0.000000 0.000000 0.620595 0.359759 -0.034907 0.000000 0.000000 0.623967 0.359759 -0.034907 0.000000 0.000000 0.626821 0.359759 -0.034907 0.000000 0.000000 0.629134 0.359944 -0.034907 0.000000 0.000000 0.631029 0.360313 -0.017453 0.000000 0.000000 
0.620595 0.359759 -0.034907 0.000000 0.000000 0.623967 0.359759 -0.034907 0.000000 0.000000 0.626821 0.359759 -0.034907 0.000000 0.000000 0.629134 0.359944 -0.034907 0.000000 0.000000 0.631029 0.360313 -0.017453 0.000000 0.000000 0.632603 0.360759 -0.017453 0.000000 0.000000 
0.623967 0.359759 -0.034907 0.000000 0.000000 0.626821 0.359759 -0.034907 0.000000 0.000000 0.629134 0.359944 -0.034907 0.000000 0.000000 0.631029 0.360313 -0.017453 0.000000 0.000000 0.632603 0.360759 -0.017453 0.000000 0.000000 0.633907 0.361251 -0.017453 0.000000 0.000000 
0.626821 0.359759 -0.034907 0.000000 0.000000 0.629134 0.359944 -0.034907 0.000000 0.000000 0.631029 0.360313 -0.017453 0.000000 0.000000 0.632603 0.360759 -0.017453 0.000000 0.000000 0.633907 0.361251 -0.017453 0.000000 0.000000 0.635039 0.361836 -0.012342 -0.012342 0.000000 
0.629134 0.359944 -0.034907 0.000000 0.000000 0.631029 0.360313 -0.017453 0.000000 0.000000 0.632603 0.360759 -0.017453 0.000000 0.000000 0.633907 0.361251 -0.017453 0.000000 0.000000 0.635039 0.361836 -0.012342 -0.012342 0.000000 0.635039 0.362497 0.000000 -0.017453 0.000000 
0.631029 0.360313 -0.017453 0.000000 0.000000 0.632603 0.360759 -0.017453 0.000000 0.000000 0.633907 0.361251 -0.017453 0.000000 0.000000 0.635039 0.361836 -0.012342 -0.012342 0.000000 0.635039 0.362497 0.000000 -0.017453 0.000000 0.636319 0.363266 0.000000 -0.034907 0.000000 
0.632603 0.360759 -0.017453 0.000000 0.000000 0.633907 0.361251 -0.017453 0.000000 0.000000 0.635039 0.361836 -0.012342 -0.012342 0.000000 0.635039 0.362497 0.000000 -0.017453 0.000000 0.636319 0.363266 0.000000 -0.034907 0.000000 0.636319 0.364096 0.016193 -0.049802 0.000000 
0.633907 0.361251 -0.017453 0.000000 0.000000 0.635039 0.361836 -0.012342 -0.012342 0.000000 0.635039 0.362497 0.000000 -0.017453 0.000000 0.636319 0.363266 0.000000 -0.034907 0.000000 0.636319 0.364096 0.016193 -0.049802 0.000000 0.637008 0.364973 0.031735 -0.062225 0.000000 
0.635039 0.361836 -0.012342 -0.012342 0.000000 0.635039 0.362497 0.000000 -0.017453 0.000000 0.636319 0.363266 0.000000 -0.034907 0.000000 0.636319 0.364096 0.016193 -0.049802 0.000000 0.637008 0.364973 0.031735 -0.062225 0.000000 0.637500 0.365834 0.054080 -0.089849 0.000000 
0.635039 0.362497 0.000000 -0.017453 0.000000 0.636319 0.363266 0.000000 -0.034907 0.000000 0.636319 0.364096 0.016193 -0.049802 0.000000 0.637008 0.364973 0.031735 -0.062225 0.000000 0.637500 0.365834 0.054080 -0.089849 0.000000 0.637500 0.366726 0.068553 -0.101444 0.000000 
0.636319 0.363266 0.000000 -0.034907 0.000000 0.636319 0.364096 0.016193 -0.049802 0.000000 0.637008 0.364973 0.031735 -0.062225 0.000000 0.637500 0.365834 0.054080 -0.089849 0.000000 0.637500 0.366726 0.068553 -0.101444 0.000000 0.637500 0.367603 0.103538 -0.118970 0.000000 
0.636319 0.364096 0.016193 -0.049802 0.000000 0.637008 0.364973 0.031735 -0.062225 0.000000 0.637500 0.365834 0.054080 -0.089849 0.000000 0.637500 0.366726 0.068553 -0.101444 0.000000 0.637500 0.367603 0.103538 -0.118970 0.000000 0.636836 0.368387 0.136592 -0.136592 0.000000 
0.637008 0.364973 0.031735 -0.062225 0.000000 0.637500 0.365834 0.054080 -0.089849 0.000000 0.637500 0.366726 0.068553 -0.101444 0.000000 0.637500 0.367603 0.103538 -0.118970 0.000000 0.636836 0.368387 0.136592 -0.136592 0.000000 0.635827 0.368387 0.161821 -0.161821 0.000000 
0.637500 0.365834 0.054080 -0.089849 0.000000 0.637500 0.366726 0.068553 -0.101444 0.000000 0.637500 0.367603 0.103538 -0.118970 0.000000 0.636836 0.368387 0.136592 -0.136592 0.000000 0.635827 0.368387 0.161821 -0.161821 0.000000 0.634695 0.368341 0.196554 -0.177408 0.000000 
0.637500 0.366726 0.068553 -0.101444 0.000000 0.637500 0.367603 0.103538 -0.118970 0.000000 0.636836 0.368387 0.136592 -0.136592 0.000000 0.635827 0.368387 0.161821 -0.161821 0.000000 0.634695 0.368341 0.196554 -0.177408 0.000000 0.633514 0.368126 0.225123 -0.170885 0.000000 
0.637500 0.367603 0.103538 -0.118970 0.000000 0.636836 0.368387 0.136592 -0.136592 0.000000 0.635827 0.368387 0.161821 -0.161821 0.000000 0.634695 0.368341 0.196554 -0.177408 0.000000 0.633514 0.368126 0.225123 -0.170885 0.000000 0.629823 0.369863 0.311458 -0.206099 0.000000 
0.636836 0.368387 0.136592 -0.136592 0.000000 0.635827 0.368387 0.161821 -0.161821 0.000000 0.634695 0.368341 0.196554 -0.177408 0.000000 0.633514 0.368126 0.225123 -0.170885 0.000000 0.629823 0.369863 0.311458 -0.206099 0.000000 0.632259 0.368710 0.257050 -0.188711 0.000000 
0.635827 0.368387 0.161821 -0.161821 0.000000 0.634695 0.368341 0.196554 -0.177408 0.000000 0.633514 0.368126 0.225123 -0.170885 0.000000 0.629823 0.369863 0.311458 -0.206099 0.000000 0.632259 0.368710 0.257050 -0.188711 0.000000 0.631004 0.369417 0.282884 -0.215637 0.000000 
0.634695 0.368341 0.196554 -0.177408 0.000000 0.633514 0.368126 0.225123 -0.170885 0.000000 0.629823 0.369863 0.311458 -0.206099 0.000000 0.632259 0.368710 0.257050 -0.188711 0.000000 0.631004 0.369417 0.282884 -0.215637 0.000000 0.628716 0.370048 0.345533 -0.221255 0.000000 
0.633514 0.368126 0.225123 -0.170885 0.000000 0.629823 0.369863 0.311458 -0.206099 0.000000 0.632259 0.368710 0.257050 -0.188711 0.000000 0.631004 0.369417 0.282884 -0.215637 0.000000 0.628716 0.370048 0.345533 -0.221255 0.000000 0.627756 0.370048 0.376579 -0.242252 0.000000 
0.629823 0.369863 0.311458 -0.206099 0.000000 0.632259 0.368710 0.257050 -0.188711 0.000000 0.631004 0.369417 0.282884 -0.215637 0.000000 0.628716 0.370048 0.345533 -0.221255 0.000000 0.627756 0.370048 0.376579 -0.242252 0.000000 0.626895 0.370048 0.419223 -0.242175 0.000000 
0.632259 0.368710 0.257050 -0.188711 0.000000 0.631004 0.369417 0.282884 -0.215637 0.000000 0.628716 0.370048 0.345533 -0.221255 0.000000 0.627756 0.370048 0.376579 -0.242252 0.000000 0.626895 0.370048 0.419223 -0.242175 0.000000 0.626107 0.369756 0.451422 -0.262532 0.000000 
0.631004 0.369417 0.282884 -0.215637 0.000000 0.628716 0.370048 0.345533 -0.221255 0.000000 0.627756 0.370048 0.376579 -0.242252 0.000000 0.626895 0.370048 0.419223 -0.242175 0.000000 0.626107 0.369756 0.451422 -0.262532 0.000000 0.625320 0.369387 0.487771 -0.274943 0.000000 
