0.659129 0.405835 0.180715 -0.424697 0.658847 0.660359 0.403405 0.158155 -0.412986 0.666667 0.660950 0.402236 0.158155 -0.412986 0.660802 0.661540 0.401129 0.158155 -0.412986 0.660802 0.662180 0.400068 0.158155 -0.412986 0.657869 0.662672 0.399022 0.143112 -0.417423 0.644184 
0.660359 0.403405 0.158155 -0.412986 0.666667 0.660950 0.402236 0.158155 -0.412986 0.660802 0.661540 0.401129 0.158155 -0.412986 0.660802 0.662180 0.400068 0.158155 -0.412986 0.657869 0.662672 0.399022 0.143112 -0.417423 0.644184 0.663140 0.397976 0.143112 -0.417423 0.643206 
0.660950 0.402236 0.158155 -0.412986 0.660802 0.661540 0.401129 0.158155 -0.412986 0.660802 0.662180 0.400068 0.158155 -0.412986 0.657869 0.662672 0.399022 0.143112 -0.417423 0.644184 0.663140 0.397976 0.143112 -0.417423 0.643206 0.663607 0.396900 0.143112 -0.417423 0.643206 
0.661540 0.401129 0.158155 -0.412986 0.660802 0.662180 0.400068 0.158155 -0.412986 0.657869 0.662672 0.399022 0.143112 -0.417423 0.644184 0.663140 0.397976 0.143112 -0.417423 0.643206 0.663607 0.396900 0.143112 -0.417423 0.643206 0.664099 0.395838 0.141644 -0.436425 0.635386 
0.662180 0.400068 0.158155 -0.412986 0.657869 0.662672 0.399022 0.143112 -0.417423 0.644184 0.663140 0.397976 0.143112 -0.417423 0.643206 0.663607 0.396900 0.143112 -0.417423 0.643206 0.664099 0.395838 0.141644 -0.436425 0.635386 0.664592 0.394793 0.141644 -0.436425 0.631476 
0.662672 0.399022 0.143112 -0.417423 0.644184 0.663140 0.397976 0.143112 -0.417423 0.643206 0.663607 0.396900 0.143112 -0.417423 0.643206 0.664099 0.395838 0.141644 -0.436425 0.635386 0.664592 0.394793 0.141644 -0.436425 0.631476 0.665034 0.393747 0.141644 -0.436425 0.627566 
0.663140 0.397976 0.143112 -0.417423 0.643206 0.663607 0.396900 0.143112 -0.417423 0.643206 0.664099 0.395838 0.141644 -0.436425 0.635386 0.664592 0.394793 0.141644 -0.436425 0.631476 0.665034 0.393747 0.141644 -0.436425 0.627566 0.665404 0.392686 0.143112 -0.417423 0.624633 
0.663607 0.396900 0.143112 -0.417423 0.643206 0.664099 0.395838 0.141644 -0.436425 0.635386 0.664592 0.394793 0.141644 -0.436425 0.631476 0.665034 0.393747 0.141644 -0.436425 0.627566 0.665404 0.392686 0.143112 -0.417423 0.624633 0.665773 0.391625 0.143112 -0.417423 0.624633 
0.664099 0.395838 0.141644 -0.436425 0.635386 0.664592 0.394793 0.141644 -0.436425 0.631476 0.665034 0.393747 0.141644 -0.436425 0.627566 0.665404 0.392686 0.143112 -0.417423 0.624633 0.665773 0.391625 0.143112 -0.417423 0.624633 0.666142 0.390548 0.143112 -0.417423 0.626588 
0.664592 0.394793 0.141644 -0.436425 0.631476 0.665034 0.393747 0.141644 -0.436425 0.627566 0.665404 0.392686 0.143112 -0.417423 0.624633 0.665773 0.391625 0.143112 -0.417423 0.624633 0.666142 0.390548 0.143112 -0.417423 0.626588 0.666535 0.389502 0.143112 -0.417423 0.626588 
0.665034 0.393747 0.141644 -0.436425 0.627566 0.665404 0.392686 0.143112 -0.417423 0.624633 0.665773 0.391625 0.143112 -0.417423 0.624633 0.666142 0.390548 0.143112 -0.417423 0.626588 0.666535 0.389502 0.143112 -0.417423 0.626588 0.666880 0.388457 0.143112 -0.417423 0.622678 
0.665404 0.392686 0.143112 -0.417423 0.624633 0.665773 0.391625 0.143112 -0.417423 0.624633 0.666142 0.390548 0.143112 -0.417423 0.626588 0.666535 0.389502 0.143112 -0.417423 0.626588 0.666880 0.388457 0.143112 -0.417423 0.622678 0.667175 0.387426 0.143112 -0.417423 0.622678 
0.665773 0.391625 0.143112 -0.417423 0.624633 0.666142 0.390548 0.143112 -0.417423 0.626588 0.666535 0.389502 0.143112 -0.417423 0.626588 0.666880 0.388457 0.143112 -0.417423 0.622678 0.667175 0.387426 0.143112 -0.417423 0.622678 0.667446 0.386411 0.143112 -0.417423 0.628543 
0.666142 0.390548 0.143112 -0.417423 0.626588 0.666535 0.389502 0.143112 -0.417423 0.626588 0.666880 0.388457 0.143112 -0.417423 0.622678 0.667175 0.387426 0.143112 -0.417423 0.622678 0.667446 0.386411 0.143112 -0.417423 0.628543 0.667643 0.385381 0.120108 -0.423202 0.633431 
0.666535 0.389502 0.143112 -0.417423 0.626588 0.666880 0.388457 0.143112 -0.417423 0.622678 0.667175 0.387426 0.143112 -0.417423 0.622678 0.667446 0.386411 0.143112 -0.417423 0.628543 0.667643 0.385381 0.120108 -0.423202 0.633431 0.667864 0.384397 0.120108 -0.423202 0.635386 
0.666880 0.388457 0.143112 -0.417423 0.622678 0.667175 0.387426 0.143112 -0.417423 0.622678 0.667446 0.386411 0.143112 -0.417423 0.628543 0.667643 0.385381 0.120108 -0.423202 0.633431 0.667864 0.384397 0.120108 -0.423202 0.635386 0.668036 0.383397 0.120108 -0.423202 0.635386 
0.667175 0.387426 0.143112 -0.417423 0.622678 0.667446 0.386411 0.143112 -0.417423 0.628543 0.667643 0.385381 0.120108 -0.423202 0.633431 0.667864 0.384397 0.120108 -0.423202 0.635386 0.668036 0.383397 0.120108 -0.423202 0.635386 0.668159 0.382413 0.120108 -0.423202 0.636364 
0.667446 0.386411 0.143112 -0.417423 0.628543 0.667643 0.385381 0.120108 -0.423202 0.633431 0.667864 0.384397 0.120108 -0.423202 0.635386 0.668036 0.383397 0.120108 -0.423202 0.635386 0.668159 0.382413 0.120108 -0.423202 0.636364 0.668209 0.381382 0.120108 -0.423202 0.636364 
0.667643 0.385381 0.120108 -0.423202 0.633431 0.667864 0.384397 0.120108 -0.423202 0.635386 0.668036 0.383397 0.120108 -0.423202 0.635386 0.668159 0.382413 0.120108 -0.423202 0.636364 0.668209 0.381382 0.120108 -0.423202 0.636364 0.668209 0.380367 0.120108 -0.423202 0.641251 
0.667864 0.384397 0.120108 -0.423202 0.635386 0.668036 0.383397 0.120108 -0.423202 0.635386 0.668159 0.382413 0.120108 -0.423202 0.636364 0.668209 0.381382 0.120108 -0.423202 0.636364 0.668209 0.380367 0.120108 -0.423202 0.641251 0.668209 0.379337 0.120108 -0.423202 0.635386 
0.668036 0.383397 0.120108 -0.423202 0.635386 0.668159 0.382413 0.120108 -0.423202 0.636364 0.668209 0.381382 0.120108 -0.423202 0.636364 0.668209 0.380367 0.120108 -0.423202 0.641251 0.668209 0.379337 0.120108 -0.423202 0.635386 0.668209 0.378322 0.120108 -0.423202 0.636364 
0.668159 0.382413 0.120108 -0.423202 0.636364 0.668209 0.381382 0.120108 -0.423202 0.636364 0.668209 0.380367 0.120108 -0.423202 0.641251 0.668209 0.379337 0.120108 -0.423202 0.635386 0.668209 0.378322 0.120108 -0.423202 0.636364 0.668209 0.375369 0.104514 -0.426471 0.635386 
0.668209 0.381382 0.120108 -0.423202 0.636364 0.668209 0.380367 0.120108 -0.423202 0.641251 0.668209 0.379337 0.120108 -0.423202 0.635386 0.668209 0.378322 0.120108 -0.423202 0.636364 0.668209 0.375369 0.104514 -0.426471 0.635386 0.668209 0.377338 0.120108 -0.423202 0.635386 
0.668209 0.380367 0.120108 -0.423202 0.641251 0.668209 0.379337 0.120108 -0.423202 0.635386 0.668209 0.378322 0.120108 -0.423202 0.636364 0.668209 0.375369 0.104514 -0.426471 0.635386 0.668209 0.377338 0.120108 -0.423202 0.635386 0.668209 0.376338 0.104514 -0.426471 0.637341 
0.668209 0.379337 0.120108 -0.423202 0.635386 0.668209 0.378322 0.120108 -0.423202 0.636364 0.668209 0.375369 0.104514 -0.426471 0.635386 0.668209 0.377338 0.120108 -0.423202 0.635386 0.668209 0.376338 0.104514 -0.426471 0.637341 0.668209 0.374446 0.104514 -0.426471 0.635386 
0.668209 0.378322 0.120108 -0.423202 0.636364 0.668209 0.375369 0.104514 -0.426471 0.635386 0.668209 0.377338 0.120108 -0.423202 0.635386 0.668209 0.376338 0.104514 -0.426471 0.637341 0.668209 0.374446 0.104514 -0.426471 0.635386 0.668012 0.372739 0.104514 -0.426471 0.626588 
0.668209 0.375369 0.104514 -0.426471 0.635386 0.668209 0.377338 0.120108 -0.423202 0.635386 0.668209 0.376338 0.104514 -0.426471 0.637341 0.668209 0.374446 0.104514 -0.426471 0.635386 0.668012 0.372739 0.104514 -0.426471 0.626588 0.668135 0.373570 0.104514 -0.426471 0.628543 
0.668209 0.377338 0.120108 -0.423202 0.635386 0.668209 0.376338 0.104514 -0.426471 0.637341 0.668209 0.374446 0.104514 -0.426471 0.635386 0.668012 0.372739 0.104514 -0.426471 0.626588 0.668135 0.373570 0.104514 -0.426471 0.628543 0.667864 0.371909 0.104514 -0.426471 0.628543 
0.668209 0.376338 0.104514 -0.426471 0.637341 0.668209 0.374446 0.104514 -0.426471 0.635386 0.668012 0.372739 0.104514 -0.426471 0.626588 0.668135 0.373570 0.104514 -0.426471 0.628543 0.667864 0.371909 0.104514 -0.426471 0.628543 0.667717 0.371048 0.084750 -0.412031 0.623656 
0.668209 0.374446 0.104514 -0.426471 0.635386 0.668012 0.372739 0.104514 -0.426471 0.626588 0.668135 0.373570 0.104514 -0.426471 0.628543 0.667864 0.371909 0.104514 -0.426471 0.628543 0.667717 0.371048 0.084750 -0.412031 0.623656 0.667593 0.370186 0.084750 -0.412031 0.623656 
0.668012 0.372739 0.104514 -0.426471 0.626588 0.668135 0.373570 0.104514 -0.426471 0.628543 0.667864 0.371909 0.104514 -0.426471 0.628543 0.667717 0.371048 0.084750 -0.412031 0.623656 0.667593 0.370186 0.084750 -0.412031 0.623656 0.667470 0.369341 0.084750 -0.412031 0.617791 
0.668135 0.373570 0.104514 -0.426471 0.628543 0.667864 0.371909 0.104514 -0.426471 0.628543 0.667717 0.371048 0.084750 -0.412031 0.623656 0.667593 0.370186 0.084750 -0.412031 0.623656 0.667470 0.369341 0.084750 -0.412031 0.617791 0.667372 0.368495 0.084750 -0.412031 0.617791 
0.667864 0.371909 0.104514 -0.426471 0.628543 0.667717 0.371048 0.084750 -0.412031 0.623656 0.667593 0.370186 0.084750 -0.412031 0.623656 0.667470 0.369341 0.084750 -0.412031 0.617791 0.667372 0.368495 0.084750 -0.412031 0.617791 0.667298 0.367649 0.084750 -0.412031 0.610948 
0.667717 0.371048 0.084750 -0.412031 0.623656 0.667593 0.370186 0.084750 -0.412031 0.623656 0.667470 0.369341 0.084750 -0.412031 0.617791 0.667372 0.368495 0.084750 -0.412031 0.617791 0.667298 0.367649 0.084750 -0.412031 0.610948 0.667249 0.366772 0.084750 -0.412031 0.616813 
0.667593 0.370186 0.084750 -0.412031 0.623656 0.667470 0.369341 0.084750 -0.412031 0.617791 0.667372 0.368495 0.084750 -0.412031 0.617791 0.667298 0.367649 0.084750 -0.412031 0.610948 0.667249 0.366772 0.084750 -0.412031 0.616813 0.667200 0.365850 0.084750 -0.412031 0.611926 
0.667470 0.369341 0.084750 -0.412031 0.617791 0.667372 0.368495 0.084750 -0.412031 0.617791 0.667298 0.367649 0.084750 -0.412031 0.610948 0.667249 0.366772 0.084750 -0.412031 0.616813 0.667200 0.365850 0.084750 -0.412031 0.611926 0.667175 0.364942 0.084750 -0.412031 0.608993 
0.667372 0.368495 0.084750 -0.412031 0.617791 0.667298 0.367649 0.084750 -0.412031 0.610948 0.667249 0.366772 0.084750 -0.412031 0.616813 0.667200 0.365850 0.084750 -0.412031 0.611926 0.667175 0.364942 0.084750 -0.412031 0.608993 0.667175 0.364035 0.084750 -0.412031 0.608993 
0.667298 0.367649 0.084750 -0.412031 0.610948 0.667249 0.366772 0.084750 -0.412031 0.616813 0.667200 0.365850 0.084750 -0.412031 0.611926 0.667175 0.364942 0.084750 -0.412031 0.608993 0.667175 0.364035 0.084750 -0.412031 0.608993 0.667175 0.363143 0.069537 -0.414295 0.610948 
0.667249 0.366772 0.084750 -0.412031 0.616813 0.667200 0.365850 0.084750 -0.412031 0.611926 0.667175 0.364942 0.084750 -0.412031 0.608993 0.667175 0.364035 0.084750 -0.412031 0.608993 0.667175 0.363143 0.069537 -0.414295 0.610948 0.667175 0.362282 0.069537 -0.414295 0.611926 
0.667200 0.365850 0.084750 -0.412031 0.611926 0.667175 0.364942 0.084750 -0.412031 0.608993 0.667175 0.364035 0.084750 -0.412031 0.608993 0.667175 0.363143 0.069537 -0.414295 0.610948 0.667175 0.362282 0.069537 -0.414295 0.611926 0.667175 0.361420 0.069537 -0.414295 0.613881 
0.667175 0.364942 0.084750 -0.412031 0.608993 0.667175 0.364035 0.084750 -0.412031 0.608993 0.667175 0.363143 0.069537 -0.414295 0.610948 0.667175 0.362282 0.069537 -0.414295 0.611926 0.667175 0.361420 0.069537 -0.414295 0.613881 0.667175 0.360590 0.069537 -0.414295 0.612903 
0.667175 0.364035 0.084750 -0.412031 0.608993 0.667175 0.363143 0.069537 -0.414295 0.610948 0.667175 0.362282 0.069537 -0.414295 0.611926 0.667175 0.361420 0.069537 -0.414295 0.613881 0.667175 0.360590 0.069537 -0.414295 0.612903 0.667175 0.359806 0.069537 -0.414295 0.613881 
0.667175 0.363143 0.069537 -0.414295 0.610948 0.667175 0.362282 0.069537 -0.414295 0.611926 0.667175 0.361420 0.069537 -0.414295 0.613881 0.667175 0.360590 0.069537 -0.414295 0.612903 0.667175 0.359806 0.069537 -0.414295 0.613881 0.667175 0.359098 0.069537 -0.414295 0.614858 
0.667175 0.362282 0.069537 -0.414295 0.611926 0.667175 0.361420 0.069537 -0.414295 0.613881 0.667175 0.360590 0.069537 -0.414295 0.612903 0.667175 0.359806 0.069537 -0.414295 0.613881 0.667175 0.359098 0.069537 -0.414295 0.614858 0.667175 0.358468 0.069537 -0.414295 0.612903 
0.667175 0.361420 0.069537 -0.414295 0.613881 0.667175 0.360590 0.069537 -0.414295 0.612903 0.667175 0.359806 0.069537 -0.414295 0.613881 0.667175 0.359098 0.069537 -0.414295 0.614858 0.667175 0.358468 0.069537 -0.414295 0.612903 0.667175 0.357914 0.069537 -0.414295 0.609971 
0.667175 0.360590 0.069537 -0.414295 0.612903 0.667175 0.359806 0.069537 -0.414295 0.613881 0.667175 0.359098 0.069537 -0.414295 0.614858 0.667175 0.358468 0.069537 -0.414295 0.612903 0.667175 0.357914 0.069537 -0.414295 0.609971 0.667175 0.357422 0.069537 -0.414295 0.609971 
0.667175 0.359806 0.069537 -0.414295 0.613881 0.667175 0.359098 0.069537 -0.414295 0.614858 0.667175 0.358468 0.069537 -0.414295 0.612903 0.667175 0.357914 0.069537 -0.414295 0.609971 0.667175 0.357422 0.069537 -0.414295 0.609971 0.667175 0.357007 0.069537 -0.414295 0.610948 
0.667175 0.359098 0.069537 -0.414295 0.614858 0.667175 0.358468 0.069537 -0.414295 0.612903 0.667175 0.357914 0.069537 -0.414295 0.609971 0.667175 0.357422 0.069537 -0.414295 0.609971 0.667175 0.357007 0.069537 -0.414295 0.610948 0.667175 0.356668 0.069537 -0.414295 0.608993 
0.667175 0.358468 0.069537 -0.414295 0.612903 0.667175 0.357914 0.069537 -0.414295 0.609971 0.667175 0.357422 0.069537 -0.414295 0.609971 0.667175 0.357007 0.069537 -0.414295 0.610948 0.667175 0.356668 0.069537 -0.414295 0.608993 0.667175 0.356422 0.069537 -0.414295 0.608016 
0.667175 0.357914 0.069537 -0.414295 0.609971 0.667175 0.357422 0.069537 -0.414295 0.609971 0.667175 0.357007 0.069537 -0.414295 0.610948 0.667175 0.356668 0.069537 -0.414295 0.608993 0.667175 0.356422 0.069537 -0.414295 0.608016 0.667175 0.356238 0.069537 -0.414295 0.605083 
0.667175 0.357422 0.069537 -0.414295 0.609971 0.667175 0.357007 0.069537 -0.414295 0.610948 0.667175 0.356668 0.069537 -0.414295 0.608993 0.667175 0.356422 0.069537 -0.414295 0.608016 0.667175 0.356238 0.069537 -0.414295 0.605083 0.667175 0.356115 0.069537 -0.414295 0.602151 
0.667175 0.357007 0.069537 -0.414295 0.610948 0.667175 0.356668 0.069537 -0.414295 0.608993 0.667175 0.356422 0.069537 -0.414295 0.608016 0.667175 0.356238 0.069537 -0.414295 0.605083 0.667175 0.356115 0.069537 -0.414295 0.602151 0.667175 0.356038 0.069537 -0.414295 0.599218 
0.667175 0.356668 0.069537 -0.414295 0.608993 0.667175 0.356422 0.069537 -0.414295 0.608016 0.667175 0.356238 0.069537 -0.414295 0.605083 0.667175 0.356115 0.069537 -0.414295 0.602151 0.667175 0.356038 0.069537 -0.414295 0.599218 0.667175 0.355992 0.069537 -0.414295 0.596285 
0.667175 0.356422 0.069537 -0.414295 0.608016 0.667175 0.356238 0.069537 -0.414295 0.605083 0.667175 0.356115 0.069537 -0.414295 0.602151 0.667175 0.356038 0.069537 -0.414295 0.599218 0.667175 0.355992 0.069537 -0.414295 0.596285 0.667175 0.355976 0.069537 -0.414295 0.587488 
0.667175 0.356238 0.069537 -0.414295 0.605083 0.667175 0.356115 0.069537 -0.414295 0.602151 0.667175 0.356038 0.069537 -0.414295 0.599218 0.667175 0.355992 0.069537 -0.414295 0.596285 0.667175 0.355976 0.069537 -0.414295 0.587488 0.667175 0.356022 0.069537 -0.414295 0.566960 
0.667175 0.356115 0.069537 -0.414295 0.602151 0.667175 0.356038 0.069537 -0.414295 0.599218 0.667175 0.355992 0.069537 -0.414295 0.596285 0.667175 0.355976 0.069537 -0.414295 0.587488 0.667175 0.356022 0.069537 -0.414295 0.566960 0.667175 0.356130 0.069537 -0.414295 0.565982 
0.667175 0.356038 0.069537 -0.414295 0.599218 0.667175 0.355992 0.069537 -0.414295 0.596285 0.667175 0.355976 0.069537 -0.414295 0.587488 0.667175 0.356022 0.069537 -0.414295 0.566960 0.667175 0.356130 0.069537 -0.414295 0.565982 0.667175 0.356238 0.069537 -0.414295 0.566960 
0.667175 0.355992 0.069537 -0.414295 0.596285 0.667175 0.355976 0.069537 -0.414295 0.587488 0.667175 0.356022 0.069537 -0.414295 0.566960 0.667175 0.356130 0.069537 -0.414295 0.565982 0.667175 0.356238 0.069537 -0.414295 0.566960 0.667175 0.356361 0.069537 -0.414295 0.565005 
0.667175 0.355976 0.069537 -0.414295 0.587488 0.667175 0.356022 0.069537 -0.414295 0.566960 0.667175 0.356130 0.069537 -0.414295 0.565982 0.667175 0.356238 0.069537 -0.414295 0.566960 0.667175 0.356361 0.069537 -0.414295 0.565005 0.667175 0.356453 0.069537 -0.414295 0.566960 
0.667175 0.356022 0.069537 -0.414295 0.566960 0.667175 0.356130 0.069537 -0.414295 0.565982 0.667175 0.356238 0.069537 -0.414295 0.566960 0.667175 0.356361 0.069537 -0.414295 0.565005 0.667175 0.356453 0.069537 -0.414295 0.566960 0.667175 0.356561 0.072818 -0.431606 0.570870 
0.667175 0.356130 0.069537 -0.414295 0.565982 0.667175 0.356238 0.069537 -0.414295 0.566960 0.667175 0.356361 0.069537 -0.414295 0.565005 0.667175 0.356453 0.069537 -0.414295 0.566960 0.667175 0.356561 0.072818 -0.431606 0.570870 0.667175 0.356668 0.069537 -0.414295 0.574780 
0.667175 0.356238 0.069537 -0.414295 0.566960 0.667175 0.356361 0.069537 -0.414295 0.565005 0.667175 0.356453 0.069537 -0.414295 0.566960 0.667175 0.356561 0.072818 -0.431606 0.570870 0.667175 0.356668 0.069537 -0.414295 0.574780 0.667175 0.356730 0.069537 -0.414295 0.579668 
0.667175 0.356361 0.069537 -0.414295 0.565005 0.667175 0.356453 0.069537 -0.414295 0.566960 0.667175 0.356561 0.072818 -0.431606 0.570870 0.667175 0.356668 0.069537 -0.414295 0.574780 0.667175 0.356730 0.069537 -0.414295 0.579668 0.667175 0.356776 0.069537 -0.414295 0.586510 
0.667175 0.356453 0.069537 -0.414295 0.566960 0.667175 0.356561 0.072818 -0.431606 0.570870 0.667175 0.356668 0.069537 -0.414295 0.574780 0.667175 0.356730 0.069537 -0.414295 0.579668 0.667175 0.356776 0.069537 -0.414295 0.586510 0.667175 0.356822 0.069537 -0.414295 0.593353 
0.667175 0.356561 0.072818 -0.431606 0.570870 0.667175 0.356668 0.069537 -0.414295 0.574780 0.667175 0.356730 0.069537 -0.414295 0.579668 0.667175 0.356776 0.069537 -0.414295 0.586510 0.667175 0.356822 0.069537 -0.414295 0.593353 0.667175 0.356853 0.069537 -0.414295 0.598240 
0.667175 0.356668 0.069537 -0.414295 0.574780 0.667175 0.356730 0.069537 -0.414295 0.579668 0.667175 0.356776 0.069537 -0.414295 0.586510 0.667175 0.356822 0.069537 -0.414295 0.593353 0.667175 0.356853 0.069537 -0.414295 0.598240 0.667151 0.356868 0.069537 -0.414295 0.607038 
0.667175 0.356730 0.069537 -0.414295 0.579668 0.667175 0.356776 0.069537 -0.414295 0.586510 0.667175 0.356822 0.069537 -0.414295 0.593353 0.667175 0.356853 0.069537 -0.414295 0.598240 0.667151 0.356868 0.069537 -0.414295 0.607038 0.667126 0.356868 0.069537 -0.414295 0.610948 
0.667175 0.356776 0.069537 -0.414295 0.586510 0.667175 0.356822 0.069537 -0.414295 0.593353 0.667175 0.356853 0.069537 -0.414295 0.598240 0.667151 0.356868 0.069537 -0.414295 0.607038 0.667126 0.356868 0.069537 -0.414295 0.610948 0.667101 0.356868 0.072818 -0.431606 0.611926 
0.667175 0.356822 0.069537 -0.414295 0.593353 0.667175 0.356853 0.069537 -0.414295 0.598240 0.667151 0.356868 0.069537 -0.414295 0.607038 0.667126 0.356868 0.069537 -0.414295 0.610948 0.667101 0.356868 0.072818 -0.431606 0.611926 0.667077 0.356868 0.072818 -0.431606 0.612903 
0.667175 0.356853 0.069537 -0.414295 0.598240 0.667151 0.356868 0.069537 -0.414295 0.607038 0.667126 0.356868 0.069537 -0.414295 0.610948 0.667101 0.356868 0.072818 -0.431606 0.611926 0.667077 0.356868 0.072818 -0.431606 0.612903 0.667028 0.356868 0.072818 -0.431606 0.611926 
0.667151 0.356868 0.069537 -0.414295 0.607038 0.667126 0.356868 0.069537 -0.414295 0.610948 0.667101 0.356868 0.072818 -0.431606 0.611926 0.667077 0.356868 0.072818 -0.431606 0.612903 0.667028 0.356868 0.072818 -0.431606 0.611926 0.666954 0.356868 0.072818 -0.431606 0.611926 
0.667126 0.356868 0.069537 -0.414295 0.610948 0.667101 0.356868 0.072818 -0.431606 0.611926 0.667077 0.356868 0.072818 -0.431606 0.612903 0.667028 0.356868 0.072818 -0.431606 0.611926 0.666954 0.356868 0.072818 -0.431606 0.611926 0.666855 0.356868 0.072818 -0.431606 0.610948 
0.667101 0.356868 0.072818 -0.431606 0.611926 0.667077 0.356868 0.072818 -0.431606 0.612903 0.667028 0.356868 0.072818 -0.431606 0.611926 0.666954 0.356868 0.072818 -0.431606 0.611926 0.666855 0.356868 0.072818 -0.431606 0.610948 0.666757 0.356884 0.072818 -0.431606 0.609971 
0.667077 0.356868 0.072818 -0.431606 0.612903 0.667028 0.356868 0.072818 -0.431606 0.611926 0.666954 0.356868 0.072818 -0.431606 0.611926 0.666855 0.356868 0.072818 -0.431606 0.610948 0.666757 0.356884 0.072818 -0.431606 0.609971 0.666609 0.356899 0.072818 -0.431606 0.606061 
0.667028 0.356868 0.072818 -0.431606 0.611926 0.666954 0.356868 0.072818 -0.431606 0.611926 0.666855 0.356868 0.072818 -0.431606 0.610948 0.666757 0.356884 0.072818 -0.431606 0.609971 0.666609 0.356899 0.072818 -0.431606 0.606061 0.666363 0.356930 0.072818 -0.431606 0.603128 
0.666954 0.356868 0.072818 -0.431606 0.611926 0.666855 0.356868 0.072818 -0.431606 0.610948 0.666757 0.356884 0.072818 -0.431606 0.609971 0.666609 0.356899 0.072818 -0.431606 0.606061 0.666363 0.356930 0.072818 -0.431606 0.603128 0.666117 0.356961 0.072818 -0.431606 0.600196 
0.666855 0.356868 0.072818 -0.431606 0.610948 0.666757 0.356884 0.072818 -0.431606 0.609971 0.666609 0.356899 0.072818 -0.431606 0.606061 0.666363 0.356930 0.072818 -0.431606 0.603128 0.666117 0.356961 0.072818 -0.431606 0.600196 0.665846 0.357007 0.072818 -0.431606 0.598240 
0.666757 0.356884 0.072818 -0.431606 0.609971 0.666609 0.356899 0.072818 -0.431606 0.606061 0.666363 0.356930 0.072818 -0.431606 0.603128 0.666117 0.356961 0.072818 -0.431606 0.600196 0.665846 0.357007 0.072818 -0.431606 0.598240 0.665477 0.357053 0.072818 -0.431606 0.593353 
0.666609 0.356899 0.072818 -0.431606 0.606061 0.666363 0.356930 0.072818 -0.431606 0.603128 0.666117 0.356961 0.072818 -0.431606 0.600196 0.665846 0.357007 0.072818 -0.431606 0.598240 0.665477 0.357053 0.072818 -0.431606 0.593353 0.665034 0.357114 0.072818 -0.431606 0.587488 
0.666363 0.356930 0.072818 -0.431606 0.603128 0.666117 0.356961 0.072818 -0.431606 0.600196 0.665846 0.357007 0.072818 -0.431606 0.598240 0.665477 0.357053 0.072818 -0.431606 0.593353 0.665034 0.357114 0.072818 -0.431606 0.587488 0.664542 0.357191 0.072818 -0.431606 0.580645 
0.666117 0.356961 0.072818 -0.431606 0.600196 0.665846 0.357007 0.072818 -0.431606 0.598240 0.665477 0.357053 0.072818 -0.431606 0.593353 0.665034 0.357114 0.072818 -0.431606 0.587488 0.664542 0.357191 0.072818 -0.431606 0.580645 0.663927 0.357268 0.072818 -0.431606 0.574780 
0.665846 0.357007 0.072818 -0.431606 0.598240 0.665477 0.357053 0.072818 -0.431606 0.593353 0.665034 0.357114 0.072818 -0.431606 0.587488 0.664542 0.357191 0.072818 -0.431606 0.580645 0.663927 0.357268 0.072818 -0.431606 0.574780 0.663238 0.357360 0.072818 -0.431606 0.574780 
0.665477 0.357053 0.072818 -0.431606 0.593353 0.665034 0.357114 0.072818 -0.431606 0.587488 0.664542 0.357191 0.072818 -0.431606 0.580645 0.663927 0.357268 0.072818 -0.431606 0.574780 0.663238 0.357360 0.072818 -0.431606 0.574780 0.662475 0.357422 0.072818 -0.431606 0.574780 
0.665034 0.357114 0.072818 -0.431606 0.587488 0.664542 0.357191 0.072818 -0.431606 0.580645 0.663927 0.357268 0.072818 -0.431606 0.574780 0.663238 0.357360 0.072818 -0.431606 0.574780 0.662475 0.357422 0.072818 -0.431606 0.574780 0.661614 0.357483 0.072818 -0.431606 0.572825 
0.664542 0.357191 0.072818 -0.431606 0.580645 0.663927 0.357268 0.072818 -0.431606 0.574780 0.663238 0.357360 0.072818 -0.431606 0.574780 0.662475 0.357422 0.072818 -0.431606 0.574780 0.661614 0.357483 0.072818 -0.431606 0.572825 0.660630 0.357530 0.072818 -0.431606 0.572825 
0.663927 0.357268 0.072818 -0.431606 0.574780 0.663238 0.357360 0.072818 -0.431606 0.574780 0.662475 0.357422 0.072818 -0.431606 0.574780 0.661614 0.357483 0.072818 -0.431606 0.572825 0.660630 0.357530 0.072818 -0.431606 0.572825 0.659572 0.357560 0.072818 -0.431606 0.571847 
0.663238 0.357360 0.072818 -0.431606 0.574780 0.662475 0.357422 0.072818 -0.431606 0.574780 0.661614 0.357483 0.072818 -0.431606 0.572825 0.660630 0.357530 0.072818 -0.431606 0.572825 0.659572 0.357560 0.072818 -0.431606 0.571847 0.658415 0.357576 0.072818 -0.431606 0.573803 
0.662475 0.357422 0.072818 -0.431606 0.574780 0.661614 0.357483 0.072818 -0.431606 0.572825 0.660630 0.357530 0.072818 -0.431606 0.572825 0.659572 0.357560 0.072818 -0.431606 0.571847 0.658415 0.357576 0.072818 -0.431606 0.573803 0.657210 0.357576 0.072818 -0.431606 0.572825 
0.661614 0.357483 0.072818 -0.431606 0.572825 0.660630 0.357530 0.072818 -0.431606 0.572825 0.659572 0.357560 0.072818 -0.431606 0.571847 0.658415 0.357576 0.072818 -0.431606 0.573803 0.657210 0.357576 0.072818 -0.431606 0.572825 0.655955 0.357576 0.072818 -0.431606 0.572825 
0.660630 0.357530 0.072818 -0.431606 0.572825 0.659572 0.357560 0.072818 -0.431606 0.571847 0.658415 0.357576 0.072818 -0.431606 0.573803 0.657210 0.357576 0.072818 -0.431606 0.572825 0.655955 0.357576 0.072818 -0.431606 0.572825 0.654626 0.357576 0.072818 -0.431606 0.572825 
0.659572 0.357560 0.072818 -0.431606 0.571847 0.658415 0.357576 0.072818 -0.431606 0.573803 0.657210 0.357576 0.072818 -0.431606 0.572825 0.655955 0.357576 0.072818 -0.431606 0.572825 0.654626 0.357576 0.072818 -0.431606 0.572825 0.653223 0.357576 0.069537 -0.414295 0.575758 
0.658415 0.357576 0.072818 -0.431606 0.573803 0.657210 0.357576 0.072818 -0.431606 0.572825 0.655955 0.357576 0.072818 -0.431606 0.572825 0.654626 0.357576 0.072818 -0.431606 0.572825 0.653223 0.357576 0.069537 -0.414295 0.575758 0.651698 0.357576 0.069537 -0.414295 0.574780 
0.657210 0.357576 0.072818 -0.431606 0.572825 0.655955 0.357576 0.072818 -0.431606 0.572825 0.654626 0.357576 0.072818 -0.431606 0.572825 0.653223 0.357576 0.069537 -0.414295 0.575758 0.651698 0.357576 0.069537 -0.414295 0.574780 0.650098 0.357576 0.069537 -0.414295 0.579668 
0.655955 0.357576 0.072818 -0.431606 0.572825 0.654626 0.357576 0.072818 -0.431606 0.572825 0.653223 0.357576 0.069537 -0.414295 0.575758 0.651698 0.357576 0.069537 -0.414295 0.574780 0.650098 0.357576 0.069537 -0.414295 0.579668 0.648401 0.357576 0.069537 -0.414295 0.581623 
0.654626 0.357576 0.072818 -0.431606 0.572825 0.653223 0.357576 0.069537 -0.414295 0.575758 0.651698 0.357576 0.069537 -0.414295 0.574780 0.650098 0.357576 0.069537 -0.414295 0.579668 0.648401 0.357576 0.069537 -0.414295 0.581623 0.646555 0.357576 0.069537 -0.414295 0.579668 
0.653223 0.357576 0.069537 -0.414295 0.575758 0.651698 0.357576 0.069537 -0.414295 0.574780 0.650098 0.357576 0.069537 -0.414295 0.579668 0.648401 0.357576 0.069537 -0.414295 0.581623 0.646555 0.357576 0.069537 -0.414295 0.579668 0.644537 0.357576 0.069537 -0.414295 0.582600 
0.651698 0.357576 0.069537 -0.414295 0.574780 0.650098 0.357576 0.069537 -0.414295 0.579668 0.648401 0.357576 0.069537 -0.414295 0.581623 0.646555 0.357576 0.069537 -0.414295 0.579668 0.644537 0.357576 0.069537 -0.414295 0.582600 0.637279 0.357668 0.066305 -0.396989 0.587488 
0.650098 0.357576 0.069537 -0.414295 0.579668 0.648401 0.357576 0.069537 -0.414295 0.581623 0.646555 0.357576 0.069537 -0.414295 0.579668 0.644537 0.357576 0.069537 -0.414295 0.582600 0.637279 0.357668 0.066305 -0.396989 0.587488 0.642323 0.357576 0.069537 -0.414295 0.585533 
0.648401 0.357576 0.069537 -0.414295 0.581623 0.646555 0.357576 0.069537 -0.414295 0.579668 0.644537 0.357576 0.069537 -0.414295 0.582600 0.637279 0.357668 0.066305 -0.396989 0.587488 0.642323 0.357576 0.069537 -0.414295 0.585533 0.639936 0.357576 0.069537 -0.414295 0.586510 
0.646555 0.357576 0.069537 -0.414295 0.579668 0.644537 0.357576 0.069537 -0.414295 0.582600 0.637279 0.357668 0.066305 -0.396989 0.587488 0.642323 0.357576 0.069537 -0.414295 0.585533 0.639936 0.357576 0.069537 -0.414295 0.586510 0.634424 0.357868 0.066305 -0.396989 0.584555 
0.644537 0.357576 0.069537 -0.414295 0.582600 0.637279 0.357668 0.066305 -0.396989 0.587488 0.642323 0.357576 0.069537 -0.414295 0.585533 0.639936 0.357576 0.069537 -0.414295 0.586510 0.634424 0.357868 0.066305 -0.396989 0.584555 0.631373 0.358114 0.066305 -0.396989 0.588465 
0.637279 0.357668 0.066305 -0.396989 0.587488 0.642323 0.357576 0.069537 -0.414295 0.585533 0.639936 0.357576 0.069537 -0.414295 0.586510 0.634424 0.357868 0.066305 -0.396989 0.584555 0.631373 0.358114 0.066305 -0.396989 0.588465 0.628076 0.358437 0.066305 -0.396989 0.594330 
0.616658 0.386719 0.000000 0.000000 0.000000 0.618307 0.386427 0.000000 0.000000 0.000000 0.620054 0.386042 0.000000 0.000000 0.000000 0.621850 0.385504 0.000000 0.000000 0.000000 0.623573 0.384750 0.000000 -0.017453 0.000000 0.625320 0.383812 0.015852 -0.031105 0.000000 
0.618307 0.386427 0.000000 0.000000 0.000000 0.620054 0.386042 0.000000 0.000000 0.000000 0.621850 0.385504 0.000000 0.000000 0.000000 0.623573 0.384750 0.000000 -0.017453 0.000000 0.625320 0.383812 0.015852 -0.031105 0.000000 0.628592 0.381336 0.016692 -0.085671 0.000000 
0.620054 0.386042 0.000000 0.000000 0.000000 0.621850 0.385504 0.000000 0.000000 0.000000 0.623573 0.384750 0.000000 -0.017453 0.000000 0.625320 0.383812 0.015852 -0.031105 0.000000 0.628592 0.381336 0.016692 -0.085671 0.000000 0.626944 0.382674 0.016193 -0.049802 0.000000 
0.621850 0.385504 0.000000 0.000000 0.000000 0.623573 0.384750 0.000000 -0.017453 0.000000 0.625320 0.383812 0.015852 -0.031105 0.000000 0.628592 0.381336 0.016692 -0.085671 0.000000 0.626944 0.382674 0.016193 -0.049802 0.000000 0.630143 0.379783 0.016440 -0.103440 0.000000 
0.623573 0.384750 0.000000 -0.017453 0.000000 0.625320 0.383812 0.015852 -0.031105 0.000000 0.628592 0.381336 0.016692 -0.085671 0.000000 0.626944 0.382674 0.016193 -0.049802 0.000000 0.630143 0.379783 0.016440 -0.103440 0.000000 0.631668 0.378014 0.017126 -0.138599 0.000000 
0.625320 0.383812 0.015852 -0.031105 0.000000 0.628592 0.381336 0.016692 -0.085671 0.000000 0.626944 0.382674 0.016193 -0.049802 0.000000 0.630143 0.379783 0.016440 -0.103440 0.000000 0.631668 0.378014 0.017126 -0.138599 0.000000 0.633046 0.376046 0.016554 -0.156233 0.000000 
0.628592 0.381336 0.016692 -0.085671 0.000000 0.626944 0.382674 0.016193 -0.049802 0.000000 0.630143 0.379783 0.016440 -0.103440 0.000000 0.631668 0.378014 0.017126 -0.138599 0.000000 0.633046 0.376046 0.016554 -0.156233 0.000000 0.634252 0.373923 0.016940 -0.191273 0.000000 
0.626944 0.382674 0.016193 -0.049802 0.000000 0.630143 0.379783 0.016440 -0.103440 0.000000 0.631668 0.378014 0.017126 -0.138599 0.000000 0.633046 0.376046 0.016554 -0.156233 0.000000 0.634252 0.373923 0.016940 -0.191273 0.000000 0.635310 0.371786 0.016103 -0.226359 0.000000 
0.630143 0.379783 0.016440 -0.103440 0.000000 0.631668 0.378014 0.017126 -0.138599 0.000000 0.633046 0.376046 0.016554 -0.156233 0.000000 0.634252 0.373923 0.016940 -0.191273 0.000000 0.635310 0.371786 0.016103 -0.226359 0.000000 0.636220 0.369756 0.000000 -0.261799 0.000000 
0.631668 0.378014 0.017126 -0.138599 0.000000 0.633046 0.376046 0.016554 -0.156233 0.000000 0.634252 0.373923 0.016940 -0.191273 0.000000 0.635310 0.371786 0.016103 -0.226359 0.000000 0.636220 0.369756 0.000000 -0.261799 0.000000 0.637033 0.368064 0.000000 -0.296706 0.000000 
0.633046 0.376046 0.016554 -0.156233 0.000000 0.634252 0.373923 0.016940 -0.191273 0.000000 0.635310 0.371786 0.016103 -0.226359 0.000000 0.636220 0.369756 0.000000 -0.261799 0.000000 0.637033 0.368064 0.000000 -0.296706 0.000000 0.637697 0.366772 0.000000 -0.331613 0.000000 
0.634252 0.373923 0.016940 -0.191273 0.000000 0.635310 0.371786 0.016103 -0.226359 0.000000 0.636220 0.369756 0.000000 -0.261799 0.000000 0.637033 0.368064 0.000000 -0.296706 0.000000 0.637697 0.366772 0.000000 -0.331613 0.000000 0.638238 0.366142 0.000000 -0.366519 0.000000 
0.635310 0.371786 0.016103 -0.226359 0.000000 0.636220 0.369756 0.000000 -0.261799 0.000000 0.637033 0.368064 0.000000 -0.296706 0.000000 0.637697 0.366772 0.000000 -0.331613 0.000000 0.638238 0.366142 0.000000 -0.366519 0.000000 0.638657 0.365588 0.000000 -0.401426 0.000000 
0.636220 0.369756 0.000000 -0.261799 0.000000 0.637033 0.368064 0.000000 -0.296706 0.000000 0.637697 0.366772 0.000000 -0.331613 0.000000 0.638238 0.366142 0.000000 -0.366519 0.000000 0.638657 0.365588 0.000000 -0.401426 0.000000 0.638681 0.364512 0.000000 -0.453786 0.000000 
0.637033 0.368064 0.000000 -0.296706 0.000000 0.637697 0.366772 0.000000 -0.331613 0.000000 0.638238 0.366142 0.000000 -0.366519 0.000000 0.638657 0.365588 0.000000 -0.401426 0.000000 0.638681 0.364512 0.000000 -0.453786 0.000000 0.638657 0.365050 0.000000 -0.436332 0.000000 
0.637697 0.366772 0.000000 -0.331613 0.000000 0.638238 0.366142 0.000000 -0.366519 0.000000 0.638657 0.365588 0.000000 -0.401426 0.000000 0.638681 0.364512 0.000000 -0.453786 0.000000 0.638657 0.365050 0.000000 -0.436332 0.000000 0.638755 0.363958 0.000000 -0.488692 0.000000 
0.638238 0.366142 0.000000 -0.366519 0.000000 0.638657 0.365588 0.000000 -0.401426 0.000000 0.638681 0.364512 0.000000 -0.453786 0.000000 0.638657 0.365050 0.000000 -0.436332 0.000000 0.638755 0.363958 0.000000 -0.488692 0.000000 0.639149 0.363374 0.000000 -0.523599 0.000000 
0.638657 0.365588 0.000000 -0.401426 0.000000 0.638681 0.364512 0.000000 -0.453786 0.000000 0.638657 0.365050 0.000000 -0.436332 0.000000 0.638755 0.363958 0.000000 -0.488692 0.000000 0.639149 0.363374 0.000000 -0.523599 0.000000 0.639149 0.362820 0.000000 -0.541052 0.000000 
0.638681 0.364512 0.000000 -0.453786 0.000000 0.638657 0.365050 0.000000 -0.436332 0.000000 0.638755 0.363958 0.000000 -0.488692 0.000000 0.639149 0.363374 0.000000 -0.523599 0.000000 0.639149 0.362820 0.000000 -0.541052 0.000000 0.639149 0.362266 0.000000 -0.575959 0.000000 
0.638657 0.365050 0.000000 -0.436332 0.000000 0.638755 0.363958 0.000000 -0.488692 0.000000 0.639149 0.363374 0.000000 -0.523599 0.000000 0.639149 0.362820 0.000000 -0.541052 0.000000 0.639149 0.362266 0.000000 -0.575959 0.000000 0.639296 0.361774 0.000000 -0.593412 0.000000 
0.638755 0.363958 0.000000 -0.488692 0.000000 0.639149 0.363374 0.000000 -0.523599 0.000000 0.639149 0.362820 0.000000 -0.541052 0.000000 0.639149 0.362266 0.000000 -0.575959 0.000000 0.639296 0.361774 0.000000 -0.593412 0.000000 0.639296 0.361728 0.000000 -0.610865 0.000000 
0.639149 0.363374 0.000000 -0.523599 0.000000 0.639149 0.362820 0.000000 -0.541052 0.000000 0.639149 0.362266 0.000000 -0.575959 0.000000 0.639296 0.361774 0.000000 -0.593412 0.000000 0.639296 0.361728 0.000000 -0.610865 0.000000 0.639296 0.361082 0.000000 -0.628319 0.000000 
0.639149 0.362820 0.000000 -0.541052 0.000000 0.639149 0.362266 0.000000 -0.575959 0.000000 0.639296 0.361774 0.000000 -0.593412 0.000000 0.639296 0.361728 0.000000 -0.610865 0.000000 0.639296 0.361082 0.000000 -0.628319 0.000000 0.639321 0.360974 0.000000 -0.628319 0.000000 
0.639149 0.362266 0.000000 -0.575959 0.000000 0.639296 0.361774 0.000000 -0.593412 0.000000 0.639296 0.361728 0.000000 -0.610865 0.000000 0.639296 0.361082 0.000000 -0.628319 0.000000 0.639321 0.360974 0.000000 -0.628319 0.000000 0.639321 0.360498 0.000000 -0.628319 0.000000 
0.639296 0.361774 0.000000 -0.593412 0.000000 0.639296 0.361728 0.000000 -0.610865 0.000000 0.639296 0.361082 0.000000 -0.628319 0.000000 0.639321 0.360974 0.000000 -0.628319 0.000000 0.639321 0.360498 0.000000 -0.628319 0.000000 0.639395 0.360421 0.000000 -0.645772 0.000000 
0.639296 0.361728 0.000000 -0.610865 0.000000 0.639296 0.361082 0.000000 -0.628319 0.000000 0.639321 0.360974 0.000000 -0.628319 0.000000 0.639321 0.360498 0.000000 -0.628319 0.000000 0.639395 0.360421 0.000000 -0.645772 0.000000 0.639739 0.360359 -0.013151 -0.645699 0.000000 
0.639296 0.361082 0.000000 -0.628319 0.000000 0.639321 0.360974 0.000000 -0.628319 0.000000 0.639321 0.360498 0.000000 -0.628319 0.000000 0.639395 0.360421 0.000000 -0.645772 0.000000 0.639739 0.360359 -0.013151 -0.645699 0.000000 0.640428 0.360298 -0.013151 -0.645699 0.000000 
0.639321 0.360974 0.000000 -0.628319 0.000000 0.639321 0.360498 0.000000 -0.628319 0.000000 0.639395 0.360421 0.000000 -0.645772 0.000000 0.639739 0.360359 -0.013151 -0.645699 0.000000 0.640428 0.360298 -0.013151 -0.645699 0.000000 0.641142 0.360144 -0.013151 -0.645699 0.000000 
0.639321 0.360498 0.000000 -0.628319 0.000000 0.639395 0.360421 0.000000 -0.645772 0.000000 0.639739 0.360359 -0.013151 -0.645699 0.000000 0.640428 0.360298 -0.013151 -0.645699 0.000000 0.641142 0.360144 -0.013151 -0.645699 0.000000 0.642077 0.360036 -0.013151 -0.645699 0.000000 
0.639395 0.360421 0.000000 -0.645772 0.000000 0.639739 0.360359 -0.013151 -0.645699 0.000000 0.640428 0.360298 -0.013151 -0.645699 0.000000 0.641142 0.360144 -0.013151 -0.645699 0.000000 0.642077 0.360036 -0.013151 -0.645699 0.000000 0.643135 0.359959 -0.013151 -0.645699 0.000000 
0.639739 0.360359 -0.013151 -0.645699 0.000000 0.640428 0.360298 -0.013151 -0.645699 0.000000 0.641142 0.360144 -0.013151 -0.645699 0.000000 0.642077 0.360036 -0.013151 -0.645699 0.000000 0.643135 0.359959 -0.013151 -0.645699 0.000000 0.644341 0.359913 -0.013151 -0.645699 0.000000 
0.640428 0.360298 -0.013151 -0.645699 0.000000 0.641142 0.360144 -0.013151 -0.645699 0.000000 0.642077 0.360036 -0.013151 -0.645699 0.000000 0.643135 0.359959 -0.013151 -0.645699 0.000000 0.644341 0.359913 -0.013151 -0.645699 0.000000 0.645645 0.359883 -0.013151 -0.645699 0.000000 
0.641142 0.360144 -0.013151 -0.645699 0.000000 0.642077 0.360036 -0.013151 -0.645699 0.000000 0.643135 0.359959 -0.013151 -0.645699 0.000000 0.644341 0.359913 -0.013151 -0.645699 0.000000 0.645645 0.359883 -0.013151 -0.645699 0.000000 0.646998 0.359883 -0.013151 -0.645699 0.000000 
0.642077 0.360036 -0.013151 -0.645699 0.000000 0.643135 0.359959 -0.013151 -0.645699 0.000000 0.644341 0.359913 -0.013151 -0.645699 0.000000 0.645645 0.359883 -0.013151 -0.645699 0.000000 0.646998 0.359883 -0.013151 -0.645699 0.000000 0.648327 0.359883 0.000000 -0.645772 0.000000 
0.643135 0.359959 -0.013151 -0.645699 0.000000 0.644341 0.359913 -0.013151 -0.645699 0.000000 0.645645 0.359883 -0.013151 -0.645699 0.000000 0.646998 0.359883 -0.013151 -0.645699 0.000000 0.648327 0.359883 0.000000 -0.645772 0.000000 0.649606 0.360021 0.000000 -0.663225 0.000000 
0.644341 0.359913 -0.013151 -0.645699 0.000000 0.645645 0.359883 -0.013151 -0.645699 0.000000 0.646998 0.359883 -0.013151 -0.645699 0.000000 0.648327 0.359883 0.000000 -0.645772 0.000000 0.649606 0.360021 0.000000 -0.663225 0.000000 0.650861 0.360359 0.000000 -0.663225 0.000000 
0.645645 0.359883 -0.013151 -0.645699 0.000000 0.646998 0.359883 -0.013151 -0.645699 0.000000 0.648327 0.359883 0.000000 -0.645772 0.000000 0.649606 0.360021 0.000000 -0.663225 0.000000 0.650861 0.360359 0.000000 -0.663225 0.000000 0.653789 0.361344 0.000000 -0.663225 0.000000 
0.646998 0.359883 -0.013151 -0.645699 0.000000 0.648327 0.359883 0.000000 -0.645772 0.000000 0.649606 0.360021 0.000000 -0.663225 0.000000 0.650861 0.360359 0.000000 -0.663225 0.000000 0.653789 0.361344 0.000000 -0.663225 0.000000 0.651968 0.360667 0.000000 -0.663225 0.000000 
0.648327 0.359883 0.000000 -0.645772 0.000000 0.649606 0.360021 0.000000 -0.663225 0.000000 0.650861 0.360359 0.000000 -0.663225 0.000000 0.653789 0.361344 0.000000 -0.663225 0.000000 0.651968 0.360667 0.000000 -0.663225 0.000000 0.652953 0.361005 0.000000 -0.663225 0.000000 
0.649606 0.360021 0.000000 -0.663225 0.000000 0.650861 0.360359 0.000000 -0.663225 0.000000 0.653789 0.361344 0.000000 -0.663225 0.000000 0.651968 0.360667 0.000000 -0.663225 0.000000 0.652953 0.361005 0.000000 -0.663225 0.000000 0.654478 0.361697 0.000000 -0.663225 0.000000 
0.650861 0.360359 0.000000 -0.663225 0.000000 0.653789 0.361344 0.000000 -0.663225 0.000000 0.651968 0.360667 0.000000 -0.663225 0.000000 0.652953 0.361005 0.000000 -0.663225 0.000000 0.654478 0.361697 0.000000 -0.663225 0.000000 0.654749 0.362036 0.000000 -0.663225 0.000000 
0.653789 0.361344 0.000000 -0.663225 0.000000 0.651968 0.360667 0.000000 -0.663225 0.000000 0.652953 0.361005 0.000000 -0.663225 0.000000 0.654478 0.361697 0.000000 -0.663225 0.000000 0.654749 0.362036 0.000000 -0.663225 0.000000 0.655610 0.362343 0.000000 -0.663225 0.000000 
0.651968 0.360667 0.000000 -0.663225 0.000000 0.652953 0.361005 0.000000 -0.663225 0.000000 0.654478 0.361697 0.000000 -0.663225 0.000000 0.654749 0.362036 0.000000 -0.663225 0.000000 0.655610 0.362343 0.000000 -0.663225 0.000000 0.655758 0.362666 0.000000 -0.645772 0.000000 
0.652953 0.361005 0.000000 -0.663225 0.000000 0.654478 0.361697 0.000000 -0.663225 0.000000 0.654749 0.362036 0.000000 -0.663225 0.000000 0.655610 0.362343 0.000000 -0.663225 0.000000 0.655758 0.362666 0.000000 -0.645772 0.000000 0.656373 0.362958 0.000000 -0.645772 0.000000 
0.654478 0.361697 0.000000 -0.663225 0.000000 0.654749 0.362036 0.000000 -0.663225 0.000000 0.655610 0.362343 0.000000 -0.663225 0.000000 0.655758 0.362666 0.000000 -0.645772 0.000000 0.656373 0.362958 0.000000 -0.645772 0.000000 0.656693 0.363220 0.000000 -0.645772 0.000000 
0.654749 0.362036 0.000000 -0.663225 0.000000 0.655610 0.362343 0.000000 -0.663225 0.000000 0.655758 0.362666 0.000000 -0.645772 0.000000 0.656373 0.362958 0.000000 -0.645772 0.000000 0.656693 0.363220 0.000000 -0.645772 0.000000 0.656939 0.363466 0.000000 -0.645772 0.000000 
0.655610 0.362343 0.000000 -0.663225 0.000000 0.655758 0.362666 0.000000 -0.645772 0.000000 0.656373 0.362958 0.000000 -0.645772 0.000000 0.656693 0.363220 0.000000 -0.645772 0.000000 0.656939 0.363466 0.000000 -0.645772 0.000000 0.657185 0.363696 0.000000 -0.645772 0.000000 
0.655758 0.362666 0.000000 -0.645772 0.000000 0.656373 0.362958 0.000000 -0.645772 0.000000 0.656693 0.363220 0.000000 -0.645772 0.000000 0.656939 0.363466 0.000000 -0.645772 0.000000 0.657185 0.363696 0.000000 -0.645772 0.000000 0.657480 0.363881 0.000000 -0.645772 0.000000 
0.656373 0.362958 0.000000 -0.645772 0.000000 0.656693 0.363220 0.000000 -0.645772 0.000000 0.656939 0.363466 0.000000 -0.645772 0.000000 0.657185 0.363696 0.000000 -0.645772 0.000000 0.657480 0.363881 0.000000 -0.645772 0.000000 0.657751 0.364066 0.000000 -0.628319 0.000000 
0.656693 0.363220 0.000000 -0.645772 0.000000 0.656939 0.363466 0.000000 -0.645772 0.000000 0.657185 0.363696 0.000000 -0.645772 0.000000 0.657480 0.363881 0.000000 -0.645772 0.000000 0.657751 0.364066 0.000000 -0.628319 0.000000 0.658022 0.364219 0.000000 -0.628319 0.000000 
0.656939 0.363466 0.000000 -0.645772 0.000000 0.657185 0.363696 0.000000 -0.645772 0.000000 0.657480 0.363881 0.000000 -0.645772 0.000000 0.657751 0.364066 0.000000 -0.628319 0.000000 0.658022 0.364219 0.000000 -0.628319 0.000000 0.658342 0.364373 0.000000 -0.628319 0.000000 
0.657185 0.363696 0.000000 -0.645772 0.000000 0.657480 0.363881 0.000000 -0.645772 0.000000 0.657751 0.364066 0.000000 -0.628319 0.000000 0.658022 0.364219 0.000000 -0.628319 0.000000 0.658342 0.364373 0.000000 -0.628319 0.000000 0.658661 0.364496 0.000000 -0.628319 0.000000 
0.657480 0.363881 0.000000 -0.645772 0.000000 0.657751 0.364066 0.000000 -0.628319 0.000000 0.658022 0.364219 0.000000 -0.628319 0.000000 0.658342 0.364373 0.000000 -0.628319 0.000000 0.658661 0.364496 0.000000 -0.628319 0.000000 0.659006 0.364619 0.000000 -0.628319 0.000000 
0.657751 0.364066 0.000000 -0.628319 0.000000 0.658022 0.364219 0.000000 -0.628319 0.000000 0.658342 0.364373 0.000000 -0.628319 0.000000 0.658661 0.364496 0.000000 -0.628319 0.000000 0.659006 0.364619 0.000000 -0.628319 0.000000 0.659449 0.364758 0.000000 -0.628319 0.000000 
0.658022 0.364219 0.000000 -0.628319 0.000000 0.658342 0.364373 0.000000 -0.628319 0.000000 0.658661 0.364496 0.000000 -0.628319 0.000000 0.659006 0.364619 0.000000 -0.628319 0.000000 0.659449 0.364758 0.000000 -0.628319 0.000000 0.659916 0.364881 0.000000 -0.628319 0.000000 
0.658342 0.364373 0.000000 -0.628319 0.000000 0.658661 0.364496 0.000000 -0.628319 0.000000 0.659006 0.364619 0.000000 -0.628319 0.000000 0.659449 0.364758 0.000000 -0.628319 0.000000 0.659916 0.364881 0.000000 -0.628319 0.000000 0.660335 0.365019 0.000000 -0.610865 0.000000 
0.658661 0.364496 0.000000 -0.628319 0.000000 0.659006 0.364619 0.000000 -0.628319 0.000000 0.659449 0.364758 0.000000 -0.628319 0.000000 0.659916 0.364881 0.000000 -0.628319 0.000000 0.660335 0.365019 0.000000 -0.610865 0.000000 0.660827 0.365142 0.000000 -0.610865 0.000000 
0.659006 0.364619 0.000000 -0.628319 0.000000 0.659449 0.364758 0.000000 -0.628319 0.000000 0.659916 0.364881 0.000000 -0.628319 0.000000 0.660335 0.365019 0.000000 -0.610865 0.000000 0.660827 0.365142 0.000000 -0.610865 0.000000 0.661319 0.365265 0.000000 -0.610865 0.044966 
0.659449 0.364758 0.000000 -0.628319 0.000000 0.659916 0.364881 0.000000 -0.628319 0.000000 0.660335 0.365019 0.000000 -0.610865 0.000000 0.660827 0.365142 0.000000 -0.610865 0.000000 0.661319 0.365265 0.000000 -0.610865 0.044966 0.661836 0.365388 0.000000 -0.610865 0.053763 
0.659916 0.364881 0.000000 -0.628319 0.000000 0.660335 0.365019 0.000000 -0.610865 0.000000 0.660827 0.365142 0.000000 -0.610865 0.000000 0.661319 0.365265 0.000000 -0.610865 0.044966 0.661836 0.365388 0.000000 -0.610865 0.053763 0.662623 0.365573 0.000000 -0.610865 0.123167 
0.660335 0.365019 0.000000 -0.610865 0.000000 0.660827 0.365142 0.000000 -0.610865 0.000000 0.661319 0.365265 0.000000 -0.610865 0.044966 0.661836 0.365388 0.000000 -0.610865 0.053763 0.662623 0.365573 0.000000 -0.610865 0.123167 0.662254 0.365496 0.000000 -0.610865 0.098729 
0.660827 0.365142 0.000000 -0.610865 0.000000 0.661319 0.365265 0.000000 -0.610865 0.044966 0.661836 0.365388 0.000000 -0.610865 0.053763 0.662623 0.365573 0.000000 -0.610865 0.123167 0.662254 0.365496 0.000000 -0.610865 0.098729 0.662918 0.365619 0.000000 -0.610865 0.154448 
0.661319 0.365265 0.000000 -0.610865 0.044966 0.661836 0.365388 0.000000 -0.610865 0.053763 0.662623 0.365573 0.000000 -0.610865 0.123167 0.662254 0.365496 0.000000 -0.610865 0.098729 0.662918 0.365619 0.000000 -0.610865 0.154448 0.663115 0.365634 0.000000 -0.610865 0.199413 
0.661836 0.365388 0.000000 -0.610865 0.053763 0.662623 0.365573 0.000000 -0.610865 0.123167 0.662254 0.365496 0.000000 -0.610865 0.098729 0.662918 0.365619 0.000000 -0.610865 0.154448 0.663115 0.365634 0.000000 -0.610865 0.199413 0.663263 0.365634 0.000000 -0.610865 0.260020 
0.662623 0.365573 0.000000 -0.610865 0.123167 0.662254 0.365496 0.000000 -0.610865 0.098729 0.662918 0.365619 0.000000 -0.610865 0.154448 0.663115 0.365634 0.000000 -0.610865 0.199413 0.663263 0.365634 0.000000 -0.610865 0.260020 0.663337 0.365634 0.000000 -0.610865 0.309873 
0.662254 0.365496 0.000000 -0.610865 0.098729 0.662918 0.365619 0.000000 -0.610865 0.154448 0.663115 0.365634 0.000000 -0.610865 0.199413 0.663263 0.365634 0.000000 -0.610865 0.260020 0.663337 0.365634 0.000000 -0.610865 0.309873 0.663361 0.365634 0.000000 -0.610865 0.349951 
0.662918 0.365619 0.000000 -0.610865 0.154448 0.663115 0.365634 0.000000 -0.610865 0.199413 0.663263 0.365634 0.000000 -0.610865 0.260020 0.663337 0.365634 0.000000 -0.610865 0.309873 0.663361 0.365634 0.000000 -0.610865 0.349951 0.663361 0.365588 0.012220 -0.610794 0.450635 
0.663115 0.365634 0.000000 -0.610865 0.199413 0.663263 0.365634 0.000000 -0.610865 0.260020 0.663337 0.365634 0.000000 -0.610865 0.309873 0.663361 0.365634 0.000000 -0.610865 0.349951 0.663361 0.365588 0.012220 -0.610794 0.450635 0.663214 0.365496 0.012220 -0.610794 0.466276 
0.663263 0.365634 0.000000 -0.610865 0.260020 0.663337 0.365634 0.000000 -0.610865 0.309873 0.663361 0.365634 0.000000 -0.610865 0.349951 0.663361 0.365588 0.012220 -0.610794 0.450635 0.663214 0.365496 0.012220 -0.610794 0.466276 0.662943 0.365419 0.012220 -0.610794 0.478983 
0.663337 0.365634 0.000000 -0.610865 0.309873 0.663361 0.365634 0.000000 -0.610865 0.349951 0.663361 0.365588 0.012220 -0.610794 0.450635 0.663214 0.365496 0.012220 -0.610794 0.466276 0.662943 0.365419 0.012220 -0.610794 0.478983 0.662598 0.365357 0.012679 -0.628246 0.492669 
0.663361 0.365634 0.000000 -0.610865 0.349951 0.663361 0.365588 0.012220 -0.610794 0.450635 0.663214 0.365496 0.012220 -0.610794 0.466276 0.662943 0.365419 0.012220 -0.610794 0.478983 0.662598 0.365357 0.012679 -0.628246 0.492669 0.662180 0.365327 0.012679 -0.628246 0.505376 
0.663361 0.365588 0.012220 -0.610794 0.450635 0.663214 0.365496 0.012220 -0.610794 0.466276 0.662943 0.365419 0.012220 -0.610794 0.478983 0.662598 0.365357 0.012679 -0.628246 0.492669 0.662180 0.365327 0.012679 -0.628246 0.505376 0.661737 0.365311 0.012679 -0.628246 0.516129 
0.663214 0.365496 0.012220 -0.610794 0.466276 0.662943 0.365419 0.012220 -0.610794 0.478983 0.662598 0.365357 0.012679 -0.628246 0.492669 0.662180 0.365327 0.012679 -0.628246 0.505376 0.661737 0.365311 0.012679 -0.628246 0.516129 0.661196 0.365311 0.012679 -0.628246 0.515152 
0.662943 0.365419 0.012220 -0.610794 0.478983 0.662598 0.365357 0.012679 -0.628246 0.492669 0.662180 0.365327 0.012679 -0.628246 0.505376 0.661737 0.365311 0.012679 -0.628246 0.516129 0.661196 0.365311 0.012679 -0.628246 0.515152 0.660630 0.365311 0.012679 -0.628246 0.517107 
0.662598 0.365357 0.012679 -0.628246 0.492669 0.662180 0.365327 0.012679 -0.628246 0.505376 0.661737 0.365311 0.012679 -0.628246 0.516129 0.661196 0.365311 0.012679 -0.628246 0.515152 0.660630 0.365311 0.012679 -0.628246 0.517107 0.660039 0.365311 0.012679 -0.628246 0.523949 
0.662180 0.365327 0.012679 -0.628246 0.505376 0.661737 0.365311 0.012679 -0.628246 0.516129 0.661196 0.365311 0.012679 -0.628246 0.515152 0.660630 0.365311 0.012679 -0.628246 0.517107 0.660039 0.365311 0.012679 -0.628246 0.523949 0.659449 0.365496 0.012220 -0.610794 0.521994 
0.661737 0.365311 0.012679 -0.628246 0.516129 0.661196 0.365311 0.012679 -0.628246 0.515152 0.660630 0.365311 0.012679 -0.628246 0.517107 0.660039 0.365311 0.012679 -0.628246 0.523949 0.659449 0.365496 0.012220 -0.610794 0.521994 0.658784 0.365757 0.000000 -0.610865 0.524927 
0.661196 0.365311 0.012679 -0.628246 0.515152 0.660630 0.365311 0.012679 -0.628246 0.517107 0.660039 0.365311 0.012679 -0.628246 0.523949 0.659449 0.365496 0.012220 -0.610794 0.521994 0.658784 0.365757 0.000000 -0.610865 0.524927 0.658169 0.366065 0.000000 -0.610865 0.529814 
0.660630 0.365311 0.012679 -0.628246 0.517107 0.660039 0.365311 0.012679 -0.628246 0.523949 0.659449 0.365496 0.012220 -0.610794 0.521994 0.658784 0.365757 0.000000 -0.610865 0.524927 0.658169 0.366065 0.000000 -0.610865 0.529814 0.657579 0.366403 0.000000 -0.610865 0.532747 
0.660039 0.365311 0.012679 -0.628246 0.523949 0.659449 0.365496 0.012220 -0.610794 0.521994 0.658784 0.365757 0.000000 -0.610865 0.524927 0.658169 0.366065 0.000000 -0.610865 0.529814 0.657579 0.366403 0.000000 -0.610865 0.532747 0.657013 0.366788 0.000000 -0.610865 0.527859 
0.659449 0.365496 0.012220 -0.610794 0.521994 0.658784 0.365757 0.000000 -0.610865 0.524927 0.658169 0.366065 0.000000 -0.610865 0.529814 0.657579 0.366403 0.000000 -0.610865 0.532747 0.657013 0.366788 0.000000 -0.610865 0.527859 0.656496 0.367172 0.000000 -0.610865 0.533724 
0.658784 0.365757 0.000000 -0.610865 0.524927 0.658169 0.366065 0.000000 -0.610865 0.529814 0.657579 0.366403 0.000000 -0.610865 0.532747 0.657013 0.366788 0.000000 -0.610865 0.527859 0.656496 0.367172 0.000000 -0.610865 0.533724 0.656029 0.367557 0.000000 -0.610865 0.536657 
0.658169 0.366065 0.000000 -0.610865 0.529814 0.657579 0.366403 0.000000 -0.610865 0.532747 0.657013 0.366788 0.000000 -0.610865 0.527859 0.656496 0.367172 0.000000 -0.610865 0.533724 0.656029 0.367557 0.000000 -0.610865 0.536657 0.655610 0.367987 0.000000 -0.610865 0.534702 
0.657579 0.366403 0.000000 -0.610865 0.532747 0.657013 0.366788 0.000000 -0.610865 0.527859 0.656496 0.367172 0.000000 -0.610865 0.533724 0.656029 0.367557 0.000000 -0.610865 0.536657 0.655610 0.367987 0.000000 -0.610865 0.534702 0.655192 0.368418 0.000000 -0.610865 0.534702 
0.657013 0.366788 0.000000 -0.610865 0.527859 0.656496 0.367172 0.000000 -0.610865 0.533724 0.656029 0.367557 0.000000 -0.610865 0.536657 0.655610 0.367987 0.000000 -0.610865 0.534702 0.655192 0.368418 0.000000 -0.610865 0.534702 0.654847 0.368802 0.000000 -0.593412 0.535679 
0.656496 0.367172 0.000000 -0.610865 0.533724 0.656029 0.367557 0.000000 -0.610865 0.536657 0.655610 0.367987 0.000000 -0.610865 0.534702 0.655192 0.368418 0.000000 -0.610865 0.534702 0.654847 0.368802 0.000000 -0.593412 0.535679 0.654503 0.369171 0.000000 -0.593412 0.537634 
0.656029 0.367557 0.000000 -0.610865 0.536657 0.655610 0.367987 0.000000 -0.610865 0.534702 0.655192 0.368418 0.000000 -0.610865 0.534702 0.654847 0.368802 0.000000 -0.593412 0.535679 0.654503 0.369171 0.000000 -0.593412 0.537634 0.653273 0.370356 0.000000 -0.593412 0.533724 
0.655610 0.367987 0.000000 -0.610865 0.534702 0.655192 0.368418 0.000000 -0.610865 0.534702 0.654847 0.368802 0.000000 -0.593412 0.535679 0.654503 0.369171 0.000000 -0.593412 0.537634 0.653273 0.370356 0.000000 -0.593412 0.533724 0.654134 0.369540 0.000000 -0.593412 0.535679 
0.655192 0.368418 0.000000 -0.610865 0.534702 0.654847 0.368802 0.000000 -0.593412 0.535679 0.654503 0.369171 0.000000 -0.593412 0.537634 0.653273 0.370356 0.000000 -0.593412 0.533724 0.654134 0.369540 0.000000 -0.593412 0.535679 0.653716 0.369940 0.000000 -0.593412 0.532747 
0.654847 0.368802 0.000000 -0.593412 0.535679 0.654503 0.369171 0.000000 -0.593412 0.537634 0.653273 0.370356 0.000000 -0.593412 0.533724 0.654134 0.369540 0.000000 -0.593412 0.535679 0.653716 0.369940 0.000000 -0.593412 0.532747 0.652731 0.370848 0.000000 -0.593412 0.531769 
0.654503 0.369171 0.000000 -0.593412 0.537634 0.653273 0.370356 0.000000 -0.593412 0.533724 0.654134 0.369540 0.000000 -0.593412 0.535679 0.653716 0.369940 0.000000 -0.593412 0.532747 0.652731 0.370848 0.000000 -0.593412 0.531769 0.651329 0.372032 0.000000 -0.593412 0.538612 
0.653273 0.370356 0.000000 -0.593412 0.533724 0.654134 0.369540 0.000000 -0.593412 0.535679 0.653716 0.369940 0.000000 -0.593412 0.532747 0.652731 0.370848 0.000000 -0.593412 0.531769 0.651329 0.372032 0.000000 -0.593412 0.538612 0.652092 0.371386 0.000000 -0.593412 0.531769 
0.654134 0.369540 0.000000 -0.593412 0.535679 0.653716 0.369940 0.000000 -0.593412 0.532747 0.652731 0.370848 0.000000 -0.593412 0.531769 0.651329 0.372032 0.000000 -0.593412 0.538612 0.652092 0.371386 0.000000 -0.593412 0.531769 0.650418 0.372785 0.000000 -0.593412 0.542522 
0.653716 0.369940 0.000000 -0.593412 0.532747 0.652731 0.370848 0.000000 -0.593412 0.531769 0.651329 0.372032 0.000000 -0.593412 0.538612 0.652092 0.371386 0.000000 -0.593412 0.531769 0.650418 0.372785 0.000000 -0.593412 0.542522 0.649385 0.373693 0.000000 -0.593412 0.549365 
0.652731 0.370848 0.000000 -0.593412 0.531769 0.651329 0.372032 0.000000 -0.593412 0.538612 0.652092 0.371386 0.000000 -0.593412 0.531769 0.650418 0.372785 0.000000 -0.593412 0.542522 0.649385 0.373693 0.000000 -0.593412 0.549365 0.648253 0.374708 0.000000 -0.575959 0.553275 
0.651329 0.372032 0.000000 -0.593412 0.538612 0.652092 0.371386 0.000000 -0.593412 0.531769 0.650418 0.372785 0.000000 -0.593412 0.542522 0.649385 0.373693 0.000000 -0.593412 0.549365 0.648253 0.374708 0.000000 -0.575959 0.553275 0.646998 0.375877 0.000000 -0.575959 0.553275 
0.652092 0.371386 0.000000 -0.593412 0.531769 0.650418 0.372785 0.000000 -0.593412 0.542522 0.649385 0.373693 0.000000 -0.593412 0.549365 0.648253 0.374708 0.000000 -0.575959 0.553275 0.646998 0.375877 0.000000 -0.575959 0.553275 0.645620 0.377153 0.000000 -0.575959 0.559140 
0.650418 0.372785 0.000000 -0.593412 0.542522 0.649385 0.373693 0.000000 -0.593412 0.549365 0.648253 0.374708 0.000000 -0.575959 0.553275 0.646998 0.375877 0.000000 -0.575959 0.553275 0.645620 0.377153 0.000000 -0.575959 0.559140 0.644144 0.378506 0.000000 -0.575959 0.570870 
0.649385 0.373693 0.000000 -0.593412 0.549365 0.648253 0.374708 0.000000 -0.575959 0.553275 0.646998 0.375877 0.000000 -0.575959 0.553275 0.645620 0.377153 0.000000 -0.575959 0.559140 0.644144 0.378506 0.000000 -0.575959 0.570870 0.642643 0.379875 0.000000 -0.575959 0.563050 
0.648253 0.374708 0.000000 -0.575959 0.553275 0.646998 0.375877 0.000000 -0.575959 0.553275 0.645620 0.377153 0.000000 -0.575959 0.559140 0.644144 0.378506 0.000000 -0.575959 0.570870 0.642643 0.379875 0.000000 -0.575959 0.563050 0.641142 0.381244 0.022660 -0.575680 0.564027 
0.646998 0.375877 0.000000 -0.575959 0.553275 0.645620 0.377153 0.000000 -0.575959 0.559140 0.644144 0.378506 0.000000 -0.575959 0.570870 0.642643 0.379875 0.000000 -0.575959 0.563050 0.641142 0.381244 0.022660 -0.575680 0.564027 0.639690 0.382582 0.022660 -0.575680 0.554252 
0.645620 0.377153 0.000000 -0.575959 0.559140 0.644144 0.378506 0.000000 -0.575959 0.570870 0.642643 0.379875 0.000000 -0.575959 0.563050 0.641142 0.381244 0.022660 -0.575680 0.564027 0.639690 0.382582 0.022660 -0.575680 0.554252 0.638287 0.383828 0.021804 -0.558232 0.548387 
0.644144 0.378506 0.000000 -0.575959 0.570870 0.642643 0.379875 0.000000 -0.575959 0.563050 0.641142 0.381244 0.022660 -0.575680 0.564027 0.639690 0.382582 0.022660 -0.575680 0.554252 0.638287 0.383828 0.021804 -0.558232 0.548387 0.636983 0.384981 0.021804 -0.558232 0.546432 
0.642643 0.379875 0.000000 -0.575959 0.563050 0.641142 0.381244 0.022660 -0.575680 0.564027 0.639690 0.382582 0.022660 -0.575680 0.554252 0.638287 0.383828 0.021804 -0.558232 0.548387 0.636983 0.384981 0.021804 -0.558232 0.546432 0.635778 0.385996 0.021804 -0.558232 0.533724 
0.641142 0.381244 0.022660 -0.575680 0.564027 0.639690 0.382582 0.022660 -0.575680 0.554252 0.638287 0.383828 0.021804 -0.558232 0.548387 0.636983 0.384981 0.021804 -0.558232 0.546432 0.635778 0.385996 0.021804 -0.558232 0.533724 0.634695 0.386857 0.021804 -0.558232 0.540567 
0.639690 0.382582 0.022660 -0.575680 0.554252 0.638287 0.383828 0.021804 -0.558232 0.548387 0.636983 0.384981 0.021804 -0.558232 0.546432 0.635778 0.385996 0.021804 -0.558232 0.533724 0.634695 0.386857 0.021804 -0.558232 0.540567 0.633834 0.387580 0.021804 -0.558232 0.542522 
0.638287 0.383828 0.021804 -0.558232 0.548387 0.636983 0.384981 0.021804 -0.558232 0.546432 0.635778 0.385996 0.021804 -0.558232 0.533724 0.634695 0.386857 0.021804 -0.558232 0.540567 0.633834 0.387580 0.021804 -0.558232 0.542522 0.633120 0.388149 0.021804 -0.558232 0.544477 
0.636983 0.384981 0.021804 -0.558232 0.546432 0.635778 0.385996 0.021804 -0.558232 0.533724 0.634695 0.386857 0.021804 -0.558232 0.540567 0.633834 0.387580 0.021804 -0.558232 0.542522 0.633120 0.388149 0.021804 -0.558232 0.544477 0.632579 0.388580 0.020967 -0.540783 0.545455 
0.635778 0.385996 0.021804 -0.558232 0.533724 0.634695 0.386857 0.021804 -0.558232 0.540567 0.633834 0.387580 0.021804 -0.558232 0.542522 0.633120 0.388149 0.021804 -0.558232 0.544477 0.632579 0.388580 0.020967 -0.540783 0.545455 0.632160 0.388887 0.020967 -0.540783 0.558162 
0.634695 0.386857 0.021804 -0.558232 0.540567 0.633834 0.387580 0.021804 -0.558232 0.542522 0.633120 0.388149 0.021804 -0.558232 0.544477 0.632579 0.388580 0.020967 -0.540783 0.545455 0.632160 0.388887 0.020967 -0.540783 0.558162 0.631865 0.389118 0.020967 -0.540783 0.564027 
0.633834 0.387580 0.021804 -0.558232 0.542522 0.633120 0.388149 0.021804 -0.558232 0.544477 0.632579 0.388580 0.020967 -0.540783 0.545455 0.632160 0.388887 0.020967 -0.540783 0.558162 0.631865 0.389118 0.020967 -0.540783 0.564027 0.631668 0.389241 0.020967 -0.540783 0.561095 
0.633120 0.388149 0.021804 -0.558232 0.544477 0.632579 0.388580 0.020967 -0.540783 0.545455 0.632160 0.388887 0.020967 -0.540783 0.558162 0.631865 0.389118 0.020967 -0.540783 0.564027 0.631668 0.389241 0.020967 -0.540783 0.561095 0.631570 0.389302 0.020967 -0.540783 0.566960 
0.632579 0.388580 0.020967 -0.540783 0.545455 0.632160 0.388887 0.020967 -0.540783 0.558162 0.631865 0.389118 0.020967 -0.540783 0.564027 0.631668 0.389241 0.020967 -0.540783 0.561095 0.631570 0.389302 0.020967 -0.540783 0.566960 0.631570 0.389333 0.020967 -0.540783 0.579668 
0.632160 0.388887 0.020967 -0.540783 0.558162 0.631865 0.389118 0.020967 -0.540783 0.564027 0.631668 0.389241 0.020967 -0.540783 0.561095 0.631570 0.389302 0.020967 -0.540783 0.566960 0.631570 0.389333 0.020967 -0.540783 0.579668 0.631570 0.389349 0.031436 -0.540447 0.671554 
0.631865 0.389118 0.020967 -0.540783 0.564027 0.631668 0.389241 0.020967 -0.540783 0.561095 0.631570 0.389302 0.020967 -0.540783 0.566960 0.631570 0.389333 0.020967 -0.540783 0.579668 0.631570 0.389349 0.031436 -0.540447 0.671554 0.631570 0.389379 0.031436 -0.540447 0.676442 
0.631668 0.389241 0.020967 -0.540783 0.561095 0.631570 0.389302 0.020967 -0.540783 0.566960 0.631570 0.389333 0.020967 -0.540783 0.579668 0.631570 0.389349 0.031436 -0.540447 0.671554 0.631570 0.389379 0.031436 -0.540447 0.676442 0.631570 0.389410 0.031436 -0.540447 0.677419 
0.631570 0.389302 0.020967 -0.540783 0.566960 0.631570 0.389333 0.020967 -0.540783 0.579668 0.631570 0.389349 0.031436 -0.540447 0.671554 0.631570 0.389379 0.031436 -0.540447 0.676442 0.631570 0.389410 0.031436 -0.540447 0.677419 0.631570 0.389441 0.031436 -0.540447 0.682307 
0.631570 0.389333 0.020967 -0.540783 0.579668 0.631570 0.389349 0.031436 -0.540447 0.671554 0.631570 0.389379 0.031436 -0.540447 0.676442 0.631570 0.389410 0.031436 -0.540447 0.677419 0.631570 0.389441 0.031436 -0.540447 0.682307 0.631570 0.389456 0.030207 -0.523005 0.689150 
0.631570 0.389349 0.031436 -0.540447 0.671554 0.631570 0.389379 0.031436 -0.540447 0.676442 0.631570 0.389410 0.031436 -0.540447 0.677419 0.631570 0.389441 0.031436 -0.540447 0.682307 0.631570 0.389456 0.030207 -0.523005 0.689150 0.631570 0.389472 0.020147 -0.523335 0.697947 
0.631570 0.389379 0.031436 -0.540447 0.676442 0.631570 0.389410 0.031436 -0.540447 0.677419 0.631570 0.389441 0.031436 -0.540447 0.682307 0.631570 0.389456 0.030207 -0.523005 0.689150 0.631570 0.389472 0.020147 -0.523335 0.697947 0.631570 0.389487 0.020147 -0.523335 0.709677 
0.631570 0.389410 0.031436 -0.540447 0.677419 0.631570 0.389441 0.031436 -0.540447 0.682307 0.631570 0.389456 0.030207 -0.523005 0.689150 0.631570 0.389472 0.020147 -0.523335 0.697947 0.631570 0.389487 0.020147 -0.523335 0.709677 0.631570 0.389502 0.020147 -0.523335 0.723363 
0.631570 0.389441 0.031436 -0.540447 0.682307 0.631570 0.389456 0.030207 -0.523005 0.689150 0.631570 0.389472 0.020147 -0.523335 0.697947 0.631570 0.389487 0.020147 -0.523335 0.709677 0.631570 0.389502 0.020147 -0.523335 0.723363 0.631570 0.389518 0.020147 -0.523335 0.770283 
0.631570 0.389456 0.030207 -0.523005 0.689150 0.631570 0.389472 0.020147 -0.523335 0.697947 0.631570 0.389487 0.020147 -0.523335 0.709677 0.631570 0.389502 0.020147 -0.523335 0.723363 0.631570 0.389518 0.020147 -0.523335 0.770283 0.631545 0.389518 0.020147 -0.523335 0.839687 
0.631570 0.389472 0.020147 -0.523335 0.697947 0.631570 0.389487 0.020147 -0.523335 0.709677 0.631570 0.389502 0.020147 -0.523335 0.723363 0.631570 0.389518 0.020147 -0.523335 0.770283 0.631545 0.389518 0.020147 -0.523335 0.839687 0.631471 0.389518 0.020147 -0.523335 0.842620 
0.631570 0.389487 0.020147 -0.523335 0.709677 0.631570 0.389502 0.020147 -0.523335 0.723363 0.631570 0.389518 0.020147 -0.523335 0.770283 0.631545 0.389518 0.020147 -0.523335 0.839687 0.631471 0.389518 0.020147 -0.523335 0.842620 0.631447 0.389518 0.020147 -0.523335 0.839687 
0.631570 0.389502 0.020147 -0.523335 0.723363 0.631570 0.389518 0.020147 -0.523335 0.770283 0.631545 0.389518 0.020147 -0.523335 0.839687 0.631471 0.389518 0.020147 -0.523335 0.842620 0.631447 0.389518 0.020147 -0.523335 0.839687 0.631422 0.389518 0.020147 -0.523335 0.839687 
0.631570 0.389518 0.020147 -0.523335 0.770283 0.631545 0.389518 0.020147 -0.523335 0.839687 0.631471 0.389518 0.020147 -0.523335 0.842620 0.631447 0.389518 0.020147 -0.523335 0.839687 0.631422 0.389518 0.020147 -0.523335 0.839687 0.631348 0.389518 0.020147 -0.523335 0.837732 
0.631545 0.389518 0.020147 -0.523335 0.839687 0.631471 0.389518 0.020147 -0.523335 0.842620 0.631447 0.389518 0.020147 -0.523335 0.839687 0.631422 0.389518 0.020147 -0.523335 0.839687 0.631348 0.389518 0.020147 -0.523335 0.837732 0.631299 0.389518 0.020147 -0.523335 0.835777 
0.631471 0.389518 0.020147 -0.523335 0.842620 0.631447 0.389518 0.020147 -0.523335 0.839687 0.631422 0.389518 0.020147 -0.523335 0.839687 0.631348 0.389518 0.020147 -0.523335 0.837732 0.631299 0.389518 0.020147 -0.523335 0.835777 0.631250 0.389518 0.020147 -0.523335 0.836755 
0.631447 0.389518 0.020147 -0.523335 0.839687 0.631422 0.389518 0.020147 -0.523335 0.839687 0.631348 0.389518 0.020147 -0.523335 0.837732 0.631299 0.389518 0.020147 -0.523335 0.835777 0.631250 0.389518 0.020147 -0.523335 0.836755 0.631225 0.389518 0.020147 -0.523335 0.835777 
0.631422 0.389518 0.020147 -0.523335 0.839687 0.631348 0.389518 0.020147 -0.523335 0.837732 0.631299 0.389518 0.020147 -0.523335 0.835777 0.631250 0.389518 0.020147 -0.523335 0.836755 0.631225 0.389518 0.020147 -0.523335 0.835777 0.631201 0.389518 0.020147 -0.523335 0.836755 
0.631348 0.389518 0.020147 -0.523335 0.837732 0.631299 0.389518 0.020147 -0.523335 0.835777 0.631250 0.389518 0.020147 -0.523335 0.836755 0.631225 0.389518 0.020147 -0.523335 0.835777 0.631201 0.389518 0.020147 -0.523335 0.836755 0.631176 0.389518 0.020967 -0.540783 0.838710 
0.631299 0.389518 0.020147 -0.523335 0.835777 0.631250 0.389518 0.020147 -0.523335 0.836755 0.631225 0.389518 0.020147 -0.523335 0.835777 0.631201 0.389518 0.020147 -0.523335 0.836755 0.631176 0.389518 0.020967 -0.540783 0.838710 0.631127 0.389518 0.031436 -0.540447 0.841642 
0.631250 0.389518 0.020147 -0.523335 0.836755 0.631225 0.389518 0.020147 -0.523335 0.835777 0.631201 0.389518 0.020147 -0.523335 0.836755 0.631176 0.389518 0.020967 -0.540783 0.838710 0.631127 0.389518 0.031436 -0.540447 0.841642 0.631102 0.389518 0.031436 -0.540447 0.842620 
0.631225 0.389518 0.020147 -0.523335 0.835777 0.631201 0.389518 0.020147 -0.523335 0.836755 0.631176 0.389518 0.020967 -0.540783 0.838710 0.631127 0.389518 0.031436 -0.540447 0.841642 0.631102 0.389518 0.031436 -0.540447 0.842620 0.631078 0.389518 0.031436 -0.540447 0.843597 
0.631201 0.389518 0.020147 -0.523335 0.836755 0.631176 0.389518 0.020967 -0.540783 0.838710 0.631127 0.389518 0.031436 -0.540447 0.841642 0.631102 0.389518 0.031436 -0.540447 0.842620 0.631078 0.389518 0.031436 -0.540447 0.843597 0.631053 0.389518 0.020967 -0.540783 0.843597 
0.631176 0.389518 0.020967 -0.540783 0.838710 0.631127 0.389518 0.031436 -0.540447 0.841642 0.631102 0.389518 0.031436 -0.540447 0.842620 0.631078 0.389518 0.031436 -0.540447 0.843597 0.631053 0.389518 0.020967 -0.540783 0.843597 0.631029 0.389518 0.020967 -0.540783 0.842620 
0.631127 0.389518 0.031436 -0.540447 0.841642 0.631102 0.389518 0.031436 -0.540447 0.842620 0.631078 0.389518 0.031436 -0.540447 0.843597 0.631053 0.389518 0.020967 -0.540783 0.843597 0.631029 0.389518 0.020967 -0.540783 0.842620 0.630979 0.389518 0.020967 -0.540783 0.842620 
0.631102 0.389518 0.031436 -0.540447 0.842620 0.631078 0.389518 0.031436 -0.540447 0.843597 0.631053 0.389518 0.020967 -0.540783 0.843597 0.631029 0.389518 0.020967 -0.540783 0.842620 0.630979 0.389518 0.020967 -0.540783 0.842620 0.630930 0.389518 0.020967 -0.540783 0.844575 
0.631078 0.389518 0.031436 -0.540447 0.843597 0.631053 0.389518 0.020967 -0.540783 0.843597 0.631029 0.389518 0.020967 -0.540783 0.842620 0.630979 0.389518 0.020967 -0.540783 0.842620 0.630930 0.389518 0.020967 -0.540783 0.844575 0.630905 0.389518 0.020967 -0.540783 0.842620 
0.631053 0.389518 0.020967 -0.540783 0.843597 0.631029 0.389518 0.020967 -0.540783 0.842620 0.630979 0.389518 0.020967 -0.540783 0.842620 0.630930 0.389518 0.020967 -0.540783 0.844575 0.630905 0.389518 0.020967 -0.540783 0.842620 0.630856 0.389518 0.020967 -0.540783 0.842620 
0.631029 0.389518 0.020967 -0.540783 0.842620 0.630979 0.389518 0.020967 -0.540783 0.842620 0.630930 0.389518 0.020967 -0.540783 0.844575 0.630905 0.389518 0.020967 -0.540783 0.842620 0.630856 0.389518 0.020967 -0.540783 0.842620 0.630832 0.389518 0.020967 -0.540783 0.839687 
0.630979 0.389518 0.020967 -0.540783 0.842620 0.630930 0.389518 0.020967 -0.540783 0.844575 0.630905 0.389518 0.020967 -0.540783 0.842620 0.630856 0.389518 0.020967 -0.540783 0.842620 0.630832 0.389518 0.020967 -0.540783 0.839687 0.630782 0.389518 0.020967 -0.540783 0.838710 
0.630930 0.389518 0.020967 -0.540783 0.844575 0.630905 0.389518 0.020967 -0.540783 0.842620 0.630856 0.389518 0.020967 -0.540783 0.842620 0.630832 0.389518 0.020967 -0.540783 0.839687 0.630782 0.389518 0.020967 -0.540783 0.838710 0.630758 0.389518 0.021804 -0.558232 0.836755 
0.630905 0.389518 0.020967 -0.540783 0.842620 0.630856 0.389518 0.020967 -0.540783 0.842620 0.630832 0.389518 0.020967 -0.540783 0.839687 0.630782 0.389518 0.020967 -0.540783 0.838710 0.630758 0.389518 0.021804 -0.558232 0.836755 0.630709 0.389518 0.021804 -0.558232 0.836755 
0.630856 0.389518 0.020967 -0.540783 0.842620 0.630832 0.389518 0.020967 -0.540783 0.839687 0.630782 0.389518 0.020967 -0.540783 0.838710 0.630758 0.389518 0.021804 -0.558232 0.836755 0.630709 0.389518 0.021804 -0.558232 0.836755 0.630684 0.389518 0.021804 -0.558232 0.834800 
0.630832 0.389518 0.020967 -0.540783 0.839687 0.630782 0.389518 0.020967 -0.540783 0.838710 0.630758 0.389518 0.021804 -0.558232 0.836755 0.630709 0.389518 0.021804 -0.558232 0.836755 0.630684 0.389518 0.021804 -0.558232 0.834800 0.630635 0.389518 0.021804 -0.558232 0.836755 
0.630782 0.389518 0.020967 -0.540783 0.838710 0.630758 0.389518 0.021804 -0.558232 0.836755 0.630709 0.389518 0.021804 -0.558232 0.836755 0.630684 0.389518 0.021804 -0.558232 0.834800 0.630635 0.389518 0.021804 -0.558232 0.836755 0.630610 0.389518 0.021804 -0.558232 0.838710 
0.630758 0.389518 0.021804 -0.558232 0.836755 0.630709 0.389518 0.021804 -0.558232 0.836755 0.630684 0.389518 0.021804 -0.558232 0.834800 0.630635 0.389518 0.021804 -0.558232 0.836755 0.630610 0.389518 0.021804 -0.558232 0.838710 0.630586 0.389518 0.000000 -0.558505 0.842620 
0.630709 0.389518 0.021804 -0.558232 0.836755 0.630684 0.389518 0.021804 -0.558232 0.834800 0.630635 0.389518 0.021804 -0.558232 0.836755 0.630610 0.389518 0.021804 -0.558232 0.838710 0.630586 0.389518 0.000000 -0.558505 0.842620 0.630561 0.389518 0.000000 -0.558505 0.840665 
0.630684 0.389518 0.021804 -0.558232 0.834800 0.630635 0.389518 0.021804 -0.558232 0.836755 0.630610 0.389518 0.021804 -0.558232 0.838710 0.630586 0.389518 0.000000 -0.558505 0.842620 0.630561 0.389518 0.000000 -0.558505 0.840665 0.630512 0.389518 0.000000 -0.558505 0.834800 
0.630635 0.389518 0.021804 -0.558232 0.836755 0.630610 0.389518 0.021804 -0.558232 0.838710 0.630586 0.389518 0.000000 -0.558505 0.842620 0.630561 0.389518 0.000000 -0.558505 0.840665 0.630512 0.389518 0.000000 -0.558505 0.834800 0.630463 0.389518 0.000000 -0.558505 0.831867 
0.630610 0.389518 0.021804 -0.558232 0.838710 0.630586 0.389518 0.000000 -0.558505 0.842620 0.630561 0.389518 0.000000 -0.558505 0.840665 0.630512 0.389518 0.000000 -0.558505 0.834800 0.630463 0.389518 0.000000 -0.558505 0.831867 0.630438 0.389518 0.000000 -0.558505 0.828934 
0.630586 0.389518 0.000000 -0.558505 0.842620 0.630561 0.389518 0.000000 -0.558505 0.840665 0.630512 0.389518 0.000000 -0.558505 0.834800 0.630463 0.389518 0.000000 -0.558505 0.831867 0.630438 0.389518 0.000000 -0.558505 0.828934 0.630389 0.389518 0.000000 -0.575959 0.826002 
0.630561 0.389518 0.000000 -0.558505 0.840665 0.630512 0.389518 0.000000 -0.558505 0.834800 0.630463 0.389518 0.000000 -0.558505 0.831867 0.630438 0.389518 0.000000 -0.558505 0.828934 0.630389 0.389518 0.000000 -0.575959 0.826002 0.630315 0.389518 0.022660 -0.575680 0.822092 
0.630512 0.389518 0.000000 -0.558505 0.834800 0.630463 0.389518 0.000000 -0.558505 0.831867 0.630438 0.389518 0.000000 -0.558505 0.828934 0.630389 0.389518 0.000000 -0.575959 0.826002 0.630315 0.389518 0.022660 -0.575680 0.822092 0.630290 0.389518 0.022660 -0.575680 0.824047 
0.630463 0.389518 0.000000 -0.558505 0.831867 0.630438 0.389518 0.000000 -0.558505 0.828934 0.630389 0.389518 0.000000 -0.575959 0.826002 0.630315 0.389518 0.022660 -0.575680 0.822092 0.630290 0.389518 0.022660 -0.575680 0.824047 0.630167 0.389518 0.022660 -0.575680 0.821114 
0.630438 0.389518 0.000000 -0.558505 0.828934 0.630389 0.389518 0.000000 -0.575959 0.826002 0.630315 0.389518 0.022660 -0.575680 0.822092 0.630290 0.389518 0.022660 -0.575680 0.824047 0.630167 0.389518 0.022660 -0.575680 0.821114 0.630020 0.389518 0.022660 -0.575680 0.818182 
0.630389 0.389518 0.000000 -0.575959 0.826002 0.630315 0.389518 0.022660 -0.575680 0.822092 0.630290 0.389518 0.022660 -0.575680 0.824047 0.630167 0.389518 0.022660 -0.575680 0.821114 0.630020 0.389518 0.022660 -0.575680 0.818182 0.629798 0.389518 0.022660 -0.575680 0.815249 
0.630315 0.389518 0.022660 -0.575680 0.822092 0.630290 0.389518 0.022660 -0.575680 0.824047 0.630167 0.389518 0.022660 -0.575680 0.821114 0.630020 0.389518 0.022660 -0.575680 0.818182 0.629798 0.389518 0.022660 -0.575680 0.815249 0.629528 0.389579 0.022660 -0.575680 0.813294 
0.630290 0.389518 0.022660 -0.575680 0.824047 0.630167 0.389518 0.022660 -0.575680 0.821114 0.630020 0.389518 0.022660 -0.575680 0.818182 0.629798 0.389518 0.022660 -0.575680 0.815249 0.629528 0.389579 0.022660 -0.575680 0.813294 0.628863 0.389733 0.022660 -0.575680 0.809384 
0.630167 0.389518 0.022660 -0.575680 0.821114 0.630020 0.389518 0.022660 -0.575680 0.818182 0.629798 0.389518 0.022660 -0.575680 0.815249 0.629528 0.389579 0.022660 -0.575680 0.813294 0.628863 0.389733 0.022660 -0.575680 0.809384 0.629232 0.389672 0.022660 -0.575680 0.811339 
0.630020 0.389518 0.022660 -0.575680 0.818182 0.629798 0.389518 0.022660 -0.575680 0.815249 0.629528 0.389579 0.022660 -0.575680 0.813294 0.628863 0.389733 0.022660 -0.575680 0.809384 0.629232 0.389672 0.022660 -0.575680 0.811339 0.628494 0.389825 0.011771 -0.593341 0.808407 
0.629798 0.389518 0.022660 -0.575680 0.815249 0.629528 0.389579 0.022660 -0.575680 0.813294 0.628863 0.389733 0.022660 -0.575680 0.809384 0.629232 0.389672 0.022660 -0.575680 0.811339 0.628494 0.389825 0.011771 -0.593341 0.808407 0.628125 0.389902 0.011771 -0.593341 0.811339 
0.629528 0.389579 0.022660 -0.575680 0.813294 0.628863 0.389733 0.022660 -0.575680 0.809384 0.629232 0.389672 0.022660 -0.575680 0.811339 0.628494 0.389825 0.011771 -0.593341 0.808407 0.628125 0.389902 0.011771 -0.593341 0.811339 0.627731 0.389994 0.011771 -0.593341 0.809384 
0.628863 0.389733 0.022660 -0.575680 0.809384 0.629232 0.389672 0.022660 -0.575680 0.811339 0.628494 0.389825 0.011771 -0.593341 0.808407 0.628125 0.389902 0.011771 -0.593341 0.811339 0.627731 0.389994 0.011771 -0.593341 0.809384 0.627411 0.390071 0.000000 -0.593412 0.808407 
0.629232 0.389672 0.022660 -0.575680 0.811339 0.628494 0.389825 0.011771 -0.593341 0.808407 0.628125 0.389902 0.011771 -0.593341 0.811339 0.627731 0.389994 0.011771 -0.593341 0.809384 0.627411 0.390071 0.000000 -0.593412 0.808407 0.627141 0.390133 0.000000 -0.610865 0.809384 
0.628494 0.389825 0.011771 -0.593341 0.808407 0.628125 0.389902 0.011771 -0.593341 0.811339 0.627731 0.389994 0.011771 -0.593341 0.809384 0.627411 0.390071 0.000000 -0.593412 0.808407 0.627141 0.390133 0.000000 -0.610865 0.809384 0.626944 0.390179 0.000000 -0.610865 0.809384 
0.628125 0.389902 0.011771 -0.593341 0.811339 0.627731 0.389994 0.011771 -0.593341 0.809384 0.627411 0.390071 0.000000 -0.593412 0.808407 0.627141 0.390133 0.000000 -0.610865 0.809384 0.626944 0.390179 0.000000 -0.610865 0.809384 0.626796 0.390210 0.000000 -0.610865 0.810362 
0.627731 0.389994 0.011771 -0.593341 0.809384 0.627411 0.390071 0.000000 -0.593412 0.808407 0.627141 0.390133 0.000000 -0.610865 0.809384 0.626944 0.390179 0.000000 -0.610865 0.809384 0.626796 0.390210 0.000000 -0.610865 0.810362 0.626698 0.390241 0.000000 -0.610865 0.809384 
0.627411 0.390071 0.000000 -0.593412 0.808407 0.627141 0.390133 0.000000 -0.610865 0.809384 0.626944 0.390179 0.000000 -0.610865 0.809384 0.626796 0.390210 0.000000 -0.610865 0.810362 0.626698 0.390241 0.000000 -0.610865 0.809384 0.626624 0.390241 0.000000 -0.610865 0.809384 
0.627141 0.390133 0.000000 -0.610865 0.809384 0.626944 0.390179 0.000000 -0.610865 0.809384 0.626796 0.390210 0.000000 -0.610865 0.810362 0.626698 0.390241 0.000000 -0.610865 0.809384 0.626624 0.390241 0.000000 -0.610865 0.809384 0.626599 0.390241 0.000000 -0.610865 0.810362 
0.626944 0.390179 0.000000 -0.610865 0.809384 0.626796 0.390210 0.000000 -0.610865 0.810362 0.626698 0.390241 0.000000 -0.610865 0.809384 0.626624 0.390241 0.000000 -0.610865 0.809384 0.626599 0.390241 0.000000 -0.610865 0.810362 0.626575 0.390241 0.000000 -0.628319 0.811339 
0.626796 0.390210 0.000000 -0.610865 0.810362 0.626698 0.390241 0.000000 -0.610865 0.809384 0.626624 0.390241 0.000000 -0.610865 0.809384 0.626599 0.390241 0.000000 -0.610865 0.810362 0.626575 0.390241 0.000000 -0.628319 0.811339 0.626550 0.390241 0.000000 -0.628319 0.808407 
0.626698 0.390241 0.000000 -0.610865 0.809384 0.626624 0.390241 0.000000 -0.610865 0.809384 0.626599 0.390241 0.000000 -0.610865 0.810362 0.626575 0.390241 0.000000 -0.628319 0.811339 0.626550 0.390241 0.000000 -0.628319 0.808407 0.626526 0.390241 0.000000 -0.628319 0.805474 
0.626624 0.390241 0.000000 -0.610865 0.809384 0.626599 0.390241 0.000000 -0.610865 0.810362 0.626575 0.390241 0.000000 -0.628319 0.811339 0.626550 0.390241 0.000000 -0.628319 0.808407 0.626526 0.390241 0.000000 -0.628319 0.805474 0.626501 0.390241 0.000000 -0.628319 0.803519 
0.626599 0.390241 0.000000 -0.610865 0.810362 0.626575 0.390241 0.000000 -0.628319 0.811339 0.626550 0.390241 0.000000 -0.628319 0.808407 0.626526 0.390241 0.000000 -0.628319 0.805474 0.626501 0.390241 0.000000 -0.628319 0.803519 0.626427 0.390241 0.000000 -0.628319 0.800587 
0.626575 0.390241 0.000000 -0.628319 0.811339 0.626550 0.390241 0.000000 -0.628319 0.808407 0.626526 0.390241 0.000000 -0.628319 0.805474 0.626501 0.390241 0.000000 -0.628319 0.803519 0.626427 0.390241 0.000000 -0.628319 0.800587 0.626329 0.390241 0.000000 -0.628319 0.796676 
0.626550 0.390241 0.000000 -0.628319 0.808407 0.626526 0.390241 0.000000 -0.628319 0.805474 0.626501 0.390241 0.000000 -0.628319 0.803519 0.626427 0.390241 0.000000 -0.628319 0.800587 0.626329 0.390241 0.000000 -0.628319 0.796676 0.626157 0.390241 0.000000 -0.628319 0.791789 
0.626526 0.390241 0.000000 -0.628319 0.805474 0.626501 0.390241 0.000000 -0.628319 0.803519 0.626427 0.390241 0.000000 -0.628319 0.800587 0.626329 0.390241 0.000000 -0.628319 0.796676 0.626157 0.390241 0.000000 -0.628319 0.791789 0.625935 0.390241 0.000000 -0.628319 0.787879 
0.626501 0.390241 0.000000 -0.628319 0.803519 0.626427 0.390241 0.000000 -0.628319 0.800587 0.626329 0.390241 0.000000 -0.628319 0.796676 0.626157 0.390241 0.000000 -0.628319 0.791789 0.625935 0.390241 0.000000 -0.628319 0.787879 0.625615 0.390241 0.000000 -0.628319 0.784946 
0.626427 0.390241 0.000000 -0.628319 0.800587 0.626329 0.390241 0.000000 -0.628319 0.796676 0.626157 0.390241 0.000000 -0.628319 0.791789 0.625935 0.390241 0.000000 -0.628319 0.787879 0.625615 0.390241 0.000000 -0.628319 0.784946 0.625246 0.390241 0.000000 -0.628319 0.782014 
