0.629503 0.411679 0.452713 -0.466593 0.850440 0.629085 0.409464 0.452713 -0.466593 0.852395 0.628716 0.407280 0.438156 -0.479799 0.857283 0.628297 0.405235 0.438156 -0.479799 0.857283 0.627854 0.403236 0.438156 -0.479799 0.870968 0.626649 0.397238 0.416614 -0.470868 0.864125 
0.628716 0.407280 0.438156 -0.479799 0.857283 0.628297 0.405235 0.438156 -0.479799 0.857283 0.627854 0.403236 0.438156 -0.479799 0.870968 0.626649 0.397238 0.416614 -0.470868 0.864125 0.627461 0.401190 0.416614 -0.470868 0.872923 0.627042 0.399160 0.416614 -0.470868 0.869990 
0.628297 0.405235 0.438156 -0.479799 0.857283 0.627854 0.403236 0.438156 -0.479799 0.870968 0.626649 0.397238 0.416614 -0.470868 0.864125 0.627461 0.401190 0.416614 -0.470868 0.872923 0.627042 0.399160 0.416614 -0.470868 0.869990 0.626255 0.395469 0.416614 -0.470868 0.863148 
0.627854 0.403236 0.438156 -0.479799 0.870968 0.626649 0.397238 0.416614 -0.470868 0.864125 0.627461 0.401190 0.416614 -0.470868 0.872923 0.627042 0.399160 0.416614 -0.470868 0.869990 0.626255 0.395469 0.416614 -0.470868 0.863148 0.625787 0.393762 0.416614 -0.470868 0.871945 
0.626649 0.397238 0.416614 -0.470868 0.864125 0.627461 0.401190 0.416614 -0.470868 0.872923 0.627042 0.399160 0.416614 -0.470868 0.869990 0.626255 0.395469 0.416614 -0.470868 0.863148 0.625787 0.393762 0.416614 -0.470868 0.871945 0.625320 0.392224 0.416614 -0.470868 0.875855 
0.624532 0.373401 0.460042 -0.488419 0.000000 0.624606 0.373693 0.460042 -0.488419 0.000000 0.624902 0.374416 0.467400 -0.481588 0.000000 0.624680 0.373693 0.460042 -0.488419 0.000000 0.624803 0.374077 0.460042 -0.488419 0.000000 0.625345 0.375123 0.497242 -0.512017 0.000000 
0.624902 0.374416 0.467400 -0.481588 0.000000 0.624680 0.373693 0.460042 -0.488419 0.000000 0.624803 0.374077 0.460042 -0.488419 0.000000 0.625345 0.375123 0.497242 -0.512017 0.000000 0.625049 0.374646 0.467400 -0.481588 0.000000 0.625197 0.374877 0.497242 -0.512017 0.000000 
0.624680 0.373693 0.460042 -0.488419 0.000000 0.624803 0.374077 0.460042 -0.488419 0.000000 0.625345 0.375123 0.497242 -0.512017 0.000000 0.625049 0.374646 0.467400 -0.481588 0.000000 0.625197 0.374877 0.497242 -0.512017 0.000000 0.625566 0.375384 0.504724 -0.504724 0.000000 
0.624803 0.374077 0.460042 -0.488419 0.000000 0.625345 0.375123 0.497242 -0.512017 0.000000 0.625049 0.374646 0.467400 -0.481588 0.000000 0.625197 0.374877 0.497242 -0.512017 0.000000 0.625566 0.375384 0.504724 -0.504724 0.000000 0.625714 0.376000 0.520032 -0.520032 0.000000 
0.625345 0.375123 0.497242 -0.512017 0.000000 0.625049 0.374646 0.467400 -0.481588 0.000000 0.625197 0.374877 0.497242 -0.512017 0.000000 0.625566 0.375384 0.504724 -0.504724 0.000000 0.625714 0.376000 0.520032 -0.520032 0.000000 0.625640 0.375677 0.504724 -0.504724 0.000000 
0.625049 0.374646 0.467400 -0.481588 0.000000 0.625197 0.374877 0.497242 -0.512017 0.000000 0.625566 0.375384 0.504724 -0.504724 0.000000 0.625714 0.376000 0.520032 -0.520032 0.000000 0.625640 0.375677 0.504724 -0.504724 0.000000 0.625714 0.376338 0.520032 -0.520032 0.000000 
0.625197 0.374877 0.497242 -0.512017 0.000000 0.625566 0.375384 0.504724 -0.504724 0.000000 0.625714 0.376000 0.520032 -0.520032 0.000000 0.625640 0.375677 0.504724 -0.504724 0.000000 0.625714 0.376338 0.520032 -0.520032 0.000000 0.625714 0.376692 0.543061 -0.527742 0.000000 
0.625566 0.375384 0.504724 -0.504724 0.000000 0.625714 0.376000 0.520032 -0.520032 0.000000 0.625640 0.375677 0.504724 -0.504724 0.000000 0.625714 0.376338 0.520032 -0.520032 0.000000 0.625714 0.376692 0.543061 -0.527742 0.000000 0.625640 0.377030 0.543061 -0.527742 0.000000 
0.625714 0.376000 0.520032 -0.520032 0.000000 0.625640 0.375677 0.504724 -0.504724 0.000000 0.625714 0.376338 0.520032 -0.520032 0.000000 0.625714 0.376692 0.543061 -0.527742 0.000000 0.625640 0.377030 0.543061 -0.527742 0.000000 0.625295 0.377368 0.543061 -0.527742 0.000000 
0.621752 0.361174 0.467400 -0.481588 0.000000 0.622343 0.361913 0.497242 -0.512017 0.000000 0.623007 0.362728 0.497242 -0.512017 0.000000 0.623696 0.363604 0.497242 -0.512017 0.000000 0.624409 0.364527 0.497242 -0.512017 0.000000 0.625172 0.365511 0.489576 -0.489576 0.000000 
0.622343 0.361913 0.497242 -0.512017 0.000000 0.623007 0.362728 0.497242 -0.512017 0.000000 0.623696 0.363604 0.497242 -0.512017 0.000000 0.624409 0.364527 0.497242 -0.512017 0.000000 0.625172 0.365511 0.489576 -0.489576 0.000000 0.625935 0.366511 0.467400 -0.481588 0.000000 
0.623007 0.362728 0.497242 -0.512017 0.000000 0.623696 0.363604 0.497242 -0.512017 0.000000 0.624409 0.364527 0.497242 -0.512017 0.000000 0.625172 0.365511 0.489576 -0.489576 0.000000 0.625935 0.366511 0.467400 -0.481588 0.000000 0.626649 0.367526 0.452713 -0.466593 0.000000 
0.623696 0.363604 0.497242 -0.512017 0.000000 0.624409 0.364527 0.497242 -0.512017 0.000000 0.625172 0.365511 0.489576 -0.489576 0.000000 0.625935 0.366511 0.467400 -0.481588 0.000000 0.626649 0.367526 0.452713 -0.466593 0.000000 0.627338 0.368541 0.438175 -0.451738 0.000000 
0.624409 0.364527 0.497242 -0.512017 0.000000 0.625172 0.365511 0.489576 -0.489576 0.000000 0.625935 0.366511 0.467400 -0.481588 0.000000 0.626649 0.367526 0.452713 -0.466593 0.000000 0.627338 0.368541 0.438175 -0.451738 0.000000 0.627338 0.369525 0.423782 -0.437020 0.000000 
0.625172 0.365511 0.489576 -0.489576 0.000000 0.625935 0.366511 0.467400 -0.481588 0.000000 0.626649 0.367526 0.452713 -0.466593 0.000000 0.627338 0.368541 0.438175 -0.451738 0.000000 0.627338 0.369525 0.423782 -0.437020 0.000000 0.627338 0.370509 0.409528 -0.422433 0.000000 
0.625935 0.366511 0.467400 -0.481588 0.000000 0.626649 0.367526 0.452713 -0.466593 0.000000 0.627338 0.368541 0.438175 -0.451738 0.000000 0.627338 0.369525 0.423782 -0.437020 0.000000 0.627338 0.370509 0.409528 -0.422433 0.000000 0.627338 0.371447 0.381421 -0.393635 0.000000 
0.626649 0.367526 0.452713 -0.466593 0.000000 0.627338 0.368541 0.438175 -0.451738 0.000000 0.627338 0.369525 0.423782 -0.437020 0.000000 0.627338 0.370509 0.409528 -0.422433 0.000000 0.627338 0.371447 0.381421 -0.393635 0.000000 0.627264 0.374047 0.347877 -0.370873 0.000000 
0.627338 0.368541 0.438175 -0.451738 0.000000 0.627338 0.369525 0.423782 -0.437020 0.000000 0.627338 0.370509 0.409528 -0.422433 0.000000 0.627338 0.371447 0.381421 -0.393635 0.000000 0.627264 0.374047 0.347877 -0.370873 0.000000 0.627264 0.372355 0.367557 -0.379417 0.000000 
0.627338 0.369525 0.423782 -0.437020 0.000000 0.627338 0.370509 0.409528 -0.422433 0.000000 0.627338 0.371447 0.381421 -0.393635 0.000000 0.627264 0.374047 0.347877 -0.370873 0.000000 0.627264 0.372355 0.367557 -0.379417 0.000000 0.627264 0.373216 0.355176 -0.390750 0.000000 
0.627338 0.370509 0.409528 -0.422433 0.000000 0.627338 0.371447 0.381421 -0.393635 0.000000 0.627264 0.374047 0.347877 -0.370873 0.000000 0.627264 0.372355 0.367557 -0.379417 0.000000 0.627264 0.373216 0.355176 -0.390750 0.000000 0.627264 0.374800 0.328580 -0.361968 0.000000 
0.627338 0.371447 0.381421 -0.393635 0.000000 0.627264 0.374047 0.347877 -0.370873 0.000000 0.627264 0.372355 0.367557 -0.379417 0.000000 0.627264 0.373216 0.355176 -0.390750 0.000000 0.627264 0.374800 0.328580 -0.361968 0.000000 0.627731 0.375538 0.334442 -0.356703 0.000000 
0.627264 0.374047 0.347877 -0.370873 0.000000 0.627264 0.372355 0.367557 -0.379417 0.000000 0.627264 0.373216 0.355176 -0.390750 0.000000 0.627264 0.374800 0.328580 -0.361968 0.000000 0.627731 0.375538 0.334442 -0.356703 0.000000 0.628199 0.376230 0.334442 -0.356703 0.000000 
0.627264 0.372355 0.367557 -0.379417 0.000000 0.627264 0.373216 0.355176 -0.390750 0.000000 0.627264 0.374800 0.328580 -0.361968 0.000000 0.627731 0.375538 0.334442 -0.356703 0.000000 0.628199 0.376230 0.334442 -0.356703 0.000000 0.628494 0.376845 0.334442 -0.356703 0.000000 
0.627264 0.373216 0.355176 -0.390750 0.000000 0.627264 0.374800 0.328580 -0.361968 0.000000 0.627731 0.375538 0.334442 -0.356703 0.000000 0.628199 0.376230 0.334442 -0.356703 0.000000 0.628494 0.376845 0.334442 -0.356703 0.000000 0.628617 0.377430 0.345811 -0.345811 0.000000 
0.627264 0.374800 0.328580 -0.361968 0.000000 0.627731 0.375538 0.334442 -0.356703 0.000000 0.628199 0.376230 0.334442 -0.356703 0.000000 0.628494 0.376845 0.334442 -0.356703 0.000000 0.628617 0.377430 0.345811 -0.345811 0.000000 0.628617 0.377937 0.345811 -0.345811 0.000000 
0.627731 0.375538 0.334442 -0.356703 0.000000 0.628199 0.376230 0.334442 -0.356703 0.000000 0.628494 0.376845 0.334442 -0.356703 0.000000 0.628617 0.377430 0.345811 -0.345811 0.000000 0.628617 0.377937 0.345811 -0.345811 0.000000 0.628568 0.377937 0.390750 -0.355176 0.000000 
0.628199 0.376230 0.334442 -0.356703 0.000000 0.628494 0.376845 0.334442 -0.356703 0.000000 0.628617 0.377430 0.345811 -0.345811 0.000000 0.628617 0.377937 0.345811 -0.345811 0.000000 0.628568 0.377937 0.390750 -0.355176 0.000000 0.628396 0.377830 0.379417 -0.367557 0.000000 
0.628494 0.376845 0.334442 -0.356703 0.000000 0.628617 0.377430 0.345811 -0.345811 0.000000 0.628617 0.377937 0.345811 -0.345811 0.000000 0.628568 0.377937 0.390750 -0.355176 0.000000 0.628396 0.377830 0.379417 -0.367557 0.000000 0.628150 0.377830 0.393635 -0.381421 0.000000 
0.628617 0.377430 0.345811 -0.345811 0.000000 0.628617 0.377937 0.345811 -0.345811 0.000000 0.628568 0.377937 0.390750 -0.355176 0.000000 0.628396 0.377830 0.379417 -0.367557 0.000000 0.628150 0.377830 0.393635 -0.381421 0.000000 0.627879 0.377830 0.419962 -0.382276 0.000000 
0.628617 0.377937 0.345811 -0.345811 0.000000 0.628568 0.377937 0.390750 -0.355176 0.000000 0.628396 0.377830 0.379417 -0.367557 0.000000 0.628150 0.377830 0.393635 -0.381421 0.000000 0.627879 0.377830 0.419962 -0.382276 0.000000 0.627584 0.378291 0.434738 -0.396028 0.000000 
0.628568 0.377937 0.390750 -0.355176 0.000000 0.628396 0.377830 0.379417 -0.367557 0.000000 0.628150 0.377830 0.393635 -0.381421 0.000000 0.627879 0.377830 0.419962 -0.382276 0.000000 0.627584 0.378291 0.434738 -0.396028 0.000000 0.627116 0.378676 0.449634 -0.409922 0.000000 
0.628396 0.377830 0.379417 -0.367557 0.000000 0.628150 0.377830 0.393635 -0.381421 0.000000 0.627879 0.377830 0.419962 -0.382276 0.000000 0.627584 0.378291 0.434738 -0.396028 0.000000 0.627116 0.378676 0.449634 -0.409922 0.000000 0.626796 0.378891 0.479799 -0.438156 0.000000 
0.628150 0.377830 0.393635 -0.381421 0.000000 0.627879 0.377830 0.419962 -0.382276 0.000000 0.627584 0.378291 0.434738 -0.396028 0.000000 0.627116 0.378676 0.449634 -0.409922 0.000000 0.626796 0.378891 0.479799 -0.438156 0.000000 0.626280 0.378906 0.501559 -0.444798 0.000000 
0.627879 0.377830 0.419962 -0.382276 0.000000 0.627584 0.378291 0.434738 -0.396028 0.000000 0.627116 0.378676 0.449634 -0.409922 0.000000 0.626796 0.378891 0.479799 -0.438156 0.000000 0.626280 0.378906 0.501559 -0.444798 0.000000 0.625984 0.378906 0.532770 -0.473653 0.000000 
0.627584 0.378291 0.434738 -0.396028 0.000000 0.627116 0.378676 0.449634 -0.409922 0.000000 0.626796 0.378891 0.479799 -0.438156 0.000000 0.626280 0.378906 0.501559 -0.444798 0.000000 0.625984 0.378906 0.532770 -0.473653 0.000000 0.625492 0.378737 0.541732 -0.496565 0.000000 
0.627116 0.378676 0.449634 -0.409922 0.000000 0.626796 0.378891 0.479799 -0.438156 0.000000 0.626280 0.378906 0.501559 -0.444798 0.000000 0.625984 0.378906 0.532770 -0.473653 0.000000 0.625492 0.378737 0.541732 -0.496565 0.000000 0.625074 0.378276 0.557572 -0.511605 0.000000 
0.621408 0.377399 0.557572 -0.511605 0.478983 0.622072 0.377076 0.557572 -0.511605 0.489736 0.622835 0.376646 0.557572 -0.511605 0.501466 0.623745 0.376107 0.557572 -0.511605 0.513196 0.624852 0.375415 0.557572 -0.511605 0.511241 0.626107 0.374616 0.557572 -0.511605 0.518084 
0.622072 0.377076 0.557572 -0.511605 0.489736 0.622835 0.376646 0.557572 -0.511605 0.501466 0.623745 0.376107 0.557572 -0.511605 0.513196 0.624852 0.375415 0.557572 -0.511605 0.511241 0.626107 0.374616 0.557572 -0.511605 0.518084 0.627534 0.373708 0.557572 -0.511605 0.544477 
0.622835 0.376646 0.557572 -0.511605 0.501466 0.623745 0.376107 0.557572 -0.511605 0.513196 0.624852 0.375415 0.557572 -0.511605 0.511241 0.626107 0.374616 0.557572 -0.511605 0.518084 0.627534 0.373708 0.557572 -0.511605 0.544477 0.629060 0.372739 0.534693 -0.504585 0.564027 
0.623745 0.376107 0.557572 -0.511605 0.513196 0.624852 0.375415 0.557572 -0.511605 0.511241 0.626107 0.374616 0.557572 -0.511605 0.518084 0.627534 0.373708 0.557572 -0.511605 0.544477 0.629060 0.372739 0.534693 -0.504585 0.564027 0.630733 0.371709 0.534693 -0.504585 0.575758 
0.624852 0.375415 0.557572 -0.511605 0.511241 0.626107 0.374616 0.557572 -0.511605 0.518084 0.627534 0.373708 0.557572 -0.511605 0.544477 0.629060 0.372739 0.534693 -0.504585 0.564027 0.630733 0.371709 0.534693 -0.504585 0.575758 0.632554 0.370602 0.534693 -0.504585 0.573803 
0.626107 0.374616 0.557572 -0.511605 0.518084 0.627534 0.373708 0.557572 -0.511605 0.544477 0.629060 0.372739 0.534693 -0.504585 0.564027 0.630733 0.371709 0.534693 -0.504585 0.575758 0.632554 0.370602 0.534693 -0.504585 0.573803 0.634523 0.369448 0.534693 -0.504585 0.596285 
0.627534 0.373708 0.557572 -0.511605 0.544477 0.629060 0.372739 0.534693 -0.504585 0.564027 0.630733 0.371709 0.534693 -0.504585 0.575758 0.632554 0.370602 0.534693 -0.504585 0.573803 0.634523 0.369448 0.534693 -0.504585 0.596285 0.638657 0.367172 0.534693 -0.504585 0.629521 
0.629060 0.372739 0.534693 -0.504585 0.564027 0.630733 0.371709 0.534693 -0.504585 0.575758 0.632554 0.370602 0.534693 -0.504585 0.573803 0.634523 0.369448 0.534693 -0.504585 0.596285 0.638657 0.367172 0.534693 -0.504585 0.629521 0.636590 0.368295 0.534693 -0.504585 0.618768 
0.630733 0.371709 0.534693 -0.504585 0.575758 0.632554 0.370602 0.534693 -0.504585 0.573803 0.634523 0.369448 0.534693 -0.504585 0.596285 0.638657 0.367172 0.534693 -0.504585 0.629521 0.636590 0.368295 0.534693 -0.504585 0.618768 0.640773 0.366049 0.534693 -0.504585 0.634409 
0.632554 0.370602 0.534693 -0.504585 0.573803 0.634523 0.369448 0.534693 -0.504585 0.596285 0.638657 0.367172 0.534693 -0.504585 0.629521 0.636590 0.368295 0.534693 -0.504585 0.618768 0.640773 0.366049 0.534693 -0.504585 0.634409 0.642963 0.364835 0.534693 -0.504585 0.650049 
0.634523 0.369448 0.534693 -0.504585 0.596285 0.638657 0.367172 0.534693 -0.504585 0.629521 0.636590 0.368295 0.534693 -0.504585 0.618768 0.640773 0.366049 0.534693 -0.504585 0.634409 0.642963 0.364835 0.534693 -0.504585 0.650049 0.645226 0.363558 0.543061 -0.527742 0.662757 
0.638657 0.367172 0.534693 -0.504585 0.629521 0.636590 0.368295 0.534693 -0.504585 0.618768 0.640773 0.366049 0.534693 -0.504585 0.634409 0.642963 0.364835 0.534693 -0.504585 0.650049 0.645226 0.363558 0.543061 -0.527742 0.662757 0.647564 0.362328 0.543061 -0.527742 0.677419 
0.636590 0.368295 0.534693 -0.504585 0.618768 0.640773 0.366049 0.534693 -0.504585 0.634409 0.642963 0.364835 0.534693 -0.504585 0.650049 0.645226 0.363558 0.543061 -0.527742 0.662757 0.647564 0.362328 0.543061 -0.527742 0.677419 0.649951 0.361174 0.543061 -0.527742 0.712610 
0.640773 0.366049 0.534693 -0.504585 0.634409 0.642963 0.364835 0.534693 -0.504585 0.650049 0.645226 0.363558 0.543061 -0.527742 0.662757 0.647564 0.362328 0.543061 -0.527742 0.677419 0.649951 0.361174 0.543061 -0.527742 0.712610 0.652362 0.359990 0.543061 -0.527742 0.712610 
0.642963 0.364835 0.534693 -0.504585 0.650049 0.645226 0.363558 0.543061 -0.527742 0.662757 0.647564 0.362328 0.543061 -0.527742 0.677419 0.649951 0.361174 0.543061 -0.527742 0.712610 0.652362 0.359990 0.543061 -0.527742 0.712610 0.654847 0.358821 0.535503 -0.535503 0.729228 
0.645226 0.363558 0.543061 -0.527742 0.662757 0.647564 0.362328 0.543061 -0.527742 0.677419 0.649951 0.361174 0.543061 -0.527742 0.712610 0.652362 0.359990 0.543061 -0.527742 0.712610 0.654847 0.358821 0.535503 -0.535503 0.729228 0.657407 0.357637 0.535503 -0.535503 0.739003 
0.647564 0.362328 0.543061 -0.527742 0.677419 0.649951 0.361174 0.543061 -0.527742 0.712610 0.652362 0.359990 0.543061 -0.527742 0.712610 0.654847 0.358821 0.535503 -0.535503 0.729228 0.657407 0.357637 0.535503 -0.535503 0.739003 0.659966 0.356484 0.535503 -0.535503 0.746823 
0.649951 0.361174 0.543061 -0.527742 0.712610 0.652362 0.359990 0.543061 -0.527742 0.712610 0.654847 0.358821 0.535503 -0.535503 0.729228 0.657407 0.357637 0.535503 -0.535503 0.739003 0.659966 0.356484 0.535503 -0.535503 0.746823 0.662549 0.355423 0.535503 -0.535503 0.751711 
0.652362 0.359990 0.543061 -0.527742 0.712610 0.654847 0.358821 0.535503 -0.535503 0.729228 0.657407 0.357637 0.535503 -0.535503 0.739003 0.659966 0.356484 0.535503 -0.535503 0.746823 0.662549 0.355423 0.535503 -0.535503 0.751711 0.665010 0.354423 0.527742 -0.543061 0.767351 
0.654847 0.358821 0.535503 -0.535503 0.729228 0.657407 0.357637 0.535503 -0.535503 0.739003 0.659966 0.356484 0.535503 -0.535503 0.746823 0.662549 0.355423 0.535503 -0.535503 0.751711 0.665010 0.354423 0.527742 -0.543061 0.767351 0.667397 0.353439 0.527742 -0.543061 0.765396 
0.657407 0.357637 0.535503 -0.535503 0.739003 0.659966 0.356484 0.535503 -0.535503 0.746823 0.662549 0.355423 0.535503 -0.535503 0.751711 0.665010 0.354423 0.527742 -0.543061 0.767351 0.667397 0.353439 0.527742 -0.543061 0.765396 0.669537 0.352516 0.519776 -0.550417 0.777126 
0.659966 0.356484 0.535503 -0.535503 0.746823 0.662549 0.355423 0.535503 -0.535503 0.751711 0.665010 0.354423 0.527742 -0.543061 0.767351 0.667397 0.353439 0.527742 -0.543061 0.765396 0.669537 0.352516 0.519776 -0.550417 0.777126 0.671432 0.351701 0.519776 -0.550417 0.778104 
0.662549 0.355423 0.535503 -0.535503 0.751711 0.665010 0.354423 0.527742 -0.543061 0.767351 0.667397 0.353439 0.527742 -0.543061 0.765396 0.669537 0.352516 0.519776 -0.550417 0.777126 0.671432 0.351701 0.519776 -0.550417 0.778104 0.673081 0.350978 0.519776 -0.550417 0.790811 
0.665010 0.354423 0.527742 -0.543061 0.767351 0.667397 0.353439 0.527742 -0.543061 0.765396 0.669537 0.352516 0.519776 -0.550417 0.777126 0.671432 0.351701 0.519776 -0.550417 0.778104 0.673081 0.350978 0.519776 -0.550417 0.790811 0.674532 0.350332 0.519776 -0.550417 0.793744 
0.667397 0.353439 0.527742 -0.543061 0.765396 0.669537 0.352516 0.519776 -0.550417 0.777126 0.671432 0.351701 0.519776 -0.550417 0.778104 0.673081 0.350978 0.519776 -0.550417 0.790811 0.674532 0.350332 0.519776 -0.550417 0.793744 0.675738 0.349794 0.511605 -0.557572 0.807429 
0.669537 0.352516 0.519776 -0.550417 0.777126 0.671432 0.351701 0.519776 -0.550417 0.778104 0.673081 0.350978 0.519776 -0.550417 0.790811 0.674532 0.350332 0.519776 -0.550417 0.793744 0.675738 0.349794 0.511605 -0.557572 0.807429 0.676624 0.349394 0.511605 -0.557572 0.817204 
0.671432 0.351701 0.519776 -0.550417 0.778104 0.673081 0.350978 0.519776 -0.550417 0.790811 0.674532 0.350332 0.519776 -0.550417 0.793744 0.675738 0.349794 0.511605 -0.557572 0.807429 0.676624 0.349394 0.511605 -0.557572 0.817204 0.677264 0.349102 0.511605 -0.557572 0.805474 
0.673081 0.350978 0.519776 -0.550417 0.790811 0.674532 0.350332 0.519776 -0.550417 0.793744 0.675738 0.349794 0.511605 -0.557572 0.807429 0.676624 0.349394 0.511605 -0.557572 0.817204 0.677264 0.349102 0.511605 -0.557572 0.805474 0.677633 0.348963 0.511605 -0.557572 0.807429 
0.674532 0.350332 0.519776 -0.550417 0.793744 0.675738 0.349794 0.511605 -0.557572 0.807429 0.676624 0.349394 0.511605 -0.557572 0.817204 0.677264 0.349102 0.511605 -0.557572 0.805474 0.677633 0.348963 0.511605 -0.557572 0.807429 0.677879 0.348871 0.511605 -0.557572 0.805474 
0.675738 0.349794 0.511605 -0.557572 0.807429 0.676624 0.349394 0.511605 -0.557572 0.817204 0.677264 0.349102 0.511605 -0.557572 0.805474 0.677633 0.348963 0.511605 -0.557572 0.807429 0.677879 0.348871 0.511605 -0.557572 0.805474 0.678027 0.348825 0.511605 -0.557572 0.802542 
0.676624 0.349394 0.511605 -0.557572 0.817204 0.677264 0.349102 0.511605 -0.557572 0.805474 0.677633 0.348963 0.511605 -0.557572 0.807429 0.677879 0.348871 0.511605 -0.557572 0.805474 0.678027 0.348825 0.511605 -0.557572 0.802542 0.678051 0.348825 0.479928 -0.555234 0.787879 
0.677264 0.349102 0.511605 -0.557572 0.805474 0.677633 0.348963 0.511605 -0.557572 0.807429 0.677879 0.348871 0.511605 -0.557572 0.805474 0.678027 0.348825 0.511605 -0.557572 0.802542 0.678051 0.348825 0.479928 -0.555234 0.787879 0.677510 0.349025 0.479928 -0.555234 0.684262 
0.677633 0.348963 0.511605 -0.557572 0.807429 0.677879 0.348871 0.511605 -0.557572 0.805474 0.678027 0.348825 0.511605 -0.557572 0.802542 0.678051 0.348825 0.479928 -0.555234 0.787879 0.677510 0.349025 0.479928 -0.555234 0.684262 0.676722 0.349379 0.479928 -0.555234 0.633431 
0.677879 0.348871 0.511605 -0.557572 0.805474 0.678027 0.348825 0.511605 -0.557572 0.802542 0.678051 0.348825 0.479928 -0.555234 0.787879 0.677510 0.349025 0.479928 -0.555234 0.684262 0.676722 0.349379 0.479928 -0.555234 0.633431 0.675714 0.349855 0.479928 -0.555234 0.565005 
0.678027 0.348825 0.511605 -0.557572 0.802542 0.678051 0.348825 0.479928 -0.555234 0.787879 0.677510 0.349025 0.479928 -0.555234 0.684262 0.676722 0.349379 0.479928 -0.555234 0.633431 0.675714 0.349855 0.479928 -0.555234 0.565005 0.674483 0.350501 0.479928 -0.555234 0.471163 
0.678051 0.348825 0.479928 -0.555234 0.787879 0.677510 0.349025 0.479928 -0.555234 0.684262 0.676722 0.349379 0.479928 -0.555234 0.633431 0.675714 0.349855 0.479928 -0.555234 0.565005 0.674483 0.350501 0.479928 -0.555234 0.471163 0.673204 0.351363 0.479928 -0.555234 0.323558 
0.677510 0.349025 0.479928 -0.555234 0.684262 0.676722 0.349379 0.479928 -0.555234 0.633431 0.675714 0.349855 0.479928 -0.555234 0.565005 0.674483 0.350501 0.479928 -0.555234 0.471163 0.673204 0.351363 0.479928 -0.555234 0.323558 0.671801 0.352455 0.479928 -0.555234 0.097752 
0.676722 0.349379 0.479928 -0.555234 0.633431 0.675714 0.349855 0.479928 -0.555234 0.565005 0.674483 0.350501 0.479928 -0.555234 0.471163 0.673204 0.351363 0.479928 -0.555234 0.323558 0.671801 0.352455 0.479928 -0.555234 0.097752 0.668848 0.355300 0.485845 -0.577852 0.000000 
0.675714 0.349855 0.479928 -0.555234 0.565005 0.674483 0.350501 0.479928 -0.555234 0.471163 0.673204 0.351363 0.479928 -0.555234 0.323558 0.671801 0.352455 0.479928 -0.555234 0.097752 0.668848 0.355300 0.485845 -0.577852 0.000000 0.667470 0.357007 0.491399 -0.600593 0.000000 
0.674483 0.350501 0.479928 -0.555234 0.471163 0.673204 0.351363 0.479928 -0.555234 0.323558 0.671801 0.352455 0.479928 -0.555234 0.097752 0.668848 0.355300 0.485845 -0.577852 0.000000 0.667470 0.357007 0.491399 -0.600593 0.000000 0.666166 0.358867 0.500583 -0.594136 0.000000 
0.673204 0.351363 0.479928 -0.555234 0.323558 0.671801 0.352455 0.479928 -0.555234 0.097752 0.668848 0.355300 0.485845 -0.577852 0.000000 0.667470 0.357007 0.491399 -0.600593 0.000000 0.666166 0.358867 0.500583 -0.594136 0.000000 0.664985 0.360882 0.506172 -0.617092 0.000000 
0.671801 0.352455 0.479928 -0.555234 0.097752 0.668848 0.355300 0.485845 -0.577852 0.000000 0.667470 0.357007 0.491399 -0.600593 0.000000 0.666166 0.358867 0.500583 -0.594136 0.000000 0.664985 0.360882 0.506172 -0.617092 0.000000 0.663903 0.362958 0.506172 -0.617092 0.000000 
0.668848 0.355300 0.485845 -0.577852 0.000000 0.667470 0.357007 0.491399 -0.600593 0.000000 0.666166 0.358867 0.500583 -0.594136 0.000000 0.664985 0.360882 0.506172 -0.617092 0.000000 0.663903 0.362958 0.506172 -0.617092 0.000000 0.662844 0.365081 0.481995 -0.606852 0.000000 
0.667470 0.357007 0.491399 -0.600593 0.000000 0.666166 0.358867 0.500583 -0.594136 0.000000 0.664985 0.360882 0.506172 -0.617092 0.000000 0.663903 0.362958 0.506172 -0.617092 0.000000 0.662844 0.365081 0.481995 -0.606852 0.000000 0.661811 0.367203 0.491399 -0.600593 0.000000 
0.666166 0.358867 0.500583 -0.594136 0.000000 0.664985 0.360882 0.506172 -0.617092 0.000000 0.663903 0.362958 0.506172 -0.617092 0.000000 0.662844 0.365081 0.481995 -0.606852 0.000000 0.661811 0.367203 0.491399 -0.600593 0.000000 0.660950 0.369310 0.476840 -0.584222 0.000000 
0.664985 0.360882 0.506172 -0.617092 0.000000 0.663903 0.362958 0.506172 -0.617092 0.000000 0.662844 0.365081 0.481995 -0.606852 0.000000 0.661811 0.367203 0.491399 -0.600593 0.000000 0.660950 0.369310 0.476840 -0.584222 0.000000 0.660950 0.371386 0.434381 -0.535855 0.000000 
0.663903 0.362958 0.506172 -0.617092 0.000000 0.662844 0.365081 0.481995 -0.606852 0.000000 0.661811 0.367203 0.491399 -0.600593 0.000000 0.660950 0.369310 0.476840 -0.584222 0.000000 0.660950 0.371386 0.434381 -0.535855 0.000000 0.659941 0.373508 0.398814 -0.509887 0.000000 
0.662844 0.365081 0.481995 -0.606852 0.000000 0.661811 0.367203 0.491399 -0.600593 0.000000 0.660950 0.369310 0.476840 -0.584222 0.000000 0.660950 0.371386 0.434381 -0.535855 0.000000 0.659941 0.373508 0.398814 -0.509887 0.000000 0.659104 0.375554 0.367254 -0.457552 0.000000 
0.661811 0.367203 0.491399 -0.600593 0.000000 0.660950 0.369310 0.476840 -0.584222 0.000000 0.660950 0.371386 0.434381 -0.535855 0.000000 0.659941 0.373508 0.398814 -0.509887 0.000000 0.659104 0.375554 0.367254 -0.457552 0.000000 0.659104 0.377476 0.310297 -0.377032 0.000000 
0.660950 0.369310 0.476840 -0.584222 0.000000 0.660950 0.371386 0.434381 -0.535855 0.000000 0.659941 0.373508 0.398814 -0.509887 0.000000 0.659104 0.375554 0.367254 -0.457552 0.000000 0.659104 0.377476 0.310297 -0.377032 0.000000 0.659030 0.379291 0.267539 -0.337427 0.000000 
0.660950 0.371386 0.434381 -0.535855 0.000000 0.659941 0.373508 0.398814 -0.509887 0.000000 0.659104 0.375554 0.367254 -0.457552 0.000000 0.659104 0.377476 0.310297 -0.377032 0.000000 0.659030 0.379291 0.267539 -0.337427 0.000000 0.658883 0.380998 0.222170 -0.254244 0.000000 
0.659941 0.373508 0.398814 -0.509887 0.000000 0.659104 0.375554 0.367254 -0.457552 0.000000 0.659104 0.377476 0.310297 -0.377032 0.000000 0.659030 0.379291 0.267539 -0.337427 0.000000 0.658883 0.380998 0.222170 -0.254244 0.000000 0.658883 0.382551 0.177408 -0.196554 0.000000 
0.659104 0.375554 0.367254 -0.457552 0.000000 0.659104 0.377476 0.310297 -0.377032 0.000000 0.659030 0.379291 0.267539 -0.337427 0.000000 0.658883 0.380998 0.222170 -0.254244 0.000000 0.658883 0.382551 0.177408 -0.196554 0.000000 0.659080 0.383966 0.136592 -0.136592 0.000000 
0.659104 0.377476 0.310297 -0.377032 0.000000 0.659030 0.379291 0.267539 -0.337427 0.000000 0.658883 0.380998 0.222170 -0.254244 0.000000 0.658883 0.382551 0.177408 -0.196554 0.000000 0.659080 0.383966 0.136592 -0.136592 0.000000 0.659966 0.385273 0.107247 -0.090093 0.000000 
0.659030 0.379291 0.267539 -0.337427 0.000000 0.658883 0.380998 0.222170 -0.254244 0.000000 0.658883 0.382551 0.177408 -0.196554 0.000000 0.659080 0.383966 0.136592 -0.136592 0.000000 0.659966 0.385273 0.107247 -0.090093 0.000000 0.660876 0.386411 0.069758 -0.052603 0.000000 
0.658883 0.380998 0.222170 -0.254244 0.000000 0.658883 0.382551 0.177408 -0.196554 0.000000 0.659080 0.383966 0.136592 -0.136592 0.000000 0.659966 0.385273 0.107247 -0.090093 0.000000 0.660876 0.386411 0.069758 -0.052603 0.000000 0.661983 0.387488 0.049802 -0.016193 0.000000 
0.658883 0.382551 0.177408 -0.196554 0.000000 0.659080 0.383966 0.136592 -0.136592 0.000000 0.659966 0.385273 0.107247 -0.090093 0.000000 0.660876 0.386411 0.069758 -0.052603 0.000000 0.661983 0.387488 0.049802 -0.016193 0.000000 0.663115 0.388518 0.034907 0.000000 0.000000 
0.659080 0.383966 0.136592 -0.136592 0.000000 0.659966 0.385273 0.107247 -0.090093 0.000000 0.660876 0.386411 0.069758 -0.052603 0.000000 0.661983 0.387488 0.049802 -0.016193 0.000000 0.663115 0.388518 0.034907 0.000000 0.000000 0.664542 0.389548 0.017453 0.000000 0.000000 
0.659966 0.385273 0.107247 -0.090093 0.000000 0.660876 0.386411 0.069758 -0.052603 0.000000 0.661983 0.387488 0.049802 -0.016193 0.000000 0.663115 0.388518 0.034907 0.000000 0.000000 0.664542 0.389548 0.017453 0.000000 0.000000 0.666166 0.390502 0.000000 0.017453 0.000000 
0.660876 0.386411 0.069758 -0.052603 0.000000 0.661983 0.387488 0.049802 -0.016193 0.000000 0.663115 0.388518 0.034907 0.000000 0.000000 0.664542 0.389548 0.017453 0.000000 0.000000 0.666166 0.390502 0.000000 0.017453 0.000000 0.667864 0.391486 0.000000 0.017453 0.000000 
0.661983 0.387488 0.049802 -0.016193 0.000000 0.663115 0.388518 0.034907 0.000000 0.000000 0.664542 0.389548 0.017453 0.000000 0.000000 0.666166 0.390502 0.000000 0.017453 0.000000 0.667864 0.391486 0.000000 0.017453 0.000000 0.669611 0.392501 0.000000 0.017453 0.000000 
0.663115 0.388518 0.034907 0.000000 0.000000 0.664542 0.389548 0.017453 0.000000 0.000000 0.666166 0.390502 0.000000 0.017453 0.000000 0.667864 0.391486 0.000000 0.017453 0.000000 0.669611 0.392501 0.000000 0.017453 0.000000 0.671432 0.393501 0.000000 0.017453 0.000000 
0.664542 0.389548 0.017453 0.000000 0.000000 0.666166 0.390502 0.000000 0.017453 0.000000 0.667864 0.391486 0.000000 0.017453 0.000000 0.669611 0.392501 0.000000 0.017453 0.000000 0.671432 0.393501 0.000000 0.017453 0.000000 0.675074 0.395423 0.000000 0.017453 0.000000 
0.666166 0.390502 0.000000 0.017453 0.000000 0.667864 0.391486 0.000000 0.017453 0.000000 0.669611 0.392501 0.000000 0.017453 0.000000 0.671432 0.393501 0.000000 0.017453 0.000000 0.675074 0.395423 0.000000 0.017453 0.000000 0.673253 0.394470 0.000000 0.017453 0.000000 
0.667864 0.391486 0.000000 0.017453 0.000000 0.669611 0.392501 0.000000 0.017453 0.000000 0.671432 0.393501 0.000000 0.017453 0.000000 0.675074 0.395423 0.000000 0.017453 0.000000 0.673253 0.394470 0.000000 0.017453 0.000000 0.676895 0.396346 -0.012342 0.012342 0.000000 
0.669611 0.392501 0.000000 0.017453 0.000000 0.671432 0.393501 0.000000 0.017453 0.000000 0.675074 0.395423 0.000000 0.017453 0.000000 0.673253 0.394470 0.000000 0.017453 0.000000 0.676895 0.396346 -0.012342 0.012342 0.000000 0.678642 0.397223 -0.017453 0.000000 0.000000 
0.671432 0.393501 0.000000 0.017453 0.000000 0.675074 0.395423 0.000000 0.017453 0.000000 0.673253 0.394470 0.000000 0.017453 0.000000 0.676895 0.396346 -0.012342 0.012342 0.000000 0.678642 0.397223 -0.017453 0.000000 0.000000 0.680315 0.398176 -0.017453 0.000000 0.000000 
0.675074 0.395423 0.000000 0.017453 0.000000 0.673253 0.394470 0.000000 0.017453 0.000000 0.676895 0.396346 -0.012342 0.012342 0.000000 0.678642 0.397223 -0.017453 0.000000 0.000000 0.680315 0.398176 -0.017453 0.000000 0.000000 0.681865 0.399114 -0.017453 0.000000 0.000000 
0.704282 0.409280 0.506172 -0.617092 0.521017 0.703519 0.406881 0.481995 -0.606852 0.536657 0.702780 0.404481 0.481995 -0.606852 0.560117 0.701919 0.402128 0.472372 -0.612916 0.543500 0.700984 0.399775 0.472372 -0.612916 0.567937 0.700049 0.397453 0.472372 -0.612916 0.584555 
0.703519 0.406881 0.481995 -0.606852 0.536657 0.702780 0.404481 0.481995 -0.606852 0.560117 0.701919 0.402128 0.472372 -0.612916 0.543500 0.700984 0.399775 0.472372 -0.612916 0.567937 0.700049 0.397453 0.472372 -0.612916 0.584555 0.697072 0.390902 0.434824 -0.585693 0.612903 
0.702780 0.404481 0.481995 -0.606852 0.560117 0.701919 0.402128 0.472372 -0.612916 0.543500 0.700984 0.399775 0.472372 -0.612916 0.567937 0.700049 0.397453 0.472372 -0.612916 0.584555 0.697072 0.390902 0.434824 -0.585693 0.612903 0.699139 0.395177 0.448566 -0.602186 0.581623 
0.701919 0.402128 0.472372 -0.612916 0.543500 0.700984 0.399775 0.472372 -0.612916 0.567937 0.700049 0.397453 0.472372 -0.612916 0.584555 0.697072 0.390902 0.434824 -0.585693 0.612903 0.699139 0.395177 0.448566 -0.602186 0.581623 0.698105 0.392978 0.448566 -0.602186 0.601173 
0.700984 0.399775 0.472372 -0.612916 0.567937 0.700049 0.397453 0.472372 -0.612916 0.584555 0.697072 0.390902 0.434824 -0.585693 0.612903 0.699139 0.395177 0.448566 -0.602186 0.581623 0.698105 0.392978 0.448566 -0.602186 0.601173 0.696014 0.388918 0.434824 -0.585693 0.611926 
0.700049 0.397453 0.472372 -0.612916 0.584555 0.697072 0.390902 0.434824 -0.585693 0.612903 0.699139 0.395177 0.448566 -0.602186 0.581623 0.698105 0.392978 0.448566 -0.602186 0.601173 0.696014 0.388918 0.434824 -0.585693 0.611926 0.694956 0.386903 0.434824 -0.585693 0.617791 
0.697072 0.390902 0.434824 -0.585693 0.612903 0.699139 0.395177 0.448566 -0.602186 0.581623 0.698105 0.392978 0.448566 -0.602186 0.601173 0.696014 0.388918 0.434824 -0.585693 0.611926 0.694956 0.386903 0.434824 -0.585693 0.617791 0.693922 0.384919 0.434824 -0.585693 0.626588 
0.699139 0.395177 0.448566 -0.602186 0.581623 0.698105 0.392978 0.448566 -0.602186 0.601173 0.696014 0.388918 0.434824 -0.585693 0.611926 0.694956 0.386903 0.434824 -0.585693 0.617791 0.693922 0.384919 0.434824 -0.585693 0.626588 0.692913 0.383059 0.415378 -0.596590 0.651026 
0.698105 0.392978 0.448566 -0.602186 0.601173 0.696014 0.388918 0.434824 -0.585693 0.611926 0.694956 0.386903 0.434824 -0.585693 0.617791 0.693922 0.384919 0.434824 -0.585693 0.626588 0.692913 0.383059 0.415378 -0.596590 0.651026 0.691880 0.381259 0.415378 -0.596590 0.647116 
0.696014 0.388918 0.434824 -0.585693 0.611926 0.694956 0.386903 0.434824 -0.585693 0.617791 0.693922 0.384919 0.434824 -0.585693 0.626588 0.692913 0.383059 0.415378 -0.596590 0.651026 0.691880 0.381259 0.415378 -0.596590 0.647116 0.690846 0.379475 0.415378 -0.596590 0.671554 
0.694956 0.386903 0.434824 -0.585693 0.617791 0.693922 0.384919 0.434824 -0.585693 0.626588 0.692913 0.383059 0.415378 -0.596590 0.651026 0.691880 0.381259 0.415378 -0.596590 0.647116 0.690846 0.379475 0.415378 -0.596590 0.671554 0.689887 0.377691 0.415378 -0.596590 0.659824 
0.693922 0.384919 0.434824 -0.585693 0.626588 0.692913 0.383059 0.415378 -0.596590 0.651026 0.691880 0.381259 0.415378 -0.596590 0.647116 0.690846 0.379475 0.415378 -0.596590 0.671554 0.689887 0.377691 0.415378 -0.596590 0.659824 0.688952 0.375938 0.402310 -0.580051 0.674487 
0.692913 0.383059 0.415378 -0.596590 0.651026 0.691880 0.381259 0.415378 -0.596590 0.647116 0.690846 0.379475 0.415378 -0.596590 0.671554 0.689887 0.377691 0.415378 -0.596590 0.659824 0.688952 0.375938 0.402310 -0.580051 0.674487 0.688066 0.374216 0.402310 -0.580051 0.681329 
0.691880 0.381259 0.415378 -0.596590 0.647116 0.690846 0.379475 0.415378 -0.596590 0.671554 0.689887 0.377691 0.415378 -0.596590 0.659824 0.688952 0.375938 0.402310 -0.580051 0.674487 0.688066 0.374216 0.402310 -0.580051 0.681329 0.687229 0.372509 0.402310 -0.580051 0.696970 
0.690846 0.379475 0.415378 -0.596590 0.671554 0.689887 0.377691 0.415378 -0.596590 0.659824 0.688952 0.375938 0.402310 -0.580051 0.674487 0.688066 0.374216 0.402310 -0.580051 0.681329 0.687229 0.372509 0.402310 -0.580051 0.696970 0.686516 0.370848 0.379922 -0.568639 0.695992 
0.689887 0.377691 0.415378 -0.596590 0.659824 0.688952 0.375938 0.402310 -0.580051 0.674487 0.688066 0.374216 0.402310 -0.580051 0.681329 0.687229 0.372509 0.402310 -0.580051 0.696970 0.686516 0.370848 0.379922 -0.568639 0.695992 0.685851 0.369233 0.379922 -0.568639 0.694037 
0.688952 0.375938 0.402310 -0.580051 0.674487 0.688066 0.374216 0.402310 -0.580051 0.681329 0.687229 0.372509 0.402310 -0.580051 0.696970 0.686516 0.370848 0.379922 -0.568639 0.695992 0.685851 0.369233 0.379922 -0.568639 0.694037 0.685261 0.367664 0.379922 -0.568639 0.709677 
0.688066 0.374216 0.402310 -0.580051 0.681329 0.687229 0.372509 0.402310 -0.580051 0.696970 0.686516 0.370848 0.379922 -0.568639 0.695992 0.685851 0.369233 0.379922 -0.568639 0.694037 0.685261 0.367664 0.379922 -0.568639 0.709677 0.684720 0.366111 0.370214 -0.573503 0.712610 
0.687229 0.372509 0.402310 -0.580051 0.696970 0.686516 0.370848 0.379922 -0.568639 0.695992 0.685851 0.369233 0.379922 -0.568639 0.694037 0.685261 0.367664 0.379922 -0.568639 0.709677 0.684720 0.366111 0.370214 -0.573503 0.712610 0.684252 0.364588 0.370214 -0.573503 0.705767 
0.686516 0.370848 0.379922 -0.568639 0.695992 0.685851 0.369233 0.379922 -0.568639 0.694037 0.685261 0.367664 0.379922 -0.568639 0.709677 0.684720 0.366111 0.370214 -0.573503 0.712610 0.684252 0.364588 0.370214 -0.573503 0.705767 0.683883 0.363020 0.370214 -0.573503 0.706745 
0.685851 0.369233 0.379922 -0.568639 0.694037 0.685261 0.367664 0.379922 -0.568639 0.709677 0.684720 0.366111 0.370214 -0.573503 0.712610 0.684252 0.364588 0.370214 -0.573503 0.705767 0.683883 0.363020 0.370214 -0.573503 0.706745 0.683637 0.361467 0.370214 -0.573503 0.711632 
0.685261 0.367664 0.379922 -0.568639 0.709677 0.684720 0.366111 0.370214 -0.573503 0.712610 0.684252 0.364588 0.370214 -0.573503 0.705767 0.683883 0.363020 0.370214 -0.573503 0.706745 0.683637 0.361467 0.370214 -0.573503 0.711632 0.683391 0.360021 0.370214 -0.573503 0.708700 
0.684720 0.366111 0.370214 -0.573503 0.712610 0.684252 0.364588 0.370214 -0.573503 0.705767 0.683883 0.363020 0.370214 -0.573503 0.706745 0.683637 0.361467 0.370214 -0.573503 0.711632 0.683391 0.360021 0.370214 -0.573503 0.708700 0.683145 0.358637 0.370214 -0.573503 0.712610 
0.684252 0.364588 0.370214 -0.573503 0.705767 0.683883 0.363020 0.370214 -0.573503 0.706745 0.683637 0.361467 0.370214 -0.573503 0.711632 0.683391 0.360021 0.370214 -0.573503 0.708700 0.683145 0.358637 0.370214 -0.573503 0.712610 0.682997 0.357299 0.367517 -0.552205 0.706745 
0.683883 0.363020 0.370214 -0.573503 0.706745 0.683637 0.361467 0.370214 -0.573503 0.711632 0.683391 0.360021 0.370214 -0.573503 0.708700 0.683145 0.358637 0.370214 -0.573503 0.712610 0.682997 0.357299 0.367517 -0.552205 0.706745 0.682874 0.356053 0.367517 -0.552205 0.719453 
0.683637 0.361467 0.370214 -0.573503 0.711632 0.683391 0.360021 0.370214 -0.573503 0.708700 0.683145 0.358637 0.370214 -0.573503 0.712610 0.682997 0.357299 0.367517 -0.552205 0.706745 0.682874 0.356053 0.367517 -0.552205 0.719453 0.682776 0.354884 0.348449 -0.561617 0.715542 
0.683391 0.360021 0.370214 -0.573503 0.708700 0.683145 0.358637 0.370214 -0.573503 0.712610 0.682997 0.357299 0.367517 -0.552205 0.706745 0.682874 0.356053 0.367517 -0.552205 0.719453 0.682776 0.354884 0.348449 -0.561617 0.715542 0.682726 0.353808 0.348449 -0.561617 0.729228 
0.683145 0.358637 0.370214 -0.573503 0.712610 0.682997 0.357299 0.367517 -0.552205 0.706745 0.682874 0.356053 0.367517 -0.552205 0.719453 0.682776 0.354884 0.348449 -0.561617 0.715542 0.682726 0.353808 0.348449 -0.561617 0.729228 0.682653 0.352962 0.348449 -0.561617 0.720430 
0.682997 0.357299 0.367517 -0.552205 0.706745 0.682874 0.356053 0.367517 -0.552205 0.719453 0.682776 0.354884 0.348449 -0.561617 0.715542 0.682726 0.353808 0.348449 -0.561617 0.729228 0.682653 0.352962 0.348449 -0.561617 0.720430 0.682554 0.352270 0.348449 -0.561617 0.723363 
0.682874 0.356053 0.367517 -0.552205 0.719453 0.682776 0.354884 0.348449 -0.561617 0.715542 0.682726 0.353808 0.348449 -0.561617 0.729228 0.682653 0.352962 0.348449 -0.561617 0.720430 0.682554 0.352270 0.348449 -0.561617 0.723363 0.682480 0.351670 0.348449 -0.561617 0.728250 
0.682776 0.354884 0.348449 -0.561617 0.715542 0.682726 0.353808 0.348449 -0.561617 0.729228 0.682653 0.352962 0.348449 -0.561617 0.720430 0.682554 0.352270 0.348449 -0.561617 0.723363 0.682480 0.351670 0.348449 -0.561617 0.728250 0.682382 0.350794 0.338664 -0.566078 0.728250 
0.682726 0.353808 0.348449 -0.561617 0.729228 0.682653 0.352962 0.348449 -0.561617 0.720430 0.682554 0.352270 0.348449 -0.561617 0.723363 0.682480 0.351670 0.348449 -0.561617 0.728250 0.682382 0.350794 0.338664 -0.566078 0.728250 0.682431 0.351178 0.348449 -0.561617 0.729228 
0.682653 0.352962 0.348449 -0.561617 0.720430 0.682554 0.352270 0.348449 -0.561617 0.723363 0.682480 0.351670 0.348449 -0.561617 0.728250 0.682382 0.350794 0.338664 -0.566078 0.728250 0.682431 0.351178 0.348449 -0.561617 0.729228 0.682357 0.350517 0.338664 -0.566078 0.731183 
0.682554 0.352270 0.348449 -0.561617 0.723363 0.682480 0.351670 0.348449 -0.561617 0.728250 0.682382 0.350794 0.338664 -0.566078 0.728250 0.682431 0.351178 0.348449 -0.561617 0.729228 0.682357 0.350517 0.338664 -0.566078 0.731183 0.682308 0.350348 0.338664 -0.566078 0.731183 
0.682480 0.351670 0.348449 -0.561617 0.728250 0.682382 0.350794 0.338664 -0.566078 0.728250 0.682431 0.351178 0.348449 -0.561617 0.729228 0.682357 0.350517 0.338664 -0.566078 0.731183 0.682308 0.350348 0.338664 -0.566078 0.731183 0.682259 0.350271 0.338664 -0.566078 0.736070 
0.682382 0.350794 0.338664 -0.566078 0.728250 0.682431 0.351178 0.348449 -0.561617 0.729228 0.682357 0.350517 0.338664 -0.566078 0.731183 0.682308 0.350348 0.338664 -0.566078 0.731183 0.682259 0.350271 0.338664 -0.566078 0.736070 0.682210 0.350225 0.338664 -0.566078 0.739003 
0.682431 0.351178 0.348449 -0.561617 0.729228 0.682357 0.350517 0.338664 -0.566078 0.731183 0.682308 0.350348 0.338664 -0.566078 0.731183 0.682259 0.350271 0.338664 -0.566078 0.736070 0.682210 0.350225 0.338664 -0.566078 0.739003 0.682185 0.350225 0.338664 -0.566078 0.742913 
0.682357 0.350517 0.338664 -0.566078 0.731183 0.682308 0.350348 0.338664 -0.566078 0.731183 0.682259 0.350271 0.338664 -0.566078 0.736070 0.682210 0.350225 0.338664 -0.566078 0.739003 0.682185 0.350225 0.338664 -0.566078 0.742913 0.682160 0.350225 0.338664 -0.566078 0.747801 
0.682308 0.350348 0.338664 -0.566078 0.731183 0.682259 0.350271 0.338664 -0.566078 0.736070 0.682210 0.350225 0.338664 -0.566078 0.739003 0.682185 0.350225 0.338664 -0.566078 0.742913 0.682160 0.350225 0.338664 -0.566078 0.747801 0.682136 0.350225 0.336767 -0.545110 0.828934 
0.682259 0.350271 0.338664 -0.566078 0.736070 0.682210 0.350225 0.338664 -0.566078 0.739003 0.682185 0.350225 0.338664 -0.566078 0.742913 0.682160 0.350225 0.338664 -0.566078 0.747801 0.682136 0.350225 0.336767 -0.545110 0.828934 0.682111 0.350225 0.338664 -0.566078 0.821114 
0.682210 0.350225 0.338664 -0.566078 0.739003 0.682185 0.350225 0.338664 -0.566078 0.742913 0.682160 0.350225 0.338664 -0.566078 0.747801 0.682136 0.350225 0.336767 -0.545110 0.828934 0.682111 0.350225 0.338664 -0.566078 0.821114 0.682087 0.350225 0.338664 -0.566078 0.820137 
0.682185 0.350225 0.338664 -0.566078 0.742913 0.682160 0.350225 0.338664 -0.566078 0.747801 0.682136 0.350225 0.336767 -0.545110 0.828934 0.682111 0.350225 0.338664 -0.566078 0.821114 0.682087 0.350225 0.338664 -0.566078 0.820137 0.682062 0.350225 0.338664 -0.566078 0.815249 
0.682160 0.350225 0.338664 -0.566078 0.747801 0.682136 0.350225 0.336767 -0.545110 0.828934 0.682111 0.350225 0.338664 -0.566078 0.821114 0.682087 0.350225 0.338664 -0.566078 0.820137 0.682062 0.350225 0.338664 -0.566078 0.815249 0.682037 0.350225 0.338664 -0.566078 0.814272 
0.682136 0.350225 0.336767 -0.545110 0.828934 0.682111 0.350225 0.338664 -0.566078 0.821114 0.682087 0.350225 0.338664 -0.566078 0.820137 0.682062 0.350225 0.338664 -0.566078 0.815249 0.682037 0.350225 0.338664 -0.566078 0.814272 0.682013 0.350225 0.338664 -0.566078 0.815249 
0.682111 0.350225 0.338664 -0.566078 0.821114 0.682087 0.350225 0.338664 -0.566078 0.820137 0.682062 0.350225 0.338664 -0.566078 0.815249 0.682037 0.350225 0.338664 -0.566078 0.814272 0.682013 0.350225 0.338664 -0.566078 0.815249 0.681988 0.350225 0.338664 -0.566078 0.816227 
0.682087 0.350225 0.338664 -0.566078 0.820137 0.682062 0.350225 0.338664 -0.566078 0.815249 0.682037 0.350225 0.338664 -0.566078 0.814272 0.682013 0.350225 0.338664 -0.566078 0.815249 0.681988 0.350225 0.338664 -0.566078 0.816227 0.681988 0.350240 0.338664 -0.566078 0.825024 
0.682062 0.350225 0.338664 -0.566078 0.815249 0.682037 0.350225 0.338664 -0.566078 0.814272 0.682013 0.350225 0.338664 -0.566078 0.815249 0.681988 0.350225 0.338664 -0.566078 0.816227 0.681988 0.350240 0.338664 -0.566078 0.825024 0.681988 0.350255 0.307786 -0.557800 0.827957 
0.682037 0.350225 0.338664 -0.566078 0.814272 0.682013 0.350225 0.338664 -0.566078 0.815249 0.681988 0.350225 0.338664 -0.566078 0.816227 0.681988 0.350240 0.338664 -0.566078 0.825024 0.681988 0.350255 0.307786 -0.557800 0.827957 0.681988 0.350271 0.307786 -0.557800 0.828934 
0.682013 0.350225 0.338664 -0.566078 0.815249 0.681988 0.350225 0.338664 -0.566078 0.816227 0.681988 0.350240 0.338664 -0.566078 0.825024 0.681988 0.350255 0.307786 -0.557800 0.827957 0.681988 0.350271 0.307786 -0.557800 0.828934 0.681988 0.350286 0.307786 -0.557800 0.830890 
0.681988 0.350225 0.338664 -0.566078 0.816227 0.681988 0.350240 0.338664 -0.566078 0.825024 0.681988 0.350255 0.307786 -0.557800 0.827957 0.681988 0.350271 0.307786 -0.557800 0.828934 0.681988 0.350286 0.307786 -0.557800 0.830890 0.681988 0.350301 0.307786 -0.557800 0.831867 
0.681988 0.350240 0.338664 -0.566078 0.825024 0.681988 0.350255 0.307786 -0.557800 0.827957 0.681988 0.350271 0.307786 -0.557800 0.828934 0.681988 0.350286 0.307786 -0.557800 0.830890 0.681988 0.350301 0.307786 -0.557800 0.831867 0.681988 0.350317 0.307786 -0.557800 0.832845 
0.681988 0.350255 0.307786 -0.557800 0.827957 0.681988 0.350271 0.307786 -0.557800 0.828934 0.681988 0.350286 0.307786 -0.557800 0.830890 0.681988 0.350301 0.307786 -0.557800 0.831867 0.681988 0.350317 0.307786 -0.557800 0.832845 0.681988 0.350332 0.307786 -0.557800 0.831867 
0.681988 0.350271 0.307786 -0.557800 0.828934 0.681988 0.350286 0.307786 -0.557800 0.830890 0.681988 0.350301 0.307786 -0.557800 0.831867 0.681988 0.350317 0.307786 -0.557800 0.832845 0.681988 0.350332 0.307786 -0.557800 0.831867 0.681988 0.350348 0.307786 -0.557800 0.832845 
0.681988 0.350286 0.307786 -0.557800 0.830890 0.681988 0.350301 0.307786 -0.557800 0.831867 0.681988 0.350317 0.307786 -0.557800 0.832845 0.681988 0.350332 0.307786 -0.557800 0.831867 0.681988 0.350348 0.307786 -0.557800 0.832845 0.681988 0.350363 0.307786 -0.557800 0.831867 
0.681988 0.350301 0.307786 -0.557800 0.831867 0.681988 0.350317 0.307786 -0.557800 0.832845 0.681988 0.350332 0.307786 -0.557800 0.831867 0.681988 0.350348 0.307786 -0.557800 0.832845 0.681988 0.350363 0.307786 -0.557800 0.831867 0.681988 0.350394 0.307786 -0.557800 0.830890 
0.681988 0.350317 0.307786 -0.557800 0.832845 0.681988 0.350332 0.307786 -0.557800 0.831867 0.681988 0.350348 0.307786 -0.557800 0.832845 0.681988 0.350363 0.307786 -0.557800 0.831867 0.681988 0.350394 0.307786 -0.557800 0.830890 0.681988 0.350409 0.307786 -0.557800 0.829912 
0.681988 0.350332 0.307786 -0.557800 0.831867 0.681988 0.350348 0.307786 -0.557800 0.832845 0.681988 0.350363 0.307786 -0.557800 0.831867 0.681988 0.350394 0.307786 -0.557800 0.830890 0.681988 0.350409 0.307786 -0.557800 0.829912 0.681988 0.350440 0.307786 -0.557800 0.829912 
0.681988 0.350348 0.307786 -0.557800 0.832845 0.681988 0.350363 0.307786 -0.557800 0.831867 0.681988 0.350394 0.307786 -0.557800 0.830890 0.681988 0.350409 0.307786 -0.557800 0.829912 0.681988 0.350440 0.307786 -0.557800 0.829912 0.681988 0.350455 0.307786 -0.557800 0.829912 
0.681988 0.350363 0.307786 -0.557800 0.831867 0.681988 0.350394 0.307786 -0.557800 0.830890 0.681988 0.350409 0.307786 -0.557800 0.829912 0.681988 0.350440 0.307786 -0.557800 0.829912 0.681988 0.350455 0.307786 -0.557800 0.829912 0.681988 0.350471 0.307786 -0.557800 0.827957 
0.681988 0.350394 0.307786 -0.557800 0.830890 0.681988 0.350409 0.307786 -0.557800 0.829912 0.681988 0.350440 0.307786 -0.557800 0.829912 0.681988 0.350455 0.307786 -0.557800 0.829912 0.681988 0.350471 0.307786 -0.557800 0.827957 0.681988 0.350486 0.307786 -0.557800 0.827957 
0.681988 0.350409 0.307786 -0.557800 0.829912 0.681988 0.350440 0.307786 -0.557800 0.829912 0.681988 0.350455 0.307786 -0.557800 0.829912 0.681988 0.350471 0.307786 -0.557800 0.827957 0.681988 0.350486 0.307786 -0.557800 0.827957 0.681988 0.350517 0.307786 -0.557800 0.822092 
0.681988 0.350440 0.307786 -0.557800 0.829912 0.681988 0.350455 0.307786 -0.557800 0.829912 0.681988 0.350471 0.307786 -0.557800 0.827957 0.681988 0.350486 0.307786 -0.557800 0.827957 0.681988 0.350517 0.307786 -0.557800 0.822092 0.681988 0.350563 0.307786 -0.557800 0.818182 
0.681988 0.350455 0.307786 -0.557800 0.829912 0.681988 0.350471 0.307786 -0.557800 0.827957 0.681988 0.350486 0.307786 -0.557800 0.827957 0.681988 0.350517 0.307786 -0.557800 0.822092 0.681988 0.350563 0.307786 -0.557800 0.818182 0.681988 0.350609 0.307786 -0.557800 0.811339 
0.681988 0.350471 0.307786 -0.557800 0.827957 0.681988 0.350486 0.307786 -0.557800 0.827957 0.681988 0.350517 0.307786 -0.557800 0.822092 0.681988 0.350563 0.307786 -0.557800 0.818182 0.681988 0.350609 0.307786 -0.557800 0.811339 0.681988 0.350655 0.307786 -0.557800 0.802542 
0.681988 0.350486 0.307786 -0.557800 0.827957 0.681988 0.350517 0.307786 -0.557800 0.822092 0.681988 0.350563 0.307786 -0.557800 0.818182 0.681988 0.350609 0.307786 -0.557800 0.811339 0.681988 0.350655 0.307786 -0.557800 0.802542 0.681988 0.350717 0.307786 -0.557800 0.791789 
0.681988 0.350517 0.307786 -0.557800 0.822092 0.681988 0.350563 0.307786 -0.557800 0.818182 0.681988 0.350609 0.307786 -0.557800 0.811339 0.681988 0.350655 0.307786 -0.557800 0.802542 0.681988 0.350717 0.307786 -0.557800 0.791789 0.681988 0.350794 0.307786 -0.557800 0.779081 
0.681988 0.350563 0.307786 -0.557800 0.818182 0.681988 0.350609 0.307786 -0.557800 0.811339 0.681988 0.350655 0.307786 -0.557800 0.802542 0.681988 0.350717 0.307786 -0.557800 0.791789 0.681988 0.350794 0.307786 -0.557800 0.779081 0.681988 0.350917 0.307786 -0.557800 0.762463 
0.681988 0.350609 0.307786 -0.557800 0.811339 0.681988 0.350655 0.307786 -0.557800 0.802542 0.681988 0.350717 0.307786 -0.557800 0.791789 0.681988 0.350794 0.307786 -0.557800 0.779081 0.681988 0.350917 0.307786 -0.557800 0.762463 0.681988 0.351055 0.307786 -0.557800 0.740958 
0.681988 0.350655 0.307786 -0.557800 0.802542 0.681988 0.350717 0.307786 -0.557800 0.791789 0.681988 0.350794 0.307786 -0.557800 0.779081 0.681988 0.350917 0.307786 -0.557800 0.762463 0.681988 0.351055 0.307786 -0.557800 0.740958 0.681988 0.351240 0.307786 -0.557800 0.712610 
0.681988 0.350717 0.307786 -0.557800 0.791789 0.681988 0.350794 0.307786 -0.557800 0.779081 0.681988 0.350917 0.307786 -0.557800 0.762463 0.681988 0.351055 0.307786 -0.557800 0.740958 0.681988 0.351240 0.307786 -0.557800 0.712610 0.681988 0.351439 0.307786 -0.557800 0.672532 
0.681988 0.350794 0.307786 -0.557800 0.779081 0.681988 0.350917 0.307786 -0.557800 0.762463 0.681988 0.351055 0.307786 -0.557800 0.740958 0.681988 0.351240 0.307786 -0.557800 0.712610 0.681988 0.351439 0.307786 -0.557800 0.672532 0.681988 0.351747 0.307786 -0.557800 0.611926 
0.681988 0.350917 0.307786 -0.557800 0.762463 0.681988 0.351055 0.307786 -0.557800 0.740958 0.681988 0.351240 0.307786 -0.557800 0.712610 0.681988 0.351439 0.307786 -0.557800 0.672532 0.681988 0.351747 0.307786 -0.557800 0.611926 0.681988 0.352208 0.307786 -0.557800 0.529814 
0.681988 0.351055 0.307786 -0.557800 0.740958 0.681988 0.351240 0.307786 -0.557800 0.712610 0.681988 0.351439 0.307786 -0.557800 0.672532 0.681988 0.351747 0.307786 -0.557800 0.611926 0.681988 0.352208 0.307786 -0.557800 0.529814 0.681939 0.352808 0.307786 -0.557800 0.401760 
0.681988 0.351240 0.307786 -0.557800 0.712610 0.681988 0.351439 0.307786 -0.557800 0.672532 0.681988 0.351747 0.307786 -0.557800 0.611926 0.681988 0.352208 0.307786 -0.557800 0.529814 0.681939 0.352808 0.307786 -0.557800 0.401760 0.681939 0.355592 0.318606 -0.574513 0.000000 
0.681988 0.351439 0.307786 -0.557800 0.672532 0.681988 0.351747 0.307786 -0.557800 0.611926 0.681988 0.352208 0.307786 -0.557800 0.529814 0.681939 0.352808 0.307786 -0.557800 0.401760 0.681939 0.355592 0.318606 -0.574513 0.000000 0.681939 0.353577 0.307786 -0.557800 0.185728 
0.681988 0.351747 0.307786 -0.557800 0.611926 0.681988 0.352208 0.307786 -0.557800 0.529814 0.681939 0.352808 0.307786 -0.557800 0.401760 0.681939 0.355592 0.318606 -0.574513 0.000000 0.681939 0.353577 0.307786 -0.557800 0.185728 0.681939 0.356945 0.318606 -0.574513 0.000000 
0.681988 0.352208 0.307786 -0.557800 0.529814 0.681939 0.352808 0.307786 -0.557800 0.401760 0.681939 0.355592 0.318606 -0.574513 0.000000 0.681939 0.353577 0.307786 -0.557800 0.185728 0.681939 0.356945 0.318606 -0.574513 0.000000 0.682037 0.358606 0.318606 -0.574513 0.000000 
0.681939 0.352808 0.307786 -0.557800 0.401760 0.681939 0.355592 0.318606 -0.574513 0.000000 0.681939 0.353577 0.307786 -0.557800 0.185728 0.681939 0.356945 0.318606 -0.574513 0.000000 0.682037 0.358606 0.318606 -0.574513 0.000000 0.682357 0.360559 0.297821 -0.561716 0.000000 
0.681939 0.355592 0.318606 -0.574513 0.000000 0.681939 0.353577 0.307786 -0.557800 0.185728 0.681939 0.356945 0.318606 -0.574513 0.000000 0.682037 0.358606 0.318606 -0.574513 0.000000 0.682357 0.360559 0.297821 -0.561716 0.000000 0.682357 0.362728 0.287493 -0.544998 0.000000 
0.681939 0.353577 0.307786 -0.557800 0.185728 0.681939 0.356945 0.318606 -0.574513 0.000000 0.682037 0.358606 0.318606 -0.574513 0.000000 0.682357 0.360559 0.297821 -0.561716 0.000000 0.682357 0.362728 0.287493 -0.544998 0.000000 0.682480 0.365142 0.258187 -0.515290 0.000000 
0.681939 0.356945 0.318606 -0.574513 0.000000 0.682037 0.358606 0.318606 -0.574513 0.000000 0.682357 0.360559 0.297821 -0.561716 0.000000 0.682357 0.362728 0.287493 -0.544998 0.000000 0.682480 0.365142 0.258187 -0.515290 0.000000 0.682579 0.367818 0.239323 -0.482080 0.000000 
0.682037 0.358606 0.318606 -0.574513 0.000000 0.682357 0.360559 0.297821 -0.561716 0.000000 0.682357 0.362728 0.287493 -0.544998 0.000000 0.682480 0.365142 0.258187 -0.515290 0.000000 0.682579 0.367818 0.239323 -0.482080 0.000000 0.682579 0.370617 0.219754 -0.429452 0.000000 
0.682357 0.360559 0.297821 -0.561716 0.000000 0.682357 0.362728 0.287493 -0.544998 0.000000 0.682480 0.365142 0.258187 -0.515290 0.000000 0.682579 0.367818 0.239323 -0.482080 0.000000 0.682579 0.370617 0.219754 -0.429452 0.000000 0.681841 0.373554 0.192752 -0.380652 0.000000 
0.682357 0.362728 0.287493 -0.544998 0.000000 0.682480 0.365142 0.258187 -0.515290 0.000000 0.682579 0.367818 0.239323 -0.482080 0.000000 0.682579 0.370617 0.219754 -0.429452 0.000000 0.681841 0.373554 0.192752 -0.380652 0.000000 0.680438 0.376538 0.160827 -0.334802 0.000000 
0.595103 0.359052 -0.031105 -0.015852 0.000000 0.601895 0.357422 -0.012342 -0.012342 0.000000 0.608342 0.355853 0.000000 -0.034907 0.000000 0.614518 0.354361 0.000000 -0.034907 0.000000 0.620374 0.352962 0.039083 -0.057907 0.000000 0.625935 0.351686 0.052603 -0.069758 0.000000 
0.601895 0.357422 -0.012342 -0.012342 0.000000 0.608342 0.355853 0.000000 -0.034907 0.000000 0.614518 0.354361 0.000000 -0.034907 0.000000 0.620374 0.352962 0.039083 -0.057907 0.000000 0.625935 0.351686 0.052603 -0.069758 0.000000 0.631152 0.350501 0.090093 -0.107247 0.000000 
0.608342 0.355853 0.000000 -0.034907 0.000000 0.614518 0.354361 0.000000 -0.034907 0.000000 0.620374 0.352962 0.039083 -0.057907 0.000000 0.625935 0.351686 0.052603 -0.069758 0.000000 0.631152 0.350501 0.090093 -0.107247 0.000000 0.635851 0.349409 0.124042 -0.124042 0.000000 
0.614518 0.354361 0.000000 -0.034907 0.000000 0.620374 0.352962 0.039083 -0.057907 0.000000 0.625935 0.351686 0.052603 -0.069758 0.000000 0.631152 0.350501 0.090093 -0.107247 0.000000 0.635851 0.349409 0.124042 -0.124042 0.000000 0.639961 0.348456 0.156666 -0.141281 0.000000 
0.620374 0.352962 0.039083 -0.057907 0.000000 0.625935 0.351686 0.052603 -0.069758 0.000000 0.631152 0.350501 0.090093 -0.107247 0.000000 0.635851 0.349409 0.124042 -0.124042 0.000000 0.639961 0.348456 0.156666 -0.141281 0.000000 0.643455 0.347625 0.196554 -0.177408 0.000000 
0.625935 0.351686 0.052603 -0.069758 0.000000 0.631152 0.350501 0.090093 -0.107247 0.000000 0.635851 0.349409 0.124042 -0.124042 0.000000 0.639961 0.348456 0.156666 -0.141281 0.000000 0.643455 0.347625 0.196554 -0.177408 0.000000 0.646457 0.346933 0.219979 -0.205563 0.000000 
0.631152 0.350501 0.090093 -0.107247 0.000000 0.635851 0.349409 0.124042 -0.124042 0.000000 0.639961 0.348456 0.156666 -0.141281 0.000000 0.643455 0.347625 0.196554 -0.177408 0.000000 0.646457 0.346933 0.219979 -0.205563 0.000000 0.649090 0.346933 0.254244 -0.222170 0.000000 
0.635851 0.349409 0.124042 -0.124042 0.000000 0.639961 0.348456 0.156666 -0.141281 0.000000 0.643455 0.347625 0.196554 -0.177408 0.000000 0.646457 0.346933 0.219979 -0.205563 0.000000 0.649090 0.346933 0.254244 -0.222170 0.000000 0.651280 0.347087 0.295967 -0.259107 0.000000 
0.639961 0.348456 0.156666 -0.141281 0.000000 0.643455 0.347625 0.196554 -0.177408 0.000000 0.646457 0.346933 0.219979 -0.205563 0.000000 0.649090 0.346933 0.254244 -0.222170 0.000000 0.651280 0.347087 0.295967 -0.259107 0.000000 0.653076 0.347087 0.333584 -0.302448 0.000000 
0.643455 0.347625 0.196554 -0.177408 0.000000 0.646457 0.346933 0.219979 -0.205563 0.000000 0.649090 0.346933 0.254244 -0.222170 0.000000 0.651280 0.347087 0.295967 -0.259107 0.000000 0.653076 0.347087 0.333584 -0.302448 0.000000 0.654478 0.347087 0.361968 -0.328580 0.000000 
0.646457 0.346933 0.219979 -0.205563 0.000000 0.649090 0.346933 0.254244 -0.222170 0.000000 0.651280 0.347087 0.295967 -0.259107 0.000000 0.653076 0.347087 0.333584 -0.302448 0.000000 0.654478 0.347087 0.361968 -0.328580 0.000000 0.654429 0.346964 0.396218 -0.348791 0.000000 
0.649090 0.346933 0.254244 -0.222170 0.000000 0.651280 0.347087 0.295967 -0.259107 0.000000 0.653076 0.347087 0.333584 -0.302448 0.000000 0.654478 0.347087 0.361968 -0.328580 0.000000 0.654429 0.346964 0.396218 -0.348791 0.000000 0.655635 0.346518 0.440666 -0.389055 0.000000 
0.651280 0.347087 0.295967 -0.259107 0.000000 0.653076 0.347087 0.333584 -0.302448 0.000000 0.654478 0.347087 0.361968 -0.328580 0.000000 0.654429 0.346964 0.396218 -0.348791 0.000000 0.655635 0.346518 0.440666 -0.389055 0.000000 0.656595 0.345934 0.470868 -0.416614 0.000000 
0.653076 0.347087 0.333584 -0.302448 0.000000 0.654478 0.347087 0.361968 -0.328580 0.000000 0.654429 0.346964 0.396218 -0.348791 0.000000 0.655635 0.346518 0.440666 -0.389055 0.000000 0.656595 0.345934 0.470868 -0.416614 0.000000 0.656742 0.345595 0.486150 -0.430625 0.000000 
0.654478 0.347087 0.361968 -0.328580 0.000000 0.654429 0.346964 0.396218 -0.348791 0.000000 0.655635 0.346518 0.440666 -0.389055 0.000000 0.656595 0.345934 0.470868 -0.416614 0.000000 0.656742 0.345595 0.486150 -0.430625 0.000000 0.656742 0.345488 0.532770 -0.473653 0.000000 
0.654429 0.346964 0.396218 -0.348791 0.000000 0.655635 0.346518 0.440666 -0.389055 0.000000 0.656595 0.345934 0.470868 -0.416614 0.000000 0.656742 0.345595 0.486150 -0.430625 0.000000 0.656742 0.345488 0.532770 -0.473653 0.000000 0.656447 0.345488 0.594136 -0.500583 0.000000 
0.655635 0.346518 0.440666 -0.389055 0.000000 0.656595 0.345934 0.470868 -0.416614 0.000000 0.656742 0.345595 0.486150 -0.430625 0.000000 0.656742 0.345488 0.532770 -0.473653 0.000000 0.656447 0.345488 0.594136 -0.500583 0.000000 0.656422 0.345488 0.603813 -0.524662 0.000000 
0.656595 0.345934 0.470868 -0.416614 0.000000 0.656742 0.345595 0.486150 -0.430625 0.000000 0.656742 0.345488 0.532770 -0.473653 0.000000 0.656447 0.345488 0.594136 -0.500583 0.000000 0.656422 0.345488 0.603813 -0.524662 0.000000 0.655881 0.345734 0.633723 -0.521168 0.000000 
0.656742 0.345595 0.486150 -0.430625 0.000000 0.656742 0.345488 0.532770 -0.473653 0.000000 0.656447 0.345488 0.594136 -0.500583 0.000000 0.656422 0.345488 0.603813 -0.524662 0.000000 0.655881 0.345734 0.633723 -0.521168 0.000000 0.655758 0.346041 0.643809 -0.546082 0.000000 
0.656742 0.345488 0.532770 -0.473653 0.000000 0.656447 0.345488 0.594136 -0.500583 0.000000 0.656422 0.345488 0.603813 -0.524662 0.000000 0.655881 0.345734 0.633723 -0.521168 0.000000 0.655758 0.346041 0.643809 -0.546082 0.000000 0.655709 0.346349 0.667388 -0.551856 0.000000 
0.656447 0.345488 0.594136 -0.500583 0.000000 0.656422 0.345488 0.603813 -0.524662 0.000000 0.655881 0.345734 0.633723 -0.521168 0.000000 0.655758 0.346041 0.643809 -0.546082 0.000000 0.655709 0.346349 0.667388 -0.551856 0.000000 0.655364 0.346457 0.673908 -0.541753 0.000000 
0.656422 0.345488 0.603813 -0.524662 0.000000 0.655881 0.345734 0.633723 -0.521168 0.000000 0.655758 0.346041 0.643809 -0.546082 0.000000 0.655709 0.346349 0.667388 -0.551856 0.000000 0.655364 0.346457 0.673908 -0.541753 0.000000 0.655266 0.346749 0.684427 -0.567563 0.000000 
0.655881 0.345734 0.633723 -0.521168 0.000000 0.655758 0.346041 0.643809 -0.546082 0.000000 0.655709 0.346349 0.667388 -0.551856 0.000000 0.655364 0.346457 0.673908 -0.541753 0.000000 0.655266 0.346749 0.684427 -0.567563 0.000000 0.655266 0.346841 0.684427 -0.567563 0.000000 
0.655758 0.346041 0.643809 -0.546082 0.000000 0.655709 0.346349 0.667388 -0.551856 0.000000 0.655364 0.346457 0.673908 -0.541753 0.000000 0.655266 0.346749 0.684427 -0.567563 0.000000 0.655266 0.346841 0.684427 -0.567563 0.000000 0.655463 0.347118 0.684427 -0.567563 0.000000 
0.655709 0.346349 0.667388 -0.551856 0.000000 0.655364 0.346457 0.673908 -0.541753 0.000000 0.655266 0.346749 0.684427 -0.567563 0.000000 0.655266 0.346841 0.684427 -0.567563 0.000000 0.655463 0.347118 0.684427 -0.567563 0.000000 0.656152 0.347180 0.690996 -0.557302 0.000000 
0.655364 0.346457 0.673908 -0.541753 0.000000 0.655266 0.346749 0.684427 -0.567563 0.000000 0.655266 0.346841 0.684427 -0.567563 0.000000 0.655463 0.347118 0.684427 -0.567563 0.000000 0.656152 0.347180 0.690996 -0.557302 0.000000 0.657087 0.347241 0.690996 -0.557302 0.000000 
0.655266 0.346749 0.684427 -0.567563 0.000000 0.655266 0.346841 0.684427 -0.567563 0.000000 0.655463 0.347118 0.684427 -0.567563 0.000000 0.656152 0.347180 0.690996 -0.557302 0.000000 0.657087 0.347241 0.690996 -0.557302 0.000000 0.658194 0.347272 0.690996 -0.557302 0.000000 
0.655266 0.346841 0.684427 -0.567563 0.000000 0.655463 0.347118 0.684427 -0.567563 0.000000 0.656152 0.347180 0.690996 -0.557302 0.000000 0.657087 0.347241 0.690996 -0.557302 0.000000 0.658194 0.347272 0.690996 -0.557302 0.000000 0.659449 0.347303 0.690996 -0.557302 0.000000 
0.655463 0.347118 0.684427 -0.567563 0.000000 0.656152 0.347180 0.690996 -0.557302 0.000000 0.657087 0.347241 0.690996 -0.557302 0.000000 0.658194 0.347272 0.690996 -0.557302 0.000000 0.659449 0.347303 0.690996 -0.557302 0.000000 0.660802 0.347395 0.690996 -0.557302 0.000000 
0.656152 0.347180 0.690996 -0.557302 0.000000 0.657087 0.347241 0.690996 -0.557302 0.000000 0.658194 0.347272 0.690996 -0.557302 0.000000 0.659449 0.347303 0.690996 -0.557302 0.000000 0.660802 0.347395 0.690996 -0.557302 0.000000 0.662303 0.347472 0.690996 -0.557302 0.000000 
0.657087 0.347241 0.690996 -0.557302 0.000000 0.658194 0.347272 0.690996 -0.557302 0.000000 0.659449 0.347303 0.690996 -0.557302 0.000000 0.660802 0.347395 0.690996 -0.557302 0.000000 0.662303 0.347472 0.690996 -0.557302 0.000000 0.663804 0.347533 0.690996 -0.557302 0.000000 
0.658194 0.347272 0.690996 -0.557302 0.000000 0.659449 0.347303 0.690996 -0.557302 0.000000 0.660802 0.347395 0.690996 -0.557302 0.000000 0.662303 0.347472 0.690996 -0.557302 0.000000 0.663804 0.347533 0.690996 -0.557302 0.000000 0.665330 0.347595 0.690996 -0.557302 0.000000 
0.659449 0.347303 0.690996 -0.557302 0.000000 0.660802 0.347395 0.690996 -0.557302 0.000000 0.662303 0.347472 0.690996 -0.557302 0.000000 0.663804 0.347533 0.690996 -0.557302 0.000000 0.665330 0.347595 0.690996 -0.557302 0.000000 0.666806 0.347641 0.690996 -0.557302 0.000000 
0.660802 0.347395 0.690996 -0.557302 0.000000 0.662303 0.347472 0.690996 -0.557302 0.000000 0.663804 0.347533 0.690996 -0.557302 0.000000 0.665330 0.347595 0.690996 -0.557302 0.000000 0.666806 0.347641 0.690996 -0.557302 0.000000 0.668159 0.347672 0.690996 -0.557302 0.000000 
0.662303 0.347472 0.690996 -0.557302 0.000000 0.663804 0.347533 0.690996 -0.557302 0.000000 0.665330 0.347595 0.690996 -0.557302 0.000000 0.666806 0.347641 0.690996 -0.557302 0.000000 0.668159 0.347672 0.690996 -0.557302 0.000000 0.669439 0.347718 0.720771 -0.551438 0.000000 
0.663804 0.347533 0.690996 -0.557302 0.000000 0.665330 0.347595 0.690996 -0.557302 0.000000 0.666806 0.347641 0.690996 -0.557302 0.000000 0.668159 0.347672 0.690996 -0.557302 0.000000 0.669439 0.347718 0.720771 -0.551438 0.000000 0.670571 0.347795 0.720771 -0.551438 0.000000 
0.665330 0.347595 0.690996 -0.557302 0.000000 0.666806 0.347641 0.690996 -0.557302 0.000000 0.668159 0.347672 0.690996 -0.557302 0.000000 0.669439 0.347718 0.720771 -0.551438 0.000000 0.670571 0.347795 0.720771 -0.551438 0.000000 0.671580 0.347872 0.720771 -0.551438 0.000000 
0.666806 0.347641 0.690996 -0.557302 0.000000 0.668159 0.347672 0.690996 -0.557302 0.000000 0.669439 0.347718 0.720771 -0.551438 0.000000 0.670571 0.347795 0.720771 -0.551438 0.000000 0.671580 0.347872 0.720771 -0.551438 0.000000 0.672441 0.348010 0.720771 -0.551438 0.000000 
0.668159 0.347672 0.690996 -0.557302 0.000000 0.669439 0.347718 0.720771 -0.551438 0.000000 0.670571 0.347795 0.720771 -0.551438 0.000000 0.671580 0.347872 0.720771 -0.551438 0.000000 0.672441 0.348010 0.720771 -0.551438 0.000000 0.673204 0.348087 0.720771 -0.551438 0.000000 
0.669439 0.347718 0.720771 -0.551438 0.000000 0.670571 0.347795 0.720771 -0.551438 0.000000 0.671580 0.347872 0.720771 -0.551438 0.000000 0.672441 0.348010 0.720771 -0.551438 0.000000 0.673204 0.348087 0.720771 -0.551438 0.000000 0.673450 0.348271 0.720771 -0.551438 0.000000 
0.670571 0.347795 0.720771 -0.551438 0.000000 0.671580 0.347872 0.720771 -0.551438 0.000000 0.672441 0.348010 0.720771 -0.551438 0.000000 0.673204 0.348087 0.720771 -0.551438 0.000000 0.673450 0.348271 0.720771 -0.551438 0.000000 0.674385 0.348348 0.703481 -0.535963 0.000000 
0.671580 0.347872 0.720771 -0.551438 0.000000 0.672441 0.348010 0.720771 -0.551438 0.000000 0.673204 0.348087 0.720771 -0.551438 0.000000 0.673450 0.348271 0.720771 -0.551438 0.000000 0.674385 0.348348 0.703481 -0.535963 0.000000 0.674828 0.348456 0.703481 -0.535963 0.000000 
0.672441 0.348010 0.720771 -0.551438 0.000000 0.673204 0.348087 0.720771 -0.551438 0.000000 0.673450 0.348271 0.720771 -0.551438 0.000000 0.674385 0.348348 0.703481 -0.535963 0.000000 0.674828 0.348456 0.703481 -0.535963 0.000000 0.675000 0.348548 0.703481 -0.535963 0.000000 
0.673204 0.348087 0.720771 -0.551438 0.000000 0.673450 0.348271 0.720771 -0.551438 0.000000 0.674385 0.348348 0.703481 -0.535963 0.000000 0.674828 0.348456 0.703481 -0.535963 0.000000 0.675000 0.348548 0.703481 -0.535963 0.000000 0.675541 0.348671 0.703481 -0.535963 0.000000 
0.673450 0.348271 0.720771 -0.551438 0.000000 0.674385 0.348348 0.703481 -0.535963 0.000000 0.674828 0.348456 0.703481 -0.535963 0.000000 0.675000 0.348548 0.703481 -0.535963 0.000000 0.675541 0.348671 0.703481 -0.535963 0.000000 0.675837 0.348717 0.697880 -0.498718 0.000000 
0.674385 0.348348 0.703481 -0.535963 0.000000 0.674828 0.348456 0.703481 -0.535963 0.000000 0.675000 0.348548 0.703481 -0.535963 0.000000 0.675541 0.348671 0.703481 -0.535963 0.000000 0.675837 0.348717 0.697880 -0.498718 0.000000 0.676058 0.348717 0.675102 -0.495138 0.000000 
0.674828 0.348456 0.703481 -0.535963 0.000000 0.675000 0.348548 0.703481 -0.535963 0.000000 0.675541 0.348671 0.703481 -0.535963 0.000000 0.675837 0.348717 0.697880 -0.498718 0.000000 0.676058 0.348717 0.675102 -0.495138 0.000000 0.676329 0.348717 0.675102 -0.495138 0.000000 
0.675000 0.348548 0.703481 -0.535963 0.000000 0.675541 0.348671 0.703481 -0.535963 0.000000 0.675837 0.348717 0.697880 -0.498718 0.000000 0.676058 0.348717 0.675102 -0.495138 0.000000 0.676329 0.348717 0.675102 -0.495138 0.000000 0.676870 0.348717 0.658116 -0.480665 0.000000 
0.675541 0.348671 0.703481 -0.535963 0.000000 0.675837 0.348717 0.697880 -0.498718 0.000000 0.676058 0.348717 0.675102 -0.495138 0.000000 0.676329 0.348717 0.675102 -0.495138 0.000000 0.676870 0.348717 0.658116 -0.480665 0.000000 0.676624 0.348717 0.675102 -0.495138 0.000000 
0.675837 0.348717 0.697880 -0.498718 0.000000 0.676058 0.348717 0.675102 -0.495138 0.000000 0.676329 0.348717 0.675102 -0.495138 0.000000 0.676870 0.348717 0.658116 -0.480665 0.000000 0.676624 0.348717 0.675102 -0.495138 0.000000 0.677092 0.348656 0.658116 -0.480665 0.000000 
0.676058 0.348717 0.675102 -0.495138 0.000000 0.676329 0.348717 0.675102 -0.495138 0.000000 0.676870 0.348717 0.658116 -0.480665 0.000000 0.676624 0.348717 0.675102 -0.495138 0.000000 0.677092 0.348656 0.658116 -0.480665 0.000000 0.677657 0.348456 0.641237 -0.466443 0.000000 
0.676329 0.348717 0.675102 -0.495138 0.000000 0.676870 0.348717 0.658116 -0.480665 0.000000 0.676624 0.348717 0.675102 -0.495138 0.000000 0.677092 0.348656 0.658116 -0.480665 0.000000 0.677657 0.348456 0.641237 -0.466443 0.000000 0.677362 0.348548 0.652320 -0.491152 0.000000 
0.676870 0.348717 0.658116 -0.480665 0.000000 0.676624 0.348717 0.675102 -0.495138 0.000000 0.677092 0.348656 0.658116 -0.480665 0.000000 0.677657 0.348456 0.641237 -0.466443 0.000000 0.677362 0.348548 0.652320 -0.491152 0.000000 0.677904 0.348394 0.641237 -0.466443 0.000000 
0.676624 0.348717 0.675102 -0.495138 0.000000 0.677092 0.348656 0.658116 -0.480665 0.000000 0.677657 0.348456 0.641237 -0.466443 0.000000 0.677362 0.348548 0.652320 -0.491152 0.000000 0.677904 0.348394 0.641237 -0.466443 0.000000 0.678174 0.348379 0.624465 -0.452465 0.000000 
0.677092 0.348656 0.658116 -0.480665 0.000000 0.677657 0.348456 0.641237 -0.466443 0.000000 0.677362 0.348548 0.652320 -0.491152 0.000000 0.677904 0.348394 0.641237 -0.466443 0.000000 0.678174 0.348379 0.624465 -0.452465 0.000000 0.678371 0.348379 0.624465 -0.452465 0.000000 
0.677657 0.348456 0.641237 -0.466443 0.000000 0.677362 0.348548 0.652320 -0.491152 0.000000 0.677904 0.348394 0.641237 -0.466443 0.000000 0.678174 0.348379 0.624465 -0.452465 0.000000 0.678371 0.348379 0.624465 -0.452465 0.000000 0.678494 0.348379 0.602186 -0.448566 0.111437 
0.677362 0.348548 0.652320 -0.491152 0.000000 0.677904 0.348394 0.641237 -0.466443 0.000000 0.678174 0.348379 0.624465 -0.452465 0.000000 0.678371 0.348379 0.624465 -0.452465 0.000000 0.678494 0.348379 0.602186 -0.448566 0.111437 0.678617 0.348379 0.607797 -0.438721 0.172043 
0.677904 0.348394 0.641237 -0.466443 0.000000 0.678174 0.348379 0.624465 -0.452465 0.000000 0.678371 0.348379 0.624465 -0.452465 0.000000 0.678494 0.348379 0.602186 -0.448566 0.111437 0.678617 0.348379 0.607797 -0.438721 0.172043 0.678765 0.348379 0.607797 -0.438721 0.210166 
0.678174 0.348379 0.624465 -0.452465 0.000000 0.678371 0.348379 0.624465 -0.452465 0.000000 0.678494 0.348379 0.602186 -0.448566 0.111437 0.678617 0.348379 0.607797 -0.438721 0.172043 0.678765 0.348379 0.607797 -0.438721 0.210166 0.678691 0.348379 0.585693 -0.434824 0.350929 
0.678371 0.348379 0.624465 -0.452465 0.000000 0.678494 0.348379 0.602186 -0.448566 0.111437 0.678617 0.348379 0.607797 -0.438721 0.172043 0.678765 0.348379 0.607797 -0.438721 0.210166 0.678691 0.348379 0.585693 -0.434824 0.350929 0.678273 0.348379 0.585693 -0.434824 0.367546 
0.678494 0.348379 0.602186 -0.448566 0.111437 0.678617 0.348379 0.607797 -0.438721 0.172043 0.678765 0.348379 0.607797 -0.438721 0.210166 0.678691 0.348379 0.585693 -0.434824 0.350929 0.678273 0.348379 0.585693 -0.434824 0.367546 0.677657 0.348379 0.585693 -0.434824 0.380254 
0.678617 0.348379 0.607797 -0.438721 0.172043 0.678765 0.348379 0.607797 -0.438721 0.210166 0.678691 0.348379 0.585693 -0.434824 0.350929 0.678273 0.348379 0.585693 -0.434824 0.367546 0.677657 0.348379 0.585693 -0.434824 0.380254 0.676821 0.348379 0.607797 -0.438721 0.392962 
0.678765 0.348379 0.607797 -0.438721 0.210166 0.678691 0.348379 0.585693 -0.434824 0.350929 0.678273 0.348379 0.585693 -0.434824 0.367546 0.677657 0.348379 0.585693 -0.434824 0.380254 0.676821 0.348379 0.607797 -0.438721 0.392962 0.675664 0.348379 0.607797 -0.438721 0.415445 
0.678691 0.348379 0.585693 -0.434824 0.350929 0.678273 0.348379 0.585693 -0.434824 0.367546 0.677657 0.348379 0.585693 -0.434824 0.380254 0.676821 0.348379 0.607797 -0.438721 0.392962 0.675664 0.348379 0.607797 -0.438721 0.415445 0.674213 0.348379 0.607797 -0.438721 0.455523 
0.678273 0.348379 0.585693 -0.434824 0.367546 0.677657 0.348379 0.585693 -0.434824 0.380254 0.676821 0.348379 0.607797 -0.438721 0.392962 0.675664 0.348379 0.607797 -0.438721 0.415445 0.674213 0.348379 0.607797 -0.438721 0.455523 0.672441 0.348379 0.607797 -0.438721 0.492669 
0.677657 0.348379 0.585693 -0.434824 0.380254 0.676821 0.348379 0.607797 -0.438721 0.392962 0.675664 0.348379 0.607797 -0.438721 0.415445 0.674213 0.348379 0.607797 -0.438721 0.455523 0.672441 0.348379 0.607797 -0.438721 0.492669 0.670325 0.348379 0.607797 -0.438721 0.510264 
0.676821 0.348379 0.607797 -0.438721 0.392962 0.675664 0.348379 0.607797 -0.438721 0.415445 0.674213 0.348379 0.607797 -0.438721 0.455523 0.672441 0.348379 0.607797 -0.438721 0.492669 0.670325 0.348379 0.607797 -0.438721 0.510264 0.667790 0.348456 0.607797 -0.438721 0.538612 
0.675664 0.348379 0.607797 -0.438721 0.415445 0.674213 0.348379 0.607797 -0.438721 0.455523 0.672441 0.348379 0.607797 -0.438721 0.492669 0.670325 0.348379 0.607797 -0.438721 0.510264 0.667790 0.348456 0.607797 -0.438721 0.538612 0.664862 0.348656 0.607797 -0.438721 0.574780 
0.674213 0.348379 0.607797 -0.438721 0.455523 0.672441 0.348379 0.607797 -0.438721 0.492669 0.670325 0.348379 0.607797 -0.438721 0.510264 0.667790 0.348456 0.607797 -0.438721 0.538612 0.664862 0.348656 0.607797 -0.438721 0.574780 0.661565 0.348887 0.607797 -0.438721 0.588465 
0.672441 0.348379 0.607797 -0.438721 0.492669 0.670325 0.348379 0.607797 -0.438721 0.510264 0.667790 0.348456 0.607797 -0.438721 0.538612 0.664862 0.348656 0.607797 -0.438721 0.574780 0.661565 0.348887 0.607797 -0.438721 0.588465 0.657874 0.349163 0.607797 -0.438721 0.607038 
0.670325 0.348379 0.607797 -0.438721 0.510264 0.667790 0.348456 0.607797 -0.438721 0.538612 0.664862 0.348656 0.607797 -0.438721 0.574780 0.661565 0.348887 0.607797 -0.438721 0.588465 0.657874 0.349163 0.607797 -0.438721 0.607038 0.653839 0.349502 0.618467 -0.418400 0.621701 
0.667790 0.348456 0.607797 -0.438721 0.538612 0.664862 0.348656 0.607797 -0.438721 0.574780 0.661565 0.348887 0.607797 -0.438721 0.588465 0.657874 0.349163 0.607797 -0.438721 0.607038 0.653839 0.349502 0.618467 -0.418400 0.621701 0.649286 0.349886 0.618467 -0.418400 0.638319 
0.664862 0.348656 0.607797 -0.438721 0.574780 0.661565 0.348887 0.607797 -0.438721 0.588465 0.657874 0.349163 0.607797 -0.438721 0.607038 0.653839 0.349502 0.618467 -0.418400 0.621701 0.649286 0.349886 0.618467 -0.418400 0.638319 0.644316 0.350332 0.618467 -0.418400 0.650049 
0.661565 0.348887 0.607797 -0.438721 0.588465 0.657874 0.349163 0.607797 -0.438721 0.607038 0.653839 0.349502 0.618467 -0.418400 0.621701 0.649286 0.349886 0.618467 -0.418400 0.638319 0.644316 0.350332 0.618467 -0.418400 0.650049 0.638952 0.350778 0.618467 -0.418400 0.664712 
0.653839 0.349502 0.618467 -0.418400 0.621701 0.649286 0.349886 0.618467 -0.418400 0.638319 0.644316 0.350332 0.618467 -0.418400 0.650049 0.638952 0.350778 0.618467 -0.418400 0.664712 0.621137 0.352331 0.606769 -0.395134 0.695992 0.633292 0.351255 0.606769 -0.395134 0.672532 
0.649286 0.349886 0.618467 -0.418400 0.638319 0.644316 0.350332 0.618467 -0.418400 0.650049 0.638952 0.350778 0.618467 -0.418400 0.664712 0.621137 0.352331 0.606769 -0.395134 0.695992 0.633292 0.351255 0.606769 -0.395134 0.672532 0.627362 0.351778 0.606769 -0.395134 0.672532 
