0.627780 0.405066 0.451070 -0.523528 0.481916 0.627682 0.403682 0.442817 -0.529780 0.485826 0.627633 0.402328 0.442817 -0.529780 0.487781 0.627559 0.401021 0.442817 -0.529780 0.493646 0.627510 0.399745 0.442817 -0.529780 0.488759 0.627461 0.398422 0.442817 -0.529780 0.494624 
0.627682 0.403682 0.442817 -0.529780 0.485826 0.627633 0.402328 0.442817 -0.529780 0.487781 0.627559 0.401021 0.442817 -0.529780 0.493646 0.627510 0.399745 0.442817 -0.529780 0.488759 0.627461 0.398422 0.442817 -0.529780 0.494624 0.627411 0.397100 0.442817 -0.529780 0.488759 
0.627633 0.402328 0.442817 -0.529780 0.487781 0.627559 0.401021 0.442817 -0.529780 0.493646 0.627510 0.399745 0.442817 -0.529780 0.488759 0.627461 0.398422 0.442817 -0.529780 0.494624 0.627411 0.397100 0.442817 -0.529780 0.488759 0.627338 0.395762 0.442817 -0.529780 0.492669 
0.627559 0.401021 0.442817 -0.529780 0.493646 0.627510 0.399745 0.442817 -0.529780 0.488759 0.627461 0.398422 0.442817 -0.529780 0.494624 0.627411 0.397100 0.442817 -0.529780 0.488759 0.627338 0.395762 0.442817 -0.529780 0.492669 0.627264 0.394424 0.442817 -0.529780 0.489736 
0.627510 0.399745 0.442817 -0.529780 0.488759 0.627461 0.398422 0.442817 -0.529780 0.494624 0.627411 0.397100 0.442817 -0.529780 0.488759 0.627338 0.395762 0.442817 -0.529780 0.492669 0.627264 0.394424 0.442817 -0.529780 0.489736 0.627190 0.393086 0.442817 -0.529780 0.485826 
0.627461 0.398422 0.442817 -0.529780 0.494624 0.627411 0.397100 0.442817 -0.529780 0.488759 0.627338 0.395762 0.442817 -0.529780 0.492669 0.627264 0.394424 0.442817 -0.529780 0.489736 0.627190 0.393086 0.442817 -0.529780 0.485826 0.627092 0.391763 0.442817 -0.529780 0.498534 
0.627411 0.397100 0.442817 -0.529780 0.488759 0.627338 0.395762 0.442817 -0.529780 0.492669 0.627264 0.394424 0.442817 -0.529780 0.489736 0.627190 0.393086 0.442817 -0.529780 0.485826 0.627092 0.391763 0.442817 -0.529780 0.498534 0.627042 0.390410 0.442817 -0.529780 0.497556 
0.627338 0.395762 0.442817 -0.529780 0.492669 0.627264 0.394424 0.442817 -0.529780 0.489736 0.627190 0.393086 0.442817 -0.529780 0.485826 0.627092 0.391763 0.442817 -0.529780 0.498534 0.627042 0.390410 0.442817 -0.529780 0.497556 0.626968 0.389041 0.442817 -0.529780 0.504399 
0.627264 0.394424 0.442817 -0.529780 0.489736 0.627190 0.393086 0.442817 -0.529780 0.485826 0.627092 0.391763 0.442817 -0.529780 0.498534 0.627042 0.390410 0.442817 -0.529780 0.497556 0.626968 0.389041 0.442817 -0.529780 0.504399 0.626919 0.387688 0.442817 -0.529780 0.502444 
0.627190 0.393086 0.442817 -0.529780 0.485826 0.627092 0.391763 0.442817 -0.529780 0.498534 0.627042 0.390410 0.442817 -0.529780 0.497556 0.626968 0.389041 0.442817 -0.529780 0.504399 0.626919 0.387688 0.442817 -0.529780 0.502444 0.626895 0.386380 0.442817 -0.529780 0.504399 
0.627092 0.391763 0.442817 -0.529780 0.498534 0.627042 0.390410 0.442817 -0.529780 0.497556 0.626968 0.389041 0.442817 -0.529780 0.504399 0.626919 0.387688 0.442817 -0.529780 0.502444 0.626895 0.386380 0.442817 -0.529780 0.504399 0.626870 0.385058 0.434381 -0.535855 0.505376 
0.627042 0.390410 0.442817 -0.529780 0.497556 0.626968 0.389041 0.442817 -0.529780 0.504399 0.626919 0.387688 0.442817 -0.529780 0.502444 0.626895 0.386380 0.442817 -0.529780 0.504399 0.626870 0.385058 0.434381 -0.535855 0.505376 0.626796 0.383781 0.434381 -0.535855 0.504399 
0.626968 0.389041 0.442817 -0.529780 0.504399 0.626919 0.387688 0.442817 -0.529780 0.502444 0.626895 0.386380 0.442817 -0.529780 0.504399 0.626870 0.385058 0.434381 -0.535855 0.505376 0.626796 0.383781 0.434381 -0.535855 0.504399 0.626747 0.382490 0.434381 -0.535855 0.503421 
0.626919 0.387688 0.442817 -0.529780 0.502444 0.626895 0.386380 0.442817 -0.529780 0.504399 0.626870 0.385058 0.434381 -0.535855 0.505376 0.626796 0.383781 0.434381 -0.535855 0.504399 0.626747 0.382490 0.434381 -0.535855 0.503421 0.626673 0.381136 0.434381 -0.535855 0.499511 
0.626895 0.386380 0.442817 -0.529780 0.504399 0.626870 0.385058 0.434381 -0.535855 0.505376 0.626796 0.383781 0.434381 -0.535855 0.504399 0.626747 0.382490 0.434381 -0.535855 0.503421 0.626673 0.381136 0.434381 -0.535855 0.499511 0.626353 0.377076 0.434381 -0.535855 0.511241 
0.626870 0.385058 0.434381 -0.535855 0.505376 0.626796 0.383781 0.434381 -0.535855 0.504399 0.626747 0.382490 0.434381 -0.535855 0.503421 0.626673 0.381136 0.434381 -0.535855 0.499511 0.626353 0.377076 0.434381 -0.535855 0.511241 0.626575 0.379798 0.434381 -0.535855 0.499511 
0.626796 0.383781 0.434381 -0.535855 0.504399 0.626747 0.382490 0.434381 -0.535855 0.503421 0.626673 0.381136 0.434381 -0.535855 0.499511 0.626353 0.377076 0.434381 -0.535855 0.511241 0.626575 0.379798 0.434381 -0.535855 0.499511 0.626452 0.378460 0.434381 -0.535855 0.512219 
0.626747 0.382490 0.434381 -0.535855 0.503421 0.626673 0.381136 0.434381 -0.535855 0.499511 0.626353 0.377076 0.434381 -0.535855 0.511241 0.626575 0.379798 0.434381 -0.535855 0.499511 0.626452 0.378460 0.434381 -0.535855 0.512219 0.626255 0.375646 0.407971 -0.553025 0.515152 
0.626673 0.381136 0.434381 -0.535855 0.499511 0.626353 0.377076 0.434381 -0.535855 0.511241 0.626575 0.379798 0.434381 -0.535855 0.499511 0.626452 0.378460 0.434381 -0.535855 0.512219 0.626255 0.375646 0.407971 -0.553025 0.515152 0.626157 0.374231 0.407971 -0.553025 0.515152 
0.626353 0.377076 0.434381 -0.535855 0.511241 0.626575 0.379798 0.434381 -0.535855 0.499511 0.626452 0.378460 0.434381 -0.535855 0.512219 0.626255 0.375646 0.407971 -0.553025 0.515152 0.626157 0.374231 0.407971 -0.553025 0.515152 0.626083 0.372801 0.407971 -0.553025 0.513196 
0.626575 0.379798 0.434381 -0.535855 0.499511 0.626452 0.378460 0.434381 -0.535855 0.512219 0.626255 0.375646 0.407971 -0.553025 0.515152 0.626157 0.374231 0.407971 -0.553025 0.515152 0.626083 0.372801 0.407971 -0.553025 0.513196 0.626033 0.371386 0.407971 -0.553025 0.522972 
0.626452 0.378460 0.434381 -0.535855 0.512219 0.626255 0.375646 0.407971 -0.553025 0.515152 0.626157 0.374231 0.407971 -0.553025 0.515152 0.626083 0.372801 0.407971 -0.553025 0.513196 0.626033 0.371386 0.407971 -0.553025 0.522972 0.625960 0.369971 0.407971 -0.553025 0.521994 
0.626255 0.375646 0.407971 -0.553025 0.515152 0.626157 0.374231 0.407971 -0.553025 0.515152 0.626083 0.372801 0.407971 -0.553025 0.513196 0.626033 0.371386 0.407971 -0.553025 0.522972 0.625960 0.369971 0.407971 -0.553025 0.521994 0.625886 0.368572 0.407971 -0.553025 0.518084 
0.626157 0.374231 0.407971 -0.553025 0.515152 0.626083 0.372801 0.407971 -0.553025 0.513196 0.626033 0.371386 0.407971 -0.553025 0.522972 0.625960 0.369971 0.407971 -0.553025 0.521994 0.625886 0.368572 0.407971 -0.553025 0.518084 0.625812 0.367188 0.407971 -0.553025 0.514174 
0.626083 0.372801 0.407971 -0.553025 0.513196 0.626033 0.371386 0.407971 -0.553025 0.522972 0.625960 0.369971 0.407971 -0.553025 0.521994 0.625886 0.368572 0.407971 -0.553025 0.518084 0.625812 0.367188 0.407971 -0.553025 0.514174 0.625714 0.365850 0.407971 -0.553025 0.525904 
0.626033 0.371386 0.407971 -0.553025 0.522972 0.625960 0.369971 0.407971 -0.553025 0.521994 0.625886 0.368572 0.407971 -0.553025 0.518084 0.625812 0.367188 0.407971 -0.553025 0.514174 0.625714 0.365850 0.407971 -0.553025 0.525904 0.625615 0.364512 0.407971 -0.553025 0.521994 
0.625960 0.369971 0.407971 -0.553025 0.521994 0.625886 0.368572 0.407971 -0.553025 0.518084 0.625812 0.367188 0.407971 -0.553025 0.514174 0.625714 0.365850 0.407971 -0.553025 0.525904 0.625615 0.364512 0.407971 -0.553025 0.521994 0.625492 0.363127 0.407971 -0.553025 0.525904 
0.625886 0.368572 0.407971 -0.553025 0.518084 0.625812 0.367188 0.407971 -0.553025 0.514174 0.625714 0.365850 0.407971 -0.553025 0.525904 0.625615 0.364512 0.407971 -0.553025 0.521994 0.625492 0.363127 0.407971 -0.553025 0.525904 0.625394 0.361697 0.407971 -0.553025 0.526882 
0.625812 0.367188 0.407971 -0.553025 0.514174 0.625714 0.365850 0.407971 -0.553025 0.525904 0.625615 0.364512 0.407971 -0.553025 0.521994 0.625492 0.363127 0.407971 -0.553025 0.525904 0.625394 0.361697 0.407971 -0.553025 0.526882 0.625295 0.360282 0.407971 -0.553025 0.520039 
0.625714 0.365850 0.407971 -0.553025 0.525904 0.625615 0.364512 0.407971 -0.553025 0.521994 0.625492 0.363127 0.407971 -0.553025 0.525904 0.625394 0.361697 0.407971 -0.553025 0.526882 0.625295 0.360282 0.407971 -0.553025 0.520039 0.625172 0.358867 0.407971 -0.553025 0.521994 
0.625615 0.364512 0.407971 -0.553025 0.521994 0.625492 0.363127 0.407971 -0.553025 0.525904 0.625394 0.361697 0.407971 -0.553025 0.526882 0.625295 0.360282 0.407971 -0.553025 0.520039 0.625172 0.358867 0.407971 -0.553025 0.521994 0.625074 0.357437 0.407971 -0.553025 0.526882 
0.624680 0.332493 0.379922 -0.568639 0.562072 0.624754 0.331816 0.379922 -0.568639 0.563050 0.624852 0.331139 0.379922 -0.568639 0.565982 0.624951 0.330509 0.379922 -0.568639 0.565982 0.625049 0.329940 0.379922 -0.568639 0.564027 0.625148 0.329417 0.379922 -0.568639 0.565982 
0.624754 0.331816 0.379922 -0.568639 0.563050 0.624852 0.331139 0.379922 -0.568639 0.565982 0.624951 0.330509 0.379922 -0.568639 0.565982 0.625049 0.329940 0.379922 -0.568639 0.564027 0.625148 0.329417 0.379922 -0.568639 0.565982 0.625271 0.328986 0.402310 -0.580051 0.567937 
0.624852 0.331139 0.379922 -0.568639 0.565982 0.624951 0.330509 0.379922 -0.568639 0.565982 0.625049 0.329940 0.379922 -0.568639 0.564027 0.625148 0.329417 0.379922 -0.568639 0.565982 0.625271 0.328986 0.402310 -0.580051 0.567937 0.625369 0.328617 0.402310 -0.580051 0.570870 
0.624951 0.330509 0.379922 -0.568639 0.565982 0.625049 0.329940 0.379922 -0.568639 0.564027 0.625148 0.329417 0.379922 -0.568639 0.565982 0.625271 0.328986 0.402310 -0.580051 0.567937 0.625369 0.328617 0.402310 -0.580051 0.570870 0.625443 0.328325 0.402310 -0.580051 0.571847 
0.625049 0.329940 0.379922 -0.568639 0.564027 0.625148 0.329417 0.379922 -0.568639 0.565982 0.625271 0.328986 0.402310 -0.580051 0.567937 0.625369 0.328617 0.402310 -0.580051 0.570870 0.625443 0.328325 0.402310 -0.580051 0.571847 0.625541 0.328048 0.402310 -0.580051 0.575758 
0.625148 0.329417 0.379922 -0.568639 0.565982 0.625271 0.328986 0.402310 -0.580051 0.567937 0.625369 0.328617 0.402310 -0.580051 0.570870 0.625443 0.328325 0.402310 -0.580051 0.571847 0.625541 0.328048 0.402310 -0.580051 0.575758 0.625640 0.327833 0.402310 -0.580051 0.576735 
0.625271 0.328986 0.402310 -0.580051 0.567937 0.625369 0.328617 0.402310 -0.580051 0.570870 0.625443 0.328325 0.402310 -0.580051 0.571847 0.625541 0.328048 0.402310 -0.580051 0.575758 0.625640 0.327833 0.402310 -0.580051 0.576735 0.625714 0.327664 0.402310 -0.580051 0.581623 
0.625369 0.328617 0.402310 -0.580051 0.570870 0.625443 0.328325 0.402310 -0.580051 0.571847 0.625541 0.328048 0.402310 -0.580051 0.575758 0.625640 0.327833 0.402310 -0.580051 0.576735 0.625714 0.327664 0.402310 -0.580051 0.581623 0.625763 0.327541 0.402310 -0.580051 0.586510 
0.625443 0.328325 0.402310 -0.580051 0.571847 0.625541 0.328048 0.402310 -0.580051 0.575758 0.625640 0.327833 0.402310 -0.580051 0.576735 0.625714 0.327664 0.402310 -0.580051 0.581623 0.625763 0.327541 0.402310 -0.580051 0.586510 0.625812 0.327479 0.411898 -0.574767 0.594330 
0.625541 0.328048 0.402310 -0.580051 0.575758 0.625640 0.327833 0.402310 -0.580051 0.576735 0.625714 0.327664 0.402310 -0.580051 0.581623 0.625763 0.327541 0.402310 -0.580051 0.586510 0.625812 0.327479 0.411898 -0.574767 0.594330 0.625886 0.327418 0.411898 -0.574767 0.602151 
0.625640 0.327833 0.402310 -0.580051 0.576735 0.625714 0.327664 0.402310 -0.580051 0.581623 0.625763 0.327541 0.402310 -0.580051 0.586510 0.625812 0.327479 0.411898 -0.574767 0.594330 0.625886 0.327418 0.411898 -0.574767 0.602151 0.625910 0.327387 0.402310 -0.580051 0.608993 
0.625714 0.327664 0.402310 -0.580051 0.581623 0.625763 0.327541 0.402310 -0.580051 0.586510 0.625812 0.327479 0.411898 -0.574767 0.594330 0.625886 0.327418 0.411898 -0.574767 0.602151 0.625910 0.327387 0.402310 -0.580051 0.608993 0.625960 0.327371 0.402310 -0.580051 0.617791 
0.625763 0.327541 0.402310 -0.580051 0.586510 0.625812 0.327479 0.411898 -0.574767 0.594330 0.625886 0.327418 0.411898 -0.574767 0.602151 0.625910 0.327387 0.402310 -0.580051 0.608993 0.625960 0.327371 0.402310 -0.580051 0.617791 0.626009 0.327371 0.402310 -0.580051 0.625611 
0.625812 0.327479 0.411898 -0.574767 0.594330 0.625886 0.327418 0.411898 -0.574767 0.602151 0.625910 0.327387 0.402310 -0.580051 0.608993 0.625960 0.327371 0.402310 -0.580051 0.617791 0.626009 0.327371 0.402310 -0.580051 0.625611 0.626033 0.327371 0.402310 -0.580051 0.641251 
0.625886 0.327418 0.411898 -0.574767 0.602151 0.625910 0.327387 0.402310 -0.580051 0.608993 0.625960 0.327371 0.402310 -0.580051 0.617791 0.626009 0.327371 0.402310 -0.580051 0.625611 0.626033 0.327371 0.402310 -0.580051 0.641251 0.626083 0.327371 0.402310 -0.580051 0.649071 
0.625910 0.327387 0.402310 -0.580051 0.608993 0.625960 0.327371 0.402310 -0.580051 0.617791 0.626009 0.327371 0.402310 -0.580051 0.625611 0.626033 0.327371 0.402310 -0.580051 0.641251 0.626083 0.327371 0.402310 -0.580051 0.649071 0.626132 0.327371 0.402310 -0.580051 0.654936 
0.625960 0.327371 0.402310 -0.580051 0.617791 0.626009 0.327371 0.402310 -0.580051 0.625611 0.626033 0.327371 0.402310 -0.580051 0.641251 0.626083 0.327371 0.402310 -0.580051 0.649071 0.626132 0.327371 0.402310 -0.580051 0.654936 0.626157 0.327371 0.402310 -0.580051 0.660802 
0.626009 0.327371 0.402310 -0.580051 0.625611 0.626033 0.327371 0.402310 -0.580051 0.641251 0.626083 0.327371 0.402310 -0.580051 0.649071 0.626132 0.327371 0.402310 -0.580051 0.654936 0.626157 0.327371 0.402310 -0.580051 0.660802 0.626181 0.327371 0.402310 -0.580051 0.664712 
0.626033 0.327371 0.402310 -0.580051 0.641251 0.626083 0.327371 0.402310 -0.580051 0.649071 0.626132 0.327371 0.402310 -0.580051 0.654936 0.626157 0.327371 0.402310 -0.580051 0.660802 0.626181 0.327371 0.402310 -0.580051 0.664712 0.626206 0.327371 0.402310 -0.580051 0.666667 
0.626083 0.327371 0.402310 -0.580051 0.649071 0.626132 0.327371 0.402310 -0.580051 0.654936 0.626157 0.327371 0.402310 -0.580051 0.660802 0.626181 0.327371 0.402310 -0.580051 0.664712 0.626206 0.327371 0.402310 -0.580051 0.666667 0.626255 0.327371 0.402310 -0.580051 0.668622 
0.626132 0.327371 0.402310 -0.580051 0.654936 0.626157 0.327371 0.402310 -0.580051 0.660802 0.626181 0.327371 0.402310 -0.580051 0.664712 0.626206 0.327371 0.402310 -0.580051 0.666667 0.626255 0.327371 0.402310 -0.580051 0.668622 0.626353 0.327402 0.402310 -0.580051 0.670577 
0.626157 0.327371 0.402310 -0.580051 0.660802 0.626181 0.327371 0.402310 -0.580051 0.664712 0.626206 0.327371 0.402310 -0.580051 0.666667 0.626255 0.327371 0.402310 -0.580051 0.668622 0.626353 0.327402 0.402310 -0.580051 0.670577 0.626403 0.327433 0.405355 -0.601768 0.670577 
0.626181 0.327371 0.402310 -0.580051 0.664712 0.626206 0.327371 0.402310 -0.580051 0.666667 0.626255 0.327371 0.402310 -0.580051 0.668622 0.626353 0.327402 0.402310 -0.580051 0.670577 0.626403 0.327433 0.405355 -0.601768 0.670577 0.626427 0.327448 0.405355 -0.601768 0.670577 
0.626206 0.327371 0.402310 -0.580051 0.666667 0.626255 0.327371 0.402310 -0.580051 0.668622 0.626353 0.327402 0.402310 -0.580051 0.670577 0.626403 0.327433 0.405355 -0.601768 0.670577 0.626427 0.327448 0.405355 -0.601768 0.670577 0.626476 0.327479 0.405355 -0.601768 0.672532 
0.626255 0.327371 0.402310 -0.580051 0.668622 0.626353 0.327402 0.402310 -0.580051 0.670577 0.626403 0.327433 0.405355 -0.601768 0.670577 0.626427 0.327448 0.405355 -0.601768 0.670577 0.626476 0.327479 0.405355 -0.601768 0.672532 0.626501 0.327510 0.405355 -0.601768 0.671554 
0.626353 0.327402 0.402310 -0.580051 0.670577 0.626403 0.327433 0.405355 -0.601768 0.670577 0.626427 0.327448 0.405355 -0.601768 0.670577 0.626476 0.327479 0.405355 -0.601768 0.672532 0.626501 0.327510 0.405355 -0.601768 0.671554 0.626550 0.327525 0.405355 -0.601768 0.671554 
0.626403 0.327433 0.405355 -0.601768 0.670577 0.626427 0.327448 0.405355 -0.601768 0.670577 0.626476 0.327479 0.405355 -0.601768 0.672532 0.626501 0.327510 0.405355 -0.601768 0.671554 0.626550 0.327525 0.405355 -0.601768 0.671554 0.626575 0.327556 0.405355 -0.601768 0.670577 
0.626427 0.327448 0.405355 -0.601768 0.670577 0.626476 0.327479 0.405355 -0.601768 0.672532 0.626501 0.327510 0.405355 -0.601768 0.671554 0.626550 0.327525 0.405355 -0.601768 0.671554 0.626575 0.327556 0.405355 -0.601768 0.670577 0.626624 0.327571 0.405355 -0.601768 0.670577 
0.626476 0.327479 0.405355 -0.601768 0.672532 0.626501 0.327510 0.405355 -0.601768 0.671554 0.626550 0.327525 0.405355 -0.601768 0.671554 0.626575 0.327556 0.405355 -0.601768 0.670577 0.626624 0.327571 0.405355 -0.601768 0.670577 0.626649 0.327571 0.405355 -0.601768 0.669599 
0.626501 0.327510 0.405355 -0.601768 0.671554 0.626550 0.327525 0.405355 -0.601768 0.671554 0.626575 0.327556 0.405355 -0.601768 0.670577 0.626624 0.327571 0.405355 -0.601768 0.670577 0.626649 0.327571 0.405355 -0.601768 0.669599 0.626673 0.327587 0.405355 -0.601768 0.667644 
0.626550 0.327525 0.405355 -0.601768 0.671554 0.626575 0.327556 0.405355 -0.601768 0.670577 0.626624 0.327571 0.405355 -0.601768 0.670577 0.626649 0.327571 0.405355 -0.601768 0.669599 0.626673 0.327587 0.405355 -0.601768 0.667644 0.626698 0.327587 0.405355 -0.601768 0.666667 
0.626575 0.327556 0.405355 -0.601768 0.670577 0.626624 0.327571 0.405355 -0.601768 0.670577 0.626649 0.327571 0.405355 -0.601768 0.669599 0.626673 0.327587 0.405355 -0.601768 0.667644 0.626698 0.327587 0.405355 -0.601768 0.666667 0.626722 0.327587 0.405355 -0.601768 0.664712 
0.626624 0.327571 0.405355 -0.601768 0.670577 0.626649 0.327571 0.405355 -0.601768 0.669599 0.626673 0.327587 0.405355 -0.601768 0.667644 0.626698 0.327587 0.405355 -0.601768 0.666667 0.626722 0.327587 0.405355 -0.601768 0.664712 0.626772 0.327587 0.405355 -0.601768 0.662757 
0.626649 0.327571 0.405355 -0.601768 0.669599 0.626673 0.327587 0.405355 -0.601768 0.667644 0.626698 0.327587 0.405355 -0.601768 0.666667 0.626722 0.327587 0.405355 -0.601768 0.664712 0.626772 0.327587 0.405355 -0.601768 0.662757 0.626796 0.327587 0.405355 -0.601768 0.661779 
0.626673 0.327587 0.405355 -0.601768 0.667644 0.626698 0.327587 0.405355 -0.601768 0.666667 0.626722 0.327587 0.405355 -0.601768 0.664712 0.626772 0.327587 0.405355 -0.601768 0.662757 0.626796 0.327587 0.405355 -0.601768 0.661779 0.626821 0.327587 0.405355 -0.601768 0.659824 
0.626698 0.327587 0.405355 -0.601768 0.666667 0.626722 0.327587 0.405355 -0.601768 0.664712 0.626772 0.327587 0.405355 -0.601768 0.662757 0.626796 0.327587 0.405355 -0.601768 0.661779 0.626821 0.327587 0.405355 -0.601768 0.659824 0.626845 0.327587 0.405355 -0.601768 0.655914 
0.626722 0.327587 0.405355 -0.601768 0.664712 0.626772 0.327587 0.405355 -0.601768 0.662757 0.626796 0.327587 0.405355 -0.601768 0.661779 0.626821 0.327587 0.405355 -0.601768 0.659824 0.626845 0.327587 0.405355 -0.601768 0.655914 0.626870 0.327587 0.402310 -0.580051 0.650049 
0.626772 0.327587 0.405355 -0.601768 0.662757 0.626796 0.327587 0.405355 -0.601768 0.661779 0.626821 0.327587 0.405355 -0.601768 0.659824 0.626845 0.327587 0.405355 -0.601768 0.655914 0.626870 0.327587 0.402310 -0.580051 0.650049 0.626895 0.327587 0.402310 -0.580051 0.648094 
0.626796 0.327587 0.405355 -0.601768 0.661779 0.626821 0.327587 0.405355 -0.601768 0.659824 0.626845 0.327587 0.405355 -0.601768 0.655914 0.626870 0.327587 0.402310 -0.580051 0.650049 0.626895 0.327587 0.402310 -0.580051 0.648094 0.626895 0.327633 0.402310 -0.580051 0.521017 
0.626821 0.327587 0.405355 -0.601768 0.659824 0.626845 0.327587 0.405355 -0.601768 0.655914 0.626870 0.327587 0.402310 -0.580051 0.650049 0.626895 0.327587 0.402310 -0.580051 0.648094 0.626895 0.327633 0.402310 -0.580051 0.521017 0.626895 0.327679 0.402310 -0.580051 0.477028 
0.626845 0.327587 0.405355 -0.601768 0.655914 0.626870 0.327587 0.402310 -0.580051 0.650049 0.626895 0.327587 0.402310 -0.580051 0.648094 0.626895 0.327633 0.402310 -0.580051 0.521017 0.626895 0.327679 0.402310 -0.580051 0.477028 0.626895 0.327725 0.402310 -0.580051 0.415445 
0.626870 0.327587 0.402310 -0.580051 0.650049 0.626895 0.327587 0.402310 -0.580051 0.648094 0.626895 0.327633 0.402310 -0.580051 0.521017 0.626895 0.327679 0.402310 -0.580051 0.477028 0.626895 0.327725 0.402310 -0.580051 0.415445 0.626895 0.327787 0.402310 -0.580051 0.330401 
0.626895 0.327587 0.402310 -0.580051 0.648094 0.626895 0.327633 0.402310 -0.580051 0.521017 0.626895 0.327679 0.402310 -0.580051 0.477028 0.626895 0.327725 0.402310 -0.580051 0.415445 0.626895 0.327787 0.402310 -0.580051 0.330401 0.626895 0.327894 0.402310 -0.580051 0.205279 
0.626895 0.327633 0.402310 -0.580051 0.521017 0.626895 0.327679 0.402310 -0.580051 0.477028 0.626895 0.327725 0.402310 -0.580051 0.415445 0.626895 0.327787 0.402310 -0.580051 0.330401 0.626895 0.327894 0.402310 -0.580051 0.205279 0.626895 0.328063 0.402310 -0.580051 0.056696 
0.626895 0.327679 0.402310 -0.580051 0.477028 0.626895 0.327725 0.402310 -0.580051 0.415445 0.626895 0.327787 0.402310 -0.580051 0.330401 0.626895 0.327894 0.402310 -0.580051 0.205279 0.626895 0.328063 0.402310 -0.580051 0.056696 0.627239 0.328525 0.402310 -0.580051 0.000000 
0.626895 0.327725 0.402310 -0.580051 0.415445 0.626895 0.327787 0.402310 -0.580051 0.330401 0.626895 0.327894 0.402310 -0.580051 0.205279 0.626895 0.328063 0.402310 -0.580051 0.056696 0.627239 0.328525 0.402310 -0.580051 0.000000 0.627682 0.328802 0.405355 -0.601768 0.000000 
0.626895 0.327787 0.402310 -0.580051 0.330401 0.626895 0.327894 0.402310 -0.580051 0.205279 0.626895 0.328063 0.402310 -0.580051 0.056696 0.627239 0.328525 0.402310 -0.580051 0.000000 0.627682 0.328802 0.405355 -0.601768 0.000000 0.628223 0.329109 0.405355 -0.601768 0.000000 
0.626895 0.327894 0.402310 -0.580051 0.205279 0.626895 0.328063 0.402310 -0.580051 0.056696 0.627239 0.328525 0.402310 -0.580051 0.000000 0.627682 0.328802 0.405355 -0.601768 0.000000 0.628223 0.329109 0.405355 -0.601768 0.000000 0.628789 0.329494 0.405355 -0.601768 0.000000 
0.626895 0.328063 0.402310 -0.580051 0.056696 0.627239 0.328525 0.402310 -0.580051 0.000000 0.627682 0.328802 0.405355 -0.601768 0.000000 0.628223 0.329109 0.405355 -0.601768 0.000000 0.628789 0.329494 0.405355 -0.601768 0.000000 0.629405 0.329924 0.395134 -0.606769 0.000000 
0.627239 0.328525 0.402310 -0.580051 0.000000 0.627682 0.328802 0.405355 -0.601768 0.000000 0.628223 0.329109 0.405355 -0.601768 0.000000 0.628789 0.329494 0.405355 -0.601768 0.000000 0.629405 0.329924 0.395134 -0.606769 0.000000 0.629405 0.330355 0.395134 -0.606769 0.000000 
0.627682 0.328802 0.405355 -0.601768 0.000000 0.628223 0.329109 0.405355 -0.601768 0.000000 0.628789 0.329494 0.405355 -0.601768 0.000000 0.629405 0.329924 0.395134 -0.606769 0.000000 0.629405 0.330355 0.395134 -0.606769 0.000000 0.629405 0.330832 0.395134 -0.606769 0.000000 
0.628223 0.329109 0.405355 -0.601768 0.000000 0.628789 0.329494 0.405355 -0.601768 0.000000 0.629405 0.329924 0.395134 -0.606769 0.000000 0.629405 0.330355 0.395134 -0.606769 0.000000 0.629405 0.330832 0.395134 -0.606769 0.000000 0.629405 0.331324 0.382567 -0.590095 0.000000 
0.628789 0.329494 0.405355 -0.601768 0.000000 0.629405 0.329924 0.395134 -0.606769 0.000000 0.629405 0.330355 0.395134 -0.606769 0.000000 0.629405 0.330832 0.395134 -0.606769 0.000000 0.629405 0.331324 0.382567 -0.590095 0.000000 0.629528 0.331877 0.372414 -0.594857 0.000000 
0.629405 0.329924 0.395134 -0.606769 0.000000 0.629405 0.330355 0.395134 -0.606769 0.000000 0.629405 0.330832 0.395134 -0.606769 0.000000 0.629405 0.331324 0.382567 -0.590095 0.000000 0.629528 0.331877 0.372414 -0.594857 0.000000 0.629897 0.332477 0.348449 -0.561617 0.000000 
0.629405 0.330355 0.395134 -0.606769 0.000000 0.629405 0.330832 0.395134 -0.606769 0.000000 0.629405 0.331324 0.382567 -0.590095 0.000000 0.629528 0.331877 0.372414 -0.594857 0.000000 0.629897 0.332477 0.348449 -0.561617 0.000000 0.628150 0.334815 0.262532 -0.451422 0.000000 
0.629405 0.330832 0.395134 -0.606769 0.000000 0.629405 0.331324 0.382567 -0.590095 0.000000 0.629528 0.331877 0.372414 -0.594857 0.000000 0.629897 0.332477 0.348449 -0.561617 0.000000 0.628150 0.334815 0.262532 -0.451422 0.000000 0.629897 0.333169 0.336767 -0.545110 0.000000 
0.629405 0.331324 0.382567 -0.590095 0.000000 0.629528 0.331877 0.372414 -0.594857 0.000000 0.629897 0.332477 0.348449 -0.561617 0.000000 0.628150 0.334815 0.262532 -0.451422 0.000000 0.629897 0.333169 0.336767 -0.545110 0.000000 0.629675 0.333938 0.294154 -0.500170 0.000000 
0.629528 0.331877 0.372414 -0.594857 0.000000 0.629897 0.332477 0.348449 -0.561617 0.000000 0.628150 0.334815 0.262532 -0.451422 0.000000 0.629897 0.333169 0.336767 -0.545110 0.000000 0.629675 0.333938 0.294154 -0.500170 0.000000 0.625615 0.335799 0.227321 -0.426167 0.000000 
0.623155 0.324880 0.653691 -0.571288 0.000000 0.623548 0.325141 0.646508 -0.580623 0.000000 0.623942 0.325188 0.646508 -0.580623 0.000000 0.624409 0.325295 0.636916 -0.555525 0.000000 0.624877 0.325388 0.636916 -0.555525 0.000000 0.625369 0.325449 0.629804 -0.564723 0.000000 
0.623548 0.325141 0.646508 -0.580623 0.000000 0.623942 0.325188 0.646508 -0.580623 0.000000 0.624409 0.325295 0.636916 -0.555525 0.000000 0.624877 0.325388 0.636916 -0.555525 0.000000 0.625369 0.325449 0.629804 -0.564723 0.000000 0.625812 0.325511 0.629804 -0.564723 0.000000 
0.623942 0.325188 0.646508 -0.580623 0.000000 0.624409 0.325295 0.636916 -0.555525 0.000000 0.624877 0.325388 0.636916 -0.555525 0.000000 0.625369 0.325449 0.629804 -0.564723 0.000000 0.625812 0.325511 0.629804 -0.564723 0.000000 0.625960 0.325557 0.629804 -0.564723 0.000000 
0.624409 0.325295 0.636916 -0.555525 0.000000 0.624877 0.325388 0.636916 -0.555525 0.000000 0.625369 0.325449 0.629804 -0.564723 0.000000 0.625812 0.325511 0.629804 -0.564723 0.000000 0.625960 0.325557 0.629804 -0.564723 0.000000 0.626107 0.325618 0.620291 -0.539985 0.000000 
0.624877 0.325388 0.636916 -0.555525 0.000000 0.625369 0.325449 0.629804 -0.564723 0.000000 0.625812 0.325511 0.629804 -0.564723 0.000000 0.625960 0.325557 0.629804 -0.564723 0.000000 0.626107 0.325618 0.620291 -0.539985 0.000000 0.626403 0.325664 0.613257 -0.549040 0.000000 
0.625369 0.325449 0.629804 -0.564723 0.000000 0.625812 0.325511 0.629804 -0.564723 0.000000 0.625960 0.325557 0.629804 -0.564723 0.000000 0.626107 0.325618 0.620291 -0.539985 0.000000 0.626403 0.325664 0.613257 -0.549040 0.000000 0.626772 0.325680 0.613257 -0.549040 0.000000 
0.625812 0.325511 0.629804 -0.564723 0.000000 0.625960 0.325557 0.629804 -0.564723 0.000000 0.626107 0.325618 0.620291 -0.539985 0.000000 0.626403 0.325664 0.613257 -0.549040 0.000000 0.626772 0.325680 0.613257 -0.549040 0.000000 0.626895 0.325726 0.613257 -0.549040 0.000000 
0.625960 0.325557 0.629804 -0.564723 0.000000 0.626107 0.325618 0.620291 -0.539985 0.000000 0.626403 0.325664 0.613257 -0.549040 0.000000 0.626772 0.325680 0.613257 -0.549040 0.000000 0.626895 0.325726 0.613257 -0.549040 0.000000 0.626895 0.325741 0.596864 -0.533567 0.000000 
0.626107 0.325618 0.620291 -0.539985 0.000000 0.626403 0.325664 0.613257 -0.549040 0.000000 0.626772 0.325680 0.613257 -0.549040 0.000000 0.626895 0.325726 0.613257 -0.549040 0.000000 0.626895 0.325741 0.596864 -0.533567 0.000000 0.626895 0.325803 0.596864 -0.533567 0.000000 
0.626403 0.325664 0.613257 -0.549040 0.000000 0.626772 0.325680 0.613257 -0.549040 0.000000 0.626895 0.325726 0.613257 -0.549040 0.000000 0.626895 0.325741 0.596864 -0.533567 0.000000 0.626895 0.325803 0.596864 -0.533567 0.000000 0.626895 0.325895 0.596864 -0.533567 0.000000 
0.626772 0.325680 0.613257 -0.549040 0.000000 0.626895 0.325726 0.613257 -0.549040 0.000000 0.626895 0.325741 0.596864 -0.533567 0.000000 0.626895 0.325803 0.596864 -0.533567 0.000000 0.626895 0.325895 0.596864 -0.533567 0.000000 0.626673 0.325957 0.594136 -0.500583 0.000000 
0.626895 0.325726 0.613257 -0.549040 0.000000 0.626895 0.325741 0.596864 -0.533567 0.000000 0.626895 0.325803 0.596864 -0.533567 0.000000 0.626895 0.325895 0.596864 -0.533567 0.000000 0.626673 0.325957 0.594136 -0.500583 0.000000 0.626403 0.325987 0.571288 -0.494640 0.000000 
0.626895 0.325741 0.596864 -0.533567 0.000000 0.626895 0.325803 0.596864 -0.533567 0.000000 0.626895 0.325895 0.596864 -0.533567 0.000000 0.626673 0.325957 0.594136 -0.500583 0.000000 0.626403 0.325987 0.571288 -0.494640 0.000000 0.626107 0.326018 0.571288 -0.494640 0.000000 
0.626895 0.325803 0.596864 -0.533567 0.000000 0.626895 0.325895 0.596864 -0.533567 0.000000 0.626673 0.325957 0.594136 -0.500583 0.000000 0.626403 0.325987 0.571288 -0.494640 0.000000 0.626107 0.326018 0.571288 -0.494640 0.000000 0.625812 0.326033 0.571288 -0.494640 0.073314 
0.626895 0.325895 0.596864 -0.533567 0.000000 0.626673 0.325957 0.594136 -0.500583 0.000000 0.626403 0.325987 0.571288 -0.494640 0.000000 0.626107 0.326018 0.571288 -0.494640 0.000000 0.625812 0.326033 0.571288 -0.494640 0.073314 0.625566 0.326064 0.571288 -0.494640 0.086999 
0.626673 0.325957 0.594136 -0.500583 0.000000 0.626403 0.325987 0.571288 -0.494640 0.000000 0.626107 0.326018 0.571288 -0.494640 0.000000 0.625812 0.326033 0.571288 -0.494640 0.073314 0.625566 0.326064 0.571288 -0.494640 0.086999 0.625295 0.326095 0.571288 -0.494640 0.105572 
