0.649336 0.413094 0.474582 -0.474582 0.899316 0.649729 0.409787 0.474582 -0.474582 0.922776 0.650049 0.406527 0.452713 -0.466593 0.955034 0.650345 0.403282 0.460042 -0.488419 0.973607 0.650517 0.400114 0.430625 -0.486150 0.972630 0.650591 0.397023 0.430625 -0.486150 0.984360 
0.649729 0.409787 0.474582 -0.474582 0.922776 0.650049 0.406527 0.452713 -0.466593 0.955034 0.650345 0.403282 0.460042 -0.488419 0.973607 0.650517 0.400114 0.430625 -0.486150 0.972630 0.650591 0.397023 0.430625 -0.486150 0.984360 0.650615 0.394070 0.422924 -0.492334 0.983382 
0.650049 0.406527 0.452713 -0.466593 0.955034 0.650345 0.403282 0.460042 -0.488419 0.973607 0.650517 0.400114 0.430625 -0.486150 0.972630 0.650591 0.397023 0.430625 -0.486150 0.984360 0.650615 0.394070 0.422924 -0.492334 0.983382 0.650615 0.391286 0.422924 -0.492334 0.989247 
0.650345 0.403282 0.460042 -0.488419 0.973607 0.650517 0.400114 0.430625 -0.486150 0.972630 0.650591 0.397023 0.430625 -0.486150 0.984360 0.650615 0.394070 0.422924 -0.492334 0.983382 0.650615 0.391286 0.422924 -0.492334 0.989247 0.650615 0.388518 0.398814 -0.509887 0.995112 
0.650517 0.400114 0.430625 -0.486150 0.972630 0.650591 0.397023 0.430625 -0.486150 0.984360 0.650615 0.394070 0.422924 -0.492334 0.983382 0.650615 0.391286 0.422924 -0.492334 0.989247 0.650615 0.388518 0.398814 -0.509887 0.995112 0.650394 0.385888 0.398814 -0.509887 1.000000 
0.650591 0.397023 0.430625 -0.486150 0.984360 0.650615 0.394070 0.422924 -0.492334 0.983382 0.650615 0.391286 0.422924 -0.492334 0.989247 0.650615 0.388518 0.398814 -0.509887 0.995112 0.650394 0.385888 0.398814 -0.509887 1.000000 0.649975 0.383274 0.377456 -0.499527 1.000000 
0.650615 0.394070 0.422924 -0.492334 0.983382 0.650615 0.391286 0.422924 -0.492334 0.989247 0.650615 0.388518 0.398814 -0.509887 0.995112 0.650394 0.385888 0.398814 -0.509887 1.000000 0.649975 0.383274 0.377456 -0.499527 1.000000 0.649459 0.380767 0.377456 -0.499527 1.000000 
0.650615 0.391286 0.422924 -0.492334 0.989247 0.650615 0.388518 0.398814 -0.509887 0.995112 0.650394 0.385888 0.398814 -0.509887 1.000000 0.649975 0.383274 0.377456 -0.499527 1.000000 0.649459 0.380767 0.377456 -0.499527 1.000000 0.648917 0.378276 0.377456 -0.499527 1.000000 
0.650615 0.388518 0.398814 -0.509887 0.995112 0.650394 0.385888 0.398814 -0.509887 1.000000 0.649975 0.383274 0.377456 -0.499527 1.000000 0.649459 0.380767 0.377456 -0.499527 1.000000 0.648917 0.378276 0.377456 -0.499527 1.000000 0.648351 0.375738 0.369147 -0.504780 1.000000 
0.650394 0.385888 0.398814 -0.509887 1.000000 0.649975 0.383274 0.377456 -0.499527 1.000000 0.649459 0.380767 0.377456 -0.499527 1.000000 0.648917 0.378276 0.377456 -0.499527 1.000000 0.648351 0.375738 0.369147 -0.504780 1.000000 0.647884 0.373108 0.373202 -0.525957 1.000000 
0.649975 0.383274 0.377456 -0.499527 1.000000 0.649459 0.380767 0.377456 -0.499527 1.000000 0.648917 0.378276 0.377456 -0.499527 1.000000 0.648351 0.375738 0.369147 -0.504780 1.000000 0.647884 0.373108 0.373202 -0.525957 1.000000 0.647490 0.370432 0.373202 -0.525957 1.000000 
0.649459 0.380767 0.377456 -0.499527 1.000000 0.648917 0.378276 0.377456 -0.499527 1.000000 0.648351 0.375738 0.369147 -0.504780 1.000000 0.647884 0.373108 0.373202 -0.525957 1.000000 0.647490 0.370432 0.373202 -0.525957 1.000000 0.647072 0.367741 0.373202 -0.525957 1.000000 
0.648917 0.378276 0.377456 -0.499527 1.000000 0.648351 0.375738 0.369147 -0.504780 1.000000 0.647884 0.373108 0.373202 -0.525957 1.000000 0.647490 0.370432 0.373202 -0.525957 1.000000 0.647072 0.367741 0.373202 -0.525957 1.000000 0.646604 0.362374 0.343283 -0.519589 1.000000 
0.648351 0.375738 0.369147 -0.504780 1.000000 0.647884 0.373108 0.373202 -0.525957 1.000000 0.647490 0.370432 0.373202 -0.525957 1.000000 0.647072 0.367741 0.373202 -0.525957 1.000000 0.646604 0.362374 0.343283 -0.519589 1.000000 0.646801 0.365004 0.343283 -0.519589 1.000000 
0.647884 0.373108 0.373202 -0.525957 1.000000 0.647490 0.370432 0.373202 -0.525957 1.000000 0.647072 0.367741 0.373202 -0.525957 1.000000 0.646604 0.362374 0.343283 -0.519589 1.000000 0.646801 0.365004 0.343283 -0.519589 1.000000 0.646530 0.354454 0.334355 -0.524211 1.000000 
0.647490 0.370432 0.373202 -0.525957 1.000000 0.647072 0.367741 0.373202 -0.525957 1.000000 0.646604 0.362374 0.343283 -0.519589 1.000000 0.646801 0.365004 0.343283 -0.519589 1.000000 0.646530 0.354454 0.334355 -0.524211 1.000000 0.646530 0.359744 0.334355 -0.524211 1.000000 
0.647072 0.367741 0.373202 -0.525957 1.000000 0.646604 0.362374 0.343283 -0.519589 1.000000 0.646801 0.365004 0.343283 -0.519589 1.000000 0.646530 0.354454 0.334355 -0.524211 1.000000 0.646530 0.359744 0.334355 -0.524211 1.000000 0.646530 0.357084 0.334355 -0.524211 1.000000 
0.646604 0.362374 0.343283 -0.519589 1.000000 0.646801 0.365004 0.343283 -0.519589 1.000000 0.646530 0.354454 0.334355 -0.524211 1.000000 0.646530 0.359744 0.334355 -0.524211 1.000000 0.646530 0.357084 0.334355 -0.524211 1.000000 0.646555 0.351932 0.334355 -0.524211 1.000000 
0.646801 0.365004 0.343283 -0.519589 1.000000 0.646530 0.354454 0.334355 -0.524211 1.000000 0.646530 0.359744 0.334355 -0.524211 1.000000 0.646530 0.357084 0.334355 -0.524211 1.000000 0.646555 0.351932 0.334355 -0.524211 1.000000 0.646850 0.349471 0.316047 -0.532988 1.000000 
0.646530 0.354454 0.334355 -0.524211 1.000000 0.646530 0.359744 0.334355 -0.524211 1.000000 0.646530 0.357084 0.334355 -0.524211 1.000000 0.646555 0.351932 0.334355 -0.524211 1.000000 0.646850 0.349471 0.316047 -0.532988 1.000000 0.647269 0.347072 0.316047 -0.532988 1.000000 
0.646530 0.359744 0.334355 -0.524211 1.000000 0.646530 0.357084 0.334355 -0.524211 1.000000 0.646555 0.351932 0.334355 -0.524211 1.000000 0.646850 0.349471 0.316047 -0.532988 1.000000 0.647269 0.347072 0.316047 -0.532988 1.000000 0.647712 0.344780 0.316047 -0.532988 1.000000 
0.646530 0.357084 0.334355 -0.524211 1.000000 0.646555 0.351932 0.334355 -0.524211 1.000000 0.646850 0.349471 0.316047 -0.532988 1.000000 0.647269 0.347072 0.316047 -0.532988 1.000000 0.647712 0.344780 0.316047 -0.532988 1.000000 0.648253 0.342458 0.295926 -0.520626 1.000000 
0.646555 0.351932 0.334355 -0.524211 1.000000 0.646850 0.349471 0.316047 -0.532988 1.000000 0.647269 0.347072 0.316047 -0.532988 1.000000 0.647712 0.344780 0.316047 -0.532988 1.000000 0.648253 0.342458 0.295926 -0.520626 1.000000 0.648745 0.340274 0.295926 -0.520626 1.000000 
0.646850 0.349471 0.316047 -0.532988 1.000000 0.647269 0.347072 0.316047 -0.532988 1.000000 0.647712 0.344780 0.316047 -0.532988 1.000000 0.648253 0.342458 0.295926 -0.520626 1.000000 0.648745 0.340274 0.295926 -0.520626 1.000000 0.649090 0.338306 0.295926 -0.520626 1.000000 
0.647269 0.347072 0.316047 -0.532988 1.000000 0.647712 0.344780 0.316047 -0.532988 1.000000 0.648253 0.342458 0.295926 -0.520626 1.000000 0.648745 0.340274 0.295926 -0.520626 1.000000 0.649090 0.338306 0.295926 -0.520626 1.000000 0.649311 0.336614 0.277345 -0.528336 1.000000 
0.647712 0.344780 0.316047 -0.532988 1.000000 0.648253 0.342458 0.295926 -0.520626 1.000000 0.648745 0.340274 0.295926 -0.520626 1.000000 0.649090 0.338306 0.295926 -0.520626 1.000000 0.649311 0.336614 0.277345 -0.528336 1.000000 0.649434 0.335138 0.277345 -0.528336 1.000000 
0.648253 0.342458 0.295926 -0.520626 1.000000 0.648745 0.340274 0.295926 -0.520626 1.000000 0.649090 0.338306 0.295926 -0.520626 1.000000 0.649311 0.336614 0.277345 -0.528336 1.000000 0.649434 0.335138 0.277345 -0.528336 1.000000 0.649483 0.333892 0.277345 -0.528336 1.000000 
0.648745 0.340274 0.295926 -0.520626 1.000000 0.649090 0.338306 0.295926 -0.520626 1.000000 0.649311 0.336614 0.277345 -0.528336 1.000000 0.649434 0.335138 0.277345 -0.528336 1.000000 0.649483 0.333892 0.277345 -0.528336 1.000000 0.649483 0.332846 0.277345 -0.528336 1.000000 
0.649090 0.338306 0.295926 -0.520626 1.000000 0.649311 0.336614 0.277345 -0.528336 1.000000 0.649434 0.335138 0.277345 -0.528336 1.000000 0.649483 0.333892 0.277345 -0.528336 1.000000 0.649483 0.332846 0.277345 -0.528336 1.000000 0.649483 0.332031 0.258187 -0.515290 1.000000 
0.649311 0.336614 0.277345 -0.528336 1.000000 0.649434 0.335138 0.277345 -0.528336 1.000000 0.649483 0.333892 0.277345 -0.528336 1.000000 0.649483 0.332846 0.277345 -0.528336 1.000000 0.649483 0.332031 0.258187 -0.515290 1.000000 0.649483 0.331447 0.258240 -0.535451 1.000000 
0.649434 0.335138 0.277345 -0.528336 1.000000 0.649483 0.333892 0.277345 -0.528336 1.000000 0.649483 0.332846 0.277345 -0.528336 1.000000 0.649483 0.332031 0.258187 -0.515290 1.000000 0.649483 0.331447 0.258240 -0.535451 1.000000 0.649311 0.331032 0.258240 -0.535451 1.000000 
0.649483 0.333892 0.277345 -0.528336 1.000000 0.649483 0.332846 0.277345 -0.528336 1.000000 0.649483 0.332031 0.258187 -0.515290 1.000000 0.649483 0.331447 0.258240 -0.535451 1.000000 0.649311 0.331032 0.258240 -0.535451 1.000000 0.649090 0.330724 0.258240 -0.535451 1.000000 
0.649483 0.332846 0.277345 -0.528336 1.000000 0.649483 0.332031 0.258187 -0.515290 1.000000 0.649483 0.331447 0.258240 -0.535451 1.000000 0.649311 0.331032 0.258240 -0.535451 1.000000 0.649090 0.330724 0.258240 -0.535451 1.000000 0.648967 0.330463 0.258240 -0.535451 1.000000 
0.649483 0.332031 0.258187 -0.515290 1.000000 0.649483 0.331447 0.258240 -0.535451 1.000000 0.649311 0.331032 0.258240 -0.535451 1.000000 0.649090 0.330724 0.258240 -0.535451 1.000000 0.648967 0.330463 0.258240 -0.535451 1.000000 0.648844 0.330293 0.258240 -0.535451 1.000000 
0.649483 0.331447 0.258240 -0.535451 1.000000 0.649311 0.331032 0.258240 -0.535451 1.000000 0.649090 0.330724 0.258240 -0.535451 1.000000 0.648967 0.330463 0.258240 -0.535451 1.000000 0.648844 0.330293 0.258240 -0.535451 1.000000 0.648745 0.330170 0.258240 -0.535451 1.000000 
0.649311 0.331032 0.258240 -0.535451 1.000000 0.649090 0.330724 0.258240 -0.535451 1.000000 0.648967 0.330463 0.258240 -0.535451 1.000000 0.648844 0.330293 0.258240 -0.535451 1.000000 0.648745 0.330170 0.258240 -0.535451 1.000000 0.648671 0.330094 0.287493 -0.544998 1.000000 
0.649090 0.330724 0.258240 -0.535451 1.000000 0.648967 0.330463 0.258240 -0.535451 1.000000 0.648844 0.330293 0.258240 -0.535451 1.000000 0.648745 0.330170 0.258240 -0.535451 1.000000 0.648671 0.330094 0.287493 -0.544998 1.000000 0.648647 0.330047 0.287493 -0.544998 1.000000 
0.648967 0.330463 0.258240 -0.535451 1.000000 0.648844 0.330293 0.258240 -0.535451 1.000000 0.648745 0.330170 0.258240 -0.535451 1.000000 0.648671 0.330094 0.287493 -0.544998 1.000000 0.648647 0.330047 0.287493 -0.544998 1.000000 0.648647 0.330017 0.287493 -0.544998 1.000000 
0.648844 0.330293 0.258240 -0.535451 1.000000 0.648745 0.330170 0.258240 -0.535451 1.000000 0.648671 0.330094 0.287493 -0.544998 1.000000 0.648647 0.330047 0.287493 -0.544998 1.000000 0.648647 0.330017 0.287493 -0.544998 1.000000 0.648647 0.330001 0.287493 -0.544998 1.000000 
0.648745 0.330170 0.258240 -0.535451 1.000000 0.648671 0.330094 0.287493 -0.544998 1.000000 0.648647 0.330047 0.287493 -0.544998 1.000000 0.648647 0.330017 0.287493 -0.544998 1.000000 0.648647 0.330001 0.287493 -0.544998 1.000000 0.648647 0.329986 0.287493 -0.544998 1.000000 
0.648671 0.330094 0.287493 -0.544998 1.000000 0.648647 0.330047 0.287493 -0.544998 1.000000 0.648647 0.330017 0.287493 -0.544998 1.000000 0.648647 0.330001 0.287493 -0.544998 1.000000 0.648647 0.329986 0.287493 -0.544998 1.000000 0.648647 0.329970 0.287493 -0.544998 1.000000 
0.648647 0.330047 0.287493 -0.544998 1.000000 0.648647 0.330017 0.287493 -0.544998 1.000000 0.648647 0.330001 0.287493 -0.544998 1.000000 0.648647 0.329986 0.287493 -0.544998 1.000000 0.648647 0.329970 0.287493 -0.544998 1.000000 0.648647 0.329955 0.287493 -0.544998 1.000000 
0.648647 0.330017 0.287493 -0.544998 1.000000 0.648647 0.330001 0.287493 -0.544998 1.000000 0.648647 0.329986 0.287493 -0.544998 1.000000 0.648647 0.329970 0.287493 -0.544998 1.000000 0.648647 0.329955 0.287493 -0.544998 1.000000 0.648647 0.329940 0.287493 -0.544998 1.000000 
0.648647 0.330001 0.287493 -0.544998 1.000000 0.648647 0.329986 0.287493 -0.544998 1.000000 0.648647 0.329970 0.287493 -0.544998 1.000000 0.648647 0.329955 0.287493 -0.544998 1.000000 0.648647 0.329940 0.287493 -0.544998 1.000000 0.648647 0.330017 0.295926 -0.520626 1.000000 
0.648647 0.329986 0.287493 -0.544998 1.000000 0.648647 0.329970 0.287493 -0.544998 1.000000 0.648647 0.329955 0.287493 -0.544998 1.000000 0.648647 0.329940 0.287493 -0.544998 1.000000 0.648647 0.330017 0.295926 -0.520626 1.000000 0.648376 0.330416 0.295926 -0.520626 1.000000 
0.648647 0.329970 0.287493 -0.544998 1.000000 0.648647 0.329955 0.287493 -0.544998 1.000000 0.648647 0.329940 0.287493 -0.544998 1.000000 0.648647 0.330017 0.295926 -0.520626 1.000000 0.648376 0.330416 0.295926 -0.520626 1.000000 0.647712 0.331109 0.295926 -0.520626 1.000000 
0.648647 0.329955 0.287493 -0.544998 1.000000 0.648647 0.329940 0.287493 -0.544998 1.000000 0.648647 0.330017 0.295926 -0.520626 1.000000 0.648376 0.330416 0.295926 -0.520626 1.000000 0.647712 0.331109 0.295926 -0.520626 1.000000 0.646629 0.332154 0.295926 -0.520626 1.000000 
0.648647 0.329940 0.287493 -0.544998 1.000000 0.648647 0.330017 0.295926 -0.520626 1.000000 0.648376 0.330416 0.295926 -0.520626 1.000000 0.647712 0.331109 0.295926 -0.520626 1.000000 0.646629 0.332154 0.295926 -0.520626 1.000000 0.644956 0.333554 0.295926 -0.520626 1.000000 
0.648647 0.330017 0.295926 -0.520626 1.000000 0.648376 0.330416 0.295926 -0.520626 1.000000 0.647712 0.331109 0.295926 -0.520626 1.000000 0.646629 0.332154 0.295926 -0.520626 1.000000 0.644956 0.333554 0.295926 -0.520626 1.000000 0.642618 0.335415 0.294154 -0.500170 1.000000 
0.648376 0.330416 0.295926 -0.520626 1.000000 0.647712 0.331109 0.295926 -0.520626 1.000000 0.646629 0.332154 0.295926 -0.520626 1.000000 0.644956 0.333554 0.295926 -0.520626 1.000000 0.642618 0.335415 0.294154 -0.500170 1.000000 0.639518 0.337583 0.294154 -0.500170 1.000000 
0.647712 0.331109 0.295926 -0.520626 1.000000 0.646629 0.332154 0.295926 -0.520626 1.000000 0.644956 0.333554 0.295926 -0.520626 1.000000 0.642618 0.335415 0.294154 -0.500170 1.000000 0.639518 0.337583 0.294154 -0.500170 1.000000 0.635728 0.340121 0.294154 -0.500170 1.000000 
0.646629 0.332154 0.295926 -0.520626 1.000000 0.644956 0.333554 0.295926 -0.520626 1.000000 0.642618 0.335415 0.294154 -0.500170 1.000000 0.639518 0.337583 0.294154 -0.500170 1.000000 0.635728 0.340121 0.294154 -0.500170 1.000000 0.631373 0.342827 0.294154 -0.500170 1.000000 
0.644956 0.333554 0.295926 -0.520626 1.000000 0.642618 0.335415 0.294154 -0.500170 1.000000 0.639518 0.337583 0.294154 -0.500170 1.000000 0.635728 0.340121 0.294154 -0.500170 1.000000 0.631373 0.342827 0.294154 -0.500170 1.000000 0.626427 0.345611 0.294154 -0.500170 1.000000 
0.623917 0.331216 0.614915 -0.582396 0.000000 0.623720 0.331724 0.614915 -0.582396 0.000000 0.623720 0.332139 0.606008 -0.557861 0.000000 0.623917 0.332247 0.606008 -0.557861 0.000000 0.624803 0.332323 0.606008 -0.557861 0.000000 0.626083 0.332370 0.606008 -0.557861 0.000000 
0.623720 0.331724 0.614915 -0.582396 0.000000 0.623720 0.332139 0.606008 -0.557861 0.000000 0.623917 0.332247 0.606008 -0.557861 0.000000 0.624803 0.332323 0.606008 -0.557861 0.000000 0.626083 0.332370 0.606008 -0.557861 0.000000 0.627780 0.332708 0.606008 -0.557861 0.000000 
0.623720 0.332139 0.606008 -0.557861 0.000000 0.623917 0.332247 0.606008 -0.557861 0.000000 0.624803 0.332323 0.606008 -0.557861 0.000000 0.626083 0.332370 0.606008 -0.557861 0.000000 0.627780 0.332708 0.606008 -0.557861 0.000000 0.629847 0.332800 0.606008 -0.557861 0.000000 
0.623917 0.332247 0.606008 -0.557861 0.000000 0.624803 0.332323 0.606008 -0.557861 0.000000 0.626083 0.332370 0.606008 -0.557861 0.000000 0.627780 0.332708 0.606008 -0.557861 0.000000 0.629847 0.332800 0.606008 -0.557861 0.000000 0.632234 0.332800 0.606008 -0.557861 0.000000 
0.624803 0.332323 0.606008 -0.557861 0.000000 0.626083 0.332370 0.606008 -0.557861 0.000000 0.627780 0.332708 0.606008 -0.557861 0.000000 0.629847 0.332800 0.606008 -0.557861 0.000000 0.632234 0.332800 0.606008 -0.557861 0.000000 0.634793 0.332739 0.606008 -0.557861 0.000000 
0.626083 0.332370 0.606008 -0.557861 0.000000 0.627780 0.332708 0.606008 -0.557861 0.000000 0.629847 0.332800 0.606008 -0.557861 0.000000 0.632234 0.332800 0.606008 -0.557861 0.000000 0.634793 0.332739 0.606008 -0.557861 0.000000 0.637377 0.332400 0.606008 -0.557861 0.000000 
0.627780 0.332708 0.606008 -0.557861 0.000000 0.629847 0.332800 0.606008 -0.557861 0.000000 0.632234 0.332800 0.606008 -0.557861 0.000000 0.634793 0.332739 0.606008 -0.557861 0.000000 0.637377 0.332400 0.606008 -0.557861 0.000000 0.639887 0.332031 0.606008 -0.557861 0.000000 
0.629847 0.332800 0.606008 -0.557861 0.000000 0.632234 0.332800 0.606008 -0.557861 0.000000 0.634793 0.332739 0.606008 -0.557861 0.000000 0.637377 0.332400 0.606008 -0.557861 0.000000 0.639887 0.332031 0.606008 -0.557861 0.000000 0.642175 0.331647 0.606008 -0.557861 0.000000 
0.632234 0.332800 0.606008 -0.557861 0.000000 0.634793 0.332739 0.606008 -0.557861 0.000000 0.637377 0.332400 0.606008 -0.557861 0.000000 0.639887 0.332031 0.606008 -0.557861 0.000000 0.642175 0.331647 0.606008 -0.557861 0.000000 0.644193 0.331262 0.622471 -0.573679 0.000000 
0.634793 0.332739 0.606008 -0.557861 0.000000 0.637377 0.332400 0.606008 -0.557861 0.000000 0.639887 0.332031 0.606008 -0.557861 0.000000 0.642175 0.331647 0.606008 -0.557861 0.000000 0.644193 0.331262 0.622471 -0.573679 0.000000 0.645866 0.330893 0.622471 -0.573679 0.000000 
0.637377 0.332400 0.606008 -0.557861 0.000000 0.639887 0.332031 0.606008 -0.557861 0.000000 0.642175 0.331647 0.606008 -0.557861 0.000000 0.644193 0.331262 0.622471 -0.573679 0.000000 0.645866 0.330893 0.622471 -0.573679 0.000000 0.647195 0.330539 0.622471 -0.573679 0.000000 
0.639887 0.332031 0.606008 -0.557861 0.000000 0.642175 0.331647 0.606008 -0.557861 0.000000 0.644193 0.331262 0.622471 -0.573679 0.000000 0.645866 0.330893 0.622471 -0.573679 0.000000 0.647195 0.330539 0.622471 -0.573679 0.000000 0.647466 0.330247 0.622471 -0.573679 0.000000 
0.642175 0.331647 0.606008 -0.557861 0.000000 0.644193 0.331262 0.622471 -0.573679 0.000000 0.645866 0.330893 0.622471 -0.573679 0.000000 0.647195 0.330539 0.622471 -0.573679 0.000000 0.647466 0.330247 0.622471 -0.573679 0.000000 0.648351 0.330047 0.622471 -0.573679 0.000000 
0.644193 0.331262 0.622471 -0.573679 0.000000 0.645866 0.330893 0.622471 -0.573679 0.000000 0.647195 0.330539 0.622471 -0.573679 0.000000 0.647466 0.330247 0.622471 -0.573679 0.000000 0.648351 0.330047 0.622471 -0.573679 0.000000 0.649163 0.329909 0.629804 -0.564723 0.000000 
0.645866 0.330893 0.622471 -0.573679 0.000000 0.647195 0.330539 0.622471 -0.573679 0.000000 0.647466 0.330247 0.622471 -0.573679 0.000000 0.648351 0.330047 0.622471 -0.573679 0.000000 0.649163 0.329909 0.629804 -0.564723 0.000000 0.649262 0.329801 0.606008 -0.557861 0.000000 
0.647195 0.330539 0.622471 -0.573679 0.000000 0.647466 0.330247 0.622471 -0.573679 0.000000 0.648351 0.330047 0.622471 -0.573679 0.000000 0.649163 0.329909 0.629804 -0.564723 0.000000 0.649262 0.329801 0.606008 -0.557861 0.000000 0.649262 0.329724 0.606008 -0.557861 0.000000 
0.647466 0.330247 0.622471 -0.573679 0.000000 0.648351 0.330047 0.622471 -0.573679 0.000000 0.649163 0.329909 0.629804 -0.564723 0.000000 0.649262 0.329801 0.606008 -0.557861 0.000000 0.649262 0.329724 0.606008 -0.557861 0.000000 0.649262 0.329694 0.589706 -0.542247 0.000000 
0.648351 0.330047 0.622471 -0.573679 0.000000 0.649163 0.329909 0.629804 -0.564723 0.000000 0.649262 0.329801 0.606008 -0.557861 0.000000 0.649262 0.329724 0.606008 -0.557861 0.000000 0.649262 0.329694 0.589706 -0.542247 0.000000 0.649262 0.329663 0.589706 -0.542247 0.000000 
0.649163 0.329909 0.629804 -0.564723 0.000000 0.649262 0.329801 0.606008 -0.557861 0.000000 0.649262 0.329724 0.606008 -0.557861 0.000000 0.649262 0.329694 0.589706 -0.542247 0.000000 0.649262 0.329663 0.589706 -0.542247 0.000000 0.649213 0.329617 0.573562 -0.526830 0.000000 
0.649262 0.329801 0.606008 -0.557861 0.000000 0.649262 0.329724 0.606008 -0.557861 0.000000 0.649262 0.329694 0.589706 -0.542247 0.000000 0.649262 0.329663 0.589706 -0.542247 0.000000 0.649213 0.329617 0.573562 -0.526830 0.000000 0.648942 0.329586 0.573562 -0.526830 0.000000 
0.649262 0.329724 0.606008 -0.557861 0.000000 0.649262 0.329694 0.589706 -0.542247 0.000000 0.649262 0.329663 0.589706 -0.542247 0.000000 0.649213 0.329617 0.573562 -0.526830 0.000000 0.648942 0.329586 0.573562 -0.526830 0.000000 0.648597 0.329524 0.550417 -0.519776 0.285435 
0.649262 0.329694 0.589706 -0.542247 0.000000 0.649262 0.329663 0.589706 -0.542247 0.000000 0.649213 0.329617 0.573562 -0.526830 0.000000 0.648942 0.329586 0.573562 -0.526830 0.000000 0.648597 0.329524 0.550417 -0.519776 0.285435 0.648278 0.329432 0.557572 -0.511605 0.343109 
0.649262 0.329663 0.589706 -0.542247 0.000000 0.649213 0.329617 0.573562 -0.526830 0.000000 0.648942 0.329586 0.573562 -0.526830 0.000000 0.648597 0.329524 0.550417 -0.519776 0.285435 0.648278 0.329432 0.557572 -0.511605 0.343109 0.647859 0.329294 0.534693 -0.504585 0.439883 
0.649213 0.329617 0.573562 -0.526830 0.000000 0.648942 0.329586 0.573562 -0.526830 0.000000 0.648597 0.329524 0.550417 -0.519776 0.285435 0.648278 0.329432 0.557572 -0.511605 0.343109 0.647859 0.329294 0.534693 -0.504585 0.439883 0.647170 0.329125 0.534693 -0.504585 0.462366 
0.648942 0.329586 0.573562 -0.526830 0.000000 0.648597 0.329524 0.550417 -0.519776 0.285435 0.648278 0.329432 0.557572 -0.511605 0.343109 0.647859 0.329294 0.534693 -0.504585 0.439883 0.647170 0.329125 0.534693 -0.504585 0.462366 0.646186 0.328909 0.541732 -0.496565 0.478983 
0.648597 0.329524 0.550417 -0.519776 0.285435 0.648278 0.329432 0.557572 -0.511605 0.343109 0.647859 0.329294 0.534693 -0.504585 0.439883 0.647170 0.329125 0.534693 -0.504585 0.462366 0.646186 0.328909 0.541732 -0.496565 0.478983 0.644857 0.328679 0.541732 -0.496565 0.521994 
0.648278 0.329432 0.557572 -0.511605 0.343109 0.647859 0.329294 0.534693 -0.504585 0.439883 0.647170 0.329125 0.534693 -0.504585 0.462366 0.646186 0.328909 0.541732 -0.496565 0.478983 0.644857 0.328679 0.541732 -0.496565 0.521994 0.643086 0.328463 0.541732 -0.496565 0.591398 
0.647859 0.329294 0.534693 -0.504585 0.439883 0.647170 0.329125 0.534693 -0.504585 0.462366 0.646186 0.328909 0.541732 -0.496565 0.478983 0.644857 0.328679 0.541732 -0.496565 0.521994 0.643086 0.328463 0.541732 -0.496565 0.591398 0.640748 0.328248 0.541732 -0.496565 0.658847 
0.647170 0.329125 0.534693 -0.504585 0.462366 0.646186 0.328909 0.541732 -0.496565 0.478983 0.644857 0.328679 0.541732 -0.496565 0.521994 0.643086 0.328463 0.541732 -0.496565 0.591398 0.640748 0.328248 0.541732 -0.496565 0.658847 0.637771 0.327987 0.539315 -0.465407 0.694037 
0.646186 0.328909 0.541732 -0.496565 0.478983 0.644857 0.328679 0.541732 -0.496565 0.521994 0.643086 0.328463 0.541732 -0.496565 0.591398 0.640748 0.328248 0.541732 -0.496565 0.658847 0.637771 0.327987 0.539315 -0.465407 0.694037 0.634227 0.327725 0.539315 -0.465407 0.719453 
0.644857 0.328679 0.541732 -0.496565 0.521994 0.643086 0.328463 0.541732 -0.496565 0.591398 0.640748 0.328248 0.541732 -0.496565 0.658847 0.637771 0.327987 0.539315 -0.465407 0.694037 0.634227 0.327725 0.539315 -0.465407 0.719453 0.629946 0.327541 0.539315 -0.465407 0.751711 
