0.615600 0.368741 0.000000 -0.191986 0.000000 0.617963 0.371001 0.000000 -0.139626 0.000000 0.620202 0.373385 0.000000 -0.104720 0.000000 0.622318 0.375769 0.000000 -0.069813 0.000000 0.624434 0.378107 0.000000 -0.034907 0.000000 0.629626 0.384197 0.000000 0.000000 0.000000 
0.617963 0.371001 0.000000 -0.139626 0.000000 0.620202 0.373385 0.000000 -0.104720 0.000000 0.622318 0.375769 0.000000 -0.069813 0.000000 0.624434 0.378107 0.000000 -0.034907 0.000000 0.629626 0.384197 0.000000 0.000000 0.000000 0.626353 0.380336 0.000000 -0.017453 0.000000 
0.620202 0.373385 0.000000 -0.104720 0.000000 0.622318 0.375769 0.000000 -0.069813 0.000000 0.624434 0.378107 0.000000 -0.034907 0.000000 0.629626 0.384197 0.000000 0.000000 0.000000 0.626353 0.380336 0.000000 -0.017453 0.000000 0.628100 0.382351 0.000000 0.000000 0.000000 
0.622318 0.375769 0.000000 -0.069813 0.000000 0.624434 0.378107 0.000000 -0.034907 0.000000 0.629626 0.384197 0.000000 0.000000 0.000000 0.626353 0.380336 0.000000 -0.017453 0.000000 0.628100 0.382351 0.000000 0.000000 0.000000 0.630881 0.385858 0.000000 0.000000 0.000000 
0.624434 0.378107 0.000000 -0.034907 0.000000 0.629626 0.384197 0.000000 0.000000 0.000000 0.626353 0.380336 0.000000 -0.017453 0.000000 0.628100 0.382351 0.000000 0.000000 0.000000 0.630881 0.385858 0.000000 0.000000 0.000000 0.632013 0.387303 0.000000 0.000000 0.000000 
0.629626 0.384197 0.000000 0.000000 0.000000 0.626353 0.380336 0.000000 -0.017453 0.000000 0.628100 0.382351 0.000000 0.000000 0.000000 0.630881 0.385858 0.000000 0.000000 0.000000 0.632013 0.387303 0.000000 0.000000 0.000000 0.633071 0.388595 0.000000 0.000000 0.000000 
0.626353 0.380336 0.000000 -0.017453 0.000000 0.628100 0.382351 0.000000 0.000000 0.000000 0.630881 0.385858 0.000000 0.000000 0.000000 0.632013 0.387303 0.000000 0.000000 0.000000 0.633071 0.388595 0.000000 0.000000 0.000000 0.634080 0.389748 0.000000 0.000000 0.000000 
0.628100 0.382351 0.000000 0.000000 0.000000 0.630881 0.385858 0.000000 0.000000 0.000000 0.632013 0.387303 0.000000 0.000000 0.000000 0.633071 0.388595 0.000000 0.000000 0.000000 0.634080 0.389748 0.000000 0.000000 0.000000 0.635064 0.390702 0.000000 -0.017453 0.000000 
0.630881 0.385858 0.000000 0.000000 0.000000 0.632013 0.387303 0.000000 0.000000 0.000000 0.633071 0.388595 0.000000 0.000000 0.000000 0.634080 0.389748 0.000000 0.000000 0.000000 0.635064 0.390702 0.000000 -0.017453 0.000000 0.636097 0.390702 0.012342 -0.012342 0.000000 
0.632013 0.387303 0.000000 0.000000 0.000000 0.633071 0.388595 0.000000 0.000000 0.000000 0.634080 0.389748 0.000000 0.000000 0.000000 0.635064 0.390702 0.000000 -0.017453 0.000000 0.636097 0.390702 0.012342 -0.012342 0.000000 0.637033 0.390440 0.016193 -0.049802 0.000000 
0.633071 0.388595 0.000000 0.000000 0.000000 0.634080 0.389748 0.000000 0.000000 0.000000 0.635064 0.390702 0.000000 -0.017453 0.000000 0.636097 0.390702 0.012342 -0.012342 0.000000 0.637033 0.390440 0.016193 -0.049802 0.000000 0.637968 0.390102 0.016915 -0.067746 0.000000 
0.634080 0.389748 0.000000 0.000000 0.000000 0.635064 0.390702 0.000000 -0.017453 0.000000 0.636097 0.390702 0.012342 -0.012342 0.000000 0.637033 0.390440 0.016193 -0.049802 0.000000 0.637968 0.390102 0.016915 -0.067746 0.000000 0.638903 0.389702 0.016692 -0.085671 0.000000 
0.635064 0.390702 0.000000 -0.017453 0.000000 0.636097 0.390702 0.012342 -0.012342 0.000000 0.637033 0.390440 0.016193 -0.049802 0.000000 0.637968 0.390102 0.016915 -0.067746 0.000000 0.638903 0.389702 0.016692 -0.085671 0.000000 0.639813 0.389256 0.033831 -0.117485 0.000000 
0.636097 0.390702 0.012342 -0.012342 0.000000 0.637033 0.390440 0.016193 -0.049802 0.000000 0.637968 0.390102 0.016915 -0.067746 0.000000 0.638903 0.389702 0.016692 -0.085671 0.000000 0.639813 0.389256 0.033831 -0.117485 0.000000 0.640748 0.388764 0.048904 -0.149509 0.000000 
0.637033 0.390440 0.016193 -0.049802 0.000000 0.637968 0.390102 0.016915 -0.067746 0.000000 0.638903 0.389702 0.016692 -0.085671 0.000000 0.639813 0.389256 0.033831 -0.117485 0.000000 0.640748 0.388764 0.048904 -0.149509 0.000000 0.641683 0.388764 0.050267 -0.185596 0.000000 
0.637968 0.390102 0.016915 -0.067746 0.000000 0.638903 0.389702 0.016692 -0.085671 0.000000 0.639813 0.389256 0.033831 -0.117485 0.000000 0.640748 0.388764 0.048904 -0.149509 0.000000 0.641683 0.388764 0.050267 -0.185596 0.000000 0.642618 0.388918 0.089115 -0.228695 0.000000 
0.638903 0.389702 0.016692 -0.085671 0.000000 0.639813 0.389256 0.033831 -0.117485 0.000000 0.640748 0.388764 0.048904 -0.149509 0.000000 0.641683 0.388764 0.050267 -0.185596 0.000000 0.642618 0.388918 0.089115 -0.228695 0.000000 0.643627 0.389810 0.102401 -0.261567 0.000000 
0.639813 0.389256 0.033831 -0.117485 0.000000 0.640748 0.388764 0.048904 -0.149509 0.000000 0.641683 0.388764 0.050267 -0.185596 0.000000 0.642618 0.388918 0.089115 -0.228695 0.000000 0.643627 0.389810 0.102401 -0.261567 0.000000 0.644537 0.391086 0.122775 -0.311025 0.000000 
0.640748 0.388764 0.048904 -0.149509 0.000000 0.641683 0.388764 0.050267 -0.185596 0.000000 0.642618 0.388918 0.089115 -0.228695 0.000000 0.643627 0.389810 0.102401 -0.261567 0.000000 0.644537 0.391086 0.122775 -0.311025 0.000000 0.645522 0.392117 0.162877 -0.353585 0.000000 
0.641683 0.388764 0.050267 -0.185596 0.000000 0.642618 0.388918 0.089115 -0.228695 0.000000 0.643627 0.389810 0.102401 -0.261567 0.000000 0.644537 0.391086 0.122775 -0.311025 0.000000 0.645522 0.392117 0.162877 -0.353585 0.000000 0.646481 0.392963 0.179149 -0.386300 0.000000 
0.642618 0.388918 0.089115 -0.228695 0.000000 0.643627 0.389810 0.102401 -0.261567 0.000000 0.644537 0.391086 0.122775 -0.311025 0.000000 0.645522 0.392117 0.162877 -0.353585 0.000000 0.646481 0.392963 0.179149 -0.386300 0.000000 0.647441 0.393670 0.210636 -0.413141 0.000000 
0.643627 0.389810 0.102401 -0.261567 0.000000 0.644537 0.391086 0.122775 -0.311025 0.000000 0.645522 0.392117 0.162877 -0.353585 0.000000 0.646481 0.392963 0.179149 -0.386300 0.000000 0.647441 0.393670 0.210636 -0.413141 0.000000 0.648376 0.394239 0.221039 -0.449057 0.000000 
0.644537 0.391086 0.122775 -0.311025 0.000000 0.645522 0.392117 0.162877 -0.353585 0.000000 0.646481 0.392963 0.179149 -0.386300 0.000000 0.647441 0.393670 0.210636 -0.413141 0.000000 0.648376 0.394239 0.221039 -0.449057 0.000000 0.649188 0.394762 0.266306 -0.491542 0.000000 
0.645522 0.392117 0.162877 -0.353585 0.000000 0.646481 0.392963 0.179149 -0.386300 0.000000 0.647441 0.393670 0.210636 -0.413141 0.000000 0.648376 0.394239 0.221039 -0.449057 0.000000 0.649188 0.394762 0.266306 -0.491542 0.000000 0.649828 0.395346 0.277345 -0.528336 0.000000 
0.646481 0.392963 0.179149 -0.386300 0.000000 0.647441 0.393670 0.210636 -0.413141 0.000000 0.648376 0.394239 0.221039 -0.449057 0.000000 0.649188 0.394762 0.266306 -0.491542 0.000000 0.649828 0.395346 0.277345 -0.528336 0.000000 0.649828 0.396100 0.307786 -0.557800 0.000000 
0.647441 0.393670 0.210636 -0.413141 0.000000 0.648376 0.394239 0.221039 -0.449057 0.000000 0.649188 0.394762 0.266306 -0.491542 0.000000 0.649828 0.395346 0.277345 -0.528336 0.000000 0.649828 0.396100 0.307786 -0.557800 0.000000 0.649754 0.397023 0.329625 -0.591287 0.000000 
0.648376 0.394239 0.221039 -0.449057 0.000000 0.649188 0.394762 0.266306 -0.491542 0.000000 0.649828 0.395346 0.277345 -0.528336 0.000000 0.649828 0.396100 0.307786 -0.557800 0.000000 0.649754 0.397023 0.329625 -0.591287 0.000000 0.649975 0.398130 0.340852 -0.608124 0.000000 
0.648671 0.402467 0.352476 -0.646169 0.000000 0.648253 0.401329 0.329736 -0.633126 0.000000 0.648450 0.401975 0.340784 -0.650176 0.000000 0.648105 0.400498 0.318178 -0.636925 0.000000 0.647982 0.399529 0.318915 -0.616132 0.000000 0.647835 0.398468 0.318915 -0.616132 0.142717 
0.648253 0.401329 0.329736 -0.633126 0.000000 0.648450 0.401975 0.340784 -0.650176 0.000000 0.648105 0.400498 0.318178 -0.636925 0.000000 0.647982 0.399529 0.318915 -0.616132 0.000000 0.647835 0.398468 0.318915 -0.616132 0.142717 0.647662 0.397315 0.297408 -0.602902 0.217986 
0.648450 0.401975 0.340784 -0.650176 0.000000 0.648105 0.400498 0.318178 -0.636925 0.000000 0.647982 0.399529 0.318915 -0.616132 0.000000 0.647835 0.398468 0.318915 -0.616132 0.142717 0.647662 0.397315 0.297408 -0.602902 0.217986 0.647490 0.396100 0.297408 -0.602902 0.297165 
0.648105 0.400498 0.318178 -0.636925 0.000000 0.647982 0.399529 0.318915 -0.616132 0.000000 0.647835 0.398468 0.318915 -0.616132 0.142717 0.647662 0.397315 0.297408 -0.602902 0.217986 0.647490 0.396100 0.297408 -0.602902 0.297165 0.647441 0.394762 0.297912 -0.582307 0.375367 
0.647982 0.399529 0.318915 -0.616132 0.000000 0.647835 0.398468 0.318915 -0.616132 0.142717 0.647662 0.397315 0.297408 -0.602902 0.217986 0.647490 0.396100 0.297408 -0.602902 0.297165 0.647441 0.394762 0.297912 -0.582307 0.375367 0.647269 0.393301 0.297912 -0.582307 0.424242 
0.647835 0.398468 0.318915 -0.616132 0.142717 0.647662 0.397315 0.297408 -0.602902 0.217986 0.647490 0.396100 0.297408 -0.602902 0.297165 0.647441 0.394762 0.297912 -0.582307 0.375367 0.647269 0.393301 0.297912 -0.582307 0.424242 0.647023 0.391778 0.297912 -0.582307 0.442815 
0.647662 0.397315 0.297408 -0.602902 0.217986 0.647490 0.396100 0.297408 -0.602902 0.297165 0.647441 0.394762 0.297912 -0.582307 0.375367 0.647269 0.393301 0.297912 -0.582307 0.424242 0.647023 0.391778 0.297912 -0.582307 0.442815 0.646801 0.390225 0.297912 -0.582307 0.478006 
0.647490 0.396100 0.297408 -0.602902 0.297165 0.647441 0.394762 0.297912 -0.582307 0.375367 0.647269 0.393301 0.297912 -0.582307 0.424242 0.647023 0.391778 0.297912 -0.582307 0.442815 0.646801 0.390225 0.297912 -0.582307 0.478006 0.646555 0.388610 0.297912 -0.582307 0.524927 
0.647441 0.394762 0.297912 -0.582307 0.375367 0.647269 0.393301 0.297912 -0.582307 0.424242 0.647023 0.391778 0.297912 -0.582307 0.442815 0.646801 0.390225 0.297912 -0.582307 0.478006 0.646555 0.388610 0.297912 -0.582307 0.524927 0.646358 0.386934 0.297912 -0.582307 0.557185 
0.647269 0.393301 0.297912 -0.582307 0.424242 0.647023 0.391778 0.297912 -0.582307 0.442815 0.646801 0.390225 0.297912 -0.582307 0.478006 0.646555 0.388610 0.297912 -0.582307 0.524927 0.646358 0.386934 0.297912 -0.582307 0.557185 0.646161 0.385258 0.277454 -0.569080 0.599218 
0.647023 0.391778 0.297912 -0.582307 0.442815 0.646801 0.390225 0.297912 -0.582307 0.478006 0.646555 0.388610 0.297912 -0.582307 0.524927 0.646358 0.386934 0.297912 -0.582307 0.557185 0.646161 0.385258 0.277454 -0.569080 0.599218 0.645940 0.383551 0.277454 -0.569080 0.624633 
0.646801 0.390225 0.297912 -0.582307 0.478006 0.646555 0.388610 0.297912 -0.582307 0.524927 0.646358 0.386934 0.297912 -0.582307 0.557185 0.646161 0.385258 0.277454 -0.569080 0.599218 0.645940 0.383551 0.277454 -0.569080 0.624633 0.645694 0.381813 0.277454 -0.569080 0.636364 
0.646555 0.388610 0.297912 -0.582307 0.524927 0.646358 0.386934 0.297912 -0.582307 0.557185 0.646161 0.385258 0.277454 -0.569080 0.599218 0.645940 0.383551 0.277454 -0.569080 0.624633 0.645694 0.381813 0.277454 -0.569080 0.636364 0.645472 0.380029 0.277454 -0.569080 0.651026 
0.646358 0.386934 0.297912 -0.582307 0.557185 0.646161 0.385258 0.277454 -0.569080 0.599218 0.645940 0.383551 0.277454 -0.569080 0.624633 0.645694 0.381813 0.277454 -0.569080 0.636364 0.645472 0.380029 0.277454 -0.569080 0.651026 0.645300 0.378260 0.277454 -0.569080 0.678397 
0.646161 0.385258 0.277454 -0.569080 0.599218 0.645940 0.383551 0.277454 -0.569080 0.624633 0.645694 0.381813 0.277454 -0.569080 0.636364 0.645472 0.380029 0.277454 -0.569080 0.651026 0.645300 0.378260 0.277454 -0.569080 0.678397 0.645103 0.376492 0.256523 -0.575827 0.689150 
0.645940 0.383551 0.277454 -0.569080 0.624633 0.645694 0.381813 0.277454 -0.569080 0.636364 0.645472 0.380029 0.277454 -0.569080 0.651026 0.645300 0.378260 0.277454 -0.569080 0.678397 0.645103 0.376492 0.256523 -0.575827 0.689150 0.644931 0.374723 0.256523 -0.575827 0.706745 
0.645694 0.381813 0.277454 -0.569080 0.636364 0.645472 0.380029 0.277454 -0.569080 0.651026 0.645300 0.378260 0.277454 -0.569080 0.678397 0.645103 0.376492 0.256523 -0.575827 0.689150 0.644931 0.374723 0.256523 -0.575827 0.706745 0.644783 0.372939 0.256523 -0.575827 0.708700 
0.645472 0.380029 0.277454 -0.569080 0.651026 0.645300 0.378260 0.277454 -0.569080 0.678397 0.645103 0.376492 0.256523 -0.575827 0.689150 0.644931 0.374723 0.256523 -0.575827 0.706745 0.644783 0.372939 0.256523 -0.575827 0.708700 0.644611 0.371078 0.245856 -0.578972 0.722385 
0.645300 0.378260 0.277454 -0.569080 0.678397 0.645103 0.376492 0.256523 -0.575827 0.689150 0.644931 0.374723 0.256523 -0.575827 0.706745 0.644783 0.372939 0.256523 -0.575827 0.708700 0.644611 0.371078 0.245856 -0.578972 0.722385 0.644464 0.369171 0.245856 -0.578972 0.728250 
0.645103 0.376492 0.256523 -0.575827 0.689150 0.644931 0.374723 0.256523 -0.575827 0.706745 0.644783 0.372939 0.256523 -0.575827 0.708700 0.644611 0.371078 0.245856 -0.578972 0.722385 0.644464 0.369171 0.245856 -0.578972 0.728250 0.644365 0.367203 0.235058 -0.581965 0.723363 
0.644931 0.374723 0.256523 -0.575827 0.706745 0.644783 0.372939 0.256523 -0.575827 0.708700 0.644611 0.371078 0.245856 -0.578972 0.722385 0.644464 0.369171 0.245856 -0.578972 0.728250 0.644365 0.367203 0.235058 -0.581965 0.723363 0.644291 0.365111 0.235058 -0.581965 0.719453 
0.644783 0.372939 0.256523 -0.575827 0.708700 0.644611 0.371078 0.245856 -0.578972 0.722385 0.644464 0.369171 0.245856 -0.578972 0.728250 0.644365 0.367203 0.235058 -0.581965 0.723363 0.644291 0.365111 0.235058 -0.581965 0.719453 0.644193 0.362881 0.208358 -0.550670 0.715542 
0.644611 0.371078 0.245856 -0.578972 0.722385 0.644464 0.369171 0.245856 -0.578972 0.728250 0.644365 0.367203 0.235058 -0.581965 0.723363 0.644291 0.365111 0.235058 -0.581965 0.719453 0.644193 0.362881 0.208358 -0.550670 0.715542 0.644168 0.360513 0.208358 -0.550670 0.702835 
0.644464 0.369171 0.245856 -0.578972 0.728250 0.644365 0.367203 0.235058 -0.581965 0.723363 0.644291 0.365111 0.235058 -0.581965 0.719453 0.644193 0.362881 0.208358 -0.550670 0.715542 0.644168 0.360513 0.208358 -0.550670 0.702835 0.643947 0.352331 0.187635 -0.555741 0.678397 
0.644365 0.367203 0.235058 -0.581965 0.723363 0.644291 0.365111 0.235058 -0.581965 0.719453 0.644193 0.362881 0.208358 -0.550670 0.715542 0.644168 0.360513 0.208358 -0.550670 0.702835 0.643947 0.352331 0.187635 -0.555741 0.678397 0.644119 0.357960 0.208358 -0.550670 0.694037 
0.644291 0.365111 0.235058 -0.581965 0.719453 0.644193 0.362881 0.208358 -0.550670 0.715542 0.644168 0.360513 0.208358 -0.550670 0.702835 0.643947 0.352331 0.187635 -0.555741 0.678397 0.644119 0.357960 0.208358 -0.550670 0.694037 0.644045 0.355223 0.187635 -0.555741 0.694037 
0.644193 0.362881 0.208358 -0.550670 0.715542 0.644168 0.360513 0.208358 -0.550670 0.702835 0.643947 0.352331 0.187635 -0.555741 0.678397 0.644119 0.357960 0.208358 -0.550670 0.694037 0.644045 0.355223 0.187635 -0.555741 0.694037 0.643848 0.349271 0.177125 -0.558060 0.675464 
0.644168 0.360513 0.208358 -0.550670 0.702835 0.643947 0.352331 0.187635 -0.555741 0.678397 0.644119 0.357960 0.208358 -0.550670 0.694037 0.644045 0.355223 0.187635 -0.555741 0.694037 0.643848 0.349271 0.177125 -0.558060 0.675464 0.643578 0.346134 0.177125 -0.558060 0.645161 
0.643947 0.352331 0.187635 -0.555741 0.678397 0.644119 0.357960 0.208358 -0.550670 0.694037 0.644045 0.355223 0.187635 -0.555741 0.694037 0.643848 0.349271 0.177125 -0.558060 0.675464 0.643578 0.346134 0.177125 -0.558060 0.645161 0.643307 0.342996 0.155832 -0.562271 0.620723 
0.644119 0.357960 0.208358 -0.550670 0.694037 0.644045 0.355223 0.187635 -0.555741 0.694037 0.643848 0.349271 0.177125 -0.558060 0.675464 0.643578 0.346134 0.177125 -0.558060 0.645161 0.643307 0.342996 0.155832 -0.562271 0.620723 0.643012 0.339921 0.155832 -0.562271 0.595308 
0.644045 0.355223 0.187635 -0.555741 0.694037 0.643848 0.349271 0.177125 -0.558060 0.675464 0.643578 0.346134 0.177125 -0.558060 0.645161 0.643307 0.342996 0.155832 -0.562271 0.620723 0.643012 0.339921 0.155832 -0.562271 0.595308 0.642618 0.336983 0.145059 -0.564162 0.543500 
0.643848 0.349271 0.177125 -0.558060 0.675464 0.643578 0.346134 0.177125 -0.558060 0.645161 0.643307 0.342996 0.155832 -0.562271 0.620723 0.643012 0.339921 0.155832 -0.562271 0.595308 0.642618 0.336983 0.145059 -0.564162 0.543500 0.642224 0.334246 0.145059 -0.564162 0.529814 
0.643578 0.346134 0.177125 -0.558060 0.645161 0.643307 0.342996 0.155832 -0.562271 0.620723 0.643012 0.339921 0.155832 -0.562271 0.595308 0.642618 0.336983 0.145059 -0.564162 0.543500 0.642224 0.334246 0.145059 -0.564162 0.529814 0.641831 0.331801 0.118670 -0.550206 0.488759 
0.643307 0.342996 0.155832 -0.562271 0.620723 0.643012 0.339921 0.155832 -0.562271 0.595308 0.642618 0.336983 0.145059 -0.564162 0.543500 0.642224 0.334246 0.145059 -0.564162 0.529814 0.641831 0.331801 0.118670 -0.550206 0.488759 0.641462 0.329663 0.108085 -0.551649 0.488759 
0.643012 0.339921 0.155832 -0.562271 0.595308 0.642618 0.336983 0.145059 -0.564162 0.543500 0.642224 0.334246 0.145059 -0.564162 0.529814 0.641831 0.331801 0.118670 -0.550206 0.488759 0.641462 0.329663 0.108085 -0.551649 0.488759 0.641117 0.327910 0.103962 -0.534318 0.490714 
0.642618 0.336983 0.145059 -0.564162 0.543500 0.642224 0.334246 0.145059 -0.564162 0.529814 0.641831 0.331801 0.118670 -0.550206 0.488759 0.641462 0.329663 0.108085 -0.551649 0.488759 0.641117 0.327910 0.103962 -0.534318 0.490714 0.640896 0.326479 0.083430 -0.536745 0.478006 
0.642224 0.334246 0.145059 -0.564162 0.529814 0.641831 0.331801 0.118670 -0.550206 0.488759 0.641462 0.329663 0.108085 -0.551649 0.488759 0.641117 0.327910 0.103962 -0.534318 0.490714 0.640896 0.326479 0.083430 -0.536745 0.478006 0.640723 0.325326 0.083430 -0.536745 0.477028 
0.641831 0.331801 0.118670 -0.550206 0.488759 0.641462 0.329663 0.108085 -0.551649 0.488759 0.641117 0.327910 0.103962 -0.534318 0.490714 0.640896 0.326479 0.083430 -0.536745 0.478006 0.640723 0.325326 0.083430 -0.536745 0.477028 0.640551 0.324449 0.083430 -0.536745 0.463343 
0.641462 0.329663 0.108085 -0.551649 0.488759 0.641117 0.327910 0.103962 -0.534318 0.490714 0.640896 0.326479 0.083430 -0.536745 0.478006 0.640723 0.325326 0.083430 -0.536745 0.477028 0.640551 0.324449 0.083430 -0.536745 0.463343 0.640477 0.323788 0.073096 -0.537755 0.462366 
0.641117 0.327910 0.103962 -0.534318 0.490714 0.640896 0.326479 0.083430 -0.536745 0.478006 0.640723 0.325326 0.083430 -0.536745 0.477028 0.640551 0.324449 0.083430 -0.536745 0.463343 0.640477 0.323788 0.073096 -0.537755 0.462366 0.640453 0.323342 0.073096 -0.537755 0.450635 
0.640896 0.326479 0.083430 -0.536745 0.478006 0.640723 0.325326 0.083430 -0.536745 0.477028 0.640551 0.324449 0.083430 -0.536745 0.463343 0.640477 0.323788 0.073096 -0.537755 0.462366 0.640453 0.323342 0.073096 -0.537755 0.450635 0.640404 0.323065 0.073096 -0.537755 0.445748 
0.640723 0.325326 0.083430 -0.536745 0.477028 0.640551 0.324449 0.083430 -0.536745 0.463343 0.640477 0.323788 0.073096 -0.537755 0.462366 0.640453 0.323342 0.073096 -0.537755 0.450635 0.640404 0.323065 0.073096 -0.537755 0.445748 0.640404 0.322942 0.073096 -0.537755 0.433040 
0.640551 0.324449 0.083430 -0.536745 0.463343 0.640477 0.323788 0.073096 -0.537755 0.462366 0.640453 0.323342 0.073096 -0.537755 0.450635 0.640404 0.323065 0.073096 -0.537755 0.445748 0.640404 0.322942 0.073096 -0.537755 0.433040 0.640404 0.323173 0.073096 -0.537755 0.277615 
0.640477 0.323788 0.073096 -0.537755 0.462366 0.640453 0.323342 0.073096 -0.537755 0.450635 0.640404 0.323065 0.073096 -0.537755 0.445748 0.640404 0.322942 0.073096 -0.537755 0.433040 0.640404 0.323173 0.073096 -0.537755 0.277615 0.640404 0.323650 0.073096 -0.537755 0.190616 
0.640453 0.323342 0.073096 -0.537755 0.450635 0.640404 0.323065 0.073096 -0.537755 0.445748 0.640404 0.322942 0.073096 -0.537755 0.433040 0.640404 0.323173 0.073096 -0.537755 0.277615 0.640404 0.323650 0.073096 -0.537755 0.190616 0.640502 0.324250 0.073096 -0.537755 0.084066 
0.640404 0.323065 0.073096 -0.537755 0.445748 0.640404 0.322942 0.073096 -0.537755 0.433040 0.640404 0.323173 0.073096 -0.537755 0.277615 0.640404 0.323650 0.073096 -0.537755 0.190616 0.640502 0.324250 0.073096 -0.537755 0.084066 0.641117 0.325880 0.073096 -0.537755 0.000000 
0.640404 0.322942 0.073096 -0.537755 0.433040 0.640404 0.323173 0.073096 -0.537755 0.277615 0.640404 0.323650 0.073096 -0.537755 0.190616 0.640502 0.324250 0.073096 -0.537755 0.084066 0.641117 0.325880 0.073096 -0.537755 0.000000 0.641412 0.326849 0.073096 -0.537755 0.000000 
0.640404 0.323173 0.073096 -0.537755 0.277615 0.640404 0.323650 0.073096 -0.537755 0.190616 0.640502 0.324250 0.073096 -0.537755 0.084066 0.641117 0.325880 0.073096 -0.537755 0.000000 0.641412 0.326849 0.073096 -0.537755 0.000000 0.641708 0.327879 0.073096 -0.537755 0.000000 
0.640404 0.323650 0.073096 -0.537755 0.190616 0.640502 0.324250 0.073096 -0.537755 0.084066 0.641117 0.325880 0.073096 -0.537755 0.000000 0.641412 0.326849 0.073096 -0.537755 0.000000 0.641708 0.327879 0.073096 -0.537755 0.000000 0.642126 0.331109 0.067778 -0.573452 0.000000 
0.640502 0.324250 0.073096 -0.537755 0.084066 0.641117 0.325880 0.073096 -0.537755 0.000000 0.641412 0.326849 0.073096 -0.537755 0.000000 0.641708 0.327879 0.073096 -0.537755 0.000000 0.642126 0.331109 0.067778 -0.573452 0.000000 0.641954 0.328940 0.065224 -0.556040 0.000000 
0.641117 0.325880 0.073096 -0.537755 0.000000 0.641412 0.326849 0.073096 -0.537755 0.000000 0.641708 0.327879 0.073096 -0.537755 0.000000 0.642126 0.331109 0.067778 -0.573452 0.000000 0.641954 0.328940 0.065224 -0.556040 0.000000 0.642101 0.330017 0.065224 -0.556040 0.000000 
0.641412 0.326849 0.073096 -0.537755 0.000000 0.641708 0.327879 0.073096 -0.537755 0.000000 0.642126 0.331109 0.067778 -0.573452 0.000000 0.641954 0.328940 0.065224 -0.556040 0.000000 0.642101 0.330017 0.065224 -0.556040 0.000000 0.642126 0.332200 0.067778 -0.573452 0.000000 
0.641708 0.327879 0.073096 -0.537755 0.000000 0.642126 0.331109 0.067778 -0.573452 0.000000 0.641954 0.328940 0.065224 -0.556040 0.000000 0.642101 0.330017 0.065224 -0.556040 0.000000 0.642126 0.332200 0.067778 -0.573452 0.000000 0.642126 0.333215 0.082018 -0.589948 0.000000 
0.642126 0.331109 0.067778 -0.573452 0.000000 0.641954 0.328940 0.065224 -0.556040 0.000000 0.642101 0.330017 0.065224 -0.556040 0.000000 0.642126 0.332200 0.067778 -0.573452 0.000000 0.642126 0.333215 0.082018 -0.589948 0.000000 0.641658 0.334200 0.085128 -0.607354 0.000000 
0.641954 0.328940 0.065224 -0.556040 0.000000 0.642101 0.330017 0.065224 -0.556040 0.000000 0.642126 0.332200 0.067778 -0.573452 0.000000 0.642126 0.333215 0.082018 -0.589948 0.000000 0.641658 0.334200 0.085128 -0.607354 0.000000 0.641043 0.335169 0.085128 -0.607354 0.000000 
0.642101 0.330017 0.065224 -0.556040 0.000000 0.642126 0.332200 0.067778 -0.573452 0.000000 0.642126 0.333215 0.082018 -0.589948 0.000000 0.641658 0.334200 0.085128 -0.607354 0.000000 0.641043 0.335169 0.085128 -0.607354 0.000000 0.640256 0.336091 0.085128 -0.607354 0.000000 
0.642126 0.332200 0.067778 -0.573452 0.000000 0.642126 0.333215 0.082018 -0.589948 0.000000 0.641658 0.334200 0.085128 -0.607354 0.000000 0.641043 0.335169 0.085128 -0.607354 0.000000 0.640256 0.336091 0.085128 -0.607354 0.000000 0.639370 0.336922 0.085128 -0.607354 0.000000 
0.642126 0.333215 0.082018 -0.589948 0.000000 0.641658 0.334200 0.085128 -0.607354 0.000000 0.641043 0.335169 0.085128 -0.607354 0.000000 0.640256 0.336091 0.085128 -0.607354 0.000000 0.639370 0.336922 0.085128 -0.607354 0.000000 0.638435 0.337675 0.082018 -0.589948 0.000000 
0.641658 0.334200 0.085128 -0.607354 0.000000 0.641043 0.335169 0.085128 -0.607354 0.000000 0.640256 0.336091 0.085128 -0.607354 0.000000 0.639370 0.336922 0.085128 -0.607354 0.000000 0.638435 0.337675 0.082018 -0.589948 0.000000 0.637426 0.338306 0.090135 -0.571501 0.000000 
0.641043 0.335169 0.085128 -0.607354 0.000000 0.640256 0.336091 0.085128 -0.607354 0.000000 0.639370 0.336922 0.085128 -0.607354 0.000000 0.638435 0.337675 0.082018 -0.589948 0.000000 0.637426 0.338306 0.090135 -0.571501 0.000000 0.636393 0.338306 0.083430 -0.536745 0.000000 
0.640256 0.336091 0.085128 -0.607354 0.000000 0.639370 0.336922 0.085128 -0.607354 0.000000 0.638435 0.337675 0.082018 -0.589948 0.000000 0.637426 0.338306 0.090135 -0.571501 0.000000 0.636393 0.338306 0.083430 -0.536745 0.000000 0.635310 0.338244 0.067451 -0.502979 0.000000 
0.639370 0.336922 0.085128 -0.607354 0.000000 0.638435 0.337675 0.082018 -0.589948 0.000000 0.637426 0.338306 0.090135 -0.571501 0.000000 0.636393 0.338306 0.083430 -0.536745 0.000000 0.635310 0.338244 0.067451 -0.502979 0.000000 0.634227 0.338029 0.067775 -0.449944 0.000000 
0.638435 0.337675 0.082018 -0.589948 0.000000 0.637426 0.338306 0.090135 -0.571501 0.000000 0.636393 0.338306 0.083430 -0.536745 0.000000 0.635310 0.338244 0.067451 -0.502979 0.000000 0.634227 0.338029 0.067775 -0.449944 0.000000 0.633120 0.337798 0.051684 -0.398742 0.000000 
0.637426 0.338306 0.090135 -0.571501 0.000000 0.636393 0.338306 0.083430 -0.536745 0.000000 0.635310 0.338244 0.067451 -0.502979 0.000000 0.634227 0.338029 0.067775 -0.449944 0.000000 0.633120 0.337798 0.051684 -0.398742 0.000000 0.632087 0.337552 0.031711 -0.347842 0.000000 
0.636393 0.338306 0.083430 -0.536745 0.000000 0.635310 0.338244 0.067451 -0.502979 0.000000 0.634227 0.338029 0.067775 -0.449944 0.000000 0.633120 0.337798 0.051684 -0.398742 0.000000 0.632087 0.337552 0.031711 -0.347842 0.000000 0.631127 0.337291 0.037242 -0.294621 0.000000 
0.635310 0.338244 0.067451 -0.502979 0.000000 0.634227 0.338029 0.067775 -0.449944 0.000000 0.633120 0.337798 0.051684 -0.398742 0.000000 0.632087 0.337552 0.031711 -0.347842 0.000000 0.631127 0.337291 0.037242 -0.294621 0.000000 0.630167 0.337829 0.016103 -0.226359 0.000000 
0.634227 0.338029 0.067775 -0.449944 0.000000 0.633120 0.337798 0.051684 -0.398742 0.000000 0.632087 0.337552 0.031711 -0.347842 0.000000 0.631127 0.337291 0.037242 -0.294621 0.000000 0.630167 0.337829 0.016103 -0.226359 0.000000 0.629306 0.338521 0.000000 -0.174533 0.000000 
0.633120 0.337798 0.051684 -0.398742 0.000000 0.632087 0.337552 0.031711 -0.347842 0.000000 0.631127 0.337291 0.037242 -0.294621 0.000000 0.630167 0.337829 0.016103 -0.226359 0.000000 0.629306 0.338521 0.000000 -0.174533 0.000000 0.629306 0.338721 0.000000 -0.104720 0.000000 
0.632087 0.337552 0.031711 -0.347842 0.000000 0.631127 0.337291 0.037242 -0.294621 0.000000 0.630167 0.337829 0.016103 -0.226359 0.000000 0.629306 0.338521 0.000000 -0.174533 0.000000 0.629306 0.338721 0.000000 -0.104720 0.000000 0.629331 0.339013 0.000000 -0.069813 0.000000 
0.631127 0.337291 0.037242 -0.294621 0.000000 0.630167 0.337829 0.016103 -0.226359 0.000000 0.629306 0.338521 0.000000 -0.174533 0.000000 0.629306 0.338721 0.000000 -0.104720 0.000000 0.629331 0.339013 0.000000 -0.069813 0.000000 0.629577 0.339090 0.000000 -0.052360 0.000000 
0.630167 0.337829 0.016103 -0.226359 0.000000 0.629306 0.338521 0.000000 -0.174533 0.000000 0.629306 0.338721 0.000000 -0.104720 0.000000 0.629331 0.339013 0.000000 -0.069813 0.000000 0.629577 0.339090 0.000000 -0.052360 0.000000 0.629823 0.339090 0.000000 -0.034907 0.000000 
0.629306 0.338521 0.000000 -0.174533 0.000000 0.629306 0.338721 0.000000 -0.104720 0.000000 0.629331 0.339013 0.000000 -0.069813 0.000000 0.629577 0.339090 0.000000 -0.052360 0.000000 0.629823 0.339090 0.000000 -0.034907 0.000000 0.630069 0.338859 0.000000 -0.034907 0.000000 
0.629306 0.338721 0.000000 -0.104720 0.000000 0.629331 0.339013 0.000000 -0.069813 0.000000 0.629577 0.339090 0.000000 -0.052360 0.000000 0.629823 0.339090 0.000000 -0.034907 0.000000 0.630069 0.338859 0.000000 -0.034907 0.000000 0.630069 0.338321 0.000000 -0.034907 0.000000 
0.629331 0.339013 0.000000 -0.069813 0.000000 0.629577 0.339090 0.000000 -0.052360 0.000000 0.629823 0.339090 0.000000 -0.034907 0.000000 0.630069 0.338859 0.000000 -0.034907 0.000000 0.630069 0.338321 0.000000 -0.034907 0.000000 0.629429 0.337629 0.000000 -0.052360 0.000000 
0.629577 0.339090 0.000000 -0.052360 0.000000 0.629823 0.339090 0.000000 -0.034907 0.000000 0.630069 0.338859 0.000000 -0.034907 0.000000 0.630069 0.338321 0.000000 -0.034907 0.000000 0.629429 0.337629 0.000000 -0.052360 0.000000 0.629355 0.336768 0.000000 -0.069813 0.000000 
0.629823 0.339090 0.000000 -0.034907 0.000000 0.630069 0.338859 0.000000 -0.034907 0.000000 0.630069 0.338321 0.000000 -0.034907 0.000000 0.629429 0.337629 0.000000 -0.052360 0.000000 0.629355 0.336768 0.000000 -0.069813 0.000000 0.628617 0.335784 0.000000 -0.087266 0.000000 
0.630069 0.338859 0.000000 -0.034907 0.000000 0.630069 0.338321 0.000000 -0.034907 0.000000 0.629429 0.337629 0.000000 -0.052360 0.000000 0.629355 0.336768 0.000000 -0.069813 0.000000 0.628617 0.335784 0.000000 -0.087266 0.000000 0.628027 0.334676 0.000000 -0.122173 0.000000 
0.630069 0.338321 0.000000 -0.034907 0.000000 0.629429 0.337629 0.000000 -0.052360 0.000000 0.629355 0.336768 0.000000 -0.069813 0.000000 0.628617 0.335784 0.000000 -0.087266 0.000000 0.628027 0.334676 0.000000 -0.122173 0.000000 0.628027 0.333554 0.000000 -0.157080 0.000000 
0.629429 0.337629 0.000000 -0.052360 0.000000 0.629355 0.336768 0.000000 -0.069813 0.000000 0.628617 0.335784 0.000000 -0.087266 0.000000 0.628027 0.334676 0.000000 -0.122173 0.000000 0.628027 0.333554 0.000000 -0.157080 0.000000 0.627805 0.332400 0.016940 -0.191273 0.000000 
0.629355 0.336768 0.000000 -0.069813 0.000000 0.628617 0.335784 0.000000 -0.087266 0.000000 0.628027 0.334676 0.000000 -0.122173 0.000000 0.628027 0.333554 0.000000 -0.157080 0.000000 0.627805 0.332400 0.016940 -0.191273 0.000000 0.627731 0.330939 0.032643 -0.259935 0.000000 
0.628617 0.335784 0.000000 -0.087266 0.000000 0.628027 0.334676 0.000000 -0.122173 0.000000 0.628027 0.333554 0.000000 -0.157080 0.000000 0.627805 0.332400 0.016940 -0.191273 0.000000 0.627731 0.330939 0.032643 -0.259935 0.000000 0.627731 0.331662 0.036100 -0.224193 0.000000 
0.628027 0.334676 0.000000 -0.122173 0.000000 0.628027 0.333554 0.000000 -0.157080 0.000000 0.627805 0.332400 0.016940 -0.191273 0.000000 0.627731 0.330939 0.032643 -0.259935 0.000000 0.627731 0.331662 0.036100 -0.224193 0.000000 0.627731 0.330217 0.049752 -0.275223 0.000000 
0.628027 0.333554 0.000000 -0.157080 0.000000 0.627805 0.332400 0.016940 -0.191273 0.000000 0.627731 0.330939 0.032643 -0.259935 0.000000 0.627731 0.331662 0.036100 -0.224193 0.000000 0.627731 0.330217 0.049752 -0.275223 0.000000 0.628051 0.329509 0.067452 -0.307724 0.000000 
0.627805 0.332400 0.016940 -0.191273 0.000000 0.627731 0.330939 0.032643 -0.259935 0.000000 0.627731 0.331662 0.036100 -0.224193 0.000000 0.627731 0.330217 0.049752 -0.275223 0.000000 0.628051 0.329509 0.067452 -0.307724 0.000000 0.628273 0.328802 0.069337 -0.343148 0.000000 
0.627731 0.330939 0.032643 -0.259935 0.000000 0.627731 0.331662 0.036100 -0.224193 0.000000 0.627731 0.330217 0.049752 -0.275223 0.000000 0.628051 0.329509 0.067452 -0.307724 0.000000 0.628273 0.328802 0.069337 -0.343148 0.000000 0.628617 0.328125 0.083805 -0.376359 0.000000 
0.627731 0.331662 0.036100 -0.224193 0.000000 0.627731 0.330217 0.049752 -0.275223 0.000000 0.628051 0.329509 0.067452 -0.307724 0.000000 0.628273 0.328802 0.069337 -0.343148 0.000000 0.628617 0.328125 0.083805 -0.376359 0.000000 0.628986 0.327464 0.107297 -0.407788 0.000000 
0.627731 0.330217 0.049752 -0.275223 0.000000 0.628051 0.329509 0.067452 -0.307724 0.000000 0.628273 0.328802 0.069337 -0.343148 0.000000 0.628617 0.328125 0.083805 -0.376359 0.000000 0.628986 0.327464 0.107297 -0.407788 0.000000 0.629552 0.326818 0.104514 -0.426471 0.000000 
0.628051 0.329509 0.067452 -0.307724 0.000000 0.628273 0.328802 0.069337 -0.343148 0.000000 0.628617 0.328125 0.083805 -0.376359 0.000000 0.628986 0.327464 0.107297 -0.407788 0.000000 0.629552 0.326818 0.104514 -0.426471 0.000000 0.629970 0.326203 0.105543 -0.462360 0.000000 
0.628273 0.328802 0.069337 -0.343148 0.000000 0.628617 0.328125 0.083805 -0.376359 0.000000 0.628986 0.327464 0.107297 -0.407788 0.000000 0.629552 0.326818 0.104514 -0.426471 0.000000 0.629970 0.326203 0.105543 -0.462360 0.000000 0.630561 0.325618 0.127930 -0.476299 0.000000 
0.628617 0.328125 0.083805 -0.376359 0.000000 0.628986 0.327464 0.107297 -0.407788 0.000000 0.629552 0.326818 0.104514 -0.426471 0.000000 0.629970 0.326203 0.105543 -0.462360 0.000000 0.630561 0.325618 0.127930 -0.476299 0.000000 0.630905 0.325018 0.124052 -0.495212 0.000000 
0.628986 0.327464 0.107297 -0.407788 0.000000 0.629552 0.326818 0.104514 -0.426471 0.000000 0.629970 0.326203 0.105543 -0.462360 0.000000 0.630561 0.325618 0.127930 -0.476299 0.000000 0.630905 0.325018 0.124052 -0.495212 0.000000 0.631250 0.324434 0.119466 -0.514085 0.000000 
0.629552 0.326818 0.104514 -0.426471 0.000000 0.629970 0.326203 0.105543 -0.462360 0.000000 0.630561 0.325618 0.127930 -0.476299 0.000000 0.630905 0.325018 0.124052 -0.495212 0.000000 0.631250 0.324434 0.119466 -0.514085 0.000000 0.631767 0.323850 0.144350 -0.527835 0.000000 
0.629970 0.326203 0.105543 -0.462360 0.000000 0.630561 0.325618 0.127930 -0.476299 0.000000 0.630905 0.325018 0.124052 -0.495212 0.000000 0.631250 0.324434 0.119466 -0.514085 0.000000 0.631767 0.323850 0.144350 -0.527835 0.000000 0.632185 0.323250 0.139650 -0.546904 0.000000 
0.630561 0.325618 0.127930 -0.476299 0.000000 0.630905 0.325018 0.124052 -0.495212 0.000000 0.631250 0.324434 0.119466 -0.514085 0.000000 0.631767 0.323850 0.144350 -0.527835 0.000000 0.632185 0.323250 0.139650 -0.546904 0.000000 0.632406 0.322635 0.139650 -0.546904 0.000000 
0.630905 0.325018 0.124052 -0.495212 0.000000 0.631250 0.324434 0.119466 -0.514085 0.000000 0.631767 0.323850 0.144350 -0.527835 0.000000 0.632185 0.323250 0.139650 -0.546904 0.000000 0.632406 0.322635 0.139650 -0.546904 0.000000 0.632653 0.322020 0.145059 -0.564162 0.000000 
0.631250 0.324434 0.119466 -0.514085 0.000000 0.631767 0.323850 0.144350 -0.527835 0.000000 0.632185 0.323250 0.139650 -0.546904 0.000000 0.632406 0.322635 0.139650 -0.546904 0.000000 0.632653 0.322020 0.145059 -0.564162 0.000000 0.632972 0.321404 0.145059 -0.564162 0.000000 
0.631767 0.323850 0.144350 -0.527835 0.000000 0.632185 0.323250 0.139650 -0.546904 0.000000 0.632406 0.322635 0.139650 -0.546904 0.000000 0.632653 0.322020 0.145059 -0.564162 0.000000 0.632972 0.321404 0.145059 -0.564162 0.000000 0.633342 0.320789 0.145059 -0.564162 0.000000 
0.632185 0.323250 0.139650 -0.546904 0.000000 0.632406 0.322635 0.139650 -0.546904 0.000000 0.632653 0.322020 0.145059 -0.564162 0.000000 0.632972 0.321404 0.145059 -0.564162 0.000000 0.633342 0.320789 0.145059 -0.564162 0.000000 0.633711 0.320189 0.145059 -0.564162 0.000000 
0.632406 0.322635 0.139650 -0.546904 0.000000 0.632653 0.322020 0.145059 -0.564162 0.000000 0.632972 0.321404 0.145059 -0.564162 0.000000 0.633342 0.320789 0.145059 -0.564162 0.000000 0.633711 0.320189 0.145059 -0.564162 0.000000 0.634154 0.319620 0.145059 -0.564162 0.000000 
0.632653 0.322020 0.145059 -0.564162 0.000000 0.632972 0.321404 0.145059 -0.564162 0.000000 0.633342 0.320789 0.145059 -0.564162 0.000000 0.633711 0.320189 0.145059 -0.564162 0.000000 0.634154 0.319620 0.145059 -0.564162 0.000000 0.634596 0.319051 0.129194 -0.548625 0.000000 
0.632972 0.321404 0.145059 -0.564162 0.000000 0.633342 0.320789 0.145059 -0.564162 0.000000 0.633711 0.320189 0.145059 -0.564162 0.000000 0.634154 0.319620 0.145059 -0.564162 0.000000 0.634596 0.319051 0.129194 -0.548625 0.000000 0.634916 0.318529 0.129194 -0.548625 0.000000 
0.633342 0.320789 0.145059 -0.564162 0.000000 0.633711 0.320189 0.145059 -0.564162 0.000000 0.634154 0.319620 0.145059 -0.564162 0.000000 0.634596 0.319051 0.129194 -0.548625 0.000000 0.634916 0.318529 0.129194 -0.548625 0.000000 0.635212 0.318036 0.129194 -0.548625 0.000000 
0.633711 0.320189 0.145059 -0.564162 0.000000 0.634154 0.319620 0.145059 -0.564162 0.000000 0.634596 0.319051 0.129194 -0.548625 0.000000 0.634916 0.318529 0.129194 -0.548625 0.000000 0.635212 0.318036 0.129194 -0.548625 0.000000 0.635433 0.317637 0.124282 -0.531349 0.000000 
0.634154 0.319620 0.145059 -0.564162 0.000000 0.634596 0.319051 0.129194 -0.548625 0.000000 0.634916 0.318529 0.129194 -0.548625 0.000000 0.635212 0.318036 0.129194 -0.548625 0.000000 0.635433 0.317637 0.124282 -0.531349 0.000000 0.635630 0.317298 0.124282 -0.531349 0.000000 
0.634596 0.319051 0.129194 -0.548625 0.000000 0.634916 0.318529 0.129194 -0.548625 0.000000 0.635212 0.318036 0.129194 -0.548625 0.000000 0.635433 0.317637 0.124282 -0.531349 0.000000 0.635630 0.317298 0.124282 -0.531349 0.000000 0.635876 0.316991 0.124282 -0.531349 0.000000 
0.634916 0.318529 0.129194 -0.548625 0.000000 0.635212 0.318036 0.129194 -0.548625 0.000000 0.635433 0.317637 0.124282 -0.531349 0.000000 0.635630 0.317298 0.124282 -0.531349 0.000000 0.635876 0.316991 0.124282 -0.531349 0.000000 0.636073 0.316729 0.124282 -0.531349 0.000000 
0.635212 0.318036 0.129194 -0.548625 0.000000 0.635433 0.317637 0.124282 -0.531349 0.000000 0.635630 0.317298 0.124282 -0.531349 0.000000 0.635876 0.316991 0.124282 -0.531349 0.000000 0.636073 0.316729 0.124282 -0.531349 0.000000 0.636270 0.316529 0.119466 -0.514085 0.000000 
0.635433 0.317637 0.124282 -0.531349 0.000000 0.635630 0.317298 0.124282 -0.531349 0.000000 0.635876 0.316991 0.124282 -0.531349 0.000000 0.636073 0.316729 0.124282 -0.531349 0.000000 0.636270 0.316529 0.119466 -0.514085 0.000000 0.636368 0.316391 0.119466 -0.514085 0.090909 
0.635630 0.317298 0.124282 -0.531349 0.000000 0.635876 0.316991 0.124282 -0.531349 0.000000 0.636073 0.316729 0.124282 -0.531349 0.000000 0.636270 0.316529 0.119466 -0.514085 0.000000 0.636368 0.316391 0.119466 -0.514085 0.090909 0.636442 0.316283 0.119466 -0.514085 0.131965 
0.635876 0.316991 0.124282 -0.531349 0.000000 0.636073 0.316729 0.124282 -0.531349 0.000000 0.636270 0.316529 0.119466 -0.514085 0.000000 0.636368 0.316391 0.119466 -0.514085 0.090909 0.636442 0.316283 0.119466 -0.514085 0.131965 0.636565 0.316222 0.119466 -0.514085 0.189638 
0.636073 0.316729 0.124282 -0.531349 0.000000 0.636270 0.316529 0.119466 -0.514085 0.000000 0.636368 0.316391 0.119466 -0.514085 0.090909 0.636442 0.316283 0.119466 -0.514085 0.131965 0.636565 0.316222 0.119466 -0.514085 0.189638 0.636688 0.316145 0.119466 -0.514085 0.259042 
0.636270 0.316529 0.119466 -0.514085 0.000000 0.636368 0.316391 0.119466 -0.514085 0.090909 0.636442 0.316283 0.119466 -0.514085 0.131965 0.636565 0.316222 0.119466 -0.514085 0.189638 0.636688 0.316145 0.119466 -0.514085 0.259042 0.636786 0.316068 0.119466 -0.514085 0.324536 
0.636368 0.316391 0.119466 -0.514085 0.090909 0.636442 0.316283 0.119466 -0.514085 0.131965 0.636565 0.316222 0.119466 -0.514085 0.189638 0.636688 0.316145 0.119466 -0.514085 0.259042 0.636786 0.316068 0.119466 -0.514085 0.324536 0.636836 0.316022 0.119466 -0.514085 0.376344 
0.636442 0.316283 0.119466 -0.514085 0.131965 0.636565 0.316222 0.119466 -0.514085 0.189638 0.636688 0.316145 0.119466 -0.514085 0.259042 0.636786 0.316068 0.119466 -0.514085 0.324536 0.636836 0.316022 0.119466 -0.514085 0.376344 0.636860 0.315991 0.119466 -0.514085 0.423265 
0.636565 0.316222 0.119466 -0.514085 0.189638 0.636688 0.316145 0.119466 -0.514085 0.259042 0.636786 0.316068 0.119466 -0.514085 0.324536 0.636836 0.316022 0.119466 -0.514085 0.376344 0.636860 0.315991 0.119466 -0.514085 0.423265 0.636860 0.315960 0.124282 -0.531349 0.478983 
0.636688 0.316145 0.119466 -0.514085 0.259042 0.636786 0.316068 0.119466 -0.514085 0.324536 0.636836 0.316022 0.119466 -0.514085 0.376344 0.636860 0.315991 0.119466 -0.514085 0.423265 0.636860 0.315960 0.124282 -0.531349 0.478983 0.636860 0.315945 0.124282 -0.531349 0.535679 
0.636786 0.316068 0.119466 -0.514085 0.324536 0.636836 0.316022 0.119466 -0.514085 0.376344 0.636860 0.315991 0.119466 -0.514085 0.423265 0.636860 0.315960 0.124282 -0.531349 0.478983 0.636860 0.315945 0.124282 -0.531349 0.535679 0.636860 0.315914 0.124282 -0.531349 0.588465 
0.636836 0.316022 0.119466 -0.514085 0.376344 0.636860 0.315991 0.119466 -0.514085 0.423265 0.636860 0.315960 0.124282 -0.531349 0.478983 0.636860 0.315945 0.124282 -0.531349 0.535679 0.636860 0.315914 0.124282 -0.531349 0.588465 0.636639 0.315914 0.119466 -0.514085 0.749756 
0.636860 0.315991 0.119466 -0.514085 0.423265 0.636860 0.315960 0.124282 -0.531349 0.478983 0.636860 0.315945 0.124282 -0.531349 0.535679 0.636860 0.315914 0.124282 -0.531349 0.588465 0.636639 0.315914 0.119466 -0.514085 0.749756 0.636343 0.315914 0.119466 -0.514085 0.761486 
0.636860 0.315960 0.124282 -0.531349 0.478983 0.636860 0.315945 0.124282 -0.531349 0.535679 0.636860 0.315914 0.124282 -0.531349 0.588465 0.636639 0.315914 0.119466 -0.514085 0.749756 0.636343 0.315914 0.119466 -0.514085 0.761486 0.635950 0.315914 0.119466 -0.514085 0.775171 
0.636860 0.315945 0.124282 -0.531349 0.535679 0.636860 0.315914 0.124282 -0.531349 0.588465 0.636639 0.315914 0.119466 -0.514085 0.749756 0.636343 0.315914 0.119466 -0.514085 0.761486 0.635950 0.315914 0.119466 -0.514085 0.775171 0.635507 0.315914 0.119466 -0.514085 0.789834 
0.636860 0.315914 0.124282 -0.531349 0.588465 0.636639 0.315914 0.119466 -0.514085 0.749756 0.636343 0.315914 0.119466 -0.514085 0.761486 0.635950 0.315914 0.119466 -0.514085 0.775171 0.635507 0.315914 0.119466 -0.514085 0.789834 0.634843 0.316160 0.119466 -0.514085 0.800587 
0.636639 0.315914 0.119466 -0.514085 0.749756 0.636343 0.315914 0.119466 -0.514085 0.761486 0.635950 0.315914 0.119466 -0.514085 0.775171 0.635507 0.315914 0.119466 -0.514085 0.789834 0.634843 0.316160 0.119466 -0.514085 0.800587 0.634006 0.316529 0.124052 -0.495212 0.805474 
0.636343 0.315914 0.119466 -0.514085 0.761486 0.635950 0.315914 0.119466 -0.514085 0.775171 0.635507 0.315914 0.119466 -0.514085 0.789834 0.634843 0.316160 0.119466 -0.514085 0.800587 0.634006 0.316529 0.124052 -0.495212 0.805474 0.632997 0.317083 0.124052 -0.495212 0.812317 
0.635950 0.315914 0.119466 -0.514085 0.775171 0.635507 0.315914 0.119466 -0.514085 0.789834 0.634843 0.316160 0.119466 -0.514085 0.800587 0.634006 0.316529 0.124052 -0.495212 0.805474 0.632997 0.317083 0.124052 -0.495212 0.812317 0.631841 0.317852 0.124052 -0.495212 0.827957 
0.635507 0.315914 0.119466 -0.514085 0.789834 0.634843 0.316160 0.119466 -0.514085 0.800587 0.634006 0.316529 0.124052 -0.495212 0.805474 0.632997 0.317083 0.124052 -0.495212 0.812317 0.631841 0.317852 0.124052 -0.495212 0.827957 0.630487 0.318882 0.124052 -0.495212 0.843597 
0.634843 0.316160 0.119466 -0.514085 0.800587 0.634006 0.316529 0.124052 -0.495212 0.805474 0.632997 0.317083 0.124052 -0.495212 0.812317 0.631841 0.317852 0.124052 -0.495212 0.827957 0.630487 0.318882 0.124052 -0.495212 0.843597 0.628912 0.320282 0.142493 -0.491582 0.864125 
0.632997 0.317083 0.124052 -0.495212 0.812317 0.631841 0.317852 0.124052 -0.495212 0.827957 0.630487 0.318882 0.124052 -0.495212 0.843597 0.628912 0.320282 0.142493 -0.491582 0.864125 0.622687 0.326556 0.136758 -0.474462 0.872923 0.627092 0.322050 0.142493 -0.491582 0.868035 
0.620891 0.304934 0.474582 -0.474582 0.000000 0.621555 0.304934 0.474582 -0.474582 0.000000 0.622293 0.304980 0.474582 -0.474582 0.000000 0.623105 0.305072 0.474582 -0.474582 0.000000 0.623991 0.305195 0.474582 -0.474582 0.068426 0.626919 0.305626 0.466593 -0.452713 0.228739 
0.622293 0.304980 0.474582 -0.474582 0.000000 0.623105 0.305072 0.474582 -0.474582 0.000000 0.623991 0.305195 0.474582 -0.474582 0.068426 0.626919 0.305626 0.466593 -0.452713 0.228739 0.624951 0.305349 0.466593 -0.452713 0.099707 0.625960 0.305472 0.466593 -0.452713 0.163245 
0.623105 0.305072 0.474582 -0.474582 0.000000 0.623991 0.305195 0.474582 -0.474582 0.068426 0.626919 0.305626 0.466593 -0.452713 0.228739 0.624951 0.305349 0.466593 -0.452713 0.099707 0.625960 0.305472 0.466593 -0.452713 0.163245 0.627780 0.305779 0.466593 -0.452713 0.286413 
0.623991 0.305195 0.474582 -0.474582 0.068426 0.626919 0.305626 0.466593 -0.452713 0.228739 0.624951 0.305349 0.466593 -0.452713 0.099707 0.625960 0.305472 0.466593 -0.452713 0.163245 0.627780 0.305779 0.466593 -0.452713 0.286413 0.629183 0.306102 0.466593 -0.452713 0.401760 
0.626919 0.305626 0.466593 -0.452713 0.228739 0.624951 0.305349 0.466593 -0.452713 0.099707 0.625960 0.305472 0.466593 -0.452713 0.163245 0.627780 0.305779 0.466593 -0.452713 0.286413 0.629183 0.306102 0.466593 -0.452713 0.401760 0.628543 0.305949 0.466593 -0.452713 0.347996 
0.624951 0.305349 0.466593 -0.452713 0.099707 0.625960 0.305472 0.466593 -0.452713 0.163245 0.627780 0.305779 0.466593 -0.452713 0.286413 0.629183 0.306102 0.466593 -0.452713 0.401760 0.628543 0.305949 0.466593 -0.452713 0.347996 0.629724 0.306287 0.466593 -0.452713 0.464321 
0.625960 0.305472 0.466593 -0.452713 0.163245 0.627780 0.305779 0.466593 -0.452713 0.286413 0.629183 0.306102 0.466593 -0.452713 0.401760 0.628543 0.305949 0.466593 -0.452713 0.347996 0.629724 0.306287 0.466593 -0.452713 0.464321 0.630463 0.306533 0.466593 -0.452713 0.571847 
0.627780 0.305779 0.466593 -0.452713 0.286413 0.629183 0.306102 0.466593 -0.452713 0.401760 0.628543 0.305949 0.466593 -0.452713 0.347996 0.629724 0.306287 0.466593 -0.452713 0.464321 0.630463 0.306533 0.466593 -0.452713 0.571847 0.630143 0.306425 0.466593 -0.452713 0.519062 
0.629183 0.306102 0.466593 -0.452713 0.401760 0.628543 0.305949 0.466593 -0.452713 0.347996 0.629724 0.306287 0.466593 -0.452713 0.464321 0.630463 0.306533 0.466593 -0.452713 0.571847 0.630143 0.306425 0.466593 -0.452713 0.519062 0.630610 0.306641 0.466593 -0.452713 0.634409 
0.628543 0.305949 0.466593 -0.452713 0.347996 0.629724 0.306287 0.466593 -0.452713 0.464321 0.630463 0.306533 0.466593 -0.452713 0.571847 0.630143 0.306425 0.466593 -0.452713 0.519062 0.630610 0.306641 0.466593 -0.452713 0.634409 0.630659 0.306717 0.466593 -0.452713 0.692082 
0.629724 0.306287 0.466593 -0.452713 0.464321 0.630463 0.306533 0.466593 -0.452713 0.571847 0.630143 0.306425 0.466593 -0.452713 0.519062 0.630610 0.306641 0.466593 -0.452713 0.634409 0.630659 0.306717 0.466593 -0.452713 0.692082 0.630659 0.306779 0.466593 -0.452713 0.737048 
0.630463 0.306533 0.466593 -0.452713 0.571847 0.630143 0.306425 0.466593 -0.452713 0.519062 0.630610 0.306641 0.466593 -0.452713 0.634409 0.630659 0.306717 0.466593 -0.452713 0.692082 0.630659 0.306779 0.466593 -0.452713 0.737048 0.630659 0.306825 0.466593 -0.452713 0.778104 
0.630143 0.306425 0.466593 -0.452713 0.519062 0.630610 0.306641 0.466593 -0.452713 0.634409 0.630659 0.306717 0.466593 -0.452713 0.692082 0.630659 0.306779 0.466593 -0.452713 0.737048 0.630659 0.306825 0.466593 -0.452713 0.778104 0.630659 0.306856 0.466593 -0.452713 0.810362 
0.630610 0.306641 0.466593 -0.452713 0.634409 0.630659 0.306717 0.466593 -0.452713 0.692082 0.630659 0.306779 0.466593 -0.452713 0.737048 0.630659 0.306825 0.466593 -0.452713 0.778104 0.630659 0.306856 0.466593 -0.452713 0.810362 0.630586 0.306871 0.479799 -0.438156 0.827957 
0.630659 0.306717 0.466593 -0.452713 0.692082 0.630659 0.306779 0.466593 -0.452713 0.737048 0.630659 0.306825 0.466593 -0.452713 0.778104 0.630659 0.306856 0.466593 -0.452713 0.810362 0.630586 0.306871 0.479799 -0.438156 0.827957 0.630266 0.306871 0.479799 -0.438156 0.851417 
0.630659 0.306779 0.466593 -0.452713 0.737048 0.630659 0.306825 0.466593 -0.452713 0.778104 0.630659 0.306856 0.466593 -0.452713 0.810362 0.630586 0.306871 0.479799 -0.438156 0.827957 0.630266 0.306871 0.479799 -0.438156 0.851417 0.629921 0.306871 0.479799 -0.438156 0.878788 
0.630659 0.306825 0.466593 -0.452713 0.778104 0.630659 0.306856 0.466593 -0.452713 0.810362 0.630586 0.306871 0.479799 -0.438156 0.827957 0.630266 0.306871 0.479799 -0.438156 0.851417 0.629921 0.306871 0.479799 -0.438156 0.878788 0.629552 0.306871 0.479799 -0.438156 0.894428 
0.630659 0.306856 0.466593 -0.452713 0.810362 0.630586 0.306871 0.479799 -0.438156 0.827957 0.630266 0.306871 0.479799 -0.438156 0.851417 0.629921 0.306871 0.479799 -0.438156 0.878788 0.629552 0.306871 0.479799 -0.438156 0.894428 0.629134 0.306871 0.479799 -0.438156 0.904203 
0.630586 0.306871 0.479799 -0.438156 0.827957 0.630266 0.306871 0.479799 -0.438156 0.851417 0.629921 0.306871 0.479799 -0.438156 0.878788 0.629552 0.306871 0.479799 -0.438156 0.894428 0.629134 0.306871 0.479799 -0.438156 0.904203 0.628691 0.306871 0.479799 -0.438156 0.907136 
0.630266 0.306871 0.479799 -0.438156 0.851417 0.629921 0.306871 0.479799 -0.438156 0.878788 0.629552 0.306871 0.479799 -0.438156 0.894428 0.629134 0.306871 0.479799 -0.438156 0.904203 0.628691 0.306871 0.479799 -0.438156 0.907136 0.628100 0.306871 0.492334 -0.422924 0.909091 
0.629921 0.306871 0.479799 -0.438156 0.878788 0.629552 0.306871 0.479799 -0.438156 0.894428 0.629134 0.306871 0.479799 -0.438156 0.904203 0.628691 0.306871 0.479799 -0.438156 0.907136 0.628100 0.306871 0.492334 -0.422924 0.909091 0.627411 0.306871 0.492334 -0.422924 0.905181 
0.629552 0.306871 0.479799 -0.438156 0.894428 0.629134 0.306871 0.479799 -0.438156 0.904203 0.628691 0.306871 0.479799 -0.438156 0.907136 0.628100 0.306871 0.492334 -0.422924 0.909091 0.627411 0.306871 0.492334 -0.422924 0.905181 0.626649 0.306825 0.492334 -0.422924 0.903226 
0.629134 0.306871 0.479799 -0.438156 0.904203 0.628691 0.306871 0.479799 -0.438156 0.907136 0.628100 0.306871 0.492334 -0.422924 0.909091 0.627411 0.306871 0.492334 -0.422924 0.905181 0.626649 0.306825 0.492334 -0.422924 0.903226 0.625714 0.306717 0.492334 -0.422924 0.901271 
