0.645054 0.399253 0.050612 0.345935 1.000000 0.645054 0.399237 0.050612 0.345935 1.000000 0.645054 0.399222 0.050612 0.345935 1.000000 0.645054 0.399206 0.050612 0.345935 1.000000 0.645054 0.399176 0.050612 0.345935 1.000000 0.645054 0.399160 0.050612 0.345935 1.000000 
0.645054 0.399237 0.050612 0.345935 1.000000 0.645054 0.399222 0.050612 0.345935 1.000000 0.645054 0.399206 0.050612 0.345935 1.000000 0.645054 0.399176 0.050612 0.345935 1.000000 0.645054 0.399160 0.050612 0.345935 1.000000 0.645054 0.399145 0.050612 0.345935 1.000000 
0.645054 0.399222 0.050612 0.345935 1.000000 0.645054 0.399206 0.050612 0.345935 1.000000 0.645054 0.399176 0.050612 0.345935 1.000000 0.645054 0.399160 0.050612 0.345935 1.000000 0.645054 0.399145 0.050612 0.345935 1.000000 0.645054 0.399130 0.050612 0.345935 1.000000 
0.645054 0.399206 0.050612 0.345935 1.000000 0.645054 0.399176 0.050612 0.345935 1.000000 0.645054 0.399160 0.050612 0.345935 1.000000 0.645054 0.399145 0.050612 0.345935 1.000000 0.645054 0.399130 0.050612 0.345935 1.000000 0.645103 0.399114 0.050612 0.345935 1.000000 
0.645054 0.399176 0.050612 0.345935 1.000000 0.645054 0.399160 0.050612 0.345935 1.000000 0.645054 0.399145 0.050612 0.345935 1.000000 0.645054 0.399130 0.050612 0.345935 1.000000 0.645103 0.399114 0.050612 0.345935 1.000000 0.645128 0.399099 0.050612 0.345935 1.000000 
0.645054 0.399160 0.050612 0.345935 1.000000 0.645054 0.399145 0.050612 0.345935 1.000000 0.645054 0.399130 0.050612 0.345935 1.000000 0.645103 0.399114 0.050612 0.345935 1.000000 0.645128 0.399099 0.050612 0.345935 1.000000 0.645128 0.399083 0.050612 0.345935 1.000000 
0.645054 0.399145 0.050612 0.345935 1.000000 0.645054 0.399130 0.050612 0.345935 1.000000 0.645103 0.399114 0.050612 0.345935 1.000000 0.645128 0.399099 0.050612 0.345935 1.000000 0.645128 0.399083 0.050612 0.345935 1.000000 0.645177 0.399083 0.050612 0.345935 1.000000 
0.645054 0.399130 0.050612 0.345935 1.000000 0.645103 0.399114 0.050612 0.345935 1.000000 0.645128 0.399099 0.050612 0.345935 1.000000 0.645128 0.399083 0.050612 0.345935 1.000000 0.645177 0.399083 0.050612 0.345935 1.000000 0.645202 0.399068 0.050612 0.345935 1.000000 
0.645103 0.399114 0.050612 0.345935 1.000000 0.645128 0.399099 0.050612 0.345935 1.000000 0.645128 0.399083 0.050612 0.345935 1.000000 0.645177 0.399083 0.050612 0.345935 1.000000 0.645202 0.399068 0.050612 0.345935 1.000000 0.645202 0.399053 0.050612 0.345935 1.000000 
0.645128 0.399099 0.050612 0.345935 1.000000 0.645128 0.399083 0.050612 0.345935 1.000000 0.645177 0.399083 0.050612 0.345935 1.000000 0.645202 0.399068 0.050612 0.345935 1.000000 0.645202 0.399053 0.050612 0.345935 1.000000 0.645251 0.399037 0.050612 0.345935 1.000000 
0.645128 0.399083 0.050612 0.345935 1.000000 0.645177 0.399083 0.050612 0.345935 1.000000 0.645202 0.399068 0.050612 0.345935 1.000000 0.645202 0.399053 0.050612 0.345935 1.000000 0.645251 0.399037 0.050612 0.345935 1.000000 0.645276 0.399037 0.050612 0.345935 1.000000 
0.645177 0.399083 0.050612 0.345935 1.000000 0.645202 0.399068 0.050612 0.345935 1.000000 0.645202 0.399053 0.050612 0.345935 1.000000 0.645251 0.399037 0.050612 0.345935 1.000000 0.645276 0.399037 0.050612 0.345935 1.000000 0.645300 0.399037 0.050612 0.345935 1.000000 
0.645202 0.399068 0.050612 0.345935 1.000000 0.645202 0.399053 0.050612 0.345935 1.000000 0.645251 0.399037 0.050612 0.345935 1.000000 0.645276 0.399037 0.050612 0.345935 1.000000 0.645300 0.399037 0.050612 0.345935 1.000000 0.645325 0.399037 0.050612 0.345935 1.000000 
0.645202 0.399053 0.050612 0.345935 1.000000 0.645251 0.399037 0.050612 0.345935 1.000000 0.645276 0.399037 0.050612 0.345935 1.000000 0.645300 0.399037 0.050612 0.345935 1.000000 0.645325 0.399037 0.050612 0.345935 1.000000 0.645374 0.399037 0.050612 0.345935 1.000000 
0.645251 0.399037 0.050612 0.345935 1.000000 0.645276 0.399037 0.050612 0.345935 1.000000 0.645300 0.399037 0.050612 0.345935 1.000000 0.645325 0.399037 0.050612 0.345935 1.000000 0.645374 0.399037 0.050612 0.345935 1.000000 0.645399 0.399037 0.050612 0.345935 1.000000 
0.645276 0.399037 0.050612 0.345935 1.000000 0.645300 0.399037 0.050612 0.345935 1.000000 0.645325 0.399037 0.050612 0.345935 1.000000 0.645374 0.399037 0.050612 0.345935 1.000000 0.645399 0.399037 0.050612 0.345935 1.000000 0.645423 0.399037 0.053373 0.363259 1.000000 
0.645300 0.399037 0.050612 0.345935 1.000000 0.645325 0.399037 0.050612 0.345935 1.000000 0.645374 0.399037 0.050612 0.345935 1.000000 0.645399 0.399037 0.050612 0.345935 1.000000 0.645423 0.399037 0.053373 0.363259 1.000000 0.645448 0.399037 0.053373 0.363259 1.000000 
0.645325 0.399037 0.050612 0.345935 1.000000 0.645374 0.399037 0.050612 0.345935 1.000000 0.645399 0.399037 0.050612 0.345935 1.000000 0.645423 0.399037 0.053373 0.363259 1.000000 0.645448 0.399037 0.053373 0.363259 1.000000 0.645472 0.399037 0.053373 0.363259 1.000000 
0.645374 0.399037 0.050612 0.345935 1.000000 0.645399 0.399037 0.050612 0.345935 1.000000 0.645423 0.399037 0.053373 0.363259 1.000000 0.645448 0.399037 0.053373 0.363259 1.000000 0.645472 0.399037 0.053373 0.363259 1.000000 0.645497 0.399037 0.049199 0.381381 1.000000 
0.645399 0.399037 0.050612 0.345935 1.000000 0.645423 0.399037 0.053373 0.363259 1.000000 0.645448 0.399037 0.053373 0.363259 1.000000 0.645472 0.399037 0.053373 0.363259 1.000000 0.645497 0.399037 0.049199 0.381381 1.000000 0.645546 0.399037 0.049199 0.381381 1.000000 
0.645423 0.399037 0.053373 0.363259 1.000000 0.645448 0.399037 0.053373 0.363259 1.000000 0.645472 0.399037 0.053373 0.363259 1.000000 0.645497 0.399037 0.049199 0.381381 1.000000 0.645546 0.399037 0.049199 0.381381 1.000000 0.645595 0.399037 0.049199 0.381381 1.000000 
0.645448 0.399037 0.053373 0.363259 1.000000 0.645472 0.399037 0.053373 0.363259 1.000000 0.645497 0.399037 0.049199 0.381381 1.000000 0.645546 0.399037 0.049199 0.381381 1.000000 0.645595 0.399037 0.049199 0.381381 1.000000 0.645645 0.399037 0.049199 0.381381 1.000000 
0.645472 0.399037 0.053373 0.363259 1.000000 0.645497 0.399037 0.049199 0.381381 1.000000 0.645546 0.399037 0.049199 0.381381 1.000000 0.645595 0.399037 0.049199 0.381381 1.000000 0.645645 0.399037 0.049199 0.381381 1.000000 0.645497 0.399037 0.053373 0.363259 0.952102 
0.645497 0.399037 0.049199 0.381381 1.000000 0.645546 0.399037 0.049199 0.381381 1.000000 0.645595 0.399037 0.049199 0.381381 1.000000 0.645645 0.399037 0.049199 0.381381 1.000000 0.645497 0.399037 0.053373 0.363259 0.952102 0.645300 0.399037 0.049199 0.381381 0.898338 
0.645546 0.399037 0.049199 0.381381 1.000000 0.645595 0.399037 0.049199 0.381381 1.000000 0.645645 0.399037 0.049199 0.381381 1.000000 0.645497 0.399037 0.053373 0.363259 0.952102 0.645300 0.399037 0.049199 0.381381 0.898338 0.645054 0.399037 0.049199 0.381381 0.833822 
0.645595 0.399037 0.049199 0.381381 1.000000 0.645645 0.399037 0.049199 0.381381 1.000000 0.645497 0.399037 0.053373 0.363259 0.952102 0.645300 0.399037 0.049199 0.381381 0.898338 0.645054 0.399037 0.049199 0.381381 0.833822 0.644685 0.399037 0.049199 0.381381 0.739980 
0.645645 0.399037 0.049199 0.381381 1.000000 0.645497 0.399037 0.053373 0.363259 0.952102 0.645300 0.399037 0.049199 0.381381 0.898338 0.645054 0.399037 0.049199 0.381381 0.833822 0.644685 0.399037 0.049199 0.381381 0.739980 0.644242 0.399037 0.049199 0.381381 0.600196 
0.645497 0.399037 0.053373 0.363259 0.952102 0.645300 0.399037 0.049199 0.381381 0.898338 0.645054 0.399037 0.049199 0.381381 0.833822 0.644685 0.399037 0.049199 0.381381 0.739980 0.644242 0.399037 0.049199 0.381381 0.600196 0.643725 0.399037 0.049199 0.381381 0.401760 
0.645300 0.399037 0.049199 0.381381 0.898338 0.645054 0.399037 0.049199 0.381381 0.833822 0.644685 0.399037 0.049199 0.381381 0.739980 0.644242 0.399037 0.049199 0.381381 0.600196 0.643725 0.399037 0.049199 0.381381 0.401760 0.643012 0.399037 0.049199 0.381381 0.147605 
0.645054 0.399037 0.049199 0.381381 0.833822 0.644685 0.399037 0.049199 0.381381 0.739980 0.644242 0.399037 0.049199 0.381381 0.600196 0.643725 0.399037 0.049199 0.381381 0.401760 0.643012 0.399037 0.049199 0.381381 0.147605 0.641216 0.399037 0.049199 0.381381 0.000000 
0.644685 0.399037 0.049199 0.381381 0.739980 0.644242 0.399037 0.049199 0.381381 0.600196 0.643725 0.399037 0.049199 0.381381 0.401760 0.643012 0.399037 0.049199 0.381381 0.147605 0.641216 0.399037 0.049199 0.381381 0.000000 0.639985 0.399130 0.051684 0.398742 0.000000 
0.616683 0.375738 0.530944 0.210550 0.793744 0.618381 0.375846 0.530944 0.210550 0.794721 0.620153 0.375953 0.530944 0.210550 0.797654 0.621949 0.376061 0.530944 0.210550 0.800587 0.623770 0.376184 0.530944 0.210550 0.808407 0.625566 0.376292 0.530944 0.210550 0.812317 
0.618381 0.375846 0.530944 0.210550 0.794721 0.620153 0.375953 0.530944 0.210550 0.797654 0.621949 0.376061 0.530944 0.210550 0.800587 0.623770 0.376184 0.530944 0.210550 0.808407 0.625566 0.376292 0.530944 0.210550 0.812317 0.627313 0.376399 0.530944 0.210550 0.810362 
0.620153 0.375953 0.530944 0.210550 0.797654 0.621949 0.376061 0.530944 0.210550 0.800587 0.623770 0.376184 0.530944 0.210550 0.808407 0.625566 0.376292 0.530944 0.210550 0.812317 0.627313 0.376399 0.530944 0.210550 0.810362 0.628986 0.376507 0.516652 0.193182 0.817204 
0.621949 0.376061 0.530944 0.210550 0.800587 0.623770 0.376184 0.530944 0.210550 0.808407 0.625566 0.376292 0.530944 0.210550 0.812317 0.627313 0.376399 0.530944 0.210550 0.810362 0.628986 0.376507 0.516652 0.193182 0.817204 0.630684 0.376615 0.516652 0.193182 0.823069 
0.623770 0.376184 0.530944 0.210550 0.808407 0.625566 0.376292 0.530944 0.210550 0.812317 0.627313 0.376399 0.530944 0.210550 0.810362 0.628986 0.376507 0.516652 0.193182 0.817204 0.630684 0.376615 0.516652 0.193182 0.823069 0.632382 0.376722 0.516652 0.193182 0.821114 
0.625566 0.376292 0.530944 0.210550 0.812317 0.627313 0.376399 0.530944 0.210550 0.810362 0.628986 0.376507 0.516652 0.193182 0.817204 0.630684 0.376615 0.516652 0.193182 0.823069 0.632382 0.376722 0.516652 0.193182 0.821114 0.634006 0.376845 0.516652 0.193182 0.825024 
0.627313 0.376399 0.530944 0.210550 0.810362 0.628986 0.376507 0.516652 0.193182 0.817204 0.630684 0.376615 0.516652 0.193182 0.823069 0.632382 0.376722 0.516652 0.193182 0.821114 0.634006 0.376845 0.516652 0.193182 0.825024 0.635581 0.376953 0.516652 0.193182 0.825024 
0.628986 0.376507 0.516652 0.193182 0.817204 0.630684 0.376615 0.516652 0.193182 0.823069 0.632382 0.376722 0.516652 0.193182 0.821114 0.634006 0.376845 0.516652 0.193182 0.825024 0.635581 0.376953 0.516652 0.193182 0.825024 0.637057 0.377076 0.516652 0.193182 0.827957 
0.630684 0.376615 0.516652 0.193182 0.823069 0.632382 0.376722 0.516652 0.193182 0.821114 0.634006 0.376845 0.516652 0.193182 0.825024 0.635581 0.376953 0.516652 0.193182 0.825024 0.637057 0.377076 0.516652 0.193182 0.827957 0.638435 0.377199 0.516652 0.193182 0.831867 
0.632382 0.376722 0.516652 0.193182 0.821114 0.634006 0.376845 0.516652 0.193182 0.825024 0.635581 0.376953 0.516652 0.193182 0.825024 0.637057 0.377076 0.516652 0.193182 0.827957 0.638435 0.377199 0.516652 0.193182 0.831867 0.639739 0.377307 0.516652 0.193182 0.829912 
0.634006 0.376845 0.516652 0.193182 0.825024 0.635581 0.376953 0.516652 0.193182 0.825024 0.637057 0.377076 0.516652 0.193182 0.827957 0.638435 0.377199 0.516652 0.193182 0.831867 0.639739 0.377307 0.516652 0.193182 0.829912 0.640994 0.377430 0.516652 0.193182 0.832845 
0.635581 0.376953 0.516652 0.193182 0.825024 0.637057 0.377076 0.516652 0.193182 0.827957 0.638435 0.377199 0.516652 0.193182 0.831867 0.639739 0.377307 0.516652 0.193182 0.829912 0.640994 0.377430 0.516652 0.193182 0.832845 0.642151 0.377568 0.516652 0.193182 0.834800 
0.637057 0.377076 0.516652 0.193182 0.827957 0.638435 0.377199 0.516652 0.193182 0.831867 0.639739 0.377307 0.516652 0.193182 0.829912 0.640994 0.377430 0.516652 0.193182 0.832845 0.642151 0.377568 0.516652 0.193182 0.834800 0.643233 0.377707 0.516652 0.193182 0.835777 
0.638435 0.377199 0.516652 0.193182 0.831867 0.639739 0.377307 0.516652 0.193182 0.829912 0.640994 0.377430 0.516652 0.193182 0.832845 0.642151 0.377568 0.516652 0.193182 0.834800 0.643233 0.377707 0.516652 0.193182 0.835777 0.644168 0.377845 0.516652 0.193182 0.837732 
0.639739 0.377307 0.516652 0.193182 0.829912 0.640994 0.377430 0.516652 0.193182 0.832845 0.642151 0.377568 0.516652 0.193182 0.834800 0.643233 0.377707 0.516652 0.193182 0.835777 0.644168 0.377845 0.516652 0.193182 0.837732 0.644956 0.377999 0.516652 0.193182 0.838710 
0.640994 0.377430 0.516652 0.193182 0.832845 0.642151 0.377568 0.516652 0.193182 0.834800 0.643233 0.377707 0.516652 0.193182 0.835777 0.644168 0.377845 0.516652 0.193182 0.837732 0.644956 0.377999 0.516652 0.193182 0.838710 0.645645 0.378137 0.516652 0.193182 0.838710 
0.642151 0.377568 0.516652 0.193182 0.834800 0.643233 0.377707 0.516652 0.193182 0.835777 0.644168 0.377845 0.516652 0.193182 0.837732 0.644956 0.377999 0.516652 0.193182 0.838710 0.645645 0.378137 0.516652 0.193182 0.838710 0.646211 0.378260 0.536207 0.190748 0.839687 
0.643233 0.377707 0.516652 0.193182 0.835777 0.644168 0.377845 0.516652 0.193182 0.837732 0.644956 0.377999 0.516652 0.193182 0.838710 0.645645 0.378137 0.516652 0.193182 0.838710 0.646211 0.378260 0.536207 0.190748 0.839687 0.646703 0.378399 0.536207 0.190748 0.837732 
0.644168 0.377845 0.516652 0.193182 0.837732 0.644956 0.377999 0.516652 0.193182 0.838710 0.645645 0.378137 0.516652 0.193182 0.838710 0.646211 0.378260 0.536207 0.190748 0.839687 0.646703 0.378399 0.536207 0.190748 0.837732 0.647096 0.378522 0.536207 0.190748 0.836755 
0.644956 0.377999 0.516652 0.193182 0.838710 0.645645 0.378137 0.516652 0.193182 0.838710 0.646211 0.378260 0.536207 0.190748 0.839687 0.646703 0.378399 0.536207 0.190748 0.837732 0.647096 0.378522 0.536207 0.190748 0.836755 0.647441 0.378645 0.536207 0.190748 0.837732 
0.645645 0.378137 0.516652 0.193182 0.838710 0.646211 0.378260 0.536207 0.190748 0.839687 0.646703 0.378399 0.536207 0.190748 0.837732 0.647096 0.378522 0.536207 0.190748 0.836755 0.647441 0.378645 0.536207 0.190748 0.837732 0.647687 0.378752 0.536207 0.190748 0.838710 
0.646211 0.378260 0.536207 0.190748 0.839687 0.646703 0.378399 0.536207 0.190748 0.837732 0.647096 0.378522 0.536207 0.190748 0.836755 0.647441 0.378645 0.536207 0.190748 0.837732 0.647687 0.378752 0.536207 0.190748 0.838710 0.647884 0.378845 0.536207 0.190748 0.841642 
0.646703 0.378399 0.536207 0.190748 0.837732 0.647096 0.378522 0.536207 0.190748 0.836755 0.647441 0.378645 0.536207 0.190748 0.837732 0.647687 0.378752 0.536207 0.190748 0.838710 0.647884 0.378845 0.536207 0.190748 0.841642 0.648031 0.378937 0.536207 0.190748 0.839687 
0.647096 0.378522 0.536207 0.190748 0.836755 0.647441 0.378645 0.536207 0.190748 0.837732 0.647687 0.378752 0.536207 0.190748 0.838710 0.647884 0.378845 0.536207 0.190748 0.841642 0.648031 0.378937 0.536207 0.190748 0.839687 0.648204 0.379014 0.536207 0.190748 0.840665 
0.647441 0.378645 0.536207 0.190748 0.837732 0.647687 0.378752 0.536207 0.190748 0.838710 0.647884 0.378845 0.536207 0.190748 0.841642 0.648031 0.378937 0.536207 0.190748 0.839687 0.648204 0.379014 0.536207 0.190748 0.840665 0.648376 0.379075 0.536207 0.190748 0.842620 
0.647687 0.378752 0.536207 0.190748 0.838710 0.647884 0.378845 0.536207 0.190748 0.841642 0.648031 0.378937 0.536207 0.190748 0.839687 0.648204 0.379014 0.536207 0.190748 0.840665 0.648376 0.379075 0.536207 0.190748 0.842620 0.648499 0.379122 0.536207 0.190748 0.841642 
0.647884 0.378845 0.536207 0.190748 0.841642 0.648031 0.378937 0.536207 0.190748 0.839687 0.648204 0.379014 0.536207 0.190748 0.840665 0.648376 0.379075 0.536207 0.190748 0.842620 0.648499 0.379122 0.536207 0.190748 0.841642 0.648647 0.379168 0.536207 0.190748 0.838710 
0.648031 0.378937 0.536207 0.190748 0.839687 0.648204 0.379014 0.536207 0.190748 0.840665 0.648376 0.379075 0.536207 0.190748 0.842620 0.648499 0.379122 0.536207 0.190748 0.841642 0.648647 0.379168 0.536207 0.190748 0.838710 0.648721 0.379198 0.536207 0.190748 0.835777 
0.648204 0.379014 0.536207 0.190748 0.840665 0.648376 0.379075 0.536207 0.190748 0.842620 0.648499 0.379122 0.536207 0.190748 0.841642 0.648647 0.379168 0.536207 0.190748 0.838710 0.648721 0.379198 0.536207 0.190748 0.835777 0.648794 0.379214 0.536207 0.190748 0.832845 
0.648376 0.379075 0.536207 0.190748 0.842620 0.648499 0.379122 0.536207 0.190748 0.841642 0.648647 0.379168 0.536207 0.190748 0.838710 0.648721 0.379198 0.536207 0.190748 0.835777 0.648794 0.379214 0.536207 0.190748 0.832845 0.648893 0.379229 0.536207 0.190748 0.830890 
0.648499 0.379122 0.536207 0.190748 0.841642 0.648647 0.379168 0.536207 0.190748 0.838710 0.648721 0.379198 0.536207 0.190748 0.835777 0.648794 0.379214 0.536207 0.190748 0.832845 0.648893 0.379229 0.536207 0.190748 0.830890 0.648967 0.379229 0.536207 0.190748 0.830890 
0.648647 0.379168 0.536207 0.190748 0.838710 0.648721 0.379198 0.536207 0.190748 0.835777 0.648794 0.379214 0.536207 0.190748 0.832845 0.648893 0.379229 0.536207 0.190748 0.830890 0.648967 0.379229 0.536207 0.190748 0.830890 0.648991 0.379229 0.536207 0.190748 0.828934 
0.648721 0.379198 0.536207 0.190748 0.835777 0.648794 0.379214 0.536207 0.190748 0.832845 0.648893 0.379229 0.536207 0.190748 0.830890 0.648967 0.379229 0.536207 0.190748 0.830890 0.648991 0.379229 0.536207 0.190748 0.828934 0.649016 0.379245 0.536207 0.190748 0.827957 
0.648794 0.379214 0.536207 0.190748 0.832845 0.648893 0.379229 0.536207 0.190748 0.830890 0.648967 0.379229 0.536207 0.190748 0.830890 0.648991 0.379229 0.536207 0.190748 0.828934 0.649016 0.379245 0.536207 0.190748 0.827957 0.649040 0.379245 0.536207 0.190748 0.826979 
0.648893 0.379229 0.536207 0.190748 0.830890 0.648967 0.379229 0.536207 0.190748 0.830890 0.648991 0.379229 0.536207 0.190748 0.828934 0.649016 0.379245 0.536207 0.190748 0.827957 0.649040 0.379245 0.536207 0.190748 0.826979 0.648917 0.379245 0.536207 0.190748 0.761486 
0.648967 0.379229 0.536207 0.190748 0.830890 0.648991 0.379229 0.536207 0.190748 0.828934 0.649016 0.379245 0.536207 0.190748 0.827957 0.649040 0.379245 0.536207 0.190748 0.826979 0.648917 0.379245 0.536207 0.190748 0.761486 0.648647 0.379245 0.536207 0.190748 0.734115 
0.648991 0.379229 0.536207 0.190748 0.828934 0.649016 0.379245 0.536207 0.190748 0.827957 0.649040 0.379245 0.536207 0.190748 0.826979 0.648917 0.379245 0.536207 0.190748 0.761486 0.648647 0.379245 0.536207 0.190748 0.734115 0.648302 0.379245 0.536207 0.190748 0.699902 
0.649016 0.379245 0.536207 0.190748 0.827957 0.649040 0.379245 0.536207 0.190748 0.826979 0.648917 0.379245 0.536207 0.190748 0.761486 0.648647 0.379245 0.536207 0.190748 0.734115 0.648302 0.379245 0.536207 0.190748 0.699902 0.647835 0.379245 0.536207 0.190748 0.649071 
0.649040 0.379245 0.536207 0.190748 0.826979 0.648917 0.379245 0.536207 0.190748 0.761486 0.648647 0.379245 0.536207 0.190748 0.734115 0.648302 0.379245 0.536207 0.190748 0.699902 0.647835 0.379245 0.536207 0.190748 0.649071 0.647244 0.379245 0.536207 0.190748 0.588465 
0.648917 0.379245 0.536207 0.190748 0.761486 0.648647 0.379245 0.536207 0.190748 0.734115 0.648302 0.379245 0.536207 0.190748 0.699902 0.647835 0.379245 0.536207 0.190748 0.649071 0.647244 0.379245 0.536207 0.190748 0.588465 0.646555 0.379245 0.536207 0.190748 0.510264 
0.648647 0.379245 0.536207 0.190748 0.734115 0.648302 0.379245 0.536207 0.190748 0.699902 0.647835 0.379245 0.536207 0.190748 0.649071 0.647244 0.379245 0.536207 0.190748 0.588465 0.646555 0.379245 0.536207 0.190748 0.510264 0.645743 0.379245 0.536207 0.190748 0.404692 
0.648302 0.379245 0.536207 0.190748 0.699902 0.647835 0.379245 0.536207 0.190748 0.649071 0.647244 0.379245 0.536207 0.190748 0.588465 0.646555 0.379245 0.536207 0.190748 0.510264 0.645743 0.379245 0.536207 0.190748 0.404692 0.644759 0.379245 0.536207 0.190748 0.250244 
0.647835 0.379245 0.536207 0.190748 0.649071 0.647244 0.379245 0.536207 0.190748 0.588465 0.646555 0.379245 0.536207 0.190748 0.510264 0.645743 0.379245 0.536207 0.190748 0.404692 0.644759 0.379245 0.536207 0.190748 0.250244 0.643676 0.379245 0.536207 0.190748 0.063539 
0.647244 0.379245 0.536207 0.190748 0.588465 0.646555 0.379245 0.536207 0.190748 0.510264 0.645743 0.379245 0.536207 0.190748 0.404692 0.644759 0.379245 0.536207 0.190748 0.250244 0.643676 0.379245 0.536207 0.190748 0.063539 0.641658 0.379583 0.536207 0.190748 0.000000 
0.646555 0.379245 0.536207 0.190748 0.510264 0.645743 0.379245 0.536207 0.190748 0.404692 0.644759 0.379245 0.536207 0.190748 0.250244 0.643676 0.379245 0.536207 0.190748 0.063539 0.641658 0.379583 0.536207 0.190748 0.000000 0.640773 0.379921 0.536207 0.190748 0.000000 
0.645743 0.379245 0.536207 0.190748 0.404692 0.644759 0.379245 0.536207 0.190748 0.250244 0.643676 0.379245 0.536207 0.190748 0.063539 0.641658 0.379583 0.536207 0.190748 0.000000 0.640773 0.379921 0.536207 0.190748 0.000000 0.639911 0.380352 0.555741 0.187635 0.000000 
0.644759 0.379245 0.536207 0.190748 0.250244 0.643676 0.379245 0.536207 0.190748 0.063539 0.641658 0.379583 0.536207 0.190748 0.000000 0.640773 0.379921 0.536207 0.190748 0.000000 0.639911 0.380352 0.555741 0.187635 0.000000 0.639149 0.380844 0.555741 0.187635 0.000000 
0.643676 0.379245 0.536207 0.190748 0.063539 0.641658 0.379583 0.536207 0.190748 0.000000 0.640773 0.379921 0.536207 0.190748 0.000000 0.639911 0.380352 0.555741 0.187635 0.000000 0.639149 0.380844 0.555741 0.187635 0.000000 0.638952 0.381428 0.555741 0.187635 0.000000 
0.641658 0.379583 0.536207 0.190748 0.000000 0.640773 0.379921 0.536207 0.190748 0.000000 0.639911 0.380352 0.555741 0.187635 0.000000 0.639149 0.380844 0.555741 0.187635 0.000000 0.638952 0.381428 0.555741 0.187635 0.000000 0.638829 0.382059 0.572877 0.194709 0.000000 
0.640773 0.379921 0.536207 0.190748 0.000000 0.639911 0.380352 0.555741 0.187635 0.000000 0.639149 0.380844 0.555741 0.187635 0.000000 0.638952 0.381428 0.555741 0.187635 0.000000 0.638829 0.382059 0.572877 0.194709 0.000000 0.638706 0.382720 0.572877 0.194709 0.000000 
0.639911 0.380352 0.555741 0.187635 0.000000 0.639149 0.380844 0.555741 0.187635 0.000000 0.638952 0.381428 0.555741 0.187635 0.000000 0.638829 0.382059 0.572877 0.194709 0.000000 0.638706 0.382720 0.572877 0.194709 0.000000 0.638706 0.383366 0.572877 0.194709 0.000000 
0.639149 0.380844 0.555741 0.187635 0.000000 0.638952 0.381428 0.555741 0.187635 0.000000 0.638829 0.382059 0.572877 0.194709 0.000000 0.638706 0.382720 0.572877 0.194709 0.000000 0.638706 0.383366 0.572877 0.194709 0.000000 0.638312 0.384012 0.572877 0.194709 0.000000 
0.638952 0.381428 0.555741 0.187635 0.000000 0.638829 0.382059 0.572877 0.194709 0.000000 0.638706 0.382720 0.572877 0.194709 0.000000 0.638706 0.383366 0.572877 0.194709 0.000000 0.638312 0.384012 0.572877 0.194709 0.000000 0.638312 0.384673 0.572877 0.194709 0.000000 
0.638829 0.382059 0.572877 0.194709 0.000000 0.638706 0.382720 0.572877 0.194709 0.000000 0.638706 0.383366 0.572877 0.194709 0.000000 0.638312 0.384012 0.572877 0.194709 0.000000 0.638312 0.384673 0.572877 0.194709 0.000000 0.638312 0.385350 0.558060 0.177125 0.000000 
0.638706 0.382720 0.572877 0.194709 0.000000 0.638706 0.383366 0.572877 0.194709 0.000000 0.638312 0.384012 0.572877 0.194709 0.000000 0.638312 0.384673 0.572877 0.194709 0.000000 0.638312 0.385350 0.558060 0.177125 0.000000 0.638312 0.386042 0.558060 0.177125 0.000000 
0.638706 0.383366 0.572877 0.194709 0.000000 0.638312 0.384012 0.572877 0.194709 0.000000 0.638312 0.384673 0.572877 0.194709 0.000000 0.638312 0.385350 0.558060 0.177125 0.000000 0.638312 0.386042 0.558060 0.177125 0.000000 0.638312 0.386719 0.540907 0.170564 0.000000 
0.638312 0.384012 0.572877 0.194709 0.000000 0.638312 0.384673 0.572877 0.194709 0.000000 0.638312 0.385350 0.558060 0.177125 0.000000 0.638312 0.386042 0.558060 0.177125 0.000000 0.638312 0.386719 0.540907 0.170564 0.000000 0.638410 0.387442 0.525873 0.154278 0.000000 
0.638312 0.384673 0.572877 0.194709 0.000000 0.638312 0.385350 0.558060 0.177125 0.000000 0.638312 0.386042 0.558060 0.177125 0.000000 0.638312 0.386719 0.540907 0.170564 0.000000 0.638410 0.387442 0.525873 0.154278 0.000000 0.638558 0.388211 0.506662 0.157816 0.000000 
0.638312 0.385350 0.558060 0.177125 0.000000 0.638312 0.386042 0.558060 0.177125 0.000000 0.638312 0.386719 0.540907 0.170564 0.000000 0.638410 0.387442 0.525873 0.154278 0.000000 0.638558 0.388211 0.506662 0.157816 0.000000 0.638730 0.388995 0.491582 0.142493 0.000000 
0.638312 0.386042 0.558060 0.177125 0.000000 0.638312 0.386719 0.540907 0.170564 0.000000 0.638410 0.387442 0.525873 0.154278 0.000000 0.638558 0.388211 0.506662 0.157816 0.000000 0.638730 0.388995 0.491582 0.142493 0.000000 0.638853 0.389795 0.474462 0.136758 0.000000 
0.638312 0.386719 0.540907 0.170564 0.000000 0.638410 0.387442 0.525873 0.154278 0.000000 0.638558 0.388211 0.506662 0.157816 0.000000 0.638730 0.388995 0.491582 0.142493 0.000000 0.638853 0.389795 0.474462 0.136758 0.000000 0.639001 0.390610 0.474462 0.136758 0.000000 
0.638410 0.387442 0.525873 0.154278 0.000000 0.638558 0.388211 0.506662 0.157816 0.000000 0.638730 0.388995 0.491582 0.142493 0.000000 0.638853 0.389795 0.474462 0.136758 0.000000 0.639001 0.390610 0.474462 0.136758 0.000000 0.639149 0.391409 0.455444 0.139532 0.000000 
0.638558 0.388211 0.506662 0.157816 0.000000 0.638730 0.388995 0.491582 0.142493 0.000000 0.638853 0.389795 0.474462 0.136758 0.000000 0.639001 0.390610 0.474462 0.136758 0.000000 0.639149 0.391409 0.455444 0.139532 0.000000 0.639370 0.392224 0.455444 0.139532 0.000000 
0.638730 0.388995 0.491582 0.142493 0.000000 0.638853 0.389795 0.474462 0.136758 0.000000 0.639001 0.390610 0.474462 0.136758 0.000000 0.639149 0.391409 0.455444 0.139532 0.000000 0.639370 0.392224 0.455444 0.139532 0.000000 0.639739 0.393024 0.455444 0.139532 0.000000 
0.638853 0.389795 0.474462 0.136758 0.000000 0.639001 0.390610 0.474462 0.136758 0.000000 0.639149 0.391409 0.455444 0.139532 0.000000 0.639370 0.392224 0.455444 0.139532 0.000000 0.639739 0.393024 0.455444 0.139532 0.000000 0.640059 0.393762 0.474462 0.136758 0.000000 
0.639001 0.390610 0.474462 0.136758 0.000000 0.639149 0.391409 0.455444 0.139532 0.000000 0.639370 0.392224 0.455444 0.139532 0.000000 0.639739 0.393024 0.455444 0.139532 0.000000 0.640059 0.393762 0.474462 0.136758 0.000000 0.640354 0.394424 0.470406 0.154222 0.000000 
0.639149 0.391409 0.455444 0.139532 0.000000 0.639370 0.392224 0.455444 0.139532 0.000000 0.639739 0.393024 0.455444 0.139532 0.000000 0.640059 0.393762 0.474462 0.136758 0.000000 0.640354 0.394424 0.470406 0.154222 0.000000 0.640846 0.395008 0.487428 0.160667 0.000000 
0.639370 0.392224 0.455444 0.139532 0.000000 0.639739 0.393024 0.455444 0.139532 0.000000 0.640059 0.393762 0.474462 0.136758 0.000000 0.640354 0.394424 0.470406 0.154222 0.000000 0.640846 0.395008 0.487428 0.160667 0.000000 0.641043 0.395531 0.502146 0.176553 0.000000 
0.639739 0.393024 0.455444 0.139532 0.000000 0.640059 0.393762 0.474462 0.136758 0.000000 0.640354 0.394424 0.470406 0.154222 0.000000 0.640846 0.395008 0.487428 0.160667 0.000000 0.641043 0.395531 0.502146 0.176553 0.000000 0.641191 0.395531 0.521538 0.173900 0.000000 
0.640059 0.393762 0.474462 0.136758 0.000000 0.640354 0.394424 0.470406 0.154222 0.000000 0.640846 0.395008 0.487428 0.160667 0.000000 0.641043 0.395531 0.502146 0.176553 0.000000 0.641191 0.395531 0.521538 0.173900 0.000000 0.641363 0.395531 0.555741 0.187635 0.000000 
0.640354 0.394424 0.470406 0.154222 0.000000 0.640846 0.395008 0.487428 0.160667 0.000000 0.641043 0.395531 0.502146 0.176553 0.000000 0.641191 0.395531 0.521538 0.173900 0.000000 0.641363 0.395531 0.555741 0.187635 0.000000 0.641511 0.395531 0.572877 0.194709 0.000000 
0.640846 0.395008 0.487428 0.160667 0.000000 0.641043 0.395531 0.502146 0.176553 0.000000 0.641191 0.395531 0.521538 0.173900 0.000000 0.641363 0.395531 0.555741 0.187635 0.000000 0.641511 0.395531 0.572877 0.194709 0.000000 0.641609 0.395531 0.592431 0.190659 0.000000 
0.641043 0.395531 0.502146 0.176553 0.000000 0.641191 0.395531 0.521538 0.173900 0.000000 0.641363 0.395531 0.555741 0.187635 0.000000 0.641511 0.395531 0.572877 0.194709 0.000000 0.641609 0.395531 0.592431 0.190659 0.000000 0.641609 0.396008 0.607225 0.209309 0.000000 
0.641191 0.395531 0.521538 0.173900 0.000000 0.641363 0.395531 0.555741 0.187635 0.000000 0.641511 0.395531 0.572877 0.194709 0.000000 0.641609 0.395531 0.592431 0.190659 0.000000 0.641609 0.396008 0.607225 0.209309 0.000000 0.641609 0.396331 0.641673 0.224573 0.000000 
0.641363 0.395531 0.555741 0.187635 0.000000 0.641511 0.395531 0.572877 0.194709 0.000000 0.641609 0.395531 0.592431 0.190659 0.000000 0.641609 0.396008 0.607225 0.209309 0.000000 0.641609 0.396331 0.641673 0.224573 0.000000 0.641609 0.396454 0.661440 0.219607 0.000000 
0.641511 0.395531 0.572877 0.194709 0.000000 0.641609 0.395531 0.592431 0.190659 0.000000 0.641609 0.396008 0.607225 0.209309 0.000000 0.641609 0.396331 0.641673 0.224573 0.000000 0.641609 0.396454 0.661440 0.219607 0.000000 0.641363 0.396454 0.678749 0.227291 0.000000 
0.641609 0.395531 0.592431 0.190659 0.000000 0.641609 0.396008 0.607225 0.209309 0.000000 0.641609 0.396331 0.641673 0.224573 0.000000 0.641609 0.396454 0.661440 0.219607 0.000000 0.641363 0.396454 0.678749 0.227291 0.000000 0.640994 0.396454 0.678749 0.227291 0.000000 
0.641609 0.396008 0.607225 0.209309 0.000000 0.641609 0.396331 0.641673 0.224573 0.000000 0.641609 0.396454 0.661440 0.219607 0.000000 0.641363 0.396454 0.678749 0.227291 0.000000 0.640994 0.396454 0.678749 0.227291 0.000000 0.640871 0.396161 0.693539 0.248885 0.000000 
0.641609 0.396331 0.641673 0.224573 0.000000 0.641609 0.396454 0.661440 0.219607 0.000000 0.641363 0.396454 0.678749 0.227291 0.000000 0.640994 0.396454 0.678749 0.227291 0.000000 0.640871 0.396161 0.693539 0.248885 0.000000 0.640477 0.395762 0.693539 0.248885 0.000000 
0.641609 0.396454 0.661440 0.219607 0.000000 0.641363 0.396454 0.678749 0.227291 0.000000 0.640994 0.396454 0.678749 0.227291 0.000000 0.640871 0.396161 0.693539 0.248885 0.000000 0.640477 0.395762 0.693539 0.248885 0.000000 0.640280 0.395454 0.693539 0.248885 0.000000 
0.641363 0.396454 0.678749 0.227291 0.000000 0.640994 0.396454 0.678749 0.227291 0.000000 0.640871 0.396161 0.693539 0.248885 0.000000 0.640477 0.395762 0.693539 0.248885 0.000000 0.640280 0.395454 0.693539 0.248885 0.000000 0.640034 0.395146 0.713438 0.243270 0.000000 
0.640994 0.396454 0.678749 0.227291 0.000000 0.640871 0.396161 0.693539 0.248885 0.000000 0.640477 0.395762 0.693539 0.248885 0.000000 0.640280 0.395454 0.693539 0.248885 0.000000 0.640034 0.395146 0.713438 0.243270 0.000000 0.639887 0.394854 0.693539 0.248885 0.000000 
0.640871 0.396161 0.693539 0.248885 0.000000 0.640477 0.395762 0.693539 0.248885 0.000000 0.640280 0.395454 0.693539 0.248885 0.000000 0.640034 0.395146 0.713438 0.243270 0.000000 0.639887 0.394854 0.693539 0.248885 0.000000 0.639665 0.394639 0.693539 0.248885 0.000000 
0.640477 0.395762 0.693539 0.248885 0.000000 0.640280 0.395454 0.693539 0.248885 0.000000 0.640034 0.395146 0.713438 0.243270 0.000000 0.639887 0.394854 0.693539 0.248885 0.000000 0.639665 0.394639 0.693539 0.248885 0.000000 0.639567 0.394424 0.693539 0.248885 0.000000 
0.640280 0.395454 0.693539 0.248885 0.000000 0.640034 0.395146 0.713438 0.243270 0.000000 0.639887 0.394854 0.693539 0.248885 0.000000 0.639665 0.394639 0.693539 0.248885 0.000000 0.639567 0.394424 0.693539 0.248885 0.000000 0.639567 0.394193 0.676224 0.240578 0.000000 
0.640034 0.395146 0.713438 0.243270 0.000000 0.639887 0.394854 0.693539 0.248885 0.000000 0.639665 0.394639 0.693539 0.248885 0.000000 0.639567 0.394424 0.693539 0.248885 0.000000 0.639567 0.394193 0.676224 0.240578 0.000000 0.639567 0.393962 0.676224 0.240578 0.000000 
0.639887 0.394854 0.693539 0.248885 0.000000 0.639665 0.394639 0.693539 0.248885 0.000000 0.639567 0.394424 0.693539 0.248885 0.000000 0.639567 0.394193 0.676224 0.240578 0.000000 0.639567 0.393962 0.676224 0.240578 0.000000 0.639567 0.393778 0.661440 0.219607 0.000000 
0.639665 0.394639 0.693539 0.248885 0.000000 0.639567 0.394424 0.693539 0.248885 0.000000 0.639567 0.394193 0.676224 0.240578 0.000000 0.639567 0.393962 0.676224 0.240578 0.000000 0.639567 0.393778 0.661440 0.219607 0.000000 0.639567 0.393655 0.661440 0.219607 0.000000 
0.639567 0.394424 0.693539 0.248885 0.000000 0.639567 0.394193 0.676224 0.240578 0.000000 0.639567 0.393962 0.676224 0.240578 0.000000 0.639567 0.393778 0.661440 0.219607 0.000000 0.639567 0.393655 0.661440 0.219607 0.000000 0.639715 0.393562 0.641673 0.224573 0.000000 
0.639567 0.394193 0.676224 0.240578 0.000000 0.639567 0.393962 0.676224 0.240578 0.000000 0.639567 0.393778 0.661440 0.219607 0.000000 0.639567 0.393655 0.661440 0.219607 0.000000 0.639715 0.393562 0.641673 0.224573 0.000000 0.639961 0.393486 0.621828 0.228784 0.000000 
0.639567 0.393962 0.676224 0.240578 0.000000 0.639567 0.393778 0.661440 0.219607 0.000000 0.639567 0.393655 0.661440 0.219607 0.000000 0.639715 0.393562 0.641673 0.224573 0.000000 0.639961 0.393486 0.621828 0.228784 0.000000 0.640256 0.393362 0.621828 0.228784 0.161290 
0.639567 0.393778 0.661440 0.219607 0.000000 0.639567 0.393655 0.661440 0.219607 0.000000 0.639715 0.393562 0.641673 0.224573 0.000000 0.639961 0.393486 0.621828 0.228784 0.000000 0.640256 0.393362 0.621828 0.228784 0.161290 0.640625 0.393286 0.604649 0.220852 0.196481 
0.639567 0.393655 0.661440 0.219607 0.000000 0.639715 0.393562 0.641673 0.224573 0.000000 0.639961 0.393486 0.621828 0.228784 0.000000 0.640256 0.393362 0.621828 0.228784 0.161290 0.640625 0.393286 0.604649 0.220852 0.196481 0.640970 0.393255 0.604649 0.220852 0.225806 
0.639715 0.393562 0.641673 0.224573 0.000000 0.639961 0.393486 0.621828 0.228784 0.000000 0.640256 0.393362 0.621828 0.228784 0.161290 0.640625 0.393286 0.604649 0.220852 0.196481 0.640970 0.393255 0.604649 0.220852 0.225806 0.641363 0.393255 0.584806 0.224135 0.277615 
0.639961 0.393486 0.621828 0.228784 0.000000 0.640256 0.393362 0.621828 0.228784 0.161290 0.640625 0.393286 0.604649 0.220852 0.196481 0.640970 0.393255 0.604649 0.220852 0.225806 0.641363 0.393255 0.584806 0.224135 0.277615 0.641905 0.393255 0.584806 0.224135 0.324536 
0.640256 0.393362 0.621828 0.228784 0.161290 0.640625 0.393286 0.604649 0.220852 0.196481 0.640970 0.393255 0.604649 0.220852 0.225806 0.641363 0.393255 0.584806 0.224135 0.277615 0.641905 0.393255 0.584806 0.224135 0.324536 0.642446 0.393255 0.584806 0.224135 0.358749 
0.640625 0.393286 0.604649 0.220852 0.196481 0.640970 0.393255 0.604649 0.220852 0.225806 0.641363 0.393255 0.584806 0.224135 0.277615 0.641905 0.393255 0.584806 0.224135 0.324536 0.642446 0.393255 0.584806 0.224135 0.358749 0.642987 0.393255 0.584806 0.224135 0.386119 
0.640970 0.393255 0.604649 0.220852 0.225806 0.641363 0.393255 0.584806 0.224135 0.277615 0.641905 0.393255 0.584806 0.224135 0.324536 0.642446 0.393255 0.584806 0.224135 0.358749 0.642987 0.393255 0.584806 0.224135 0.386119 0.643529 0.393239 0.584806 0.224135 0.405670 
0.641363 0.393255 0.584806 0.224135 0.277615 0.641905 0.393255 0.584806 0.224135 0.324536 0.642446 0.393255 0.584806 0.224135 0.358749 0.642987 0.393255 0.584806 0.224135 0.386119 0.643529 0.393239 0.584806 0.224135 0.405670 0.644070 0.393224 0.590039 0.201931 0.421310 
0.641905 0.393255 0.584806 0.224135 0.324536 0.642446 0.393255 0.584806 0.224135 0.358749 0.642987 0.393255 0.584806 0.224135 0.386119 0.643529 0.393239 0.584806 0.224135 0.405670 0.644070 0.393224 0.590039 0.201931 0.421310 0.644587 0.393178 0.590039 0.201931 0.434018 
0.642446 0.393255 0.584806 0.224135 0.358749 0.642987 0.393255 0.584806 0.224135 0.386119 0.643529 0.393239 0.584806 0.224135 0.405670 0.644070 0.393224 0.590039 0.201931 0.421310 0.644587 0.393178 0.590039 0.201931 0.434018 0.645054 0.393132 0.590039 0.201931 0.446725 
0.642987 0.393255 0.584806 0.224135 0.386119 0.643529 0.393239 0.584806 0.224135 0.405670 0.644070 0.393224 0.590039 0.201931 0.421310 0.644587 0.393178 0.590039 0.201931 0.434018 0.645054 0.393132 0.590039 0.201931 0.446725 0.645497 0.393086 0.590039 0.201931 0.460411 
0.643529 0.393239 0.584806 0.224135 0.405670 0.644070 0.393224 0.590039 0.201931 0.421310 0.644587 0.393178 0.590039 0.201931 0.434018 0.645054 0.393132 0.590039 0.201931 0.446725 0.645497 0.393086 0.590039 0.201931 0.460411 0.645891 0.393039 0.590039 0.201931 0.469208 
0.644070 0.393224 0.590039 0.201931 0.421310 0.644587 0.393178 0.590039 0.201931 0.434018 0.645054 0.393132 0.590039 0.201931 0.446725 0.645497 0.393086 0.590039 0.201931 0.460411 0.645891 0.393039 0.590039 0.201931 0.469208 0.646260 0.392978 0.590039 0.201931 0.476051 
0.644587 0.393178 0.590039 0.201931 0.434018 0.645054 0.393132 0.590039 0.201931 0.446725 0.645497 0.393086 0.590039 0.201931 0.460411 0.645891 0.393039 0.590039 0.201931 0.469208 0.646260 0.392978 0.590039 0.201931 0.476051 0.646604 0.392916 0.590039 0.201931 0.474096 
0.645054 0.393132 0.590039 0.201931 0.446725 0.645497 0.393086 0.590039 0.201931 0.460411 0.645891 0.393039 0.590039 0.201931 0.469208 0.646260 0.392978 0.590039 0.201931 0.476051 0.646604 0.392916 0.590039 0.201931 0.474096 0.646850 0.392855 0.590039 0.201931 0.470186 
0.645497 0.393086 0.590039 0.201931 0.460411 0.645891 0.393039 0.590039 0.201931 0.469208 0.646260 0.392978 0.590039 0.201931 0.476051 0.646604 0.392916 0.590039 0.201931 0.474096 0.646850 0.392855 0.590039 0.201931 0.470186 0.647096 0.392824 0.590039 0.201931 0.465298 
0.645891 0.393039 0.590039 0.201931 0.469208 0.646260 0.392978 0.590039 0.201931 0.476051 0.646604 0.392916 0.590039 0.201931 0.474096 0.646850 0.392855 0.590039 0.201931 0.470186 0.647096 0.392824 0.590039 0.201931 0.465298 0.647293 0.392778 0.590039 0.201931 0.460411 
0.646260 0.392978 0.590039 0.201931 0.476051 0.646604 0.392916 0.590039 0.201931 0.474096 0.646850 0.392855 0.590039 0.201931 0.470186 0.647096 0.392824 0.590039 0.201931 0.465298 0.647293 0.392778 0.590039 0.201931 0.460411 0.647466 0.392747 0.590039 0.201931 0.443793 
0.646604 0.392916 0.590039 0.201931 0.474096 0.646850 0.392855 0.590039 0.201931 0.470186 0.647096 0.392824 0.590039 0.201931 0.465298 0.647293 0.392778 0.590039 0.201931 0.460411 0.647466 0.392747 0.590039 0.201931 0.443793 0.647613 0.392701 0.590039 0.201931 0.422287 
0.646850 0.392855 0.590039 0.201931 0.470186 0.647096 0.392824 0.590039 0.201931 0.465298 0.647293 0.392778 0.590039 0.201931 0.460411 0.647466 0.392747 0.590039 0.201931 0.443793 0.647613 0.392701 0.590039 0.201931 0.422287 0.647712 0.392655 0.590039 0.201931 0.392962 
0.647096 0.392824 0.590039 0.201931 0.465298 0.647293 0.392778 0.590039 0.201931 0.460411 0.647466 0.392747 0.590039 0.201931 0.443793 0.647613 0.392701 0.590039 0.201931 0.422287 0.647712 0.392655 0.590039 0.201931 0.392962 0.647835 0.392609 0.590039 0.201931 0.351906 
0.647293 0.392778 0.590039 0.201931 0.460411 0.647466 0.392747 0.590039 0.201931 0.443793 0.647613 0.392701 0.590039 0.201931 0.422287 0.647712 0.392655 0.590039 0.201931 0.392962 0.647835 0.392609 0.590039 0.201931 0.351906 0.647908 0.392547 0.590039 0.201931 0.306940 
0.647466 0.392747 0.590039 0.201931 0.443793 0.647613 0.392701 0.590039 0.201931 0.422287 0.647712 0.392655 0.590039 0.201931 0.392962 0.647835 0.392609 0.590039 0.201931 0.351906 0.647908 0.392547 0.590039 0.201931 0.306940 0.648031 0.392470 0.590039 0.201931 0.259042 
0.647613 0.392701 0.590039 0.201931 0.422287 0.647712 0.392655 0.590039 0.201931 0.392962 0.647835 0.392609 0.590039 0.201931 0.351906 0.647908 0.392547 0.590039 0.201931 0.306940 0.648031 0.392470 0.590039 0.201931 0.259042 0.648081 0.392409 0.590039 0.201931 0.195503 
0.647712 0.392655 0.590039 0.201931 0.392962 0.647835 0.392609 0.590039 0.201931 0.351906 0.647908 0.392547 0.590039 0.201931 0.306940 0.648031 0.392470 0.590039 0.201931 0.259042 0.648081 0.392409 0.590039 0.201931 0.195503 0.648081 0.392332 0.590039 0.201931 0.116325 
0.647835 0.392609 0.590039 0.201931 0.351906 0.647908 0.392547 0.590039 0.201931 0.306940 0.648031 0.392470 0.590039 0.201931 0.259042 0.648081 0.392409 0.590039 0.201931 0.195503 0.648081 0.392332 0.590039 0.201931 0.116325 0.648081 0.392286 0.590039 0.201931 0.000000 
0.647908 0.392547 0.590039 0.201931 0.306940 0.648031 0.392470 0.590039 0.201931 0.259042 0.648081 0.392409 0.590039 0.201931 0.195503 0.648081 0.392332 0.590039 0.201931 0.116325 0.648081 0.392286 0.590039 0.201931 0.000000 0.647712 0.392286 0.590039 0.201931 0.000000 
0.648031 0.392470 0.590039 0.201931 0.259042 0.648081 0.392409 0.590039 0.201931 0.195503 0.648081 0.392332 0.590039 0.201931 0.116325 0.648081 0.392286 0.590039 0.201931 0.000000 0.647712 0.392286 0.590039 0.201931 0.000000 0.647170 0.392286 0.590039 0.201931 0.000000 
0.648081 0.392409 0.590039 0.201931 0.195503 0.648081 0.392332 0.590039 0.201931 0.116325 0.648081 0.392286 0.590039 0.201931 0.000000 0.647712 0.392286 0.590039 0.201931 0.000000 0.647170 0.392286 0.590039 0.201931 0.000000 0.646457 0.392409 0.607225 0.209309 0.000000 
0.648081 0.392332 0.590039 0.201931 0.116325 0.648081 0.392286 0.590039 0.201931 0.000000 0.647712 0.392286 0.590039 0.201931 0.000000 0.647170 0.392286 0.590039 0.201931 0.000000 0.646457 0.392409 0.607225 0.209309 0.000000 0.645497 0.392547 0.607225 0.209309 0.000000 
0.648081 0.392286 0.590039 0.201931 0.000000 0.647712 0.392286 0.590039 0.201931 0.000000 0.647170 0.392286 0.590039 0.201931 0.000000 0.646457 0.392409 0.607225 0.209309 0.000000 0.645497 0.392547 0.607225 0.209309 0.000000 0.644242 0.392886 0.626890 0.204796 0.000000 
0.647712 0.392286 0.590039 0.201931 0.000000 0.647170 0.392286 0.590039 0.201931 0.000000 0.646457 0.392409 0.607225 0.209309 0.000000 0.645497 0.392547 0.607225 0.209309 0.000000 0.644242 0.392886 0.626890 0.204796 0.000000 0.642741 0.393193 0.626890 0.204796 0.000000 
0.647170 0.392286 0.590039 0.201931 0.000000 0.646457 0.392409 0.607225 0.209309 0.000000 0.645497 0.392547 0.607225 0.209309 0.000000 0.644242 0.392886 0.626890 0.204796 0.000000 0.642741 0.393193 0.626890 0.204796 0.000000 0.640945 0.393516 0.629192 0.192616 0.000000 
0.646457 0.392409 0.607225 0.209309 0.000000 0.645497 0.392547 0.607225 0.209309 0.000000 0.644242 0.392886 0.626890 0.204796 0.000000 0.642741 0.393193 0.626890 0.204796 0.000000 0.640945 0.393516 0.629192 0.192616 0.000000 0.638657 0.393855 0.629192 0.192616 0.000000 
0.645497 0.392547 0.607225 0.209309 0.000000 0.644242 0.392886 0.626890 0.204796 0.000000 0.642741 0.393193 0.626890 0.204796 0.000000 0.640945 0.393516 0.629192 0.192616 0.000000 0.638657 0.393855 0.629192 0.192616 0.000000 0.635901 0.394162 0.609650 0.197648 0.000000 
0.644242 0.392886 0.626890 0.204796 0.000000 0.642741 0.393193 0.626890 0.204796 0.000000 0.640945 0.393516 0.629192 0.192616 0.000000 0.638657 0.393855 0.629192 0.192616 0.000000 0.635901 0.394162 0.609650 0.197648 0.000000 0.632529 0.394500 0.592431 0.190659 0.000000 
0.642741 0.393193 0.626890 0.204796 0.000000 0.640945 0.393516 0.629192 0.192616 0.000000 0.638657 0.393855 0.629192 0.192616 0.000000 0.635901 0.394162 0.609650 0.197648 0.000000 0.632529 0.394500 0.592431 0.190659 0.000000 0.628568 0.394900 0.577447 0.172834 0.000000 
0.666289 0.400975 -0.050785 0.310537 0.000000 0.666142 0.400529 -0.067452 0.307724 0.000000 0.665994 0.400098 -0.067452 0.307724 0.000000 0.665896 0.399699 -0.067452 0.307724 0.000000 0.665797 0.399283 -0.087826 0.339486 0.000000 0.665723 0.398883 -0.087826 0.339486 0.000000 
0.666142 0.400529 -0.067452 0.307724 0.000000 0.665994 0.400098 -0.067452 0.307724 0.000000 0.665896 0.399699 -0.067452 0.307724 0.000000 0.665797 0.399283 -0.087826 0.339486 0.000000 0.665723 0.398883 -0.087826 0.339486 0.000000 0.665699 0.398468 -0.087826 0.339486 0.000000 
0.665994 0.400098 -0.067452 0.307724 0.000000 0.665896 0.399699 -0.067452 0.307724 0.000000 0.665797 0.399283 -0.087826 0.339486 0.000000 0.665723 0.398883 -0.087826 0.339486 0.000000 0.665699 0.398468 -0.087826 0.339486 0.000000 0.665600 0.398084 -0.087826 0.339486 0.000000 
0.665896 0.399699 -0.067452 0.307724 0.000000 0.665797 0.399283 -0.087826 0.339486 0.000000 0.665723 0.398883 -0.087826 0.339486 0.000000 0.665699 0.398468 -0.087826 0.339486 0.000000 0.665600 0.398084 -0.087826 0.339486 0.000000 0.665502 0.397684 -0.087826 0.339486 0.000000 
0.665797 0.399283 -0.087826 0.339486 0.000000 0.665723 0.398883 -0.087826 0.339486 0.000000 0.665699 0.398468 -0.087826 0.339486 0.000000 0.665600 0.398084 -0.087826 0.339486 0.000000 0.665502 0.397684 -0.087826 0.339486 0.000000 0.665502 0.397330 -0.087826 0.339486 0.000000 
0.665723 0.398883 -0.087826 0.339486 0.000000 0.665699 0.398468 -0.087826 0.339486 0.000000 0.665600 0.398084 -0.087826 0.339486 0.000000 0.665502 0.397684 -0.087826 0.339486 0.000000 0.665502 0.397330 -0.087826 0.339486 0.000000 0.665477 0.396977 -0.106016 0.334951 0.000000 
0.665699 0.398468 -0.087826 0.339486 0.000000 0.665600 0.398084 -0.087826 0.339486 0.000000 0.665502 0.397684 -0.087826 0.339486 0.000000 0.665502 0.397330 -0.087826 0.339486 0.000000 0.665477 0.396977 -0.106016 0.334951 0.000000 0.665428 0.396623 -0.106016 0.334951 0.000000 
0.665600 0.398084 -0.087826 0.339486 0.000000 0.665502 0.397684 -0.087826 0.339486 0.000000 0.665502 0.397330 -0.087826 0.339486 0.000000 0.665477 0.396977 -0.106016 0.334951 0.000000 0.665428 0.396623 -0.106016 0.334951 0.000000 0.665354 0.396300 -0.106016 0.334951 0.000000 
0.665502 0.397684 -0.087826 0.339486 0.000000 0.665502 0.397330 -0.087826 0.339486 0.000000 0.665477 0.396977 -0.106016 0.334951 0.000000 0.665428 0.396623 -0.106016 0.334951 0.000000 0.665354 0.396300 -0.106016 0.334951 0.000000 0.665256 0.396300 -0.106016 0.334951 0.000000 
0.665502 0.397330 -0.087826 0.339486 0.000000 0.665477 0.396977 -0.106016 0.334951 0.000000 0.665428 0.396623 -0.106016 0.334951 0.000000 0.665354 0.396300 -0.106016 0.334951 0.000000 0.665256 0.396300 -0.106016 0.334951 0.000000 0.665207 0.395869 -0.106016 0.334951 0.000000 
0.665477 0.396977 -0.106016 0.334951 0.000000 0.665428 0.396623 -0.106016 0.334951 0.000000 0.665354 0.396300 -0.106016 0.334951 0.000000 0.665256 0.396300 -0.106016 0.334951 0.000000 0.665207 0.395869 -0.106016 0.334951 0.000000 0.665133 0.395869 -0.106016 0.334951 0.000000 
0.665428 0.396623 -0.106016 0.334951 0.000000 0.665354 0.396300 -0.106016 0.334951 0.000000 0.665256 0.396300 -0.106016 0.334951 0.000000 0.665207 0.395869 -0.106016 0.334951 0.000000 0.665133 0.395869 -0.106016 0.334951 0.000000 0.665034 0.395869 -0.106016 0.334951 0.000000 
0.665354 0.396300 -0.106016 0.334951 0.000000 0.665256 0.396300 -0.106016 0.334951 0.000000 0.665207 0.395869 -0.106016 0.334951 0.000000 0.665133 0.395869 -0.106016 0.334951 0.000000 0.665034 0.395869 -0.106016 0.334951 0.000000 0.664887 0.395869 -0.106016 0.334951 0.000000 
0.665256 0.396300 -0.106016 0.334951 0.000000 0.665207 0.395869 -0.106016 0.334951 0.000000 0.665133 0.395869 -0.106016 0.334951 0.000000 0.665034 0.395869 -0.106016 0.334951 0.000000 0.664887 0.395869 -0.106016 0.334951 0.000000 0.664690 0.395869 -0.106016 0.334951 0.000000 
0.665207 0.395869 -0.106016 0.334951 0.000000 0.665133 0.395869 -0.106016 0.334951 0.000000 0.665034 0.395869 -0.106016 0.334951 0.000000 0.664887 0.395869 -0.106016 0.334951 0.000000 0.664690 0.395869 -0.106016 0.334951 0.000000 0.664542 0.395823 -0.106016 0.334951 0.000000 
0.665133 0.395869 -0.106016 0.334951 0.000000 0.665034 0.395869 -0.106016 0.334951 0.000000 0.664887 0.395869 -0.106016 0.334951 0.000000 0.664690 0.395869 -0.106016 0.334951 0.000000 0.664542 0.395823 -0.106016 0.334951 0.000000 0.664247 0.395731 -0.123848 0.329548 0.000000 
0.665034 0.395869 -0.106016 0.334951 0.000000 0.664887 0.395869 -0.106016 0.334951 0.000000 0.664690 0.395869 -0.106016 0.334951 0.000000 0.664542 0.395823 -0.106016 0.334951 0.000000 0.664247 0.395731 -0.123848 0.329548 0.000000 0.663903 0.395654 -0.123848 0.329548 0.000000 
0.664887 0.395869 -0.106016 0.334951 0.000000 0.664690 0.395869 -0.106016 0.334951 0.000000 0.664542 0.395823 -0.106016 0.334951 0.000000 0.664247 0.395731 -0.123848 0.329548 0.000000 0.663903 0.395654 -0.123848 0.329548 0.000000 0.663460 0.395423 -0.124329 0.348165 0.000000 
0.664690 0.395869 -0.106016 0.334951 0.000000 0.664542 0.395823 -0.106016 0.334951 0.000000 0.664247 0.395731 -0.123848 0.329548 0.000000 0.663903 0.395654 -0.123848 0.329548 0.000000 0.663460 0.395423 -0.124329 0.348165 0.000000 0.662918 0.395223 -0.124329 0.348165 0.000000 
0.664542 0.395823 -0.106016 0.334951 0.000000 0.664247 0.395731 -0.123848 0.329548 0.000000 0.663903 0.395654 -0.123848 0.329548 0.000000 0.663460 0.395423 -0.124329 0.348165 0.000000 0.662918 0.395223 -0.124329 0.348165 0.000000 0.662229 0.395054 -0.124329 0.348165 0.000000 
0.664247 0.395731 -0.123848 0.329548 0.000000 0.663903 0.395654 -0.123848 0.329548 0.000000 0.663460 0.395423 -0.124329 0.348165 0.000000 0.662918 0.395223 -0.124329 0.348165 0.000000 0.662229 0.395054 -0.124329 0.348165 0.000000 0.661491 0.394900 -0.124329 0.348165 0.000000 
0.663903 0.395654 -0.123848 0.329548 0.000000 0.663460 0.395423 -0.124329 0.348165 0.000000 0.662918 0.395223 -0.124329 0.348165 0.000000 0.662229 0.395054 -0.124329 0.348165 0.000000 0.661491 0.394900 -0.124329 0.348165 0.000000 0.660507 0.394777 -0.124329 0.348165 0.000000 
0.663460 0.395423 -0.124329 0.348165 0.000000 0.662918 0.395223 -0.124329 0.348165 0.000000 0.662229 0.395054 -0.124329 0.348165 0.000000 0.661491 0.394900 -0.124329 0.348165 0.000000 0.660507 0.394777 -0.124329 0.348165 0.000000 0.659375 0.394685 -0.124329 0.348165 0.000000 
0.662918 0.395223 -0.124329 0.348165 0.000000 0.662229 0.395054 -0.124329 0.348165 0.000000 0.661491 0.394900 -0.124329 0.348165 0.000000 0.660507 0.394777 -0.124329 0.348165 0.000000 0.659375 0.394685 -0.124329 0.348165 0.000000 0.657997 0.394608 -0.124329 0.348165 0.000000 
0.662229 0.395054 -0.124329 0.348165 0.000000 0.661491 0.394900 -0.124329 0.348165 0.000000 0.660507 0.394777 -0.124329 0.348165 0.000000 0.659375 0.394685 -0.124329 0.348165 0.000000 0.657997 0.394608 -0.124329 0.348165 0.000000 0.656545 0.394516 -0.124329 0.348165 0.000000 
0.661491 0.394900 -0.124329 0.348165 0.000000 0.660507 0.394777 -0.124329 0.348165 0.000000 0.659375 0.394685 -0.124329 0.348165 0.000000 0.657997 0.394608 -0.124329 0.348165 0.000000 0.656545 0.394516 -0.124329 0.348165 0.000000 0.655438 0.394516 -0.123848 0.329548 0.000000 
0.660507 0.394777 -0.124329 0.348165 0.000000 0.659375 0.394685 -0.124329 0.348165 0.000000 0.657997 0.394608 -0.124329 0.348165 0.000000 0.656545 0.394516 -0.124329 0.348165 0.000000 0.655438 0.394516 -0.123848 0.329548 0.000000 0.654331 0.394516 -0.123848 0.329548 0.000000 
0.659375 0.394685 -0.124329 0.348165 0.000000 0.657997 0.394608 -0.124329 0.348165 0.000000 0.656545 0.394516 -0.124329 0.348165 0.000000 0.655438 0.394516 -0.123848 0.329548 0.000000 0.654331 0.394516 -0.123848 0.329548 0.000000 0.653150 0.394516 -0.106016 0.334951 0.000000 
0.657997 0.394608 -0.124329 0.348165 0.000000 0.656545 0.394516 -0.124329 0.348165 0.000000 0.655438 0.394516 -0.123848 0.329548 0.000000 0.654331 0.394516 -0.123848 0.329548 0.000000 0.653150 0.394516 -0.106016 0.334951 0.000000 0.651919 0.394516 -0.106016 0.334951 0.000000 
0.656545 0.394516 -0.124329 0.348165 0.000000 0.655438 0.394516 -0.123848 0.329548 0.000000 0.654331 0.394516 -0.123848 0.329548 0.000000 0.653150 0.394516 -0.106016 0.334951 0.000000 0.651919 0.394516 -0.106016 0.334951 0.000000 0.650714 0.394516 -0.106016 0.334951 0.000000 
0.655438 0.394516 -0.123848 0.329548 0.000000 0.654331 0.394516 -0.123848 0.329548 0.000000 0.653150 0.394516 -0.106016 0.334951 0.000000 0.651919 0.394516 -0.106016 0.334951 0.000000 0.650714 0.394516 -0.106016 0.334951 0.000000 0.649434 0.394516 -0.106016 0.334951 0.000000 
0.654331 0.394516 -0.123848 0.329548 0.000000 0.653150 0.394516 -0.106016 0.334951 0.000000 0.651919 0.394516 -0.106016 0.334951 0.000000 0.650714 0.394516 -0.106016 0.334951 0.000000 0.649434 0.394516 -0.106016 0.334951 0.000000 0.648105 0.394516 -0.106016 0.334951 0.000000 
0.653150 0.394516 -0.106016 0.334951 0.000000 0.651919 0.394516 -0.106016 0.334951 0.000000 0.650714 0.394516 -0.106016 0.334951 0.000000 0.649434 0.394516 -0.106016 0.334951 0.000000 0.648105 0.394516 -0.106016 0.334951 0.000000 0.646604 0.394516 -0.106004 0.316469 0.000000 
0.651919 0.394516 -0.106016 0.334951 0.000000 0.650714 0.394516 -0.106016 0.334951 0.000000 0.649434 0.394516 -0.106016 0.334951 0.000000 0.648105 0.394516 -0.106016 0.334951 0.000000 0.646604 0.394516 -0.106004 0.316469 0.000000 0.645054 0.394562 -0.106004 0.316469 0.000000 
0.650714 0.394516 -0.106016 0.334951 0.000000 0.649434 0.394516 -0.106016 0.334951 0.000000 0.648105 0.394516 -0.106016 0.334951 0.000000 0.646604 0.394516 -0.106004 0.316469 0.000000 0.645054 0.394562 -0.106004 0.316469 0.000000 0.643282 0.394670 -0.106004 0.316469 0.000000 
0.649434 0.394516 -0.106016 0.334951 0.000000 0.648105 0.394516 -0.106016 0.334951 0.000000 0.646604 0.394516 -0.106004 0.316469 0.000000 0.645054 0.394562 -0.106004 0.316469 0.000000 0.643282 0.394670 -0.106004 0.316469 0.000000 0.641412 0.394777 -0.106004 0.316469 0.000000 
0.648105 0.394516 -0.106016 0.334951 0.000000 0.646604 0.394516 -0.106004 0.316469 0.000000 0.645054 0.394562 -0.106004 0.316469 0.000000 0.643282 0.394670 -0.106004 0.316469 0.000000 0.641412 0.394777 -0.106004 0.316469 0.000000 0.639444 0.394977 -0.106004 0.316469 0.000000 
0.646604 0.394516 -0.106004 0.316469 0.000000 0.645054 0.394562 -0.106004 0.316469 0.000000 0.643282 0.394670 -0.106004 0.316469 0.000000 0.641412 0.394777 -0.106004 0.316469 0.000000 0.639444 0.394977 -0.106004 0.316469 0.000000 0.637229 0.395193 -0.105392 0.298065 0.000000 
0.645054 0.394562 -0.106004 0.316469 0.000000 0.643282 0.394670 -0.106004 0.316469 0.000000 0.641412 0.394777 -0.106004 0.316469 0.000000 0.639444 0.394977 -0.106004 0.316469 0.000000 0.637229 0.395193 -0.105392 0.298065 0.000000 0.634867 0.395285 -0.105392 0.298065 0.000000 
0.643282 0.394670 -0.106004 0.316469 0.000000 0.641412 0.394777 -0.106004 0.316469 0.000000 0.639444 0.394977 -0.106004 0.316469 0.000000 0.637229 0.395193 -0.105392 0.298065 0.000000 0.634867 0.395285 -0.105392 0.298065 0.000000 0.632382 0.395454 -0.104187 0.279758 0.000000 
0.641412 0.394777 -0.106004 0.316469 0.000000 0.639444 0.394977 -0.106004 0.316469 0.000000 0.637229 0.395193 -0.105392 0.298065 0.000000 0.634867 0.395285 -0.105392 0.298065 0.000000 0.632382 0.395454 -0.104187 0.279758 0.000000 0.629798 0.395608 -0.104187 0.279758 0.000000 
0.639444 0.394977 -0.106004 0.316469 0.000000 0.637229 0.395193 -0.105392 0.298065 0.000000 0.634867 0.395285 -0.105392 0.298065 0.000000 0.632382 0.395454 -0.104187 0.279758 0.000000 0.629798 0.395608 -0.104187 0.279758 0.000000 0.627042 0.395777 -0.102401 0.261567 0.000000 
