0.718799 0.407542 0.343283 0.519589 0.633431 0.718725 0.405450 0.343283 0.519589 0.627566 0.718602 0.403374 0.334355 0.524211 0.638319 0.718455 0.401313 0.334355 0.524211 0.640274 0.718381 0.399222 0.334355 0.524211 0.637341 0.718258 0.397130 0.334355 0.524211 0.637341 
0.718725 0.405450 0.343283 0.519589 0.627566 0.718602 0.403374 0.334355 0.524211 0.638319 0.718455 0.401313 0.334355 0.524211 0.640274 0.718381 0.399222 0.334355 0.524211 0.637341 0.718258 0.397130 0.334355 0.524211 0.637341 0.718135 0.395085 0.316047 0.532988 0.636364 
0.718602 0.403374 0.334355 0.524211 0.638319 0.718455 0.401313 0.334355 0.524211 0.640274 0.718381 0.399222 0.334355 0.524211 0.637341 0.718258 0.397130 0.334355 0.524211 0.637341 0.718135 0.395085 0.316047 0.532988 0.636364 0.718036 0.393086 0.316047 0.532988 0.630499 
0.718455 0.401313 0.334355 0.524211 0.640274 0.718381 0.399222 0.334355 0.524211 0.637341 0.718258 0.397130 0.334355 0.524211 0.637341 0.718135 0.395085 0.316047 0.532988 0.636364 0.718036 0.393086 0.316047 0.532988 0.630499 0.717963 0.391102 0.316047 0.532988 0.628543 
0.718381 0.399222 0.334355 0.524211 0.637341 0.718258 0.397130 0.334355 0.524211 0.637341 0.718135 0.395085 0.316047 0.532988 0.636364 0.718036 0.393086 0.316047 0.532988 0.630499 0.717963 0.391102 0.316047 0.532988 0.628543 0.717938 0.389133 0.316047 0.532988 0.637341 
0.718258 0.397130 0.334355 0.524211 0.637341 0.718135 0.395085 0.316047 0.532988 0.636364 0.718036 0.393086 0.316047 0.532988 0.630499 0.717963 0.391102 0.316047 0.532988 0.628543 0.717938 0.389133 0.316047 0.532988 0.637341 0.717938 0.387195 0.316047 0.532988 0.637341 
0.718135 0.395085 0.316047 0.532988 0.636364 0.718036 0.393086 0.316047 0.532988 0.630499 0.717963 0.391102 0.316047 0.532988 0.628543 0.717938 0.389133 0.316047 0.532988 0.637341 0.717938 0.387195 0.316047 0.532988 0.637341 0.717938 0.385273 0.306673 0.537145 0.634409 
0.718036 0.393086 0.316047 0.532988 0.630499 0.717963 0.391102 0.316047 0.532988 0.628543 0.717938 0.389133 0.316047 0.532988 0.637341 0.717938 0.387195 0.316047 0.532988 0.637341 0.717938 0.385273 0.306673 0.537145 0.634409 0.717938 0.383443 0.306673 0.537145 0.635386 
0.717963 0.391102 0.316047 0.532988 0.628543 0.717938 0.389133 0.316047 0.532988 0.637341 0.717938 0.387195 0.316047 0.532988 0.637341 0.717938 0.385273 0.306673 0.537145 0.634409 0.717938 0.383443 0.306673 0.537145 0.635386 0.717938 0.381628 0.306673 0.537145 0.640274 
0.717938 0.389133 0.316047 0.532988 0.637341 0.717938 0.387195 0.316047 0.532988 0.637341 0.717938 0.385273 0.306673 0.537145 0.634409 0.717938 0.383443 0.306673 0.537145 0.635386 0.717938 0.381628 0.306673 0.537145 0.640274 0.717938 0.379844 0.295926 0.520626 0.646139 
0.717938 0.387195 0.316047 0.532988 0.637341 0.717938 0.385273 0.306673 0.537145 0.634409 0.717938 0.383443 0.306673 0.537145 0.635386 0.717938 0.381628 0.306673 0.537145 0.640274 0.717938 0.379844 0.295926 0.520626 0.646139 0.717938 0.378014 0.295926 0.520626 0.655914 
0.717938 0.385273 0.306673 0.537145 0.634409 0.717938 0.383443 0.306673 0.537145 0.635386 0.717938 0.381628 0.306673 0.537145 0.640274 0.717938 0.379844 0.295926 0.520626 0.646139 0.717938 0.378014 0.295926 0.520626 0.655914 0.718036 0.376246 0.295926 0.520626 0.648094 
0.717938 0.383443 0.306673 0.537145 0.635386 0.717938 0.381628 0.306673 0.537145 0.640274 0.717938 0.379844 0.295926 0.520626 0.646139 0.717938 0.378014 0.295926 0.520626 0.655914 0.718036 0.376246 0.295926 0.520626 0.648094 0.718086 0.374569 0.295926 0.520626 0.658847 
0.717938 0.381628 0.306673 0.537145 0.640274 0.717938 0.379844 0.295926 0.520626 0.646139 0.717938 0.378014 0.295926 0.520626 0.655914 0.718036 0.376246 0.295926 0.520626 0.648094 0.718086 0.374569 0.295926 0.520626 0.658847 0.718184 0.372878 0.295926 0.520626 0.649071 
0.717938 0.379844 0.295926 0.520626 0.646139 0.717938 0.378014 0.295926 0.520626 0.655914 0.718036 0.376246 0.295926 0.520626 0.648094 0.718086 0.374569 0.295926 0.520626 0.658847 0.718184 0.372878 0.295926 0.520626 0.649071 0.718233 0.371171 0.295926 0.520626 0.660802 
0.717938 0.378014 0.295926 0.520626 0.655914 0.718036 0.376246 0.295926 0.520626 0.648094 0.718086 0.374569 0.295926 0.520626 0.658847 0.718184 0.372878 0.295926 0.520626 0.649071 0.718233 0.371171 0.295926 0.520626 0.660802 0.718233 0.369464 0.277345 0.528336 0.662757 
0.718036 0.376246 0.295926 0.520626 0.648094 0.718086 0.374569 0.295926 0.520626 0.658847 0.718184 0.372878 0.295926 0.520626 0.649071 0.718233 0.371171 0.295926 0.520626 0.660802 0.718233 0.369464 0.277345 0.528336 0.662757 0.718233 0.367833 0.277345 0.528336 0.661779 
0.718086 0.374569 0.295926 0.520626 0.658847 0.718184 0.372878 0.295926 0.520626 0.649071 0.718233 0.371171 0.295926 0.520626 0.660802 0.718233 0.369464 0.277345 0.528336 0.662757 0.718233 0.367833 0.277345 0.528336 0.661779 0.718233 0.366280 0.277345 0.528336 0.661779 
0.718184 0.372878 0.295926 0.520626 0.649071 0.718233 0.371171 0.295926 0.520626 0.660802 0.718233 0.369464 0.277345 0.528336 0.662757 0.718233 0.367833 0.277345 0.528336 0.661779 0.718233 0.366280 0.277345 0.528336 0.661779 0.718184 0.364788 0.277345 0.528336 0.661779 
0.718233 0.371171 0.295926 0.520626 0.660802 0.718233 0.369464 0.277345 0.528336 0.662757 0.718233 0.367833 0.277345 0.528336 0.661779 0.718233 0.366280 0.277345 0.528336 0.661779 0.718184 0.364788 0.277345 0.528336 0.661779 0.718036 0.363220 0.287493 0.544998 0.668622 
0.718233 0.369464 0.277345 0.528336 0.662757 0.718233 0.367833 0.277345 0.528336 0.661779 0.718233 0.366280 0.277345 0.528336 0.661779 0.718184 0.364788 0.277345 0.528336 0.661779 0.718036 0.363220 0.287493 0.544998 0.668622 0.717495 0.358929 0.287493 0.544998 0.667644 
0.718233 0.367833 0.277345 0.528336 0.661779 0.718233 0.366280 0.277345 0.528336 0.661779 0.718184 0.364788 0.277345 0.528336 0.661779 0.718036 0.363220 0.287493 0.544998 0.668622 0.717495 0.358929 0.287493 0.544998 0.667644 0.717889 0.361728 0.287493 0.544998 0.661779 
0.718233 0.366280 0.277345 0.528336 0.661779 0.718184 0.364788 0.277345 0.528336 0.661779 0.718036 0.363220 0.287493 0.544998 0.668622 0.717495 0.358929 0.287493 0.544998 0.667644 0.717889 0.361728 0.287493 0.544998 0.661779 0.717667 0.360282 0.287493 0.544998 0.665689 
0.718184 0.364788 0.277345 0.528336 0.661779 0.718036 0.363220 0.287493 0.544998 0.668622 0.717495 0.358929 0.287493 0.544998 0.667644 0.717889 0.361728 0.287493 0.544998 0.661779 0.717667 0.360282 0.287493 0.544998 0.665689 0.717397 0.357653 0.287493 0.544998 0.668622 
0.718036 0.363220 0.287493 0.544998 0.668622 0.717495 0.358929 0.287493 0.544998 0.667644 0.717889 0.361728 0.287493 0.544998 0.661779 0.717667 0.360282 0.287493 0.544998 0.665689 0.717397 0.357653 0.287493 0.544998 0.668622 0.717274 0.355146 0.287493 0.544998 0.678397 
0.717495 0.358929 0.287493 0.544998 0.667644 0.717889 0.361728 0.287493 0.544998 0.661779 0.717667 0.360282 0.287493 0.544998 0.665689 0.717397 0.357653 0.287493 0.544998 0.668622 0.717274 0.355146 0.287493 0.544998 0.678397 0.717347 0.356376 0.287493 0.544998 0.676442 
0.717889 0.361728 0.287493 0.544998 0.661779 0.717667 0.360282 0.287493 0.544998 0.665689 0.717397 0.357653 0.287493 0.544998 0.668622 0.717274 0.355146 0.287493 0.544998 0.678397 0.717347 0.356376 0.287493 0.544998 0.676442 0.717151 0.354039 0.287493 0.544998 0.686217 
0.717667 0.360282 0.287493 0.544998 0.665689 0.717397 0.357653 0.287493 0.544998 0.668622 0.717274 0.355146 0.287493 0.544998 0.678397 0.717347 0.356376 0.287493 0.544998 0.676442 0.717151 0.354039 0.287493 0.544998 0.686217 0.717052 0.353023 0.287493 0.544998 0.689150 
0.717397 0.357653 0.287493 0.544998 0.668622 0.717274 0.355146 0.287493 0.544998 0.678397 0.717347 0.356376 0.287493 0.544998 0.676442 0.717151 0.354039 0.287493 0.544998 0.686217 0.717052 0.353023 0.287493 0.544998 0.689150 0.717003 0.352008 0.287493 0.544998 0.680352 
0.717274 0.355146 0.287493 0.544998 0.678397 0.717347 0.356376 0.287493 0.544998 0.676442 0.717151 0.354039 0.287493 0.544998 0.686217 0.717052 0.353023 0.287493 0.544998 0.689150 0.717003 0.352008 0.287493 0.544998 0.680352 0.716954 0.351024 0.287493 0.544998 0.685239 
0.717347 0.356376 0.287493 0.544998 0.676442 0.717151 0.354039 0.287493 0.544998 0.686217 0.717052 0.353023 0.287493 0.544998 0.689150 0.717003 0.352008 0.287493 0.544998 0.680352 0.716954 0.351024 0.287493 0.544998 0.685239 0.716831 0.350086 0.287493 0.544998 0.679374 
0.717151 0.354039 0.287493 0.544998 0.686217 0.717052 0.353023 0.287493 0.544998 0.689150 0.717003 0.352008 0.287493 0.544998 0.680352 0.716954 0.351024 0.287493 0.544998 0.685239 0.716831 0.350086 0.287493 0.544998 0.679374 0.716683 0.349163 0.287493 0.544998 0.682307 
0.717052 0.353023 0.287493 0.544998 0.689150 0.717003 0.352008 0.287493 0.544998 0.680352 0.716954 0.351024 0.287493 0.544998 0.685239 0.716831 0.350086 0.287493 0.544998 0.679374 0.716683 0.349163 0.287493 0.544998 0.682307 0.716511 0.348333 0.287493 0.544998 0.691105 
0.717003 0.352008 0.287493 0.544998 0.680352 0.716954 0.351024 0.287493 0.544998 0.685239 0.716831 0.350086 0.287493 0.544998 0.679374 0.716683 0.349163 0.287493 0.544998 0.682307 0.716511 0.348333 0.287493 0.544998 0.691105 0.716412 0.347502 0.287493 0.544998 0.699902 
0.716954 0.351024 0.287493 0.544998 0.685239 0.716831 0.350086 0.287493 0.544998 0.679374 0.716683 0.349163 0.287493 0.544998 0.682307 0.716511 0.348333 0.287493 0.544998 0.691105 0.716412 0.347502 0.287493 0.544998 0.699902 0.716363 0.346672 0.277345 0.528336 0.697947 
0.716831 0.350086 0.287493 0.544998 0.679374 0.716683 0.349163 0.287493 0.544998 0.682307 0.716511 0.348333 0.287493 0.544998 0.691105 0.716412 0.347502 0.287493 0.544998 0.699902 0.716363 0.346672 0.277345 0.528336 0.697947 0.716240 0.345872 0.277345 0.528336 0.702835 
0.716683 0.349163 0.287493 0.544998 0.682307 0.716511 0.348333 0.287493 0.544998 0.691105 0.716412 0.347502 0.287493 0.544998 0.699902 0.716363 0.346672 0.277345 0.528336 0.697947 0.716240 0.345872 0.277345 0.528336 0.702835 0.716068 0.345103 0.277345 0.528336 0.706745 
0.716511 0.348333 0.287493 0.544998 0.691105 0.716412 0.347502 0.287493 0.544998 0.699902 0.716363 0.346672 0.277345 0.528336 0.697947 0.716240 0.345872 0.277345 0.528336 0.702835 0.716068 0.345103 0.277345 0.528336 0.706745 0.715970 0.344334 0.277345 0.528336 0.705767 
0.716412 0.347502 0.287493 0.544998 0.699902 0.716363 0.346672 0.277345 0.528336 0.697947 0.716240 0.345872 0.277345 0.528336 0.702835 0.716068 0.345103 0.277345 0.528336 0.706745 0.715970 0.344334 0.277345 0.528336 0.705767 0.715773 0.343550 0.277345 0.528336 0.702835 
0.716363 0.346672 0.277345 0.528336 0.697947 0.716240 0.345872 0.277345 0.528336 0.702835 0.716068 0.345103 0.277345 0.528336 0.706745 0.715970 0.344334 0.277345 0.528336 0.705767 0.715773 0.343550 0.277345 0.528336 0.702835 0.715576 0.342766 0.277345 0.528336 0.708700 
0.716240 0.345872 0.277345 0.528336 0.702835 0.716068 0.345103 0.277345 0.528336 0.706745 0.715970 0.344334 0.277345 0.528336 0.705767 0.715773 0.343550 0.277345 0.528336 0.702835 0.715576 0.342766 0.277345 0.528336 0.708700 0.715379 0.341889 0.277345 0.528336 0.703812 
0.716068 0.345103 0.277345 0.528336 0.706745 0.715970 0.344334 0.277345 0.528336 0.705767 0.715773 0.343550 0.277345 0.528336 0.702835 0.715576 0.342766 0.277345 0.528336 0.708700 0.715379 0.341889 0.277345 0.528336 0.703812 0.715133 0.340982 0.258187 0.515290 0.708700 
0.715970 0.344334 0.277345 0.528336 0.705767 0.715773 0.343550 0.277345 0.528336 0.702835 0.715576 0.342766 0.277345 0.528336 0.708700 0.715379 0.341889 0.277345 0.528336 0.703812 0.715133 0.340982 0.258187 0.515290 0.708700 0.714862 0.340044 0.258187 0.515290 0.709677 
0.715773 0.343550 0.277345 0.528336 0.702835 0.715576 0.342766 0.277345 0.528336 0.708700 0.715379 0.341889 0.277345 0.528336 0.703812 0.715133 0.340982 0.258187 0.515290 0.708700 0.714862 0.340044 0.258187 0.515290 0.709677 0.714616 0.339075 0.258187 0.515290 0.710655 
0.715576 0.342766 0.277345 0.528336 0.708700 0.715379 0.341889 0.277345 0.528336 0.703812 0.715133 0.340982 0.258187 0.515290 0.708700 0.714862 0.340044 0.258187 0.515290 0.709677 0.714616 0.339075 0.258187 0.515290 0.710655 0.714419 0.338121 0.258187 0.515290 0.707722 
0.715379 0.341889 0.277345 0.528336 0.703812 0.715133 0.340982 0.258187 0.515290 0.708700 0.714862 0.340044 0.258187 0.515290 0.709677 0.714616 0.339075 0.258187 0.515290 0.710655 0.714419 0.338121 0.258187 0.515290 0.707722 0.714222 0.337214 0.258187 0.515290 0.705767 
0.715133 0.340982 0.258187 0.515290 0.708700 0.714862 0.340044 0.258187 0.515290 0.709677 0.714616 0.339075 0.258187 0.515290 0.710655 0.714419 0.338121 0.258187 0.515290 0.707722 0.714222 0.337214 0.258187 0.515290 0.705767 0.714099 0.336337 0.258187 0.515290 0.711632 
0.714862 0.340044 0.258187 0.515290 0.709677 0.714616 0.339075 0.258187 0.515290 0.710655 0.714419 0.338121 0.258187 0.515290 0.707722 0.714222 0.337214 0.258187 0.515290 0.705767 0.714099 0.336337 0.258187 0.515290 0.711632 0.714001 0.335476 0.239471 0.521981 0.704790 
0.714616 0.339075 0.258187 0.515290 0.710655 0.714419 0.338121 0.258187 0.515290 0.707722 0.714222 0.337214 0.258187 0.515290 0.705767 0.714099 0.336337 0.258187 0.515290 0.711632 0.714001 0.335476 0.239471 0.521981 0.704790 0.713903 0.334707 0.239471 0.521981 0.701857 
0.714419 0.338121 0.258187 0.515290 0.707722 0.714222 0.337214 0.258187 0.515290 0.705767 0.714099 0.336337 0.258187 0.515290 0.711632 0.714001 0.335476 0.239471 0.521981 0.704790 0.713903 0.334707 0.239471 0.521981 0.701857 0.713829 0.334000 0.239471 0.521981 0.704790 
0.714222 0.337214 0.258187 0.515290 0.705767 0.714099 0.336337 0.258187 0.515290 0.711632 0.714001 0.335476 0.239471 0.521981 0.704790 0.713903 0.334707 0.239471 0.521981 0.701857 0.713829 0.334000 0.239471 0.521981 0.704790 0.713780 0.333354 0.239471 0.521981 0.702835 
0.714099 0.336337 0.258187 0.515290 0.711632 0.714001 0.335476 0.239471 0.521981 0.704790 0.713903 0.334707 0.239471 0.521981 0.701857 0.713829 0.334000 0.239471 0.521981 0.704790 0.713780 0.333354 0.239471 0.521981 0.702835 0.713583 0.331847 0.239471 0.521981 0.708700 
0.714001 0.335476 0.239471 0.521981 0.704790 0.713903 0.334707 0.239471 0.521981 0.701857 0.713829 0.334000 0.239471 0.521981 0.704790 0.713780 0.333354 0.239471 0.521981 0.702835 0.713583 0.331847 0.239471 0.521981 0.708700 0.713706 0.332785 0.239471 0.521981 0.708700 
0.713903 0.334707 0.239471 0.521981 0.701857 0.713829 0.334000 0.239471 0.521981 0.704790 0.713780 0.333354 0.239471 0.521981 0.702835 0.713583 0.331847 0.239471 0.521981 0.708700 0.713706 0.332785 0.239471 0.521981 0.708700 0.713632 0.332293 0.239471 0.521981 0.705767 
0.713829 0.334000 0.239471 0.521981 0.704790 0.713780 0.333354 0.239471 0.521981 0.702835 0.713583 0.331847 0.239471 0.521981 0.708700 0.713706 0.332785 0.239471 0.521981 0.708700 0.713632 0.332293 0.239471 0.521981 0.705767 0.713484 0.331478 0.248499 0.538788 0.712610 
0.713780 0.333354 0.239471 0.521981 0.702835 0.713583 0.331847 0.239471 0.521981 0.708700 0.713706 0.332785 0.239471 0.521981 0.708700 0.713632 0.332293 0.239471 0.521981 0.705767 0.713484 0.331478 0.248499 0.538788 0.712610 0.713435 0.331201 0.248499 0.538788 0.716520 
0.713583 0.331847 0.239471 0.521981 0.708700 0.713706 0.332785 0.239471 0.521981 0.708700 0.713632 0.332293 0.239471 0.521981 0.705767 0.713484 0.331478 0.248499 0.538788 0.712610 0.713435 0.331201 0.248499 0.538788 0.716520 0.713386 0.330970 0.239471 0.521981 0.722385 
0.713706 0.332785 0.239471 0.521981 0.708700 0.713632 0.332293 0.239471 0.521981 0.705767 0.713484 0.331478 0.248499 0.538788 0.712610 0.713435 0.331201 0.248499 0.538788 0.716520 0.713386 0.330970 0.239471 0.521981 0.722385 0.713361 0.330832 0.258187 0.515290 0.734115 
0.713632 0.332293 0.239471 0.521981 0.705767 0.713484 0.331478 0.248499 0.538788 0.712610 0.713435 0.331201 0.248499 0.538788 0.716520 0.713386 0.330970 0.239471 0.521981 0.722385 0.713361 0.330832 0.258187 0.515290 0.734115 0.713287 0.330724 0.258187 0.515290 0.740958 
0.713484 0.331478 0.248499 0.538788 0.712610 0.713435 0.331201 0.248499 0.538788 0.716520 0.713386 0.330970 0.239471 0.521981 0.722385 0.713361 0.330832 0.258187 0.515290 0.734115 0.713287 0.330724 0.258187 0.515290 0.740958 0.713238 0.330647 0.258187 0.515290 0.751711 
0.713435 0.331201 0.248499 0.538788 0.716520 0.713386 0.330970 0.239471 0.521981 0.722385 0.713361 0.330832 0.258187 0.515290 0.734115 0.713287 0.330724 0.258187 0.515290 0.740958 0.713238 0.330647 0.258187 0.515290 0.751711 0.713214 0.330601 0.258187 0.515290 0.761486 
0.713386 0.330970 0.239471 0.521981 0.722385 0.713361 0.330832 0.258187 0.515290 0.734115 0.713287 0.330724 0.258187 0.515290 0.740958 0.713238 0.330647 0.258187 0.515290 0.751711 0.713214 0.330601 0.258187 0.515290 0.761486 0.713140 0.330601 0.258187 0.515290 0.776149 
0.713361 0.330832 0.258187 0.515290 0.734115 0.713287 0.330724 0.258187 0.515290 0.740958 0.713238 0.330647 0.258187 0.515290 0.751711 0.713214 0.330601 0.258187 0.515290 0.761486 0.713140 0.330601 0.258187 0.515290 0.776149 0.713115 0.330601 0.239471 0.521981 0.786901 
0.713287 0.330724 0.258187 0.515290 0.740958 0.713238 0.330647 0.258187 0.515290 0.751711 0.713214 0.330601 0.258187 0.515290 0.761486 0.713140 0.330601 0.258187 0.515290 0.776149 0.713115 0.330601 0.239471 0.521981 0.786901 0.713091 0.330601 0.239471 0.521981 0.808407 
0.713238 0.330647 0.258187 0.515290 0.751711 0.713214 0.330601 0.258187 0.515290 0.761486 0.713140 0.330601 0.258187 0.515290 0.776149 0.713115 0.330601 0.239471 0.521981 0.786901 0.713091 0.330601 0.239471 0.521981 0.808407 0.713066 0.330601 0.239471 0.521981 0.818182 
0.713214 0.330601 0.258187 0.515290 0.761486 0.713140 0.330601 0.258187 0.515290 0.776149 0.713115 0.330601 0.239471 0.521981 0.786901 0.713091 0.330601 0.239471 0.521981 0.808407 0.713066 0.330601 0.239471 0.521981 0.818182 0.713041 0.330601 0.239471 0.521981 0.817204 
0.713140 0.330601 0.258187 0.515290 0.776149 0.713115 0.330601 0.239471 0.521981 0.786901 0.713091 0.330601 0.239471 0.521981 0.808407 0.713066 0.330601 0.239471 0.521981 0.818182 0.713041 0.330601 0.239471 0.521981 0.817204 0.713017 0.330601 0.229940 0.525111 0.816227 
0.713115 0.330601 0.239471 0.521981 0.786901 0.713091 0.330601 0.239471 0.521981 0.808407 0.713066 0.330601 0.239471 0.521981 0.818182 0.713041 0.330601 0.239471 0.521981 0.817204 0.713017 0.330601 0.229940 0.525111 0.816227 0.713017 0.330663 0.226729 0.564924 0.559140 
0.713091 0.330601 0.239471 0.521981 0.808407 0.713066 0.330601 0.239471 0.521981 0.818182 0.713041 0.330601 0.239471 0.521981 0.817204 0.713017 0.330601 0.229940 0.525111 0.816227 0.713017 0.330663 0.226729 0.564924 0.559140 0.713041 0.330893 0.226729 0.564924 0.476051 
0.713066 0.330601 0.239471 0.521981 0.818182 0.713041 0.330601 0.239471 0.521981 0.817204 0.713017 0.330601 0.229940 0.525111 0.816227 0.713017 0.330663 0.226729 0.564924 0.559140 0.713041 0.330893 0.226729 0.564924 0.476051 0.713238 0.331278 0.226729 0.564924 0.372434 
0.713041 0.330601 0.239471 0.521981 0.817204 0.713017 0.330601 0.229940 0.525111 0.816227 0.713017 0.330663 0.226729 0.564924 0.559140 0.713041 0.330893 0.226729 0.564924 0.476051 0.713238 0.331278 0.226729 0.564924 0.372434 0.713435 0.331785 0.226729 0.564924 0.236559 
0.713017 0.330601 0.229940 0.525111 0.816227 0.713017 0.330663 0.226729 0.564924 0.559140 0.713041 0.330893 0.226729 0.564924 0.476051 0.713238 0.331278 0.226729 0.564924 0.372434 0.713435 0.331785 0.226729 0.564924 0.236559 0.713484 0.332370 0.226729 0.564924 0.098729 
0.713017 0.330663 0.226729 0.564924 0.559140 0.713041 0.330893 0.226729 0.564924 0.476051 0.713238 0.331278 0.226729 0.564924 0.372434 0.713435 0.331785 0.226729 0.564924 0.236559 0.713484 0.332370 0.226729 0.564924 0.098729 0.713484 0.333846 0.247495 0.558882 0.000000 
0.713041 0.330893 0.226729 0.564924 0.476051 0.713238 0.331278 0.226729 0.564924 0.372434 0.713435 0.331785 0.226729 0.564924 0.236559 0.713484 0.332370 0.226729 0.564924 0.098729 0.713484 0.333846 0.247495 0.558882 0.000000 0.713410 0.334692 0.245856 0.578972 0.000000 
0.713238 0.331278 0.226729 0.564924 0.372434 0.713435 0.331785 0.226729 0.564924 0.236559 0.713484 0.332370 0.226729 0.564924 0.098729 0.713484 0.333846 0.247495 0.558882 0.000000 0.713410 0.334692 0.245856 0.578972 0.000000 0.712795 0.335553 0.243559 0.599039 0.000000 
0.713435 0.331785 0.226729 0.564924 0.236559 0.713484 0.332370 0.226729 0.564924 0.098729 0.713484 0.333846 0.247495 0.558882 0.000000 0.713410 0.334692 0.245856 0.578972 0.000000 0.712795 0.335553 0.243559 0.599039 0.000000 0.711959 0.336353 0.243559 0.599039 0.000000 
0.713484 0.332370 0.226729 0.564924 0.098729 0.713484 0.333846 0.247495 0.558882 0.000000 0.713410 0.334692 0.245856 0.578972 0.000000 0.712795 0.335553 0.243559 0.599039 0.000000 0.711959 0.336353 0.243559 0.599039 0.000000 0.707776 0.338521 0.263758 0.613073 0.000000 
0.713484 0.333846 0.247495 0.558882 0.000000 0.713410 0.334692 0.245856 0.578972 0.000000 0.712795 0.335553 0.243559 0.599039 0.000000 0.711959 0.336353 0.243559 0.599039 0.000000 0.707776 0.338521 0.263758 0.613073 0.000000 0.710827 0.337106 0.263758 0.613073 0.000000 
0.713410 0.334692 0.245856 0.578972 0.000000 0.712795 0.335553 0.243559 0.599039 0.000000 0.711959 0.336353 0.243559 0.599039 0.000000 0.707776 0.338521 0.263758 0.613073 0.000000 0.710827 0.337106 0.263758 0.613073 0.000000 0.709449 0.337814 0.263758 0.613073 0.000000 
0.712795 0.335553 0.243559 0.599039 0.000000 0.711959 0.336353 0.243559 0.599039 0.000000 0.707776 0.338521 0.263758 0.613073 0.000000 0.710827 0.337106 0.263758 0.613073 0.000000 0.709449 0.337814 0.263758 0.613073 0.000000 0.705807 0.339198 0.263758 0.613073 0.000000 
0.711959 0.336353 0.243559 0.599039 0.000000 0.707776 0.338521 0.263758 0.613073 0.000000 0.710827 0.337106 0.263758 0.613073 0.000000 0.709449 0.337814 0.263758 0.613073 0.000000 0.705807 0.339198 0.263758 0.613073 0.000000 0.700837 0.340520 0.247495 0.558882 0.000000 
0.707776 0.338521 0.263758 0.613073 0.000000 0.710827 0.337106 0.263758 0.613073 0.000000 0.709449 0.337814 0.263758 0.613073 0.000000 0.705807 0.339198 0.263758 0.613073 0.000000 0.700837 0.340520 0.247495 0.558882 0.000000 0.703396 0.339828 0.265731 0.592814 0.000000 
0.710827 0.337106 0.263758 0.613073 0.000000 0.709449 0.337814 0.263758 0.613073 0.000000 0.705807 0.339198 0.263758 0.613073 0.000000 0.700837 0.340520 0.247495 0.558882 0.000000 0.703396 0.339828 0.265731 0.592814 0.000000 0.697835 0.341120 0.229940 0.525111 0.000000 
0.709449 0.337814 0.263758 0.613073 0.000000 0.705807 0.339198 0.263758 0.613073 0.000000 0.700837 0.340520 0.247495 0.558882 0.000000 0.703396 0.339828 0.265731 0.592814 0.000000 0.697835 0.341120 0.229940 0.525111 0.000000 0.694414 0.341120 0.213291 0.471809 0.000000 
0.705807 0.339198 0.263758 0.613073 0.000000 0.700837 0.340520 0.247495 0.558882 0.000000 0.703396 0.339828 0.265731 0.592814 0.000000 0.697835 0.341120 0.229940 0.525111 0.000000 0.694414 0.341120 0.213291 0.471809 0.000000 0.690650 0.341120 0.195836 0.419160 0.000000 
0.700837 0.340520 0.247495 0.558882 0.000000 0.703396 0.339828 0.265731 0.592814 0.000000 0.697835 0.341120 0.229940 0.525111 0.000000 0.694414 0.341120 0.213291 0.471809 0.000000 0.690650 0.341120 0.195836 0.419160 0.000000 0.686491 0.341551 0.162877 0.353585 0.000000 
0.703396 0.339828 0.265731 0.592814 0.000000 0.697835 0.341120 0.229940 0.525111 0.000000 0.694414 0.341120 0.213291 0.471809 0.000000 0.690650 0.341120 0.195836 0.419160 0.000000 0.686491 0.341551 0.162877 0.353585 0.000000 0.682210 0.341551 0.141484 0.284134 0.000000 
0.697835 0.341120 0.229940 0.525111 0.000000 0.694414 0.341120 0.213291 0.471809 0.000000 0.690650 0.341120 0.195836 0.419160 0.000000 0.686491 0.341551 0.162877 0.353585 0.000000 0.682210 0.341551 0.141484 0.284134 0.000000 0.677830 0.341720 0.101065 0.223952 0.000000 
0.694414 0.341120 0.213291 0.471809 0.000000 0.690650 0.341120 0.195836 0.419160 0.000000 0.686491 0.341551 0.162877 0.353585 0.000000 0.682210 0.341551 0.141484 0.284134 0.000000 0.677830 0.341720 0.101065 0.223952 0.000000 0.673351 0.341935 0.085278 0.153014 0.000000 
0.690650 0.341120 0.195836 0.419160 0.000000 0.686491 0.341551 0.162877 0.353585 0.000000 0.682210 0.341551 0.141484 0.284134 0.000000 0.677830 0.341720 0.101065 0.223952 0.000000 0.673351 0.341935 0.085278 0.153014 0.000000 0.668553 0.341935 0.055685 0.108968 0.000000 
0.686491 0.341551 0.162877 0.353585 0.000000 0.682210 0.341551 0.141484 0.284134 0.000000 0.677830 0.341720 0.101065 0.223952 0.000000 0.673351 0.341935 0.085278 0.153014 0.000000 0.668553 0.341935 0.055685 0.108968 0.000000 0.663533 0.341428 0.031735 0.062225 0.000000 
0.682210 0.341551 0.141484 0.284134 0.000000 0.677830 0.341720 0.101065 0.223952 0.000000 0.673351 0.341935 0.085278 0.153014 0.000000 0.668553 0.341935 0.055685 0.108968 0.000000 0.663533 0.341428 0.031735 0.062225 0.000000 0.658218 0.340259 0.015852 0.031105 0.000000 
0.677830 0.341720 0.101065 0.223952 0.000000 0.673351 0.341935 0.085278 0.153014 0.000000 0.668553 0.341935 0.055685 0.108968 0.000000 0.663533 0.341428 0.031735 0.062225 0.000000 0.658218 0.340259 0.015852 0.031105 0.000000 0.652485 0.339152 0.000000 0.000000 0.000000 
0.673351 0.341935 0.085278 0.153014 0.000000 0.668553 0.341935 0.055685 0.108968 0.000000 0.663533 0.341428 0.031735 0.062225 0.000000 0.658218 0.340259 0.015852 0.031105 0.000000 0.652485 0.339152 0.000000 0.000000 0.000000 0.646432 0.337860 0.000000 0.000000 0.000000 
0.668553 0.341935 0.055685 0.108968 0.000000 0.663533 0.341428 0.031735 0.062225 0.000000 0.658218 0.340259 0.015852 0.031105 0.000000 0.652485 0.339152 0.000000 0.000000 0.000000 0.646432 0.337860 0.000000 0.000000 0.000000 0.639985 0.336430 -0.017453 0.000000 0.000000 
0.663533 0.341428 0.031735 0.062225 0.000000 0.658218 0.340259 0.015852 0.031105 0.000000 0.652485 0.339152 0.000000 0.000000 0.000000 0.646432 0.337860 0.000000 0.000000 0.000000 0.639985 0.336430 -0.017453 0.000000 0.000000 0.633514 0.334846 -0.017453 0.000000 0.000000 
0.658218 0.340259 0.015852 0.031105 0.000000 0.652485 0.339152 0.000000 0.000000 0.000000 0.646432 0.337860 0.000000 0.000000 0.000000 0.639985 0.336430 -0.017453 0.000000 0.000000 0.633514 0.334846 -0.017453 0.000000 0.000000 0.626895 0.333154 -0.017453 0.000000 0.000000 
0.582948 0.320328 0.402310 0.580051 0.325513 0.592224 0.321143 0.402310 0.580051 0.328446 0.601870 0.321989 0.398802 0.558401 0.339198 0.611786 0.322850 0.398802 0.558401 0.297165 0.621727 0.323773 0.407971 0.553025 0.332356 0.631644 0.324695 0.407971 0.553025 0.338221 
0.592224 0.321143 0.402310 0.580051 0.328446 0.601870 0.321989 0.398802 0.558401 0.339198 0.611786 0.322850 0.398802 0.558401 0.297165 0.621727 0.323773 0.407971 0.553025 0.332356 0.631644 0.324695 0.407971 0.553025 0.338221 0.641462 0.325618 0.407971 0.553025 0.362659 
0.601870 0.321989 0.398802 0.558401 0.339198 0.611786 0.322850 0.398802 0.558401 0.297165 0.621727 0.323773 0.407971 0.553025 0.332356 0.631644 0.324695 0.407971 0.553025 0.338221 0.641462 0.325618 0.407971 0.553025 0.362659 0.651107 0.326464 0.425761 0.541753 0.371457 
0.611786 0.322850 0.398802 0.558401 0.297165 0.621727 0.323773 0.407971 0.553025 0.332356 0.631644 0.324695 0.407971 0.553025 0.338221 0.641462 0.325618 0.407971 0.553025 0.362659 0.651107 0.326464 0.425761 0.541753 0.371457 0.660728 0.327325 0.425761 0.541753 0.372434 
0.621727 0.323773 0.407971 0.553025 0.332356 0.631644 0.324695 0.407971 0.553025 0.338221 0.641462 0.325618 0.407971 0.553025 0.362659 0.651107 0.326464 0.425761 0.541753 0.371457 0.660728 0.327325 0.425761 0.541753 0.372434 0.670030 0.328140 0.425761 0.541753 0.421310 
0.631644 0.324695 0.407971 0.553025 0.338221 0.641462 0.325618 0.407971 0.553025 0.362659 0.651107 0.326464 0.425761 0.541753 0.371457 0.660728 0.327325 0.425761 0.541753 0.372434 0.670030 0.328140 0.425761 0.541753 0.421310 0.678912 0.328894 0.420610 0.519971 0.406647 
0.641462 0.325618 0.407971 0.553025 0.362659 0.651107 0.326464 0.425761 0.541753 0.371457 0.660728 0.327325 0.425761 0.541753 0.372434 0.670030 0.328140 0.425761 0.541753 0.421310 0.678912 0.328894 0.420610 0.519971 0.406647 0.687155 0.329555 0.420610 0.519971 0.432063 
0.651107 0.326464 0.425761 0.541753 0.371457 0.660728 0.327325 0.425761 0.541753 0.372434 0.670030 0.328140 0.425761 0.541753 0.421310 0.678912 0.328894 0.420610 0.519971 0.406647 0.687155 0.329555 0.420610 0.519971 0.432063 0.694759 0.330109 0.442817 0.529780 0.444770 
0.660728 0.327325 0.425761 0.541753 0.372434 0.670030 0.328140 0.425761 0.541753 0.421310 0.678912 0.328894 0.420610 0.519971 0.406647 0.687155 0.329555 0.420610 0.519971 0.432063 0.694759 0.330109 0.442817 0.529780 0.444770 0.701821 0.330601 0.442817 0.529780 0.485826 
0.670030 0.328140 0.425761 0.541753 0.421310 0.678912 0.328894 0.420610 0.519971 0.406647 0.687155 0.329555 0.420610 0.519971 0.432063 0.694759 0.330109 0.442817 0.529780 0.444770 0.701821 0.330601 0.442817 0.529780 0.485826 0.718332 0.331678 0.436911 0.507869 0.522972 
0.678912 0.328894 0.420610 0.519971 0.406647 0.687155 0.329555 0.420610 0.519971 0.432063 0.694759 0.330109 0.442817 0.529780 0.444770 0.701821 0.330601 0.442817 0.529780 0.485826 0.718332 0.331678 0.436911 0.507869 0.522972 0.708095 0.331001 0.436911 0.507869 0.480938 
0.687155 0.329555 0.420610 0.519971 0.432063 0.694759 0.330109 0.442817 0.529780 0.444770 0.701821 0.330601 0.442817 0.529780 0.485826 0.718332 0.331678 0.436911 0.507869 0.522972 0.708095 0.331001 0.436911 0.507869 0.480938 0.713681 0.331401 0.436911 0.507869 0.501466 
0.694759 0.330109 0.442817 0.529780 0.444770 0.701821 0.330601 0.442817 0.529780 0.485826 0.718332 0.331678 0.436911 0.507869 0.522972 0.708095 0.331001 0.436911 0.507869 0.480938 0.713681 0.331401 0.436911 0.507869 0.501466 0.722047 0.331847 0.436911 0.507869 0.529814 
0.701821 0.330601 0.442817 0.529780 0.485826 0.718332 0.331678 0.436911 0.507869 0.522972 0.708095 0.331001 0.436911 0.507869 0.480938 0.713681 0.331401 0.436911 0.507869 0.501466 0.722047 0.331847 0.436911 0.507869 0.529814 0.724951 0.331985 0.436911 0.507869 0.546432 
0.718332 0.331678 0.436911 0.507869 0.522972 0.708095 0.331001 0.436911 0.507869 0.480938 0.713681 0.331401 0.436911 0.507869 0.501466 0.722047 0.331847 0.436911 0.507869 0.529814 0.724951 0.331985 0.436911 0.507869 0.546432 0.727116 0.332093 0.436911 0.507869 0.567937 
0.708095 0.331001 0.436911 0.507869 0.480938 0.713681 0.331401 0.436911 0.507869 0.501466 0.722047 0.331847 0.436911 0.507869 0.529814 0.724951 0.331985 0.436911 0.507869 0.546432 0.727116 0.332093 0.436911 0.507869 0.567937 0.728716 0.332139 0.436911 0.507869 0.560117 
0.713681 0.331401 0.436911 0.507869 0.501466 0.722047 0.331847 0.436911 0.507869 0.529814 0.724951 0.331985 0.436911 0.507869 0.546432 0.727116 0.332093 0.436911 0.507869 0.567937 0.728716 0.332139 0.436911 0.507869 0.560117 0.730266 0.332170 0.436911 0.507869 0.587488 
0.722047 0.331847 0.436911 0.507869 0.529814 0.724951 0.331985 0.436911 0.507869 0.546432 0.727116 0.332093 0.436911 0.507869 0.567937 0.728716 0.332139 0.436911 0.507869 0.560117 0.730266 0.332170 0.436911 0.507869 0.587488 0.729724 0.332170 0.436911 0.507869 0.573803 
0.724951 0.331985 0.436911 0.507869 0.546432 0.727116 0.332093 0.436911 0.507869 0.567937 0.728716 0.332139 0.436911 0.507869 0.560117 0.730266 0.332170 0.436911 0.507869 0.587488 0.729724 0.332170 0.436911 0.507869 0.573803 0.730487 0.332170 0.415055 0.498351 0.612903 
0.727116 0.332093 0.436911 0.507869 0.567937 0.728716 0.332139 0.436911 0.507869 0.560117 0.730266 0.332170 0.436911 0.507869 0.587488 0.729724 0.332170 0.436911 0.507869 0.573803 0.730487 0.332170 0.415055 0.498351 0.612903 0.730487 0.332185 0.415055 0.498351 0.702835 
0.728716 0.332139 0.436911 0.507869 0.560117 0.730266 0.332170 0.436911 0.507869 0.587488 0.729724 0.332170 0.436911 0.507869 0.573803 0.730487 0.332170 0.415055 0.498351 0.612903 0.730487 0.332185 0.415055 0.498351 0.702835 0.730118 0.332200 0.415055 0.498351 0.725318 
0.730266 0.332170 0.436911 0.507869 0.587488 0.729724 0.332170 0.436911 0.507869 0.573803 0.730487 0.332170 0.415055 0.498351 0.612903 0.730487 0.332185 0.415055 0.498351 0.702835 0.730118 0.332200 0.415055 0.498351 0.725318 0.729626 0.332231 0.422924 0.492334 0.731183 
0.729724 0.332170 0.436911 0.507869 0.573803 0.730487 0.332170 0.415055 0.498351 0.612903 0.730487 0.332185 0.415055 0.498351 0.702835 0.730118 0.332200 0.415055 0.498351 0.725318 0.729626 0.332231 0.422924 0.492334 0.731183 0.729035 0.332277 0.422924 0.492334 0.731183 
0.730487 0.332170 0.415055 0.498351 0.612903 0.730487 0.332185 0.415055 0.498351 0.702835 0.730118 0.332200 0.415055 0.498351 0.725318 0.729626 0.332231 0.422924 0.492334 0.731183 0.729035 0.332277 0.422924 0.492334 0.731183 0.728322 0.332323 0.422924 0.492334 0.720430 
0.730487 0.332185 0.415055 0.498351 0.702835 0.730118 0.332200 0.415055 0.498351 0.725318 0.729626 0.332231 0.422924 0.492334 0.731183 0.729035 0.332277 0.422924 0.492334 0.731183 0.728322 0.332323 0.422924 0.492334 0.720430 0.727485 0.332370 0.422924 0.492334 0.700880 
0.730118 0.332200 0.415055 0.498351 0.725318 0.729626 0.332231 0.422924 0.492334 0.731183 0.729035 0.332277 0.422924 0.492334 0.731183 0.728322 0.332323 0.422924 0.492334 0.720430 0.727485 0.332370 0.422924 0.492334 0.700880 0.726378 0.332431 0.422924 0.492334 0.665689 
0.729626 0.332231 0.422924 0.492334 0.731183 0.729035 0.332277 0.422924 0.492334 0.731183 0.728322 0.332323 0.422924 0.492334 0.720430 0.727485 0.332370 0.422924 0.492334 0.700880 0.726378 0.332431 0.422924 0.492334 0.665689 0.725049 0.332508 0.422924 0.492334 0.628543 
0.729035 0.332277 0.422924 0.492334 0.731183 0.728322 0.332323 0.422924 0.492334 0.720430 0.727485 0.332370 0.422924 0.492334 0.700880 0.726378 0.332431 0.422924 0.492334 0.665689 0.725049 0.332508 0.422924 0.492334 0.628543 0.723450 0.332646 0.401432 0.482813 0.544477 
0.728322 0.332323 0.422924 0.492334 0.720430 0.727485 0.332370 0.422924 0.492334 0.700880 0.726378 0.332431 0.422924 0.492334 0.665689 0.725049 0.332508 0.422924 0.492334 0.628543 0.723450 0.332646 0.401432 0.482813 0.544477 0.721506 0.332877 0.401432 0.482813 0.428153 
0.727485 0.332370 0.422924 0.492334 0.700880 0.726378 0.332431 0.422924 0.492334 0.665689 0.725049 0.332508 0.422924 0.492334 0.628543 0.723450 0.332646 0.401432 0.482813 0.544477 0.721506 0.332877 0.401432 0.482813 0.428153 0.719193 0.333246 0.401432 0.482813 0.281525 
0.726378 0.332431 0.422924 0.492334 0.665689 0.725049 0.332508 0.422924 0.492334 0.628543 0.723450 0.332646 0.401432 0.482813 0.544477 0.721506 0.332877 0.401432 0.482813 0.428153 0.719193 0.333246 0.401432 0.482813 0.281525 0.713164 0.334477 0.401432 0.482813 0.000000 
0.725049 0.332508 0.422924 0.492334 0.628543 0.723450 0.332646 0.401432 0.482813 0.544477 0.721506 0.332877 0.401432 0.482813 0.428153 0.719193 0.333246 0.401432 0.482813 0.281525 0.713164 0.334477 0.401432 0.482813 0.000000 0.709400 0.335353 0.401432 0.482813 0.000000 
0.723450 0.332646 0.401432 0.482813 0.544477 0.721506 0.332877 0.401432 0.482813 0.428153 0.719193 0.333246 0.401432 0.482813 0.281525 0.713164 0.334477 0.401432 0.482813 0.000000 0.709400 0.335353 0.401432 0.482813 0.000000 0.700492 0.337752 0.377456 0.499527 0.000000 
0.721506 0.332877 0.401432 0.482813 0.428153 0.719193 0.333246 0.401432 0.482813 0.281525 0.713164 0.334477 0.401432 0.482813 0.000000 0.709400 0.335353 0.401432 0.482813 0.000000 0.700492 0.337752 0.377456 0.499527 0.000000 0.705167 0.336445 0.398814 0.509887 0.000000 
0.719193 0.333246 0.401432 0.482813 0.281525 0.713164 0.334477 0.401432 0.482813 0.000000 0.709400 0.335353 0.401432 0.482813 0.000000 0.700492 0.337752 0.377456 0.499527 0.000000 0.705167 0.336445 0.398814 0.509887 0.000000 0.695325 0.339290 0.385607 0.494116 0.000000 
0.713164 0.334477 0.401432 0.482813 0.000000 0.709400 0.335353 0.401432 0.482813 0.000000 0.700492 0.337752 0.377456 0.499527 0.000000 0.705167 0.336445 0.398814 0.509887 0.000000 0.695325 0.339290 0.385607 0.494116 0.000000 0.689690 0.341089 0.364642 0.483746 0.000000 
0.709400 0.335353 0.401432 0.482813 0.000000 0.700492 0.337752 0.377456 0.499527 0.000000 0.705167 0.336445 0.398814 0.509887 0.000000 0.695325 0.339290 0.385607 0.494116 0.000000 0.689690 0.341089 0.364642 0.483746 0.000000 0.683760 0.343043 0.351993 0.468062 0.000000 
0.700492 0.337752 0.377456 0.499527 0.000000 0.705167 0.336445 0.398814 0.509887 0.000000 0.695325 0.339290 0.385607 0.494116 0.000000 0.689690 0.341089 0.364642 0.483746 0.000000 0.683760 0.343043 0.351993 0.468062 0.000000 0.677485 0.345119 0.327163 0.436972 0.000000 
0.705167 0.336445 0.398814 0.509887 0.000000 0.695325 0.339290 0.385607 0.494116 0.000000 0.689690 0.341089 0.364642 0.483746 0.000000 0.683760 0.343043 0.351993 0.468062 0.000000 0.677485 0.345119 0.327163 0.436972 0.000000 0.670768 0.347287 0.302913 0.406235 0.000000 
0.695325 0.339290 0.385607 0.494116 0.000000 0.689690 0.341089 0.364642 0.483746 0.000000 0.683760 0.343043 0.351993 0.468062 0.000000 0.677485 0.345119 0.327163 0.436972 0.000000 0.670768 0.347287 0.302913 0.406235 0.000000 0.663435 0.349579 0.261346 0.364873 0.000000 
0.689690 0.341089 0.364642 0.483746 0.000000 0.683760 0.343043 0.351993 0.468062 0.000000 0.677485 0.345119 0.327163 0.436972 0.000000 0.670768 0.347287 0.302913 0.406235 0.000000 0.663435 0.349579 0.261346 0.364873 0.000000 0.655586 0.351947 0.227720 0.319612 0.000000 
0.683760 0.343043 0.351993 0.468062 0.000000 0.677485 0.345119 0.327163 0.436972 0.000000 0.670768 0.347287 0.302913 0.406235 0.000000 0.663435 0.349579 0.261346 0.364873 0.000000 0.655586 0.351947 0.227720 0.319612 0.000000 0.647269 0.354484 0.188711 0.257050 0.000000 
0.677485 0.345119 0.327163 0.436972 0.000000 0.670768 0.347287 0.302913 0.406235 0.000000 0.663435 0.349579 0.261346 0.364873 0.000000 0.655586 0.351947 0.227720 0.319612 0.000000 0.647269 0.354484 0.188711 0.257050 0.000000 0.638730 0.357222 0.159880 0.210814 0.000000 
0.638583 0.401682 0.052517 0.644600 0.711632 0.638583 0.401129 0.052517 0.644600 0.720430 0.638583 0.400591 0.039418 0.645113 0.717498 0.638583 0.400037 0.039418 0.645113 0.721408 0.638583 0.399499 0.039418 0.645113 0.715542 0.638583 0.398960 0.039418 0.645113 0.715542 
0.638583 0.401129 0.052517 0.644600 0.720430 0.638583 0.400591 0.039418 0.645113 0.717498 0.638583 0.400037 0.039418 0.645113 0.721408 0.638583 0.399499 0.039418 0.645113 0.715542 0.638583 0.398960 0.039418 0.645113 0.715542 0.638583 0.398453 0.039418 0.645113 0.718475 
0.638583 0.400591 0.039418 0.645113 0.717498 0.638583 0.400037 0.039418 0.645113 0.721408 0.638583 0.399499 0.039418 0.645113 0.715542 0.638583 0.398960 0.039418 0.645113 0.715542 0.638583 0.398453 0.039418 0.645113 0.718475 0.638583 0.397930 0.039418 0.645113 0.715542 
0.638583 0.400037 0.039418 0.645113 0.721408 0.638583 0.399499 0.039418 0.645113 0.715542 0.638583 0.398960 0.039418 0.645113 0.715542 0.638583 0.398453 0.039418 0.645113 0.718475 0.638583 0.397930 0.039418 0.645113 0.715542 0.638583 0.397407 0.039418 0.645113 0.719453 
0.638583 0.399499 0.039418 0.645113 0.715542 0.638583 0.398960 0.039418 0.645113 0.715542 0.638583 0.398453 0.039418 0.645113 0.718475 0.638583 0.397930 0.039418 0.645113 0.715542 0.638583 0.397407 0.039418 0.645113 0.719453 0.638583 0.396853 0.039418 0.645113 0.715542 
0.638583 0.398960 0.039418 0.645113 0.715542 0.638583 0.398453 0.039418 0.645113 0.718475 0.638583 0.397930 0.039418 0.645113 0.715542 0.638583 0.397407 0.039418 0.645113 0.719453 0.638583 0.396853 0.039418 0.645113 0.715542 0.638558 0.396238 0.039418 0.645113 0.719453 
0.638583 0.398453 0.039418 0.645113 0.718475 0.638583 0.397930 0.039418 0.645113 0.715542 0.638583 0.397407 0.039418 0.645113 0.719453 0.638583 0.396853 0.039418 0.645113 0.715542 0.638558 0.396238 0.039418 0.645113 0.719453 0.638484 0.395654 0.039418 0.645113 0.713587 
0.638583 0.397930 0.039418 0.645113 0.715542 0.638583 0.397407 0.039418 0.645113 0.719453 0.638583 0.396853 0.039418 0.645113 0.715542 0.638558 0.396238 0.039418 0.645113 0.719453 0.638484 0.395654 0.039418 0.645113 0.713587 0.638435 0.395085 0.039418 0.645113 0.716520 
0.638583 0.397407 0.039418 0.645113 0.719453 0.638583 0.396853 0.039418 0.645113 0.715542 0.638558 0.396238 0.039418 0.645113 0.719453 0.638484 0.395654 0.039418 0.645113 0.713587 0.638435 0.395085 0.039418 0.645113 0.716520 0.638361 0.394516 0.039418 0.645113 0.717498 
0.638583 0.396853 0.039418 0.645113 0.715542 0.638558 0.396238 0.039418 0.645113 0.719453 0.638484 0.395654 0.039418 0.645113 0.713587 0.638435 0.395085 0.039418 0.645113 0.716520 0.638361 0.394516 0.039418 0.645113 0.717498 0.638361 0.393947 0.039418 0.645113 0.721408 
0.638558 0.396238 0.039418 0.645113 0.719453 0.638484 0.395654 0.039418 0.645113 0.713587 0.638435 0.395085 0.039418 0.645113 0.716520 0.638361 0.394516 0.039418 0.645113 0.717498 0.638361 0.393947 0.039418 0.645113 0.721408 0.638361 0.392163 0.039418 0.645113 0.718475 
0.638484 0.395654 0.039418 0.645113 0.713587 0.638435 0.395085 0.039418 0.645113 0.716520 0.638361 0.394516 0.039418 0.645113 0.717498 0.638361 0.393947 0.039418 0.645113 0.721408 0.638361 0.392163 0.039418 0.645113 0.718475 0.638361 0.393362 0.039418 0.645113 0.721408 
0.638435 0.395085 0.039418 0.645113 0.716520 0.638361 0.394516 0.039418 0.645113 0.717498 0.638361 0.393947 0.039418 0.645113 0.721408 0.638361 0.392163 0.039418 0.645113 0.718475 0.638361 0.393362 0.039418 0.645113 0.721408 0.638361 0.392747 0.039418 0.645113 0.724340 
0.638361 0.394516 0.039418 0.645113 0.717498 0.638361 0.393947 0.039418 0.645113 0.721408 0.638361 0.392163 0.039418 0.645113 0.718475 0.638361 0.393362 0.039418 0.645113 0.721408 0.638361 0.392747 0.039418 0.645113 0.724340 0.638361 0.391625 0.039418 0.645113 0.719453 
0.638361 0.393947 0.039418 0.645113 0.721408 0.638361 0.392163 0.039418 0.645113 0.718475 0.638361 0.393362 0.039418 0.645113 0.721408 0.638361 0.392747 0.039418 0.645113 0.724340 0.638361 0.391625 0.039418 0.645113 0.719453 0.638361 0.390471 0.052517 0.644600 0.722385 
0.638361 0.392163 0.039418 0.645113 0.718475 0.638361 0.393362 0.039418 0.645113 0.721408 0.638361 0.392747 0.039418 0.645113 0.724340 0.638361 0.391625 0.039418 0.645113 0.719453 0.638361 0.390471 0.052517 0.644600 0.722385 0.638361 0.391086 0.039418 0.645113 0.718475 
0.638361 0.393362 0.039418 0.645113 0.721408 0.638361 0.392747 0.039418 0.645113 0.724340 0.638361 0.391625 0.039418 0.645113 0.719453 0.638361 0.390471 0.052517 0.644600 0.722385 0.638361 0.391086 0.039418 0.645113 0.718475 0.638361 0.389810 0.052517 0.644600 0.714565 
0.638361 0.392747 0.039418 0.645113 0.724340 0.638361 0.391625 0.039418 0.645113 0.719453 0.638361 0.390471 0.052517 0.644600 0.722385 0.638361 0.391086 0.039418 0.645113 0.718475 0.638361 0.389810 0.052517 0.644600 0.714565 0.638361 0.389118 0.052517 0.644600 0.717498 
0.638361 0.391625 0.039418 0.645113 0.719453 0.638361 0.390471 0.052517 0.644600 0.722385 0.638361 0.391086 0.039418 0.645113 0.718475 0.638361 0.389810 0.052517 0.644600 0.714565 0.638361 0.389118 0.052517 0.644600 0.717498 0.638361 0.388426 0.052517 0.644600 0.712610 
0.638361 0.390471 0.052517 0.644600 0.722385 0.638361 0.391086 0.039418 0.645113 0.718475 0.638361 0.389810 0.052517 0.644600 0.714565 0.638361 0.389118 0.052517 0.644600 0.717498 0.638361 0.388426 0.052517 0.644600 0.712610 0.638361 0.387764 0.052517 0.644600 0.713587 
0.638361 0.391086 0.039418 0.645113 0.718475 0.638361 0.389810 0.052517 0.644600 0.714565 0.638361 0.389118 0.052517 0.644600 0.717498 0.638361 0.388426 0.052517 0.644600 0.712610 0.638361 0.387764 0.052517 0.644600 0.713587 0.638361 0.387072 0.052517 0.644600 0.717498 
0.638361 0.389810 0.052517 0.644600 0.714565 0.638361 0.389118 0.052517 0.644600 0.717498 0.638361 0.388426 0.052517 0.644600 0.712610 0.638361 0.387764 0.052517 0.644600 0.713587 0.638361 0.387072 0.052517 0.644600 0.717498 0.638361 0.386411 0.052517 0.644600 0.710655 
0.638361 0.389118 0.052517 0.644600 0.717498 0.638361 0.388426 0.052517 0.644600 0.712610 0.638361 0.387764 0.052517 0.644600 0.713587 0.638361 0.387072 0.052517 0.644600 0.717498 0.638361 0.386411 0.052517 0.644600 0.710655 0.638361 0.385796 0.052517 0.644600 0.716520 
0.638361 0.388426 0.052517 0.644600 0.712610 0.638361 0.387764 0.052517 0.644600 0.713587 0.638361 0.387072 0.052517 0.644600 0.717498 0.638361 0.386411 0.052517 0.644600 0.710655 0.638361 0.385796 0.052517 0.644600 0.716520 0.638386 0.385258 0.052517 0.644600 0.715542 
0.638361 0.387764 0.052517 0.644600 0.713587 0.638361 0.387072 0.052517 0.644600 0.717498 0.638361 0.386411 0.052517 0.644600 0.710655 0.638361 0.385796 0.052517 0.644600 0.716520 0.638386 0.385258 0.052517 0.644600 0.715542 0.638410 0.384750 0.052517 0.644600 0.713587 
0.638361 0.387072 0.052517 0.644600 0.717498 0.638361 0.386411 0.052517 0.644600 0.710655 0.638361 0.385796 0.052517 0.644600 0.716520 0.638386 0.385258 0.052517 0.644600 0.715542 0.638410 0.384750 0.052517 0.644600 0.713587 0.638484 0.384320 0.050638 0.627159 0.715542 
0.638361 0.386411 0.052517 0.644600 0.710655 0.638361 0.385796 0.052517 0.644600 0.716520 0.638386 0.385258 0.052517 0.644600 0.715542 0.638410 0.384750 0.052517 0.644600 0.713587 0.638484 0.384320 0.050638 0.627159 0.715542 0.638484 0.383920 0.050638 0.627159 0.720430 
0.638361 0.385796 0.052517 0.644600 0.716520 0.638386 0.385258 0.052517 0.644600 0.715542 0.638410 0.384750 0.052517 0.644600 0.713587 0.638484 0.384320 0.050638 0.627159 0.715542 0.638484 0.383920 0.050638 0.627159 0.720430 0.638484 0.383535 0.050638 0.627159 0.720430 
0.638386 0.385258 0.052517 0.644600 0.715542 0.638410 0.384750 0.052517 0.644600 0.713587 0.638484 0.384320 0.050638 0.627159 0.715542 0.638484 0.383920 0.050638 0.627159 0.720430 0.638484 0.383535 0.050638 0.627159 0.720430 0.638484 0.383212 0.050638 0.627159 0.720430 
0.638410 0.384750 0.052517 0.644600 0.713587 0.638484 0.384320 0.050638 0.627159 0.715542 0.638484 0.383920 0.050638 0.627159 0.720430 0.638484 0.383535 0.050638 0.627159 0.720430 0.638484 0.383212 0.050638 0.627159 0.720430 0.638484 0.382936 0.050638 0.627159 0.720430 
0.638484 0.384320 0.050638 0.627159 0.715542 0.638484 0.383920 0.050638 0.627159 0.720430 0.638484 0.383535 0.050638 0.627159 0.720430 0.638484 0.383212 0.050638 0.627159 0.720430 0.638484 0.382936 0.050638 0.627159 0.720430 0.638484 0.382674 0.050638 0.627159 0.722385 
0.638484 0.383920 0.050638 0.627159 0.720430 0.638484 0.383535 0.050638 0.627159 0.720430 0.638484 0.383212 0.050638 0.627159 0.720430 0.638484 0.382936 0.050638 0.627159 0.720430 0.638484 0.382674 0.050638 0.627159 0.722385 0.638484 0.382428 0.050638 0.627159 0.725318 
0.638484 0.383535 0.050638 0.627159 0.720430 0.638484 0.383212 0.050638 0.627159 0.720430 0.638484 0.382936 0.050638 0.627159 0.720430 0.638484 0.382674 0.050638 0.627159 0.722385 0.638484 0.382428 0.050638 0.627159 0.725318 0.638484 0.382228 0.050638 0.627159 0.726295 
0.638484 0.383212 0.050638 0.627159 0.720430 0.638484 0.382936 0.050638 0.627159 0.720430 0.638484 0.382674 0.050638 0.627159 0.722385 0.638484 0.382428 0.050638 0.627159 0.725318 0.638484 0.382228 0.050638 0.627159 0.726295 0.638484 0.382090 0.050638 0.627159 0.729228 
0.638484 0.382936 0.050638 0.627159 0.720430 0.638484 0.382674 0.050638 0.627159 0.722385 0.638484 0.382428 0.050638 0.627159 0.725318 0.638484 0.382228 0.050638 0.627159 0.726295 0.638484 0.382090 0.050638 0.627159 0.729228 0.638484 0.381982 0.050638 0.627159 0.729228 
0.638484 0.382674 0.050638 0.627159 0.722385 0.638484 0.382428 0.050638 0.627159 0.725318 0.638484 0.382228 0.050638 0.627159 0.726295 0.638484 0.382090 0.050638 0.627159 0.729228 0.638484 0.381982 0.050638 0.627159 0.729228 0.638484 0.381905 0.050638 0.627159 0.726295 
0.638484 0.382428 0.050638 0.627159 0.725318 0.638484 0.382228 0.050638 0.627159 0.726295 0.638484 0.382090 0.050638 0.627159 0.729228 0.638484 0.381982 0.050638 0.627159 0.729228 0.638484 0.381905 0.050638 0.627159 0.726295 0.638484 0.381797 0.050638 0.627159 0.727273 
0.638484 0.382228 0.050638 0.627159 0.726295 0.638484 0.382090 0.050638 0.627159 0.729228 0.638484 0.381982 0.050638 0.627159 0.729228 0.638484 0.381905 0.050638 0.627159 0.726295 0.638484 0.381797 0.050638 0.627159 0.727273 0.638484 0.381674 0.050638 0.627159 0.727273 
0.638484 0.382090 0.050638 0.627159 0.729228 0.638484 0.381982 0.050638 0.627159 0.729228 0.638484 0.381905 0.050638 0.627159 0.726295 0.638484 0.381797 0.050638 0.627159 0.727273 0.638484 0.381674 0.050638 0.627159 0.727273 0.638484 0.381536 0.050638 0.627159 0.729228 
0.638484 0.381982 0.050638 0.627159 0.729228 0.638484 0.381905 0.050638 0.627159 0.726295 0.638484 0.381797 0.050638 0.627159 0.727273 0.638484 0.381674 0.050638 0.627159 0.727273 0.638484 0.381536 0.050638 0.627159 0.729228 0.638484 0.381398 0.050638 0.627159 0.727273 
0.638484 0.381905 0.050638 0.627159 0.726295 0.638484 0.381797 0.050638 0.627159 0.727273 0.638484 0.381674 0.050638 0.627159 0.727273 0.638484 0.381536 0.050638 0.627159 0.729228 0.638484 0.381398 0.050638 0.627159 0.727273 0.638484 0.381244 0.050638 0.627159 0.729228 
0.638484 0.381797 0.050638 0.627159 0.727273 0.638484 0.381674 0.050638 0.627159 0.727273 0.638484 0.381536 0.050638 0.627159 0.729228 0.638484 0.381398 0.050638 0.627159 0.727273 0.638484 0.381244 0.050638 0.627159 0.729228 0.638583 0.380721 0.038006 0.627667 0.725318 
0.638484 0.381674 0.050638 0.627159 0.727273 0.638484 0.381536 0.050638 0.627159 0.729228 0.638484 0.381398 0.050638 0.627159 0.727273 0.638484 0.381244 0.050638 0.627159 0.729228 0.638583 0.380721 0.038006 0.627667 0.725318 0.638484 0.381075 0.050638 0.627159 0.726295 
0.638484 0.381536 0.050638 0.627159 0.729228 0.638484 0.381398 0.050638 0.627159 0.727273 0.638484 0.381244 0.050638 0.627159 0.729228 0.638583 0.380721 0.038006 0.627667 0.725318 0.638484 0.381075 0.050638 0.627159 0.726295 0.638509 0.380890 0.038006 0.627667 0.726295 
0.638484 0.381398 0.050638 0.627159 0.727273 0.638484 0.381244 0.050638 0.627159 0.729228 0.638583 0.380721 0.038006 0.627667 0.725318 0.638484 0.381075 0.050638 0.627159 0.726295 0.638509 0.380890 0.038006 0.627667 0.726295 0.638607 0.380567 0.038006 0.627667 0.723363 
0.638484 0.381244 0.050638 0.627159 0.729228 0.638583 0.380721 0.038006 0.627667 0.725318 0.638484 0.381075 0.050638 0.627159 0.726295 0.638509 0.380890 0.038006 0.627667 0.726295 0.638607 0.380567 0.038006 0.627667 0.723363 0.638632 0.380444 0.038006 0.627667 0.720430 
0.638583 0.380721 0.038006 0.627667 0.725318 0.638484 0.381075 0.050638 0.627159 0.726295 0.638509 0.380890 0.038006 0.627667 0.726295 0.638607 0.380567 0.038006 0.627667 0.723363 0.638632 0.380444 0.038006 0.627667 0.720430 0.638681 0.380321 0.038006 0.627667 0.719453 
0.638484 0.381075 0.050638 0.627159 0.726295 0.638509 0.380890 0.038006 0.627667 0.726295 0.638607 0.380567 0.038006 0.627667 0.723363 0.638632 0.380444 0.038006 0.627667 0.720430 0.638681 0.380321 0.038006 0.627667 0.719453 0.638706 0.380198 0.039418 0.645113 0.717498 
0.638509 0.380890 0.038006 0.627667 0.726295 0.638607 0.380567 0.038006 0.627667 0.723363 0.638632 0.380444 0.038006 0.627667 0.720430 0.638681 0.380321 0.038006 0.627667 0.719453 0.638706 0.380198 0.039418 0.645113 0.717498 0.638730 0.380075 0.039418 0.645113 0.717498 
0.638607 0.380567 0.038006 0.627667 0.723363 0.638632 0.380444 0.038006 0.627667 0.720430 0.638681 0.380321 0.038006 0.627667 0.719453 0.638706 0.380198 0.039418 0.645113 0.717498 0.638730 0.380075 0.039418 0.645113 0.717498 0.638755 0.379952 0.039418 0.645113 0.714565 
0.638632 0.380444 0.038006 0.627667 0.720430 0.638681 0.380321 0.038006 0.627667 0.719453 0.638706 0.380198 0.039418 0.645113 0.717498 0.638730 0.380075 0.039418 0.645113 0.717498 0.638755 0.379952 0.039418 0.645113 0.714565 0.638755 0.379814 0.052517 0.644600 0.712610 
0.638681 0.380321 0.038006 0.627667 0.719453 0.638706 0.380198 0.039418 0.645113 0.717498 0.638730 0.380075 0.039418 0.645113 0.717498 0.638755 0.379952 0.039418 0.645113 0.714565 0.638755 0.379814 0.052517 0.644600 0.712610 0.638804 0.379675 0.052517 0.644600 0.711632 
0.638706 0.380198 0.039418 0.645113 0.717498 0.638730 0.380075 0.039418 0.645113 0.717498 0.638755 0.379952 0.039418 0.645113 0.714565 0.638755 0.379814 0.052517 0.644600 0.712610 0.638804 0.379675 0.052517 0.644600 0.711632 0.638829 0.379521 0.050638 0.627159 0.709677 
0.638730 0.380075 0.039418 0.645113 0.717498 0.638755 0.379952 0.039418 0.645113 0.714565 0.638755 0.379814 0.052517 0.644600 0.712610 0.638804 0.379675 0.052517 0.644600 0.711632 0.638829 0.379521 0.050638 0.627159 0.709677 0.638903 0.379368 0.050638 0.627159 0.708700 
0.638755 0.379952 0.039418 0.645113 0.714565 0.638755 0.379814 0.052517 0.644600 0.712610 0.638804 0.379675 0.052517 0.644600 0.711632 0.638829 0.379521 0.050638 0.627159 0.709677 0.638903 0.379368 0.050638 0.627159 0.708700 0.638952 0.379229 0.050638 0.627159 0.705767 
0.638755 0.379814 0.052517 0.644600 0.712610 0.638804 0.379675 0.052517 0.644600 0.711632 0.638829 0.379521 0.050638 0.627159 0.709677 0.638903 0.379368 0.050638 0.627159 0.708700 0.638952 0.379229 0.050638 0.627159 0.705767 0.638976 0.379122 0.050638 0.627159 0.692082 
0.638804 0.379675 0.052517 0.644600 0.711632 0.638829 0.379521 0.050638 0.627159 0.709677 0.638903 0.379368 0.050638 0.627159 0.708700 0.638952 0.379229 0.050638 0.627159 0.705767 0.638976 0.379122 0.050638 0.627159 0.692082 0.639026 0.379014 0.038006 0.627667 0.668622 
0.638829 0.379521 0.050638 0.627159 0.709677 0.638903 0.379368 0.050638 0.627159 0.708700 0.638952 0.379229 0.050638 0.627159 0.705767 0.638976 0.379122 0.050638 0.627159 0.692082 0.639026 0.379014 0.038006 0.627667 0.668622 0.639075 0.378952 0.038006 0.627667 0.640274 
0.638903 0.379368 0.050638 0.627159 0.708700 0.638952 0.379229 0.050638 0.627159 0.705767 0.638976 0.379122 0.050638 0.627159 0.692082 0.639026 0.379014 0.038006 0.627667 0.668622 0.639075 0.378952 0.038006 0.627667 0.640274 0.639124 0.378952 0.038006 0.627667 0.596285 
0.638952 0.379229 0.050638 0.627159 0.705767 0.638976 0.379122 0.050638 0.627159 0.692082 0.639026 0.379014 0.038006 0.627667 0.668622 0.639075 0.378952 0.038006 0.627667 0.640274 0.639124 0.378952 0.038006 0.627667 0.596285 0.639124 0.379152 0.038006 0.627667 0.440860 
0.638976 0.379122 0.050638 0.627159 0.692082 0.639026 0.379014 0.038006 0.627667 0.668622 0.639075 0.378952 0.038006 0.627667 0.640274 0.639124 0.378952 0.038006 0.627667 0.596285 0.639124 0.379152 0.038006 0.627667 0.440860 0.639124 0.379598 0.038006 0.627667 0.304008 
0.639026 0.379014 0.038006 0.627667 0.668622 0.639075 0.378952 0.038006 0.627667 0.640274 0.639124 0.378952 0.038006 0.627667 0.596285 0.639124 0.379152 0.038006 0.627667 0.440860 0.639124 0.379598 0.038006 0.627667 0.304008 0.638878 0.380167 0.038006 0.627667 0.081134 
0.639075 0.378952 0.038006 0.627667 0.640274 0.639124 0.378952 0.038006 0.627667 0.596285 0.639124 0.379152 0.038006 0.627667 0.440860 0.639124 0.379598 0.038006 0.627667 0.304008 0.638878 0.380167 0.038006 0.627667 0.081134 0.637451 0.381674 0.039418 0.645113 0.000000 
0.639124 0.378952 0.038006 0.627667 0.596285 0.639124 0.379152 0.038006 0.627667 0.440860 0.639124 0.379598 0.038006 0.627667 0.304008 0.638878 0.380167 0.038006 0.627667 0.081134 0.637451 0.381674 0.039418 0.645113 0.000000 0.636491 0.382689 0.040867 0.662560 0.000000 
0.639124 0.379152 0.038006 0.627667 0.440860 0.639124 0.379598 0.038006 0.627667 0.304008 0.638878 0.380167 0.038006 0.627667 0.081134 0.637451 0.381674 0.039418 0.645113 0.000000 0.636491 0.382689 0.040867 0.662560 0.000000 0.635384 0.383797 0.040867 0.662560 0.000000 
0.639124 0.379598 0.038006 0.627667 0.304008 0.638878 0.380167 0.038006 0.627667 0.081134 0.637451 0.381674 0.039418 0.645113 0.000000 0.636491 0.382689 0.040867 0.662560 0.000000 0.635384 0.383797 0.040867 0.662560 0.000000 0.634104 0.384950 0.040867 0.662560 0.000000 
0.638878 0.380167 0.038006 0.627667 0.081134 0.637451 0.381674 0.039418 0.645113 0.000000 0.636491 0.382689 0.040867 0.662560 0.000000 0.635384 0.383797 0.040867 0.662560 0.000000 0.634104 0.384950 0.040867 0.662560 0.000000 0.632825 0.386088 0.040867 0.662560 0.000000 
0.637451 0.381674 0.039418 0.645113 0.000000 0.636491 0.382689 0.040867 0.662560 0.000000 0.635384 0.383797 0.040867 0.662560 0.000000 0.634104 0.384950 0.040867 0.662560 0.000000 0.632825 0.386088 0.040867 0.662560 0.000000 0.631668 0.387211 0.013151 0.645699 0.000000 
0.636491 0.382689 0.040867 0.662560 0.000000 0.635384 0.383797 0.040867 0.662560 0.000000 0.634104 0.384950 0.040867 0.662560 0.000000 0.632825 0.386088 0.040867 0.662560 0.000000 0.631668 0.387211 0.013151 0.645699 0.000000 0.631668 0.388287 0.012679 0.628246 0.000000 
0.635384 0.383797 0.040867 0.662560 0.000000 0.634104 0.384950 0.040867 0.662560 0.000000 0.632825 0.386088 0.040867 0.662560 0.000000 0.631668 0.387211 0.013151 0.645699 0.000000 0.631668 0.388287 0.012679 0.628246 0.000000 0.630635 0.389287 0.011771 0.593341 0.000000 
0.634104 0.384950 0.040867 0.662560 0.000000 0.632825 0.386088 0.040867 0.662560 0.000000 0.631668 0.387211 0.013151 0.645699 0.000000 0.631668 0.388287 0.012679 0.628246 0.000000 0.630635 0.389287 0.011771 0.593341 0.000000 0.629995 0.390902 0.000000 0.418879 0.000000 
0.632825 0.386088 0.040867 0.662560 0.000000 0.631668 0.387211 0.013151 0.645699 0.000000 0.631668 0.388287 0.012679 0.628246 0.000000 0.630635 0.389287 0.011771 0.593341 0.000000 0.629995 0.390902 0.000000 0.418879 0.000000 0.630635 0.390148 0.020967 0.540783 0.000000 
0.631668 0.387211 0.013151 0.645699 0.000000 0.631668 0.388287 0.012679 0.628246 0.000000 0.630635 0.389287 0.011771 0.593341 0.000000 0.629995 0.390902 0.000000 0.418879 0.000000 0.630635 0.390148 0.020967 0.540783 0.000000 0.630315 0.390117 0.018554 0.488440 0.000000 
0.631668 0.388287 0.012679 0.628246 0.000000 0.630635 0.389287 0.011771 0.593341 0.000000 0.629995 0.390902 0.000000 0.418879 0.000000 0.630635 0.390148 0.020967 0.540783 0.000000 0.630315 0.390117 0.018554 0.488440 0.000000 0.629995 0.390856 0.000000 0.349066 0.000000 
0.630635 0.389287 0.011771 0.593341 0.000000 0.629995 0.390902 0.000000 0.418879 0.000000 0.630635 0.390148 0.020967 0.540783 0.000000 0.630315 0.390117 0.018554 0.488440 0.000000 0.629995 0.390856 0.000000 0.349066 0.000000 0.630217 0.391209 0.000000 0.261799 0.000000 
0.629995 0.390902 0.000000 0.418879 0.000000 0.630635 0.390148 0.020967 0.540783 0.000000 0.630315 0.390117 0.018554 0.488440 0.000000 0.629995 0.390856 0.000000 0.349066 0.000000 0.630217 0.391209 0.000000 0.261799 0.000000 0.630905 0.391363 0.000000 0.191986 0.000000 
0.630635 0.390148 0.020967 0.540783 0.000000 0.630315 0.390117 0.018554 0.488440 0.000000 0.629995 0.390856 0.000000 0.349066 0.000000 0.630217 0.391209 0.000000 0.261799 0.000000 0.630905 0.391363 0.000000 0.191986 0.000000 0.631496 0.391363 -0.017087 0.120996 0.000000 
0.630315 0.390117 0.018554 0.488440 0.000000 0.629995 0.390856 0.000000 0.349066 0.000000 0.630217 0.391209 0.000000 0.261799 0.000000 0.630905 0.391363 0.000000 0.191986 0.000000 0.631496 0.391363 -0.017087 0.120996 0.000000 0.631570 0.390794 -0.016915 0.067746 0.000000 
0.629995 0.390856 0.000000 0.349066 0.000000 0.630217 0.391209 0.000000 0.261799 0.000000 0.630905 0.391363 0.000000 0.191986 0.000000 0.631496 0.391363 -0.017087 0.120996 0.000000 0.631570 0.390794 -0.016915 0.067746 0.000000 0.632603 0.390102 -0.012342 0.012342 0.000000 
0.630217 0.391209 0.000000 0.261799 0.000000 0.630905 0.391363 0.000000 0.191986 0.000000 0.631496 0.391363 -0.017087 0.120996 0.000000 0.631570 0.390794 -0.016915 0.067746 0.000000 0.632603 0.390102 -0.012342 0.012342 0.000000 0.632603 0.389302 -0.017453 0.000000 0.000000 
0.630905 0.391363 0.000000 0.191986 0.000000 0.631496 0.391363 -0.017087 0.120996 0.000000 0.631570 0.390794 -0.016915 0.067746 0.000000 0.632603 0.390102 -0.012342 0.012342 0.000000 0.632603 0.389302 -0.017453 0.000000 0.000000 0.633391 0.388349 -0.012342 -0.012342 0.000000 
0.631496 0.391363 -0.017087 0.120996 0.000000 0.631570 0.390794 -0.016915 0.067746 0.000000 0.632603 0.390102 -0.012342 0.012342 0.000000 0.632603 0.389302 -0.017453 0.000000 0.000000 0.633391 0.388349 -0.012342 -0.012342 0.000000 0.634154 0.387272 -0.015852 -0.031105 0.000000 
0.631570 0.390794 -0.016915 0.067746 0.000000 0.632603 0.390102 -0.012342 0.012342 0.000000 0.632603 0.389302 -0.017453 0.000000 0.000000 0.633391 0.388349 -0.012342 -0.012342 0.000000 0.634154 0.387272 -0.015852 -0.031105 0.000000 0.634990 0.386134 -0.016193 -0.049802 0.000000 
0.632603 0.390102 -0.012342 0.012342 0.000000 0.632603 0.389302 -0.017453 0.000000 0.000000 0.633391 0.388349 -0.012342 -0.012342 0.000000 0.634154 0.387272 -0.015852 -0.031105 0.000000 0.634990 0.386134 -0.016193 -0.049802 0.000000 0.635458 0.384935 0.000000 -0.052360 0.000000 
0.632603 0.389302 -0.017453 0.000000 0.000000 0.633391 0.388349 -0.012342 -0.012342 0.000000 0.634154 0.387272 -0.015852 -0.031105 0.000000 0.634990 0.386134 -0.016193 -0.049802 0.000000 0.635458 0.384935 0.000000 -0.052360 0.000000 0.635482 0.383751 0.000000 -0.052360 0.000000 
0.633391 0.388349 -0.012342 -0.012342 0.000000 0.634154 0.387272 -0.015852 -0.031105 0.000000 0.634990 0.386134 -0.016193 -0.049802 0.000000 0.635458 0.384935 0.000000 -0.052360 0.000000 0.635482 0.383751 0.000000 -0.052360 0.000000 0.636294 0.382613 0.000000 -0.069813 0.000000 
0.634154 0.387272 -0.015852 -0.031105 0.000000 0.634990 0.386134 -0.016193 -0.049802 0.000000 0.635458 0.384935 0.000000 -0.052360 0.000000 0.635482 0.383751 0.000000 -0.052360 0.000000 0.636294 0.382613 0.000000 -0.069813 0.000000 0.636713 0.381444 0.000000 -0.069813 0.000000 
0.634990 0.386134 -0.016193 -0.049802 0.000000 0.635458 0.384935 0.000000 -0.052360 0.000000 0.635482 0.383751 0.000000 -0.052360 0.000000 0.636294 0.382613 0.000000 -0.069813 0.000000 0.636713 0.381444 0.000000 -0.069813 0.000000 0.636934 0.380306 0.000000 -0.069813 0.000000 
0.635458 0.384935 0.000000 -0.052360 0.000000 0.635482 0.383751 0.000000 -0.052360 0.000000 0.636294 0.382613 0.000000 -0.069813 0.000000 0.636713 0.381444 0.000000 -0.069813 0.000000 0.636934 0.380306 0.000000 -0.069813 0.000000 0.636934 0.379198 0.016915 -0.067746 0.000000 
0.635482 0.383751 0.000000 -0.052360 0.000000 0.636294 0.382613 0.000000 -0.069813 0.000000 0.636713 0.381444 0.000000 -0.069813 0.000000 0.636934 0.380306 0.000000 -0.069813 0.000000 0.636934 0.379198 0.016915 -0.067746 0.000000 0.636934 0.378153 0.016915 -0.067746 0.000000 
0.636294 0.382613 0.000000 -0.069813 0.000000 0.636713 0.381444 0.000000 -0.069813 0.000000 0.636934 0.380306 0.000000 -0.069813 0.000000 0.636934 0.379198 0.016915 -0.067746 0.000000 0.636934 0.378153 0.016915 -0.067746 0.000000 0.637082 0.377168 0.016915 -0.067746 0.000000 
0.636713 0.381444 0.000000 -0.069813 0.000000 0.636934 0.380306 0.000000 -0.069813 0.000000 0.636934 0.379198 0.016915 -0.067746 0.000000 0.636934 0.378153 0.016915 -0.067746 0.000000 0.637082 0.377168 0.016915 -0.067746 0.000000 0.637082 0.376261 0.016193 -0.049802 0.000000 
0.636934 0.380306 0.000000 -0.069813 0.000000 0.636934 0.379198 0.016915 -0.067746 0.000000 0.636934 0.378153 0.016915 -0.067746 0.000000 0.637082 0.377168 0.016915 -0.067746 0.000000 0.637082 0.376261 0.016193 -0.049802 0.000000 0.637082 0.375369 0.016193 -0.049802 0.000000 
0.636934 0.379198 0.016915 -0.067746 0.000000 0.636934 0.378153 0.016915 -0.067746 0.000000 0.637082 0.377168 0.016915 -0.067746 0.000000 0.637082 0.376261 0.016193 -0.049802 0.000000 0.637082 0.375369 0.016193 -0.049802 0.000000 0.637082 0.374569 0.016193 -0.049802 0.000000 
0.636934 0.378153 0.016915 -0.067746 0.000000 0.637082 0.377168 0.016915 -0.067746 0.000000 0.637082 0.376261 0.016193 -0.049802 0.000000 0.637082 0.375369 0.016193 -0.049802 0.000000 0.637082 0.374569 0.016193 -0.049802 0.000000 0.637082 0.373800 0.016193 -0.049802 0.000000 
0.637082 0.377168 0.016915 -0.067746 0.000000 0.637082 0.376261 0.016193 -0.049802 0.000000 0.637082 0.375369 0.016193 -0.049802 0.000000 0.637082 0.374569 0.016193 -0.049802 0.000000 0.637082 0.373800 0.016193 -0.049802 0.000000 0.636565 0.371986 0.017453 0.000000 0.000000 
0.637082 0.376261 0.016193 -0.049802 0.000000 0.637082 0.375369 0.016193 -0.049802 0.000000 0.637082 0.374569 0.016193 -0.049802 0.000000 0.637082 0.373800 0.016193 -0.049802 0.000000 0.636565 0.371986 0.017453 0.000000 0.000000 0.637008 0.373124 0.015852 -0.031105 0.000000 
0.637082 0.375369 0.016193 -0.049802 0.000000 0.637082 0.374569 0.016193 -0.049802 0.000000 0.637082 0.373800 0.016193 -0.049802 0.000000 0.636565 0.371986 0.017453 0.000000 0.000000 0.637008 0.373124 0.015852 -0.031105 0.000000 0.636836 0.372509 0.012342 -0.012342 0.000000 
0.637082 0.374569 0.016193 -0.049802 0.000000 0.637082 0.373800 0.016193 -0.049802 0.000000 0.636565 0.371986 0.017453 0.000000 0.000000 0.637008 0.373124 0.015852 -0.031105 0.000000 0.636836 0.372509 0.012342 -0.012342 0.000000 0.636491 0.371986 0.000000 0.034907 0.000000 
0.637082 0.373800 0.016193 -0.049802 0.000000 0.636565 0.371986 0.017453 0.000000 0.000000 0.637008 0.373124 0.015852 -0.031105 0.000000 0.636836 0.372509 0.012342 -0.012342 0.000000 0.636491 0.371986 0.000000 0.034907 0.000000 0.636393 0.372032 0.000000 0.052360 0.000000 
0.636565 0.371986 0.017453 0.000000 0.000000 0.637008 0.373124 0.015852 -0.031105 0.000000 0.636836 0.372509 0.012342 -0.012342 0.000000 0.636491 0.371986 0.000000 0.034907 0.000000 0.636393 0.372032 0.000000 0.052360 0.000000 0.636024 0.372201 0.000000 0.087266 0.000000 
0.637008 0.373124 0.015852 -0.031105 0.000000 0.636836 0.372509 0.012342 -0.012342 0.000000 0.636491 0.371986 0.000000 0.034907 0.000000 0.636393 0.372032 0.000000 0.052360 0.000000 0.636024 0.372201 0.000000 0.087266 0.000000 0.635458 0.372386 0.000000 0.122173 0.000000 
0.636836 0.372509 0.012342 -0.012342 0.000000 0.636491 0.371986 0.000000 0.034907 0.000000 0.636393 0.372032 0.000000 0.052360 0.000000 0.636024 0.372201 0.000000 0.087266 0.000000 0.635458 0.372386 0.000000 0.122173 0.000000 0.634843 0.372386 0.000000 0.157080 0.000000 
0.636491 0.371986 0.000000 0.034907 0.000000 0.636393 0.372032 0.000000 0.052360 0.000000 0.636024 0.372201 0.000000 0.087266 0.000000 0.635458 0.372386 0.000000 0.122173 0.000000 0.634843 0.372386 0.000000 0.157080 0.000000 0.634129 0.372109 0.000000 0.191986 0.000000 
0.636393 0.372032 0.000000 0.052360 0.000000 0.636024 0.372201 0.000000 0.087266 0.000000 0.635458 0.372386 0.000000 0.122173 0.000000 0.634843 0.372386 0.000000 0.157080 0.000000 0.634129 0.372109 0.000000 0.191986 0.000000 0.633366 0.371463 0.000000 0.244346 0.000000 
0.636024 0.372201 0.000000 0.087266 0.000000 0.635458 0.372386 0.000000 0.122173 0.000000 0.634843 0.372386 0.000000 0.157080 0.000000 0.634129 0.372109 0.000000 0.191986 0.000000 0.633366 0.371463 0.000000 0.244346 0.000000 0.633145 0.371001 0.000000 0.279253 0.000000 
0.635458 0.372386 0.000000 0.122173 0.000000 0.634843 0.372386 0.000000 0.157080 0.000000 0.634129 0.372109 0.000000 0.191986 0.000000 0.633366 0.371463 0.000000 0.244346 0.000000 0.633145 0.371001 0.000000 0.279253 0.000000 0.632431 0.370679 0.000000 0.314159 0.000000 
0.634843 0.372386 0.000000 0.157080 0.000000 0.634129 0.372109 0.000000 0.191986 0.000000 0.633366 0.371463 0.000000 0.244346 0.000000 0.633145 0.371001 0.000000 0.279253 0.000000 0.632431 0.370679 0.000000 0.314159 0.000000 0.632185 0.370509 0.000000 0.349066 0.000000 
0.634129 0.372109 0.000000 0.191986 0.000000 0.633366 0.371463 0.000000 0.244346 0.000000 0.633145 0.371001 0.000000 0.279253 0.000000 0.632431 0.370679 0.000000 0.314159 0.000000 0.632185 0.370509 0.000000 0.349066 0.000000 0.631447 0.370509 0.000000 0.401426 0.000000 
0.633366 0.371463 0.000000 0.244346 0.000000 0.633145 0.371001 0.000000 0.279253 0.000000 0.632431 0.370679 0.000000 0.314159 0.000000 0.632185 0.370509 0.000000 0.349066 0.000000 0.631447 0.370509 0.000000 0.401426 0.000000 0.630684 0.370509 0.000000 0.436332 0.000000 
0.633145 0.371001 0.000000 0.279253 0.000000 0.632431 0.370679 0.000000 0.314159 0.000000 0.632185 0.370509 0.000000 0.349066 0.000000 0.631447 0.370509 0.000000 0.401426 0.000000 0.630684 0.370509 0.000000 0.436332 0.000000 0.629946 0.370694 0.000000 0.453786 0.000000 
0.632431 0.370679 0.000000 0.314159 0.000000 0.632185 0.370509 0.000000 0.349066 0.000000 0.631447 0.370509 0.000000 0.401426 0.000000 0.630684 0.370509 0.000000 0.436332 0.000000 0.629946 0.370694 0.000000 0.453786 0.000000 0.629257 0.371171 0.000000 0.488692 0.000000 
0.632185 0.370509 0.000000 0.349066 0.000000 0.631447 0.370509 0.000000 0.401426 0.000000 0.630684 0.370509 0.000000 0.436332 0.000000 0.629946 0.370694 0.000000 0.453786 0.000000 0.629257 0.371171 0.000000 0.488692 0.000000 0.629232 0.371786 0.020147 0.523335 0.000000 
0.631447 0.370509 0.000000 0.401426 0.000000 0.630684 0.370509 0.000000 0.436332 0.000000 0.629946 0.370694 0.000000 0.453786 0.000000 0.629257 0.371171 0.000000 0.488692 0.000000 0.629232 0.371786 0.020147 0.523335 0.000000 0.628568 0.372509 0.021804 0.558232 0.000000 
0.630684 0.370509 0.000000 0.436332 0.000000 0.629946 0.370694 0.000000 0.453786 0.000000 0.629257 0.371171 0.000000 0.488692 0.000000 0.629232 0.371786 0.020147 0.523335 0.000000 0.628568 0.372509 0.021804 0.558232 0.000000 0.628346 0.373293 0.022660 0.575680 0.000000 
0.629946 0.370694 0.000000 0.453786 0.000000 0.629257 0.371171 0.000000 0.488692 0.000000 0.629232 0.371786 0.020147 0.523335 0.000000 0.628568 0.372509 0.021804 0.558232 0.000000 0.628346 0.373293 0.022660 0.575680 0.000000 0.627707 0.373816 0.011771 0.593341 0.000000 
0.629257 0.371171 0.000000 0.488692 0.000000 0.629232 0.371786 0.020147 0.523335 0.000000 0.628568 0.372509 0.021804 0.558232 0.000000 0.628346 0.373293 0.022660 0.575680 0.000000 0.627707 0.373816 0.011771 0.593341 0.000000 0.627067 0.374308 0.012220 0.610794 0.000000 
0.629232 0.371786 0.020147 0.523335 0.000000 0.628568 0.372509 0.021804 0.558232 0.000000 0.628346 0.373293 0.022660 0.575680 0.000000 0.627707 0.373816 0.011771 0.593341 0.000000 0.627067 0.374308 0.012220 0.610794 0.000000 0.627067 0.374769 0.038006 0.627667 0.000000 
0.628568 0.372509 0.021804 0.558232 0.000000 0.628346 0.373293 0.022660 0.575680 0.000000 0.627707 0.373816 0.011771 0.593341 0.000000 0.627067 0.374308 0.012220 0.610794 0.000000 0.627067 0.374769 0.038006 0.627667 0.000000 0.626526 0.375185 0.039418 0.645113 0.000000 
0.628346 0.373293 0.022660 0.575680 0.000000 0.627707 0.373816 0.011771 0.593341 0.000000 0.627067 0.374308 0.012220 0.610794 0.000000 0.627067 0.374769 0.038006 0.627667 0.000000 0.626526 0.375185 0.039418 0.645113 0.000000 0.626403 0.375554 0.039418 0.645113 0.000000 
0.627707 0.373816 0.011771 0.593341 0.000000 0.627067 0.374308 0.012220 0.610794 0.000000 0.627067 0.374769 0.038006 0.627667 0.000000 0.626526 0.375185 0.039418 0.645113 0.000000 0.626403 0.375554 0.039418 0.645113 0.000000 0.626280 0.375554 0.040867 0.662560 0.000000 
0.627067 0.374308 0.012220 0.610794 0.000000 0.627067 0.374769 0.038006 0.627667 0.000000 0.626526 0.375185 0.039418 0.645113 0.000000 0.626403 0.375554 0.039418 0.645113 0.000000 0.626280 0.375554 0.040867 0.662560 0.000000 0.626206 0.375554 0.056428 0.679486 0.000000 
0.627067 0.374769 0.038006 0.627667 0.000000 0.626526 0.375185 0.039418 0.645113 0.000000 0.626403 0.375554 0.039418 0.645113 0.000000 0.626280 0.375554 0.040867 0.662560 0.000000 0.626206 0.375554 0.056428 0.679486 0.000000 0.625837 0.375554 0.056428 0.679486 0.000000 
0.626526 0.375185 0.039418 0.645113 0.000000 0.626403 0.375554 0.039418 0.645113 0.000000 0.626280 0.375554 0.040867 0.662560 0.000000 0.626206 0.375554 0.056428 0.679486 0.000000 0.625837 0.375554 0.056428 0.679486 0.000000 0.625591 0.375554 0.058466 0.696931 0.000000 
0.626403 0.375554 0.039418 0.645113 0.000000 0.626280 0.375554 0.040867 0.662560 0.000000 0.626206 0.375554 0.056428 0.679486 0.000000 0.625837 0.375554 0.056428 0.679486 0.000000 0.625591 0.375554 0.058466 0.696931 0.000000 0.625468 0.375923 0.058466 0.696931 0.000000 
0.626280 0.375554 0.040867 0.662560 0.000000 0.626206 0.375554 0.056428 0.679486 0.000000 0.625837 0.375554 0.056428 0.679486 0.000000 0.625591 0.375554 0.058466 0.696931 0.000000 0.625468 0.375923 0.058466 0.696931 0.000000 0.625468 0.376184 0.045464 0.714906 0.000000 
0.626206 0.375554 0.056428 0.679486 0.000000 0.625837 0.375554 0.056428 0.679486 0.000000 0.625591 0.375554 0.058466 0.696931 0.000000 0.625468 0.375923 0.058466 0.696931 0.000000 0.625468 0.376184 0.045464 0.714906 0.000000 0.625468 0.376338 0.045464 0.714906 0.000000 
0.625837 0.375554 0.056428 0.679486 0.000000 0.625591 0.375554 0.058466 0.696931 0.000000 0.625468 0.375923 0.058466 0.696931 0.000000 0.625468 0.376184 0.045464 0.714906 0.000000 0.625468 0.376338 0.045464 0.714906 0.000000 0.625468 0.376384 0.075619 0.713698 0.000000 
0.625591 0.375554 0.058466 0.696931 0.000000 0.625468 0.375923 0.058466 0.696931 0.000000 0.625468 0.376184 0.045464 0.714906 0.000000 0.625468 0.376338 0.045464 0.714906 0.000000 0.625468 0.376384 0.075619 0.713698 0.000000 0.625714 0.376369 0.045464 0.714906 0.000000 
0.625468 0.375923 0.058466 0.696931 0.000000 0.625468 0.376184 0.045464 0.714906 0.000000 0.625468 0.376338 0.045464 0.714906 0.000000 0.625468 0.376384 0.075619 0.713698 0.000000 0.625714 0.376369 0.045464 0.714906 0.000000 0.625615 0.376384 0.075619 0.713698 0.000000 
0.625468 0.376184 0.045464 0.714906 0.000000 0.625468 0.376338 0.045464 0.714906 0.000000 0.625468 0.376384 0.075619 0.713698 0.000000 0.625714 0.376369 0.045464 0.714906 0.000000 0.625615 0.376384 0.075619 0.713698 0.000000 0.625837 0.376200 0.058466 0.696931 0.173998 
0.625468 0.376338 0.045464 0.714906 0.000000 0.625468 0.376384 0.075619 0.713698 0.000000 0.625714 0.376369 0.045464 0.714906 0.000000 0.625615 0.376384 0.075619 0.713698 0.000000 0.625837 0.376200 0.058466 0.696931 0.173998 0.626033 0.375938 0.058466 0.696931 0.197458 
0.625468 0.376384 0.075619 0.713698 0.000000 0.625714 0.376369 0.045464 0.714906 0.000000 0.625615 0.376384 0.075619 0.713698 0.000000 0.625837 0.376200 0.058466 0.696931 0.173998 0.626033 0.375938 0.058466 0.696931 0.197458 0.626329 0.375707 0.056428 0.679486 0.204301 
0.625714 0.376369 0.045464 0.714906 0.000000 0.625615 0.376384 0.075619 0.713698 0.000000 0.625837 0.376200 0.058466 0.696931 0.173998 0.626033 0.375938 0.058466 0.696931 0.197458 0.626329 0.375707 0.056428 0.679486 0.204301 0.626747 0.375384 0.056428 0.679486 0.209189 
0.625615 0.376384 0.075619 0.713698 0.000000 0.625837 0.376200 0.058466 0.696931 0.173998 0.626033 0.375938 0.058466 0.696931 0.197458 0.626329 0.375707 0.056428 0.679486 0.204301 0.626747 0.375384 0.056428 0.679486 0.209189 0.627387 0.374969 0.054446 0.662042 0.209189 
0.625837 0.376200 0.058466 0.696931 0.173998 0.626033 0.375938 0.058466 0.696931 0.197458 0.626329 0.375707 0.056428 0.679486 0.204301 0.626747 0.375384 0.056428 0.679486 0.209189 0.627387 0.374969 0.054446 0.662042 0.209189 0.628297 0.374554 0.054446 0.662042 0.210166 
0.626033 0.375938 0.058466 0.696931 0.197458 0.626329 0.375707 0.056428 0.679486 0.204301 0.626747 0.375384 0.056428 0.679486 0.209189 0.627387 0.374969 0.054446 0.662042 0.209189 0.628297 0.374554 0.054446 0.662042 0.210166 0.629405 0.374093 0.040867 0.662560 0.207234 
0.626329 0.375707 0.056428 0.679486 0.204301 0.626747 0.375384 0.056428 0.679486 0.209189 0.627387 0.374969 0.054446 0.662042 0.209189 0.628297 0.374554 0.054446 0.662042 0.210166 0.629405 0.374093 0.040867 0.662560 0.207234 0.630758 0.373570 0.040867 0.662560 0.215054 
0.626747 0.375384 0.056428 0.679486 0.209189 0.627387 0.374969 0.054446 0.662042 0.209189 0.628297 0.374554 0.054446 0.662042 0.210166 0.629405 0.374093 0.040867 0.662560 0.207234 0.630758 0.373570 0.040867 0.662560 0.215054 0.632308 0.373001 0.040867 0.662560 0.210166 
0.627387 0.374969 0.054446 0.662042 0.209189 0.628297 0.374554 0.054446 0.662042 0.210166 0.629405 0.374093 0.040867 0.662560 0.207234 0.630758 0.373570 0.040867 0.662560 0.215054 0.632308 0.373001 0.040867 0.662560 0.210166 0.634055 0.372401 0.040867 0.662560 0.216031 
0.628297 0.374554 0.054446 0.662042 0.210166 0.629405 0.374093 0.040867 0.662560 0.207234 0.630758 0.373570 0.040867 0.662560 0.215054 0.632308 0.373001 0.040867 0.662560 0.210166 0.634055 0.372401 0.040867 0.662560 0.216031 0.635901 0.371755 0.040867 0.662560 0.223851 
0.629405 0.374093 0.040867 0.662560 0.207234 0.630758 0.373570 0.040867 0.662560 0.215054 0.632308 0.373001 0.040867 0.662560 0.210166 0.634055 0.372401 0.040867 0.662560 0.216031 0.635901 0.371755 0.040867 0.662560 0.223851 0.637918 0.371078 0.040867 0.662560 0.219941 
0.630758 0.373570 0.040867 0.662560 0.215054 0.632308 0.373001 0.040867 0.662560 0.210166 0.634055 0.372401 0.040867 0.662560 0.216031 0.635901 0.371755 0.040867 0.662560 0.223851 0.637918 0.371078 0.040867 0.662560 0.219941 0.640084 0.370340 0.013634 0.663151 0.236559 
0.632308 0.373001 0.040867 0.662560 0.210166 0.634055 0.372401 0.040867 0.662560 0.216031 0.635901 0.371755 0.040867 0.662560 0.223851 0.637918 0.371078 0.040867 0.662560 0.219941 0.640084 0.370340 0.013634 0.663151 0.236559 0.642323 0.369525 0.013634 0.663151 0.248289 
0.634055 0.372401 0.040867 0.662560 0.216031 0.635901 0.371755 0.040867 0.662560 0.223851 0.637918 0.371078 0.040867 0.662560 0.219941 0.640084 0.370340 0.013634 0.663151 0.236559 0.642323 0.369525 0.013634 0.663151 0.248289 0.644587 0.368664 0.013634 0.663151 0.258065 
0.635901 0.371755 0.040867 0.662560 0.223851 0.637918 0.371078 0.040867 0.662560 0.219941 0.640084 0.370340 0.013634 0.663151 0.236559 0.642323 0.369525 0.013634 0.663151 0.248289 0.644587 0.368664 0.013634 0.663151 0.258065 0.646826 0.367787 0.013634 0.663151 0.263930 
0.637918 0.371078 0.040867 0.662560 0.219941 0.640084 0.370340 0.013634 0.663151 0.236559 0.642323 0.369525 0.013634 0.663151 0.248289 0.644587 0.368664 0.013634 0.663151 0.258065 0.646826 0.367787 0.013634 0.663151 0.263930 0.649114 0.366880 0.013634 0.663151 0.272727 
0.640084 0.370340 0.013634 0.663151 0.236559 0.642323 0.369525 0.013634 0.663151 0.248289 0.644587 0.368664 0.013634 0.663151 0.258065 0.646826 0.367787 0.013634 0.663151 0.263930 0.649114 0.366880 0.013634 0.663151 0.272727 0.651427 0.365896 0.013634 0.663151 0.276637 
0.642323 0.369525 0.013634 0.663151 0.248289 0.644587 0.368664 0.013634 0.663151 0.258065 0.646826 0.367787 0.013634 0.663151 0.263930 0.649114 0.366880 0.013634 0.663151 0.272727 0.651427 0.365896 0.013634 0.663151 0.276637 0.653789 0.364835 0.013634 0.663151 0.303030 
0.644587 0.368664 0.013634 0.663151 0.258065 0.646826 0.367787 0.013634 0.663151 0.263930 0.649114 0.366880 0.013634 0.663151 0.272727 0.651427 0.365896 0.013634 0.663151 0.276637 0.653789 0.364835 0.013634 0.663151 0.303030 0.660851 0.361497 0.013634 0.663151 0.329423 
0.646826 0.367787 0.013634 0.663151 0.263930 0.649114 0.366880 0.013634 0.663151 0.272727 0.651427 0.365896 0.013634 0.663151 0.276637 0.653789 0.364835 0.013634 0.663151 0.303030 0.660851 0.361497 0.013634 0.663151 0.329423 0.656127 0.363758 0.013634 0.663151 0.308895 
0.649114 0.366880 0.013634 0.663151 0.272727 0.651427 0.365896 0.013634 0.663151 0.276637 0.653789 0.364835 0.013634 0.663151 0.303030 0.660851 0.361497 0.013634 0.663151 0.329423 0.656127 0.363758 0.013634 0.663151 0.308895 0.658465 0.362651 0.013634 0.663151 0.317693 
0.651427 0.365896 0.013634 0.663151 0.276637 0.653789 0.364835 0.013634 0.663151 0.303030 0.660851 0.361497 0.013634 0.663151 0.329423 0.656127 0.363758 0.013634 0.663151 0.308895 0.658465 0.362651 0.013634 0.663151 0.317693 0.663312 0.360328 0.013151 0.645699 0.347996 
0.653789 0.364835 0.013634 0.663151 0.303030 0.660851 0.361497 0.013634 0.663151 0.329423 0.656127 0.363758 0.013634 0.663151 0.308895 0.658465 0.362651 0.013634 0.663151 0.317693 0.663312 0.360328 0.013151 0.645699 0.347996 0.665773 0.359098 0.013151 0.645699 0.346041 
0.660851 0.361497 0.013634 0.663151 0.329423 0.656127 0.363758 0.013634 0.663151 0.308895 0.658465 0.362651 0.013634 0.663151 0.317693 0.663312 0.360328 0.013151 0.645699 0.347996 0.665773 0.359098 0.013151 0.645699 0.346041 0.668209 0.357822 0.013151 0.645699 0.366569 
0.656127 0.363758 0.013634 0.663151 0.308895 0.658465 0.362651 0.013634 0.663151 0.317693 0.663312 0.360328 0.013151 0.645699 0.347996 0.665773 0.359098 0.013151 0.645699 0.346041 0.668209 0.357822 0.013151 0.645699 0.366569 0.670694 0.356530 0.013151 0.645699 0.364614 
0.658465 0.362651 0.013634 0.663151 0.317693 0.663312 0.360328 0.013151 0.645699 0.347996 0.665773 0.359098 0.013151 0.645699 0.346041 0.668209 0.357822 0.013151 0.645699 0.366569 0.670694 0.356530 0.013151 0.645699 0.364614 0.673228 0.355269 0.013151 0.645699 0.378299 
0.663312 0.360328 0.013151 0.645699 0.347996 0.665773 0.359098 0.013151 0.645699 0.346041 0.668209 0.357822 0.013151 0.645699 0.366569 0.670694 0.356530 0.013151 0.645699 0.364614 0.673228 0.355269 0.013151 0.645699 0.378299 0.675689 0.353992 0.013151 0.645699 0.376344 
0.665773 0.359098 0.013151 0.645699 0.346041 0.668209 0.357822 0.013151 0.645699 0.366569 0.670694 0.356530 0.013151 0.645699 0.364614 0.673228 0.355269 0.013151 0.645699 0.378299 0.675689 0.353992 0.013151 0.645699 0.376344 0.678125 0.352731 0.013151 0.645699 0.392962 
0.668209 0.357822 0.013151 0.645699 0.366569 0.670694 0.356530 0.013151 0.645699 0.364614 0.673228 0.355269 0.013151 0.645699 0.378299 0.675689 0.353992 0.013151 0.645699 0.376344 0.678125 0.352731 0.013151 0.645699 0.392962 0.680487 0.351439 0.012679 0.628246 0.409580 
0.670694 0.356530 0.013151 0.645699 0.364614 0.673228 0.355269 0.013151 0.645699 0.378299 0.675689 0.353992 0.013151 0.645699 0.376344 0.678125 0.352731 0.013151 0.645699 0.392962 0.680487 0.351439 0.012679 0.628246 0.409580 0.682849 0.350117 0.012679 0.628246 0.417400 
0.673228 0.355269 0.013151 0.645699 0.378299 0.675689 0.353992 0.013151 0.645699 0.376344 0.678125 0.352731 0.013151 0.645699 0.392962 0.680487 0.351439 0.012679 0.628246 0.409580 0.682849 0.350117 0.012679 0.628246 0.417400 0.685212 0.348779 0.012679 0.628246 0.426197 
0.675689 0.353992 0.013151 0.645699 0.376344 0.678125 0.352731 0.013151 0.645699 0.392962 0.680487 0.351439 0.012679 0.628246 0.409580 0.682849 0.350117 0.012679 0.628246 0.417400 0.685212 0.348779 0.012679 0.628246 0.426197 0.687426 0.347487 0.012679 0.628246 0.432063 
0.678125 0.352731 0.013151 0.645699 0.392962 0.680487 0.351439 0.012679 0.628246 0.409580 0.682849 0.350117 0.012679 0.628246 0.417400 0.685212 0.348779 0.012679 0.628246 0.426197 0.687426 0.347487 0.012679 0.628246 0.432063 0.689542 0.346211 0.012679 0.628246 0.437928 
0.680487 0.351439 0.012679 0.628246 0.409580 0.682849 0.350117 0.012679 0.628246 0.417400 0.685212 0.348779 0.012679 0.628246 0.426197 0.687426 0.347487 0.012679 0.628246 0.432063 0.689542 0.346211 0.012679 0.628246 0.437928 0.691658 0.344888 0.012679 0.628246 0.456501 
0.682849 0.350117 0.012679 0.628246 0.417400 0.685212 0.348779 0.012679 0.628246 0.426197 0.687426 0.347487 0.012679 0.628246 0.432063 0.689542 0.346211 0.012679 0.628246 0.437928 0.691658 0.344888 0.012679 0.628246 0.456501 0.693824 0.343581 0.012679 0.628246 0.469208 
0.685212 0.348779 0.012679 0.628246 0.426197 0.687426 0.347487 0.012679 0.628246 0.432063 0.689542 0.346211 0.012679 0.628246 0.437928 0.691658 0.344888 0.012679 0.628246 0.456501 0.693824 0.343581 0.012679 0.628246 0.469208 0.695792 0.342304 0.013151 0.645699 0.475073 
0.687426 0.347487 0.012679 0.628246 0.432063 0.689542 0.346211 0.012679 0.628246 0.437928 0.691658 0.344888 0.012679 0.628246 0.456501 0.693824 0.343581 0.012679 0.628246 0.469208 0.695792 0.342304 0.013151 0.645699 0.475073 0.697712 0.341059 0.013151 0.645699 0.484848 
0.689542 0.346211 0.012679 0.628246 0.437928 0.691658 0.344888 0.012679 0.628246 0.456501 0.693824 0.343581 0.012679 0.628246 0.469208 0.695792 0.342304 0.013151 0.645699 0.475073 0.697712 0.341059 0.013151 0.645699 0.484848 0.699533 0.339859 0.013151 0.645699 0.486804 
0.691658 0.344888 0.012679 0.628246 0.456501 0.693824 0.343581 0.012679 0.628246 0.469208 0.695792 0.342304 0.013151 0.645699 0.475073 0.697712 0.341059 0.013151 0.645699 0.484848 0.699533 0.339859 0.013151 0.645699 0.486804 0.701280 0.338690 0.000000 0.645772 0.493646 
0.693824 0.343581 0.012679 0.628246 0.469208 0.695792 0.342304 0.013151 0.645699 0.475073 0.697712 0.341059 0.013151 0.645699 0.484848 0.699533 0.339859 0.013151 0.645699 0.486804 0.701280 0.338690 0.000000 0.645772 0.493646 0.703051 0.337568 0.000000 0.645772 0.505376 
0.695792 0.342304 0.013151 0.645699 0.475073 0.697712 0.341059 0.013151 0.645699 0.484848 0.699533 0.339859 0.013151 0.645699 0.486804 0.701280 0.338690 0.000000 0.645772 0.493646 0.703051 0.337568 0.000000 0.645772 0.505376 0.704749 0.336476 0.000000 0.663225 0.504399 
0.697712 0.341059 0.013151 0.645699 0.484848 0.699533 0.339859 0.013151 0.645699 0.486804 0.701280 0.338690 0.000000 0.645772 0.493646 0.703051 0.337568 0.000000 0.645772 0.505376 0.704749 0.336476 0.000000 0.663225 0.504399 0.706324 0.335492 0.000000 0.663225 0.514174 
0.699533 0.339859 0.013151 0.645699 0.486804 0.701280 0.338690 0.000000 0.645772 0.493646 0.703051 0.337568 0.000000 0.645772 0.505376 0.704749 0.336476 0.000000 0.663225 0.504399 0.706324 0.335492 0.000000 0.663225 0.514174 0.707825 0.334569 0.000000 0.663225 0.521994 
0.701280 0.338690 0.000000 0.645772 0.493646 0.703051 0.337568 0.000000 0.645772 0.505376 0.704749 0.336476 0.000000 0.663225 0.504399 0.706324 0.335492 0.000000 0.663225 0.514174 0.707825 0.334569 0.000000 0.663225 0.521994 0.709277 0.333738 0.000000 0.663225 0.517107 
0.703051 0.337568 0.000000 0.645772 0.505376 0.704749 0.336476 0.000000 0.663225 0.504399 0.706324 0.335492 0.000000 0.663225 0.514174 0.707825 0.334569 0.000000 0.663225 0.521994 0.709277 0.333738 0.000000 0.663225 0.517107 0.710753 0.333000 0.000000 0.645772 0.537634 
0.704749 0.336476 0.000000 0.663225 0.504399 0.706324 0.335492 0.000000 0.663225 0.514174 0.707825 0.334569 0.000000 0.663225 0.521994 0.709277 0.333738 0.000000 0.663225 0.517107 0.710753 0.333000 0.000000 0.645772 0.537634 0.712131 0.332339 0.000000 0.645772 0.537634 
0.706324 0.335492 0.000000 0.663225 0.514174 0.707825 0.334569 0.000000 0.663225 0.521994 0.709277 0.333738 0.000000 0.663225 0.517107 0.710753 0.333000 0.000000 0.645772 0.537634 0.712131 0.332339 0.000000 0.645772 0.537634 0.713410 0.331724 0.000000 0.645772 0.541544 
0.707825 0.334569 0.000000 0.663225 0.521994 0.709277 0.333738 0.000000 0.663225 0.517107 0.710753 0.333000 0.000000 0.645772 0.537634 0.712131 0.332339 0.000000 0.645772 0.537634 0.713410 0.331724 0.000000 0.645772 0.541544 0.714567 0.331139 0.000000 0.645772 0.539589 
0.709277 0.333738 0.000000 0.663225 0.517107 0.710753 0.333000 0.000000 0.645772 0.537634 0.712131 0.332339 0.000000 0.645772 0.537634 0.713410 0.331724 0.000000 0.645772 0.541544 0.714567 0.331139 0.000000 0.645772 0.539589 0.715600 0.330647 0.000000 0.645772 0.549365 
0.710753 0.333000 0.000000 0.645772 0.537634 0.712131 0.332339 0.000000 0.645772 0.537634 0.713410 0.331724 0.000000 0.645772 0.541544 0.714567 0.331139 0.000000 0.645772 0.539589 0.715600 0.330647 0.000000 0.645772 0.549365 0.716462 0.330232 0.000000 0.645772 0.544477 
0.712131 0.332339 0.000000 0.645772 0.537634 0.713410 0.331724 0.000000 0.645772 0.541544 0.714567 0.331139 0.000000 0.645772 0.539589 0.715600 0.330647 0.000000 0.645772 0.549365 0.716462 0.330232 0.000000 0.645772 0.544477 0.717175 0.329847 0.000000 0.645772 0.561095 
0.713410 0.331724 0.000000 0.645772 0.541544 0.714567 0.331139 0.000000 0.645772 0.539589 0.715600 0.330647 0.000000 0.645772 0.549365 0.716462 0.330232 0.000000 0.645772 0.544477 0.717175 0.329847 0.000000 0.645772 0.561095 0.717766 0.329524 0.000000 0.645772 0.559140 
0.714567 0.331139 0.000000 0.645772 0.539589 0.715600 0.330647 0.000000 0.645772 0.549365 0.716462 0.330232 0.000000 0.645772 0.544477 0.717175 0.329847 0.000000 0.645772 0.561095 0.717766 0.329524 0.000000 0.645772 0.559140 0.718209 0.329232 0.000000 0.645772 0.570870 
0.715600 0.330647 0.000000 0.645772 0.549365 0.716462 0.330232 0.000000 0.645772 0.544477 0.717175 0.329847 0.000000 0.645772 0.561095 0.717766 0.329524 0.000000 0.645772 0.559140 0.718209 0.329232 0.000000 0.645772 0.570870 0.718652 0.328879 0.000000 0.645772 0.589443 
0.716462 0.330232 0.000000 0.645772 0.544477 0.717175 0.329847 0.000000 0.645772 0.561095 0.717766 0.329524 0.000000 0.645772 0.559140 0.718209 0.329232 0.000000 0.645772 0.570870 0.718652 0.328879 0.000000 0.645772 0.589443 0.718479 0.329017 0.000000 0.645772 0.572825 
0.717175 0.329847 0.000000 0.645772 0.561095 0.717766 0.329524 0.000000 0.645772 0.559140 0.718209 0.329232 0.000000 0.645772 0.570870 0.718652 0.328879 0.000000 0.645772 0.589443 0.718479 0.329017 0.000000 0.645772 0.572825 0.718775 0.328817 0.000000 0.645772 0.608993 
0.717766 0.329524 0.000000 0.645772 0.559140 0.718209 0.329232 0.000000 0.645772 0.570870 0.718652 0.328879 0.000000 0.645772 0.589443 0.718479 0.329017 0.000000 0.645772 0.572825 0.718775 0.328817 0.000000 0.645772 0.608993 0.718824 0.328771 0.000000 0.645772 0.632454 
0.718209 0.329232 0.000000 0.645772 0.570870 0.718652 0.328879 0.000000 0.645772 0.589443 0.718479 0.329017 0.000000 0.645772 0.572825 0.718775 0.328817 0.000000 0.645772 0.608993 0.718824 0.328771 0.000000 0.645772 0.632454 0.718848 0.328771 0.000000 0.645772 0.656892 
0.718652 0.328879 0.000000 0.645772 0.589443 0.718479 0.329017 0.000000 0.645772 0.572825 0.718775 0.328817 0.000000 0.645772 0.608993 0.718824 0.328771 0.000000 0.645772 0.632454 0.718848 0.328771 0.000000 0.645772 0.656892 0.718799 0.328771 0.000000 0.645772 0.745846 
0.718479 0.329017 0.000000 0.645772 0.572825 0.718775 0.328817 0.000000 0.645772 0.608993 0.718824 0.328771 0.000000 0.645772 0.632454 0.718848 0.328771 0.000000 0.645772 0.656892 0.718799 0.328771 0.000000 0.645772 0.745846 0.718627 0.328848 0.000000 0.645772 0.750733 
0.718775 0.328817 0.000000 0.645772 0.608993 0.718824 0.328771 0.000000 0.645772 0.632454 0.718848 0.328771 0.000000 0.645772 0.656892 0.718799 0.328771 0.000000 0.645772 0.745846 0.718627 0.328848 0.000000 0.645772 0.750733 0.718430 0.329002 0.000000 0.645772 0.744868 
0.718824 0.328771 0.000000 0.645772 0.632454 0.718848 0.328771 0.000000 0.645772 0.656892 0.718799 0.328771 0.000000 0.645772 0.745846 0.718627 0.328848 0.000000 0.645772 0.750733 0.718430 0.329002 0.000000 0.645772 0.744868 0.718184 0.329186 0.000000 0.645772 0.738025 
0.718848 0.328771 0.000000 0.645772 0.656892 0.718799 0.328771 0.000000 0.645772 0.745846 0.718627 0.328848 0.000000 0.645772 0.750733 0.718430 0.329002 0.000000 0.645772 0.744868 0.718184 0.329186 0.000000 0.645772 0.738025 0.717963 0.329417 0.000000 0.645772 0.718475 
0.718799 0.328771 0.000000 0.645772 0.745846 0.718627 0.328848 0.000000 0.645772 0.750733 0.718430 0.329002 0.000000 0.645772 0.744868 0.718184 0.329186 0.000000 0.645772 0.738025 0.717963 0.329417 0.000000 0.645772 0.718475 0.717667 0.329724 0.000000 0.645772 0.695992 
0.718627 0.328848 0.000000 0.645772 0.750733 0.718430 0.329002 0.000000 0.645772 0.744868 0.718184 0.329186 0.000000 0.645772 0.738025 0.717963 0.329417 0.000000 0.645772 0.718475 0.717667 0.329724 0.000000 0.645772 0.695992 0.717372 0.330094 0.000000 0.645772 0.660802 
0.718430 0.329002 0.000000 0.645772 0.744868 0.718184 0.329186 0.000000 0.645772 0.738025 0.717963 0.329417 0.000000 0.645772 0.718475 0.717667 0.329724 0.000000 0.645772 0.695992 0.717372 0.330094 0.000000 0.645772 0.660802 0.717077 0.330586 0.000000 0.645772 0.618768 
0.718184 0.329186 0.000000 0.645772 0.738025 0.717963 0.329417 0.000000 0.645772 0.718475 0.717667 0.329724 0.000000 0.645772 0.695992 0.717372 0.330094 0.000000 0.645772 0.660802 0.717077 0.330586 0.000000 0.645772 0.618768 0.716831 0.331278 0.000000 0.645772 0.535679 
0.717963 0.329417 0.000000 0.645772 0.718475 0.717667 0.329724 0.000000 0.645772 0.695992 0.717372 0.330094 0.000000 0.645772 0.660802 0.717077 0.330586 0.000000 0.645772 0.618768 0.716831 0.331278 0.000000 0.645772 0.535679 0.716511 0.332154 0.000000 0.645772 0.425220 
0.717667 0.329724 0.000000 0.645772 0.695992 0.717372 0.330094 0.000000 0.645772 0.660802 0.717077 0.330586 0.000000 0.645772 0.618768 0.716831 0.331278 0.000000 0.645772 0.535679 0.716511 0.332154 0.000000 0.645772 0.425220 0.716019 0.333123 0.000000 0.645772 0.298143 
0.717372 0.330094 0.000000 0.645772 0.660802 0.717077 0.330586 0.000000 0.645772 0.618768 0.716831 0.331278 0.000000 0.645772 0.535679 0.716511 0.332154 0.000000 0.645772 0.425220 0.716019 0.333123 0.000000 0.645772 0.298143 0.715231 0.334154 0.000000 0.645772 0.119257 
0.717077 0.330586 0.000000 0.645772 0.618768 0.716831 0.331278 0.000000 0.645772 0.535679 0.716511 0.332154 0.000000 0.645772 0.425220 0.716019 0.333123 0.000000 0.645772 0.298143 0.715231 0.334154 0.000000 0.645772 0.119257 0.712648 0.336568 0.000000 0.645772 0.000000 
0.716831 0.331278 0.000000 0.645772 0.535679 0.716511 0.332154 0.000000 0.645772 0.425220 0.716019 0.333123 0.000000 0.645772 0.298143 0.715231 0.334154 0.000000 0.645772 0.119257 0.712648 0.336568 0.000000 0.645772 0.000000 0.710679 0.337952 0.000000 0.645772 0.000000 
0.716511 0.332154 0.000000 0.645772 0.425220 0.716019 0.333123 0.000000 0.645772 0.298143 0.715231 0.334154 0.000000 0.645772 0.119257 0.712648 0.336568 0.000000 0.645772 0.000000 0.710679 0.337952 0.000000 0.645772 0.000000 0.708218 0.339382 0.000000 0.645772 0.000000 
0.716019 0.333123 0.000000 0.645772 0.298143 0.715231 0.334154 0.000000 0.645772 0.119257 0.712648 0.336568 0.000000 0.645772 0.000000 0.710679 0.337952 0.000000 0.645772 0.000000 0.708218 0.339382 0.000000 0.645772 0.000000 0.705044 0.340828 0.013151 0.645699 0.000000 
0.715231 0.334154 0.000000 0.645772 0.119257 0.712648 0.336568 0.000000 0.645772 0.000000 0.710679 0.337952 0.000000 0.645772 0.000000 0.708218 0.339382 0.000000 0.645772 0.000000 0.705044 0.340828 0.013151 0.645699 0.000000 0.701476 0.342320 0.012679 0.628246 0.000000 
0.712648 0.336568 0.000000 0.645772 0.000000 0.710679 0.337952 0.000000 0.645772 0.000000 0.708218 0.339382 0.000000 0.645772 0.000000 0.705044 0.340828 0.013151 0.645699 0.000000 0.701476 0.342320 0.012679 0.628246 0.000000 0.688312 0.347533 0.038647 0.505112 0.000000 
0.710679 0.337952 0.000000 0.645772 0.000000 0.708218 0.339382 0.000000 0.645772 0.000000 0.705044 0.340828 0.013151 0.645699 0.000000 0.701476 0.342320 0.012679 0.628246 0.000000 0.688312 0.347533 0.038647 0.505112 0.000000 0.697490 0.343935 0.011771 0.593341 0.000000 
0.708218 0.339382 0.000000 0.645772 0.000000 0.705044 0.340828 0.013151 0.645699 0.000000 0.701476 0.342320 0.012679 0.628246 0.000000 0.688312 0.347533 0.038647 0.505112 0.000000 0.697490 0.343935 0.011771 0.593341 0.000000 0.693012 0.345719 0.032691 0.557889 0.000000 
0.705044 0.340828 0.013151 0.645699 0.000000 0.701476 0.342320 0.012679 0.628246 0.000000 0.688312 0.347533 0.038647 0.505112 0.000000 0.697490 0.343935 0.011771 0.593341 0.000000 0.693012 0.345719 0.032691 0.557889 0.000000 0.683120 0.349456 0.034009 0.452825 0.000000 
0.701476 0.342320 0.012679 0.628246 0.000000 0.688312 0.347533 0.038647 0.505112 0.000000 0.697490 0.343935 0.011771 0.593341 0.000000 0.693012 0.345719 0.032691 0.557889 0.000000 0.683120 0.349456 0.034009 0.452825 0.000000 0.677707 0.351332 0.035199 0.382650 0.000000 
0.620226 0.383028 0.664516 0.292105 0.661779 0.622023 0.382828 0.664516 0.292105 0.649071 0.623351 0.382689 0.664516 0.292105 0.655914 0.624360 0.382582 0.664516 0.292105 0.652004 0.625049 0.382474 0.681744 0.301996 0.656892 0.625517 0.382367 0.687969 0.275800 0.648094 
0.622023 0.382828 0.664516 0.292105 0.649071 0.623351 0.382689 0.664516 0.292105 0.655914 0.624360 0.382582 0.664516 0.292105 0.652004 0.625049 0.382474 0.681744 0.301996 0.656892 0.625517 0.382367 0.687969 0.275800 0.648094 0.625812 0.382305 0.687969 0.275800 0.650049 
0.623351 0.382689 0.664516 0.292105 0.655914 0.624360 0.382582 0.664516 0.292105 0.652004 0.625049 0.382474 0.681744 0.301996 0.656892 0.625517 0.382367 0.687969 0.275800 0.648094 0.625812 0.382305 0.687969 0.275800 0.650049 0.625960 0.382259 0.687969 0.275800 0.641251 
0.624360 0.382582 0.664516 0.292105 0.652004 0.625049 0.382474 0.681744 0.301996 0.656892 0.625517 0.382367 0.687969 0.275800 0.648094 0.625812 0.382305 0.687969 0.275800 0.650049 0.625960 0.382259 0.687969 0.275800 0.641251 0.626009 0.382228 0.687969 0.275800 0.647116 
0.625049 0.382474 0.681744 0.301996 0.656892 0.625517 0.382367 0.687969 0.275800 0.648094 0.625812 0.382305 0.687969 0.275800 0.650049 0.625960 0.382259 0.687969 0.275800 0.641251 0.626009 0.382228 0.687969 0.275800 0.647116 0.626009 0.382213 0.687969 0.275800 0.661779 
0.625517 0.382367 0.687969 0.275800 0.648094 0.625812 0.382305 0.687969 0.275800 0.650049 0.625960 0.382259 0.687969 0.275800 0.641251 0.626009 0.382228 0.687969 0.275800 0.647116 0.626009 0.382213 0.687969 0.275800 0.661779 0.625886 0.382213 0.687969 0.275800 0.352884 
0.625812 0.382305 0.687969 0.275800 0.650049 0.625960 0.382259 0.687969 0.275800 0.641251 0.626009 0.382228 0.687969 0.275800 0.647116 0.626009 0.382213 0.687969 0.275800 0.661779 0.625886 0.382213 0.687969 0.275800 0.352884 0.625443 0.382213 0.687969 0.275800 0.130987 
