0.645891 0.403174 0.158155 0.412986 0.887586 0.645866 0.402298 0.143112 0.417423 0.892473 0.645718 0.401406 0.143112 0.417423 0.893451 0.645571 0.400514 0.143112 0.417423 0.890518 0.645423 0.399622 0.120108 0.423202 0.897361 0.645325 0.398776 0.120108 0.423202 0.893451 
0.645866 0.402298 0.143112 0.417423 0.892473 0.645718 0.401406 0.143112 0.417423 0.893451 0.645571 0.400514 0.143112 0.417423 0.890518 0.645423 0.399622 0.120108 0.423202 0.897361 0.645325 0.398776 0.120108 0.423202 0.893451 0.645202 0.398053 0.120108 0.423202 0.893451 
0.645718 0.401406 0.143112 0.417423 0.893451 0.645571 0.400514 0.143112 0.417423 0.890518 0.645423 0.399622 0.120108 0.423202 0.897361 0.645325 0.398776 0.120108 0.423202 0.893451 0.645202 0.398053 0.120108 0.423202 0.893451 0.645103 0.397392 0.120108 0.423202 0.897361 
0.645571 0.400514 0.143112 0.417423 0.890518 0.645423 0.399622 0.120108 0.423202 0.897361 0.645325 0.398776 0.120108 0.423202 0.893451 0.645202 0.398053 0.120108 0.423202 0.893451 0.645103 0.397392 0.120108 0.423202 0.897361 0.645054 0.396777 0.120108 0.423202 0.906158 
0.645423 0.399622 0.120108 0.423202 0.897361 0.645325 0.398776 0.120108 0.423202 0.893451 0.645202 0.398053 0.120108 0.423202 0.893451 0.645103 0.397392 0.120108 0.423202 0.897361 0.645054 0.396777 0.120108 0.423202 0.906158 0.645030 0.396161 0.104514 0.426471 0.913979 
0.645325 0.398776 0.120108 0.423202 0.893451 0.645202 0.398053 0.120108 0.423202 0.893451 0.645103 0.397392 0.120108 0.423202 0.897361 0.645054 0.396777 0.120108 0.423202 0.906158 0.645030 0.396161 0.104514 0.426471 0.913979 0.645005 0.395577 0.104514 0.426471 0.919844 
0.645202 0.398053 0.120108 0.423202 0.893451 0.645103 0.397392 0.120108 0.423202 0.897361 0.645054 0.396777 0.120108 0.423202 0.906158 0.645030 0.396161 0.104514 0.426471 0.913979 0.645005 0.395577 0.104514 0.426471 0.919844 0.644980 0.395070 0.104514 0.426471 0.922776 
0.645103 0.397392 0.120108 0.423202 0.897361 0.645054 0.396777 0.120108 0.423202 0.906158 0.645030 0.396161 0.104514 0.426471 0.913979 0.645005 0.395577 0.104514 0.426471 0.919844 0.644980 0.395070 0.104514 0.426471 0.922776 0.644980 0.394608 0.104514 0.426471 0.928641 
0.645054 0.396777 0.120108 0.423202 0.906158 0.645030 0.396161 0.104514 0.426471 0.913979 0.645005 0.395577 0.104514 0.426471 0.919844 0.644980 0.395070 0.104514 0.426471 0.922776 0.644980 0.394608 0.104514 0.426471 0.928641 0.644956 0.394208 0.104514 0.426471 0.936461 
0.645030 0.396161 0.104514 0.426471 0.913979 0.645005 0.395577 0.104514 0.426471 0.919844 0.644980 0.395070 0.104514 0.426471 0.922776 0.644980 0.394608 0.104514 0.426471 0.928641 0.644956 0.394208 0.104514 0.426471 0.936461 0.644956 0.393808 0.104514 0.426471 0.946237 
0.645005 0.395577 0.104514 0.426471 0.919844 0.644980 0.395070 0.104514 0.426471 0.922776 0.644980 0.394608 0.104514 0.426471 0.928641 0.644956 0.394208 0.104514 0.426471 0.936461 0.644956 0.393808 0.104514 0.426471 0.946237 0.644956 0.393362 0.104514 0.426471 0.953079 
0.644980 0.395070 0.104514 0.426471 0.922776 0.644980 0.394608 0.104514 0.426471 0.928641 0.644956 0.394208 0.104514 0.426471 0.936461 0.644956 0.393808 0.104514 0.426471 0.946237 0.644956 0.393362 0.104514 0.426471 0.953079 0.644956 0.392947 0.104514 0.426471 0.956012 
0.644980 0.394608 0.104514 0.426471 0.928641 0.644956 0.394208 0.104514 0.426471 0.936461 0.644956 0.393808 0.104514 0.426471 0.946237 0.644956 0.393362 0.104514 0.426471 0.953079 0.644956 0.392947 0.104514 0.426471 0.956012 0.644956 0.392578 0.104514 0.426471 0.956012 
0.644956 0.394208 0.104514 0.426471 0.936461 0.644956 0.393808 0.104514 0.426471 0.946237 0.644956 0.393362 0.104514 0.426471 0.953079 0.644956 0.392947 0.104514 0.426471 0.956012 0.644956 0.392578 0.104514 0.426471 0.956012 0.644956 0.392271 0.104514 0.426471 0.956012 
0.644956 0.393808 0.104514 0.426471 0.946237 0.644956 0.393362 0.104514 0.426471 0.953079 0.644956 0.392947 0.104514 0.426471 0.956012 0.644956 0.392578 0.104514 0.426471 0.956012 0.644956 0.392271 0.104514 0.426471 0.956012 0.644956 0.391932 0.109279 0.443638 0.954057 
0.644956 0.393362 0.104514 0.426471 0.953079 0.644956 0.392947 0.104514 0.426471 0.956012 0.644956 0.392578 0.104514 0.426471 0.956012 0.644956 0.392271 0.104514 0.426471 0.956012 0.644956 0.391932 0.109279 0.443638 0.954057 0.644956 0.391655 0.109279 0.443638 0.954057 
0.644956 0.392947 0.104514 0.426471 0.956012 0.644956 0.392578 0.104514 0.426471 0.956012 0.644956 0.392271 0.104514 0.426471 0.956012 0.644956 0.391932 0.109279 0.443638 0.954057 0.644956 0.391655 0.109279 0.443638 0.954057 0.644956 0.391379 0.109279 0.443638 0.951124 
0.644956 0.392578 0.104514 0.426471 0.956012 0.644956 0.392271 0.104514 0.426471 0.956012 0.644956 0.391932 0.109279 0.443638 0.954057 0.644956 0.391655 0.109279 0.443638 0.954057 0.644956 0.391379 0.109279 0.443638 0.951124 0.644956 0.391133 0.109279 0.443638 0.946237 
0.644956 0.392271 0.104514 0.426471 0.956012 0.644956 0.391932 0.109279 0.443638 0.954057 0.644956 0.391655 0.109279 0.443638 0.954057 0.644956 0.391379 0.109279 0.443638 0.951124 0.644956 0.391133 0.109279 0.443638 0.946237 0.644956 0.390933 0.109279 0.443638 0.937439 
0.644956 0.391932 0.109279 0.443638 0.954057 0.644956 0.391655 0.109279 0.443638 0.954057 0.644956 0.391379 0.109279 0.443638 0.951124 0.644956 0.391133 0.109279 0.443638 0.946237 0.644956 0.390933 0.109279 0.443638 0.937439 0.644956 0.390779 0.109279 0.443638 0.928641 
0.644956 0.391655 0.109279 0.443638 0.954057 0.644956 0.391379 0.109279 0.443638 0.951124 0.644956 0.391133 0.109279 0.443638 0.946237 0.644956 0.390933 0.109279 0.443638 0.937439 0.644956 0.390779 0.109279 0.443638 0.928641 0.644956 0.390671 0.109279 0.443638 0.912023 
0.644956 0.391379 0.109279 0.443638 0.951124 0.644956 0.391133 0.109279 0.443638 0.946237 0.644956 0.390933 0.109279 0.443638 0.937439 0.644956 0.390779 0.109279 0.443638 0.928641 0.644956 0.390671 0.109279 0.443638 0.912023 0.644956 0.390548 0.109279 0.443638 0.880743 
0.644956 0.391133 0.109279 0.443638 0.946237 0.644956 0.390933 0.109279 0.443638 0.937439 0.644956 0.390779 0.109279 0.443638 0.928641 0.644956 0.390671 0.109279 0.443638 0.912023 0.644956 0.390548 0.109279 0.443638 0.880743 0.644931 0.390487 0.109279 0.443638 0.828934 
0.644956 0.390933 0.109279 0.443638 0.937439 0.644956 0.390779 0.109279 0.443638 0.928641 0.644956 0.390671 0.109279 0.443638 0.912023 0.644956 0.390548 0.109279 0.443638 0.880743 0.644931 0.390487 0.109279 0.443638 0.828934 0.644857 0.390456 0.109279 0.443638 0.759531 
0.644956 0.390779 0.109279 0.443638 0.928641 0.644956 0.390671 0.109279 0.443638 0.912023 0.644956 0.390548 0.109279 0.443638 0.880743 0.644931 0.390487 0.109279 0.443638 0.828934 0.644857 0.390456 0.109279 0.443638 0.759531 0.644685 0.390456 0.109279 0.443638 0.665689 
0.644956 0.390671 0.109279 0.443638 0.912023 0.644956 0.390548 0.109279 0.443638 0.880743 0.644931 0.390487 0.109279 0.443638 0.828934 0.644857 0.390456 0.109279 0.443638 0.759531 0.644685 0.390456 0.109279 0.443638 0.665689 0.644316 0.390533 0.109279 0.443638 0.558162 
0.644956 0.390548 0.109279 0.443638 0.880743 0.644931 0.390487 0.109279 0.443638 0.828934 0.644857 0.390456 0.109279 0.443638 0.759531 0.644685 0.390456 0.109279 0.443638 0.665689 0.644316 0.390533 0.109279 0.443638 0.558162 0.643701 0.391009 0.109279 0.443638 0.380254 
0.644931 0.390487 0.109279 0.443638 0.828934 0.644857 0.390456 0.109279 0.443638 0.759531 0.644685 0.390456 0.109279 0.443638 0.665689 0.644316 0.390533 0.109279 0.443638 0.558162 0.643701 0.391009 0.109279 0.443638 0.380254 0.642741 0.391717 0.109279 0.443638 0.093842 
0.644857 0.390456 0.109279 0.443638 0.759531 0.644685 0.390456 0.109279 0.443638 0.665689 0.644316 0.390533 0.109279 0.443638 0.558162 0.643701 0.391009 0.109279 0.443638 0.380254 0.642741 0.391717 0.109279 0.443638 0.093842 0.639788 0.393747 0.109279 0.443638 0.000000 
0.644685 0.390456 0.109279 0.443638 0.665689 0.644316 0.390533 0.109279 0.443638 0.558162 0.643701 0.391009 0.109279 0.443638 0.380254 0.642741 0.391717 0.109279 0.443638 0.093842 0.639788 0.393747 0.109279 0.443638 0.000000 0.637771 0.395131 0.109279 0.443638 0.000000 
0.644316 0.390533 0.109279 0.443638 0.558162 0.643701 0.391009 0.109279 0.443638 0.380254 0.642741 0.391717 0.109279 0.443638 0.093842 0.639788 0.393747 0.109279 0.443638 0.000000 0.637771 0.395131 0.109279 0.443638 0.000000 0.635458 0.396746 0.109279 0.443638 0.000000 
0.643701 0.391009 0.109279 0.443638 0.380254 0.642741 0.391717 0.109279 0.443638 0.093842 0.639788 0.393747 0.109279 0.443638 0.000000 0.637771 0.395131 0.109279 0.443638 0.000000 0.635458 0.396746 0.109279 0.443638 0.000000 0.632849 0.398499 0.109279 0.443638 0.000000 
0.619488 0.394531 0.151116 0.396248 0.883675 0.620743 0.393808 0.151116 0.396248 0.879765 0.621900 0.393116 0.150961 0.377297 0.887586 0.623032 0.392455 0.150961 0.377297 0.884653 0.624114 0.391825 0.150961 0.377297 0.882698 0.625271 0.391148 0.150961 0.377297 0.885630 
0.620743 0.393808 0.151116 0.396248 0.879765 0.621900 0.393116 0.150961 0.377297 0.887586 0.623032 0.392455 0.150961 0.377297 0.884653 0.624114 0.391825 0.150961 0.377297 0.882698 0.625271 0.391148 0.150961 0.377297 0.885630 0.626329 0.390471 0.157691 0.374948 0.880743 
0.621900 0.393116 0.150961 0.377297 0.887586 0.623032 0.392455 0.150961 0.377297 0.884653 0.624114 0.391825 0.150961 0.377297 0.882698 0.625271 0.391148 0.150961 0.377297 0.885630 0.626329 0.390471 0.157691 0.374948 0.880743 0.627288 0.389825 0.157691 0.374948 0.889541 
0.623032 0.392455 0.150961 0.377297 0.884653 0.624114 0.391825 0.150961 0.377297 0.882698 0.625271 0.391148 0.150961 0.377297 0.885630 0.626329 0.390471 0.157691 0.374948 0.880743 0.627288 0.389825 0.157691 0.374948 0.889541 0.628174 0.389179 0.157691 0.374948 0.884653 
0.624114 0.391825 0.150961 0.377297 0.882698 0.625271 0.391148 0.150961 0.377297 0.885630 0.626329 0.390471 0.157691 0.374948 0.880743 0.627288 0.389825 0.157691 0.374948 0.889541 0.628174 0.389179 0.157691 0.374948 0.884653 0.629035 0.388518 0.137315 0.362850 0.886608 
0.625271 0.391148 0.150961 0.377297 0.885630 0.626329 0.390471 0.157691 0.374948 0.880743 0.627288 0.389825 0.157691 0.374948 0.889541 0.628174 0.389179 0.157691 0.374948 0.884653 0.629035 0.388518 0.137315 0.362850 0.886608 0.629872 0.387888 0.137315 0.362850 0.899316 
0.626329 0.390471 0.157691 0.374948 0.880743 0.627288 0.389825 0.157691 0.374948 0.889541 0.628174 0.389179 0.157691 0.374948 0.884653 0.629035 0.388518 0.137315 0.362850 0.886608 0.629872 0.387888 0.137315 0.362850 0.899316 0.630659 0.387319 0.137315 0.362850 0.898338 
0.627288 0.389825 0.157691 0.374948 0.889541 0.628174 0.389179 0.157691 0.374948 0.884653 0.629035 0.388518 0.137315 0.362850 0.886608 0.629872 0.387888 0.137315 0.362850 0.899316 0.630659 0.387319 0.137315 0.362850 0.898338 0.631398 0.386765 0.137315 0.362850 0.898338 
0.628174 0.389179 0.157691 0.374948 0.884653 0.629035 0.388518 0.137315 0.362850 0.886608 0.629872 0.387888 0.137315 0.362850 0.899316 0.630659 0.387319 0.137315 0.362850 0.898338 0.631398 0.386765 0.137315 0.362850 0.898338 0.632037 0.386273 0.137315 0.362850 0.905181 
0.629035 0.388518 0.137315 0.362850 0.886608 0.629872 0.387888 0.137315 0.362850 0.899316 0.630659 0.387319 0.137315 0.362850 0.898338 0.631398 0.386765 0.137315 0.362850 0.898338 0.632037 0.386273 0.137315 0.362850 0.905181 0.632653 0.385842 0.137315 0.362850 0.912023 
0.629872 0.387888 0.137315 0.362850 0.899316 0.630659 0.387319 0.137315 0.362850 0.898338 0.631398 0.386765 0.137315 0.362850 0.898338 0.632037 0.386273 0.137315 0.362850 0.905181 0.632653 0.385842 0.137315 0.362850 0.912023 0.633243 0.385442 0.137315 0.362850 0.911046 
0.630659 0.387319 0.137315 0.362850 0.898338 0.631398 0.386765 0.137315 0.362850 0.898338 0.632037 0.386273 0.137315 0.362850 0.905181 0.632653 0.385842 0.137315 0.362850 0.912023 0.633243 0.385442 0.137315 0.362850 0.911046 0.633834 0.385073 0.137315 0.362850 0.913001 
0.631398 0.386765 0.137315 0.362850 0.898338 0.632037 0.386273 0.137315 0.362850 0.905181 0.632653 0.385842 0.137315 0.362850 0.912023 0.633243 0.385442 0.137315 0.362850 0.911046 0.633834 0.385073 0.137315 0.362850 0.913001 0.634350 0.384781 0.137315 0.362850 0.912023 
0.632037 0.386273 0.137315 0.362850 0.905181 0.632653 0.385842 0.137315 0.362850 0.912023 0.633243 0.385442 0.137315 0.362850 0.911046 0.633834 0.385073 0.137315 0.362850 0.913001 0.634350 0.384781 0.137315 0.362850 0.912023 0.634818 0.384504 0.137315 0.362850 0.913979 
0.632653 0.385842 0.137315 0.362850 0.912023 0.633243 0.385442 0.137315 0.362850 0.911046 0.633834 0.385073 0.137315 0.362850 0.913001 0.634350 0.384781 0.137315 0.362850 0.912023 0.634818 0.384504 0.137315 0.362850 0.913979 0.635310 0.384227 0.137315 0.362850 0.911046 
0.633243 0.385442 0.137315 0.362850 0.911046 0.633834 0.385073 0.137315 0.362850 0.913001 0.634350 0.384781 0.137315 0.362850 0.912023 0.634818 0.384504 0.137315 0.362850 0.913979 0.635310 0.384227 0.137315 0.362850 0.911046 0.635753 0.383997 0.137315 0.362850 0.908113 
0.633834 0.385073 0.137315 0.362850 0.913001 0.634350 0.384781 0.137315 0.362850 0.912023 0.634818 0.384504 0.137315 0.362850 0.913979 0.635310 0.384227 0.137315 0.362850 0.911046 0.635753 0.383997 0.137315 0.362850 0.908113 0.636147 0.383781 0.137315 0.362850 0.905181 
0.634350 0.384781 0.137315 0.362850 0.912023 0.634818 0.384504 0.137315 0.362850 0.913979 0.635310 0.384227 0.137315 0.362850 0.911046 0.635753 0.383997 0.137315 0.362850 0.908113 0.636147 0.383781 0.137315 0.362850 0.905181 0.636491 0.383597 0.137315 0.362850 0.905181 
0.634818 0.384504 0.137315 0.362850 0.913979 0.635310 0.384227 0.137315 0.362850 0.911046 0.635753 0.383997 0.137315 0.362850 0.908113 0.636147 0.383781 0.137315 0.362850 0.905181 0.636491 0.383597 0.137315 0.362850 0.905181 0.636811 0.383412 0.137315 0.362850 0.907136 
0.635310 0.384227 0.137315 0.362850 0.911046 0.635753 0.383997 0.137315 0.362850 0.908113 0.636147 0.383781 0.137315 0.362850 0.905181 0.636491 0.383597 0.137315 0.362850 0.905181 0.636811 0.383412 0.137315 0.362850 0.907136 0.637106 0.383258 0.137315 0.362850 0.903226 
0.635753 0.383997 0.137315 0.362850 0.908113 0.636147 0.383781 0.137315 0.362850 0.905181 0.636491 0.383597 0.137315 0.362850 0.905181 0.636811 0.383412 0.137315 0.362850 0.907136 0.637106 0.383258 0.137315 0.362850 0.903226 0.637377 0.383089 0.137315 0.362850 0.902248 
0.636147 0.383781 0.137315 0.362850 0.905181 0.636491 0.383597 0.137315 0.362850 0.905181 0.636811 0.383412 0.137315 0.362850 0.907136 0.637106 0.383258 0.137315 0.362850 0.903226 0.637377 0.383089 0.137315 0.362850 0.902248 0.637598 0.382966 0.137315 0.362850 0.904203 
0.636491 0.383597 0.137315 0.362850 0.905181 0.636811 0.383412 0.137315 0.362850 0.907136 0.637106 0.383258 0.137315 0.362850 0.903226 0.637377 0.383089 0.137315 0.362850 0.902248 0.637598 0.382966 0.137315 0.362850 0.904203 0.637795 0.382843 0.137315 0.362850 0.903226 
0.636811 0.383412 0.137315 0.362850 0.907136 0.637106 0.383258 0.137315 0.362850 0.903226 0.637377 0.383089 0.137315 0.362850 0.902248 0.637598 0.382966 0.137315 0.362850 0.904203 0.637795 0.382843 0.137315 0.362850 0.903226 0.637968 0.382751 0.137315 0.362850 0.903226 
0.637106 0.383258 0.137315 0.362850 0.903226 0.637377 0.383089 0.137315 0.362850 0.902248 0.637598 0.382966 0.137315 0.362850 0.904203 0.637795 0.382843 0.137315 0.362850 0.903226 0.637968 0.382751 0.137315 0.362850 0.903226 0.638091 0.382659 0.137315 0.362850 0.904203 
0.637377 0.383089 0.137315 0.362850 0.902248 0.637598 0.382966 0.137315 0.362850 0.904203 0.637795 0.382843 0.137315 0.362850 0.903226 0.637968 0.382751 0.137315 0.362850 0.903226 0.638091 0.382659 0.137315 0.362850 0.904203 0.638164 0.382597 0.137315 0.362850 0.905181 
0.637598 0.382966 0.137315 0.362850 0.904203 0.637795 0.382843 0.137315 0.362850 0.903226 0.637968 0.382751 0.137315 0.362850 0.903226 0.638091 0.382659 0.137315 0.362850 0.904203 0.638164 0.382597 0.137315 0.362850 0.905181 0.638238 0.382551 0.137315 0.362850 0.906158 
0.637795 0.382843 0.137315 0.362850 0.903226 0.637968 0.382751 0.137315 0.362850 0.903226 0.638091 0.382659 0.137315 0.362850 0.904203 0.638164 0.382597 0.137315 0.362850 0.905181 0.638238 0.382551 0.137315 0.362850 0.906158 0.638287 0.382505 0.137315 0.362850 0.906158 
0.637968 0.382751 0.137315 0.362850 0.903226 0.638091 0.382659 0.137315 0.362850 0.904203 0.638164 0.382597 0.137315 0.362850 0.905181 0.638238 0.382551 0.137315 0.362850 0.906158 0.638287 0.382505 0.137315 0.362850 0.906158 0.638361 0.382474 0.137315 0.362850 0.907136 
0.638091 0.382659 0.137315 0.362850 0.904203 0.638164 0.382597 0.137315 0.362850 0.905181 0.638238 0.382551 0.137315 0.362850 0.906158 0.638287 0.382505 0.137315 0.362850 0.906158 0.638361 0.382474 0.137315 0.362850 0.907136 0.638386 0.382443 0.137315 0.362850 0.908113 
0.638164 0.382597 0.137315 0.362850 0.905181 0.638238 0.382551 0.137315 0.362850 0.906158 0.638287 0.382505 0.137315 0.362850 0.906158 0.638361 0.382474 0.137315 0.362850 0.907136 0.638386 0.382443 0.137315 0.362850 0.908113 0.638410 0.382428 0.124208 0.366857 0.910068 
0.638238 0.382551 0.137315 0.362850 0.906158 0.638287 0.382505 0.137315 0.362850 0.906158 0.638361 0.382474 0.137315 0.362850 0.907136 0.638386 0.382443 0.137315 0.362850 0.908113 0.638410 0.382428 0.124208 0.366857 0.910068 0.638410 0.382413 0.124208 0.366857 0.909091 
0.638287 0.382505 0.137315 0.362850 0.906158 0.638361 0.382474 0.137315 0.362850 0.907136 0.638386 0.382443 0.137315 0.362850 0.908113 0.638410 0.382428 0.124208 0.366857 0.910068 0.638410 0.382413 0.124208 0.366857 0.909091 0.638435 0.382413 0.123473 0.385606 0.910068 
0.638361 0.382474 0.137315 0.362850 0.907136 0.638386 0.382443 0.137315 0.362850 0.908113 0.638410 0.382428 0.124208 0.366857 0.910068 0.638410 0.382413 0.124208 0.366857 0.909091 0.638435 0.382413 0.123473 0.385606 0.910068 0.638460 0.382413 0.123473 0.385606 0.911046 
0.638386 0.382443 0.137315 0.362850 0.908113 0.638410 0.382428 0.124208 0.366857 0.910068 0.638410 0.382413 0.124208 0.366857 0.909091 0.638435 0.382413 0.123473 0.385606 0.910068 0.638460 0.382413 0.123473 0.385606 0.911046 0.638460 0.382397 0.123473 0.385606 0.910068 
0.638410 0.382428 0.124208 0.366857 0.910068 0.638410 0.382413 0.124208 0.366857 0.909091 0.638435 0.382413 0.123473 0.385606 0.910068 0.638460 0.382413 0.123473 0.385606 0.911046 0.638460 0.382397 0.123473 0.385606 0.910068 0.638484 0.382397 0.123473 0.385606 0.905181 
0.638410 0.382413 0.124208 0.366857 0.909091 0.638435 0.382413 0.123473 0.385606 0.910068 0.638460 0.382413 0.123473 0.385606 0.911046 0.638460 0.382397 0.123473 0.385606 0.910068 0.638484 0.382397 0.123473 0.385606 0.905181 0.638509 0.382397 0.123473 0.385606 0.881720 
0.638435 0.382413 0.123473 0.385606 0.910068 0.638460 0.382413 0.123473 0.385606 0.911046 0.638460 0.382397 0.123473 0.385606 0.910068 0.638484 0.382397 0.123473 0.385606 0.905181 0.638509 0.382397 0.123473 0.385606 0.881720 0.638533 0.382397 0.123473 0.385606 0.880743 
0.638460 0.382413 0.123473 0.385606 0.911046 0.638460 0.382397 0.123473 0.385606 0.910068 0.638484 0.382397 0.123473 0.385606 0.905181 0.638509 0.382397 0.123473 0.385606 0.881720 0.638533 0.382397 0.123473 0.385606 0.880743 0.638558 0.382397 0.123473 0.385606 0.874878 
0.638460 0.382397 0.123473 0.385606 0.910068 0.638484 0.382397 0.123473 0.385606 0.905181 0.638509 0.382397 0.123473 0.385606 0.881720 0.638533 0.382397 0.123473 0.385606 0.880743 0.638558 0.382397 0.123473 0.385606 0.874878 0.638583 0.382397 0.123473 0.385606 0.858260 
0.638484 0.382397 0.123473 0.385606 0.905181 0.638509 0.382397 0.123473 0.385606 0.881720 0.638533 0.382397 0.123473 0.385606 0.880743 0.638558 0.382397 0.123473 0.385606 0.874878 0.638583 0.382397 0.123473 0.385606 0.858260 0.638607 0.382397 0.123473 0.385606 0.822092 
0.638509 0.382397 0.123473 0.385606 0.881720 0.638533 0.382397 0.123473 0.385606 0.880743 0.638558 0.382397 0.123473 0.385606 0.874878 0.638583 0.382397 0.123473 0.385606 0.858260 0.638607 0.382397 0.123473 0.385606 0.822092 0.638632 0.382397 0.123473 0.385606 0.828934 
0.638533 0.382397 0.123473 0.385606 0.880743 0.638558 0.382397 0.123473 0.385606 0.874878 0.638583 0.382397 0.123473 0.385606 0.858260 0.638607 0.382397 0.123473 0.385606 0.822092 0.638632 0.382397 0.123473 0.385606 0.828934 0.638657 0.382397 0.123473 0.385606 0.831867 
0.638558 0.382397 0.123473 0.385606 0.874878 0.638583 0.382397 0.123473 0.385606 0.858260 0.638607 0.382397 0.123473 0.385606 0.822092 0.638632 0.382397 0.123473 0.385606 0.828934 0.638657 0.382397 0.123473 0.385606 0.831867 0.638681 0.382397 0.123473 0.385606 0.830890 
0.638583 0.382397 0.123473 0.385606 0.858260 0.638607 0.382397 0.123473 0.385606 0.822092 0.638632 0.382397 0.123473 0.385606 0.828934 0.638657 0.382397 0.123473 0.385606 0.831867 0.638681 0.382397 0.123473 0.385606 0.830890 0.638706 0.382397 0.123473 0.385606 0.829912 
0.638607 0.382397 0.123473 0.385606 0.822092 0.638632 0.382397 0.123473 0.385606 0.828934 0.638657 0.382397 0.123473 0.385606 0.831867 0.638681 0.382397 0.123473 0.385606 0.830890 0.638706 0.382397 0.123473 0.385606 0.829912 0.638730 0.382397 0.123473 0.385606 0.829912 
0.638632 0.382397 0.123473 0.385606 0.828934 0.638657 0.382397 0.123473 0.385606 0.831867 0.638681 0.382397 0.123473 0.385606 0.830890 0.638706 0.382397 0.123473 0.385606 0.829912 0.638730 0.382397 0.123473 0.385606 0.829912 0.638780 0.382397 0.123473 0.385606 0.828934 
0.638657 0.382397 0.123473 0.385606 0.831867 0.638681 0.382397 0.123473 0.385606 0.830890 0.638706 0.382397 0.123473 0.385606 0.829912 0.638730 0.382397 0.123473 0.385606 0.829912 0.638780 0.382397 0.123473 0.385606 0.828934 0.638804 0.382397 0.122111 0.404393 0.826979 
0.638681 0.382397 0.123473 0.385606 0.830890 0.638706 0.382397 0.123473 0.385606 0.829912 0.638730 0.382397 0.123473 0.385606 0.829912 0.638780 0.382397 0.123473 0.385606 0.828934 0.638804 0.382397 0.122111 0.404393 0.826979 0.638829 0.382397 0.122111 0.404393 0.822092 
0.638706 0.382397 0.123473 0.385606 0.829912 0.638730 0.382397 0.123473 0.385606 0.829912 0.638780 0.382397 0.123473 0.385606 0.828934 0.638804 0.382397 0.122111 0.404393 0.826979 0.638829 0.382397 0.122111 0.404393 0.822092 0.638878 0.382397 0.122111 0.404393 0.817204 
0.638730 0.382397 0.123473 0.385606 0.829912 0.638780 0.382397 0.123473 0.385606 0.828934 0.638804 0.382397 0.122111 0.404393 0.826979 0.638829 0.382397 0.122111 0.404393 0.822092 0.638878 0.382397 0.122111 0.404393 0.817204 0.638903 0.382397 0.122111 0.404393 0.813294 
0.638780 0.382397 0.123473 0.385606 0.828934 0.638804 0.382397 0.122111 0.404393 0.826979 0.638829 0.382397 0.122111 0.404393 0.822092 0.638878 0.382397 0.122111 0.404393 0.817204 0.638903 0.382397 0.122111 0.404393 0.813294 0.638952 0.382397 0.122111 0.404393 0.808407 
0.638804 0.382397 0.122111 0.404393 0.826979 0.638829 0.382397 0.122111 0.404393 0.822092 0.638878 0.382397 0.122111 0.404393 0.817204 0.638903 0.382397 0.122111 0.404393 0.813294 0.638952 0.382397 0.122111 0.404393 0.808407 0.639001 0.382397 0.122111 0.404393 0.803519 
0.638829 0.382397 0.122111 0.404393 0.822092 0.638878 0.382397 0.122111 0.404393 0.817204 0.638903 0.382397 0.122111 0.404393 0.813294 0.638952 0.382397 0.122111 0.404393 0.808407 0.639001 0.382397 0.122111 0.404393 0.803519 0.639026 0.382397 0.122111 0.404393 0.800587 
0.638878 0.382397 0.122111 0.404393 0.817204 0.638903 0.382397 0.122111 0.404393 0.813294 0.638952 0.382397 0.122111 0.404393 0.808407 0.639001 0.382397 0.122111 0.404393 0.803519 0.639026 0.382397 0.122111 0.404393 0.800587 0.639050 0.382397 0.123473 0.385606 0.804497 
0.638903 0.382397 0.122111 0.404393 0.813294 0.638952 0.382397 0.122111 0.404393 0.808407 0.639001 0.382397 0.122111 0.404393 0.803519 0.639026 0.382397 0.122111 0.404393 0.800587 0.639050 0.382397 0.123473 0.385606 0.804497 0.639075 0.382397 0.123473 0.385606 0.806452 
0.638952 0.382397 0.122111 0.404393 0.808407 0.639001 0.382397 0.122111 0.404393 0.803519 0.639026 0.382397 0.122111 0.404393 0.800587 0.639050 0.382397 0.123473 0.385606 0.804497 0.639075 0.382397 0.123473 0.385606 0.806452 0.639099 0.382397 0.123473 0.385606 0.807429 
0.639001 0.382397 0.122111 0.404393 0.803519 0.639026 0.382397 0.122111 0.404393 0.800587 0.639050 0.382397 0.123473 0.385606 0.804497 0.639075 0.382397 0.123473 0.385606 0.806452 0.639099 0.382397 0.123473 0.385606 0.807429 0.639149 0.382397 0.123473 0.385606 0.808407 
0.639026 0.382397 0.122111 0.404393 0.800587 0.639050 0.382397 0.123473 0.385606 0.804497 0.639075 0.382397 0.123473 0.385606 0.806452 0.639099 0.382397 0.123473 0.385606 0.807429 0.639149 0.382397 0.123473 0.385606 0.808407 0.639222 0.382367 0.123473 0.385606 0.809384 
0.639050 0.382397 0.123473 0.385606 0.804497 0.639075 0.382397 0.123473 0.385606 0.806452 0.639099 0.382397 0.123473 0.385606 0.807429 0.639149 0.382397 0.123473 0.385606 0.808407 0.639222 0.382367 0.123473 0.385606 0.809384 0.639321 0.382336 0.123473 0.385606 0.808407 
0.639075 0.382397 0.123473 0.385606 0.806452 0.639099 0.382397 0.123473 0.385606 0.807429 0.639149 0.382397 0.123473 0.385606 0.808407 0.639222 0.382367 0.123473 0.385606 0.809384 0.639321 0.382336 0.123473 0.385606 0.808407 0.639444 0.382305 0.123473 0.385606 0.805474 
0.639099 0.382397 0.123473 0.385606 0.807429 0.639149 0.382397 0.123473 0.385606 0.808407 0.639222 0.382367 0.123473 0.385606 0.809384 0.639321 0.382336 0.123473 0.385606 0.808407 0.639444 0.382305 0.123473 0.385606 0.805474 0.639641 0.382259 0.123473 0.385606 0.804497 
0.639149 0.382397 0.123473 0.385606 0.808407 0.639222 0.382367 0.123473 0.385606 0.809384 0.639321 0.382336 0.123473 0.385606 0.808407 0.639444 0.382305 0.123473 0.385606 0.805474 0.639641 0.382259 0.123473 0.385606 0.804497 0.639862 0.382197 0.123473 0.385606 0.803519 
0.639222 0.382367 0.123473 0.385606 0.809384 0.639321 0.382336 0.123473 0.385606 0.808407 0.639444 0.382305 0.123473 0.385606 0.805474 0.639641 0.382259 0.123473 0.385606 0.804497 0.639862 0.382197 0.123473 0.385606 0.803519 0.640108 0.382151 0.122111 0.404393 0.799609 
0.639321 0.382336 0.123473 0.385606 0.808407 0.639444 0.382305 0.123473 0.385606 0.805474 0.639641 0.382259 0.123473 0.385606 0.804497 0.639862 0.382197 0.123473 0.385606 0.803519 0.640108 0.382151 0.122111 0.404393 0.799609 0.640404 0.382105 0.122111 0.404393 0.795699 
0.639444 0.382305 0.123473 0.385606 0.805474 0.639641 0.382259 0.123473 0.385606 0.804497 0.639862 0.382197 0.123473 0.385606 0.803519 0.640108 0.382151 0.122111 0.404393 0.799609 0.640404 0.382105 0.122111 0.404393 0.795699 0.640723 0.382074 0.122111 0.404393 0.784946 
0.639641 0.382259 0.123473 0.385606 0.804497 0.639862 0.382197 0.123473 0.385606 0.803519 0.640108 0.382151 0.122111 0.404393 0.799609 0.640404 0.382105 0.122111 0.404393 0.795699 0.640723 0.382074 0.122111 0.404393 0.784946 0.641093 0.382013 0.122111 0.404393 0.765396 
0.639862 0.382197 0.123473 0.385606 0.803519 0.640108 0.382151 0.122111 0.404393 0.799609 0.640404 0.382105 0.122111 0.404393 0.795699 0.640723 0.382074 0.122111 0.404393 0.784946 0.641093 0.382013 0.122111 0.404393 0.765396 0.641462 0.381982 0.122111 0.404393 0.739003 
0.640108 0.382151 0.122111 0.404393 0.799609 0.640404 0.382105 0.122111 0.404393 0.795699 0.640723 0.382074 0.122111 0.404393 0.784946 0.641093 0.382013 0.122111 0.404393 0.765396 0.641462 0.381982 0.122111 0.404393 0.739003 0.641831 0.381936 0.122111 0.404393 0.706745 
0.640404 0.382105 0.122111 0.404393 0.795699 0.640723 0.382074 0.122111 0.404393 0.784946 0.641093 0.382013 0.122111 0.404393 0.765396 0.641462 0.381982 0.122111 0.404393 0.739003 0.641831 0.381936 0.122111 0.404393 0.706745 0.642224 0.381905 0.122111 0.404393 0.664712 
0.640723 0.382074 0.122111 0.404393 0.784946 0.641093 0.382013 0.122111 0.404393 0.765396 0.641462 0.381982 0.122111 0.404393 0.739003 0.641831 0.381936 0.122111 0.404393 0.706745 0.642224 0.381905 0.122111 0.404393 0.664712 0.642643 0.381859 0.122111 0.404393 0.620723 
0.641093 0.382013 0.122111 0.404393 0.765396 0.641462 0.381982 0.122111 0.404393 0.739003 0.641831 0.381936 0.122111 0.404393 0.706745 0.642224 0.381905 0.122111 0.404393 0.664712 0.642643 0.381859 0.122111 0.404393 0.620723 0.643036 0.381813 0.107297 0.407788 0.568915 
0.641462 0.381982 0.122111 0.404393 0.739003 0.641831 0.381936 0.122111 0.404393 0.706745 0.642224 0.381905 0.122111 0.404393 0.664712 0.642643 0.381859 0.122111 0.404393 0.620723 0.643036 0.381813 0.107297 0.407788 0.568915 0.643430 0.381782 0.107297 0.407788 0.524927 
0.641831 0.381936 0.122111 0.404393 0.706745 0.642224 0.381905 0.122111 0.404393 0.664712 0.642643 0.381859 0.122111 0.404393 0.620723 0.643036 0.381813 0.107297 0.407788 0.568915 0.643430 0.381782 0.107297 0.407788 0.524927 0.643750 0.381736 0.107297 0.407788 0.497556 
0.642224 0.381905 0.122111 0.404393 0.664712 0.642643 0.381859 0.122111 0.404393 0.620723 0.643036 0.381813 0.107297 0.407788 0.568915 0.643430 0.381782 0.107297 0.407788 0.524927 0.643750 0.381736 0.107297 0.407788 0.497556 0.644094 0.381690 0.107297 0.407788 0.486804 
0.642643 0.381859 0.122111 0.404393 0.620723 0.643036 0.381813 0.107297 0.407788 0.568915 0.643430 0.381782 0.107297 0.407788 0.524927 0.643750 0.381736 0.107297 0.407788 0.497556 0.644094 0.381690 0.107297 0.407788 0.486804 0.644414 0.381659 0.107297 0.407788 0.465298 
0.643036 0.381813 0.107297 0.407788 0.568915 0.643430 0.381782 0.107297 0.407788 0.524927 0.643750 0.381736 0.107297 0.407788 0.497556 0.644094 0.381690 0.107297 0.407788 0.486804 0.644414 0.381659 0.107297 0.407788 0.465298 0.644734 0.381644 0.107297 0.407788 0.447703 
0.643430 0.381782 0.107297 0.407788 0.524927 0.643750 0.381736 0.107297 0.407788 0.497556 0.644094 0.381690 0.107297 0.407788 0.486804 0.644414 0.381659 0.107297 0.407788 0.465298 0.644734 0.381644 0.107297 0.407788 0.447703 0.645005 0.381628 0.107297 0.407788 0.447703 
0.643750 0.381736 0.107297 0.407788 0.497556 0.644094 0.381690 0.107297 0.407788 0.486804 0.644414 0.381659 0.107297 0.407788 0.465298 0.644734 0.381644 0.107297 0.407788 0.447703 0.645005 0.381628 0.107297 0.407788 0.447703 0.645251 0.381628 0.107297 0.407788 0.457478 
0.644094 0.381690 0.107297 0.407788 0.486804 0.644414 0.381659 0.107297 0.407788 0.465298 0.644734 0.381644 0.107297 0.407788 0.447703 0.645005 0.381628 0.107297 0.407788 0.447703 0.645251 0.381628 0.107297 0.407788 0.457478 0.645497 0.381628 0.107297 0.407788 0.465298 
0.644414 0.381659 0.107297 0.407788 0.465298 0.644734 0.381644 0.107297 0.407788 0.447703 0.645005 0.381628 0.107297 0.407788 0.447703 0.645251 0.381628 0.107297 0.407788 0.457478 0.645497 0.381628 0.107297 0.407788 0.465298 0.645718 0.381628 0.107297 0.407788 0.467253 
0.644734 0.381644 0.107297 0.407788 0.447703 0.645005 0.381628 0.107297 0.407788 0.447703 0.645251 0.381628 0.107297 0.407788 0.457478 0.645497 0.381628 0.107297 0.407788 0.465298 0.645718 0.381628 0.107297 0.407788 0.467253 0.645965 0.381628 0.107297 0.407788 0.468231 
0.645005 0.381628 0.107297 0.407788 0.447703 0.645251 0.381628 0.107297 0.407788 0.457478 0.645497 0.381628 0.107297 0.407788 0.465298 0.645718 0.381628 0.107297 0.407788 0.467253 0.645965 0.381628 0.107297 0.407788 0.468231 0.646186 0.381690 0.107297 0.407788 0.462366 
0.645251 0.381628 0.107297 0.407788 0.457478 0.645497 0.381628 0.107297 0.407788 0.465298 0.645718 0.381628 0.107297 0.407788 0.467253 0.645965 0.381628 0.107297 0.407788 0.468231 0.646186 0.381690 0.107297 0.407788 0.462366 0.646407 0.381890 0.107297 0.407788 0.438905 
0.645497 0.381628 0.107297 0.407788 0.465298 0.645718 0.381628 0.107297 0.407788 0.467253 0.645965 0.381628 0.107297 0.407788 0.468231 0.646186 0.381690 0.107297 0.407788 0.462366 0.646407 0.381890 0.107297 0.407788 0.438905 0.646654 0.382167 0.107297 0.407788 0.385142 
0.645718 0.381628 0.107297 0.407788 0.467253 0.645965 0.381628 0.107297 0.407788 0.468231 0.646186 0.381690 0.107297 0.407788 0.462366 0.646407 0.381890 0.107297 0.407788 0.438905 0.646654 0.382167 0.107297 0.407788 0.385142 0.646875 0.382505 0.107297 0.407788 0.309873 
0.645965 0.381628 0.107297 0.407788 0.468231 0.646186 0.381690 0.107297 0.407788 0.462366 0.646407 0.381890 0.107297 0.407788 0.438905 0.646654 0.382167 0.107297 0.407788 0.385142 0.646875 0.382505 0.107297 0.407788 0.309873 0.647023 0.382905 0.107297 0.407788 0.222874 
0.646186 0.381690 0.107297 0.407788 0.462366 0.646407 0.381890 0.107297 0.407788 0.438905 0.646654 0.382167 0.107297 0.407788 0.385142 0.646875 0.382505 0.107297 0.407788 0.309873 0.647023 0.382905 0.107297 0.407788 0.222874 0.647146 0.383351 0.107297 0.407788 0.128055 
0.646407 0.381890 0.107297 0.407788 0.438905 0.646654 0.382167 0.107297 0.407788 0.385142 0.646875 0.382505 0.107297 0.407788 0.309873 0.647023 0.382905 0.107297 0.407788 0.222874 0.647146 0.383351 0.107297 0.407788 0.128055 0.647343 0.384366 0.107297 0.407788 0.000000 
0.646654 0.382167 0.107297 0.407788 0.385142 0.646875 0.382505 0.107297 0.407788 0.309873 0.647023 0.382905 0.107297 0.407788 0.222874 0.647146 0.383351 0.107297 0.407788 0.128055 0.647343 0.384366 0.107297 0.407788 0.000000 0.647343 0.384919 0.107297 0.407788 0.000000 
0.646875 0.382505 0.107297 0.407788 0.309873 0.647023 0.382905 0.107297 0.407788 0.222874 0.647146 0.383351 0.107297 0.407788 0.128055 0.647343 0.384366 0.107297 0.407788 0.000000 0.647343 0.384919 0.107297 0.407788 0.000000 0.647343 0.385427 0.107297 0.407788 0.000000 
0.647023 0.382905 0.107297 0.407788 0.222874 0.647146 0.383351 0.107297 0.407788 0.128055 0.647343 0.384366 0.107297 0.407788 0.000000 0.647343 0.384919 0.107297 0.407788 0.000000 0.647343 0.385427 0.107297 0.407788 0.000000 0.647343 0.385873 0.107297 0.407788 0.000000 
0.647146 0.383351 0.107297 0.407788 0.128055 0.647343 0.384366 0.107297 0.407788 0.000000 0.647343 0.384919 0.107297 0.407788 0.000000 0.647343 0.385427 0.107297 0.407788 0.000000 0.647343 0.385873 0.107297 0.407788 0.000000 0.647343 0.386273 0.107297 0.407788 0.000000 
0.647343 0.384366 0.107297 0.407788 0.000000 0.647343 0.384919 0.107297 0.407788 0.000000 0.647343 0.385427 0.107297 0.407788 0.000000 0.647343 0.385873 0.107297 0.407788 0.000000 0.647343 0.386273 0.107297 0.407788 0.000000 0.647343 0.386580 0.122111 0.404393 0.000000 
0.647343 0.384919 0.107297 0.407788 0.000000 0.647343 0.385427 0.107297 0.407788 0.000000 0.647343 0.385873 0.107297 0.407788 0.000000 0.647343 0.386273 0.107297 0.407788 0.000000 0.647343 0.386580 0.122111 0.404393 0.000000 0.647343 0.386811 0.122111 0.404393 0.000000 
0.647343 0.385427 0.107297 0.407788 0.000000 0.647343 0.385873 0.107297 0.407788 0.000000 0.647343 0.386273 0.107297 0.407788 0.000000 0.647343 0.386580 0.122111 0.404393 0.000000 0.647343 0.386811 0.122111 0.404393 0.000000 0.647343 0.386980 0.122111 0.404393 0.000000 
0.647343 0.385873 0.107297 0.407788 0.000000 0.647343 0.386273 0.107297 0.407788 0.000000 0.647343 0.386580 0.122111 0.404393 0.000000 0.647343 0.386811 0.122111 0.404393 0.000000 0.647343 0.386980 0.122111 0.404393 0.000000 0.647343 0.387072 0.122111 0.404393 0.000000 
0.647343 0.386273 0.107297 0.407788 0.000000 0.647343 0.386580 0.122111 0.404393 0.000000 0.647343 0.386811 0.122111 0.404393 0.000000 0.647343 0.386980 0.122111 0.404393 0.000000 0.647343 0.387072 0.122111 0.404393 0.000000 0.647244 0.387103 0.122111 0.404393 0.000000 
0.647343 0.386580 0.122111 0.404393 0.000000 0.647343 0.386811 0.122111 0.404393 0.000000 0.647343 0.386980 0.122111 0.404393 0.000000 0.647343 0.387072 0.122111 0.404393 0.000000 0.647244 0.387103 0.122111 0.404393 0.000000 0.647146 0.387103 0.122111 0.404393 0.332356 
0.647343 0.386811 0.122111 0.404393 0.000000 0.647343 0.386980 0.122111 0.404393 0.000000 0.647343 0.387072 0.122111 0.404393 0.000000 0.647244 0.387103 0.122111 0.404393 0.000000 0.647146 0.387103 0.122111 0.404393 0.332356 0.647023 0.387103 0.122111 0.404393 0.441838 
0.647343 0.386980 0.122111 0.404393 0.000000 0.647343 0.387072 0.122111 0.404393 0.000000 0.647244 0.387103 0.122111 0.404393 0.000000 0.647146 0.387103 0.122111 0.404393 0.332356 0.647023 0.387103 0.122111 0.404393 0.441838 0.646924 0.387103 0.137326 0.381669 0.543500 
0.647343 0.387072 0.122111 0.404393 0.000000 0.647244 0.387103 0.122111 0.404393 0.000000 0.647146 0.387103 0.122111 0.404393 0.332356 0.647023 0.387103 0.122111 0.404393 0.441838 0.646924 0.387103 0.137326 0.381669 0.543500 0.646826 0.387103 0.123473 0.385606 0.638319 
0.647244 0.387103 0.122111 0.404393 0.000000 0.647146 0.387103 0.122111 0.404393 0.332356 0.647023 0.387103 0.122111 0.404393 0.441838 0.646924 0.387103 0.137326 0.381669 0.543500 0.646826 0.387103 0.123473 0.385606 0.638319 0.646752 0.387103 0.123473 0.385606 0.722385 
0.647146 0.387103 0.122111 0.404393 0.332356 0.647023 0.387103 0.122111 0.404393 0.441838 0.646924 0.387103 0.137326 0.381669 0.543500 0.646826 0.387103 0.123473 0.385606 0.638319 0.646752 0.387103 0.123473 0.385606 0.722385 0.646678 0.387103 0.123473 0.385606 0.798631 
0.647023 0.387103 0.122111 0.404393 0.441838 0.646924 0.387103 0.137326 0.381669 0.543500 0.646826 0.387103 0.123473 0.385606 0.638319 0.646752 0.387103 0.123473 0.385606 0.722385 0.646678 0.387103 0.123473 0.385606 0.798631 0.646629 0.387103 0.123473 0.385606 0.851417 
0.646924 0.387103 0.137326 0.381669 0.543500 0.646826 0.387103 0.123473 0.385606 0.638319 0.646752 0.387103 0.123473 0.385606 0.722385 0.646678 0.387103 0.123473 0.385606 0.798631 0.646629 0.387103 0.123473 0.385606 0.851417 0.646580 0.387103 0.123473 0.385606 0.881720 
0.646826 0.387103 0.123473 0.385606 0.638319 0.646752 0.387103 0.123473 0.385606 0.722385 0.646678 0.387103 0.123473 0.385606 0.798631 0.646629 0.387103 0.123473 0.385606 0.851417 0.646580 0.387103 0.123473 0.385606 0.881720 0.646555 0.387103 0.123473 0.385606 0.892473 
0.646752 0.387103 0.123473 0.385606 0.722385 0.646678 0.387103 0.123473 0.385606 0.798631 0.646629 0.387103 0.123473 0.385606 0.851417 0.646580 0.387103 0.123473 0.385606 0.881720 0.646555 0.387103 0.123473 0.385606 0.892473 0.646530 0.387026 0.123473 0.385606 0.709677 
0.646678 0.387103 0.123473 0.385606 0.798631 0.646629 0.387103 0.123473 0.385606 0.851417 0.646580 0.387103 0.123473 0.385606 0.881720 0.646555 0.387103 0.123473 0.385606 0.892473 0.646530 0.387026 0.123473 0.385606 0.709677 0.646383 0.386965 0.123473 0.385606 0.556207 
0.646629 0.387103 0.123473 0.385606 0.851417 0.646580 0.387103 0.123473 0.385606 0.881720 0.646555 0.387103 0.123473 0.385606 0.892473 0.646530 0.387026 0.123473 0.385606 0.709677 0.646383 0.386965 0.123473 0.385606 0.556207 0.646038 0.386934 0.123473 0.385606 0.198436 
0.646580 0.387103 0.123473 0.385606 0.881720 0.646555 0.387103 0.123473 0.385606 0.892473 0.646530 0.387026 0.123473 0.385606 0.709677 0.646383 0.386965 0.123473 0.385606 0.556207 0.646038 0.386934 0.123473 0.385606 0.198436 0.645054 0.386919 0.122111 0.404393 0.000000 
0.646555 0.387103 0.123473 0.385606 0.892473 0.646530 0.387026 0.123473 0.385606 0.709677 0.646383 0.386965 0.123473 0.385606 0.556207 0.646038 0.386934 0.123473 0.385606 0.198436 0.645054 0.386919 0.122111 0.404393 0.000000 0.644341 0.386919 0.122111 0.404393 0.000000 
0.646530 0.387026 0.123473 0.385606 0.709677 0.646383 0.386965 0.123473 0.385606 0.556207 0.646038 0.386934 0.123473 0.385606 0.198436 0.645054 0.386919 0.122111 0.404393 0.000000 0.644341 0.386919 0.122111 0.404393 0.000000 0.643529 0.386934 0.122111 0.404393 0.000000 
0.646383 0.386965 0.123473 0.385606 0.556207 0.646038 0.386934 0.123473 0.385606 0.198436 0.645054 0.386919 0.122111 0.404393 0.000000 0.644341 0.386919 0.122111 0.404393 0.000000 0.643529 0.386934 0.122111 0.404393 0.000000 0.642470 0.387257 0.109423 0.389107 0.000000 
0.646038 0.386934 0.123473 0.385606 0.198436 0.645054 0.386919 0.122111 0.404393 0.000000 0.644341 0.386919 0.122111 0.404393 0.000000 0.643529 0.386934 0.122111 0.404393 0.000000 0.642470 0.387257 0.109423 0.389107 0.000000 0.641339 0.387611 0.109423 0.389107 0.000000 
0.645054 0.386919 0.122111 0.404393 0.000000 0.644341 0.386919 0.122111 0.404393 0.000000 0.643529 0.386934 0.122111 0.404393 0.000000 0.642470 0.387257 0.109423 0.389107 0.000000 0.641339 0.387611 0.109423 0.389107 0.000000 0.640010 0.388072 0.105415 0.353495 0.000000 
0.644341 0.386919 0.122111 0.404393 0.000000 0.643529 0.386934 0.122111 0.404393 0.000000 0.642470 0.387257 0.109423 0.389107 0.000000 0.641339 0.387611 0.109423 0.389107 0.000000 0.640010 0.388072 0.105415 0.353495 0.000000 0.638460 0.388595 0.106016 0.334951 0.000000 
0.643529 0.386934 0.122111 0.404393 0.000000 0.642470 0.387257 0.109423 0.389107 0.000000 0.641339 0.387611 0.109423 0.389107 0.000000 0.640010 0.388072 0.105415 0.353495 0.000000 0.638460 0.388595 0.106016 0.334951 0.000000 0.636737 0.389210 0.089322 0.302733 0.000000 
0.642470 0.387257 0.109423 0.389107 0.000000 0.641339 0.387611 0.109423 0.389107 0.000000 0.640010 0.388072 0.105415 0.353495 0.000000 0.638460 0.388595 0.106016 0.334951 0.000000 0.636737 0.389210 0.089322 0.302733 0.000000 0.634769 0.390010 0.069239 0.253262 0.000000 
0.641339 0.387611 0.109423 0.389107 0.000000 0.640010 0.388072 0.105415 0.353495 0.000000 0.638460 0.388595 0.106016 0.334951 0.000000 0.636737 0.389210 0.089322 0.302733 0.000000 0.634769 0.390010 0.069239 0.253262 0.000000 0.632505 0.390886 0.071222 0.216139 0.000000 
0.640010 0.388072 0.105415 0.353495 0.000000 0.638460 0.388595 0.106016 0.334951 0.000000 0.636737 0.389210 0.089322 0.302733 0.000000 0.634769 0.390010 0.069239 0.253262 0.000000 0.632505 0.390886 0.071222 0.216139 0.000000 0.630143 0.392024 0.051507 0.167051 0.000000 
0.638460 0.388595 0.106016 0.334951 0.000000 0.636737 0.389210 0.089322 0.302733 0.000000 0.634769 0.390010 0.069239 0.253262 0.000000 0.632505 0.390886 0.071222 0.216139 0.000000 0.630143 0.392024 0.051507 0.167051 0.000000 0.627288 0.393316 0.033831 0.117485 0.000000 
0.622761 0.383228 0.367254 0.457552 0.000000 0.623376 0.383505 0.367254 0.457552 0.000000 0.623942 0.383751 0.367254 0.457552 0.000000 0.624508 0.384012 0.361515 0.436865 0.000000 0.625049 0.384273 0.361515 0.436865 0.000000 0.625640 0.384550 0.348508 0.421760 0.000000 
0.623376 0.383505 0.367254 0.457552 0.000000 0.623942 0.383751 0.367254 0.457552 0.000000 0.624508 0.384012 0.361515 0.436865 0.000000 0.625049 0.384273 0.361515 0.436865 0.000000 0.625640 0.384550 0.348508 0.421760 0.000000 0.626230 0.384827 0.348791 0.396218 0.000000 
0.623942 0.383751 0.367254 0.457552 0.000000 0.624508 0.384012 0.361515 0.436865 0.000000 0.625049 0.384273 0.361515 0.436865 0.000000 0.625640 0.384550 0.348508 0.421760 0.000000 0.626230 0.384827 0.348791 0.396218 0.000000 0.626845 0.385089 0.348791 0.396218 0.000000 
0.624508 0.384012 0.361515 0.436865 0.000000 0.625049 0.384273 0.361515 0.436865 0.000000 0.625640 0.384550 0.348508 0.421760 0.000000 0.626230 0.384827 0.348791 0.396218 0.000000 0.626845 0.385089 0.348791 0.396218 0.000000 0.627387 0.385365 0.348791 0.396218 0.000000 
0.625049 0.384273 0.361515 0.436865 0.000000 0.625640 0.384550 0.348508 0.421760 0.000000 0.626230 0.384827 0.348791 0.396218 0.000000 0.626845 0.385089 0.348791 0.396218 0.000000 0.627387 0.385365 0.348791 0.396218 0.000000 0.627928 0.385611 0.355176 0.390750 0.000000 
0.625640 0.384550 0.348508 0.421760 0.000000 0.626230 0.384827 0.348791 0.396218 0.000000 0.626845 0.385089 0.348791 0.396218 0.000000 0.627387 0.385365 0.348791 0.396218 0.000000 0.627928 0.385611 0.355176 0.390750 0.000000 0.628420 0.385842 0.355176 0.390750 0.000000 
0.626230 0.384827 0.348791 0.396218 0.000000 0.626845 0.385089 0.348791 0.396218 0.000000 0.627387 0.385365 0.348791 0.396218 0.000000 0.627928 0.385611 0.355176 0.390750 0.000000 0.628420 0.385842 0.355176 0.390750 0.000000 0.628814 0.386057 0.355176 0.390750 0.000000 
0.626845 0.385089 0.348791 0.396218 0.000000 0.627387 0.385365 0.348791 0.396218 0.000000 0.627928 0.385611 0.355176 0.390750 0.000000 0.628420 0.385842 0.355176 0.390750 0.000000 0.628814 0.386057 0.355176 0.390750 0.000000 0.629183 0.386227 0.347877 0.370873 0.000000 
0.627387 0.385365 0.348791 0.396218 0.000000 0.627928 0.385611 0.355176 0.390750 0.000000 0.628420 0.385842 0.355176 0.390750 0.000000 0.628814 0.386057 0.355176 0.390750 0.000000 0.629183 0.386227 0.347877 0.370873 0.000000 0.629454 0.386396 0.347877 0.370873 0.000000 
0.627928 0.385611 0.355176 0.390750 0.000000 0.628420 0.385842 0.355176 0.390750 0.000000 0.628814 0.386057 0.355176 0.390750 0.000000 0.629183 0.386227 0.347877 0.370873 0.000000 0.629454 0.386396 0.347877 0.370873 0.000000 0.629651 0.386519 0.347877 0.370873 0.000000 
0.628420 0.385842 0.355176 0.390750 0.000000 0.628814 0.386057 0.355176 0.390750 0.000000 0.629183 0.386227 0.347877 0.370873 0.000000 0.629454 0.386396 0.347877 0.370873 0.000000 0.629651 0.386519 0.347877 0.370873 0.000000 0.629798 0.386611 0.347877 0.370873 0.000000 
0.628814 0.386057 0.355176 0.390750 0.000000 0.629183 0.386227 0.347877 0.370873 0.000000 0.629454 0.386396 0.347877 0.370873 0.000000 0.629651 0.386519 0.347877 0.370873 0.000000 0.629798 0.386611 0.347877 0.370873 0.000000 0.629897 0.386673 0.347877 0.370873 0.000000 
0.629183 0.386227 0.347877 0.370873 0.000000 0.629454 0.386396 0.347877 0.370873 0.000000 0.629651 0.386519 0.347877 0.370873 0.000000 0.629798 0.386611 0.347877 0.370873 0.000000 0.629897 0.386673 0.347877 0.370873 0.000000 0.629946 0.386719 0.347877 0.370873 0.000000 
0.629454 0.386396 0.347877 0.370873 0.000000 0.629651 0.386519 0.347877 0.370873 0.000000 0.629798 0.386611 0.347877 0.370873 0.000000 0.629897 0.386673 0.347877 0.370873 0.000000 0.629946 0.386719 0.347877 0.370873 0.000000 0.629970 0.386750 0.347877 0.370873 0.000000 
0.629651 0.386519 0.347877 0.370873 0.000000 0.629798 0.386611 0.347877 0.370873 0.000000 0.629897 0.386673 0.347877 0.370873 0.000000 0.629946 0.386719 0.347877 0.370873 0.000000 0.629970 0.386750 0.347877 0.370873 0.000000 0.629995 0.386765 0.347877 0.370873 0.000000 
0.629798 0.386611 0.347877 0.370873 0.000000 0.629897 0.386673 0.347877 0.370873 0.000000 0.629946 0.386719 0.347877 0.370873 0.000000 0.629970 0.386750 0.347877 0.370873 0.000000 0.629995 0.386765 0.347877 0.370873 0.000000 0.630044 0.386765 0.345811 0.345811 0.034213 
0.629897 0.386673 0.347877 0.370873 0.000000 0.629946 0.386719 0.347877 0.370873 0.000000 0.629970 0.386750 0.347877 0.370873 0.000000 0.629995 0.386765 0.347877 0.370873 0.000000 0.630044 0.386765 0.345811 0.345811 0.034213 0.630069 0.386765 0.345811 0.345811 0.056696 
0.629946 0.386719 0.347877 0.370873 0.000000 0.629970 0.386750 0.347877 0.370873 0.000000 0.629995 0.386765 0.347877 0.370873 0.000000 0.630044 0.386765 0.345811 0.345811 0.034213 0.630069 0.386765 0.345811 0.345811 0.056696 0.630143 0.386765 0.345811 0.345811 0.080156 
0.629970 0.386750 0.347877 0.370873 0.000000 0.629995 0.386765 0.347877 0.370873 0.000000 0.630044 0.386765 0.345811 0.345811 0.034213 0.630069 0.386765 0.345811 0.345811 0.056696 0.630143 0.386765 0.345811 0.345811 0.080156 0.630266 0.386765 0.345811 0.345811 0.097752 
0.629995 0.386765 0.347877 0.370873 0.000000 0.630044 0.386765 0.345811 0.345811 0.034213 0.630069 0.386765 0.345811 0.345811 0.056696 0.630143 0.386765 0.345811 0.345811 0.080156 0.630266 0.386765 0.345811 0.345811 0.097752 0.630364 0.386765 0.345811 0.345811 0.114370 
0.630044 0.386765 0.345811 0.345811 0.034213 0.630069 0.386765 0.345811 0.345811 0.056696 0.630143 0.386765 0.345811 0.345811 0.080156 0.630266 0.386765 0.345811 0.345811 0.097752 0.630364 0.386765 0.345811 0.345811 0.114370 0.630536 0.386765 0.345811 0.345811 0.139785 
0.630069 0.386765 0.345811 0.345811 0.056696 0.630143 0.386765 0.345811 0.345811 0.080156 0.630266 0.386765 0.345811 0.345811 0.097752 0.630364 0.386765 0.345811 0.345811 0.114370 0.630536 0.386765 0.345811 0.345811 0.139785 0.630684 0.386765 0.345811 0.345811 0.171065 
0.630143 0.386765 0.345811 0.345811 0.080156 0.630266 0.386765 0.345811 0.345811 0.097752 0.630364 0.386765 0.345811 0.345811 0.114370 0.630536 0.386765 0.345811 0.345811 0.139785 0.630684 0.386765 0.345811 0.345811 0.171065 0.630832 0.386765 0.345811 0.345811 0.210166 
0.630266 0.386765 0.345811 0.345811 0.097752 0.630364 0.386765 0.345811 0.345811 0.114370 0.630536 0.386765 0.345811 0.345811 0.139785 0.630684 0.386765 0.345811 0.345811 0.171065 0.630832 0.386765 0.345811 0.345811 0.210166 0.630979 0.386703 0.345811 0.345811 0.242424 
0.630364 0.386765 0.345811 0.345811 0.114370 0.630536 0.386765 0.345811 0.345811 0.139785 0.630684 0.386765 0.345811 0.345811 0.171065 0.630832 0.386765 0.345811 0.345811 0.210166 0.630979 0.386703 0.345811 0.345811 0.242424 0.631152 0.386626 0.345811 0.345811 0.269795 
0.630536 0.386765 0.345811 0.345811 0.139785 0.630684 0.386765 0.345811 0.345811 0.171065 0.630832 0.386765 0.345811 0.345811 0.210166 0.630979 0.386703 0.345811 0.345811 0.242424 0.631152 0.386626 0.345811 0.345811 0.269795 0.631348 0.386550 0.345811 0.345811 0.297165 
0.630684 0.386765 0.345811 0.345811 0.171065 0.630832 0.386765 0.345811 0.345811 0.210166 0.630979 0.386703 0.345811 0.345811 0.242424 0.631152 0.386626 0.345811 0.345811 0.269795 0.631348 0.386550 0.345811 0.345811 0.297165 0.631545 0.386457 0.345811 0.345811 0.326491 
0.630832 0.386765 0.345811 0.345811 0.210166 0.630979 0.386703 0.345811 0.345811 0.242424 0.631152 0.386626 0.345811 0.345811 0.269795 0.631348 0.386550 0.345811 0.345811 0.297165 0.631545 0.386457 0.345811 0.345811 0.326491 0.631791 0.386365 0.345811 0.345811 0.351906 
0.630979 0.386703 0.345811 0.345811 0.242424 0.631152 0.386626 0.345811 0.345811 0.269795 0.631348 0.386550 0.345811 0.345811 0.297165 0.631545 0.386457 0.345811 0.345811 0.326491 0.631791 0.386365 0.345811 0.345811 0.351906 0.632013 0.386257 0.345811 0.345811 0.368524 
0.631152 0.386626 0.345811 0.345811 0.269795 0.631348 0.386550 0.345811 0.345811 0.297165 0.631545 0.386457 0.345811 0.345811 0.326491 0.631791 0.386365 0.345811 0.345811 0.351906 0.632013 0.386257 0.345811 0.345811 0.368524 0.632259 0.386134 0.345811 0.345811 0.382209 
0.631348 0.386550 0.345811 0.345811 0.297165 0.631545 0.386457 0.345811 0.345811 0.326491 0.631791 0.386365 0.345811 0.345811 0.351906 0.632013 0.386257 0.345811 0.345811 0.368524 0.632259 0.386134 0.345811 0.345811 0.382209 0.632529 0.386042 0.345811 0.345811 0.401760 
0.631545 0.386457 0.345811 0.345811 0.326491 0.631791 0.386365 0.345811 0.345811 0.351906 0.632013 0.386257 0.345811 0.345811 0.368524 0.632259 0.386134 0.345811 0.345811 0.382209 0.632529 0.386042 0.345811 0.345811 0.401760 0.632776 0.385950 0.345811 0.345811 0.420332 
0.631791 0.386365 0.345811 0.345811 0.351906 0.632013 0.386257 0.345811 0.345811 0.368524 0.632259 0.386134 0.345811 0.345811 0.382209 0.632529 0.386042 0.345811 0.345811 0.401760 0.632776 0.385950 0.345811 0.345811 0.420332 0.632948 0.385858 0.345811 0.345811 0.431085 
0.632013 0.386257 0.345811 0.345811 0.368524 0.632259 0.386134 0.345811 0.345811 0.382209 0.632529 0.386042 0.345811 0.345811 0.401760 0.632776 0.385950 0.345811 0.345811 0.420332 0.632948 0.385858 0.345811 0.345811 0.431085 0.633120 0.385781 0.345811 0.345811 0.440860 
0.632259 0.386134 0.345811 0.345811 0.382209 0.632529 0.386042 0.345811 0.345811 0.401760 0.632776 0.385950 0.345811 0.345811 0.420332 0.632948 0.385858 0.345811 0.345811 0.431085 0.633120 0.385781 0.345811 0.345811 0.440860 0.633219 0.385734 0.356703 0.334442 0.454545 
0.632529 0.386042 0.345811 0.345811 0.401760 0.632776 0.385950 0.345811 0.345811 0.420332 0.632948 0.385858 0.345811 0.345811 0.431085 0.633120 0.385781 0.345811 0.345811 0.440860 0.633219 0.385734 0.356703 0.334442 0.454545 0.633243 0.385688 0.356703 0.334442 0.475073 
0.632776 0.385950 0.345811 0.345811 0.420332 0.632948 0.385858 0.345811 0.345811 0.431085 0.633120 0.385781 0.345811 0.345811 0.440860 0.633219 0.385734 0.356703 0.334442 0.454545 0.633243 0.385688 0.356703 0.334442 0.475073 0.633243 0.385658 0.356703 0.334442 0.503421 
0.632948 0.385858 0.345811 0.345811 0.431085 0.633120 0.385781 0.345811 0.345811 0.440860 0.633219 0.385734 0.356703 0.334442 0.454545 0.633243 0.385688 0.356703 0.334442 0.475073 0.633243 0.385658 0.356703 0.334442 0.503421 0.633243 0.385642 0.356703 0.334442 0.533724 
0.633120 0.385781 0.345811 0.345811 0.440860 0.633219 0.385734 0.356703 0.334442 0.454545 0.633243 0.385688 0.356703 0.334442 0.475073 0.633243 0.385658 0.356703 0.334442 0.503421 0.633243 0.385642 0.356703 0.334442 0.533724 0.633243 0.385596 0.356703 0.334442 0.570870 
0.633219 0.385734 0.356703 0.334442 0.454545 0.633243 0.385688 0.356703 0.334442 0.475073 0.633243 0.385658 0.356703 0.334442 0.503421 0.633243 0.385642 0.356703 0.334442 0.533724 0.633243 0.385596 0.356703 0.334442 0.570870 0.633219 0.385535 0.356703 0.334442 0.607038 
0.633243 0.385688 0.356703 0.334442 0.475073 0.633243 0.385658 0.356703 0.334442 0.503421 0.633243 0.385642 0.356703 0.334442 0.533724 0.633243 0.385596 0.356703 0.334442 0.570870 0.633219 0.385535 0.356703 0.334442 0.607038 0.632923 0.385504 0.356703 0.334442 0.639296 
0.633243 0.385658 0.356703 0.334442 0.503421 0.633243 0.385642 0.356703 0.334442 0.533724 0.633243 0.385596 0.356703 0.334442 0.570870 0.633219 0.385535 0.356703 0.334442 0.607038 0.632923 0.385504 0.356703 0.334442 0.639296 0.632529 0.385458 0.356703 0.334442 0.667644 
0.633243 0.385642 0.356703 0.334442 0.533724 0.633243 0.385596 0.356703 0.334442 0.570870 0.633219 0.385535 0.356703 0.334442 0.607038 0.632923 0.385504 0.356703 0.334442 0.639296 0.632529 0.385458 0.356703 0.334442 0.667644 0.632111 0.385427 0.347728 0.315459 0.689150 
0.633243 0.385596 0.356703 0.334442 0.570870 0.633219 0.385535 0.356703 0.334442 0.607038 0.632923 0.385504 0.356703 0.334442 0.639296 0.632529 0.385458 0.356703 0.334442 0.667644 0.632111 0.385427 0.347728 0.315459 0.689150 0.631619 0.385412 0.347728 0.315459 0.706745 
0.633219 0.385535 0.356703 0.334442 0.607038 0.632923 0.385504 0.356703 0.334442 0.639296 0.632529 0.385458 0.356703 0.334442 0.667644 0.632111 0.385427 0.347728 0.315459 0.689150 0.631619 0.385412 0.347728 0.315459 0.706745 0.630979 0.385396 0.347728 0.315459 0.744868 
0.632923 0.385504 0.356703 0.334442 0.639296 0.632529 0.385458 0.356703 0.334442 0.667644 0.632111 0.385427 0.347728 0.315459 0.689150 0.631619 0.385412 0.347728 0.315459 0.706745 0.630979 0.385396 0.347728 0.315459 0.744868 0.630143 0.385365 0.347728 0.315459 0.766373 
0.632529 0.385458 0.356703 0.334442 0.667644 0.632111 0.385427 0.347728 0.315459 0.689150 0.631619 0.385412 0.347728 0.315459 0.706745 0.630979 0.385396 0.347728 0.315459 0.744868 0.630143 0.385365 0.347728 0.315459 0.766373 0.629134 0.385335 0.347728 0.315459 0.788856 
0.632111 0.385427 0.347728 0.315459 0.689150 0.631619 0.385412 0.347728 0.315459 0.706745 0.630979 0.385396 0.347728 0.315459 0.744868 0.630143 0.385365 0.347728 0.315459 0.766373 0.629134 0.385335 0.347728 0.315459 0.788856 0.627904 0.385304 0.347728 0.315459 0.815249 
0.631619 0.385412 0.347728 0.315459 0.706745 0.630979 0.385396 0.347728 0.315459 0.744868 0.630143 0.385365 0.347728 0.315459 0.766373 0.629134 0.385335 0.347728 0.315459 0.788856 0.627904 0.385304 0.347728 0.315459 0.815249 0.626501 0.385273 0.347728 0.315459 0.810362 
