0.620153 0.392101 0.424289 -0.792643 0.323558 0.621161 0.391286 0.424289 -0.792643 0.317693 0.622170 0.390456 0.424289 -0.792643 0.326491 0.623179 0.389625 0.424289 -0.792643 0.325513 0.624188 0.388810 0.425514 -0.771147 0.335288 0.625148 0.388041 0.425514 -0.771147 0.337243 
0.621161 0.391286 0.424289 -0.792643 0.317693 0.622170 0.390456 0.424289 -0.792643 0.326491 0.623179 0.389625 0.424289 -0.792643 0.325513 0.624188 0.388810 0.425514 -0.771147 0.335288 0.625148 0.388041 0.425514 -0.771147 0.337243 0.626058 0.387349 0.425514 -0.771147 0.337243 
0.622170 0.390456 0.424289 -0.792643 0.326491 0.623179 0.389625 0.424289 -0.792643 0.325513 0.624188 0.388810 0.425514 -0.771147 0.335288 0.625148 0.388041 0.425514 -0.771147 0.337243 0.626058 0.387349 0.425514 -0.771147 0.337243 0.626919 0.386719 0.425514 -0.771147 0.347019 
0.623179 0.389625 0.424289 -0.792643 0.325513 0.624188 0.388810 0.425514 -0.771147 0.335288 0.625148 0.388041 0.425514 -0.771147 0.337243 0.626058 0.387349 0.425514 -0.771147 0.337243 0.626919 0.386719 0.425514 -0.771147 0.347019 0.627805 0.386119 0.425514 -0.771147 0.342131 
0.624188 0.388810 0.425514 -0.771147 0.335288 0.625148 0.388041 0.425514 -0.771147 0.337243 0.626058 0.387349 0.425514 -0.771147 0.337243 0.626919 0.386719 0.425514 -0.771147 0.347019 0.627805 0.386119 0.425514 -0.771147 0.342131 0.628592 0.385550 0.411295 -0.775123 0.341153 
0.625148 0.388041 0.425514 -0.771147 0.337243 0.626058 0.387349 0.425514 -0.771147 0.337243 0.626919 0.386719 0.425514 -0.771147 0.347019 0.627805 0.386119 0.425514 -0.771147 0.342131 0.628592 0.385550 0.411295 -0.775123 0.341153 0.629405 0.384996 0.398638 -0.757658 0.346041 
0.626058 0.387349 0.425514 -0.771147 0.337243 0.626919 0.386719 0.425514 -0.771147 0.347019 0.627805 0.386119 0.425514 -0.771147 0.342131 0.628592 0.385550 0.411295 -0.775123 0.341153 0.629405 0.384996 0.398638 -0.757658 0.346041 0.630143 0.384504 0.398638 -0.757658 0.348974 
0.626919 0.386719 0.425514 -0.771147 0.347019 0.627805 0.386119 0.425514 -0.771147 0.342131 0.628592 0.385550 0.411295 -0.775123 0.341153 0.629405 0.384996 0.398638 -0.757658 0.346041 0.630143 0.384504 0.398638 -0.757658 0.348974 0.630856 0.384027 0.398638 -0.757658 0.344086 
0.627805 0.386119 0.425514 -0.771147 0.342131 0.628592 0.385550 0.411295 -0.775123 0.341153 0.629405 0.384996 0.398638 -0.757658 0.346041 0.630143 0.384504 0.398638 -0.757658 0.348974 0.630856 0.384027 0.398638 -0.757658 0.344086 0.631545 0.383566 0.398638 -0.757658 0.340176 
0.628592 0.385550 0.411295 -0.775123 0.341153 0.629405 0.384996 0.398638 -0.757658 0.346041 0.630143 0.384504 0.398638 -0.757658 0.348974 0.630856 0.384027 0.398638 -0.757658 0.344086 0.631545 0.383566 0.398638 -0.757658 0.340176 0.632185 0.383089 0.398638 -0.757658 0.347019 
0.629405 0.384996 0.398638 -0.757658 0.346041 0.630143 0.384504 0.398638 -0.757658 0.348974 0.630856 0.384027 0.398638 -0.757658 0.344086 0.631545 0.383566 0.398638 -0.757658 0.340176 0.632185 0.383089 0.398638 -0.757658 0.347019 0.632776 0.382628 0.398638 -0.757658 0.348974 
0.630143 0.384504 0.398638 -0.757658 0.348974 0.630856 0.384027 0.398638 -0.757658 0.344086 0.631545 0.383566 0.398638 -0.757658 0.340176 0.632185 0.383089 0.398638 -0.757658 0.347019 0.632776 0.382628 0.398638 -0.757658 0.348974 0.633317 0.382182 0.411295 -0.775123 0.351906 
0.630856 0.384027 0.398638 -0.757658 0.344086 0.631545 0.383566 0.398638 -0.757658 0.340176 0.632185 0.383089 0.398638 -0.757658 0.347019 0.632776 0.382628 0.398638 -0.757658 0.348974 0.633317 0.382182 0.411295 -0.775123 0.351906 0.633883 0.381736 0.411295 -0.775123 0.350929 
0.631545 0.383566 0.398638 -0.757658 0.340176 0.632185 0.383089 0.398638 -0.757658 0.347019 0.632776 0.382628 0.398638 -0.757658 0.348974 0.633317 0.382182 0.411295 -0.775123 0.351906 0.633883 0.381736 0.411295 -0.775123 0.350929 0.634400 0.381244 0.411295 -0.775123 0.351906 
0.632185 0.383089 0.398638 -0.757658 0.347019 0.632776 0.382628 0.398638 -0.757658 0.348974 0.633317 0.382182 0.411295 -0.775123 0.351906 0.633883 0.381736 0.411295 -0.775123 0.350929 0.634400 0.381244 0.411295 -0.775123 0.351906 0.634941 0.380752 0.411295 -0.775123 0.348974 
0.632776 0.382628 0.398638 -0.757658 0.348974 0.633317 0.382182 0.411295 -0.775123 0.351906 0.633883 0.381736 0.411295 -0.775123 0.350929 0.634400 0.381244 0.411295 -0.775123 0.351906 0.634941 0.380752 0.411295 -0.775123 0.348974 0.635458 0.380260 0.411295 -0.775123 0.347996 
0.633317 0.382182 0.411295 -0.775123 0.351906 0.633883 0.381736 0.411295 -0.775123 0.350929 0.634400 0.381244 0.411295 -0.775123 0.351906 0.634941 0.380752 0.411295 -0.775123 0.348974 0.635458 0.380260 0.411295 -0.775123 0.347996 0.635950 0.379752 0.411295 -0.775123 0.349951 
0.633883 0.381736 0.411295 -0.775123 0.350929 0.634400 0.381244 0.411295 -0.775123 0.351906 0.634941 0.380752 0.411295 -0.775123 0.348974 0.635458 0.380260 0.411295 -0.775123 0.347996 0.635950 0.379752 0.411295 -0.775123 0.349951 0.636417 0.379260 0.411295 -0.775123 0.346041 
0.634400 0.381244 0.411295 -0.775123 0.351906 0.634941 0.380752 0.411295 -0.775123 0.348974 0.635458 0.380260 0.411295 -0.775123 0.347996 0.635950 0.379752 0.411295 -0.775123 0.349951 0.636417 0.379260 0.411295 -0.775123 0.346041 0.636885 0.378799 0.411295 -0.775123 0.346041 
0.634941 0.380752 0.411295 -0.775123 0.348974 0.635458 0.380260 0.411295 -0.775123 0.347996 0.635950 0.379752 0.411295 -0.775123 0.349951 0.636417 0.379260 0.411295 -0.775123 0.346041 0.636885 0.378799 0.411295 -0.775123 0.346041 0.637328 0.378353 0.411295 -0.775123 0.347996 
0.635458 0.380260 0.411295 -0.775123 0.347996 0.635950 0.379752 0.411295 -0.775123 0.349951 0.636417 0.379260 0.411295 -0.775123 0.346041 0.636885 0.378799 0.411295 -0.775123 0.346041 0.637328 0.378353 0.411295 -0.775123 0.347996 0.637746 0.377922 0.396784 -0.778917 0.346041 
0.635950 0.379752 0.411295 -0.775123 0.349951 0.636417 0.379260 0.411295 -0.775123 0.346041 0.636885 0.378799 0.411295 -0.775123 0.346041 0.637328 0.378353 0.411295 -0.775123 0.347996 0.637746 0.377922 0.396784 -0.778917 0.346041 0.638140 0.377522 0.396784 -0.778917 0.345064 
0.636417 0.379260 0.411295 -0.775123 0.346041 0.636885 0.378799 0.411295 -0.775123 0.346041 0.637328 0.378353 0.411295 -0.775123 0.347996 0.637746 0.377922 0.396784 -0.778917 0.346041 0.638140 0.377522 0.396784 -0.778917 0.345064 0.638484 0.377122 0.396784 -0.778917 0.342131 
0.636885 0.378799 0.411295 -0.775123 0.346041 0.637328 0.378353 0.411295 -0.775123 0.347996 0.637746 0.377922 0.396784 -0.778917 0.346041 0.638140 0.377522 0.396784 -0.778917 0.345064 0.638484 0.377122 0.396784 -0.778917 0.342131 0.638804 0.376753 0.381985 -0.782531 0.344086 
0.637328 0.378353 0.411295 -0.775123 0.347996 0.637746 0.377922 0.396784 -0.778917 0.346041 0.638140 0.377522 0.396784 -0.778917 0.345064 0.638484 0.377122 0.396784 -0.778917 0.342131 0.638804 0.376753 0.381985 -0.782531 0.344086 0.639124 0.376415 0.381985 -0.782531 0.344086 
0.637746 0.377922 0.396784 -0.778917 0.346041 0.638140 0.377522 0.396784 -0.778917 0.345064 0.638484 0.377122 0.396784 -0.778917 0.342131 0.638804 0.376753 0.381985 -0.782531 0.344086 0.639124 0.376415 0.381985 -0.782531 0.344086 0.639419 0.376092 0.381985 -0.782531 0.341153 
0.638140 0.377522 0.396784 -0.778917 0.345064 0.638484 0.377122 0.396784 -0.778917 0.342131 0.638804 0.376753 0.381985 -0.782531 0.344086 0.639124 0.376415 0.381985 -0.782531 0.344086 0.639419 0.376092 0.381985 -0.782531 0.341153 0.639690 0.375784 0.381985 -0.782531 0.340176 
0.638484 0.377122 0.396784 -0.778917 0.342131 0.638804 0.376753 0.381985 -0.782531 0.344086 0.639124 0.376415 0.381985 -0.782531 0.344086 0.639419 0.376092 0.381985 -0.782531 0.341153 0.639690 0.375784 0.381985 -0.782531 0.340176 0.639911 0.375508 0.381985 -0.782531 0.344086 
0.638804 0.376753 0.381985 -0.782531 0.344086 0.639124 0.376415 0.381985 -0.782531 0.344086 0.639419 0.376092 0.381985 -0.782531 0.341153 0.639690 0.375784 0.381985 -0.782531 0.340176 0.639911 0.375508 0.381985 -0.782531 0.344086 0.640133 0.375277 0.381985 -0.782531 0.346041 
0.639124 0.376415 0.381985 -0.782531 0.344086 0.639419 0.376092 0.381985 -0.782531 0.341153 0.639690 0.375784 0.381985 -0.782531 0.340176 0.639911 0.375508 0.381985 -0.782531 0.344086 0.640133 0.375277 0.381985 -0.782531 0.346041 0.640330 0.375092 0.381985 -0.782531 0.347019 
0.639419 0.376092 0.381985 -0.782531 0.341153 0.639690 0.375784 0.381985 -0.782531 0.340176 0.639911 0.375508 0.381985 -0.782531 0.344086 0.640133 0.375277 0.381985 -0.782531 0.346041 0.640330 0.375092 0.381985 -0.782531 0.347019 0.640477 0.374954 0.381985 -0.782531 0.347019 
0.639690 0.375784 0.381985 -0.782531 0.340176 0.639911 0.375508 0.381985 -0.782531 0.344086 0.640133 0.375277 0.381985 -0.782531 0.346041 0.640330 0.375092 0.381985 -0.782531 0.347019 0.640477 0.374954 0.381985 -0.782531 0.347019 0.640600 0.374846 0.381985 -0.782531 0.347019 
0.639911 0.375508 0.381985 -0.782531 0.344086 0.640133 0.375277 0.381985 -0.782531 0.346041 0.640330 0.375092 0.381985 -0.782531 0.347019 0.640477 0.374954 0.381985 -0.782531 0.347019 0.640600 0.374846 0.381985 -0.782531 0.347019 0.640650 0.374785 0.381985 -0.782531 0.347996 
0.640133 0.375277 0.381985 -0.782531 0.346041 0.640330 0.375092 0.381985 -0.782531 0.347019 0.640477 0.374954 0.381985 -0.782531 0.347019 0.640600 0.374846 0.381985 -0.782531 0.347019 0.640650 0.374785 0.381985 -0.782531 0.347996 0.640699 0.374739 0.381985 -0.782531 0.348974 
0.640330 0.375092 0.381985 -0.782531 0.347019 0.640477 0.374954 0.381985 -0.782531 0.347019 0.640600 0.374846 0.381985 -0.782531 0.347019 0.640650 0.374785 0.381985 -0.782531 0.347996 0.640699 0.374739 0.381985 -0.782531 0.348974 0.640748 0.374708 0.381985 -0.782531 0.350929 
0.640477 0.374954 0.381985 -0.782531 0.347019 0.640600 0.374846 0.381985 -0.782531 0.347019 0.640650 0.374785 0.381985 -0.782531 0.347996 0.640699 0.374739 0.381985 -0.782531 0.348974 0.640748 0.374708 0.381985 -0.782531 0.350929 0.640797 0.374692 0.381985 -0.782531 0.351906 
0.640600 0.374846 0.381985 -0.782531 0.347019 0.640650 0.374785 0.381985 -0.782531 0.347996 0.640699 0.374739 0.381985 -0.782531 0.348974 0.640748 0.374708 0.381985 -0.782531 0.350929 0.640797 0.374692 0.381985 -0.782531 0.351906 0.640822 0.374692 0.381985 -0.782531 0.352884 
0.640650 0.374785 0.381985 -0.782531 0.347996 0.640699 0.374739 0.381985 -0.782531 0.348974 0.640748 0.374708 0.381985 -0.782531 0.350929 0.640797 0.374692 0.381985 -0.782531 0.351906 0.640822 0.374692 0.381985 -0.782531 0.352884 0.640822 0.374739 0.381985 -0.782531 0.315738 
0.640699 0.374739 0.381985 -0.782531 0.348974 0.640748 0.374708 0.381985 -0.782531 0.350929 0.640797 0.374692 0.381985 -0.782531 0.351906 0.640822 0.374692 0.381985 -0.782531 0.352884 0.640822 0.374739 0.381985 -0.782531 0.315738 0.640822 0.374785 0.381985 -0.782531 0.315738 
0.640748 0.374708 0.381985 -0.782531 0.350929 0.640797 0.374692 0.381985 -0.782531 0.351906 0.640822 0.374692 0.381985 -0.782531 0.352884 0.640822 0.374739 0.381985 -0.782531 0.315738 0.640822 0.374785 0.381985 -0.782531 0.315738 0.640822 0.374846 0.381985 -0.782531 0.315738 
0.640797 0.374692 0.381985 -0.782531 0.351906 0.640822 0.374692 0.381985 -0.782531 0.352884 0.640822 0.374739 0.381985 -0.782531 0.315738 0.640822 0.374785 0.381985 -0.782531 0.315738 0.640822 0.374846 0.381985 -0.782531 0.315738 0.640822 0.374892 0.381985 -0.782531 0.315738 
0.640822 0.374692 0.381985 -0.782531 0.352884 0.640822 0.374739 0.381985 -0.782531 0.315738 0.640822 0.374785 0.381985 -0.782531 0.315738 0.640822 0.374846 0.381985 -0.782531 0.315738 0.640822 0.374892 0.381985 -0.782531 0.315738 0.640822 0.374954 0.381985 -0.782531 0.316716 
0.640822 0.374739 0.381985 -0.782531 0.315738 0.640822 0.374785 0.381985 -0.782531 0.315738 0.640822 0.374846 0.381985 -0.782531 0.315738 0.640822 0.374892 0.381985 -0.782531 0.315738 0.640822 0.374954 0.381985 -0.782531 0.316716 0.640822 0.375000 0.381985 -0.782531 0.317693 
0.640822 0.374785 0.381985 -0.782531 0.315738 0.640822 0.374846 0.381985 -0.782531 0.315738 0.640822 0.374892 0.381985 -0.782531 0.315738 0.640822 0.374954 0.381985 -0.782531 0.316716 0.640822 0.375000 0.381985 -0.782531 0.317693 0.640822 0.375046 0.381985 -0.782531 0.318671 
0.640822 0.374846 0.381985 -0.782531 0.315738 0.640822 0.374892 0.381985 -0.782531 0.315738 0.640822 0.374954 0.381985 -0.782531 0.316716 0.640822 0.375000 0.381985 -0.782531 0.317693 0.640822 0.375046 0.381985 -0.782531 0.318671 0.640797 0.375092 0.381985 -0.782531 0.320626 
0.640822 0.374892 0.381985 -0.782531 0.315738 0.640822 0.374954 0.381985 -0.782531 0.316716 0.640822 0.375000 0.381985 -0.782531 0.317693 0.640822 0.375046 0.381985 -0.782531 0.318671 0.640797 0.375092 0.381985 -0.782531 0.320626 0.640773 0.375123 0.381985 -0.782531 0.322581 
0.640822 0.374954 0.381985 -0.782531 0.316716 0.640822 0.375000 0.381985 -0.782531 0.317693 0.640822 0.375046 0.381985 -0.782531 0.318671 0.640797 0.375092 0.381985 -0.782531 0.320626 0.640773 0.375123 0.381985 -0.782531 0.322581 0.640723 0.375169 0.381985 -0.782531 0.323558 
0.640822 0.375000 0.381985 -0.782531 0.317693 0.640822 0.375046 0.381985 -0.782531 0.318671 0.640797 0.375092 0.381985 -0.782531 0.320626 0.640773 0.375123 0.381985 -0.782531 0.322581 0.640723 0.375169 0.381985 -0.782531 0.323558 0.640650 0.375215 0.381985 -0.782531 0.322581 
0.640822 0.375046 0.381985 -0.782531 0.318671 0.640797 0.375092 0.381985 -0.782531 0.320626 0.640773 0.375123 0.381985 -0.782531 0.322581 0.640723 0.375169 0.381985 -0.782531 0.323558 0.640650 0.375215 0.381985 -0.782531 0.322581 0.640551 0.375277 0.381985 -0.782531 0.319648 
0.640797 0.375092 0.381985 -0.782531 0.320626 0.640773 0.375123 0.381985 -0.782531 0.322581 0.640723 0.375169 0.381985 -0.782531 0.323558 0.640650 0.375215 0.381985 -0.782531 0.322581 0.640551 0.375277 0.381985 -0.782531 0.319648 0.640428 0.375338 0.381985 -0.782531 0.317693 
0.640773 0.375123 0.381985 -0.782531 0.322581 0.640723 0.375169 0.381985 -0.782531 0.323558 0.640650 0.375215 0.381985 -0.782531 0.322581 0.640551 0.375277 0.381985 -0.782531 0.319648 0.640428 0.375338 0.381985 -0.782531 0.317693 0.640280 0.375415 0.381985 -0.782531 0.315738 
0.640723 0.375169 0.381985 -0.782531 0.323558 0.640650 0.375215 0.381985 -0.782531 0.322581 0.640551 0.375277 0.381985 -0.782531 0.319648 0.640428 0.375338 0.381985 -0.782531 0.317693 0.640280 0.375415 0.381985 -0.782531 0.315738 0.640133 0.375523 0.381985 -0.782531 0.313783 
0.640650 0.375215 0.381985 -0.782531 0.322581 0.640551 0.375277 0.381985 -0.782531 0.319648 0.640428 0.375338 0.381985 -0.782531 0.317693 0.640280 0.375415 0.381985 -0.782531 0.315738 0.640133 0.375523 0.381985 -0.782531 0.313783 0.639911 0.375631 0.381985 -0.782531 0.311828 
0.640551 0.375277 0.381985 -0.782531 0.319648 0.640428 0.375338 0.381985 -0.782531 0.317693 0.640280 0.375415 0.381985 -0.782531 0.315738 0.640133 0.375523 0.381985 -0.782531 0.313783 0.639911 0.375631 0.381985 -0.782531 0.311828 0.639665 0.375738 0.381985 -0.782531 0.308895 
0.640428 0.375338 0.381985 -0.782531 0.317693 0.640280 0.375415 0.381985 -0.782531 0.315738 0.640133 0.375523 0.381985 -0.782531 0.313783 0.639911 0.375631 0.381985 -0.782531 0.311828 0.639665 0.375738 0.381985 -0.782531 0.308895 0.639395 0.375846 0.381985 -0.782531 0.304985 
0.640280 0.375415 0.381985 -0.782531 0.315738 0.640133 0.375523 0.381985 -0.782531 0.313783 0.639911 0.375631 0.381985 -0.782531 0.311828 0.639665 0.375738 0.381985 -0.782531 0.308895 0.639395 0.375846 0.381985 -0.782531 0.304985 0.639099 0.375953 0.381985 -0.782531 0.304008 
0.640133 0.375523 0.381985 -0.782531 0.313783 0.639911 0.375631 0.381985 -0.782531 0.311828 0.639665 0.375738 0.381985 -0.782531 0.308895 0.639395 0.375846 0.381985 -0.782531 0.304985 0.639099 0.375953 0.381985 -0.782531 0.304008 0.638730 0.376046 0.381985 -0.782531 0.302053 
0.639911 0.375631 0.381985 -0.782531 0.311828 0.639665 0.375738 0.381985 -0.782531 0.308895 0.639395 0.375846 0.381985 -0.782531 0.304985 0.639099 0.375953 0.381985 -0.782531 0.304008 0.638730 0.376046 0.381985 -0.782531 0.302053 0.638337 0.376123 0.381985 -0.782531 0.300098 
0.639665 0.375738 0.381985 -0.782531 0.308895 0.639395 0.375846 0.381985 -0.782531 0.304985 0.639099 0.375953 0.381985 -0.782531 0.304008 0.638730 0.376046 0.381985 -0.782531 0.302053 0.638337 0.376123 0.381985 -0.782531 0.300098 0.637943 0.376169 0.381985 -0.782531 0.300098 
0.639395 0.375846 0.381985 -0.782531 0.304985 0.639099 0.375953 0.381985 -0.782531 0.304008 0.638730 0.376046 0.381985 -0.782531 0.302053 0.638337 0.376123 0.381985 -0.782531 0.300098 0.637943 0.376169 0.381985 -0.782531 0.300098 0.637500 0.376215 0.381985 -0.782531 0.303030 
0.639099 0.375953 0.381985 -0.782531 0.304008 0.638730 0.376046 0.381985 -0.782531 0.302053 0.638337 0.376123 0.381985 -0.782531 0.300098 0.637943 0.376169 0.381985 -0.782531 0.300098 0.637500 0.376215 0.381985 -0.782531 0.303030 0.637106 0.376246 0.381985 -0.782531 0.304008 
0.638730 0.376046 0.381985 -0.782531 0.302053 0.638337 0.376123 0.381985 -0.782531 0.300098 0.637943 0.376169 0.381985 -0.782531 0.300098 0.637500 0.376215 0.381985 -0.782531 0.303030 0.637106 0.376246 0.381985 -0.782531 0.304008 0.636663 0.376261 0.381985 -0.782531 0.303030 
0.638337 0.376123 0.381985 -0.782531 0.300098 0.637943 0.376169 0.381985 -0.782531 0.300098 0.637500 0.376215 0.381985 -0.782531 0.303030 0.637106 0.376246 0.381985 -0.782531 0.304008 0.636663 0.376261 0.381985 -0.782531 0.303030 0.636220 0.376261 0.381985 -0.782531 0.303030 
0.637943 0.376169 0.381985 -0.782531 0.300098 0.637500 0.376215 0.381985 -0.782531 0.303030 0.637106 0.376246 0.381985 -0.782531 0.304008 0.636663 0.376261 0.381985 -0.782531 0.303030 0.636220 0.376261 0.381985 -0.782531 0.303030 0.635802 0.376261 0.381985 -0.782531 0.300098 
0.637500 0.376215 0.381985 -0.782531 0.303030 0.637106 0.376246 0.381985 -0.782531 0.304008 0.636663 0.376261 0.381985 -0.782531 0.303030 0.636220 0.376261 0.381985 -0.782531 0.303030 0.635802 0.376261 0.381985 -0.782531 0.300098 0.635384 0.376261 0.381985 -0.782531 0.302053 
0.637106 0.376246 0.381985 -0.782531 0.304008 0.636663 0.376261 0.381985 -0.782531 0.303030 0.636220 0.376261 0.381985 -0.782531 0.303030 0.635802 0.376261 0.381985 -0.782531 0.300098 0.635384 0.376261 0.381985 -0.782531 0.302053 0.634941 0.376261 0.381985 -0.782531 0.300098 
0.636663 0.376261 0.381985 -0.782531 0.303030 0.636220 0.376261 0.381985 -0.782531 0.303030 0.635802 0.376261 0.381985 -0.782531 0.300098 0.635384 0.376261 0.381985 -0.782531 0.302053 0.634941 0.376261 0.381985 -0.782531 0.300098 0.634449 0.376261 0.384478 -0.761448 0.303030 
0.636220 0.376261 0.381985 -0.782531 0.303030 0.635802 0.376261 0.381985 -0.782531 0.300098 0.635384 0.376261 0.381985 -0.782531 0.302053 0.634941 0.376261 0.381985 -0.782531 0.300098 0.634449 0.376261 0.384478 -0.761448 0.303030 0.633907 0.376261 0.411295 -0.775123 0.302053 
0.635802 0.376261 0.381985 -0.782531 0.300098 0.635384 0.376261 0.381985 -0.782531 0.302053 0.634941 0.376261 0.381985 -0.782531 0.300098 0.634449 0.376261 0.384478 -0.761448 0.303030 0.633907 0.376261 0.411295 -0.775123 0.302053 0.633292 0.376261 0.411295 -0.775123 0.304008 
0.635384 0.376261 0.381985 -0.782531 0.302053 0.634941 0.376261 0.381985 -0.782531 0.300098 0.634449 0.376261 0.384478 -0.761448 0.303030 0.633907 0.376261 0.411295 -0.775123 0.302053 0.633292 0.376261 0.411295 -0.775123 0.304008 0.632628 0.376261 0.411295 -0.775123 0.305963 
0.634941 0.376261 0.381985 -0.782531 0.300098 0.634449 0.376261 0.384478 -0.761448 0.303030 0.633907 0.376261 0.411295 -0.775123 0.302053 0.633292 0.376261 0.411295 -0.775123 0.304008 0.632628 0.376261 0.411295 -0.775123 0.305963 0.631890 0.376261 0.411295 -0.775123 0.304985 
0.634449 0.376261 0.384478 -0.761448 0.303030 0.633907 0.376261 0.411295 -0.775123 0.302053 0.633292 0.376261 0.411295 -0.775123 0.304008 0.632628 0.376261 0.411295 -0.775123 0.305963 0.631890 0.376261 0.411295 -0.775123 0.304985 0.631029 0.376246 0.411295 -0.775123 0.302053 
0.633907 0.376261 0.411295 -0.775123 0.302053 0.633292 0.376261 0.411295 -0.775123 0.304008 0.632628 0.376261 0.411295 -0.775123 0.305963 0.631890 0.376261 0.411295 -0.775123 0.304985 0.631029 0.376246 0.411295 -0.775123 0.302053 0.630093 0.376200 0.411295 -0.775123 0.304985 
0.633292 0.376261 0.411295 -0.775123 0.304008 0.632628 0.376261 0.411295 -0.775123 0.305963 0.631890 0.376261 0.411295 -0.775123 0.304985 0.631029 0.376246 0.411295 -0.775123 0.302053 0.630093 0.376200 0.411295 -0.775123 0.304985 0.629060 0.376153 0.411295 -0.775123 0.308895 
0.632628 0.376261 0.411295 -0.775123 0.305963 0.631890 0.376261 0.411295 -0.775123 0.304985 0.631029 0.376246 0.411295 -0.775123 0.302053 0.630093 0.376200 0.411295 -0.775123 0.304985 0.629060 0.376153 0.411295 -0.775123 0.308895 0.627953 0.376123 0.411295 -0.775123 0.304985 
0.631890 0.376261 0.411295 -0.775123 0.304985 0.631029 0.376246 0.411295 -0.775123 0.302053 0.630093 0.376200 0.411295 -0.775123 0.304985 0.629060 0.376153 0.411295 -0.775123 0.308895 0.627953 0.376123 0.411295 -0.775123 0.304985 0.626772 0.376077 0.411295 -0.775123 0.306940 
0.631029 0.376246 0.411295 -0.775123 0.302053 0.630093 0.376200 0.411295 -0.775123 0.304985 0.629060 0.376153 0.411295 -0.775123 0.308895 0.627953 0.376123 0.411295 -0.775123 0.304985 0.626772 0.376077 0.411295 -0.775123 0.306940 0.625591 0.376046 0.411295 -0.775123 0.308895 
0.462131 0.302488 0.000000 -0.052360 0.000000 0.467003 0.303980 -0.015852 -0.031105 0.000000 0.472023 0.305610 -0.031105 -0.015852 0.000000 0.500837 0.315853 0.052360 0.000000 0.000000 0.618209 0.348748 0.049405 0.049405 0.000000 0.628691 0.352331 0.034907 0.000000 0.000000 
0.467003 0.303980 -0.015852 -0.031105 0.000000 0.472023 0.305610 -0.031105 -0.015852 0.000000 0.500837 0.315853 0.052360 0.000000 0.000000 0.618209 0.348748 0.049405 0.049405 0.000000 0.628691 0.352331 0.034907 0.000000 0.000000 0.634744 0.353639 0.015852 -0.031105 0.000000 
0.472023 0.305610 -0.031105 -0.015852 0.000000 0.500837 0.315853 0.052360 0.000000 0.000000 0.618209 0.348748 0.049405 0.049405 0.000000 0.628691 0.352331 0.034907 0.000000 0.000000 0.634744 0.353639 0.015852 -0.031105 0.000000 0.639592 0.355761 0.000000 -0.069813 0.000000 
0.500837 0.315853 0.052360 0.000000 0.000000 0.618209 0.348748 0.049405 0.049405 0.000000 0.628691 0.352331 0.034907 0.000000 0.000000 0.634744 0.353639 0.015852 -0.031105 0.000000 0.639592 0.355761 0.000000 -0.069813 0.000000 0.641880 0.357637 0.000000 -0.069813 0.000000 
0.618209 0.348748 0.049405 0.049405 0.000000 0.628691 0.352331 0.034907 0.000000 0.000000 0.634744 0.353639 0.015852 -0.031105 0.000000 0.639592 0.355761 0.000000 -0.069813 0.000000 0.641880 0.357637 0.000000 -0.069813 0.000000 0.642274 0.357929 0.000000 -0.069813 0.000000 
0.628691 0.352331 0.034907 0.000000 0.000000 0.634744 0.353639 0.015852 -0.031105 0.000000 0.639592 0.355761 0.000000 -0.069813 0.000000 0.641880 0.357637 0.000000 -0.069813 0.000000 0.642274 0.357929 0.000000 -0.069813 0.000000 0.642692 0.358206 0.000000 -0.069813 0.000000 
0.634744 0.353639 0.015852 -0.031105 0.000000 0.639592 0.355761 0.000000 -0.069813 0.000000 0.641880 0.357637 0.000000 -0.069813 0.000000 0.642274 0.357929 0.000000 -0.069813 0.000000 0.642692 0.358206 0.000000 -0.069813 0.000000 0.643110 0.358514 0.000000 -0.069813 0.000000 
0.639592 0.355761 0.000000 -0.069813 0.000000 0.641880 0.357637 0.000000 -0.069813 0.000000 0.642274 0.357929 0.000000 -0.069813 0.000000 0.642692 0.358206 0.000000 -0.069813 0.000000 0.643110 0.358514 0.000000 -0.069813 0.000000 0.643430 0.358760 0.000000 -0.069813 0.000000 
0.641880 0.357637 0.000000 -0.069813 0.000000 0.642274 0.357929 0.000000 -0.069813 0.000000 0.642692 0.358206 0.000000 -0.069813 0.000000 0.643110 0.358514 0.000000 -0.069813 0.000000 0.643430 0.358760 0.000000 -0.069813 0.000000 0.643725 0.359098 -0.016193 -0.049802 0.000000 
0.642274 0.357929 0.000000 -0.069813 0.000000 0.642692 0.358206 0.000000 -0.069813 0.000000 0.643110 0.358514 0.000000 -0.069813 0.000000 0.643430 0.358760 0.000000 -0.069813 0.000000 0.643725 0.359098 -0.016193 -0.049802 0.000000 0.644045 0.359360 -0.016193 -0.049802 0.000000 
0.642692 0.358206 0.000000 -0.069813 0.000000 0.643110 0.358514 0.000000 -0.069813 0.000000 0.643430 0.358760 0.000000 -0.069813 0.000000 0.643725 0.359098 -0.016193 -0.049802 0.000000 0.644045 0.359360 -0.016193 -0.049802 0.000000 0.644267 0.359667 -0.016193 -0.049802 0.000000 
0.643110 0.358514 0.000000 -0.069813 0.000000 0.643430 0.358760 0.000000 -0.069813 0.000000 0.643725 0.359098 -0.016193 -0.049802 0.000000 0.644045 0.359360 -0.016193 -0.049802 0.000000 0.644267 0.359667 -0.016193 -0.049802 0.000000 0.644439 0.360205 -0.016193 -0.049802 0.000000 
0.643430 0.358760 0.000000 -0.069813 0.000000 0.643725 0.359098 -0.016193 -0.049802 0.000000 0.644045 0.359360 -0.016193 -0.049802 0.000000 0.644267 0.359667 -0.016193 -0.049802 0.000000 0.644439 0.360205 -0.016193 -0.049802 0.000000 0.644611 0.360205 -0.016193 -0.049802 0.000000 
0.643725 0.359098 -0.016193 -0.049802 0.000000 0.644045 0.359360 -0.016193 -0.049802 0.000000 0.644267 0.359667 -0.016193 -0.049802 0.000000 0.644439 0.360205 -0.016193 -0.049802 0.000000 0.644611 0.360205 -0.016193 -0.049802 0.000000 0.644783 0.361036 -0.016193 -0.049802 0.000000 
0.644045 0.359360 -0.016193 -0.049802 0.000000 0.644267 0.359667 -0.016193 -0.049802 0.000000 0.644439 0.360205 -0.016193 -0.049802 0.000000 0.644611 0.360205 -0.016193 -0.049802 0.000000 0.644783 0.361036 -0.016193 -0.049802 0.000000 0.644882 0.361882 -0.039083 -0.057907 0.000000 
0.644267 0.359667 -0.016193 -0.049802 0.000000 0.644439 0.360205 -0.016193 -0.049802 0.000000 0.644611 0.360205 -0.016193 -0.049802 0.000000 0.644783 0.361036 -0.016193 -0.049802 0.000000 0.644882 0.361882 -0.039083 -0.057907 0.000000 0.644956 0.362451 -0.039083 -0.057907 0.000000 
0.644439 0.360205 -0.016193 -0.049802 0.000000 0.644611 0.360205 -0.016193 -0.049802 0.000000 0.644783 0.361036 -0.016193 -0.049802 0.000000 0.644882 0.361882 -0.039083 -0.057907 0.000000 0.644956 0.362451 -0.039083 -0.057907 0.000000 0.645030 0.362943 -0.039083 -0.057907 0.000000 
0.644611 0.360205 -0.016193 -0.049802 0.000000 0.644783 0.361036 -0.016193 -0.049802 0.000000 0.644882 0.361882 -0.039083 -0.057907 0.000000 0.644956 0.362451 -0.039083 -0.057907 0.000000 0.645030 0.362943 -0.039083 -0.057907 0.000000 0.645079 0.362943 -0.039083 -0.057907 0.000000 
0.644783 0.361036 -0.016193 -0.049802 0.000000 0.644882 0.361882 -0.039083 -0.057907 0.000000 0.644956 0.362451 -0.039083 -0.057907 0.000000 0.645030 0.362943 -0.039083 -0.057907 0.000000 0.645079 0.362943 -0.039083 -0.057907 0.000000 0.645103 0.363666 -0.039083 -0.057907 0.000000 
0.644882 0.361882 -0.039083 -0.057907 0.000000 0.644956 0.362451 -0.039083 -0.057907 0.000000 0.645030 0.362943 -0.039083 -0.057907 0.000000 0.645079 0.362943 -0.039083 -0.057907 0.000000 0.645103 0.363666 -0.039083 -0.057907 0.000000 0.645128 0.363666 -0.039083 -0.057907 0.000000 
0.644956 0.362451 -0.039083 -0.057907 0.000000 0.645030 0.362943 -0.039083 -0.057907 0.000000 0.645079 0.362943 -0.039083 -0.057907 0.000000 0.645103 0.363666 -0.039083 -0.057907 0.000000 0.645128 0.363666 -0.039083 -0.057907 0.000000 0.645128 0.363635 -0.049405 -0.049405 0.000000 
0.645030 0.362943 -0.039083 -0.057907 0.000000 0.645079 0.362943 -0.039083 -0.057907 0.000000 0.645103 0.363666 -0.039083 -0.057907 0.000000 0.645128 0.363666 -0.039083 -0.057907 0.000000 0.645128 0.363635 -0.049405 -0.049405 0.000000 0.645128 0.363527 -0.049405 -0.049405 0.000000 
0.645079 0.362943 -0.039083 -0.057907 0.000000 0.645103 0.363666 -0.039083 -0.057907 0.000000 0.645128 0.363666 -0.039083 -0.057907 0.000000 0.645128 0.363635 -0.049405 -0.049405 0.000000 0.645128 0.363527 -0.049405 -0.049405 0.000000 0.645128 0.363420 -0.049405 -0.049405 0.000000 
0.645103 0.363666 -0.039083 -0.057907 0.000000 0.645128 0.363666 -0.039083 -0.057907 0.000000 0.645128 0.363635 -0.049405 -0.049405 0.000000 0.645128 0.363527 -0.049405 -0.049405 0.000000 0.645128 0.363420 -0.049405 -0.049405 0.000000 0.645128 0.363450 -0.049405 -0.049405 0.000000 
0.645128 0.363666 -0.039083 -0.057907 0.000000 0.645128 0.363635 -0.049405 -0.049405 0.000000 0.645128 0.363527 -0.049405 -0.049405 0.000000 0.645128 0.363420 -0.049405 -0.049405 0.000000 0.645128 0.363450 -0.049405 -0.049405 0.000000 0.645128 0.363543 -0.052603 -0.069758 0.000000 
0.645128 0.363635 -0.049405 -0.049405 0.000000 0.645128 0.363527 -0.049405 -0.049405 0.000000 0.645128 0.363420 -0.049405 -0.049405 0.000000 0.645128 0.363450 -0.049405 -0.049405 0.000000 0.645128 0.363543 -0.052603 -0.069758 0.000000 0.645128 0.363835 -0.031735 -0.062225 0.000000 
0.645128 0.363527 -0.049405 -0.049405 0.000000 0.645128 0.363420 -0.049405 -0.049405 0.000000 0.645128 0.363450 -0.049405 -0.049405 0.000000 0.645128 0.363543 -0.052603 -0.069758 0.000000 0.645128 0.363835 -0.031735 -0.062225 0.000000 0.645128 0.364312 -0.016692 -0.085671 0.000000 
0.645128 0.363420 -0.049405 -0.049405 0.000000 0.645128 0.363450 -0.049405 -0.049405 0.000000 0.645128 0.363543 -0.052603 -0.069758 0.000000 0.645128 0.363835 -0.031735 -0.062225 0.000000 0.645128 0.364312 -0.016692 -0.085671 0.000000 0.645079 0.364542 -0.016440 -0.103440 0.000000 
0.645128 0.363450 -0.049405 -0.049405 0.000000 0.645128 0.363543 -0.052603 -0.069758 0.000000 0.645128 0.363835 -0.031735 -0.062225 0.000000 0.645128 0.364312 -0.016692 -0.085671 0.000000 0.645079 0.364542 -0.016440 -0.103440 0.000000 0.644907 0.364927 0.000000 -0.139626 0.000000 
0.645128 0.363543 -0.052603 -0.069758 0.000000 0.645128 0.363835 -0.031735 -0.062225 0.000000 0.645128 0.364312 -0.016692 -0.085671 0.000000 0.645079 0.364542 -0.016440 -0.103440 0.000000 0.644907 0.364927 0.000000 -0.139626 0.000000 0.644734 0.365096 0.000000 -0.157080 0.000000 
0.645128 0.363835 -0.031735 -0.062225 0.000000 0.645128 0.364312 -0.016692 -0.085671 0.000000 0.645079 0.364542 -0.016440 -0.103440 0.000000 0.644907 0.364927 0.000000 -0.139626 0.000000 0.644734 0.365096 0.000000 -0.157080 0.000000 0.644464 0.365373 0.033632 -0.171389 0.000000 
0.645128 0.364312 -0.016692 -0.085671 0.000000 0.645079 0.364542 -0.016440 -0.103440 0.000000 0.644907 0.364927 0.000000 -0.139626 0.000000 0.644734 0.365096 0.000000 -0.157080 0.000000 0.644464 0.365373 0.033632 -0.171389 0.000000 0.644242 0.365480 0.051377 -0.203391 0.000000 
0.645079 0.364542 -0.016440 -0.103440 0.000000 0.644907 0.364927 0.000000 -0.139626 0.000000 0.644734 0.365096 0.000000 -0.157080 0.000000 0.644464 0.365373 0.033632 -0.171389 0.000000 0.644242 0.365480 0.051377 -0.203391 0.000000 0.644021 0.365557 0.073723 -0.252090 0.000000 
0.644907 0.364927 0.000000 -0.139626 0.000000 0.644734 0.365096 0.000000 -0.157080 0.000000 0.644464 0.365373 0.033632 -0.171389 0.000000 0.644242 0.365480 0.051377 -0.203391 0.000000 0.644021 0.365557 0.073723 -0.252090 0.000000 0.643701 0.365650 0.104187 -0.279758 0.000000 
0.644734 0.365096 0.000000 -0.157080 0.000000 0.644464 0.365373 0.033632 -0.171389 0.000000 0.644242 0.365480 0.051377 -0.203391 0.000000 0.644021 0.365557 0.073723 -0.252090 0.000000 0.643701 0.365650 0.104187 -0.279758 0.000000 0.643356 0.365680 0.122775 -0.311025 0.000000 
0.644464 0.365373 0.033632 -0.171389 0.000000 0.644242 0.365480 0.051377 -0.203391 0.000000 0.644021 0.365557 0.073723 -0.252090 0.000000 0.643701 0.365650 0.104187 -0.279758 0.000000 0.643356 0.365680 0.122775 -0.311025 0.000000 0.643135 0.365680 0.162877 -0.353585 0.000000 
0.644242 0.365480 0.051377 -0.203391 0.000000 0.644021 0.365557 0.073723 -0.252090 0.000000 0.643701 0.365650 0.104187 -0.279758 0.000000 0.643356 0.365680 0.122775 -0.311025 0.000000 0.643135 0.365680 0.162877 -0.353585 0.000000 0.642913 0.365680 0.192752 -0.380652 0.000000 
0.644021 0.365557 0.073723 -0.252090 0.000000 0.643701 0.365650 0.104187 -0.279758 0.000000 0.643356 0.365680 0.122775 -0.311025 0.000000 0.643135 0.365680 0.162877 -0.353585 0.000000 0.642913 0.365680 0.192752 -0.380652 0.000000 0.642544 0.365680 0.210636 -0.413141 0.000000 
0.643701 0.365650 0.104187 -0.279758 0.000000 0.643356 0.365680 0.122775 -0.311025 0.000000 0.643135 0.365680 0.162877 -0.353585 0.000000 0.642913 0.365680 0.192752 -0.380652 0.000000 0.642544 0.365680 0.210636 -0.413141 0.000000 0.642200 0.365603 0.246532 -0.458750 0.000000 
0.643356 0.365680 0.122775 -0.311025 0.000000 0.643135 0.365680 0.162877 -0.353585 0.000000 0.642913 0.365680 0.192752 -0.380652 0.000000 0.642544 0.365680 0.210636 -0.413141 0.000000 0.642200 0.365603 0.246532 -0.458750 0.000000 0.641978 0.365480 0.274943 -0.487771 0.000000 
0.643135 0.365680 0.162877 -0.353585 0.000000 0.642913 0.365680 0.192752 -0.380652 0.000000 0.642544 0.365680 0.210636 -0.413141 0.000000 0.642200 0.365603 0.246532 -0.458750 0.000000 0.641978 0.365480 0.274943 -0.487771 0.000000 0.641658 0.365296 0.316047 -0.532988 0.000000 
0.642913 0.365680 0.192752 -0.380652 0.000000 0.642544 0.365680 0.210636 -0.413141 0.000000 0.642200 0.365603 0.246532 -0.458750 0.000000 0.641978 0.365480 0.274943 -0.487771 0.000000 0.641658 0.365296 0.316047 -0.532988 0.000000 0.641339 0.365142 0.338664 -0.566078 0.000000 
0.642544 0.365680 0.210636 -0.413141 0.000000 0.642200 0.365603 0.246532 -0.458750 0.000000 0.641978 0.365480 0.274943 -0.487771 0.000000 0.641658 0.365296 0.316047 -0.532988 0.000000 0.641339 0.365142 0.338664 -0.566078 0.000000 0.641068 0.364942 0.370214 -0.573503 0.000000 
0.642200 0.365603 0.246532 -0.458750 0.000000 0.641978 0.365480 0.274943 -0.487771 0.000000 0.641658 0.365296 0.316047 -0.532988 0.000000 0.641339 0.365142 0.338664 -0.566078 0.000000 0.641068 0.364942 0.370214 -0.573503 0.000000 0.640773 0.364742 0.395134 -0.606769 0.000000 
0.641978 0.365480 0.274943 -0.487771 0.000000 0.641658 0.365296 0.316047 -0.532988 0.000000 0.641339 0.365142 0.338664 -0.566078 0.000000 0.641068 0.364942 0.370214 -0.573503 0.000000 0.640773 0.364742 0.395134 -0.606769 0.000000 0.640453 0.364604 0.420953 -0.640373 0.000000 
0.641658 0.365296 0.316047 -0.532988 0.000000 0.641339 0.365142 0.338664 -0.566078 0.000000 0.641068 0.364942 0.370214 -0.573503 0.000000 0.640773 0.364742 0.395134 -0.606769 0.000000 0.640453 0.364604 0.420953 -0.640373 0.000000 0.640108 0.364404 0.434223 -0.657306 0.000000 
0.641339 0.365142 0.338664 -0.566078 0.000000 0.641068 0.364942 0.370214 -0.573503 0.000000 0.640773 0.364742 0.395134 -0.606769 0.000000 0.640453 0.364604 0.420953 -0.640373 0.000000 0.640108 0.364404 0.434223 -0.657306 0.000000 0.639715 0.364281 0.447748 -0.674327 0.000000 
0.641068 0.364942 0.370214 -0.573503 0.000000 0.640773 0.364742 0.395134 -0.606769 0.000000 0.640453 0.364604 0.420953 -0.640373 0.000000 0.640108 0.364404 0.434223 -0.657306 0.000000 0.639715 0.364281 0.447748 -0.674327 0.000000 0.639222 0.364096 0.461539 -0.691438 0.000000 
0.640773 0.364742 0.395134 -0.606769 0.000000 0.640453 0.364604 0.420953 -0.640373 0.000000 0.640108 0.364404 0.434223 -0.657306 0.000000 0.639715 0.364281 0.447748 -0.674327 0.000000 0.639222 0.364096 0.461539 -0.691438 0.000000 0.638706 0.363927 0.489961 -0.725935 0.000000 
0.640453 0.364604 0.420953 -0.640373 0.000000 0.640108 0.364404 0.434223 -0.657306 0.000000 0.639715 0.364281 0.447748 -0.674327 0.000000 0.639222 0.364096 0.461539 -0.691438 0.000000 0.638706 0.363927 0.489961 -0.725935 0.000000 0.638140 0.363866 0.489961 -0.725935 0.000000 
0.640108 0.364404 0.434223 -0.657306 0.000000 0.639715 0.364281 0.447748 -0.674327 0.000000 0.639222 0.364096 0.461539 -0.691438 0.000000 0.638706 0.363927 0.489961 -0.725935 0.000000 0.638140 0.363866 0.489961 -0.725935 0.000000 0.637968 0.363789 0.489961 -0.725935 0.000000 
0.639715 0.364281 0.447748 -0.674327 0.000000 0.639222 0.364096 0.461539 -0.691438 0.000000 0.638706 0.363927 0.489961 -0.725935 0.000000 0.638140 0.363866 0.489961 -0.725935 0.000000 0.637968 0.363789 0.489961 -0.725935 0.000000 0.637451 0.363743 0.489961 -0.725935 0.000000 
0.639222 0.364096 0.461539 -0.691438 0.000000 0.638706 0.363927 0.489961 -0.725935 0.000000 0.638140 0.363866 0.489961 -0.725935 0.000000 0.637968 0.363789 0.489961 -0.725935 0.000000 0.637451 0.363743 0.489961 -0.725935 0.000000 0.637328 0.363743 0.489961 -0.725935 0.000000 
0.638706 0.363927 0.489961 -0.725935 0.000000 0.638140 0.363866 0.489961 -0.725935 0.000000 0.637968 0.363789 0.489961 -0.725935 0.000000 0.637451 0.363743 0.489961 -0.725935 0.000000 0.637328 0.363743 0.489961 -0.725935 0.000000 0.637033 0.363743 0.463648 -0.713724 0.000000 
0.638140 0.363866 0.489961 -0.725935 0.000000 0.637968 0.363789 0.489961 -0.725935 0.000000 0.637451 0.363743 0.489961 -0.725935 0.000000 0.637328 0.363743 0.489961 -0.725935 0.000000 0.637033 0.363743 0.463648 -0.713724 0.000000 0.636663 0.363743 0.461539 -0.691438 0.000000 
0.637968 0.363789 0.489961 -0.725935 0.000000 0.637451 0.363743 0.489961 -0.725935 0.000000 0.637328 0.363743 0.489961 -0.725935 0.000000 0.637033 0.363743 0.463648 -0.713724 0.000000 0.636663 0.363743 0.461539 -0.691438 0.000000 0.636540 0.363773 0.461539 -0.691438 0.000000 
0.637451 0.363743 0.489961 -0.725935 0.000000 0.637328 0.363743 0.489961 -0.725935 0.000000 0.637033 0.363743 0.463648 -0.713724 0.000000 0.636663 0.363743 0.461539 -0.691438 0.000000 0.636540 0.363773 0.461539 -0.691438 0.000000 0.636442 0.363943 0.447748 -0.674327 0.000000 
0.637328 0.363743 0.489961 -0.725935 0.000000 0.637033 0.363743 0.463648 -0.713724 0.000000 0.636663 0.363743 0.461539 -0.691438 0.000000 0.636540 0.363773 0.461539 -0.691438 0.000000 0.636442 0.363943 0.447748 -0.674327 0.000000 0.636442 0.364050 0.447748 -0.674327 0.000000 
0.637033 0.363743 0.463648 -0.713724 0.000000 0.636663 0.363743 0.461539 -0.691438 0.000000 0.636540 0.363773 0.461539 -0.691438 0.000000 0.636442 0.363943 0.447748 -0.674327 0.000000 0.636442 0.364050 0.447748 -0.674327 0.000000 0.636442 0.364158 0.434223 -0.657306 0.000000 
0.636663 0.363743 0.461539 -0.691438 0.000000 0.636540 0.363773 0.461539 -0.691438 0.000000 0.636442 0.363943 0.447748 -0.674327 0.000000 0.636442 0.364050 0.447748 -0.674327 0.000000 0.636442 0.364158 0.434223 -0.657306 0.000000 0.636491 0.364250 0.434223 -0.657306 0.000000 
0.636540 0.363773 0.461539 -0.691438 0.000000 0.636442 0.363943 0.447748 -0.674327 0.000000 0.636442 0.364050 0.447748 -0.674327 0.000000 0.636442 0.364158 0.434223 -0.657306 0.000000 0.636491 0.364250 0.434223 -0.657306 0.000000 0.636786 0.364342 0.420953 -0.640373 0.000000 
0.636442 0.363943 0.447748 -0.674327 0.000000 0.636442 0.364050 0.447748 -0.674327 0.000000 0.636442 0.364158 0.434223 -0.657306 0.000000 0.636491 0.364250 0.434223 -0.657306 0.000000 0.636786 0.364342 0.420953 -0.640373 0.000000 0.637106 0.364435 0.420953 -0.640373 0.000000 
0.636442 0.364050 0.447748 -0.674327 0.000000 0.636442 0.364158 0.434223 -0.657306 0.000000 0.636491 0.364250 0.434223 -0.657306 0.000000 0.636786 0.364342 0.420953 -0.640373 0.000000 0.637106 0.364435 0.420953 -0.640373 0.000000 0.637451 0.364512 0.420953 -0.640373 0.000000 
0.636442 0.364158 0.434223 -0.657306 0.000000 0.636491 0.364250 0.434223 -0.657306 0.000000 0.636786 0.364342 0.420953 -0.640373 0.000000 0.637106 0.364435 0.420953 -0.640373 0.000000 0.637451 0.364512 0.420953 -0.640373 0.000000 0.637771 0.364588 0.420953 -0.640373 0.000000 
0.636491 0.364250 0.434223 -0.657306 0.000000 0.636786 0.364342 0.420953 -0.640373 0.000000 0.637106 0.364435 0.420953 -0.640373 0.000000 0.637451 0.364512 0.420953 -0.640373 0.000000 0.637771 0.364588 0.420953 -0.640373 0.000000 0.638041 0.364665 0.398850 -0.650058 0.000000 
0.636786 0.364342 0.420953 -0.640373 0.000000 0.637106 0.364435 0.420953 -0.640373 0.000000 0.637451 0.364512 0.420953 -0.640373 0.000000 0.637771 0.364588 0.420953 -0.640373 0.000000 0.638041 0.364665 0.398850 -0.650058 0.000000 0.638263 0.364727 0.398850 -0.650058 0.024438 
0.637106 0.364435 0.420953 -0.640373 0.000000 0.637451 0.364512 0.420953 -0.640373 0.000000 0.637771 0.364588 0.420953 -0.640373 0.000000 0.638041 0.364665 0.398850 -0.650058 0.000000 0.638263 0.364727 0.398850 -0.650058 0.024438 0.638435 0.364758 0.398850 -0.650058 0.027370 
0.637451 0.364512 0.420953 -0.640373 0.000000 0.637771 0.364588 0.420953 -0.640373 0.000000 0.638041 0.364665 0.398850 -0.650058 0.000000 0.638263 0.364727 0.398850 -0.650058 0.024438 0.638435 0.364758 0.398850 -0.650058 0.027370 0.638583 0.364819 0.398850 -0.650058 0.025415 
0.637771 0.364588 0.420953 -0.640373 0.000000 0.638041 0.364665 0.398850 -0.650058 0.000000 0.638263 0.364727 0.398850 -0.650058 0.024438 0.638435 0.364758 0.398850 -0.650058 0.027370 0.638583 0.364819 0.398850 -0.650058 0.025415 0.638706 0.364865 0.398850 -0.650058 0.024438 
0.638041 0.364665 0.398850 -0.650058 0.000000 0.638263 0.364727 0.398850 -0.650058 0.024438 0.638435 0.364758 0.398850 -0.650058 0.027370 0.638583 0.364819 0.398850 -0.650058 0.025415 0.638706 0.364865 0.398850 -0.650058 0.024438 0.638780 0.364927 0.398850 -0.650058 0.028348 
0.638263 0.364727 0.398850 -0.650058 0.024438 0.638435 0.364758 0.398850 -0.650058 0.027370 0.638583 0.364819 0.398850 -0.650058 0.025415 0.638706 0.364865 0.398850 -0.650058 0.024438 0.638780 0.364927 0.398850 -0.650058 0.028348 0.638853 0.364973 0.398850 -0.650058 0.031281 
0.638435 0.364758 0.398850 -0.650058 0.027370 0.638583 0.364819 0.398850 -0.650058 0.025415 0.638706 0.364865 0.398850 -0.650058 0.024438 0.638780 0.364927 0.398850 -0.650058 0.028348 0.638853 0.364973 0.398850 -0.650058 0.031281 0.638903 0.364988 0.398850 -0.650058 0.036168 
0.638583 0.364819 0.398850 -0.650058 0.025415 0.638706 0.364865 0.398850 -0.650058 0.024438 0.638780 0.364927 0.398850 -0.650058 0.028348 0.638853 0.364973 0.398850 -0.650058 0.031281 0.638903 0.364988 0.398850 -0.650058 0.036168 0.638927 0.365004 0.398850 -0.650058 0.040078 
0.638706 0.364865 0.398850 -0.650058 0.024438 0.638780 0.364927 0.398850 -0.650058 0.028348 0.638853 0.364973 0.398850 -0.650058 0.031281 0.638903 0.364988 0.398850 -0.650058 0.036168 0.638927 0.365004 0.398850 -0.650058 0.040078 0.638927 0.365019 0.398850 -0.650058 0.048876 
0.638780 0.364927 0.398850 -0.650058 0.028348 0.638853 0.364973 0.398850 -0.650058 0.031281 0.638903 0.364988 0.398850 -0.650058 0.036168 0.638927 0.365004 0.398850 -0.650058 0.040078 0.638927 0.365019 0.398850 -0.650058 0.048876 0.638952 0.365019 0.398850 -0.650058 0.053763 
0.638853 0.364973 0.398850 -0.650058 0.031281 0.638903 0.364988 0.398850 -0.650058 0.036168 0.638927 0.365004 0.398850 -0.650058 0.040078 0.638927 0.365019 0.398850 -0.650058 0.048876 0.638952 0.365019 0.398850 -0.650058 0.053763 0.638976 0.365019 0.398850 -0.650058 0.065494 
0.638903 0.364988 0.398850 -0.650058 0.036168 0.638927 0.365004 0.398850 -0.650058 0.040078 0.638927 0.365019 0.398850 -0.650058 0.048876 0.638952 0.365019 0.398850 -0.650058 0.053763 0.638976 0.365019 0.398850 -0.650058 0.065494 0.639001 0.365019 0.398850 -0.650058 0.074291 
0.638927 0.365004 0.398850 -0.650058 0.040078 0.638927 0.365019 0.398850 -0.650058 0.048876 0.638952 0.365019 0.398850 -0.650058 0.053763 0.638976 0.365019 0.398850 -0.650058 0.065494 0.639001 0.365019 0.398850 -0.650058 0.074291 0.639050 0.365019 0.398850 -0.650058 0.081134 
0.638927 0.365019 0.398850 -0.650058 0.048876 0.638952 0.365019 0.398850 -0.650058 0.053763 0.638976 0.365019 0.398850 -0.650058 0.065494 0.639001 0.365019 0.398850 -0.650058 0.074291 0.639050 0.365019 0.398850 -0.650058 0.081134 0.639075 0.365019 0.398850 -0.650058 0.088954 
0.638952 0.365019 0.398850 -0.650058 0.053763 0.638976 0.365019 0.398850 -0.650058 0.065494 0.639001 0.365019 0.398850 -0.650058 0.074291 0.639050 0.365019 0.398850 -0.650058 0.081134 0.639075 0.365019 0.398850 -0.650058 0.088954 0.639149 0.365019 0.398850 -0.650058 0.099707 
0.638976 0.365019 0.398850 -0.650058 0.065494 0.639001 0.365019 0.398850 -0.650058 0.074291 0.639050 0.365019 0.398850 -0.650058 0.081134 0.639075 0.365019 0.398850 -0.650058 0.088954 0.639149 0.365019 0.398850 -0.650058 0.099707 0.639222 0.365019 0.398850 -0.650058 0.114370 
0.639001 0.365019 0.398850 -0.650058 0.074291 0.639050 0.365019 0.398850 -0.650058 0.081134 0.639075 0.365019 0.398850 -0.650058 0.088954 0.639149 0.365019 0.398850 -0.650058 0.099707 0.639222 0.365019 0.398850 -0.650058 0.114370 0.639321 0.365019 0.398850 -0.650058 0.129032 
0.639050 0.365019 0.398850 -0.650058 0.081134 0.639075 0.365019 0.398850 -0.650058 0.088954 0.639149 0.365019 0.398850 -0.650058 0.099707 0.639222 0.365019 0.398850 -0.650058 0.114370 0.639321 0.365019 0.398850 -0.650058 0.129032 0.639419 0.365019 0.398850 -0.650058 0.141740 
0.639075 0.365019 0.398850 -0.650058 0.088954 0.639149 0.365019 0.398850 -0.650058 0.099707 0.639222 0.365019 0.398850 -0.650058 0.114370 0.639321 0.365019 0.398850 -0.650058 0.129032 0.639419 0.365019 0.398850 -0.650058 0.141740 0.639518 0.365019 0.398850 -0.650058 0.152493 
0.639149 0.365019 0.398850 -0.650058 0.099707 0.639222 0.365019 0.398850 -0.650058 0.114370 0.639321 0.365019 0.398850 -0.650058 0.129032 0.639419 0.365019 0.398850 -0.650058 0.141740 0.639518 0.365019 0.398850 -0.650058 0.152493 0.639641 0.365019 0.398850 -0.650058 0.163245 
0.639222 0.365019 0.398850 -0.650058 0.114370 0.639321 0.365019 0.398850 -0.650058 0.129032 0.639419 0.365019 0.398850 -0.650058 0.141740 0.639518 0.365019 0.398850 -0.650058 0.152493 0.639641 0.365019 0.398850 -0.650058 0.163245 0.639739 0.365019 0.398850 -0.650058 0.175953 
0.639321 0.365019 0.398850 -0.650058 0.129032 0.639419 0.365019 0.398850 -0.650058 0.141740 0.639518 0.365019 0.398850 -0.650058 0.152493 0.639641 0.365019 0.398850 -0.650058 0.163245 0.639739 0.365019 0.398850 -0.650058 0.175953 0.639838 0.365019 0.398850 -0.650058 0.189638 
0.639419 0.365019 0.398850 -0.650058 0.141740 0.639518 0.365019 0.398850 -0.650058 0.152493 0.639641 0.365019 0.398850 -0.650058 0.163245 0.639739 0.365019 0.398850 -0.650058 0.175953 0.639838 0.365019 0.398850 -0.650058 0.189638 0.639936 0.365019 0.398850 -0.650058 0.202346 
0.639518 0.365019 0.398850 -0.650058 0.152493 0.639641 0.365019 0.398850 -0.650058 0.163245 0.639739 0.365019 0.398850 -0.650058 0.175953 0.639838 0.365019 0.398850 -0.650058 0.189638 0.639936 0.365019 0.398850 -0.650058 0.202346 0.639985 0.365019 0.398850 -0.650058 0.213099 
0.639641 0.365019 0.398850 -0.650058 0.163245 0.639739 0.365019 0.398850 -0.650058 0.175953 0.639838 0.365019 0.398850 -0.650058 0.189638 0.639936 0.365019 0.398850 -0.650058 0.202346 0.639985 0.365019 0.398850 -0.650058 0.213099 0.640034 0.365019 0.398850 -0.650058 0.221896 
0.639739 0.365019 0.398850 -0.650058 0.175953 0.639838 0.365019 0.398850 -0.650058 0.189638 0.639936 0.365019 0.398850 -0.650058 0.202346 0.639985 0.365019 0.398850 -0.650058 0.213099 0.640034 0.365019 0.398850 -0.650058 0.221896 0.640084 0.365019 0.398850 -0.650058 0.228739 
0.639838 0.365019 0.398850 -0.650058 0.189638 0.639936 0.365019 0.398850 -0.650058 0.202346 0.639985 0.365019 0.398850 -0.650058 0.213099 0.640034 0.365019 0.398850 -0.650058 0.221896 0.640084 0.365019 0.398850 -0.650058 0.228739 0.640084 0.364988 0.398850 -0.650058 0.232649 
0.639936 0.365019 0.398850 -0.650058 0.202346 0.639985 0.365019 0.398850 -0.650058 0.213099 0.640034 0.365019 0.398850 -0.650058 0.221896 0.640084 0.365019 0.398850 -0.650058 0.228739 0.640084 0.364988 0.398850 -0.650058 0.232649 0.640084 0.364865 0.398850 -0.650058 0.229717 
0.639985 0.365019 0.398850 -0.650058 0.213099 0.640034 0.365019 0.398850 -0.650058 0.221896 0.640084 0.365019 0.398850 -0.650058 0.228739 0.640084 0.364988 0.398850 -0.650058 0.232649 0.640084 0.364865 0.398850 -0.650058 0.229717 0.640084 0.364742 0.398850 -0.650058 0.228739 
0.640034 0.365019 0.398850 -0.650058 0.221896 0.640084 0.365019 0.398850 -0.650058 0.228739 0.640084 0.364988 0.398850 -0.650058 0.232649 0.640084 0.364865 0.398850 -0.650058 0.229717 0.640084 0.364742 0.398850 -0.650058 0.228739 0.640084 0.364588 0.398850 -0.650058 0.228739 
0.640084 0.365019 0.398850 -0.650058 0.228739 0.640084 0.364988 0.398850 -0.650058 0.232649 0.640084 0.364865 0.398850 -0.650058 0.229717 0.640084 0.364742 0.398850 -0.650058 0.228739 0.640084 0.364588 0.398850 -0.650058 0.228739 0.640034 0.364419 0.398850 -0.650058 0.229717 
0.640084 0.364988 0.398850 -0.650058 0.232649 0.640084 0.364865 0.398850 -0.650058 0.229717 0.640084 0.364742 0.398850 -0.650058 0.228739 0.640084 0.364588 0.398850 -0.650058 0.228739 0.640034 0.364419 0.398850 -0.650058 0.229717 0.639887 0.364219 0.398850 -0.650058 0.231672 
0.640084 0.364865 0.398850 -0.650058 0.229717 0.640084 0.364742 0.398850 -0.650058 0.228739 0.640084 0.364588 0.398850 -0.650058 0.228739 0.640034 0.364419 0.398850 -0.650058 0.229717 0.639887 0.364219 0.398850 -0.650058 0.231672 0.639690 0.364019 0.398850 -0.650058 0.233627 
0.640084 0.364742 0.398850 -0.650058 0.228739 0.640084 0.364588 0.398850 -0.650058 0.228739 0.640034 0.364419 0.398850 -0.650058 0.229717 0.639887 0.364219 0.398850 -0.650058 0.231672 0.639690 0.364019 0.398850 -0.650058 0.233627 0.639493 0.363789 0.398850 -0.650058 0.232649 
0.640084 0.364588 0.398850 -0.650058 0.228739 0.640034 0.364419 0.398850 -0.650058 0.229717 0.639887 0.364219 0.398850 -0.650058 0.231672 0.639690 0.364019 0.398850 -0.650058 0.233627 0.639493 0.363789 0.398850 -0.650058 0.232649 0.639296 0.363543 0.398850 -0.650058 0.232649 
0.640034 0.364419 0.398850 -0.650058 0.229717 0.639887 0.364219 0.398850 -0.650058 0.231672 0.639690 0.364019 0.398850 -0.650058 0.233627 0.639493 0.363789 0.398850 -0.650058 0.232649 0.639296 0.363543 0.398850 -0.650058 0.232649 0.639075 0.363266 0.420953 -0.640373 0.234604 
0.639887 0.364219 0.398850 -0.650058 0.231672 0.639690 0.364019 0.398850 -0.650058 0.233627 0.639493 0.363789 0.398850 -0.650058 0.232649 0.639296 0.363543 0.398850 -0.650058 0.232649 0.639075 0.363266 0.420953 -0.640373 0.234604 0.638829 0.362958 0.420953 -0.640373 0.238514 
0.639690 0.364019 0.398850 -0.650058 0.233627 0.639493 0.363789 0.398850 -0.650058 0.232649 0.639296 0.363543 0.398850 -0.650058 0.232649 0.639075 0.363266 0.420953 -0.640373 0.234604 0.638829 0.362958 0.420953 -0.640373 0.238514 0.638583 0.362605 0.418400 -0.618467 0.240469 
0.639493 0.363789 0.398850 -0.650058 0.232649 0.639296 0.363543 0.398850 -0.650058 0.232649 0.639075 0.363266 0.420953 -0.640373 0.234604 0.638829 0.362958 0.420953 -0.640373 0.238514 0.638583 0.362605 0.418400 -0.618467 0.240469 0.638337 0.362205 0.418400 -0.618467 0.243402 
0.639296 0.363543 0.398850 -0.650058 0.232649 0.639075 0.363266 0.420953 -0.640373 0.234604 0.638829 0.362958 0.420953 -0.640373 0.238514 0.638583 0.362605 0.418400 -0.618467 0.240469 0.638337 0.362205 0.418400 -0.618467 0.243402 0.638066 0.361789 0.418400 -0.618467 0.258065 
0.639075 0.363266 0.420953 -0.640373 0.234604 0.638829 0.362958 0.420953 -0.640373 0.238514 0.638583 0.362605 0.418400 -0.618467 0.240469 0.638337 0.362205 0.418400 -0.618467 0.243402 0.638066 0.361789 0.418400 -0.618467 0.258065 0.637820 0.361313 0.418400 -0.618467 0.263930 
0.638829 0.362958 0.420953 -0.640373 0.238514 0.638583 0.362605 0.418400 -0.618467 0.240469 0.638337 0.362205 0.418400 -0.618467 0.243402 0.638066 0.361789 0.418400 -0.618467 0.258065 0.637820 0.361313 0.418400 -0.618467 0.263930 0.637525 0.360790 0.418400 -0.618467 0.272727 
0.638583 0.362605 0.418400 -0.618467 0.240469 0.638337 0.362205 0.418400 -0.618467 0.243402 0.638066 0.361789 0.418400 -0.618467 0.258065 0.637820 0.361313 0.418400 -0.618467 0.263930 0.637525 0.360790 0.418400 -0.618467 0.272727 0.637254 0.360236 0.418400 -0.618467 0.271750 
0.638337 0.362205 0.418400 -0.618467 0.243402 0.638066 0.361789 0.418400 -0.618467 0.258065 0.637820 0.361313 0.418400 -0.618467 0.263930 0.637525 0.360790 0.418400 -0.618467 0.272727 0.637254 0.360236 0.418400 -0.618467 0.271750 0.636983 0.359621 0.418400 -0.618467 0.281525 
0.638066 0.361789 0.418400 -0.618467 0.258065 0.637820 0.361313 0.418400 -0.618467 0.263930 0.637525 0.360790 0.418400 -0.618467 0.272727 0.637254 0.360236 0.418400 -0.618467 0.271750 0.636983 0.359621 0.418400 -0.618467 0.281525 0.636688 0.358975 0.418400 -0.618467 0.294233 
0.637820 0.361313 0.418400 -0.618467 0.263930 0.637525 0.360790 0.418400 -0.618467 0.272727 0.637254 0.360236 0.418400 -0.618467 0.271750 0.636983 0.359621 0.418400 -0.618467 0.281525 0.636688 0.358975 0.418400 -0.618467 0.294233 0.636417 0.358314 0.418400 -0.618467 0.305963 
0.637525 0.360790 0.418400 -0.618467 0.272727 0.637254 0.360236 0.418400 -0.618467 0.271750 0.636983 0.359621 0.418400 -0.618467 0.281525 0.636688 0.358975 0.418400 -0.618467 0.294233 0.636417 0.358314 0.418400 -0.618467 0.305963 0.636147 0.357606 0.418400 -0.618467 0.313783 
0.637254 0.360236 0.418400 -0.618467 0.271750 0.636983 0.359621 0.418400 -0.618467 0.281525 0.636688 0.358975 0.418400 -0.618467 0.294233 0.636417 0.358314 0.418400 -0.618467 0.305963 0.636147 0.357606 0.418400 -0.618467 0.313783 0.635876 0.356930 0.418400 -0.618467 0.314761 
0.636983 0.359621 0.418400 -0.618467 0.281525 0.636688 0.358975 0.418400 -0.618467 0.294233 0.636417 0.358314 0.418400 -0.618467 0.305963 0.636147 0.357606 0.418400 -0.618467 0.313783 0.635876 0.356930 0.418400 -0.618467 0.314761 0.635581 0.356207 0.418400 -0.618467 0.320626 
0.636688 0.358975 0.418400 -0.618467 0.294233 0.636417 0.358314 0.418400 -0.618467 0.305963 0.636147 0.357606 0.418400 -0.618467 0.313783 0.635876 0.356930 0.418400 -0.618467 0.314761 0.635581 0.356207 0.418400 -0.618467 0.320626 0.635310 0.355469 0.418400 -0.618467 0.325513 
0.636417 0.358314 0.418400 -0.618467 0.305963 0.636147 0.357606 0.418400 -0.618467 0.313783 0.635876 0.356930 0.418400 -0.618467 0.314761 0.635581 0.356207 0.418400 -0.618467 0.320626 0.635310 0.355469 0.418400 -0.618467 0.325513 0.635015 0.354715 0.418400 -0.618467 0.328446 
0.636147 0.357606 0.418400 -0.618467 0.313783 0.635876 0.356930 0.418400 -0.618467 0.314761 0.635581 0.356207 0.418400 -0.618467 0.320626 0.635310 0.355469 0.418400 -0.618467 0.325513 0.635015 0.354715 0.418400 -0.618467 0.328446 0.634695 0.353962 0.418400 -0.618467 0.339198 
0.635876 0.356930 0.418400 -0.618467 0.314761 0.635581 0.356207 0.418400 -0.618467 0.320626 0.635310 0.355469 0.418400 -0.618467 0.325513 0.635015 0.354715 0.418400 -0.618467 0.328446 0.634695 0.353962 0.418400 -0.618467 0.339198 0.634375 0.353177 0.418400 -0.618467 0.349951 
0.635581 0.356207 0.418400 -0.618467 0.320626 0.635310 0.355469 0.418400 -0.618467 0.325513 0.635015 0.354715 0.418400 -0.618467 0.328446 0.634695 0.353962 0.418400 -0.618467 0.339198 0.634375 0.353177 0.418400 -0.618467 0.349951 0.634006 0.352378 0.418400 -0.618467 0.357771 
0.635310 0.355469 0.418400 -0.618467 0.325513 0.635015 0.354715 0.418400 -0.618467 0.328446 0.634695 0.353962 0.418400 -0.618467 0.339198 0.634375 0.353177 0.418400 -0.618467 0.349951 0.634006 0.352378 0.418400 -0.618467 0.357771 0.633661 0.351562 0.397245 -0.628410 0.357771 
0.635015 0.354715 0.418400 -0.618467 0.328446 0.634695 0.353962 0.418400 -0.618467 0.339198 0.634375 0.353177 0.418400 -0.618467 0.349951 0.634006 0.352378 0.418400 -0.618467 0.357771 0.633661 0.351562 0.397245 -0.628410 0.357771 0.633268 0.350717 0.397245 -0.628410 0.364614 
0.634695 0.353962 0.418400 -0.618467 0.339198 0.634375 0.353177 0.418400 -0.618467 0.349951 0.634006 0.352378 0.418400 -0.618467 0.357771 0.633661 0.351562 0.397245 -0.628410 0.357771 0.633268 0.350717 0.397245 -0.628410 0.364614 0.632899 0.349855 0.397245 -0.628410 0.369501 
0.634375 0.353177 0.418400 -0.618467 0.349951 0.634006 0.352378 0.418400 -0.618467 0.357771 0.633661 0.351562 0.397245 -0.628410 0.357771 0.633268 0.350717 0.397245 -0.628410 0.364614 0.632899 0.349855 0.397245 -0.628410 0.369501 0.632480 0.349010 0.397245 -0.628410 0.370479 
0.634006 0.352378 0.418400 -0.618467 0.357771 0.633661 0.351562 0.397245 -0.628410 0.357771 0.633268 0.350717 0.397245 -0.628410 0.364614 0.632899 0.349855 0.397245 -0.628410 0.369501 0.632480 0.349010 0.397245 -0.628410 0.370479 0.632062 0.348164 0.397245 -0.628410 0.371457 
0.633661 0.351562 0.397245 -0.628410 0.357771 0.633268 0.350717 0.397245 -0.628410 0.364614 0.632899 0.349855 0.397245 -0.628410 0.369501 0.632480 0.349010 0.397245 -0.628410 0.370479 0.632062 0.348164 0.397245 -0.628410 0.371457 0.631619 0.347318 0.397245 -0.628410 0.384164 
0.633268 0.350717 0.397245 -0.628410 0.364614 0.632899 0.349855 0.397245 -0.628410 0.369501 0.632480 0.349010 0.397245 -0.628410 0.370479 0.632062 0.348164 0.397245 -0.628410 0.371457 0.631619 0.347318 0.397245 -0.628410 0.384164 0.631152 0.346472 0.397245 -0.628410 0.384164 
0.632899 0.349855 0.397245 -0.628410 0.369501 0.632480 0.349010 0.397245 -0.628410 0.370479 0.632062 0.348164 0.397245 -0.628410 0.371457 0.631619 0.347318 0.397245 -0.628410 0.384164 0.631152 0.346472 0.397245 -0.628410 0.384164 0.630635 0.345626 0.397245 -0.628410 0.385142 
0.632480 0.349010 0.397245 -0.628410 0.370479 0.632062 0.348164 0.397245 -0.628410 0.371457 0.631619 0.347318 0.397245 -0.628410 0.384164 0.631152 0.346472 0.397245 -0.628410 0.384164 0.630635 0.345626 0.397245 -0.628410 0.385142 0.630093 0.344765 0.397245 -0.628410 0.386119 
0.632062 0.348164 0.397245 -0.628410 0.371457 0.631619 0.347318 0.397245 -0.628410 0.384164 0.631152 0.346472 0.397245 -0.628410 0.384164 0.630635 0.345626 0.397245 -0.628410 0.385142 0.630093 0.344765 0.397245 -0.628410 0.386119 0.629601 0.343919 0.397245 -0.628410 0.390029 
0.631619 0.347318 0.397245 -0.628410 0.384164 0.631152 0.346472 0.397245 -0.628410 0.384164 0.630635 0.345626 0.397245 -0.628410 0.385142 0.630093 0.344765 0.397245 -0.628410 0.386119 0.629601 0.343919 0.397245 -0.628410 0.390029 0.629060 0.343027 0.397245 -0.628410 0.392962 
0.631152 0.346472 0.397245 -0.628410 0.384164 0.630635 0.345626 0.397245 -0.628410 0.385142 0.630093 0.344765 0.397245 -0.628410 0.386119 0.629601 0.343919 0.397245 -0.628410 0.390029 0.629060 0.343027 0.397245 -0.628410 0.392962 0.628494 0.342104 0.386358 -0.633113 0.403715 
0.630635 0.345626 0.397245 -0.628410 0.385142 0.630093 0.344765 0.397245 -0.628410 0.386119 0.629601 0.343919 0.397245 -0.628410 0.390029 0.629060 0.343027 0.397245 -0.628410 0.392962 0.628494 0.342104 0.386358 -0.633113 0.403715 0.627953 0.341151 0.386358 -0.633113 0.403715 
0.630093 0.344765 0.397245 -0.628410 0.386119 0.629601 0.343919 0.397245 -0.628410 0.390029 0.629060 0.343027 0.397245 -0.628410 0.392962 0.628494 0.342104 0.386358 -0.633113 0.403715 0.627953 0.341151 0.386358 -0.633113 0.403715 0.627387 0.340182 0.386358 -0.633113 0.400782 
0.629601 0.343919 0.397245 -0.628410 0.390029 0.629060 0.343027 0.397245 -0.628410 0.392962 0.628494 0.342104 0.386358 -0.633113 0.403715 0.627953 0.341151 0.386358 -0.633113 0.403715 0.627387 0.340182 0.386358 -0.633113 0.400782 0.626845 0.339229 0.386358 -0.633113 0.406647 
0.629060 0.343027 0.397245 -0.628410 0.392962 0.628494 0.342104 0.386358 -0.633113 0.403715 0.627953 0.341151 0.386358 -0.633113 0.403715 0.627387 0.340182 0.386358 -0.633113 0.400782 0.626845 0.339229 0.386358 -0.633113 0.406647 0.626353 0.338275 0.386358 -0.633113 0.404692 
0.628494 0.342104 0.386358 -0.633113 0.403715 0.627953 0.341151 0.386358 -0.633113 0.403715 0.627387 0.340182 0.386358 -0.633113 0.400782 0.626845 0.339229 0.386358 -0.633113 0.406647 0.626353 0.338275 0.386358 -0.633113 0.404692 0.625886 0.337306 0.386358 -0.633113 0.407625 
0.627953 0.341151 0.386358 -0.633113 0.403715 0.627387 0.340182 0.386358 -0.633113 0.400782 0.626845 0.339229 0.386358 -0.633113 0.406647 0.626353 0.338275 0.386358 -0.633113 0.404692 0.625886 0.337306 0.386358 -0.633113 0.407625 0.625394 0.336368 0.386358 -0.633113 0.404692 
