0.624409 0.374185 0.381935 -0.446445 0.000000 0.624532 0.373847 0.381935 -0.446445 0.000000 0.624655 0.373554 0.381935 -0.446445 0.000000 0.624779 0.373554 0.381935 -0.446445 0.000000 0.625049 0.373139 0.381935 -0.446445 0.000000 0.625443 0.372739 0.381935 -0.446445 0.000000 
0.624532 0.373847 0.381935 -0.446445 0.000000 0.624655 0.373554 0.381935 -0.446445 0.000000 0.624779 0.373554 0.381935 -0.446445 0.000000 0.625049 0.373139 0.381935 -0.446445 0.000000 0.625443 0.372739 0.381935 -0.446445 0.000000 0.625689 0.372493 0.381935 -0.446445 0.000000 
0.624655 0.373554 0.381935 -0.446445 0.000000 0.624779 0.373554 0.381935 -0.446445 0.000000 0.625049 0.373139 0.381935 -0.446445 0.000000 0.625443 0.372739 0.381935 -0.446445 0.000000 0.625689 0.372493 0.381935 -0.446445 0.000000 0.625886 0.372493 0.380347 -0.472996 0.000000 
0.624779 0.373554 0.381935 -0.446445 0.000000 0.625049 0.373139 0.381935 -0.446445 0.000000 0.625443 0.372739 0.381935 -0.446445 0.000000 0.625689 0.372493 0.381935 -0.446445 0.000000 0.625886 0.372493 0.380347 -0.472996 0.000000 0.626058 0.372109 0.380347 -0.472996 0.000000 
0.625049 0.373139 0.381935 -0.446445 0.000000 0.625443 0.372739 0.381935 -0.446445 0.000000 0.625689 0.372493 0.381935 -0.446445 0.000000 0.625886 0.372493 0.380347 -0.472996 0.000000 0.626058 0.372109 0.380347 -0.472996 0.000000 0.626304 0.371724 0.380347 -0.472996 0.000000 
0.625443 0.372739 0.381935 -0.446445 0.000000 0.625689 0.372493 0.381935 -0.446445 0.000000 0.625886 0.372493 0.380347 -0.472996 0.000000 0.626058 0.372109 0.380347 -0.472996 0.000000 0.626304 0.371724 0.380347 -0.472996 0.000000 0.626403 0.371447 0.385607 -0.494116 0.000000 
0.625689 0.372493 0.381935 -0.446445 0.000000 0.625886 0.372493 0.380347 -0.472996 0.000000 0.626058 0.372109 0.380347 -0.472996 0.000000 0.626304 0.371724 0.380347 -0.472996 0.000000 0.626403 0.371447 0.385607 -0.494116 0.000000 0.626476 0.371155 0.401432 -0.482813 0.000000 
0.625886 0.372493 0.380347 -0.472996 0.000000 0.626058 0.372109 0.380347 -0.472996 0.000000 0.626304 0.371724 0.380347 -0.472996 0.000000 0.626403 0.371447 0.385607 -0.494116 0.000000 0.626476 0.371155 0.401432 -0.482813 0.000000 0.626550 0.370863 0.398814 -0.509887 0.000000 
0.626058 0.372109 0.380347 -0.472996 0.000000 0.626304 0.371724 0.380347 -0.472996 0.000000 0.626403 0.371447 0.385607 -0.494116 0.000000 0.626476 0.371155 0.401432 -0.482813 0.000000 0.626550 0.370863 0.398814 -0.509887 0.000000 0.626575 0.370555 0.415055 -0.498351 0.000000 
0.626304 0.371724 0.380347 -0.472996 0.000000 0.626403 0.371447 0.385607 -0.494116 0.000000 0.626476 0.371155 0.401432 -0.482813 0.000000 0.626550 0.370863 0.398814 -0.509887 0.000000 0.626575 0.370555 0.415055 -0.498351 0.000000 0.626575 0.370217 0.420610 -0.519971 0.000000 
0.626403 0.371447 0.385607 -0.494116 0.000000 0.626476 0.371155 0.401432 -0.482813 0.000000 0.626550 0.370863 0.398814 -0.509887 0.000000 0.626575 0.370555 0.415055 -0.498351 0.000000 0.626575 0.370217 0.420610 -0.519971 0.000000 0.626575 0.369863 0.420610 -0.519971 0.000000 
0.626476 0.371155 0.401432 -0.482813 0.000000 0.626550 0.370863 0.398814 -0.509887 0.000000 0.626575 0.370555 0.415055 -0.498351 0.000000 0.626575 0.370217 0.420610 -0.519971 0.000000 0.626575 0.369863 0.420610 -0.519971 0.000000 0.626575 0.369525 0.434381 -0.535855 0.000000 
0.626550 0.370863 0.398814 -0.509887 0.000000 0.626575 0.370555 0.415055 -0.498351 0.000000 0.626575 0.370217 0.420610 -0.519971 0.000000 0.626575 0.369863 0.420610 -0.519971 0.000000 0.626575 0.369525 0.434381 -0.535855 0.000000 0.626575 0.369202 0.434381 -0.535855 0.000000 
0.626575 0.370555 0.415055 -0.498351 0.000000 0.626575 0.370217 0.420610 -0.519971 0.000000 0.626575 0.369863 0.420610 -0.519971 0.000000 0.626575 0.369525 0.434381 -0.535855 0.000000 0.626575 0.369202 0.434381 -0.535855 0.000000 0.626501 0.368864 0.434381 -0.535855 0.000000 
0.626575 0.370217 0.420610 -0.519971 0.000000 0.626575 0.369863 0.420610 -0.519971 0.000000 0.626575 0.369525 0.434381 -0.535855 0.000000 0.626575 0.369202 0.434381 -0.535855 0.000000 0.626501 0.368864 0.434381 -0.535855 0.000000 0.626304 0.368556 0.434381 -0.535855 0.000000 
0.626575 0.369863 0.420610 -0.519971 0.000000 0.626575 0.369525 0.434381 -0.535855 0.000000 0.626575 0.369202 0.434381 -0.535855 0.000000 0.626501 0.368864 0.434381 -0.535855 0.000000 0.626304 0.368556 0.434381 -0.535855 0.000000 0.626009 0.368249 0.456969 -0.545677 0.000000 
0.626575 0.369525 0.434381 -0.535855 0.000000 0.626575 0.369202 0.434381 -0.535855 0.000000 0.626501 0.368864 0.434381 -0.535855 0.000000 0.626304 0.368556 0.434381 -0.535855 0.000000 0.626009 0.368249 0.456969 -0.545677 0.000000 0.625787 0.367956 0.456969 -0.545677 0.000000 
0.626575 0.369202 0.434381 -0.535855 0.000000 0.626501 0.368864 0.434381 -0.535855 0.000000 0.626304 0.368556 0.434381 -0.535855 0.000000 0.626009 0.368249 0.456969 -0.545677 0.000000 0.625787 0.367956 0.456969 -0.545677 0.000000 0.625566 0.367680 0.456969 -0.545677 0.000000 
0.626501 0.368864 0.434381 -0.535855 0.000000 0.626304 0.368556 0.434381 -0.535855 0.000000 0.626009 0.368249 0.456969 -0.545677 0.000000 0.625787 0.367956 0.456969 -0.545677 0.000000 0.625566 0.367680 0.456969 -0.545677 0.000000 0.625246 0.367418 0.456969 -0.545677 0.000000 
0.626304 0.368556 0.434381 -0.535855 0.000000 0.626009 0.368249 0.456969 -0.545677 0.000000 0.625787 0.367956 0.456969 -0.545677 0.000000 0.625566 0.367680 0.456969 -0.545677 0.000000 0.625246 0.367418 0.456969 -0.545677 0.000000 0.625148 0.367172 0.456969 -0.545677 0.000000 
0.623327 0.369710 0.381904 -0.520764 0.503421 0.623720 0.369279 0.381904 -0.520764 0.508309 0.624114 0.368833 0.381904 -0.520764 0.514174 0.624483 0.368402 0.381904 -0.520764 0.526882 0.624852 0.367987 0.381904 -0.520764 0.539589 0.625197 0.367618 0.381904 -0.520764 0.540567 
0.623720 0.369279 0.381904 -0.520764 0.508309 0.624114 0.368833 0.381904 -0.520764 0.514174 0.624483 0.368402 0.381904 -0.520764 0.526882 0.624852 0.367987 0.381904 -0.520764 0.539589 0.625197 0.367618 0.381904 -0.520764 0.540567 0.625566 0.367218 0.381904 -0.520764 0.543500 
0.624114 0.368833 0.381904 -0.520764 0.514174 0.624483 0.368402 0.381904 -0.520764 0.526882 0.624852 0.367987 0.381904 -0.520764 0.539589 0.625197 0.367618 0.381904 -0.520764 0.540567 0.625566 0.367218 0.381904 -0.520764 0.543500 0.625960 0.366772 0.381904 -0.520764 0.548387 
0.624483 0.368402 0.381904 -0.520764 0.526882 0.624852 0.367987 0.381904 -0.520764 0.539589 0.625197 0.367618 0.381904 -0.520764 0.540567 0.625566 0.367218 0.381904 -0.520764 0.543500 0.625960 0.366772 0.381904 -0.520764 0.548387 0.626353 0.366342 0.381904 -0.520764 0.562072 
0.624852 0.367987 0.381904 -0.520764 0.539589 0.625197 0.367618 0.381904 -0.520764 0.540567 0.625566 0.367218 0.381904 -0.520764 0.543500 0.625960 0.366772 0.381904 -0.520764 0.548387 0.626353 0.366342 0.381904 -0.520764 0.562072 0.626747 0.365926 0.381904 -0.520764 0.569892 
0.625197 0.367618 0.381904 -0.520764 0.540567 0.625566 0.367218 0.381904 -0.520764 0.543500 0.625960 0.366772 0.381904 -0.520764 0.548387 0.626353 0.366342 0.381904 -0.520764 0.562072 0.626747 0.365926 0.381904 -0.520764 0.569892 0.627165 0.365496 0.381904 -0.520764 0.575758 
0.625566 0.367218 0.381904 -0.520764 0.543500 0.625960 0.366772 0.381904 -0.520764 0.548387 0.626353 0.366342 0.381904 -0.520764 0.562072 0.626747 0.365926 0.381904 -0.520764 0.569892 0.627165 0.365496 0.381904 -0.520764 0.575758 0.627608 0.365019 0.381904 -0.520764 0.583578 
0.625960 0.366772 0.381904 -0.520764 0.548387 0.626353 0.366342 0.381904 -0.520764 0.562072 0.626747 0.365926 0.381904 -0.520764 0.569892 0.627165 0.365496 0.381904 -0.520764 0.575758 0.627608 0.365019 0.381904 -0.520764 0.583578 0.628027 0.364527 0.381904 -0.520764 0.591398 
0.626353 0.366342 0.381904 -0.520764 0.562072 0.626747 0.365926 0.381904 -0.520764 0.569892 0.627165 0.365496 0.381904 -0.520764 0.575758 0.627608 0.365019 0.381904 -0.520764 0.583578 0.628027 0.364527 0.381904 -0.520764 0.591398 0.628494 0.364035 0.403607 -0.531390 0.602151 
0.626747 0.365926 0.381904 -0.520764 0.569892 0.627165 0.365496 0.381904 -0.520764 0.575758 0.627608 0.365019 0.381904 -0.520764 0.583578 0.628027 0.364527 0.381904 -0.520764 0.591398 0.628494 0.364035 0.403607 -0.531390 0.602151 0.628912 0.363573 0.403607 -0.531390 0.607038 
0.627165 0.365496 0.381904 -0.520764 0.575758 0.627608 0.365019 0.381904 -0.520764 0.583578 0.628027 0.364527 0.381904 -0.520764 0.591398 0.628494 0.364035 0.403607 -0.531390 0.602151 0.628912 0.363573 0.403607 -0.531390 0.607038 0.629306 0.363158 0.403607 -0.531390 0.618768 
0.627608 0.365019 0.381904 -0.520764 0.583578 0.628027 0.364527 0.381904 -0.520764 0.591398 0.628494 0.364035 0.403607 -0.531390 0.602151 0.628912 0.363573 0.403607 -0.531390 0.607038 0.629306 0.363158 0.403607 -0.531390 0.618768 0.629700 0.362789 0.403607 -0.531390 0.630499 
0.628027 0.364527 0.381904 -0.520764 0.591398 0.628494 0.364035 0.403607 -0.531390 0.602151 0.628912 0.363573 0.403607 -0.531390 0.607038 0.629306 0.363158 0.403607 -0.531390 0.618768 0.629700 0.362789 0.403607 -0.531390 0.630499 0.630020 0.362451 0.403607 -0.531390 0.640274 
0.628494 0.364035 0.403607 -0.531390 0.602151 0.628912 0.363573 0.403607 -0.531390 0.607038 0.629306 0.363158 0.403607 -0.531390 0.618768 0.629700 0.362789 0.403607 -0.531390 0.630499 0.630020 0.362451 0.403607 -0.531390 0.640274 0.630315 0.362143 0.403607 -0.531390 0.647116 
0.628912 0.363573 0.403607 -0.531390 0.607038 0.629306 0.363158 0.403607 -0.531390 0.618768 0.629700 0.362789 0.403607 -0.531390 0.630499 0.630020 0.362451 0.403607 -0.531390 0.640274 0.630315 0.362143 0.403607 -0.531390 0.647116 0.630586 0.361882 0.403607 -0.531390 0.656892 
0.629306 0.363158 0.403607 -0.531390 0.618768 0.629700 0.362789 0.403607 -0.531390 0.630499 0.630020 0.362451 0.403607 -0.531390 0.640274 0.630315 0.362143 0.403607 -0.531390 0.647116 0.630586 0.361882 0.403607 -0.531390 0.656892 0.630856 0.361620 0.403607 -0.531390 0.663734 
0.629700 0.362789 0.403607 -0.531390 0.630499 0.630020 0.362451 0.403607 -0.531390 0.640274 0.630315 0.362143 0.403607 -0.531390 0.647116 0.630586 0.361882 0.403607 -0.531390 0.656892 0.630856 0.361620 0.403607 -0.531390 0.663734 0.631152 0.361344 0.403607 -0.531390 0.668622 
0.630020 0.362451 0.403607 -0.531390 0.640274 0.630315 0.362143 0.403607 -0.531390 0.647116 0.630586 0.361882 0.403607 -0.531390 0.656892 0.630856 0.361620 0.403607 -0.531390 0.663734 0.631152 0.361344 0.403607 -0.531390 0.668622 0.631471 0.361036 0.381904 -0.520764 0.671554 
0.630315 0.362143 0.403607 -0.531390 0.647116 0.630586 0.361882 0.403607 -0.531390 0.656892 0.630856 0.361620 0.403607 -0.531390 0.663734 0.631152 0.361344 0.403607 -0.531390 0.668622 0.631471 0.361036 0.381904 -0.520764 0.671554 0.631816 0.360682 0.381904 -0.520764 0.675464 
0.630586 0.361882 0.403607 -0.531390 0.656892 0.630856 0.361620 0.403607 -0.531390 0.663734 0.631152 0.361344 0.403607 -0.531390 0.668622 0.631471 0.361036 0.381904 -0.520764 0.671554 0.631816 0.360682 0.381904 -0.520764 0.675464 0.632234 0.360313 0.381904 -0.520764 0.681329 
0.630856 0.361620 0.403607 -0.531390 0.663734 0.631152 0.361344 0.403607 -0.531390 0.668622 0.631471 0.361036 0.381904 -0.520764 0.671554 0.631816 0.360682 0.381904 -0.520764 0.675464 0.632234 0.360313 0.381904 -0.520764 0.681329 0.632702 0.359898 0.381904 -0.520764 0.688172 
0.631152 0.361344 0.403607 -0.531390 0.668622 0.631471 0.361036 0.381904 -0.520764 0.671554 0.631816 0.360682 0.381904 -0.520764 0.675464 0.632234 0.360313 0.381904 -0.520764 0.681329 0.632702 0.359898 0.381904 -0.520764 0.688172 0.633194 0.359483 0.381904 -0.520764 0.684262 
0.631471 0.361036 0.381904 -0.520764 0.671554 0.631816 0.360682 0.381904 -0.520764 0.675464 0.632234 0.360313 0.381904 -0.520764 0.681329 0.632702 0.359898 0.381904 -0.520764 0.688172 0.633194 0.359483 0.381904 -0.520764 0.684262 0.633711 0.359052 0.385906 -0.542132 0.686217 
0.631816 0.360682 0.381904 -0.520764 0.675464 0.632234 0.360313 0.381904 -0.520764 0.681329 0.632702 0.359898 0.381904 -0.520764 0.688172 0.633194 0.359483 0.381904 -0.520764 0.684262 0.633711 0.359052 0.385906 -0.542132 0.686217 0.634277 0.358575 0.385906 -0.542132 0.689150 
0.632234 0.360313 0.381904 -0.520764 0.681329 0.632702 0.359898 0.381904 -0.520764 0.688172 0.633194 0.359483 0.381904 -0.520764 0.684262 0.633711 0.359052 0.385906 -0.542132 0.686217 0.634277 0.358575 0.385906 -0.542132 0.689150 0.634867 0.358129 0.385906 -0.542132 0.691105 
0.632702 0.359898 0.381904 -0.520764 0.688172 0.633194 0.359483 0.381904 -0.520764 0.684262 0.633711 0.359052 0.385906 -0.542132 0.686217 0.634277 0.358575 0.385906 -0.542132 0.689150 0.634867 0.358129 0.385906 -0.542132 0.691105 0.635482 0.357653 0.385906 -0.542132 0.692082 
0.633194 0.359483 0.381904 -0.520764 0.684262 0.633711 0.359052 0.385906 -0.542132 0.686217 0.634277 0.358575 0.385906 -0.542132 0.689150 0.634867 0.358129 0.385906 -0.542132 0.691105 0.635482 0.357653 0.385906 -0.542132 0.692082 0.636122 0.357160 0.385906 -0.542132 0.692082 
0.633711 0.359052 0.385906 -0.542132 0.686217 0.634277 0.358575 0.385906 -0.542132 0.689150 0.634867 0.358129 0.385906 -0.542132 0.691105 0.635482 0.357653 0.385906 -0.542132 0.692082 0.636122 0.357160 0.385906 -0.542132 0.692082 0.636786 0.356653 0.385906 -0.542132 0.693060 
0.634277 0.358575 0.385906 -0.542132 0.689150 0.634867 0.358129 0.385906 -0.542132 0.691105 0.635482 0.357653 0.385906 -0.542132 0.692082 0.636122 0.357160 0.385906 -0.542132 0.692082 0.636786 0.356653 0.385906 -0.542132 0.693060 0.637426 0.356115 0.389452 -0.563605 0.691105 
0.634867 0.358129 0.385906 -0.542132 0.691105 0.635482 0.357653 0.385906 -0.542132 0.692082 0.636122 0.357160 0.385906 -0.542132 0.692082 0.636786 0.356653 0.385906 -0.542132 0.693060 0.637426 0.356115 0.389452 -0.563605 0.691105 0.638115 0.355530 0.389452 -0.563605 0.693060 
0.635482 0.357653 0.385906 -0.542132 0.692082 0.636122 0.357160 0.385906 -0.542132 0.692082 0.636786 0.356653 0.385906 -0.542132 0.693060 0.637426 0.356115 0.389452 -0.563605 0.691105 0.638115 0.355530 0.389452 -0.563605 0.693060 0.638829 0.354930 0.389452 -0.563605 0.691105 
0.636122 0.357160 0.385906 -0.542132 0.692082 0.636786 0.356653 0.385906 -0.542132 0.693060 0.637426 0.356115 0.389452 -0.563605 0.691105 0.638115 0.355530 0.389452 -0.563605 0.693060 0.638829 0.354930 0.389452 -0.563605 0.691105 0.639493 0.354346 0.389452 -0.563605 0.695015 
0.636786 0.356653 0.385906 -0.542132 0.693060 0.637426 0.356115 0.389452 -0.563605 0.691105 0.638115 0.355530 0.389452 -0.563605 0.693060 0.638829 0.354930 0.389452 -0.563605 0.691105 0.639493 0.354346 0.389452 -0.563605 0.695015 0.640157 0.353762 0.367517 -0.552205 0.697947 
0.637426 0.356115 0.389452 -0.563605 0.691105 0.638115 0.355530 0.389452 -0.563605 0.693060 0.638829 0.354930 0.389452 -0.563605 0.691105 0.639493 0.354346 0.389452 -0.563605 0.695015 0.640157 0.353762 0.367517 -0.552205 0.697947 0.640773 0.353177 0.367517 -0.552205 0.698925 
0.638115 0.355530 0.389452 -0.563605 0.693060 0.638829 0.354930 0.389452 -0.563605 0.691105 0.639493 0.354346 0.389452 -0.563605 0.695015 0.640157 0.353762 0.367517 -0.552205 0.697947 0.640773 0.353177 0.367517 -0.552205 0.698925 0.641388 0.352608 0.367517 -0.552205 0.703812 
0.638829 0.354930 0.389452 -0.563605 0.691105 0.639493 0.354346 0.389452 -0.563605 0.695015 0.640157 0.353762 0.367517 -0.552205 0.697947 0.640773 0.353177 0.367517 -0.552205 0.698925 0.641388 0.352608 0.367517 -0.552205 0.703812 0.641929 0.352055 0.370214 -0.573503 0.710655 
0.639493 0.354346 0.389452 -0.563605 0.695015 0.640157 0.353762 0.367517 -0.552205 0.697947 0.640773 0.353177 0.367517 -0.552205 0.698925 0.641388 0.352608 0.367517 -0.552205 0.703812 0.641929 0.352055 0.370214 -0.573503 0.710655 0.642446 0.351532 0.370214 -0.573503 0.715542 
0.640157 0.353762 0.367517 -0.552205 0.697947 0.640773 0.353177 0.367517 -0.552205 0.698925 0.641388 0.352608 0.367517 -0.552205 0.703812 0.641929 0.352055 0.370214 -0.573503 0.710655 0.642446 0.351532 0.370214 -0.573503 0.715542 0.642963 0.351055 0.370214 -0.573503 0.718475 
0.640773 0.353177 0.367517 -0.552205 0.698925 0.641388 0.352608 0.367517 -0.552205 0.703812 0.641929 0.352055 0.370214 -0.573503 0.710655 0.642446 0.351532 0.370214 -0.573503 0.715542 0.642963 0.351055 0.370214 -0.573503 0.718475 0.643405 0.350609 0.370214 -0.573503 0.719453 
0.641388 0.352608 0.367517 -0.552205 0.703812 0.641929 0.352055 0.370214 -0.573503 0.710655 0.642446 0.351532 0.370214 -0.573503 0.715542 0.642963 0.351055 0.370214 -0.573503 0.718475 0.643405 0.350609 0.370214 -0.573503 0.719453 0.643848 0.350178 0.350266 -0.582727 0.722385 
0.641929 0.352055 0.370214 -0.573503 0.710655 0.642446 0.351532 0.370214 -0.573503 0.715542 0.642963 0.351055 0.370214 -0.573503 0.718475 0.643405 0.350609 0.370214 -0.573503 0.719453 0.643848 0.350178 0.350266 -0.582727 0.722385 0.644242 0.349748 0.350266 -0.582727 0.726295 
0.642446 0.351532 0.370214 -0.573503 0.715542 0.642963 0.351055 0.370214 -0.573503 0.718475 0.643405 0.350609 0.370214 -0.573503 0.719453 0.643848 0.350178 0.350266 -0.582727 0.722385 0.644242 0.349748 0.350266 -0.582727 0.726295 0.644611 0.349348 0.350266 -0.582727 0.724340 
0.642963 0.351055 0.370214 -0.573503 0.718475 0.643405 0.350609 0.370214 -0.573503 0.719453 0.643848 0.350178 0.350266 -0.582727 0.722385 0.644242 0.349748 0.350266 -0.582727 0.726295 0.644611 0.349348 0.350266 -0.582727 0.724340 0.644931 0.348979 0.350266 -0.582727 0.725318 
0.643405 0.350609 0.370214 -0.573503 0.719453 0.643848 0.350178 0.350266 -0.582727 0.722385 0.644242 0.349748 0.350266 -0.582727 0.726295 0.644611 0.349348 0.350266 -0.582727 0.724340 0.644931 0.348979 0.350266 -0.582727 0.725318 0.645276 0.348625 0.350266 -0.582727 0.725318 
0.643848 0.350178 0.350266 -0.582727 0.722385 0.644242 0.349748 0.350266 -0.582727 0.726295 0.644611 0.349348 0.350266 -0.582727 0.724340 0.644931 0.348979 0.350266 -0.582727 0.725318 0.645276 0.348625 0.350266 -0.582727 0.725318 0.645595 0.348271 0.340031 -0.587090 0.726295 
0.644242 0.349748 0.350266 -0.582727 0.726295 0.644611 0.349348 0.350266 -0.582727 0.724340 0.644931 0.348979 0.350266 -0.582727 0.725318 0.645276 0.348625 0.350266 -0.582727 0.725318 0.645595 0.348271 0.340031 -0.587090 0.726295 0.645891 0.347902 0.340031 -0.587090 0.728250 
0.644611 0.349348 0.350266 -0.582727 0.724340 0.644931 0.348979 0.350266 -0.582727 0.725318 0.645276 0.348625 0.350266 -0.582727 0.725318 0.645595 0.348271 0.340031 -0.587090 0.726295 0.645891 0.347902 0.340031 -0.587090 0.728250 0.646186 0.347549 0.340031 -0.587090 0.730205 
0.644931 0.348979 0.350266 -0.582727 0.725318 0.645276 0.348625 0.350266 -0.582727 0.725318 0.645595 0.348271 0.340031 -0.587090 0.726295 0.645891 0.347902 0.340031 -0.587090 0.728250 0.646186 0.347549 0.340031 -0.587090 0.730205 0.646457 0.347226 0.340031 -0.587090 0.731183 
0.645276 0.348625 0.350266 -0.582727 0.725318 0.645595 0.348271 0.340031 -0.587090 0.726295 0.645891 0.347902 0.340031 -0.587090 0.728250 0.646186 0.347549 0.340031 -0.587090 0.730205 0.646457 0.347226 0.340031 -0.587090 0.731183 0.646727 0.346918 0.340031 -0.587090 0.730205 
0.645595 0.348271 0.340031 -0.587090 0.726295 0.645891 0.347902 0.340031 -0.587090 0.728250 0.646186 0.347549 0.340031 -0.587090 0.730205 0.646457 0.347226 0.340031 -0.587090 0.731183 0.646727 0.346918 0.340031 -0.587090 0.730205 0.646973 0.346626 0.340031 -0.587090 0.728250 
0.645891 0.347902 0.340031 -0.587090 0.728250 0.646186 0.347549 0.340031 -0.587090 0.730205 0.646457 0.347226 0.340031 -0.587090 0.731183 0.646727 0.346918 0.340031 -0.587090 0.730205 0.646973 0.346626 0.340031 -0.587090 0.728250 0.647244 0.346318 0.329625 -0.591287 0.729228 
0.646186 0.347549 0.340031 -0.587090 0.730205 0.646457 0.347226 0.340031 -0.587090 0.731183 0.646727 0.346918 0.340031 -0.587090 0.730205 0.646973 0.346626 0.340031 -0.587090 0.728250 0.647244 0.346318 0.329625 -0.591287 0.729228 0.647515 0.345995 0.329625 -0.591287 0.729228 
0.646457 0.347226 0.340031 -0.587090 0.731183 0.646727 0.346918 0.340031 -0.587090 0.730205 0.646973 0.346626 0.340031 -0.587090 0.728250 0.647244 0.346318 0.329625 -0.591287 0.729228 0.647515 0.345995 0.329625 -0.591287 0.729228 0.647785 0.345703 0.329625 -0.591287 0.731183 
0.646727 0.346918 0.340031 -0.587090 0.730205 0.646973 0.346626 0.340031 -0.587090 0.728250 0.647244 0.346318 0.329625 -0.591287 0.729228 0.647515 0.345995 0.329625 -0.591287 0.729228 0.647785 0.345703 0.329625 -0.591287 0.731183 0.648031 0.345411 0.329625 -0.591287 0.730205 
0.646973 0.346626 0.340031 -0.587090 0.728250 0.647244 0.346318 0.329625 -0.591287 0.729228 0.647515 0.345995 0.329625 -0.591287 0.729228 0.647785 0.345703 0.329625 -0.591287 0.731183 0.648031 0.345411 0.329625 -0.591287 0.730205 0.648278 0.345119 0.329625 -0.591287 0.730205 
0.647244 0.346318 0.329625 -0.591287 0.729228 0.647515 0.345995 0.329625 -0.591287 0.729228 0.647785 0.345703 0.329625 -0.591287 0.731183 0.648031 0.345411 0.329625 -0.591287 0.730205 0.648278 0.345119 0.329625 -0.591287 0.730205 0.648499 0.344857 0.329625 -0.591287 0.731183 
0.647515 0.345995 0.329625 -0.591287 0.729228 0.647785 0.345703 0.329625 -0.591287 0.731183 0.648031 0.345411 0.329625 -0.591287 0.730205 0.648278 0.345119 0.329625 -0.591287 0.730205 0.648499 0.344857 0.329625 -0.591287 0.731183 0.648696 0.344611 0.329972 -0.612211 0.735093 
0.647785 0.345703 0.329625 -0.591287 0.731183 0.648031 0.345411 0.329625 -0.591287 0.730205 0.648278 0.345119 0.329625 -0.591287 0.730205 0.648499 0.344857 0.329625 -0.591287 0.731183 0.648696 0.344611 0.329972 -0.612211 0.735093 0.648893 0.344396 0.329972 -0.612211 0.736070 
0.648031 0.345411 0.329625 -0.591287 0.730205 0.648278 0.345119 0.329625 -0.591287 0.730205 0.648499 0.344857 0.329625 -0.591287 0.731183 0.648696 0.344611 0.329972 -0.612211 0.735093 0.648893 0.344396 0.329972 -0.612211 0.736070 0.649040 0.344211 0.329972 -0.612211 0.739980 
0.648278 0.345119 0.329625 -0.591287 0.730205 0.648499 0.344857 0.329625 -0.591287 0.731183 0.648696 0.344611 0.329972 -0.612211 0.735093 0.648893 0.344396 0.329972 -0.612211 0.736070 0.649040 0.344211 0.329972 -0.612211 0.739980 0.649163 0.344073 0.329972 -0.612211 0.742913 
0.648499 0.344857 0.329625 -0.591287 0.731183 0.648696 0.344611 0.329972 -0.612211 0.735093 0.648893 0.344396 0.329972 -0.612211 0.736070 0.649040 0.344211 0.329972 -0.612211 0.739980 0.649163 0.344073 0.329972 -0.612211 0.742913 0.649237 0.343981 0.329972 -0.612211 0.744868 
0.648696 0.344611 0.329972 -0.612211 0.735093 0.648893 0.344396 0.329972 -0.612211 0.736070 0.649040 0.344211 0.329972 -0.612211 0.739980 0.649163 0.344073 0.329972 -0.612211 0.742913 0.649237 0.343981 0.329972 -0.612211 0.744868 0.649286 0.343919 0.329972 -0.612211 0.746823 
0.648893 0.344396 0.329972 -0.612211 0.736070 0.649040 0.344211 0.329972 -0.612211 0.739980 0.649163 0.344073 0.329972 -0.612211 0.742913 0.649237 0.343981 0.329972 -0.612211 0.744868 0.649286 0.343919 0.329972 -0.612211 0.746823 0.649311 0.343888 0.329972 -0.612211 0.747801 
0.649040 0.344211 0.329972 -0.612211 0.739980 0.649163 0.344073 0.329972 -0.612211 0.742913 0.649237 0.343981 0.329972 -0.612211 0.744868 0.649286 0.343919 0.329972 -0.612211 0.746823 0.649311 0.343888 0.329972 -0.612211 0.747801 0.649336 0.343888 0.329972 -0.612211 0.749756 
0.649163 0.344073 0.329972 -0.612211 0.742913 0.649237 0.343981 0.329972 -0.612211 0.744868 0.649286 0.343919 0.329972 -0.612211 0.746823 0.649311 0.343888 0.329972 -0.612211 0.747801 0.649336 0.343888 0.329972 -0.612211 0.749756 0.649336 0.343873 0.329972 -0.612211 0.750733 
0.649237 0.343981 0.329972 -0.612211 0.744868 0.649286 0.343919 0.329972 -0.612211 0.746823 0.649311 0.343888 0.329972 -0.612211 0.747801 0.649336 0.343888 0.329972 -0.612211 0.749756 0.649336 0.343873 0.329972 -0.612211 0.750733 0.649360 0.343873 0.329972 -0.612211 0.752688 
0.649286 0.343919 0.329972 -0.612211 0.746823 0.649311 0.343888 0.329972 -0.612211 0.747801 0.649336 0.343888 0.329972 -0.612211 0.749756 0.649336 0.343873 0.329972 -0.612211 0.750733 0.649360 0.343873 0.329972 -0.612211 0.752688 0.649385 0.343873 0.329972 -0.612211 0.756598 
0.649311 0.343888 0.329972 -0.612211 0.747801 0.649336 0.343888 0.329972 -0.612211 0.749756 0.649336 0.343873 0.329972 -0.612211 0.750733 0.649360 0.343873 0.329972 -0.612211 0.752688 0.649385 0.343873 0.329972 -0.612211 0.756598 0.649409 0.343873 0.329972 -0.612211 0.762463 
0.649336 0.343888 0.329972 -0.612211 0.749756 0.649336 0.343873 0.329972 -0.612211 0.750733 0.649360 0.343873 0.329972 -0.612211 0.752688 0.649385 0.343873 0.329972 -0.612211 0.756598 0.649409 0.343873 0.329972 -0.612211 0.762463 0.649434 0.343873 0.329972 -0.612211 0.766373 
0.649336 0.343873 0.329972 -0.612211 0.750733 0.649360 0.343873 0.329972 -0.612211 0.752688 0.649385 0.343873 0.329972 -0.612211 0.756598 0.649409 0.343873 0.329972 -0.612211 0.762463 0.649434 0.343873 0.329972 -0.612211 0.766373 0.649434 0.343935 0.329972 -0.612211 0.695992 
0.649360 0.343873 0.329972 -0.612211 0.752688 0.649385 0.343873 0.329972 -0.612211 0.756598 0.649409 0.343873 0.329972 -0.612211 0.762463 0.649434 0.343873 0.329972 -0.612211 0.766373 0.649434 0.343935 0.329972 -0.612211 0.695992 0.649434 0.343996 0.329972 -0.612211 0.659824 
0.649385 0.343873 0.329972 -0.612211 0.756598 0.649409 0.343873 0.329972 -0.612211 0.762463 0.649434 0.343873 0.329972 -0.612211 0.766373 0.649434 0.343935 0.329972 -0.612211 0.695992 0.649434 0.343996 0.329972 -0.612211 0.659824 0.649434 0.344119 0.329972 -0.612211 0.610948 
0.649409 0.343873 0.329972 -0.612211 0.762463 0.649434 0.343873 0.329972 -0.612211 0.766373 0.649434 0.343935 0.329972 -0.612211 0.695992 0.649434 0.343996 0.329972 -0.612211 0.659824 0.649434 0.344119 0.329972 -0.612211 0.610948 0.649385 0.344273 0.329972 -0.612211 0.547410 
0.649434 0.343873 0.329972 -0.612211 0.766373 0.649434 0.343935 0.329972 -0.612211 0.695992 0.649434 0.343996 0.329972 -0.612211 0.659824 0.649434 0.344119 0.329972 -0.612211 0.610948 0.649385 0.344273 0.329972 -0.612211 0.547410 0.649090 0.344488 0.329972 -0.612211 0.458456 
0.649434 0.343935 0.329972 -0.612211 0.695992 0.649434 0.343996 0.329972 -0.612211 0.659824 0.649434 0.344119 0.329972 -0.612211 0.610948 0.649385 0.344273 0.329972 -0.612211 0.547410 0.649090 0.344488 0.329972 -0.612211 0.458456 0.648696 0.344796 0.329625 -0.591287 0.328446 
0.649434 0.343996 0.329972 -0.612211 0.659824 0.649434 0.344119 0.329972 -0.612211 0.610948 0.649385 0.344273 0.329972 -0.612211 0.547410 0.649090 0.344488 0.329972 -0.612211 0.458456 0.648696 0.344796 0.329625 -0.591287 0.328446 0.648253 0.345165 0.329625 -0.591287 0.192571 
0.649434 0.344119 0.329972 -0.612211 0.610948 0.649385 0.344273 0.329972 -0.612211 0.547410 0.649090 0.344488 0.329972 -0.612211 0.458456 0.648696 0.344796 0.329625 -0.591287 0.328446 0.648253 0.345165 0.329625 -0.591287 0.192571 0.647761 0.345642 0.329625 -0.591287 0.047898 
0.649385 0.344273 0.329972 -0.612211 0.547410 0.649090 0.344488 0.329972 -0.612211 0.458456 0.648696 0.344796 0.329625 -0.591287 0.328446 0.648253 0.345165 0.329625 -0.591287 0.192571 0.647761 0.345642 0.329625 -0.591287 0.047898 0.646777 0.346887 0.329625 -0.591287 0.000000 
0.649090 0.344488 0.329972 -0.612211 0.458456 0.648696 0.344796 0.329625 -0.591287 0.328446 0.648253 0.345165 0.329625 -0.591287 0.192571 0.647761 0.345642 0.329625 -0.591287 0.047898 0.646777 0.346887 0.329625 -0.591287 0.000000 0.646334 0.347641 0.340031 -0.587090 0.000000 
0.648696 0.344796 0.329625 -0.591287 0.328446 0.648253 0.345165 0.329625 -0.591287 0.192571 0.647761 0.345642 0.329625 -0.591287 0.047898 0.646777 0.346887 0.329625 -0.591287 0.000000 0.646334 0.347641 0.340031 -0.587090 0.000000 0.646186 0.348471 0.340031 -0.587090 0.000000 
0.648253 0.345165 0.329625 -0.591287 0.192571 0.647761 0.345642 0.329625 -0.591287 0.047898 0.646777 0.346887 0.329625 -0.591287 0.000000 0.646334 0.347641 0.340031 -0.587090 0.000000 0.646186 0.348471 0.340031 -0.587090 0.000000 0.645989 0.349409 0.372414 -0.594857 0.000000 
0.647761 0.345642 0.329625 -0.591287 0.047898 0.646777 0.346887 0.329625 -0.591287 0.000000 0.646334 0.347641 0.340031 -0.587090 0.000000 0.646186 0.348471 0.340031 -0.587090 0.000000 0.645989 0.349409 0.372414 -0.594857 0.000000 0.645300 0.350394 0.374103 -0.616243 0.000000 
0.646777 0.346887 0.329625 -0.591287 0.000000 0.646334 0.347641 0.340031 -0.587090 0.000000 0.646186 0.348471 0.340031 -0.587090 0.000000 0.645989 0.349409 0.372414 -0.594857 0.000000 0.645300 0.350394 0.374103 -0.616243 0.000000 0.644636 0.351470 0.372414 -0.594857 0.000000 
0.646334 0.347641 0.340031 -0.587090 0.000000 0.646186 0.348471 0.340031 -0.587090 0.000000 0.645989 0.349409 0.372414 -0.594857 0.000000 0.645300 0.350394 0.374103 -0.616243 0.000000 0.644636 0.351470 0.372414 -0.594857 0.000000 0.644021 0.352654 0.372414 -0.594857 0.000000 
0.646186 0.348471 0.340031 -0.587090 0.000000 0.645989 0.349409 0.372414 -0.594857 0.000000 0.645300 0.350394 0.374103 -0.616243 0.000000 0.644636 0.351470 0.372414 -0.594857 0.000000 0.644021 0.352654 0.372414 -0.594857 0.000000 0.643233 0.353869 0.370214 -0.573503 0.000000 
0.645989 0.349409 0.372414 -0.594857 0.000000 0.645300 0.350394 0.374103 -0.616243 0.000000 0.644636 0.351470 0.372414 -0.594857 0.000000 0.644021 0.352654 0.372414 -0.594857 0.000000 0.643233 0.353869 0.370214 -0.573503 0.000000 0.642249 0.355238 0.348449 -0.561617 0.000000 
0.645300 0.350394 0.374103 -0.616243 0.000000 0.644636 0.351470 0.372414 -0.594857 0.000000 0.644021 0.352654 0.372414 -0.594857 0.000000 0.643233 0.353869 0.370214 -0.573503 0.000000 0.642249 0.355238 0.348449 -0.561617 0.000000 0.641019 0.356684 0.334355 -0.524211 0.000000 
0.644636 0.351470 0.372414 -0.594857 0.000000 0.644021 0.352654 0.372414 -0.594857 0.000000 0.643233 0.353869 0.370214 -0.573503 0.000000 0.642249 0.355238 0.348449 -0.561617 0.000000 0.641019 0.356684 0.334355 -0.524211 0.000000 0.639542 0.358268 0.302825 -0.496025 0.000000 
0.644021 0.352654 0.372414 -0.594857 0.000000 0.643233 0.353869 0.370214 -0.573503 0.000000 0.642249 0.355238 0.348449 -0.561617 0.000000 0.641019 0.356684 0.334355 -0.524211 0.000000 0.639542 0.358268 0.302825 -0.496025 0.000000 0.637894 0.359867 0.259844 -0.431530 0.000000 
0.643233 0.353869 0.370214 -0.573503 0.000000 0.642249 0.355238 0.348449 -0.561617 0.000000 0.641019 0.356684 0.334355 -0.524211 0.000000 0.639542 0.358268 0.302825 -0.496025 0.000000 0.637894 0.359867 0.259844 -0.431530 0.000000 0.635974 0.361590 0.229062 -0.383807 0.000000 
0.642249 0.355238 0.348449 -0.561617 0.000000 0.641019 0.356684 0.334355 -0.524211 0.000000 0.639542 0.358268 0.302825 -0.496025 0.000000 0.637894 0.359867 0.259844 -0.431530 0.000000 0.635974 0.361590 0.229062 -0.383807 0.000000 0.633809 0.363420 0.169239 -0.310942 0.000000 
0.641019 0.356684 0.334355 -0.524211 0.000000 0.639542 0.358268 0.302825 -0.496025 0.000000 0.637894 0.359867 0.259844 -0.431530 0.000000 0.635974 0.361590 0.229062 -0.383807 0.000000 0.633809 0.363420 0.169239 -0.310942 0.000000 0.631471 0.365281 0.142558 -0.263660 0.000000 
0.617544 0.343735 0.225834 -0.225834 0.000000 0.619390 0.344058 0.243309 -0.260158 0.000000 0.621112 0.344058 0.281788 -0.301008 0.000000 0.622712 0.343335 0.307907 -0.328667 0.000000 0.624163 0.342720 0.334442 -0.356703 0.000000 0.625566 0.342458 0.347877 -0.370873 0.000000 
0.619390 0.344058 0.243309 -0.260158 0.000000 0.621112 0.344058 0.281788 -0.301008 0.000000 0.622712 0.343335 0.307907 -0.328667 0.000000 0.624163 0.342720 0.334442 -0.356703 0.000000 0.625566 0.342458 0.347877 -0.370873 0.000000 0.626919 0.342458 0.387597 -0.387597 0.000000 
0.621112 0.344058 0.281788 -0.301008 0.000000 0.622712 0.343335 0.307907 -0.328667 0.000000 0.624163 0.342720 0.334442 -0.356703 0.000000 0.625566 0.342458 0.347877 -0.370873 0.000000 0.626919 0.342458 0.387597 -0.387597 0.000000 0.628199 0.342458 0.381421 -0.393635 0.000000 
0.622712 0.343335 0.307907 -0.328667 0.000000 0.624163 0.342720 0.334442 -0.356703 0.000000 0.625566 0.342458 0.347877 -0.370873 0.000000 0.626919 0.342458 0.387597 -0.387597 0.000000 0.628199 0.342458 0.381421 -0.393635 0.000000 0.629380 0.342889 0.409528 -0.422433 0.000000 
0.624163 0.342720 0.334442 -0.356703 0.000000 0.625566 0.342458 0.347877 -0.370873 0.000000 0.626919 0.342458 0.387597 -0.387597 0.000000 0.628199 0.342458 0.381421 -0.393635 0.000000 0.629380 0.342889 0.409528 -0.422433 0.000000 0.630512 0.343412 0.416055 -0.416055 0.000000 
0.625566 0.342458 0.347877 -0.370873 0.000000 0.626919 0.342458 0.387597 -0.387597 0.000000 0.628199 0.342458 0.381421 -0.393635 0.000000 0.629380 0.342889 0.409528 -0.422433 0.000000 0.630512 0.343412 0.416055 -0.416055 0.000000 0.631594 0.343812 0.423782 -0.437020 0.000000 
0.626919 0.342458 0.387597 -0.387597 0.000000 0.628199 0.342458 0.381421 -0.393635 0.000000 0.629380 0.342889 0.409528 -0.422433 0.000000 0.630512 0.343412 0.416055 -0.416055 0.000000 0.631594 0.343812 0.423782 -0.437020 0.000000 0.632529 0.344211 0.423782 -0.437020 0.000000 
0.628199 0.342458 0.381421 -0.393635 0.000000 0.629380 0.342889 0.409528 -0.422433 0.000000 0.630512 0.343412 0.416055 -0.416055 0.000000 0.631594 0.343812 0.423782 -0.437020 0.000000 0.632529 0.344211 0.423782 -0.437020 0.000000 0.632529 0.344627 0.430479 -0.430479 0.000000 
0.629380 0.342889 0.409528 -0.422433 0.000000 0.630512 0.343412 0.416055 -0.416055 0.000000 0.631594 0.343812 0.423782 -0.437020 0.000000 0.632529 0.344211 0.423782 -0.437020 0.000000 0.632529 0.344627 0.430479 -0.430479 0.000000 0.633661 0.345026 0.438175 -0.451738 0.000000 
0.630512 0.343412 0.416055 -0.416055 0.000000 0.631594 0.343812 0.423782 -0.437020 0.000000 0.632529 0.344211 0.423782 -0.437020 0.000000 0.632529 0.344627 0.430479 -0.430479 0.000000 0.633661 0.345026 0.438175 -0.451738 0.000000 0.633661 0.345396 0.438175 -0.451738 0.000000 
0.631594 0.343812 0.423782 -0.437020 0.000000 0.632529 0.344211 0.423782 -0.437020 0.000000 0.632529 0.344627 0.430479 -0.430479 0.000000 0.633661 0.345026 0.438175 -0.451738 0.000000 0.633661 0.345396 0.438175 -0.451738 0.000000 0.634646 0.345396 0.452713 -0.466593 0.000000 
0.632529 0.344211 0.423782 -0.437020 0.000000 0.632529 0.344627 0.430479 -0.430479 0.000000 0.633661 0.345026 0.438175 -0.451738 0.000000 0.633661 0.345396 0.438175 -0.451738 0.000000 0.634646 0.345396 0.452713 -0.466593 0.000000 0.635532 0.345396 0.452713 -0.466593 0.000000 
0.632529 0.344627 0.430479 -0.430479 0.000000 0.633661 0.345026 0.438175 -0.451738 0.000000 0.633661 0.345396 0.438175 -0.451738 0.000000 0.634646 0.345396 0.452713 -0.466593 0.000000 0.635532 0.345396 0.452713 -0.466593 0.000000 0.635532 0.345811 0.467400 -0.481588 0.000000 
0.633661 0.345026 0.438175 -0.451738 0.000000 0.633661 0.345396 0.438175 -0.451738 0.000000 0.634646 0.345396 0.452713 -0.466593 0.000000 0.635532 0.345396 0.452713 -0.466593 0.000000 0.635532 0.345811 0.467400 -0.481588 0.000000 0.636196 0.345811 0.489576 -0.489576 0.000000 
0.633661 0.345396 0.438175 -0.451738 0.000000 0.634646 0.345396 0.452713 -0.466593 0.000000 0.635532 0.345396 0.452713 -0.466593 0.000000 0.635532 0.345811 0.467400 -0.481588 0.000000 0.636196 0.345811 0.489576 -0.489576 0.000000 0.636713 0.345872 0.512407 -0.527460 0.000000 
0.634646 0.345396 0.452713 -0.466593 0.000000 0.635532 0.345396 0.452713 -0.466593 0.000000 0.635532 0.345811 0.467400 -0.481588 0.000000 0.636196 0.345811 0.489576 -0.489576 0.000000 0.636713 0.345872 0.512407 -0.527460 0.000000 0.636713 0.345949 0.520032 -0.520032 0.000000 
0.635532 0.345396 0.452713 -0.466593 0.000000 0.635532 0.345811 0.467400 -0.481588 0.000000 0.636196 0.345811 0.489576 -0.489576 0.000000 0.636713 0.345872 0.512407 -0.527460 0.000000 0.636713 0.345949 0.520032 -0.520032 0.000000 0.637279 0.346164 0.527742 -0.543061 0.000000 
0.635532 0.345811 0.467400 -0.481588 0.000000 0.636196 0.345811 0.489576 -0.489576 0.000000 0.636713 0.345872 0.512407 -0.527460 0.000000 0.636713 0.345949 0.520032 -0.520032 0.000000 0.637279 0.346164 0.527742 -0.543061 0.000000 0.637820 0.346503 0.535503 -0.535503 0.000000 
0.636196 0.345811 0.489576 -0.489576 0.000000 0.636713 0.345872 0.512407 -0.527460 0.000000 0.636713 0.345949 0.520032 -0.520032 0.000000 0.637279 0.346164 0.527742 -0.543061 0.000000 0.637820 0.346503 0.535503 -0.535503 0.000000 0.638337 0.346657 0.543251 -0.558824 0.000000 
0.636713 0.345872 0.512407 -0.527460 0.000000 0.636713 0.345949 0.520032 -0.520032 0.000000 0.637279 0.346164 0.527742 -0.543061 0.000000 0.637820 0.346503 0.535503 -0.535503 0.000000 0.638337 0.346657 0.543251 -0.558824 0.000000 0.638337 0.346780 0.543251 -0.558824 0.000000 
0.636713 0.345949 0.520032 -0.520032 0.000000 0.637279 0.346164 0.527742 -0.543061 0.000000 0.637820 0.346503 0.535503 -0.535503 0.000000 0.638337 0.346657 0.543251 -0.558824 0.000000 0.638337 0.346780 0.543251 -0.558824 0.000000 0.638853 0.346872 0.551143 -0.551143 0.000000 
0.637279 0.346164 0.527742 -0.543061 0.000000 0.637820 0.346503 0.535503 -0.535503 0.000000 0.638337 0.346657 0.543251 -0.558824 0.000000 0.638337 0.346780 0.543251 -0.558824 0.000000 0.638853 0.346872 0.551143 -0.551143 0.000000 0.639395 0.346933 0.558940 -0.574754 0.000000 
0.637820 0.346503 0.535503 -0.535503 0.000000 0.638337 0.346657 0.543251 -0.558824 0.000000 0.638337 0.346780 0.543251 -0.558824 0.000000 0.638853 0.346872 0.551143 -0.551143 0.000000 0.639395 0.346933 0.558940 -0.574754 0.000000 0.639936 0.347010 0.582946 -0.582946 0.000000 
0.638337 0.346657 0.543251 -0.558824 0.000000 0.638337 0.346780 0.543251 -0.558824 0.000000 0.638853 0.346872 0.551143 -0.551143 0.000000 0.639395 0.346933 0.558940 -0.574754 0.000000 0.639936 0.347010 0.582946 -0.582946 0.000000 0.640527 0.347010 0.582946 -0.582946 0.000000 
0.638337 0.346780 0.543251 -0.558824 0.000000 0.638853 0.346872 0.551143 -0.551143 0.000000 0.639395 0.346933 0.558940 -0.574754 0.000000 0.639936 0.347010 0.582946 -0.582946 0.000000 0.640527 0.347010 0.582946 -0.582946 0.000000 0.641142 0.347010 0.574813 -0.590855 0.000000 
0.638853 0.346872 0.551143 -0.551143 0.000000 0.639395 0.346933 0.558940 -0.574754 0.000000 0.639936 0.347010 0.582946 -0.582946 0.000000 0.640527 0.347010 0.582946 -0.582946 0.000000 0.641142 0.347010 0.574813 -0.590855 0.000000 0.641757 0.347010 0.599120 -0.599120 0.000000 
0.639395 0.346933 0.558940 -0.574754 0.000000 0.639936 0.347010 0.582946 -0.582946 0.000000 0.640527 0.347010 0.582946 -0.582946 0.000000 0.641142 0.347010 0.574813 -0.590855 0.000000 0.641757 0.347010 0.599120 -0.599120 0.000000 0.642372 0.347010 0.599120 -0.599120 0.000000 
0.639936 0.347010 0.582946 -0.582946 0.000000 0.640527 0.347010 0.582946 -0.582946 0.000000 0.641142 0.347010 0.574813 -0.590855 0.000000 0.641757 0.347010 0.599120 -0.599120 0.000000 0.642372 0.347010 0.599120 -0.599120 0.000000 0.642987 0.347010 0.599120 -0.599120 0.000000 
0.640527 0.347010 0.582946 -0.582946 0.000000 0.641142 0.347010 0.574813 -0.590855 0.000000 0.641757 0.347010 0.599120 -0.599120 0.000000 0.642372 0.347010 0.599120 -0.599120 0.000000 0.642987 0.347010 0.599120 -0.599120 0.000000 0.643332 0.347010 0.590875 -0.607132 0.000000 
0.641142 0.347010 0.574813 -0.590855 0.000000 0.641757 0.347010 0.599120 -0.599120 0.000000 0.642372 0.347010 0.599120 -0.599120 0.000000 0.642987 0.347010 0.599120 -0.599120 0.000000 0.643332 0.347010 0.590875 -0.607132 0.000000 0.643848 0.346964 0.599120 -0.599120 0.000000 
0.641757 0.347010 0.599120 -0.599120 0.000000 0.642372 0.347010 0.599120 -0.599120 0.000000 0.642987 0.347010 0.599120 -0.599120 0.000000 0.643332 0.347010 0.590875 -0.607132 0.000000 0.643848 0.346964 0.599120 -0.599120 0.000000 0.644316 0.346918 0.574813 -0.590855 0.000000 
0.642372 0.347010 0.599120 -0.599120 0.000000 0.642987 0.347010 0.599120 -0.599120 0.000000 0.643332 0.347010 0.590875 -0.607132 0.000000 0.643848 0.346964 0.599120 -0.599120 0.000000 0.644316 0.346918 0.574813 -0.590855 0.000000 0.644316 0.346841 0.574813 -0.590855 0.000000 
0.642987 0.347010 0.599120 -0.599120 0.000000 0.643332 0.347010 0.590875 -0.607132 0.000000 0.643848 0.346964 0.599120 -0.599120 0.000000 0.644316 0.346918 0.574813 -0.590855 0.000000 0.644316 0.346841 0.574813 -0.590855 0.000000 0.644808 0.346780 0.574813 -0.590855 0.000000 
0.643332 0.347010 0.590875 -0.607132 0.000000 0.643848 0.346964 0.599120 -0.599120 0.000000 0.644316 0.346918 0.574813 -0.590855 0.000000 0.644316 0.346841 0.574813 -0.590855 0.000000 0.644808 0.346780 0.574813 -0.590855 0.000000 0.645276 0.346718 0.574813 -0.590855 0.000000 
0.643848 0.346964 0.599120 -0.599120 0.000000 0.644316 0.346918 0.574813 -0.590855 0.000000 0.644316 0.346841 0.574813 -0.590855 0.000000 0.644808 0.346780 0.574813 -0.590855 0.000000 0.645276 0.346718 0.574813 -0.590855 0.000000 0.645595 0.346672 0.574813 -0.590855 0.000000 
0.644316 0.346918 0.574813 -0.590855 0.000000 0.644316 0.346841 0.574813 -0.590855 0.000000 0.644808 0.346780 0.574813 -0.590855 0.000000 0.645276 0.346718 0.574813 -0.590855 0.000000 0.645595 0.346672 0.574813 -0.590855 0.000000 0.645940 0.346626 0.558940 -0.574754 0.000000 
0.644316 0.346841 0.574813 -0.590855 0.000000 0.644808 0.346780 0.574813 -0.590855 0.000000 0.645276 0.346718 0.574813 -0.590855 0.000000 0.645595 0.346672 0.574813 -0.590855 0.000000 0.645940 0.346626 0.558940 -0.574754 0.000000 0.646260 0.346564 0.558940 -0.574754 0.000000 
0.644808 0.346780 0.574813 -0.590855 0.000000 0.645276 0.346718 0.574813 -0.590855 0.000000 0.645595 0.346672 0.574813 -0.590855 0.000000 0.645940 0.346626 0.558940 -0.574754 0.000000 0.646260 0.346564 0.558940 -0.574754 0.000000 0.646260 0.346518 0.558940 -0.574754 0.000000 
0.645276 0.346718 0.574813 -0.590855 0.000000 0.645595 0.346672 0.574813 -0.590855 0.000000 0.645940 0.346626 0.558940 -0.574754 0.000000 0.646260 0.346564 0.558940 -0.574754 0.000000 0.646260 0.346518 0.558940 -0.574754 0.000000 0.646727 0.346441 0.558940 -0.574754 0.000000 
0.645595 0.346672 0.574813 -0.590855 0.000000 0.645940 0.346626 0.558940 -0.574754 0.000000 0.646260 0.346564 0.558940 -0.574754 0.000000 0.646260 0.346518 0.558940 -0.574754 0.000000 0.646727 0.346441 0.558940 -0.574754 0.000000 0.647219 0.346395 0.558940 -0.574754 0.000000 
0.645940 0.346626 0.558940 -0.574754 0.000000 0.646260 0.346564 0.558940 -0.574754 0.000000 0.646260 0.346518 0.558940 -0.574754 0.000000 0.646727 0.346441 0.558940 -0.574754 0.000000 0.647219 0.346395 0.558940 -0.574754 0.000000 0.647515 0.346303 0.550704 -0.582337 0.000000 
0.646260 0.346564 0.558940 -0.574754 0.000000 0.646260 0.346518 0.558940 -0.574754 0.000000 0.646727 0.346441 0.558940 -0.574754 0.000000 0.647219 0.346395 0.558940 -0.574754 0.000000 0.647515 0.346303 0.550704 -0.582337 0.000000 0.647638 0.346257 0.543251 -0.558824 0.000000 
0.646260 0.346518 0.558940 -0.574754 0.000000 0.646727 0.346441 0.558940 -0.574754 0.000000 0.647219 0.346395 0.558940 -0.574754 0.000000 0.647515 0.346303 0.550704 -0.582337 0.000000 0.647638 0.346257 0.543251 -0.558824 0.000000 0.648056 0.346211 0.543251 -0.558824 0.000000 
0.646727 0.346441 0.558940 -0.574754 0.000000 0.647219 0.346395 0.558940 -0.574754 0.000000 0.647515 0.346303 0.550704 -0.582337 0.000000 0.647638 0.346257 0.543251 -0.558824 0.000000 0.648056 0.346211 0.543251 -0.558824 0.000000 0.648327 0.346134 0.543251 -0.558824 0.000000 
0.647219 0.346395 0.558940 -0.574754 0.000000 0.647515 0.346303 0.550704 -0.582337 0.000000 0.647638 0.346257 0.543251 -0.558824 0.000000 0.648056 0.346211 0.543251 -0.558824 0.000000 0.648327 0.346134 0.543251 -0.558824 0.000000 0.648573 0.346103 0.519776 -0.550417 0.000000 
0.647515 0.346303 0.550704 -0.582337 0.000000 0.647638 0.346257 0.543251 -0.558824 0.000000 0.648056 0.346211 0.543251 -0.558824 0.000000 0.648327 0.346134 0.543251 -0.558824 0.000000 0.648573 0.346103 0.519776 -0.550417 0.000000 0.648696 0.346103 0.519776 -0.550417 0.000000 
0.647638 0.346257 0.543251 -0.558824 0.000000 0.648056 0.346211 0.543251 -0.558824 0.000000 0.648327 0.346134 0.543251 -0.558824 0.000000 0.648573 0.346103 0.519776 -0.550417 0.000000 0.648696 0.346103 0.519776 -0.550417 0.000000 0.649090 0.346103 0.519776 -0.550417 0.000000 
0.648056 0.346211 0.543251 -0.558824 0.000000 0.648327 0.346134 0.543251 -0.558824 0.000000 0.648573 0.346103 0.519776 -0.550417 0.000000 0.648696 0.346103 0.519776 -0.550417 0.000000 0.649090 0.346103 0.519776 -0.550417 0.000000 0.649213 0.346103 0.504585 -0.534693 0.000000 
0.648327 0.346134 0.543251 -0.558824 0.000000 0.648573 0.346103 0.519776 -0.550417 0.000000 0.648696 0.346103 0.519776 -0.550417 0.000000 0.649090 0.346103 0.519776 -0.550417 0.000000 0.649213 0.346103 0.504585 -0.534693 0.000000 0.649606 0.346103 0.504585 -0.534693 0.000000 
0.648573 0.346103 0.519776 -0.550417 0.000000 0.648696 0.346103 0.519776 -0.550417 0.000000 0.649090 0.346103 0.519776 -0.550417 0.000000 0.649213 0.346103 0.504585 -0.534693 0.000000 0.649606 0.346103 0.504585 -0.534693 0.000000 0.649852 0.346103 0.504585 -0.534693 0.000000 
0.648696 0.346103 0.519776 -0.550417 0.000000 0.649090 0.346103 0.519776 -0.550417 0.000000 0.649213 0.346103 0.504585 -0.534693 0.000000 0.649606 0.346103 0.504585 -0.534693 0.000000 0.649852 0.346103 0.504585 -0.534693 0.000000 0.650049 0.346103 0.496565 -0.541732 0.000000 
0.649090 0.346103 0.519776 -0.550417 0.000000 0.649213 0.346103 0.504585 -0.534693 0.000000 0.649606 0.346103 0.504585 -0.534693 0.000000 0.649852 0.346103 0.504585 -0.534693 0.000000 0.650049 0.346103 0.496565 -0.541732 0.000000 0.650246 0.346103 0.489570 -0.519122 0.000000 
0.649213 0.346103 0.504585 -0.534693 0.000000 0.649606 0.346103 0.504585 -0.534693 0.000000 0.649852 0.346103 0.504585 -0.534693 0.000000 0.650049 0.346103 0.496565 -0.541732 0.000000 0.650246 0.346103 0.489570 -0.519122 0.000000 0.650468 0.346134 0.489570 -0.519122 0.000000 
0.649606 0.346103 0.504585 -0.534693 0.000000 0.649852 0.346103 0.504585 -0.534693 0.000000 0.650049 0.346103 0.496565 -0.541732 0.000000 0.650246 0.346103 0.489570 -0.519122 0.000000 0.650468 0.346134 0.489570 -0.519122 0.000000 0.650615 0.346164 0.489570 -0.519122 0.000000 
0.649852 0.346103 0.504585 -0.534693 0.000000 0.650049 0.346103 0.496565 -0.541732 0.000000 0.650246 0.346103 0.489570 -0.519122 0.000000 0.650468 0.346134 0.489570 -0.519122 0.000000 0.650615 0.346164 0.489570 -0.519122 0.000000 0.650763 0.346211 0.489570 -0.519122 0.000000 
0.650049 0.346103 0.496565 -0.541732 0.000000 0.650246 0.346103 0.489570 -0.519122 0.000000 0.650468 0.346134 0.489570 -0.519122 0.000000 0.650615 0.346164 0.489570 -0.519122 0.000000 0.650763 0.346211 0.489570 -0.519122 0.000000 0.650861 0.346257 0.473653 -0.532770 0.034213 
0.650246 0.346103 0.489570 -0.519122 0.000000 0.650468 0.346134 0.489570 -0.519122 0.000000 0.650615 0.346164 0.489570 -0.519122 0.000000 0.650763 0.346211 0.489570 -0.519122 0.000000 0.650861 0.346257 0.473653 -0.532770 0.034213 0.650960 0.346318 0.473653 -0.532770 0.062561 
0.650468 0.346134 0.489570 -0.519122 0.000000 0.650615 0.346164 0.489570 -0.519122 0.000000 0.650763 0.346211 0.489570 -0.519122 0.000000 0.650861 0.346257 0.473653 -0.532770 0.034213 0.650960 0.346318 0.473653 -0.532770 0.062561 0.651009 0.346364 0.473653 -0.532770 0.089932 
0.650615 0.346164 0.489570 -0.519122 0.000000 0.650763 0.346211 0.489570 -0.519122 0.000000 0.650861 0.346257 0.473653 -0.532770 0.034213 0.650960 0.346318 0.473653 -0.532770 0.062561 0.651009 0.346364 0.473653 -0.532770 0.089932 0.651107 0.346426 0.473653 -0.532770 0.113392 
0.650763 0.346211 0.489570 -0.519122 0.000000 0.650861 0.346257 0.473653 -0.532770 0.034213 0.650960 0.346318 0.473653 -0.532770 0.062561 0.651009 0.346364 0.473653 -0.532770 0.089932 0.651107 0.346426 0.473653 -0.532770 0.113392 0.651157 0.346472 0.473653 -0.532770 0.135875 
0.650861 0.346257 0.473653 -0.532770 0.034213 0.650960 0.346318 0.473653 -0.532770 0.062561 0.651009 0.346364 0.473653 -0.532770 0.089932 0.651107 0.346426 0.473653 -0.532770 0.113392 0.651157 0.346472 0.473653 -0.532770 0.135875 0.651157 0.346518 0.473653 -0.532770 0.159335 
0.650960 0.346318 0.473653 -0.532770 0.062561 0.651009 0.346364 0.473653 -0.532770 0.089932 0.651107 0.346426 0.473653 -0.532770 0.113392 0.651157 0.346472 0.473653 -0.532770 0.135875 0.651157 0.346518 0.473653 -0.532770 0.159335 0.651181 0.346580 0.473653 -0.532770 0.184751 
0.651009 0.346364 0.473653 -0.532770 0.089932 0.651107 0.346426 0.473653 -0.532770 0.113392 0.651157 0.346472 0.473653 -0.532770 0.135875 0.651157 0.346518 0.473653 -0.532770 0.159335 0.651181 0.346580 0.473653 -0.532770 0.184751 0.651181 0.346626 0.473653 -0.532770 0.210166 
0.651107 0.346426 0.473653 -0.532770 0.113392 0.651157 0.346472 0.473653 -0.532770 0.135875 0.651157 0.346518 0.473653 -0.532770 0.159335 0.651181 0.346580 0.473653 -0.532770 0.184751 0.651181 0.346626 0.473653 -0.532770 0.210166 0.651181 0.346657 0.473653 -0.532770 0.232649 
0.651157 0.346472 0.473653 -0.532770 0.135875 0.651157 0.346518 0.473653 -0.532770 0.159335 0.651181 0.346580 0.473653 -0.532770 0.184751 0.651181 0.346626 0.473653 -0.532770 0.210166 0.651181 0.346657 0.473653 -0.532770 0.232649 0.651181 0.346687 0.473653 -0.532770 0.252199 
0.651157 0.346518 0.473653 -0.532770 0.159335 0.651181 0.346580 0.473653 -0.532770 0.184751 0.651181 0.346626 0.473653 -0.532770 0.210166 0.651181 0.346657 0.473653 -0.532770 0.232649 0.651181 0.346687 0.473653 -0.532770 0.252199 0.651181 0.346718 0.473653 -0.532770 0.271750 
0.651181 0.346580 0.473653 -0.532770 0.184751 0.651181 0.346626 0.473653 -0.532770 0.210166 0.651181 0.346657 0.473653 -0.532770 0.232649 0.651181 0.346687 0.473653 -0.532770 0.252199 0.651181 0.346718 0.473653 -0.532770 0.271750 0.651181 0.346749 0.473653 -0.532770 0.288368 
0.651181 0.346626 0.473653 -0.532770 0.210166 0.651181 0.346657 0.473653 -0.532770 0.232649 0.651181 0.346687 0.473653 -0.532770 0.252199 0.651181 0.346718 0.473653 -0.532770 0.271750 0.651181 0.346749 0.473653 -0.532770 0.288368 0.651181 0.346780 0.473653 -0.532770 0.304008 
0.651181 0.346657 0.473653 -0.532770 0.232649 0.651181 0.346687 0.473653 -0.532770 0.252199 0.651181 0.346718 0.473653 -0.532770 0.271750 0.651181 0.346749 0.473653 -0.532770 0.288368 0.651181 0.346780 0.473653 -0.532770 0.304008 0.651157 0.346810 0.473653 -0.532770 0.315738 
0.651181 0.346687 0.473653 -0.532770 0.252199 0.651181 0.346718 0.473653 -0.532770 0.271750 0.651181 0.346749 0.473653 -0.532770 0.288368 0.651181 0.346780 0.473653 -0.532770 0.304008 0.651157 0.346810 0.473653 -0.532770 0.315738 0.650935 0.346841 0.473653 -0.532770 0.326491 
0.651181 0.346718 0.473653 -0.532770 0.271750 0.651181 0.346749 0.473653 -0.532770 0.288368 0.651181 0.346780 0.473653 -0.532770 0.304008 0.651157 0.346810 0.473653 -0.532770 0.315738 0.650935 0.346841 0.473653 -0.532770 0.326491 0.650689 0.346872 0.473653 -0.532770 0.335288 
0.651181 0.346749 0.473653 -0.532770 0.288368 0.651181 0.346780 0.473653 -0.532770 0.304008 0.651157 0.346810 0.473653 -0.532770 0.315738 0.650935 0.346841 0.473653 -0.532770 0.326491 0.650689 0.346872 0.473653 -0.532770 0.335288 0.650320 0.346918 0.465407 -0.539315 0.342131 
0.651181 0.346780 0.473653 -0.532770 0.304008 0.651157 0.346810 0.473653 -0.532770 0.315738 0.650935 0.346841 0.473653 -0.532770 0.326491 0.650689 0.346872 0.473653 -0.532770 0.335288 0.650320 0.346918 0.465407 -0.539315 0.342131 0.649877 0.346964 0.465407 -0.539315 0.347996 
0.651157 0.346810 0.473653 -0.532770 0.315738 0.650935 0.346841 0.473653 -0.532770 0.326491 0.650689 0.346872 0.473653 -0.532770 0.335288 0.650320 0.346918 0.465407 -0.539315 0.342131 0.649877 0.346964 0.465407 -0.539315 0.347996 0.649311 0.347026 0.465407 -0.539315 0.355816 
0.650935 0.346841 0.473653 -0.532770 0.326491 0.650689 0.346872 0.473653 -0.532770 0.335288 0.650320 0.346918 0.465407 -0.539315 0.342131 0.649877 0.346964 0.465407 -0.539315 0.347996 0.649311 0.347026 0.465407 -0.539315 0.355816 0.648671 0.347103 0.465407 -0.539315 0.360704 
0.650689 0.346872 0.473653 -0.532770 0.335288 0.650320 0.346918 0.465407 -0.539315 0.342131 0.649877 0.346964 0.465407 -0.539315 0.347996 0.649311 0.347026 0.465407 -0.539315 0.355816 0.648671 0.347103 0.465407 -0.539315 0.360704 0.648007 0.347180 0.465407 -0.539315 0.364614 
0.650320 0.346918 0.465407 -0.539315 0.342131 0.649877 0.346964 0.465407 -0.539315 0.347996 0.649311 0.347026 0.465407 -0.539315 0.355816 0.648671 0.347103 0.465407 -0.539315 0.360704 0.648007 0.347180 0.465407 -0.539315 0.364614 0.647219 0.347226 0.465407 -0.539315 0.370479 
0.649877 0.346964 0.465407 -0.539315 0.347996 0.649311 0.347026 0.465407 -0.539315 0.355816 0.648671 0.347103 0.465407 -0.539315 0.360704 0.648007 0.347180 0.465407 -0.539315 0.364614 0.647219 0.347226 0.465407 -0.539315 0.370479 0.646358 0.347287 0.473653 -0.532770 0.383187 
0.649311 0.347026 0.465407 -0.539315 0.355816 0.648671 0.347103 0.465407 -0.539315 0.360704 0.648007 0.347180 0.465407 -0.539315 0.364614 0.647219 0.347226 0.465407 -0.539315 0.370479 0.646358 0.347287 0.473653 -0.532770 0.383187 0.645423 0.347349 0.473653 -0.532770 0.391007 
0.648671 0.347103 0.465407 -0.539315 0.360704 0.648007 0.347180 0.465407 -0.539315 0.364614 0.647219 0.347226 0.465407 -0.539315 0.370479 0.646358 0.347287 0.473653 -0.532770 0.383187 0.645423 0.347349 0.473653 -0.532770 0.391007 0.644365 0.347379 0.473653 -0.532770 0.382209 
0.648007 0.347180 0.465407 -0.539315 0.364614 0.647219 0.347226 0.465407 -0.539315 0.370479 0.646358 0.347287 0.473653 -0.532770 0.383187 0.645423 0.347349 0.473653 -0.532770 0.391007 0.644365 0.347379 0.473653 -0.532770 0.382209 0.643233 0.347441 0.473653 -0.532770 0.385142 
0.647219 0.347226 0.465407 -0.539315 0.370479 0.646358 0.347287 0.473653 -0.532770 0.383187 0.645423 0.347349 0.473653 -0.532770 0.391007 0.644365 0.347379 0.473653 -0.532770 0.382209 0.643233 0.347441 0.473653 -0.532770 0.385142 0.642003 0.347487 0.473653 -0.532770 0.391007 
0.646358 0.347287 0.473653 -0.532770 0.383187 0.645423 0.347349 0.473653 -0.532770 0.391007 0.644365 0.347379 0.473653 -0.532770 0.382209 0.643233 0.347441 0.473653 -0.532770 0.385142 0.642003 0.347487 0.473653 -0.532770 0.391007 0.640699 0.347533 0.473653 -0.532770 0.395894 
0.645423 0.347349 0.473653 -0.532770 0.391007 0.644365 0.347379 0.473653 -0.532770 0.382209 0.643233 0.347441 0.473653 -0.532770 0.385142 0.642003 0.347487 0.473653 -0.532770 0.391007 0.640699 0.347533 0.473653 -0.532770 0.395894 0.639222 0.347564 0.473653 -0.532770 0.398827 
0.644365 0.347379 0.473653 -0.532770 0.382209 0.643233 0.347441 0.473653 -0.532770 0.385142 0.642003 0.347487 0.473653 -0.532770 0.391007 0.640699 0.347533 0.473653 -0.532770 0.395894 0.639222 0.347564 0.473653 -0.532770 0.398827 0.637697 0.347595 0.473653 -0.532770 0.400782 
0.643233 0.347441 0.473653 -0.532770 0.385142 0.642003 0.347487 0.473653 -0.532770 0.391007 0.640699 0.347533 0.473653 -0.532770 0.395894 0.639222 0.347564 0.473653 -0.532770 0.398827 0.637697 0.347595 0.473653 -0.532770 0.400782 0.636122 0.347610 0.473653 -0.532770 0.403715 
0.642003 0.347487 0.473653 -0.532770 0.391007 0.640699 0.347533 0.473653 -0.532770 0.395894 0.639222 0.347564 0.473653 -0.532770 0.398827 0.637697 0.347595 0.473653 -0.532770 0.400782 0.636122 0.347610 0.473653 -0.532770 0.403715 0.634449 0.347625 0.474724 -0.503699 0.407625 
0.640699 0.347533 0.473653 -0.532770 0.395894 0.639222 0.347564 0.473653 -0.532770 0.398827 0.637697 0.347595 0.473653 -0.532770 0.400782 0.636122 0.347610 0.473653 -0.532770 0.403715 0.634449 0.347625 0.474724 -0.503699 0.407625 0.632751 0.347641 0.474724 -0.503699 0.413490 
0.639222 0.347564 0.473653 -0.532770 0.398827 0.637697 0.347595 0.473653 -0.532770 0.400782 0.636122 0.347610 0.473653 -0.532770 0.403715 0.634449 0.347625 0.474724 -0.503699 0.407625 0.632751 0.347641 0.474724 -0.503699 0.413490 0.631078 0.347641 0.474724 -0.503699 0.419355 
0.637697 0.347595 0.473653 -0.532770 0.400782 0.636122 0.347610 0.473653 -0.532770 0.403715 0.634449 0.347625 0.474724 -0.503699 0.407625 0.632751 0.347641 0.474724 -0.503699 0.413490 0.631078 0.347641 0.474724 -0.503699 0.419355 0.629454 0.347641 0.474724 -0.503699 0.424242 
0.636122 0.347610 0.473653 -0.532770 0.403715 0.634449 0.347625 0.474724 -0.503699 0.407625 0.632751 0.347641 0.474724 -0.503699 0.413490 0.631078 0.347641 0.474724 -0.503699 0.419355 0.629454 0.347641 0.474724 -0.503699 0.424242 0.627830 0.347641 0.474724 -0.503699 0.434018 
0.634449 0.347625 0.474724 -0.503699 0.407625 0.632751 0.347641 0.474724 -0.503699 0.413490 0.631078 0.347641 0.474724 -0.503699 0.419355 0.629454 0.347641 0.474724 -0.503699 0.424242 0.627830 0.347641 0.474724 -0.503699 0.434018 0.626280 0.347641 0.474724 -0.503699 0.443793 
0.658022 0.401283 0.402310 -0.580051 0.615836 0.658046 0.400760 0.402310 -0.580051 0.616813 0.658046 0.400268 0.402310 -0.580051 0.615836 0.658046 0.399791 0.402310 -0.580051 0.615836 0.658046 0.399283 0.402310 -0.580051 0.615836 0.658046 0.398745 0.402310 -0.580051 0.617791 
0.658046 0.400760 0.402310 -0.580051 0.616813 0.658046 0.400268 0.402310 -0.580051 0.615836 0.658046 0.399791 0.402310 -0.580051 0.615836 0.658046 0.399283 0.402310 -0.580051 0.615836 0.658046 0.398745 0.402310 -0.580051 0.617791 0.658046 0.398207 0.402310 -0.580051 0.616813 
0.658046 0.400268 0.402310 -0.580051 0.615836 0.658046 0.399791 0.402310 -0.580051 0.615836 0.658046 0.399283 0.402310 -0.580051 0.615836 0.658046 0.398745 0.402310 -0.580051 0.617791 0.658046 0.398207 0.402310 -0.580051 0.616813 0.658046 0.397653 0.402310 -0.580051 0.616813 
0.658046 0.399791 0.402310 -0.580051 0.615836 0.658046 0.399283 0.402310 -0.580051 0.615836 0.658046 0.398745 0.402310 -0.580051 0.617791 0.658046 0.398207 0.402310 -0.580051 0.616813 0.658046 0.397653 0.402310 -0.580051 0.616813 0.658046 0.397069 0.402310 -0.580051 0.622678 
0.658046 0.399283 0.402310 -0.580051 0.615836 0.658046 0.398745 0.402310 -0.580051 0.617791 0.658046 0.398207 0.402310 -0.580051 0.616813 0.658046 0.397653 0.402310 -0.580051 0.616813 0.658046 0.397069 0.402310 -0.580051 0.622678 0.658046 0.396484 0.402310 -0.580051 0.621701 
0.658046 0.398745 0.402310 -0.580051 0.617791 0.658046 0.398207 0.402310 -0.580051 0.616813 0.658046 0.397653 0.402310 -0.580051 0.616813 0.658046 0.397069 0.402310 -0.580051 0.622678 0.658046 0.396484 0.402310 -0.580051 0.621701 0.658046 0.395854 0.402310 -0.580051 0.626588 
0.658046 0.398207 0.402310 -0.580051 0.616813 0.658046 0.397653 0.402310 -0.580051 0.616813 0.658046 0.397069 0.402310 -0.580051 0.622678 0.658046 0.396484 0.402310 -0.580051 0.621701 0.658046 0.395854 0.402310 -0.580051 0.626588 0.658046 0.395177 0.402310 -0.580051 0.627566 
0.658046 0.397653 0.402310 -0.580051 0.616813 0.658046 0.397069 0.402310 -0.580051 0.622678 0.658046 0.396484 0.402310 -0.580051 0.621701 0.658046 0.395854 0.402310 -0.580051 0.626588 0.658046 0.395177 0.402310 -0.580051 0.627566 0.657997 0.394516 0.402310 -0.580051 0.633431 
0.658046 0.397069 0.402310 -0.580051 0.622678 0.658046 0.396484 0.402310 -0.580051 0.621701 0.658046 0.395854 0.402310 -0.580051 0.626588 0.658046 0.395177 0.402310 -0.580051 0.627566 0.657997 0.394516 0.402310 -0.580051 0.633431 0.657874 0.393901 0.411898 -0.574767 0.637341 
0.658046 0.396484 0.402310 -0.580051 0.621701 0.658046 0.395854 0.402310 -0.580051 0.626588 0.658046 0.395177 0.402310 -0.580051 0.627566 0.657997 0.394516 0.402310 -0.580051 0.633431 0.657874 0.393901 0.411898 -0.574767 0.637341 0.657776 0.393316 0.411898 -0.574767 0.639296 
0.658046 0.395854 0.402310 -0.580051 0.626588 0.658046 0.395177 0.402310 -0.580051 0.627566 0.657997 0.394516 0.402310 -0.580051 0.633431 0.657874 0.393901 0.411898 -0.574767 0.637341 0.657776 0.393316 0.411898 -0.574767 0.639296 0.657653 0.392717 0.411898 -0.574767 0.640274 
0.658046 0.395177 0.402310 -0.580051 0.627566 0.657997 0.394516 0.402310 -0.580051 0.633431 0.657874 0.393901 0.411898 -0.574767 0.637341 0.657776 0.393316 0.411898 -0.574767 0.639296 0.657653 0.392717 0.411898 -0.574767 0.640274 0.657579 0.392117 0.402310 -0.580051 0.645161 
0.657997 0.394516 0.402310 -0.580051 0.633431 0.657874 0.393901 0.411898 -0.574767 0.637341 0.657776 0.393316 0.411898 -0.574767 0.639296 0.657653 0.392717 0.411898 -0.574767 0.640274 0.657579 0.392117 0.402310 -0.580051 0.645161 0.657505 0.391532 0.402310 -0.580051 0.643206 
0.657874 0.393901 0.411898 -0.574767 0.637341 0.657776 0.393316 0.411898 -0.574767 0.639296 0.657653 0.392717 0.411898 -0.574767 0.640274 0.657579 0.392117 0.402310 -0.580051 0.645161 0.657505 0.391532 0.402310 -0.580051 0.643206 0.657407 0.390917 0.402310 -0.580051 0.648094 
0.657776 0.393316 0.411898 -0.574767 0.639296 0.657653 0.392717 0.411898 -0.574767 0.640274 0.657579 0.392117 0.402310 -0.580051 0.645161 0.657505 0.391532 0.402310 -0.580051 0.643206 0.657407 0.390917 0.402310 -0.580051 0.648094 0.657308 0.390333 0.402310 -0.580051 0.647116 
0.657653 0.392717 0.411898 -0.574767 0.640274 0.657579 0.392117 0.402310 -0.580051 0.645161 0.657505 0.391532 0.402310 -0.580051 0.643206 0.657407 0.390917 0.402310 -0.580051 0.648094 0.657308 0.390333 0.402310 -0.580051 0.647116 0.657185 0.389733 0.402310 -0.580051 0.648094 
0.657579 0.392117 0.402310 -0.580051 0.645161 0.657505 0.391532 0.402310 -0.580051 0.643206 0.657407 0.390917 0.402310 -0.580051 0.648094 0.657308 0.390333 0.402310 -0.580051 0.647116 0.657185 0.389733 0.402310 -0.580051 0.648094 0.657087 0.389102 0.402310 -0.580051 0.648094 
0.657505 0.391532 0.402310 -0.580051 0.643206 0.657407 0.390917 0.402310 -0.580051 0.648094 0.657308 0.390333 0.402310 -0.580051 0.647116 0.657185 0.389733 0.402310 -0.580051 0.648094 0.657087 0.389102 0.402310 -0.580051 0.648094 0.656988 0.388457 0.402310 -0.580051 0.652004 
0.657407 0.390917 0.402310 -0.580051 0.648094 0.657308 0.390333 0.402310 -0.580051 0.647116 0.657185 0.389733 0.402310 -0.580051 0.648094 0.657087 0.389102 0.402310 -0.580051 0.648094 0.656988 0.388457 0.402310 -0.580051 0.652004 0.656914 0.387826 0.379922 -0.568639 0.654936 
0.657308 0.390333 0.402310 -0.580051 0.647116 0.657185 0.389733 0.402310 -0.580051 0.648094 0.657087 0.389102 0.402310 -0.580051 0.648094 0.656988 0.388457 0.402310 -0.580051 0.652004 0.656914 0.387826 0.379922 -0.568639 0.654936 0.656841 0.387195 0.379922 -0.568639 0.657869 
0.657185 0.389733 0.402310 -0.580051 0.648094 0.657087 0.389102 0.402310 -0.580051 0.648094 0.656988 0.388457 0.402310 -0.580051 0.652004 0.656914 0.387826 0.379922 -0.568639 0.654936 0.656841 0.387195 0.379922 -0.568639 0.657869 0.656742 0.386550 0.379922 -0.568639 0.656892 
0.657087 0.389102 0.402310 -0.580051 0.648094 0.656988 0.388457 0.402310 -0.580051 0.652004 0.656914 0.387826 0.379922 -0.568639 0.654936 0.656841 0.387195 0.379922 -0.568639 0.657869 0.656742 0.386550 0.379922 -0.568639 0.656892 0.656644 0.385934 0.379922 -0.568639 0.658847 
0.656988 0.388457 0.402310 -0.580051 0.652004 0.656914 0.387826 0.379922 -0.568639 0.654936 0.656841 0.387195 0.379922 -0.568639 0.657869 0.656742 0.386550 0.379922 -0.568639 0.656892 0.656644 0.385934 0.379922 -0.568639 0.658847 0.656545 0.385335 0.379922 -0.568639 0.658847 
0.656914 0.387826 0.379922 -0.568639 0.654936 0.656841 0.387195 0.379922 -0.568639 0.657869 0.656742 0.386550 0.379922 -0.568639 0.656892 0.656644 0.385934 0.379922 -0.568639 0.658847 0.656545 0.385335 0.379922 -0.568639 0.658847 0.656471 0.384719 0.379922 -0.568639 0.658847 
0.656841 0.387195 0.379922 -0.568639 0.657869 0.656742 0.386550 0.379922 -0.568639 0.656892 0.656644 0.385934 0.379922 -0.568639 0.658847 0.656545 0.385335 0.379922 -0.568639 0.658847 0.656471 0.384719 0.379922 -0.568639 0.658847 0.656373 0.384074 0.370214 -0.573503 0.664712 
0.656742 0.386550 0.379922 -0.568639 0.656892 0.656644 0.385934 0.379922 -0.568639 0.658847 0.656545 0.385335 0.379922 -0.568639 0.658847 0.656471 0.384719 0.379922 -0.568639 0.658847 0.656373 0.384074 0.370214 -0.573503 0.664712 0.656275 0.383443 0.370214 -0.573503 0.662757 
0.656644 0.385934 0.379922 -0.568639 0.658847 0.656545 0.385335 0.379922 -0.568639 0.658847 0.656471 0.384719 0.379922 -0.568639 0.658847 0.656373 0.384074 0.370214 -0.573503 0.664712 0.656275 0.383443 0.370214 -0.573503 0.662757 0.656201 0.382812 0.370214 -0.573503 0.668622 
0.656545 0.385335 0.379922 -0.568639 0.658847 0.656471 0.384719 0.379922 -0.568639 0.658847 0.656373 0.384074 0.370214 -0.573503 0.664712 0.656275 0.383443 0.370214 -0.573503 0.662757 0.656201 0.382812 0.370214 -0.573503 0.668622 0.656127 0.382182 0.370214 -0.573503 0.671554 
0.656471 0.384719 0.379922 -0.568639 0.658847 0.656373 0.384074 0.370214 -0.573503 0.664712 0.656275 0.383443 0.370214 -0.573503 0.662757 0.656201 0.382812 0.370214 -0.573503 0.668622 0.656127 0.382182 0.370214 -0.573503 0.671554 0.656078 0.381551 0.370214 -0.573503 0.671554 
0.656373 0.384074 0.370214 -0.573503 0.664712 0.656275 0.383443 0.370214 -0.573503 0.662757 0.656201 0.382812 0.370214 -0.573503 0.668622 0.656127 0.382182 0.370214 -0.573503 0.671554 0.656078 0.381551 0.370214 -0.573503 0.671554 0.656029 0.380906 0.370214 -0.573503 0.671554 
0.656275 0.383443 0.370214 -0.573503 0.662757 0.656201 0.382812 0.370214 -0.573503 0.668622 0.656127 0.382182 0.370214 -0.573503 0.671554 0.656078 0.381551 0.370214 -0.573503 0.671554 0.656029 0.380906 0.370214 -0.573503 0.671554 0.656029 0.380229 0.350266 -0.582727 0.673509 
0.656201 0.382812 0.370214 -0.573503 0.668622 0.656127 0.382182 0.370214 -0.573503 0.671554 0.656078 0.381551 0.370214 -0.573503 0.671554 0.656029 0.380906 0.370214 -0.573503 0.671554 0.656029 0.380229 0.350266 -0.582727 0.673509 0.656029 0.379552 0.350266 -0.582727 0.672532 
0.656127 0.382182 0.370214 -0.573503 0.671554 0.656078 0.381551 0.370214 -0.573503 0.671554 0.656029 0.380906 0.370214 -0.573503 0.671554 0.656029 0.380229 0.350266 -0.582727 0.673509 0.656029 0.379552 0.350266 -0.582727 0.672532 0.656029 0.378891 0.350266 -0.582727 0.676442 
0.656078 0.381551 0.370214 -0.573503 0.671554 0.656029 0.380906 0.370214 -0.573503 0.671554 0.656029 0.380229 0.350266 -0.582727 0.673509 0.656029 0.379552 0.350266 -0.582727 0.672532 0.656029 0.378891 0.350266 -0.582727 0.676442 0.656029 0.378214 0.350266 -0.582727 0.679374 
0.656029 0.380906 0.370214 -0.573503 0.671554 0.656029 0.380229 0.350266 -0.582727 0.673509 0.656029 0.379552 0.350266 -0.582727 0.672532 0.656029 0.378891 0.350266 -0.582727 0.676442 0.656029 0.378214 0.350266 -0.582727 0.679374 0.656029 0.377507 0.350266 -0.582727 0.681329 
0.656029 0.380229 0.350266 -0.582727 0.673509 0.656029 0.379552 0.350266 -0.582727 0.672532 0.656029 0.378891 0.350266 -0.582727 0.676442 0.656029 0.378214 0.350266 -0.582727 0.679374 0.656029 0.377507 0.350266 -0.582727 0.681329 0.656029 0.376815 0.350266 -0.582727 0.684262 
0.656029 0.379552 0.350266 -0.582727 0.672532 0.656029 0.378891 0.350266 -0.582727 0.676442 0.656029 0.378214 0.350266 -0.582727 0.679374 0.656029 0.377507 0.350266 -0.582727 0.681329 0.656029 0.376815 0.350266 -0.582727 0.684262 0.656029 0.376123 0.350266 -0.582727 0.685239 
0.656029 0.378891 0.350266 -0.582727 0.676442 0.656029 0.378214 0.350266 -0.582727 0.679374 0.656029 0.377507 0.350266 -0.582727 0.681329 0.656029 0.376815 0.350266 -0.582727 0.684262 0.656029 0.376123 0.350266 -0.582727 0.685239 0.656029 0.375477 0.328716 -0.570376 0.687195 
0.656029 0.378214 0.350266 -0.582727 0.679374 0.656029 0.377507 0.350266 -0.582727 0.681329 0.656029 0.376815 0.350266 -0.582727 0.684262 0.656029 0.376123 0.350266 -0.582727 0.685239 0.656029 0.375477 0.328716 -0.570376 0.687195 0.656029 0.374831 0.328716 -0.570376 0.692082 
0.656029 0.377507 0.350266 -0.582727 0.681329 0.656029 0.376815 0.350266 -0.582727 0.684262 0.656029 0.376123 0.350266 -0.582727 0.685239 0.656029 0.375477 0.328716 -0.570376 0.687195 0.656029 0.374831 0.328716 -0.570376 0.692082 0.656029 0.374200 0.328716 -0.570376 0.689150 
0.656029 0.376815 0.350266 -0.582727 0.684262 0.656029 0.376123 0.350266 -0.582727 0.685239 0.656029 0.375477 0.328716 -0.570376 0.687195 0.656029 0.374831 0.328716 -0.570376 0.692082 0.656029 0.374200 0.328716 -0.570376 0.689150 0.656029 0.373585 0.328716 -0.570376 0.694037 
0.656029 0.376123 0.350266 -0.582727 0.685239 0.656029 0.375477 0.328716 -0.570376 0.687195 0.656029 0.374831 0.328716 -0.570376 0.692082 0.656029 0.374200 0.328716 -0.570376 0.689150 0.656029 0.373585 0.328716 -0.570376 0.694037 0.656029 0.372939 0.328716 -0.570376 0.694037 
0.656029 0.375477 0.328716 -0.570376 0.687195 0.656029 0.374831 0.328716 -0.570376 0.692082 0.656029 0.374200 0.328716 -0.570376 0.689150 0.656029 0.373585 0.328716 -0.570376 0.694037 0.656029 0.372939 0.328716 -0.570376 0.694037 0.656029 0.372324 0.318606 -0.574513 0.693060 
0.656029 0.374831 0.328716 -0.570376 0.692082 0.656029 0.374200 0.328716 -0.570376 0.689150 0.656029 0.373585 0.328716 -0.570376 0.694037 0.656029 0.372939 0.328716 -0.570376 0.694037 0.656029 0.372324 0.318606 -0.574513 0.693060 0.656029 0.371678 0.318606 -0.574513 0.698925 
0.656029 0.374200 0.328716 -0.570376 0.689150 0.656029 0.373585 0.328716 -0.570376 0.694037 0.656029 0.372939 0.328716 -0.570376 0.694037 0.656029 0.372324 0.318606 -0.574513 0.693060 0.656029 0.371678 0.318606 -0.574513 0.698925 0.656078 0.371063 0.318606 -0.574513 0.695992 
0.656029 0.373585 0.328716 -0.570376 0.694037 0.656029 0.372939 0.328716 -0.570376 0.694037 0.656029 0.372324 0.318606 -0.574513 0.693060 0.656029 0.371678 0.318606 -0.574513 0.698925 0.656078 0.371063 0.318606 -0.574513 0.695992 0.656201 0.370479 0.318606 -0.574513 0.699902 
0.656029 0.372939 0.328716 -0.570376 0.694037 0.656029 0.372324 0.318606 -0.574513 0.693060 0.656029 0.371678 0.318606 -0.574513 0.698925 0.656078 0.371063 0.318606 -0.574513 0.695992 0.656201 0.370479 0.318606 -0.574513 0.699902 0.656348 0.369925 0.297912 -0.582307 0.695015 
0.656029 0.372324 0.318606 -0.574513 0.693060 0.656029 0.371678 0.318606 -0.574513 0.698925 0.656078 0.371063 0.318606 -0.574513 0.695992 0.656201 0.370479 0.318606 -0.574513 0.699902 0.656348 0.369925 0.297912 -0.582307 0.695015 0.656447 0.369387 0.297912 -0.582307 0.696970 
0.656029 0.371678 0.318606 -0.574513 0.698925 0.656078 0.371063 0.318606 -0.574513 0.695992 0.656201 0.370479 0.318606 -0.574513 0.699902 0.656348 0.369925 0.297912 -0.582307 0.695015 0.656447 0.369387 0.297912 -0.582307 0.696970 0.656570 0.368833 0.297408 -0.602902 0.697947 
0.656078 0.371063 0.318606 -0.574513 0.695992 0.656201 0.370479 0.318606 -0.574513 0.699902 0.656348 0.369925 0.297912 -0.582307 0.695015 0.656447 0.369387 0.297912 -0.582307 0.696970 0.656570 0.368833 0.297408 -0.602902 0.697947 0.656668 0.368295 0.297408 -0.602902 0.698925 
0.656201 0.370479 0.318606 -0.574513 0.699902 0.656348 0.369925 0.297912 -0.582307 0.695015 0.656447 0.369387 0.297912 -0.582307 0.696970 0.656570 0.368833 0.297408 -0.602902 0.697947 0.656668 0.368295 0.297408 -0.602902 0.698925 0.656767 0.367757 0.297408 -0.602902 0.698925 
0.656348 0.369925 0.297912 -0.582307 0.695015 0.656447 0.369387 0.297912 -0.582307 0.696970 0.656570 0.368833 0.297408 -0.602902 0.697947 0.656668 0.368295 0.297408 -0.602902 0.698925 0.656767 0.367757 0.297408 -0.602902 0.698925 0.656841 0.367264 0.297408 -0.602902 0.696970 
0.656447 0.369387 0.297912 -0.582307 0.696970 0.656570 0.368833 0.297408 -0.602902 0.697947 0.656668 0.368295 0.297408 -0.602902 0.698925 0.656767 0.367757 0.297408 -0.602902 0.698925 0.656841 0.367264 0.297408 -0.602902 0.696970 0.656914 0.366742 0.297408 -0.602902 0.700880 
0.656570 0.368833 0.297408 -0.602902 0.697947 0.656668 0.368295 0.297408 -0.602902 0.698925 0.656767 0.367757 0.297408 -0.602902 0.698925 0.656841 0.367264 0.297408 -0.602902 0.696970 0.656914 0.366742 0.297408 -0.602902 0.700880 0.656964 0.366203 0.297408 -0.602902 0.703812 
0.656668 0.368295 0.297408 -0.602902 0.698925 0.656767 0.367757 0.297408 -0.602902 0.698925 0.656841 0.367264 0.297408 -0.602902 0.696970 0.656914 0.366742 0.297408 -0.602902 0.700880 0.656964 0.366203 0.297408 -0.602902 0.703812 0.657037 0.365696 0.297408 -0.602902 0.703812 
0.656767 0.367757 0.297408 -0.602902 0.698925 0.656841 0.367264 0.297408 -0.602902 0.696970 0.656914 0.366742 0.297408 -0.602902 0.700880 0.656964 0.366203 0.297408 -0.602902 0.703812 0.657037 0.365696 0.297408 -0.602902 0.703812 0.657062 0.365204 0.297408 -0.602902 0.704790 
0.656841 0.367264 0.297408 -0.602902 0.696970 0.656914 0.366742 0.297408 -0.602902 0.700880 0.656964 0.366203 0.297408 -0.602902 0.703812 0.657037 0.365696 0.297408 -0.602902 0.703812 0.657062 0.365204 0.297408 -0.602902 0.704790 0.657087 0.364727 0.297408 -0.602902 0.711632 
0.656914 0.366742 0.297408 -0.602902 0.700880 0.656964 0.366203 0.297408 -0.602902 0.703812 0.657037 0.365696 0.297408 -0.602902 0.703812 0.657062 0.365204 0.297408 -0.602902 0.704790 0.657087 0.364727 0.297408 -0.602902 0.711632 0.657111 0.364312 0.297408 -0.602902 0.710655 
0.656964 0.366203 0.297408 -0.602902 0.703812 0.657037 0.365696 0.297408 -0.602902 0.703812 0.657062 0.365204 0.297408 -0.602902 0.704790 0.657087 0.364727 0.297408 -0.602902 0.711632 0.657111 0.364312 0.297408 -0.602902 0.710655 0.657136 0.363896 0.297408 -0.602902 0.712610 
0.657037 0.365696 0.297408 -0.602902 0.703812 0.657062 0.365204 0.297408 -0.602902 0.704790 0.657087 0.364727 0.297408 -0.602902 0.711632 0.657111 0.364312 0.297408 -0.602902 0.710655 0.657136 0.363896 0.297408 -0.602902 0.712610 0.657136 0.363497 0.297408 -0.602902 0.710655 
0.657062 0.365204 0.297408 -0.602902 0.704790 0.657087 0.364727 0.297408 -0.602902 0.711632 0.657111 0.364312 0.297408 -0.602902 0.710655 0.657136 0.363896 0.297408 -0.602902 0.712610 0.657136 0.363497 0.297408 -0.602902 0.710655 0.657136 0.363127 0.297408 -0.602902 0.710655 
0.657087 0.364727 0.297408 -0.602902 0.711632 0.657111 0.364312 0.297408 -0.602902 0.710655 0.657136 0.363896 0.297408 -0.602902 0.712610 0.657136 0.363497 0.297408 -0.602902 0.710655 0.657136 0.363127 0.297408 -0.602902 0.710655 0.657136 0.362697 0.297408 -0.602902 0.713587 
0.657111 0.364312 0.297408 -0.602902 0.710655 0.657136 0.363896 0.297408 -0.602902 0.712610 0.657136 0.363497 0.297408 -0.602902 0.710655 0.657136 0.363127 0.297408 -0.602902 0.710655 0.657136 0.362697 0.297408 -0.602902 0.713587 0.657136 0.362220 0.297408 -0.602902 0.714565 
0.657136 0.363896 0.297408 -0.602902 0.712610 0.657136 0.363497 0.297408 -0.602902 0.710655 0.657136 0.363127 0.297408 -0.602902 0.710655 0.657136 0.362697 0.297408 -0.602902 0.713587 0.657136 0.362220 0.297408 -0.602902 0.714565 0.657136 0.361743 0.297408 -0.602902 0.714565 
0.657136 0.363497 0.297408 -0.602902 0.710655 0.657136 0.363127 0.297408 -0.602902 0.710655 0.657136 0.362697 0.297408 -0.602902 0.713587 0.657136 0.362220 0.297408 -0.602902 0.714565 0.657136 0.361743 0.297408 -0.602902 0.714565 0.657136 0.361251 0.297408 -0.602902 0.714565 
0.657136 0.363127 0.297408 -0.602902 0.710655 0.657136 0.362697 0.297408 -0.602902 0.713587 0.657136 0.362220 0.297408 -0.602902 0.714565 0.657136 0.361743 0.297408 -0.602902 0.714565 0.657136 0.361251 0.297408 -0.602902 0.714565 0.657136 0.360744 0.297408 -0.602902 0.719453 
0.657136 0.362697 0.297408 -0.602902 0.713587 0.657136 0.362220 0.297408 -0.602902 0.714565 0.657136 0.361743 0.297408 -0.602902 0.714565 0.657136 0.361251 0.297408 -0.602902 0.714565 0.657136 0.360744 0.297408 -0.602902 0.719453 0.657136 0.360205 0.297408 -0.602902 0.721408 
0.657136 0.362220 0.297408 -0.602902 0.714565 0.657136 0.361743 0.297408 -0.602902 0.714565 0.657136 0.361251 0.297408 -0.602902 0.714565 0.657136 0.360744 0.297408 -0.602902 0.719453 0.657136 0.360205 0.297408 -0.602902 0.721408 0.657136 0.359652 0.276606 -0.589468 0.727273 
0.657136 0.361743 0.297408 -0.602902 0.714565 0.657136 0.361251 0.297408 -0.602902 0.714565 0.657136 0.360744 0.297408 -0.602902 0.719453 0.657136 0.360205 0.297408 -0.602902 0.721408 0.657136 0.359652 0.276606 -0.589468 0.727273 0.657136 0.359083 0.276606 -0.589468 0.730205 
0.657136 0.361251 0.297408 -0.602902 0.714565 0.657136 0.360744 0.297408 -0.602902 0.719453 0.657136 0.360205 0.297408 -0.602902 0.721408 0.657136 0.359652 0.276606 -0.589468 0.727273 0.657136 0.359083 0.276606 -0.589468 0.730205 0.657160 0.358529 0.276606 -0.589468 0.734115 
0.657136 0.360744 0.297408 -0.602902 0.719453 0.657136 0.360205 0.297408 -0.602902 0.721408 0.657136 0.359652 0.276606 -0.589468 0.727273 0.657136 0.359083 0.276606 -0.589468 0.730205 0.657160 0.358529 0.276606 -0.589468 0.734115 0.657185 0.358006 0.276606 -0.589468 0.733138 
0.657136 0.360205 0.297408 -0.602902 0.721408 0.657136 0.359652 0.276606 -0.589468 0.727273 0.657136 0.359083 0.276606 -0.589468 0.730205 0.657160 0.358529 0.276606 -0.589468 0.734115 0.657185 0.358006 0.276606 -0.589468 0.733138 0.657185 0.357545 0.276606 -0.589468 0.736070 
0.657136 0.359652 0.276606 -0.589468 0.727273 0.657136 0.359083 0.276606 -0.589468 0.730205 0.657160 0.358529 0.276606 -0.589468 0.734115 0.657185 0.358006 0.276606 -0.589468 0.733138 0.657185 0.357545 0.276606 -0.589468 0.736070 0.657210 0.357068 0.276606 -0.589468 0.736070 
0.657136 0.359083 0.276606 -0.589468 0.730205 0.657160 0.358529 0.276606 -0.589468 0.734115 0.657185 0.358006 0.276606 -0.589468 0.733138 0.657185 0.357545 0.276606 -0.589468 0.736070 0.657210 0.357068 0.276606 -0.589468 0.736070 0.657234 0.356591 0.277454 -0.569080 0.740958 
0.657160 0.358529 0.276606 -0.589468 0.734115 0.657185 0.358006 0.276606 -0.589468 0.733138 0.657185 0.357545 0.276606 -0.589468 0.736070 0.657210 0.357068 0.276606 -0.589468 0.736070 0.657234 0.356591 0.277454 -0.569080 0.740958 0.657234 0.356161 0.277454 -0.569080 0.739003 
0.657185 0.358006 0.276606 -0.589468 0.733138 0.657185 0.357545 0.276606 -0.589468 0.736070 0.657210 0.357068 0.276606 -0.589468 0.736070 0.657234 0.356591 0.277454 -0.569080 0.740958 0.657234 0.356161 0.277454 -0.569080 0.739003 0.657234 0.355776 0.256523 -0.575827 0.739980 
0.657185 0.357545 0.276606 -0.589468 0.736070 0.657210 0.357068 0.276606 -0.589468 0.736070 0.657234 0.356591 0.277454 -0.569080 0.740958 0.657234 0.356161 0.277454 -0.569080 0.739003 0.657234 0.355776 0.256523 -0.575827 0.739980 0.657234 0.355438 0.256523 -0.575827 0.742913 
0.657210 0.357068 0.276606 -0.589468 0.736070 0.657234 0.356591 0.277454 -0.569080 0.740958 0.657234 0.356161 0.277454 -0.569080 0.739003 0.657234 0.355776 0.256523 -0.575827 0.739980 0.657234 0.355438 0.256523 -0.575827 0.742913 0.657234 0.355130 0.256523 -0.575827 0.746823 
0.657234 0.356591 0.277454 -0.569080 0.740958 0.657234 0.356161 0.277454 -0.569080 0.739003 0.657234 0.355776 0.256523 -0.575827 0.739980 0.657234 0.355438 0.256523 -0.575827 0.742913 0.657234 0.355130 0.256523 -0.575827 0.746823 0.657234 0.354807 0.256523 -0.575827 0.748778 
0.657234 0.356161 0.277454 -0.569080 0.739003 0.657234 0.355776 0.256523 -0.575827 0.739980 0.657234 0.355438 0.256523 -0.575827 0.742913 0.657234 0.355130 0.256523 -0.575827 0.746823 0.657234 0.354807 0.256523 -0.575827 0.748778 0.657234 0.354500 0.256523 -0.575827 0.747801 
0.657234 0.355776 0.256523 -0.575827 0.739980 0.657234 0.355438 0.256523 -0.575827 0.742913 0.657234 0.355130 0.256523 -0.575827 0.746823 0.657234 0.354807 0.256523 -0.575827 0.748778 0.657234 0.354500 0.256523 -0.575827 0.747801 0.657234 0.354223 0.256523 -0.575827 0.746823 
0.657234 0.355438 0.256523 -0.575827 0.742913 0.657234 0.355130 0.256523 -0.575827 0.746823 0.657234 0.354807 0.256523 -0.575827 0.748778 0.657234 0.354500 0.256523 -0.575827 0.747801 0.657234 0.354223 0.256523 -0.575827 0.746823 0.657234 0.353962 0.265731 -0.592814 0.749756 
0.657234 0.355130 0.256523 -0.575827 0.746823 0.657234 0.354807 0.256523 -0.575827 0.748778 0.657234 0.354500 0.256523 -0.575827 0.747801 0.657234 0.354223 0.256523 -0.575827 0.746823 0.657234 0.353962 0.265731 -0.592814 0.749756 0.657234 0.353669 0.265731 -0.592814 0.752688 
0.657234 0.354807 0.256523 -0.575827 0.748778 0.657234 0.354500 0.256523 -0.575827 0.747801 0.657234 0.354223 0.256523 -0.575827 0.746823 0.657234 0.353962 0.265731 -0.592814 0.749756 0.657234 0.353669 0.265731 -0.592814 0.752688 0.657234 0.353393 0.265731 -0.592814 0.753666 
0.657234 0.354500 0.256523 -0.575827 0.747801 0.657234 0.354223 0.256523 -0.575827 0.746823 0.657234 0.353962 0.265731 -0.592814 0.749756 0.657234 0.353669 0.265731 -0.592814 0.752688 0.657234 0.353393 0.265731 -0.592814 0.753666 0.657234 0.353100 0.265731 -0.592814 0.755621 
0.657234 0.354223 0.256523 -0.575827 0.746823 0.657234 0.353962 0.265731 -0.592814 0.749756 0.657234 0.353669 0.265731 -0.592814 0.752688 0.657234 0.353393 0.265731 -0.592814 0.753666 0.657234 0.353100 0.265731 -0.592814 0.755621 0.657234 0.352839 0.265731 -0.592814 0.757576 
0.657234 0.353962 0.265731 -0.592814 0.749756 0.657234 0.353669 0.265731 -0.592814 0.752688 0.657234 0.353393 0.265731 -0.592814 0.753666 0.657234 0.353100 0.265731 -0.592814 0.755621 0.657234 0.352839 0.265731 -0.592814 0.757576 0.657234 0.352608 0.265731 -0.592814 0.760508 
0.657234 0.353669 0.265731 -0.592814 0.752688 0.657234 0.353393 0.265731 -0.592814 0.753666 0.657234 0.353100 0.265731 -0.592814 0.755621 0.657234 0.352839 0.265731 -0.592814 0.757576 0.657234 0.352608 0.265731 -0.592814 0.760508 0.657234 0.352393 0.243559 -0.599039 0.762463 
0.657234 0.353393 0.265731 -0.592814 0.753666 0.657234 0.353100 0.265731 -0.592814 0.755621 0.657234 0.352839 0.265731 -0.592814 0.757576 0.657234 0.352608 0.265731 -0.592814 0.760508 0.657234 0.352393 0.243559 -0.599039 0.762463 0.657234 0.352162 0.243559 -0.599039 0.764418 
0.657234 0.353100 0.265731 -0.592814 0.755621 0.657234 0.352839 0.265731 -0.592814 0.757576 0.657234 0.352608 0.265731 -0.592814 0.760508 0.657234 0.352393 0.243559 -0.599039 0.762463 0.657234 0.352162 0.243559 -0.599039 0.764418 0.657234 0.351947 0.243559 -0.599039 0.766373 
0.657234 0.352839 0.265731 -0.592814 0.757576 0.657234 0.352608 0.265731 -0.592814 0.760508 0.657234 0.352393 0.243559 -0.599039 0.762463 0.657234 0.352162 0.243559 -0.599039 0.764418 0.657234 0.351947 0.243559 -0.599039 0.766373 0.657234 0.351747 0.243559 -0.599039 0.767351 
0.657234 0.352608 0.265731 -0.592814 0.760508 0.657234 0.352393 0.243559 -0.599039 0.762463 0.657234 0.352162 0.243559 -0.599039 0.764418 0.657234 0.351947 0.243559 -0.599039 0.766373 0.657234 0.351747 0.243559 -0.599039 0.767351 0.657234 0.351562 0.243559 -0.599039 0.766373 
0.657234 0.352393 0.243559 -0.599039 0.762463 0.657234 0.352162 0.243559 -0.599039 0.764418 0.657234 0.351947 0.243559 -0.599039 0.766373 0.657234 0.351747 0.243559 -0.599039 0.767351 0.657234 0.351562 0.243559 -0.599039 0.766373 0.657234 0.351378 0.243559 -0.599039 0.770283 
0.657234 0.352162 0.243559 -0.599039 0.764418 0.657234 0.351947 0.243559 -0.599039 0.766373 0.657234 0.351747 0.243559 -0.599039 0.767351 0.657234 0.351562 0.243559 -0.599039 0.766373 0.657234 0.351378 0.243559 -0.599039 0.770283 0.657234 0.351209 0.243559 -0.599039 0.772238 
0.657234 0.351947 0.243559 -0.599039 0.766373 0.657234 0.351747 0.243559 -0.599039 0.767351 0.657234 0.351562 0.243559 -0.599039 0.766373 0.657234 0.351378 0.243559 -0.599039 0.770283 0.657234 0.351209 0.243559 -0.599039 0.772238 0.657234 0.351040 0.243559 -0.599039 0.772238 
0.657234 0.351747 0.243559 -0.599039 0.767351 0.657234 0.351562 0.243559 -0.599039 0.766373 0.657234 0.351378 0.243559 -0.599039 0.770283 0.657234 0.351209 0.243559 -0.599039 0.772238 0.657234 0.351040 0.243559 -0.599039 0.772238 0.657234 0.350886 0.243559 -0.599039 0.772238 
0.657234 0.351562 0.243559 -0.599039 0.766373 0.657234 0.351378 0.243559 -0.599039 0.770283 0.657234 0.351209 0.243559 -0.599039 0.772238 0.657234 0.351040 0.243559 -0.599039 0.772238 0.657234 0.350886 0.243559 -0.599039 0.772238 0.657234 0.350763 0.243559 -0.599039 0.773216 
0.657234 0.351378 0.243559 -0.599039 0.770283 0.657234 0.351209 0.243559 -0.599039 0.772238 0.657234 0.351040 0.243559 -0.599039 0.772238 0.657234 0.350886 0.243559 -0.599039 0.772238 0.657234 0.350763 0.243559 -0.599039 0.773216 0.657234 0.350670 0.243559 -0.599039 0.773216 
0.657234 0.351209 0.243559 -0.599039 0.772238 0.657234 0.351040 0.243559 -0.599039 0.772238 0.657234 0.350886 0.243559 -0.599039 0.772238 0.657234 0.350763 0.243559 -0.599039 0.773216 0.657234 0.350670 0.243559 -0.599039 0.773216 0.657234 0.350609 0.243559 -0.599039 0.772238 
0.657234 0.351040 0.243559 -0.599039 0.772238 0.657234 0.350886 0.243559 -0.599039 0.772238 0.657234 0.350763 0.243559 -0.599039 0.773216 0.657234 0.350670 0.243559 -0.599039 0.773216 0.657234 0.350609 0.243559 -0.599039 0.772238 0.657234 0.350532 0.243559 -0.599039 0.772238 
0.657234 0.350886 0.243559 -0.599039 0.772238 0.657234 0.350763 0.243559 -0.599039 0.773216 0.657234 0.350670 0.243559 -0.599039 0.773216 0.657234 0.350609 0.243559 -0.599039 0.772238 0.657234 0.350532 0.243559 -0.599039 0.772238 0.657234 0.350486 0.243559 -0.599039 0.771261 
0.657234 0.350763 0.243559 -0.599039 0.773216 0.657234 0.350670 0.243559 -0.599039 0.773216 0.657234 0.350609 0.243559 -0.599039 0.772238 0.657234 0.350532 0.243559 -0.599039 0.772238 0.657234 0.350486 0.243559 -0.599039 0.771261 0.657234 0.350455 0.243559 -0.599039 0.769306 
0.657234 0.350670 0.243559 -0.599039 0.773216 0.657234 0.350609 0.243559 -0.599039 0.772238 0.657234 0.350532 0.243559 -0.599039 0.772238 0.657234 0.350486 0.243559 -0.599039 0.771261 0.657234 0.350455 0.243559 -0.599039 0.769306 0.657234 0.350440 0.243559 -0.599039 0.765396 
0.657234 0.350609 0.243559 -0.599039 0.772238 0.657234 0.350532 0.243559 -0.599039 0.772238 0.657234 0.350486 0.243559 -0.599039 0.771261 0.657234 0.350455 0.243559 -0.599039 0.769306 0.657234 0.350440 0.243559 -0.599039 0.765396 0.657210 0.350440 0.243559 -0.599039 0.734115 
0.657234 0.350532 0.243559 -0.599039 0.772238 0.657234 0.350486 0.243559 -0.599039 0.771261 0.657234 0.350455 0.243559 -0.599039 0.769306 0.657234 0.350440 0.243559 -0.599039 0.765396 0.657210 0.350440 0.243559 -0.599039 0.734115 0.657160 0.350440 0.243559 -0.599039 0.663734 
0.657234 0.350486 0.243559 -0.599039 0.771261 0.657234 0.350455 0.243559 -0.599039 0.769306 0.657234 0.350440 0.243559 -0.599039 0.765396 0.657210 0.350440 0.243559 -0.599039 0.734115 0.657160 0.350440 0.243559 -0.599039 0.663734 0.657062 0.350440 0.243559 -0.599039 0.609971 
0.657234 0.350455 0.243559 -0.599039 0.769306 0.657234 0.350440 0.243559 -0.599039 0.765396 0.657210 0.350440 0.243559 -0.599039 0.734115 0.657160 0.350440 0.243559 -0.599039 0.663734 0.657062 0.350440 0.243559 -0.599039 0.609971 0.656890 0.350440 0.243559 -0.599039 0.544477 
0.657234 0.350440 0.243559 -0.599039 0.765396 0.657210 0.350440 0.243559 -0.599039 0.734115 0.657160 0.350440 0.243559 -0.599039 0.663734 0.657062 0.350440 0.243559 -0.599039 0.609971 0.656890 0.350440 0.243559 -0.599039 0.544477 0.656570 0.350440 0.243559 -0.599039 0.464321 
0.657210 0.350440 0.243559 -0.599039 0.734115 0.657160 0.350440 0.243559 -0.599039 0.663734 0.657062 0.350440 0.243559 -0.599039 0.609971 0.656890 0.350440 0.243559 -0.599039 0.544477 0.656570 0.350440 0.243559 -0.599039 0.464321 0.656201 0.350332 0.243559 -0.599039 0.366569 
0.657160 0.350440 0.243559 -0.599039 0.663734 0.657062 0.350440 0.243559 -0.599039 0.609971 0.656890 0.350440 0.243559 -0.599039 0.544477 0.656570 0.350440 0.243559 -0.599039 0.464321 0.656201 0.350332 0.243559 -0.599039 0.366569 0.655758 0.350071 0.243559 -0.599039 0.237537 
0.657062 0.350440 0.243559 -0.599039 0.609971 0.656890 0.350440 0.243559 -0.599039 0.544477 0.656570 0.350440 0.243559 -0.599039 0.464321 0.656201 0.350332 0.243559 -0.599039 0.366569 0.655758 0.350071 0.243559 -0.599039 0.237537 0.655266 0.349702 0.243559 -0.599039 0.127077 
0.656890 0.350440 0.243559 -0.599039 0.544477 0.656570 0.350440 0.243559 -0.599039 0.464321 0.656201 0.350332 0.243559 -0.599039 0.366569 0.655758 0.350071 0.243559 -0.599039 0.237537 0.655266 0.349702 0.243559 -0.599039 0.127077 0.654798 0.349256 0.243559 -0.599039 0.048876 
0.656570 0.350440 0.243559 -0.599039 0.464321 0.656201 0.350332 0.243559 -0.599039 0.366569 0.655758 0.350071 0.243559 -0.599039 0.237537 0.655266 0.349702 0.243559 -0.599039 0.127077 0.654798 0.349256 0.243559 -0.599039 0.048876 0.654085 0.348287 0.243559 -0.599039 0.000000 
0.656201 0.350332 0.243559 -0.599039 0.366569 0.655758 0.350071 0.243559 -0.599039 0.237537 0.655266 0.349702 0.243559 -0.599039 0.127077 0.654798 0.349256 0.243559 -0.599039 0.048876 0.654085 0.348287 0.243559 -0.599039 0.000000 0.653863 0.347749 0.243559 -0.599039 0.000000 
0.655758 0.350071 0.243559 -0.599039 0.237537 0.655266 0.349702 0.243559 -0.599039 0.127077 0.654798 0.349256 0.243559 -0.599039 0.048876 0.654085 0.348287 0.243559 -0.599039 0.000000 0.653863 0.347749 0.243559 -0.599039 0.000000 0.653863 0.347256 0.243559 -0.599039 0.000000 
0.655266 0.349702 0.243559 -0.599039 0.127077 0.654798 0.349256 0.243559 -0.599039 0.048876 0.654085 0.348287 0.243559 -0.599039 0.000000 0.653863 0.347749 0.243559 -0.599039 0.000000 0.653863 0.347256 0.243559 -0.599039 0.000000 0.653863 0.346810 0.252241 -0.616148 0.000000 
0.654798 0.349256 0.243559 -0.599039 0.048876 0.654085 0.348287 0.243559 -0.599039 0.000000 0.653863 0.347749 0.243559 -0.599039 0.000000 0.653863 0.347256 0.243559 -0.599039 0.000000 0.653863 0.346810 0.252241 -0.616148 0.000000 0.653863 0.346472 0.252241 -0.616148 0.000000 
0.654085 0.348287 0.243559 -0.599039 0.000000 0.653863 0.347749 0.243559 -0.599039 0.000000 0.653863 0.347256 0.243559 -0.599039 0.000000 0.653863 0.346810 0.252241 -0.616148 0.000000 0.653863 0.346472 0.252241 -0.616148 0.000000 0.653863 0.346364 0.252241 -0.616148 0.000000 
0.653863 0.347749 0.243559 -0.599039 0.000000 0.653863 0.347256 0.243559 -0.599039 0.000000 0.653863 0.346810 0.252241 -0.616148 0.000000 0.653863 0.346472 0.252241 -0.616148 0.000000 0.653863 0.346364 0.252241 -0.616148 0.000000 0.653519 0.346288 0.224135 -0.584806 0.000000 
0.653863 0.347256 0.243559 -0.599039 0.000000 0.653863 0.346810 0.252241 -0.616148 0.000000 0.653863 0.346472 0.252241 -0.616148 0.000000 0.653863 0.346364 0.252241 -0.616148 0.000000 0.653519 0.346288 0.224135 -0.584806 0.000000 0.653174 0.346288 0.226729 -0.564924 0.000000 
0.653863 0.346810 0.252241 -0.616148 0.000000 0.653863 0.346472 0.252241 -0.616148 0.000000 0.653863 0.346364 0.252241 -0.616148 0.000000 0.653519 0.346288 0.224135 -0.584806 0.000000 0.653174 0.346288 0.226729 -0.564924 0.000000 0.652781 0.346626 0.210550 -0.530944 0.000000 
0.653863 0.346472 0.252241 -0.616148 0.000000 0.653863 0.346364 0.252241 -0.616148 0.000000 0.653519 0.346288 0.224135 -0.584806 0.000000 0.653174 0.346288 0.226729 -0.564924 0.000000 0.652781 0.346626 0.210550 -0.530944 0.000000 0.652141 0.347318 0.196094 -0.477543 0.000000 
0.653863 0.346364 0.252241 -0.616148 0.000000 0.653519 0.346288 0.224135 -0.584806 0.000000 0.653174 0.346288 0.226729 -0.564924 0.000000 0.652781 0.346626 0.210550 -0.530944 0.000000 0.652141 0.347318 0.196094 -0.477543 0.000000 0.651083 0.348148 0.180715 -0.424697 0.000000 
0.653519 0.346288 0.224135 -0.584806 0.000000 0.653174 0.346288 0.226729 -0.564924 0.000000 0.652781 0.346626 0.210550 -0.530944 0.000000 0.652141 0.347318 0.196094 -0.477543 0.000000 0.651083 0.348148 0.180715 -0.424697 0.000000 0.649656 0.349179 0.157691 -0.374948 0.000000 
