0.642421 0.403836 0.573503 -0.370214 0.466276 0.642397 0.403174 0.573503 -0.370214 0.476051 0.642323 0.402513 0.573503 -0.370214 0.468231 0.642274 0.401790 0.573503 -0.370214 0.467253 0.642175 0.401067 0.573503 -0.370214 0.467253 0.641905 0.398883 0.573503 -0.370214 0.479961 
0.642274 0.401790 0.573503 -0.370214 0.467253 0.642175 0.401067 0.573503 -0.370214 0.467253 0.641905 0.398883 0.573503 -0.370214 0.479961 0.642101 0.400344 0.573503 -0.370214 0.467253 0.642003 0.399622 0.573503 -0.370214 0.470186 0.641757 0.398099 0.573503 -0.370214 0.479961 
0.642175 0.401067 0.573503 -0.370214 0.467253 0.641905 0.398883 0.573503 -0.370214 0.479961 0.642101 0.400344 0.573503 -0.370214 0.467253 0.642003 0.399622 0.573503 -0.370214 0.470186 0.641757 0.398099 0.573503 -0.370214 0.479961 0.641609 0.397284 0.573503 -0.370214 0.478983 
0.641905 0.398883 0.573503 -0.370214 0.479961 0.642101 0.400344 0.573503 -0.370214 0.467253 0.642003 0.399622 0.573503 -0.370214 0.470186 0.641757 0.398099 0.573503 -0.370214 0.479961 0.641609 0.397284 0.573503 -0.370214 0.478983 0.641486 0.396454 0.573503 -0.370214 0.476051 
0.642101 0.400344 0.573503 -0.370214 0.467253 0.642003 0.399622 0.573503 -0.370214 0.470186 0.641757 0.398099 0.573503 -0.370214 0.479961 0.641609 0.397284 0.573503 -0.370214 0.478983 0.641486 0.396454 0.573503 -0.370214 0.476051 0.641019 0.393962 0.573503 -0.370214 0.479961 
0.642003 0.399622 0.573503 -0.370214 0.470186 0.641757 0.398099 0.573503 -0.370214 0.479961 0.641609 0.397284 0.573503 -0.370214 0.478983 0.641486 0.396454 0.573503 -0.370214 0.476051 0.641019 0.393962 0.573503 -0.370214 0.479961 0.641314 0.395639 0.573503 -0.370214 0.474096 
0.641757 0.398099 0.573503 -0.370214 0.479961 0.641609 0.397284 0.573503 -0.370214 0.478983 0.641486 0.396454 0.573503 -0.370214 0.476051 0.641019 0.393962 0.573503 -0.370214 0.479961 0.641314 0.395639 0.573503 -0.370214 0.474096 0.641166 0.394823 0.573503 -0.370214 0.475073 
0.641609 0.397284 0.573503 -0.370214 0.478983 0.641486 0.396454 0.573503 -0.370214 0.476051 0.641019 0.393962 0.573503 -0.370214 0.479961 0.641314 0.395639 0.573503 -0.370214 0.474096 0.641166 0.394823 0.573503 -0.370214 0.475073 0.640871 0.393070 0.573503 -0.370214 0.477028 
0.641486 0.396454 0.573503 -0.370214 0.476051 0.641019 0.393962 0.573503 -0.370214 0.479961 0.641314 0.395639 0.573503 -0.370214 0.474096 0.641166 0.394823 0.573503 -0.370214 0.475073 0.640871 0.393070 0.573503 -0.370214 0.477028 0.640748 0.392178 0.594857 -0.372414 0.475073 
0.641019 0.393962 0.573503 -0.370214 0.479961 0.641314 0.395639 0.573503 -0.370214 0.474096 0.641166 0.394823 0.573503 -0.370214 0.475073 0.640871 0.393070 0.573503 -0.370214 0.477028 0.640748 0.392178 0.594857 -0.372414 0.475073 0.640625 0.391302 0.594857 -0.372414 0.475073 
0.641314 0.395639 0.573503 -0.370214 0.474096 0.641166 0.394823 0.573503 -0.370214 0.475073 0.640871 0.393070 0.573503 -0.370214 0.477028 0.640748 0.392178 0.594857 -0.372414 0.475073 0.640625 0.391302 0.594857 -0.372414 0.475073 0.640527 0.390471 0.594857 -0.372414 0.480938 
0.641166 0.394823 0.573503 -0.370214 0.475073 0.640871 0.393070 0.573503 -0.370214 0.477028 0.640748 0.392178 0.594857 -0.372414 0.475073 0.640625 0.391302 0.594857 -0.372414 0.475073 0.640527 0.390471 0.594857 -0.372414 0.480938 0.640404 0.389641 0.594857 -0.372414 0.485826 
0.640871 0.393070 0.573503 -0.370214 0.477028 0.640748 0.392178 0.594857 -0.372414 0.475073 0.640625 0.391302 0.594857 -0.372414 0.475073 0.640527 0.390471 0.594857 -0.372414 0.480938 0.640404 0.389641 0.594857 -0.372414 0.485826 0.640280 0.388826 0.594857 -0.372414 0.487781 
0.640748 0.392178 0.594857 -0.372414 0.475073 0.640625 0.391302 0.594857 -0.372414 0.475073 0.640527 0.390471 0.594857 -0.372414 0.480938 0.640404 0.389641 0.594857 -0.372414 0.485826 0.640280 0.388826 0.594857 -0.372414 0.487781 0.640157 0.388026 0.594857 -0.372414 0.484848 
0.640625 0.391302 0.594857 -0.372414 0.475073 0.640527 0.390471 0.594857 -0.372414 0.480938 0.640404 0.389641 0.594857 -0.372414 0.485826 0.640280 0.388826 0.594857 -0.372414 0.487781 0.640157 0.388026 0.594857 -0.372414 0.484848 0.640034 0.387242 0.594857 -0.372414 0.489736 
0.640527 0.390471 0.594857 -0.372414 0.480938 0.640404 0.389641 0.594857 -0.372414 0.485826 0.640280 0.388826 0.594857 -0.372414 0.487781 0.640157 0.388026 0.594857 -0.372414 0.484848 0.640034 0.387242 0.594857 -0.372414 0.489736 0.639936 0.386457 0.594857 -0.372414 0.494624 
0.640404 0.389641 0.594857 -0.372414 0.485826 0.640280 0.388826 0.594857 -0.372414 0.487781 0.640157 0.388026 0.594857 -0.372414 0.484848 0.640034 0.387242 0.594857 -0.372414 0.489736 0.639936 0.386457 0.594857 -0.372414 0.494624 0.639838 0.385688 0.573503 -0.370214 0.497556 
0.640280 0.388826 0.594857 -0.372414 0.487781 0.640157 0.388026 0.594857 -0.372414 0.484848 0.640034 0.387242 0.594857 -0.372414 0.489736 0.639936 0.386457 0.594857 -0.372414 0.494624 0.639838 0.385688 0.573503 -0.370214 0.497556 0.639690 0.384889 0.573503 -0.370214 0.492669 
0.640157 0.388026 0.594857 -0.372414 0.484848 0.640034 0.387242 0.594857 -0.372414 0.489736 0.639936 0.386457 0.594857 -0.372414 0.494624 0.639838 0.385688 0.573503 -0.370214 0.497556 0.639690 0.384889 0.573503 -0.370214 0.492669 0.639567 0.384058 0.573503 -0.370214 0.500489 
0.640034 0.387242 0.594857 -0.372414 0.489736 0.639936 0.386457 0.594857 -0.372414 0.494624 0.639838 0.385688 0.573503 -0.370214 0.497556 0.639690 0.384889 0.573503 -0.370214 0.492669 0.639567 0.384058 0.573503 -0.370214 0.500489 0.639419 0.383228 0.573503 -0.370214 0.504399 
0.639936 0.386457 0.594857 -0.372414 0.494624 0.639838 0.385688 0.573503 -0.370214 0.497556 0.639690 0.384889 0.573503 -0.370214 0.492669 0.639567 0.384058 0.573503 -0.370214 0.500489 0.639419 0.383228 0.573503 -0.370214 0.504399 0.639272 0.382397 0.573503 -0.370214 0.504399 
0.639838 0.385688 0.573503 -0.370214 0.497556 0.639690 0.384889 0.573503 -0.370214 0.492669 0.639567 0.384058 0.573503 -0.370214 0.500489 0.639419 0.383228 0.573503 -0.370214 0.504399 0.639272 0.382397 0.573503 -0.370214 0.504399 0.639149 0.381551 0.573503 -0.370214 0.503421 
0.639690 0.384889 0.573503 -0.370214 0.492669 0.639567 0.384058 0.573503 -0.370214 0.500489 0.639419 0.383228 0.573503 -0.370214 0.504399 0.639272 0.382397 0.573503 -0.370214 0.504399 0.639149 0.381551 0.573503 -0.370214 0.503421 0.638976 0.380706 0.573503 -0.370214 0.509286 
0.639567 0.384058 0.573503 -0.370214 0.500489 0.639419 0.383228 0.573503 -0.370214 0.504399 0.639272 0.382397 0.573503 -0.370214 0.504399 0.639149 0.381551 0.573503 -0.370214 0.503421 0.638976 0.380706 0.573503 -0.370214 0.509286 0.638804 0.379860 0.573503 -0.370214 0.505376 
0.639419 0.383228 0.573503 -0.370214 0.504399 0.639272 0.382397 0.573503 -0.370214 0.504399 0.639149 0.381551 0.573503 -0.370214 0.503421 0.638976 0.380706 0.573503 -0.370214 0.509286 0.638804 0.379860 0.573503 -0.370214 0.505376 0.638632 0.379014 0.552205 -0.367517 0.505376 
0.639272 0.382397 0.573503 -0.370214 0.504399 0.639149 0.381551 0.573503 -0.370214 0.503421 0.638976 0.380706 0.573503 -0.370214 0.509286 0.638804 0.379860 0.573503 -0.370214 0.505376 0.638632 0.379014 0.552205 -0.367517 0.505376 0.638435 0.378168 0.552205 -0.367517 0.510264 
0.639149 0.381551 0.573503 -0.370214 0.503421 0.638976 0.380706 0.573503 -0.370214 0.509286 0.638804 0.379860 0.573503 -0.370214 0.505376 0.638632 0.379014 0.552205 -0.367517 0.505376 0.638435 0.378168 0.552205 -0.367517 0.510264 0.638238 0.377291 0.552205 -0.367517 0.510264 
0.638976 0.380706 0.573503 -0.370214 0.509286 0.638804 0.379860 0.573503 -0.370214 0.505376 0.638632 0.379014 0.552205 -0.367517 0.505376 0.638435 0.378168 0.552205 -0.367517 0.510264 0.638238 0.377291 0.552205 -0.367517 0.510264 0.638091 0.376415 0.552205 -0.367517 0.512219 
0.638804 0.379860 0.573503 -0.370214 0.505376 0.638632 0.379014 0.552205 -0.367517 0.505376 0.638435 0.378168 0.552205 -0.367517 0.510264 0.638238 0.377291 0.552205 -0.367517 0.510264 0.638091 0.376415 0.552205 -0.367517 0.512219 0.637943 0.375523 0.552205 -0.367517 0.513196 
0.638632 0.379014 0.552205 -0.367517 0.505376 0.638435 0.378168 0.552205 -0.367517 0.510264 0.638238 0.377291 0.552205 -0.367517 0.510264 0.638091 0.376415 0.552205 -0.367517 0.512219 0.637943 0.375523 0.552205 -0.367517 0.513196 0.637795 0.374631 0.552205 -0.367517 0.515152 
0.638435 0.378168 0.552205 -0.367517 0.510264 0.638238 0.377291 0.552205 -0.367517 0.510264 0.638091 0.376415 0.552205 -0.367517 0.512219 0.637943 0.375523 0.552205 -0.367517 0.513196 0.637795 0.374631 0.552205 -0.367517 0.515152 0.637648 0.373785 0.530987 -0.364335 0.512219 
0.638238 0.377291 0.552205 -0.367517 0.510264 0.638091 0.376415 0.552205 -0.367517 0.512219 0.637943 0.375523 0.552205 -0.367517 0.513196 0.637795 0.374631 0.552205 -0.367517 0.515152 0.637648 0.373785 0.530987 -0.364335 0.512219 0.637500 0.372939 0.530987 -0.364335 0.516129 
0.638091 0.376415 0.552205 -0.367517 0.512219 0.637943 0.375523 0.552205 -0.367517 0.513196 0.637795 0.374631 0.552205 -0.367517 0.515152 0.637648 0.373785 0.530987 -0.364335 0.512219 0.637500 0.372939 0.530987 -0.364335 0.516129 0.637352 0.372109 0.530987 -0.364335 0.515152 
0.637943 0.375523 0.552205 -0.367517 0.513196 0.637795 0.374631 0.552205 -0.367517 0.515152 0.637648 0.373785 0.530987 -0.364335 0.512219 0.637500 0.372939 0.530987 -0.364335 0.516129 0.637352 0.372109 0.530987 -0.364335 0.515152 0.637106 0.370463 0.530987 -0.364335 0.513196 
0.637795 0.374631 0.552205 -0.367517 0.515152 0.637648 0.373785 0.530987 -0.364335 0.512219 0.637500 0.372939 0.530987 -0.364335 0.516129 0.637352 0.372109 0.530987 -0.364335 0.515152 0.637106 0.370463 0.530987 -0.364335 0.513196 0.637254 0.371278 0.530987 -0.364335 0.516129 
0.637648 0.373785 0.530987 -0.364335 0.512219 0.637500 0.372939 0.530987 -0.364335 0.516129 0.637352 0.372109 0.530987 -0.364335 0.515152 0.637106 0.370463 0.530987 -0.364335 0.513196 0.637254 0.371278 0.530987 -0.364335 0.516129 0.636959 0.369664 0.530987 -0.364335 0.511241 
0.637500 0.372939 0.530987 -0.364335 0.516129 0.637352 0.372109 0.530987 -0.364335 0.515152 0.637106 0.370463 0.530987 -0.364335 0.513196 0.637254 0.371278 0.530987 -0.364335 0.516129 0.636959 0.369664 0.530987 -0.364335 0.511241 0.636565 0.368141 0.530987 -0.364335 0.522972 
0.637352 0.372109 0.530987 -0.364335 0.515152 0.637106 0.370463 0.530987 -0.364335 0.513196 0.637254 0.371278 0.530987 -0.364335 0.516129 0.636959 0.369664 0.530987 -0.364335 0.511241 0.636565 0.368141 0.530987 -0.364335 0.522972 0.636762 0.368895 0.530987 -0.364335 0.511241 
0.637106 0.370463 0.530987 -0.364335 0.513196 0.637254 0.371278 0.530987 -0.364335 0.516129 0.636959 0.369664 0.530987 -0.364335 0.511241 0.636565 0.368141 0.530987 -0.364335 0.522972 0.636762 0.368895 0.530987 -0.364335 0.511241 0.636368 0.367403 0.530987 -0.364335 0.522972 
0.637254 0.371278 0.530987 -0.364335 0.516129 0.636959 0.369664 0.530987 -0.364335 0.511241 0.636565 0.368141 0.530987 -0.364335 0.522972 0.636762 0.368895 0.530987 -0.364335 0.511241 0.636368 0.367403 0.530987 -0.364335 0.522972 0.636196 0.366680 0.530987 -0.364335 0.523949 
0.636959 0.369664 0.530987 -0.364335 0.511241 0.636565 0.368141 0.530987 -0.364335 0.522972 0.636762 0.368895 0.530987 -0.364335 0.511241 0.636368 0.367403 0.530987 -0.364335 0.522972 0.636196 0.366680 0.530987 -0.364335 0.523949 0.635999 0.365957 0.530987 -0.364335 0.526882 
0.636565 0.368141 0.530987 -0.364335 0.522972 0.636762 0.368895 0.530987 -0.364335 0.511241 0.636368 0.367403 0.530987 -0.364335 0.522972 0.636196 0.366680 0.530987 -0.364335 0.523949 0.635999 0.365957 0.530987 -0.364335 0.526882 0.635778 0.365281 0.530987 -0.364335 0.523949 
0.636762 0.368895 0.530987 -0.364335 0.511241 0.636368 0.367403 0.530987 -0.364335 0.522972 0.636196 0.366680 0.530987 -0.364335 0.523949 0.635999 0.365957 0.530987 -0.364335 0.526882 0.635778 0.365281 0.530987 -0.364335 0.523949 0.635581 0.364619 0.530987 -0.364335 0.523949 
0.636368 0.367403 0.530987 -0.364335 0.522972 0.636196 0.366680 0.530987 -0.364335 0.523949 0.635999 0.365957 0.530987 -0.364335 0.526882 0.635778 0.365281 0.530987 -0.364335 0.523949 0.635581 0.364619 0.530987 -0.364335 0.523949 0.635384 0.363989 0.530987 -0.364335 0.521017 
0.636196 0.366680 0.530987 -0.364335 0.523949 0.635999 0.365957 0.530987 -0.364335 0.526882 0.635778 0.365281 0.530987 -0.364335 0.523949 0.635581 0.364619 0.530987 -0.364335 0.523949 0.635384 0.363989 0.530987 -0.364335 0.521017 0.635212 0.363374 0.552205 -0.367517 0.526882 
0.635999 0.365957 0.530987 -0.364335 0.526882 0.635778 0.365281 0.530987 -0.364335 0.523949 0.635581 0.364619 0.530987 -0.364335 0.523949 0.635384 0.363989 0.530987 -0.364335 0.521017 0.635212 0.363374 0.552205 -0.367517 0.526882 0.634966 0.362774 0.552205 -0.367517 0.527859 
0.635778 0.365281 0.530987 -0.364335 0.523949 0.635581 0.364619 0.530987 -0.364335 0.523949 0.635384 0.363989 0.530987 -0.364335 0.521017 0.635212 0.363374 0.552205 -0.367517 0.526882 0.634966 0.362774 0.552205 -0.367517 0.527859 0.634793 0.362174 0.552205 -0.367517 0.527859 
0.635581 0.364619 0.530987 -0.364335 0.523949 0.635384 0.363989 0.530987 -0.364335 0.521017 0.635212 0.363374 0.552205 -0.367517 0.526882 0.634966 0.362774 0.552205 -0.367517 0.527859 0.634793 0.362174 0.552205 -0.367517 0.527859 0.634596 0.361574 0.552205 -0.367517 0.526882 
0.635384 0.363989 0.530987 -0.364335 0.521017 0.635212 0.363374 0.552205 -0.367517 0.526882 0.634966 0.362774 0.552205 -0.367517 0.527859 0.634793 0.362174 0.552205 -0.367517 0.527859 0.634596 0.361574 0.552205 -0.367517 0.526882 0.634400 0.360974 0.552205 -0.367517 0.526882 
0.635212 0.363374 0.552205 -0.367517 0.526882 0.634966 0.362774 0.552205 -0.367517 0.527859 0.634793 0.362174 0.552205 -0.367517 0.527859 0.634596 0.361574 0.552205 -0.367517 0.526882 0.634400 0.360974 0.552205 -0.367517 0.526882 0.634227 0.360390 0.552205 -0.367517 0.528837 
0.634966 0.362774 0.552205 -0.367517 0.527859 0.634793 0.362174 0.552205 -0.367517 0.527859 0.634596 0.361574 0.552205 -0.367517 0.526882 0.634400 0.360974 0.552205 -0.367517 0.526882 0.634227 0.360390 0.552205 -0.367517 0.528837 0.634055 0.359806 0.573503 -0.370214 0.529814 
0.634793 0.362174 0.552205 -0.367517 0.527859 0.634596 0.361574 0.552205 -0.367517 0.526882 0.634400 0.360974 0.552205 -0.367517 0.526882 0.634227 0.360390 0.552205 -0.367517 0.528837 0.634055 0.359806 0.573503 -0.370214 0.529814 0.633883 0.359237 0.573503 -0.370214 0.542522 
0.634596 0.361574 0.552205 -0.367517 0.526882 0.634400 0.360974 0.552205 -0.367517 0.526882 0.634227 0.360390 0.552205 -0.367517 0.528837 0.634055 0.359806 0.573503 -0.370214 0.529814 0.633883 0.359237 0.573503 -0.370214 0.542522 0.633686 0.358683 0.573503 -0.370214 0.543500 
0.634400 0.360974 0.552205 -0.367517 0.526882 0.634227 0.360390 0.552205 -0.367517 0.528837 0.634055 0.359806 0.573503 -0.370214 0.529814 0.633883 0.359237 0.573503 -0.370214 0.542522 0.633686 0.358683 0.573503 -0.370214 0.543500 0.633538 0.358145 0.573503 -0.370214 0.541544 
0.634227 0.360390 0.552205 -0.367517 0.528837 0.634055 0.359806 0.573503 -0.370214 0.529814 0.633883 0.359237 0.573503 -0.370214 0.542522 0.633686 0.358683 0.573503 -0.370214 0.543500 0.633538 0.358145 0.573503 -0.370214 0.541544 0.633366 0.357591 0.573503 -0.370214 0.541544 
0.634055 0.359806 0.573503 -0.370214 0.529814 0.633883 0.359237 0.573503 -0.370214 0.542522 0.633686 0.358683 0.573503 -0.370214 0.543500 0.633538 0.358145 0.573503 -0.370214 0.541544 0.633366 0.357591 0.573503 -0.370214 0.541544 0.633194 0.357053 0.573503 -0.370214 0.539589 
0.633883 0.359237 0.573503 -0.370214 0.542522 0.633686 0.358683 0.573503 -0.370214 0.543500 0.633538 0.358145 0.573503 -0.370214 0.541544 0.633366 0.357591 0.573503 -0.370214 0.541544 0.633194 0.357053 0.573503 -0.370214 0.539589 0.633022 0.356514 0.552205 -0.367517 0.535679 
0.633686 0.358683 0.573503 -0.370214 0.543500 0.633538 0.358145 0.573503 -0.370214 0.541544 0.633366 0.357591 0.573503 -0.370214 0.541544 0.633194 0.357053 0.573503 -0.370214 0.539589 0.633022 0.356514 0.552205 -0.367517 0.535679 0.632825 0.355930 0.552205 -0.367517 0.539589 
0.633538 0.358145 0.573503 -0.370214 0.541544 0.633366 0.357591 0.573503 -0.370214 0.541544 0.633194 0.357053 0.573503 -0.370214 0.539589 0.633022 0.356514 0.552205 -0.367517 0.535679 0.632825 0.355930 0.552205 -0.367517 0.539589 0.632653 0.355300 0.552205 -0.367517 0.542522 
0.633366 0.357591 0.573503 -0.370214 0.541544 0.633194 0.357053 0.573503 -0.370214 0.539589 0.633022 0.356514 0.552205 -0.367517 0.535679 0.632825 0.355930 0.552205 -0.367517 0.539589 0.632653 0.355300 0.552205 -0.367517 0.542522 0.632480 0.354654 0.552205 -0.367517 0.540567 
0.633194 0.357053 0.573503 -0.370214 0.539589 0.633022 0.356514 0.552205 -0.367517 0.535679 0.632825 0.355930 0.552205 -0.367517 0.539589 0.632653 0.355300 0.552205 -0.367517 0.542522 0.632480 0.354654 0.552205 -0.367517 0.540567 0.632283 0.353962 0.552205 -0.367517 0.540567 
0.633022 0.356514 0.552205 -0.367517 0.535679 0.632825 0.355930 0.552205 -0.367517 0.539589 0.632653 0.355300 0.552205 -0.367517 0.542522 0.632480 0.354654 0.552205 -0.367517 0.540567 0.632283 0.353962 0.552205 -0.367517 0.540567 0.632111 0.353239 0.552205 -0.367517 0.540567 
0.632825 0.355930 0.552205 -0.367517 0.539589 0.632653 0.355300 0.552205 -0.367517 0.542522 0.632480 0.354654 0.552205 -0.367517 0.540567 0.632283 0.353962 0.552205 -0.367517 0.540567 0.632111 0.353239 0.552205 -0.367517 0.540567 0.631964 0.352501 0.552205 -0.367517 0.542522 
0.632653 0.355300 0.552205 -0.367517 0.542522 0.632480 0.354654 0.552205 -0.367517 0.540567 0.632283 0.353962 0.552205 -0.367517 0.540567 0.632111 0.353239 0.552205 -0.367517 0.540567 0.631964 0.352501 0.552205 -0.367517 0.542522 0.631816 0.351762 0.530987 -0.364335 0.543500 
0.632480 0.354654 0.552205 -0.367517 0.540567 0.632283 0.353962 0.552205 -0.367517 0.540567 0.632111 0.353239 0.552205 -0.367517 0.540567 0.631964 0.352501 0.552205 -0.367517 0.542522 0.631816 0.351762 0.530987 -0.364335 0.543500 0.631570 0.350271 0.530987 -0.364335 0.541544 
0.632283 0.353962 0.552205 -0.367517 0.540567 0.632111 0.353239 0.552205 -0.367517 0.540567 0.631964 0.352501 0.552205 -0.367517 0.542522 0.631816 0.351762 0.530987 -0.364335 0.543500 0.631570 0.350271 0.530987 -0.364335 0.541544 0.631693 0.351009 0.530987 -0.364335 0.543500 
0.632111 0.353239 0.552205 -0.367517 0.540567 0.631964 0.352501 0.552205 -0.367517 0.542522 0.631816 0.351762 0.530987 -0.364335 0.543500 0.631570 0.350271 0.530987 -0.364335 0.541544 0.631693 0.351009 0.530987 -0.364335 0.543500 0.631447 0.349563 0.530987 -0.364335 0.542522 
0.631964 0.352501 0.552205 -0.367517 0.542522 0.631816 0.351762 0.530987 -0.364335 0.543500 0.631570 0.350271 0.530987 -0.364335 0.541544 0.631693 0.351009 0.530987 -0.364335 0.543500 0.631447 0.349563 0.530987 -0.364335 0.542522 0.631324 0.348840 0.530987 -0.364335 0.539589 
0.631816 0.351762 0.530987 -0.364335 0.543500 0.631570 0.350271 0.530987 -0.364335 0.541544 0.631693 0.351009 0.530987 -0.364335 0.543500 0.631447 0.349563 0.530987 -0.364335 0.542522 0.631324 0.348840 0.530987 -0.364335 0.539589 0.631225 0.348102 0.530987 -0.364335 0.543500 
0.631570 0.350271 0.530987 -0.364335 0.541544 0.631693 0.351009 0.530987 -0.364335 0.543500 0.631447 0.349563 0.530987 -0.364335 0.542522 0.631324 0.348840 0.530987 -0.364335 0.539589 0.631225 0.348102 0.530987 -0.364335 0.543500 0.631152 0.347395 0.530987 -0.364335 0.542522 
0.631693 0.351009 0.530987 -0.364335 0.543500 0.631447 0.349563 0.530987 -0.364335 0.542522 0.631324 0.348840 0.530987 -0.364335 0.539589 0.631225 0.348102 0.530987 -0.364335 0.543500 0.631152 0.347395 0.530987 -0.364335 0.542522 0.631004 0.346734 0.525957 -0.373202 0.541544 
0.631447 0.349563 0.530987 -0.364335 0.542522 0.631324 0.348840 0.530987 -0.364335 0.539589 0.631225 0.348102 0.530987 -0.364335 0.543500 0.631152 0.347395 0.530987 -0.364335 0.542522 0.631004 0.346734 0.525957 -0.373202 0.541544 0.630856 0.346041 0.519589 -0.343283 0.548387 
0.631324 0.348840 0.530987 -0.364335 0.539589 0.631225 0.348102 0.530987 -0.364335 0.543500 0.631152 0.347395 0.530987 -0.364335 0.542522 0.631004 0.346734 0.525957 -0.373202 0.541544 0.630856 0.346041 0.519589 -0.343283 0.548387 0.630733 0.345380 0.519589 -0.343283 0.551320 
0.631225 0.348102 0.530987 -0.364335 0.543500 0.631152 0.347395 0.530987 -0.364335 0.542522 0.631004 0.346734 0.525957 -0.373202 0.541544 0.630856 0.346041 0.519589 -0.343283 0.548387 0.630733 0.345380 0.519589 -0.343283 0.551320 0.630610 0.344719 0.519589 -0.343283 0.552297 
0.631152 0.347395 0.530987 -0.364335 0.542522 0.631004 0.346734 0.525957 -0.373202 0.541544 0.630856 0.346041 0.519589 -0.343283 0.548387 0.630733 0.345380 0.519589 -0.343283 0.551320 0.630610 0.344719 0.519589 -0.343283 0.552297 0.630487 0.344088 0.519589 -0.343283 0.550342 
0.631004 0.346734 0.525957 -0.373202 0.541544 0.630856 0.346041 0.519589 -0.343283 0.548387 0.630733 0.345380 0.519589 -0.343283 0.551320 0.630610 0.344719 0.519589 -0.343283 0.552297 0.630487 0.344088 0.519589 -0.343283 0.550342 0.630413 0.343489 0.519589 -0.343283 0.552297 
0.630856 0.346041 0.519589 -0.343283 0.548387 0.630733 0.345380 0.519589 -0.343283 0.551320 0.630610 0.344719 0.519589 -0.343283 0.552297 0.630487 0.344088 0.519589 -0.343283 0.550342 0.630413 0.343489 0.519589 -0.343283 0.552297 0.630315 0.342935 0.519589 -0.343283 0.553275 
0.630733 0.345380 0.519589 -0.343283 0.551320 0.630610 0.344719 0.519589 -0.343283 0.552297 0.630487 0.344088 0.519589 -0.343283 0.550342 0.630413 0.343489 0.519589 -0.343283 0.552297 0.630315 0.342935 0.519589 -0.343283 0.553275 0.630217 0.342381 0.519589 -0.343283 0.556207 
0.630610 0.344719 0.519589 -0.343283 0.552297 0.630487 0.344088 0.519589 -0.343283 0.550342 0.630413 0.343489 0.519589 -0.343283 0.552297 0.630315 0.342935 0.519589 -0.343283 0.553275 0.630217 0.342381 0.519589 -0.343283 0.556207 0.630167 0.341828 0.519589 -0.343283 0.558162 
0.630487 0.344088 0.519589 -0.343283 0.550342 0.630413 0.343489 0.519589 -0.343283 0.552297 0.630315 0.342935 0.519589 -0.343283 0.553275 0.630217 0.342381 0.519589 -0.343283 0.556207 0.630167 0.341828 0.519589 -0.343283 0.558162 0.630143 0.341274 0.514810 -0.352059 0.556207 
0.630413 0.343489 0.519589 -0.343283 0.552297 0.630315 0.342935 0.519589 -0.343283 0.553275 0.630217 0.342381 0.519589 -0.343283 0.556207 0.630167 0.341828 0.519589 -0.343283 0.558162 0.630143 0.341274 0.514810 -0.352059 0.556207 0.630093 0.340766 0.514810 -0.352059 0.552297 
0.630315 0.342935 0.519589 -0.343283 0.553275 0.630217 0.342381 0.519589 -0.343283 0.556207 0.630167 0.341828 0.519589 -0.343283 0.558162 0.630143 0.341274 0.514810 -0.352059 0.556207 0.630093 0.340766 0.514810 -0.352059 0.552297 0.630069 0.340274 0.514810 -0.352059 0.557185 
0.630217 0.342381 0.519589 -0.343283 0.556207 0.630167 0.341828 0.519589 -0.343283 0.558162 0.630143 0.341274 0.514810 -0.352059 0.556207 0.630093 0.340766 0.514810 -0.352059 0.552297 0.630069 0.340274 0.514810 -0.352059 0.557185 0.630044 0.339813 0.514810 -0.352059 0.557185 
0.630167 0.341828 0.519589 -0.343283 0.558162 0.630143 0.341274 0.514810 -0.352059 0.556207 0.630093 0.340766 0.514810 -0.352059 0.552297 0.630069 0.340274 0.514810 -0.352059 0.557185 0.630044 0.339813 0.514810 -0.352059 0.557185 0.629995 0.339367 0.514810 -0.352059 0.556207 
0.630143 0.341274 0.514810 -0.352059 0.556207 0.630093 0.340766 0.514810 -0.352059 0.552297 0.630069 0.340274 0.514810 -0.352059 0.557185 0.630044 0.339813 0.514810 -0.352059 0.557185 0.629995 0.339367 0.514810 -0.352059 0.556207 0.629946 0.338952 0.514810 -0.352059 0.556207 
0.630093 0.340766 0.514810 -0.352059 0.552297 0.630069 0.340274 0.514810 -0.352059 0.557185 0.630044 0.339813 0.514810 -0.352059 0.557185 0.629995 0.339367 0.514810 -0.352059 0.556207 0.629946 0.338952 0.514810 -0.352059 0.556207 0.629897 0.338552 0.514810 -0.352059 0.558162 
0.630069 0.340274 0.514810 -0.352059 0.557185 0.630044 0.339813 0.514810 -0.352059 0.557185 0.629995 0.339367 0.514810 -0.352059 0.556207 0.629946 0.338952 0.514810 -0.352059 0.556207 0.629897 0.338552 0.514810 -0.352059 0.558162 0.629872 0.338183 0.514810 -0.352059 0.553275 
0.630044 0.339813 0.514810 -0.352059 0.557185 0.629995 0.339367 0.514810 -0.352059 0.556207 0.629946 0.338952 0.514810 -0.352059 0.556207 0.629897 0.338552 0.514810 -0.352059 0.558162 0.629872 0.338183 0.514810 -0.352059 0.553275 0.629823 0.337860 0.514810 -0.352059 0.550342 
0.629995 0.339367 0.514810 -0.352059 0.556207 0.629946 0.338952 0.514810 -0.352059 0.556207 0.629897 0.338552 0.514810 -0.352059 0.558162 0.629872 0.338183 0.514810 -0.352059 0.553275 0.629823 0.337860 0.514810 -0.352059 0.550342 0.629749 0.337029 0.503403 -0.331439 0.558162 
0.629946 0.338952 0.514810 -0.352059 0.556207 0.629897 0.338552 0.514810 -0.352059 0.558162 0.629872 0.338183 0.514810 -0.352059 0.553275 0.629823 0.337860 0.514810 -0.352059 0.550342 0.629749 0.337029 0.503403 -0.331439 0.558162 0.629823 0.337568 0.514810 -0.352059 0.553275 
0.629897 0.338552 0.514810 -0.352059 0.558162 0.629872 0.338183 0.514810 -0.352059 0.553275 0.629823 0.337860 0.514810 -0.352059 0.550342 0.629749 0.337029 0.503403 -0.331439 0.558162 0.629823 0.337568 0.514810 -0.352059 0.553275 0.629798 0.337306 0.514810 -0.352059 0.557185 
0.629872 0.338183 0.514810 -0.352059 0.553275 0.629823 0.337860 0.514810 -0.352059 0.550342 0.629749 0.337029 0.503403 -0.331439 0.558162 0.629823 0.337568 0.514810 -0.352059 0.553275 0.629798 0.337306 0.514810 -0.352059 0.557185 0.629700 0.336753 0.503403 -0.331439 0.557185 
0.629823 0.337860 0.514810 -0.352059 0.550342 0.629749 0.337029 0.503403 -0.331439 0.558162 0.629823 0.337568 0.514810 -0.352059 0.553275 0.629798 0.337306 0.514810 -0.352059 0.557185 0.629700 0.336753 0.503403 -0.331439 0.557185 0.629626 0.336230 0.524211 -0.334355 0.556207 
0.629749 0.337029 0.503403 -0.331439 0.558162 0.629823 0.337568 0.514810 -0.352059 0.553275 0.629798 0.337306 0.514810 -0.352059 0.557185 0.629700 0.336753 0.503403 -0.331439 0.557185 0.629626 0.336230 0.524211 -0.334355 0.556207 0.629675 0.336476 0.503403 -0.331439 0.556207 
0.629823 0.337568 0.514810 -0.352059 0.553275 0.629798 0.337306 0.514810 -0.352059 0.557185 0.629700 0.336753 0.503403 -0.331439 0.557185 0.629626 0.336230 0.524211 -0.334355 0.556207 0.629675 0.336476 0.503403 -0.331439 0.556207 0.629577 0.336014 0.524211 -0.334355 0.559140 
0.629798 0.337306 0.514810 -0.352059 0.557185 0.629700 0.336753 0.503403 -0.331439 0.557185 0.629626 0.336230 0.524211 -0.334355 0.556207 0.629675 0.336476 0.503403 -0.331439 0.556207 0.629577 0.336014 0.524211 -0.334355 0.559140 0.629478 0.335784 0.524211 -0.334355 0.558162 
0.629700 0.336753 0.503403 -0.331439 0.557185 0.629626 0.336230 0.524211 -0.334355 0.556207 0.629675 0.336476 0.503403 -0.331439 0.556207 0.629577 0.336014 0.524211 -0.334355 0.559140 0.629478 0.335784 0.524211 -0.334355 0.558162 0.629405 0.335553 0.524211 -0.334355 0.560117 
0.629626 0.336230 0.524211 -0.334355 0.556207 0.629675 0.336476 0.503403 -0.331439 0.556207 0.629577 0.336014 0.524211 -0.334355 0.559140 0.629478 0.335784 0.524211 -0.334355 0.558162 0.629405 0.335553 0.524211 -0.334355 0.560117 0.629306 0.335322 0.524211 -0.334355 0.559140 
0.629675 0.336476 0.503403 -0.331439 0.556207 0.629577 0.336014 0.524211 -0.334355 0.559140 0.629478 0.335784 0.524211 -0.334355 0.558162 0.629405 0.335553 0.524211 -0.334355 0.560117 0.629306 0.335322 0.524211 -0.334355 0.559140 0.629232 0.335122 0.524211 -0.334355 0.559140 
0.629577 0.336014 0.524211 -0.334355 0.559140 0.629478 0.335784 0.524211 -0.334355 0.558162 0.629405 0.335553 0.524211 -0.334355 0.560117 0.629306 0.335322 0.524211 -0.334355 0.559140 0.629232 0.335122 0.524211 -0.334355 0.559140 0.629158 0.334938 0.524211 -0.334355 0.558162 
0.629478 0.335784 0.524211 -0.334355 0.558162 0.629405 0.335553 0.524211 -0.334355 0.560117 0.629306 0.335322 0.524211 -0.334355 0.559140 0.629232 0.335122 0.524211 -0.334355 0.559140 0.629158 0.334938 0.524211 -0.334355 0.558162 0.629085 0.334769 0.524211 -0.334355 0.558162 
0.629405 0.335553 0.524211 -0.334355 0.560117 0.629306 0.335322 0.524211 -0.334355 0.559140 0.629232 0.335122 0.524211 -0.334355 0.559140 0.629158 0.334938 0.524211 -0.334355 0.558162 0.629085 0.334769 0.524211 -0.334355 0.558162 0.629011 0.334615 0.524211 -0.334355 0.558162 
0.629306 0.335322 0.524211 -0.334355 0.559140 0.629232 0.335122 0.524211 -0.334355 0.559140 0.629158 0.334938 0.524211 -0.334355 0.558162 0.629085 0.334769 0.524211 -0.334355 0.558162 0.629011 0.334615 0.524211 -0.334355 0.558162 0.628937 0.334477 0.524211 -0.334355 0.557185 
0.629232 0.335122 0.524211 -0.334355 0.559140 0.629158 0.334938 0.524211 -0.334355 0.558162 0.629085 0.334769 0.524211 -0.334355 0.558162 0.629011 0.334615 0.524211 -0.334355 0.558162 0.628937 0.334477 0.524211 -0.334355 0.557185 0.628863 0.334353 0.545110 -0.336767 0.556207 
0.629158 0.334938 0.524211 -0.334355 0.558162 0.629085 0.334769 0.524211 -0.334355 0.558162 0.629011 0.334615 0.524211 -0.334355 0.558162 0.628937 0.334477 0.524211 -0.334355 0.557185 0.628863 0.334353 0.545110 -0.336767 0.556207 0.628814 0.334230 0.545110 -0.336767 0.552297 
0.629085 0.334769 0.524211 -0.334355 0.558162 0.629011 0.334615 0.524211 -0.334355 0.558162 0.628937 0.334477 0.524211 -0.334355 0.557185 0.628863 0.334353 0.545110 -0.336767 0.556207 0.628814 0.334230 0.545110 -0.336767 0.552297 0.628765 0.334138 0.545110 -0.336767 0.548387 
0.629011 0.334615 0.524211 -0.334355 0.558162 0.628937 0.334477 0.524211 -0.334355 0.557185 0.628863 0.334353 0.545110 -0.336767 0.556207 0.628814 0.334230 0.545110 -0.336767 0.552297 0.628765 0.334138 0.545110 -0.336767 0.548387 0.628716 0.334061 0.545110 -0.336767 0.541544 
0.628937 0.334477 0.524211 -0.334355 0.557185 0.628863 0.334353 0.545110 -0.336767 0.556207 0.628814 0.334230 0.545110 -0.336767 0.552297 0.628765 0.334138 0.545110 -0.336767 0.548387 0.628716 0.334061 0.545110 -0.336767 0.541544 0.628666 0.333984 0.545110 -0.336767 0.530792 
0.628863 0.334353 0.545110 -0.336767 0.556207 0.628814 0.334230 0.545110 -0.336767 0.552297 0.628765 0.334138 0.545110 -0.336767 0.548387 0.628716 0.334061 0.545110 -0.336767 0.541544 0.628666 0.333984 0.545110 -0.336767 0.530792 0.628617 0.333908 0.545110 -0.336767 0.510264 
0.628814 0.334230 0.545110 -0.336767 0.552297 0.628765 0.334138 0.545110 -0.336767 0.548387 0.628716 0.334061 0.545110 -0.336767 0.541544 0.628666 0.333984 0.545110 -0.336767 0.530792 0.628617 0.333908 0.545110 -0.336767 0.510264 0.628519 0.333831 0.545110 -0.336767 0.479961 
0.628765 0.334138 0.545110 -0.336767 0.548387 0.628716 0.334061 0.545110 -0.336767 0.541544 0.628666 0.333984 0.545110 -0.336767 0.530792 0.628617 0.333908 0.545110 -0.336767 0.510264 0.628519 0.333831 0.545110 -0.336767 0.479961 0.628445 0.333769 0.545110 -0.336767 0.441838 
0.628716 0.334061 0.545110 -0.336767 0.541544 0.628666 0.333984 0.545110 -0.336767 0.530792 0.628617 0.333908 0.545110 -0.336767 0.510264 0.628519 0.333831 0.545110 -0.336767 0.479961 0.628445 0.333769 0.545110 -0.336767 0.441838 0.628371 0.333708 0.545110 -0.336767 0.395894 
0.628666 0.333984 0.545110 -0.336767 0.530792 0.628617 0.333908 0.545110 -0.336767 0.510264 0.628519 0.333831 0.545110 -0.336767 0.479961 0.628445 0.333769 0.545110 -0.336767 0.441838 0.628371 0.333708 0.545110 -0.336767 0.395894 0.628248 0.333661 0.545110 -0.336767 0.334311 
0.628617 0.333908 0.545110 -0.336767 0.510264 0.628519 0.333831 0.545110 -0.336767 0.479961 0.628445 0.333769 0.545110 -0.336767 0.441838 0.628371 0.333708 0.545110 -0.336767 0.395894 0.628248 0.333661 0.545110 -0.336767 0.334311 0.628100 0.333615 0.545110 -0.336767 0.249267 
0.628519 0.333831 0.545110 -0.336767 0.479961 0.628445 0.333769 0.545110 -0.336767 0.441838 0.628371 0.333708 0.545110 -0.336767 0.395894 0.628248 0.333661 0.545110 -0.336767 0.334311 0.628100 0.333615 0.545110 -0.336767 0.249267 0.627904 0.333615 0.545110 -0.336767 0.142717 
0.628445 0.333769 0.545110 -0.336767 0.441838 0.628371 0.333708 0.545110 -0.336767 0.395894 0.628248 0.333661 0.545110 -0.336767 0.334311 0.628100 0.333615 0.545110 -0.336767 0.249267 0.627904 0.333615 0.545110 -0.336767 0.142717 0.627608 0.333615 0.545110 -0.336767 0.055718 
0.628371 0.333708 0.545110 -0.336767 0.395894 0.628248 0.333661 0.545110 -0.336767 0.334311 0.628100 0.333615 0.545110 -0.336767 0.249267 0.627904 0.333615 0.545110 -0.336767 0.142717 0.627608 0.333615 0.545110 -0.336767 0.055718 0.626796 0.333692 0.545110 -0.336767 0.000000 
0.628248 0.333661 0.545110 -0.336767 0.334311 0.628100 0.333615 0.545110 -0.336767 0.249267 0.627904 0.333615 0.545110 -0.336767 0.142717 0.627608 0.333615 0.545110 -0.336767 0.055718 0.626796 0.333692 0.545110 -0.336767 0.000000 0.626280 0.334000 0.545110 -0.336767 0.000000 
0.627904 0.333615 0.545110 -0.336767 0.142717 0.627608 0.333615 0.545110 -0.336767 0.055718 0.626796 0.333692 0.545110 -0.336767 0.000000 0.626280 0.334000 0.545110 -0.336767 0.000000 0.623942 0.335538 0.540563 -0.346116 0.000000 0.625615 0.334415 0.545110 -0.336767 0.000000 
