0.620448 0.351855 0.311363 -0.491734 0.831867 0.621629 0.351793 0.311363 -0.491734 0.829912 0.622761 0.351732 0.311363 -0.491734 0.831867 0.623868 0.351670 0.311363 -0.491734 0.838710 0.624951 0.351593 0.316268 -0.466782 0.828934 0.626033 0.351516 0.316268 -0.466782 0.833822 
0.621629 0.351793 0.311363 -0.491734 0.829912 0.622761 0.351732 0.311363 -0.491734 0.831867 0.623868 0.351670 0.311363 -0.491734 0.838710 0.624951 0.351593 0.316268 -0.466782 0.828934 0.626033 0.351516 0.316268 -0.466782 0.833822 0.627165 0.351439 0.316268 -0.466782 0.833822 
0.622761 0.351732 0.311363 -0.491734 0.831867 0.623868 0.351670 0.311363 -0.491734 0.838710 0.624951 0.351593 0.316268 -0.466782 0.828934 0.626033 0.351516 0.316268 -0.466782 0.833822 0.627165 0.351439 0.316268 -0.466782 0.833822 0.628248 0.351347 0.316268 -0.466782 0.835777 
0.623868 0.351670 0.311363 -0.491734 0.838710 0.624951 0.351593 0.316268 -0.466782 0.828934 0.626033 0.351516 0.316268 -0.466782 0.833822 0.627165 0.351439 0.316268 -0.466782 0.833822 0.628248 0.351347 0.316268 -0.466782 0.835777 0.629282 0.351255 0.316268 -0.466782 0.831867 
0.624951 0.351593 0.316268 -0.466782 0.828934 0.626033 0.351516 0.316268 -0.466782 0.833822 0.627165 0.351439 0.316268 -0.466782 0.833822 0.628248 0.351347 0.316268 -0.466782 0.835777 0.629282 0.351255 0.316268 -0.466782 0.831867 0.630315 0.351163 0.316268 -0.466782 0.829912 
0.626033 0.351516 0.316268 -0.466782 0.833822 0.627165 0.351439 0.316268 -0.466782 0.833822 0.628248 0.351347 0.316268 -0.466782 0.835777 0.629282 0.351255 0.316268 -0.466782 0.831867 0.630315 0.351163 0.316268 -0.466782 0.829912 0.631299 0.351070 0.316268 -0.466782 0.823069 
0.627165 0.351439 0.316268 -0.466782 0.833822 0.628248 0.351347 0.316268 -0.466782 0.835777 0.629282 0.351255 0.316268 -0.466782 0.831867 0.630315 0.351163 0.316268 -0.466782 0.829912 0.631299 0.351070 0.316268 -0.466782 0.823069 0.632210 0.350978 0.316268 -0.466782 0.825024 
0.628248 0.351347 0.316268 -0.466782 0.835777 0.629282 0.351255 0.316268 -0.466782 0.831867 0.630315 0.351163 0.316268 -0.466782 0.829912 0.631299 0.351070 0.316268 -0.466782 0.823069 0.632210 0.350978 0.316268 -0.466782 0.825024 0.633046 0.350901 0.316268 -0.466782 0.826002 
0.629282 0.351255 0.316268 -0.466782 0.831867 0.630315 0.351163 0.316268 -0.466782 0.829912 0.631299 0.351070 0.316268 -0.466782 0.823069 0.632210 0.350978 0.316268 -0.466782 0.825024 0.633046 0.350901 0.316268 -0.466782 0.826002 0.633809 0.350824 0.316268 -0.466782 0.825024 
0.630315 0.351163 0.316268 -0.466782 0.829912 0.631299 0.351070 0.316268 -0.466782 0.823069 0.632210 0.350978 0.316268 -0.466782 0.825024 0.633046 0.350901 0.316268 -0.466782 0.826002 0.633809 0.350824 0.316268 -0.466782 0.825024 0.634449 0.350778 0.316268 -0.466782 0.822092 
0.631299 0.351070 0.316268 -0.466782 0.823069 0.632210 0.350978 0.316268 -0.466782 0.825024 0.633046 0.350901 0.316268 -0.466782 0.826002 0.633809 0.350824 0.316268 -0.466782 0.825024 0.634449 0.350778 0.316268 -0.466782 0.822092 0.635015 0.350732 0.336160 -0.477975 0.827957 
0.632210 0.350978 0.316268 -0.466782 0.825024 0.633046 0.350901 0.316268 -0.466782 0.826002 0.633809 0.350824 0.316268 -0.466782 0.825024 0.634449 0.350778 0.316268 -0.466782 0.822092 0.635015 0.350732 0.336160 -0.477975 0.827957 0.635507 0.350701 0.336160 -0.477975 0.827957 
0.633046 0.350901 0.316268 -0.466782 0.826002 0.633809 0.350824 0.316268 -0.466782 0.825024 0.634449 0.350778 0.316268 -0.466782 0.822092 0.635015 0.350732 0.336160 -0.477975 0.827957 0.635507 0.350701 0.336160 -0.477975 0.827957 0.635851 0.350670 0.336160 -0.477975 0.822092 
0.633809 0.350824 0.316268 -0.466782 0.825024 0.634449 0.350778 0.316268 -0.466782 0.822092 0.635015 0.350732 0.336160 -0.477975 0.827957 0.635507 0.350701 0.336160 -0.477975 0.827957 0.635851 0.350670 0.336160 -0.477975 0.822092 0.636122 0.350655 0.336160 -0.477975 0.819159 
0.634449 0.350778 0.316268 -0.466782 0.822092 0.635015 0.350732 0.336160 -0.477975 0.827957 0.635507 0.350701 0.336160 -0.477975 0.827957 0.635851 0.350670 0.336160 -0.477975 0.822092 0.636122 0.350655 0.336160 -0.477975 0.819159 0.636343 0.350640 0.336160 -0.477975 0.821114 
0.635015 0.350732 0.336160 -0.477975 0.827957 0.635507 0.350701 0.336160 -0.477975 0.827957 0.635851 0.350670 0.336160 -0.477975 0.822092 0.636122 0.350655 0.336160 -0.477975 0.819159 0.636343 0.350640 0.336160 -0.477975 0.821114 0.636491 0.350624 0.336160 -0.477975 0.823069 
0.635507 0.350701 0.336160 -0.477975 0.827957 0.635851 0.350670 0.336160 -0.477975 0.822092 0.636122 0.350655 0.336160 -0.477975 0.819159 0.636343 0.350640 0.336160 -0.477975 0.821114 0.636491 0.350624 0.336160 -0.477975 0.823069 0.636590 0.350624 0.328033 -0.482709 0.823069 
0.635851 0.350670 0.336160 -0.477975 0.822092 0.636122 0.350655 0.336160 -0.477975 0.819159 0.636343 0.350640 0.336160 -0.477975 0.821114 0.636491 0.350624 0.336160 -0.477975 0.823069 0.636590 0.350624 0.328033 -0.482709 0.823069 0.636614 0.350624 0.311363 -0.491734 0.820137 
0.636122 0.350655 0.336160 -0.477975 0.819159 0.636343 0.350640 0.336160 -0.477975 0.821114 0.636491 0.350624 0.336160 -0.477975 0.823069 0.636590 0.350624 0.328033 -0.482709 0.823069 0.636614 0.350624 0.311363 -0.491734 0.820137 0.636614 0.350578 0.311363 -0.491734 0.436950 
0.636343 0.350640 0.336160 -0.477975 0.821114 0.636491 0.350624 0.336160 -0.477975 0.823069 0.636590 0.350624 0.328033 -0.482709 0.823069 0.636614 0.350624 0.311363 -0.491734 0.820137 0.636614 0.350578 0.311363 -0.491734 0.436950 0.636614 0.350455 0.311363 -0.491734 0.305963 
0.636491 0.350624 0.336160 -0.477975 0.823069 0.636590 0.350624 0.328033 -0.482709 0.823069 0.636614 0.350624 0.311363 -0.491734 0.820137 0.636614 0.350578 0.311363 -0.491734 0.436950 0.636614 0.350455 0.311363 -0.491734 0.305963 0.636516 0.350301 0.311363 -0.491734 0.150538 
0.636590 0.350624 0.328033 -0.482709 0.823069 0.636614 0.350624 0.311363 -0.491734 0.820137 0.636614 0.350578 0.311363 -0.491734 0.436950 0.636614 0.350455 0.311363 -0.491734 0.305963 0.636516 0.350301 0.311363 -0.491734 0.150538 0.636147 0.350009 0.313964 -0.512316 0.000000 
0.636614 0.350624 0.311363 -0.491734 0.820137 0.636614 0.350578 0.311363 -0.491734 0.436950 0.636614 0.350455 0.311363 -0.491734 0.305963 0.636516 0.350301 0.311363 -0.491734 0.150538 0.636147 0.350009 0.313964 -0.512316 0.000000 0.635950 0.349932 0.313964 -0.512316 0.000000 
0.636614 0.350578 0.311363 -0.491734 0.436950 0.636614 0.350455 0.311363 -0.491734 0.305963 0.636516 0.350301 0.311363 -0.491734 0.150538 0.636147 0.350009 0.313964 -0.512316 0.000000 0.635950 0.349932 0.313964 -0.512316 0.000000 0.635704 0.349932 0.313964 -0.512316 0.000000 
0.636614 0.350455 0.311363 -0.491734 0.305963 0.636516 0.350301 0.311363 -0.491734 0.150538 0.636147 0.350009 0.313964 -0.512316 0.000000 0.635950 0.349932 0.313964 -0.512316 0.000000 0.635704 0.349932 0.313964 -0.512316 0.000000 0.635433 0.349932 0.316047 -0.532988 0.000000 
0.636516 0.350301 0.311363 -0.491734 0.150538 0.636147 0.350009 0.313964 -0.512316 0.000000 0.635950 0.349932 0.313964 -0.512316 0.000000 0.635704 0.349932 0.313964 -0.512316 0.000000 0.635433 0.349932 0.316047 -0.532988 0.000000 0.635138 0.349932 0.316047 -0.532988 0.000000 
0.636147 0.350009 0.313964 -0.512316 0.000000 0.635950 0.349932 0.313964 -0.512316 0.000000 0.635704 0.349932 0.313964 -0.512316 0.000000 0.635433 0.349932 0.316047 -0.532988 0.000000 0.635138 0.349932 0.316047 -0.532988 0.000000 0.634769 0.350209 0.306673 -0.537145 0.000000 
0.635950 0.349932 0.313964 -0.512316 0.000000 0.635704 0.349932 0.313964 -0.512316 0.000000 0.635433 0.349932 0.316047 -0.532988 0.000000 0.635138 0.349932 0.316047 -0.532988 0.000000 0.634769 0.350209 0.306673 -0.537145 0.000000 0.634350 0.350655 0.306673 -0.537145 0.000000 
0.635704 0.349932 0.313964 -0.512316 0.000000 0.635433 0.349932 0.316047 -0.532988 0.000000 0.635138 0.349932 0.316047 -0.532988 0.000000 0.634769 0.350209 0.306673 -0.537145 0.000000 0.634350 0.350655 0.306673 -0.537145 0.000000 0.633957 0.351224 0.307786 -0.557800 0.000000 
0.635433 0.349932 0.316047 -0.532988 0.000000 0.635138 0.349932 0.316047 -0.532988 0.000000 0.634769 0.350209 0.306673 -0.537145 0.000000 0.634350 0.350655 0.306673 -0.537145 0.000000 0.633957 0.351224 0.307786 -0.557800 0.000000 0.633883 0.351885 0.307786 -0.557800 0.000000 
0.635138 0.349932 0.316047 -0.532988 0.000000 0.634769 0.350209 0.306673 -0.537145 0.000000 0.634350 0.350655 0.306673 -0.537145 0.000000 0.633957 0.351224 0.307786 -0.557800 0.000000 0.633883 0.351885 0.307786 -0.557800 0.000000 0.633145 0.352639 0.307786 -0.557800 0.000000 
0.634769 0.350209 0.306673 -0.537145 0.000000 0.634350 0.350655 0.306673 -0.537145 0.000000 0.633957 0.351224 0.307786 -0.557800 0.000000 0.633883 0.351885 0.307786 -0.557800 0.000000 0.633145 0.352639 0.307786 -0.557800 0.000000 0.632308 0.353485 0.318606 -0.574513 0.000000 
0.634350 0.350655 0.306673 -0.537145 0.000000 0.633957 0.351224 0.307786 -0.557800 0.000000 0.633883 0.351885 0.307786 -0.557800 0.000000 0.633145 0.352639 0.307786 -0.557800 0.000000 0.632308 0.353485 0.318606 -0.574513 0.000000 0.631570 0.354438 0.318606 -0.574513 0.000000 
0.633957 0.351224 0.307786 -0.557800 0.000000 0.633883 0.351885 0.307786 -0.557800 0.000000 0.633145 0.352639 0.307786 -0.557800 0.000000 0.632308 0.353485 0.318606 -0.574513 0.000000 0.631570 0.354438 0.318606 -0.574513 0.000000 0.630782 0.355484 0.318606 -0.574513 0.000000 
0.633883 0.351885 0.307786 -0.557800 0.000000 0.633145 0.352639 0.307786 -0.557800 0.000000 0.632308 0.353485 0.318606 -0.574513 0.000000 0.631570 0.354438 0.318606 -0.574513 0.000000 0.630782 0.355484 0.318606 -0.574513 0.000000 0.629897 0.356653 0.307786 -0.557800 0.000000 
0.633145 0.352639 0.307786 -0.557800 0.000000 0.632308 0.353485 0.318606 -0.574513 0.000000 0.631570 0.354438 0.318606 -0.574513 0.000000 0.630782 0.355484 0.318606 -0.574513 0.000000 0.629897 0.356653 0.307786 -0.557800 0.000000 0.628912 0.357929 0.307786 -0.557800 0.000000 
0.632308 0.353485 0.318606 -0.574513 0.000000 0.631570 0.354438 0.318606 -0.574513 0.000000 0.630782 0.355484 0.318606 -0.574513 0.000000 0.629897 0.356653 0.307786 -0.557800 0.000000 0.628912 0.357929 0.307786 -0.557800 0.000000 0.627780 0.359283 0.306673 -0.537145 0.000000 
0.631570 0.354438 0.318606 -0.574513 0.000000 0.630782 0.355484 0.318606 -0.574513 0.000000 0.629897 0.356653 0.307786 -0.557800 0.000000 0.628912 0.357929 0.307786 -0.557800 0.000000 0.627780 0.359283 0.306673 -0.537145 0.000000 0.626575 0.360698 0.316047 -0.532988 0.000000 
0.630782 0.355484 0.318606 -0.574513 0.000000 0.629897 0.356653 0.307786 -0.557800 0.000000 0.628912 0.357929 0.307786 -0.557800 0.000000 0.627780 0.359283 0.306673 -0.537145 0.000000 0.626575 0.360698 0.316047 -0.532988 0.000000 0.625197 0.362205 0.294154 -0.500170 0.000000 
0.623671 0.356961 0.313964 -0.512316 0.688172 0.623696 0.356807 0.313964 -0.512316 0.607038 0.623843 0.356484 0.313964 -0.512316 0.559140 0.624090 0.355976 0.313964 -0.512316 0.466276 0.624483 0.355346 0.313964 -0.512316 0.322581 0.625074 0.354638 0.313964 -0.512316 0.141740 
0.623696 0.356807 0.313964 -0.512316 0.607038 0.623843 0.356484 0.313964 -0.512316 0.559140 0.624090 0.355976 0.313964 -0.512316 0.466276 0.624483 0.355346 0.313964 -0.512316 0.322581 0.625074 0.354638 0.313964 -0.512316 0.141740 0.626698 0.353177 0.316047 -0.532988 0.000000 
0.623843 0.356484 0.313964 -0.512316 0.559140 0.624090 0.355976 0.313964 -0.512316 0.466276 0.624483 0.355346 0.313964 -0.512316 0.322581 0.625074 0.354638 0.313964 -0.512316 0.141740 0.626698 0.353177 0.316047 -0.532988 0.000000 0.627731 0.352977 0.297154 -0.541148 0.000000 
0.624090 0.355976 0.313964 -0.512316 0.466276 0.624483 0.355346 0.313964 -0.512316 0.322581 0.625074 0.354638 0.313964 -0.512316 0.141740 0.626698 0.353177 0.316047 -0.532988 0.000000 0.627731 0.352977 0.297154 -0.541148 0.000000 0.628888 0.352854 0.297154 -0.541148 0.000000 
0.624483 0.355346 0.313964 -0.512316 0.322581 0.625074 0.354638 0.313964 -0.512316 0.141740 0.626698 0.353177 0.316047 -0.532988 0.000000 0.627731 0.352977 0.297154 -0.541148 0.000000 0.628888 0.352854 0.297154 -0.541148 0.000000 0.630093 0.352070 0.297154 -0.541148 0.000000 
0.625074 0.354638 0.313964 -0.512316 0.141740 0.626698 0.353177 0.316047 -0.532988 0.000000 0.627731 0.352977 0.297154 -0.541148 0.000000 0.628888 0.352854 0.297154 -0.541148 0.000000 0.630093 0.352070 0.297154 -0.541148 0.000000 0.631275 0.351824 0.277345 -0.528336 0.000000 
0.626698 0.353177 0.316047 -0.532988 0.000000 0.627731 0.352977 0.297154 -0.541148 0.000000 0.628888 0.352854 0.297154 -0.541148 0.000000 0.630093 0.352070 0.297154 -0.541148 0.000000 0.631275 0.351824 0.277345 -0.528336 0.000000 0.632456 0.351855 0.267366 -0.511727 0.000000 
0.627731 0.352977 0.297154 -0.541148 0.000000 0.628888 0.352854 0.297154 -0.541148 0.000000 0.630093 0.352070 0.297154 -0.541148 0.000000 0.631275 0.351824 0.277345 -0.528336 0.000000 0.632456 0.351855 0.267366 -0.511727 0.000000 0.633514 0.352408 0.239323 -0.482080 0.000000 
0.628888 0.352854 0.297154 -0.541148 0.000000 0.630093 0.352070 0.297154 -0.541148 0.000000 0.631275 0.351824 0.277345 -0.528336 0.000000 0.632456 0.351855 0.267366 -0.511727 0.000000 0.633514 0.352408 0.239323 -0.482080 0.000000 0.634424 0.353131 0.221039 -0.449057 0.000000 
0.630093 0.352070 0.297154 -0.541148 0.000000 0.631275 0.351824 0.277345 -0.528336 0.000000 0.632456 0.351855 0.267366 -0.511727 0.000000 0.633514 0.352408 0.239323 -0.482080 0.000000 0.634424 0.353131 0.221039 -0.449057 0.000000 0.634424 0.354039 0.210636 -0.413141 0.000000 
0.631275 0.351824 0.277345 -0.528336 0.000000 0.632456 0.351855 0.267366 -0.511727 0.000000 0.633514 0.352408 0.239323 -0.482080 0.000000 0.634424 0.353131 0.221039 -0.449057 0.000000 0.634424 0.354039 0.210636 -0.413141 0.000000 0.634375 0.355130 0.179149 -0.386300 0.000000 
0.632456 0.351855 0.267366 -0.511727 0.000000 0.633514 0.352408 0.239323 -0.482080 0.000000 0.634424 0.353131 0.221039 -0.449057 0.000000 0.634424 0.354039 0.210636 -0.413141 0.000000 0.634375 0.355130 0.179149 -0.386300 0.000000 0.634031 0.356345 0.135510 -0.325467 0.000000 
0.633514 0.352408 0.239323 -0.482080 0.000000 0.634424 0.353131 0.221039 -0.449057 0.000000 0.634424 0.354039 0.210636 -0.413141 0.000000 0.634375 0.355130 0.179149 -0.386300 0.000000 0.634031 0.356345 0.135510 -0.325467 0.000000 0.633711 0.357637 0.118895 -0.274331 0.000000 
0.634424 0.353131 0.221039 -0.449057 0.000000 0.634424 0.354039 0.210636 -0.413141 0.000000 0.634375 0.355130 0.179149 -0.386300 0.000000 0.634031 0.356345 0.135510 -0.325467 0.000000 0.633711 0.357637 0.118895 -0.274331 0.000000 0.633415 0.359083 0.089115 -0.228695 0.000000 
0.634424 0.354039 0.210636 -0.413141 0.000000 0.634375 0.355130 0.179149 -0.386300 0.000000 0.634031 0.356345 0.135510 -0.325467 0.000000 0.633711 0.357637 0.118895 -0.274331 0.000000 0.633415 0.359083 0.089115 -0.228695 0.000000 0.633096 0.360559 0.051507 -0.167051 0.000000 
0.634375 0.355130 0.179149 -0.386300 0.000000 0.634031 0.356345 0.135510 -0.325467 0.000000 0.633711 0.357637 0.118895 -0.274331 0.000000 0.633415 0.359083 0.089115 -0.228695 0.000000 0.633096 0.360559 0.051507 -0.167051 0.000000 0.633563 0.362066 0.033987 -0.135530 0.000000 
0.634031 0.356345 0.135510 -0.325467 0.000000 0.633711 0.357637 0.118895 -0.274331 0.000000 0.633415 0.359083 0.089115 -0.228695 0.000000 0.633096 0.360559 0.051507 -0.167051 0.000000 0.633563 0.362066 0.033987 -0.135530 0.000000 0.633563 0.363650 0.016440 -0.103440 0.000000 
0.633711 0.357637 0.118895 -0.274331 0.000000 0.633415 0.359083 0.089115 -0.228695 0.000000 0.633096 0.360559 0.051507 -0.167051 0.000000 0.633563 0.362066 0.033987 -0.135530 0.000000 0.633563 0.363650 0.016440 -0.103440 0.000000 0.633957 0.365327 0.000000 -0.069813 0.000000 
0.633415 0.359083 0.089115 -0.228695 0.000000 0.633096 0.360559 0.051507 -0.167051 0.000000 0.633563 0.362066 0.033987 -0.135530 0.000000 0.633563 0.363650 0.016440 -0.103440 0.000000 0.633957 0.365327 0.000000 -0.069813 0.000000 0.634473 0.366988 -0.016193 -0.049802 0.000000 
0.618701 0.363281 0.225834 -0.225834 0.000000 0.618086 0.360759 0.225834 -0.225834 0.000000 0.621703 0.358744 0.219979 -0.205563 0.000000 0.621186 0.357976 0.212908 -0.212908 0.000000 0.623794 0.357976 0.209953 -0.189566 0.000000 0.625664 0.358606 0.196554 -0.177408 0.000000 
0.618086 0.360759 0.225834 -0.225834 0.000000 0.621703 0.358744 0.219979 -0.205563 0.000000 0.621186 0.357976 0.212908 -0.212908 0.000000 0.623794 0.357976 0.209953 -0.189566 0.000000 0.625664 0.358606 0.196554 -0.177408 0.000000 0.626968 0.358606 0.191393 -0.155638 0.000000 
0.621703 0.358744 0.219979 -0.205563 0.000000 0.621186 0.357976 0.212908 -0.212908 0.000000 0.623794 0.357976 0.209953 -0.189566 0.000000 0.625664 0.358606 0.196554 -0.177408 0.000000 0.626968 0.358606 0.191393 -0.155638 0.000000 0.628051 0.359237 0.177529 -0.144280 0.000000 
0.621186 0.357976 0.212908 -0.212908 0.000000 0.623794 0.357976 0.209953 -0.189566 0.000000 0.625664 0.358606 0.196554 -0.177408 0.000000 0.626968 0.358606 0.191393 -0.155638 0.000000 0.628051 0.359237 0.177529 -0.144280 0.000000 0.629626 0.359806 0.156666 -0.141281 0.000000 
0.623794 0.357976 0.209953 -0.189566 0.000000 0.625664 0.358606 0.196554 -0.177408 0.000000 0.626968 0.358606 0.191393 -0.155638 0.000000 0.628051 0.359237 0.177529 -0.144280 0.000000 0.629626 0.359806 0.156666 -0.141281 0.000000 0.631496 0.359806 0.145662 -0.126840 0.000000 
0.625664 0.358606 0.196554 -0.177408 0.000000 0.626968 0.358606 0.191393 -0.155638 0.000000 0.628051 0.359237 0.177529 -0.144280 0.000000 0.629626 0.359806 0.156666 -0.141281 0.000000 0.631496 0.359806 0.145662 -0.126840 0.000000 0.633883 0.359329 0.145662 -0.126840 0.000000 
0.626968 0.358606 0.191393 -0.155638 0.000000 0.628051 0.359237 0.177529 -0.144280 0.000000 0.629626 0.359806 0.156666 -0.141281 0.000000 0.631496 0.359806 0.145662 -0.126840 0.000000 0.633883 0.359329 0.145662 -0.126840 0.000000 0.636737 0.358437 0.145662 -0.126840 0.000000 
0.628051 0.359237 0.177529 -0.144280 0.000000 0.629626 0.359806 0.156666 -0.141281 0.000000 0.631496 0.359806 0.145662 -0.126840 0.000000 0.633883 0.359329 0.145662 -0.126840 0.000000 0.636737 0.358437 0.145662 -0.126840 0.000000 0.640256 0.357253 0.145662 -0.126840 0.000000 
0.629626 0.359806 0.156666 -0.141281 0.000000 0.631496 0.359806 0.145662 -0.126840 0.000000 0.633883 0.359329 0.145662 -0.126840 0.000000 0.636737 0.358437 0.145662 -0.126840 0.000000 0.640256 0.357253 0.145662 -0.126840 0.000000 0.644882 0.355761 0.136592 -0.136592 0.000000 
0.631496 0.359806 0.145662 -0.126840 0.000000 0.633883 0.359329 0.145662 -0.126840 0.000000 0.636737 0.358437 0.145662 -0.126840 0.000000 0.640256 0.357253 0.145662 -0.126840 0.000000 0.644882 0.355761 0.136592 -0.136592 0.000000 0.650541 0.354023 0.156666 -0.141281 0.000000 
0.633883 0.359329 0.145662 -0.126840 0.000000 0.636737 0.358437 0.145662 -0.126840 0.000000 0.640256 0.357253 0.145662 -0.126840 0.000000 0.644882 0.355761 0.136592 -0.136592 0.000000 0.650541 0.354023 0.156666 -0.141281 0.000000 0.656791 0.352085 0.169914 -0.153269 0.000000 
0.636737 0.358437 0.145662 -0.126840 0.000000 0.640256 0.357253 0.145662 -0.126840 0.000000 0.644882 0.355761 0.136592 -0.136592 0.000000 0.650541 0.354023 0.156666 -0.141281 0.000000 0.656791 0.352085 0.169914 -0.153269 0.000000 0.663361 0.349902 0.174508 -0.174508 0.000000 
0.640256 0.357253 0.145662 -0.126840 0.000000 0.644882 0.355761 0.136592 -0.136592 0.000000 0.650541 0.354023 0.156666 -0.141281 0.000000 0.656791 0.352085 0.169914 -0.153269 0.000000 0.663361 0.349902 0.174508 -0.174508 0.000000 0.670325 0.347333 0.187249 -0.187249 0.000000 
0.644882 0.355761 0.136592 -0.136592 0.000000 0.650541 0.354023 0.156666 -0.141281 0.000000 0.656791 0.352085 0.169914 -0.153269 0.000000 0.663361 0.349902 0.174508 -0.174508 0.000000 0.670325 0.347333 0.187249 -0.187249 0.000000 0.677559 0.344119 0.225834 -0.225834 0.000000 
0.650541 0.354023 0.156666 -0.141281 0.000000 0.656791 0.352085 0.169914 -0.153269 0.000000 0.663361 0.349902 0.174508 -0.174508 0.000000 0.670325 0.347333 0.187249 -0.187249 0.000000 0.677559 0.344119 0.225834 -0.225834 0.000000 0.685556 0.340413 0.238829 -0.238829 0.000000 
0.656791 0.352085 0.169914 -0.153269 0.000000 0.663361 0.349902 0.174508 -0.174508 0.000000 0.670325 0.347333 0.187249 -0.187249 0.000000 0.677559 0.344119 0.225834 -0.225834 0.000000 0.685556 0.340413 0.238829 -0.238829 0.000000 0.694365 0.336553 0.265047 -0.265047 0.000000 
0.663361 0.349902 0.174508 -0.174508 0.000000 0.670325 0.347333 0.187249 -0.187249 0.000000 0.677559 0.344119 0.225834 -0.225834 0.000000 0.685556 0.340413 0.238829 -0.238829 0.000000 0.694365 0.336553 0.265047 -0.265047 0.000000 0.702977 0.332585 0.278277 -0.278277 0.000000 
0.670325 0.347333 0.187249 -0.187249 0.000000 0.677559 0.344119 0.225834 -0.225834 0.000000 0.685556 0.340413 0.238829 -0.238829 0.000000 0.694365 0.336553 0.265047 -0.265047 0.000000 0.702977 0.332585 0.278277 -0.278277 0.000000 0.711073 0.328525 0.278277 -0.278277 0.000000 
0.677559 0.344119 0.225834 -0.225834 0.000000 0.685556 0.340413 0.238829 -0.238829 0.000000 0.694365 0.336553 0.265047 -0.265047 0.000000 0.702977 0.332585 0.278277 -0.278277 0.000000 0.711073 0.328525 0.278277 -0.278277 0.000000 0.718922 0.324465 0.291593 -0.291593 0.000000 
0.685556 0.340413 0.238829 -0.238829 0.000000 0.694365 0.336553 0.265047 -0.265047 0.000000 0.702977 0.332585 0.278277 -0.278277 0.000000 0.711073 0.328525 0.278277 -0.278277 0.000000 0.718922 0.324465 0.291593 -0.291593 0.000000 0.726649 0.320497 0.291593 -0.291593 0.000000 
0.694365 0.336553 0.265047 -0.265047 0.000000 0.702977 0.332585 0.278277 -0.278277 0.000000 0.711073 0.328525 0.278277 -0.278277 0.000000 0.718922 0.324465 0.291593 -0.291593 0.000000 0.726649 0.320497 0.291593 -0.291593 0.000000 0.734203 0.316821 0.291593 -0.291593 0.000000 
0.702977 0.332585 0.278277 -0.278277 0.000000 0.711073 0.328525 0.278277 -0.278277 0.000000 0.718922 0.324465 0.291593 -0.291593 0.000000 0.726649 0.320497 0.291593 -0.291593 0.000000 0.734203 0.316821 0.291593 -0.291593 0.000000 0.741831 0.313684 0.291593 -0.291593 0.000000 
0.711073 0.328525 0.278277 -0.278277 0.000000 0.718922 0.324465 0.291593 -0.291593 0.000000 0.726649 0.320497 0.291593 -0.291593 0.000000 0.734203 0.316821 0.291593 -0.291593 0.000000 0.741831 0.313684 0.291593 -0.291593 0.000000 0.748843 0.311147 0.291593 -0.291593 0.000000 
0.768430 0.325464 0.177408 -0.196554 0.000000 0.765010 0.331385 0.161821 -0.161821 0.000000 0.760925 0.338875 0.126840 -0.145662 0.000000 0.756348 0.346995 0.103538 -0.118970 0.000000 0.751280 0.355576 0.086605 -0.086605 0.000000 0.745743 0.365419 0.052603 -0.069758 0.000000 
0.765010 0.331385 0.161821 -0.161821 0.000000 0.760925 0.338875 0.126840 -0.145662 0.000000 0.756348 0.346995 0.103538 -0.118970 0.000000 0.751280 0.355576 0.086605 -0.086605 0.000000 0.745743 0.365419 0.052603 -0.069758 0.000000 0.739641 0.375123 0.039083 -0.057907 0.000000 
0.760925 0.338875 0.126840 -0.145662 0.000000 0.756348 0.346995 0.103538 -0.118970 0.000000 0.751280 0.355576 0.086605 -0.086605 0.000000 0.745743 0.365419 0.052603 -0.069758 0.000000 0.739641 0.375123 0.039083 -0.057907 0.000000 0.733268 0.384412 0.015852 -0.031105 0.000000 
0.756348 0.346995 0.103538 -0.118970 0.000000 0.751280 0.355576 0.086605 -0.086605 0.000000 0.745743 0.365419 0.052603 -0.069758 0.000000 0.739641 0.375123 0.039083 -0.057907 0.000000 0.733268 0.384412 0.015852 -0.031105 0.000000 0.726846 0.393670 0.000000 -0.034907 0.000000 
