0.644119 0.400498 -0.035286 -0.592776 0.511241 0.643922 0.400206 -0.035286 -0.592776 0.520039 0.643775 0.399883 -0.035286 -0.592776 0.531769 0.643578 0.399560 -0.035286 -0.592776 0.541544 0.643356 0.399222 -0.047017 -0.592282 0.546432 0.643135 0.398883 -0.047017 -0.592282 0.548387 
0.643922 0.400206 -0.035286 -0.592776 0.520039 0.643775 0.399883 -0.035286 -0.592776 0.531769 0.643578 0.399560 -0.035286 -0.592776 0.541544 0.643356 0.399222 -0.047017 -0.592282 0.546432 0.643135 0.398883 -0.047017 -0.592282 0.548387 0.642913 0.398561 -0.047017 -0.592282 0.547410 
0.643775 0.399883 -0.035286 -0.592776 0.531769 0.643578 0.399560 -0.035286 -0.592776 0.541544 0.643356 0.399222 -0.047017 -0.592282 0.546432 0.643135 0.398883 -0.047017 -0.592282 0.548387 0.642913 0.398561 -0.047017 -0.592282 0.547410 0.642717 0.398222 -0.047017 -0.592282 0.548387 
0.643578 0.399560 -0.035286 -0.592776 0.541544 0.643356 0.399222 -0.047017 -0.592282 0.546432 0.643135 0.398883 -0.047017 -0.592282 0.548387 0.642913 0.398561 -0.047017 -0.592282 0.547410 0.642717 0.398222 -0.047017 -0.592282 0.548387 0.642520 0.397884 -0.047017 -0.592282 0.545455 
0.643356 0.399222 -0.047017 -0.592282 0.546432 0.643135 0.398883 -0.047017 -0.592282 0.548387 0.642913 0.398561 -0.047017 -0.592282 0.547410 0.642717 0.398222 -0.047017 -0.592282 0.548387 0.642520 0.397884 -0.047017 -0.592282 0.545455 0.642323 0.397576 -0.047017 -0.592282 0.544477 
0.643135 0.398883 -0.047017 -0.592282 0.548387 0.642913 0.398561 -0.047017 -0.592282 0.547410 0.642717 0.398222 -0.047017 -0.592282 0.548387 0.642520 0.397884 -0.047017 -0.592282 0.545455 0.642323 0.397576 -0.047017 -0.592282 0.544477 0.642126 0.397299 -0.047017 -0.592282 0.541544 
0.642913 0.398561 -0.047017 -0.592282 0.547410 0.642717 0.398222 -0.047017 -0.592282 0.548387 0.642520 0.397884 -0.047017 -0.592282 0.545455 0.642323 0.397576 -0.047017 -0.592282 0.544477 0.642126 0.397299 -0.047017 -0.592282 0.541544 0.641954 0.397053 -0.047017 -0.592282 0.539589 
0.642717 0.398222 -0.047017 -0.592282 0.548387 0.642520 0.397884 -0.047017 -0.592282 0.545455 0.642323 0.397576 -0.047017 -0.592282 0.544477 0.642126 0.397299 -0.047017 -0.592282 0.541544 0.641954 0.397053 -0.047017 -0.592282 0.539589 0.641806 0.396838 -0.047017 -0.592282 0.539589 
0.642520 0.397884 -0.047017 -0.592282 0.545455 0.642323 0.397576 -0.047017 -0.592282 0.544477 0.642126 0.397299 -0.047017 -0.592282 0.541544 0.641954 0.397053 -0.047017 -0.592282 0.539589 0.641806 0.396838 -0.047017 -0.592282 0.539589 0.641658 0.396669 -0.047017 -0.592282 0.537634 
0.642323 0.397576 -0.047017 -0.592282 0.544477 0.642126 0.397299 -0.047017 -0.592282 0.541544 0.641954 0.397053 -0.047017 -0.592282 0.539589 0.641806 0.396838 -0.047017 -0.592282 0.539589 0.641658 0.396669 -0.047017 -0.592282 0.537634 0.641560 0.396515 -0.047017 -0.592282 0.536657 
0.642126 0.397299 -0.047017 -0.592282 0.541544 0.641954 0.397053 -0.047017 -0.592282 0.539589 0.641806 0.396838 -0.047017 -0.592282 0.539589 0.641658 0.396669 -0.047017 -0.592282 0.537634 0.641560 0.396515 -0.047017 -0.592282 0.536657 0.641437 0.396392 -0.047017 -0.592282 0.534702 
0.641954 0.397053 -0.047017 -0.592282 0.539589 0.641806 0.396838 -0.047017 -0.592282 0.539589 0.641658 0.396669 -0.047017 -0.592282 0.537634 0.641560 0.396515 -0.047017 -0.592282 0.536657 0.641437 0.396392 -0.047017 -0.592282 0.534702 0.641363 0.396315 -0.047017 -0.592282 0.530792 
0.641806 0.396838 -0.047017 -0.592282 0.539589 0.641658 0.396669 -0.047017 -0.592282 0.537634 0.641560 0.396515 -0.047017 -0.592282 0.536657 0.641437 0.396392 -0.047017 -0.592282 0.534702 0.641363 0.396315 -0.047017 -0.592282 0.530792 0.641314 0.396254 -0.047017 -0.592282 0.527859 
0.641658 0.396669 -0.047017 -0.592282 0.537634 0.641560 0.396515 -0.047017 -0.592282 0.536657 0.641437 0.396392 -0.047017 -0.592282 0.534702 0.641363 0.396315 -0.047017 -0.592282 0.530792 0.641314 0.396254 -0.047017 -0.592282 0.527859 0.641289 0.396208 -0.047017 -0.592282 0.523949 
0.641560 0.396515 -0.047017 -0.592282 0.536657 0.641437 0.396392 -0.047017 -0.592282 0.534702 0.641363 0.396315 -0.047017 -0.592282 0.530792 0.641314 0.396254 -0.047017 -0.592282 0.527859 0.641289 0.396208 -0.047017 -0.592282 0.523949 0.641265 0.396177 -0.047017 -0.592282 0.519062 
0.641437 0.396392 -0.047017 -0.592282 0.534702 0.641363 0.396315 -0.047017 -0.592282 0.530792 0.641314 0.396254 -0.047017 -0.592282 0.527859 0.641289 0.396208 -0.047017 -0.592282 0.523949 0.641265 0.396177 -0.047017 -0.592282 0.519062 0.641216 0.396177 -0.047017 -0.592282 0.514174 
0.641363 0.396315 -0.047017 -0.592282 0.530792 0.641314 0.396254 -0.047017 -0.592282 0.527859 0.641289 0.396208 -0.047017 -0.592282 0.523949 0.641265 0.396177 -0.047017 -0.592282 0.519062 0.641216 0.396177 -0.047017 -0.592282 0.514174 0.641216 0.396161 -0.047017 -0.592282 0.508309 
0.641314 0.396254 -0.047017 -0.592282 0.527859 0.641289 0.396208 -0.047017 -0.592282 0.523949 0.641265 0.396177 -0.047017 -0.592282 0.519062 0.641216 0.396177 -0.047017 -0.592282 0.514174 0.641216 0.396161 -0.047017 -0.592282 0.508309 0.641216 0.396146 -0.035286 -0.592776 0.544477 
0.641289 0.396208 -0.047017 -0.592282 0.523949 0.641265 0.396177 -0.047017 -0.592282 0.519062 0.641216 0.396177 -0.047017 -0.592282 0.514174 0.641216 0.396161 -0.047017 -0.592282 0.508309 0.641216 0.396146 -0.035286 -0.592776 0.544477 0.641216 0.396131 -0.035286 -0.592776 0.514174 
0.641265 0.396177 -0.047017 -0.592282 0.519062 0.641216 0.396177 -0.047017 -0.592282 0.514174 0.641216 0.396161 -0.047017 -0.592282 0.508309 0.641216 0.396146 -0.035286 -0.592776 0.544477 0.641216 0.396131 -0.035286 -0.592776 0.514174 0.641191 0.396100 -0.035286 -0.592776 0.481916 
0.641216 0.396177 -0.047017 -0.592282 0.514174 0.641216 0.396161 -0.047017 -0.592282 0.508309 0.641216 0.396146 -0.035286 -0.592776 0.544477 0.641216 0.396131 -0.035286 -0.592776 0.514174 0.641191 0.396100 -0.035286 -0.592776 0.481916 0.641068 0.396085 -0.035286 -0.592776 0.431085 
0.641216 0.396161 -0.047017 -0.592282 0.508309 0.641216 0.396146 -0.035286 -0.592776 0.544477 0.641216 0.396131 -0.035286 -0.592776 0.514174 0.641191 0.396100 -0.035286 -0.592776 0.481916 0.641068 0.396085 -0.035286 -0.592776 0.431085 0.640945 0.396038 -0.035286 -0.592776 0.366569 
0.641216 0.396146 -0.035286 -0.592776 0.544477 0.641216 0.396131 -0.035286 -0.592776 0.514174 0.641191 0.396100 -0.035286 -0.592776 0.481916 0.641068 0.396085 -0.035286 -0.592776 0.431085 0.640945 0.396038 -0.035286 -0.592776 0.366569 0.640748 0.395977 -0.035286 -0.592776 0.288368 
0.641216 0.396131 -0.035286 -0.592776 0.514174 0.641191 0.396100 -0.035286 -0.592776 0.481916 0.641068 0.396085 -0.035286 -0.592776 0.431085 0.640945 0.396038 -0.035286 -0.592776 0.366569 0.640748 0.395977 -0.035286 -0.592776 0.288368 0.640477 0.395915 -0.035286 -0.592776 0.209189 
0.641191 0.396100 -0.035286 -0.592776 0.481916 0.641068 0.396085 -0.035286 -0.592776 0.431085 0.640945 0.396038 -0.035286 -0.592776 0.366569 0.640748 0.395977 -0.035286 -0.592776 0.288368 0.640477 0.395915 -0.035286 -0.592776 0.209189 0.640182 0.395823 -0.035286 -0.592776 0.137830 
0.641068 0.396085 -0.035286 -0.592776 0.431085 0.640945 0.396038 -0.035286 -0.592776 0.366569 0.640748 0.395977 -0.035286 -0.592776 0.288368 0.640477 0.395915 -0.035286 -0.592776 0.209189 0.640182 0.395823 -0.035286 -0.592776 0.137830 0.639813 0.395746 -0.035286 -0.592776 0.072336 
0.640945 0.396038 -0.035286 -0.592776 0.366569 0.640748 0.395977 -0.035286 -0.592776 0.288368 0.640477 0.395915 -0.035286 -0.592776 0.209189 0.640182 0.395823 -0.035286 -0.592776 0.137830 0.639813 0.395746 -0.035286 -0.592776 0.072336 0.639075 0.395608 -0.035286 -0.592776 0.000000 
0.640748 0.395977 -0.035286 -0.592776 0.288368 0.640477 0.395915 -0.035286 -0.592776 0.209189 0.640182 0.395823 -0.035286 -0.592776 0.137830 0.639813 0.395746 -0.035286 -0.592776 0.072336 0.639075 0.395608 -0.035286 -0.592776 0.000000 0.638730 0.395531 -0.035286 -0.592776 0.000000 
0.640477 0.395915 -0.035286 -0.592776 0.209189 0.640182 0.395823 -0.035286 -0.592776 0.137830 0.639813 0.395746 -0.035286 -0.592776 0.072336 0.639075 0.395608 -0.035286 -0.592776 0.000000 0.638730 0.395531 -0.035286 -0.592776 0.000000 0.638435 0.395485 -0.035286 -0.592776 0.000000 
0.640182 0.395823 -0.035286 -0.592776 0.137830 0.639813 0.395746 -0.035286 -0.592776 0.072336 0.639075 0.395608 -0.035286 -0.592776 0.000000 0.638730 0.395531 -0.035286 -0.592776 0.000000 0.638435 0.395485 -0.035286 -0.592776 0.000000 0.638164 0.395439 -0.035286 -0.592776 0.000000 
0.639813 0.395746 -0.035286 -0.592776 0.072336 0.639075 0.395608 -0.035286 -0.592776 0.000000 0.638730 0.395531 -0.035286 -0.592776 0.000000 0.638435 0.395485 -0.035286 -0.592776 0.000000 0.638164 0.395439 -0.035286 -0.592776 0.000000 0.638091 0.395439 -0.035286 -0.592776 0.000000 
0.639075 0.395608 -0.035286 -0.592776 0.000000 0.638730 0.395531 -0.035286 -0.592776 0.000000 0.638435 0.395485 -0.035286 -0.592776 0.000000 0.638164 0.395439 -0.035286 -0.592776 0.000000 0.638091 0.395439 -0.035286 -0.592776 0.000000 0.638017 0.395439 -0.036630 -0.610221 0.000000 
0.638730 0.395531 -0.035286 -0.592776 0.000000 0.638435 0.395485 -0.035286 -0.592776 0.000000 0.638164 0.395439 -0.035286 -0.592776 0.000000 0.638091 0.395439 -0.035286 -0.592776 0.000000 0.638017 0.395439 -0.036630 -0.610221 0.000000 0.637820 0.395439 -0.036630 -0.610221 0.000000 
0.638435 0.395485 -0.035286 -0.592776 0.000000 0.638164 0.395439 -0.035286 -0.592776 0.000000 0.638091 0.395439 -0.035286 -0.592776 0.000000 0.638017 0.395439 -0.036630 -0.610221 0.000000 0.637820 0.395439 -0.036630 -0.610221 0.000000 0.637574 0.395439 -0.038006 -0.627667 0.000000 
0.638164 0.395439 -0.035286 -0.592776 0.000000 0.638091 0.395439 -0.035286 -0.592776 0.000000 0.638017 0.395439 -0.036630 -0.610221 0.000000 0.637820 0.395439 -0.036630 -0.610221 0.000000 0.637574 0.395439 -0.038006 -0.627667 0.000000 0.637451 0.395439 -0.038006 -0.627667 0.000000 
0.638091 0.395439 -0.035286 -0.592776 0.000000 0.638017 0.395439 -0.036630 -0.610221 0.000000 0.637820 0.395439 -0.036630 -0.610221 0.000000 0.637574 0.395439 -0.038006 -0.627667 0.000000 0.637451 0.395439 -0.038006 -0.627667 0.000000 0.637106 0.395577 -0.039418 -0.645113 0.000000 
0.638017 0.395439 -0.036630 -0.610221 0.000000 0.637820 0.395439 -0.036630 -0.610221 0.000000 0.637574 0.395439 -0.038006 -0.627667 0.000000 0.637451 0.395439 -0.038006 -0.627667 0.000000 0.637106 0.395577 -0.039418 -0.645113 0.000000 0.636688 0.395823 -0.040867 -0.662560 0.000000 
0.637820 0.395439 -0.036630 -0.610221 0.000000 0.637574 0.395439 -0.038006 -0.627667 0.000000 0.637451 0.395439 -0.038006 -0.627667 0.000000 0.637106 0.395577 -0.039418 -0.645113 0.000000 0.636688 0.395823 -0.040867 -0.662560 0.000000 0.636590 0.396115 -0.040867 -0.662560 0.000000 
0.637574 0.395439 -0.038006 -0.627667 0.000000 0.637451 0.395439 -0.038006 -0.627667 0.000000 0.637106 0.395577 -0.039418 -0.645113 0.000000 0.636688 0.395823 -0.040867 -0.662560 0.000000 0.636590 0.396115 -0.040867 -0.662560 0.000000 0.635999 0.396438 -0.040867 -0.662560 0.000000 
0.637451 0.395439 -0.038006 -0.627667 0.000000 0.637106 0.395577 -0.039418 -0.645113 0.000000 0.636688 0.395823 -0.040867 -0.662560 0.000000 0.636590 0.396115 -0.040867 -0.662560 0.000000 0.635999 0.396438 -0.040867 -0.662560 0.000000 0.635261 0.396792 -0.028254 -0.680380 0.000000 
0.637106 0.395577 -0.039418 -0.645113 0.000000 0.636688 0.395823 -0.040867 -0.662560 0.000000 0.636590 0.396115 -0.040867 -0.662560 0.000000 0.635999 0.396438 -0.040867 -0.662560 0.000000 0.635261 0.396792 -0.028254 -0.680380 0.000000 0.634621 0.397130 -0.054446 -0.662042 0.000000 
0.636688 0.395823 -0.040867 -0.662560 0.000000 0.636590 0.396115 -0.040867 -0.662560 0.000000 0.635999 0.396438 -0.040867 -0.662560 0.000000 0.635261 0.396792 -0.028254 -0.680380 0.000000 0.634621 0.397130 -0.054446 -0.662042 0.000000 0.633883 0.397130 -0.054446 -0.662042 0.000000 
0.636590 0.396115 -0.040867 -0.662560 0.000000 0.635999 0.396438 -0.040867 -0.662560 0.000000 0.635261 0.396792 -0.028254 -0.680380 0.000000 0.634621 0.397130 -0.054446 -0.662042 0.000000 0.633883 0.397130 -0.054446 -0.662042 0.000000 0.633096 0.397130 -0.054446 -0.662042 0.000000 
0.635999 0.396438 -0.040867 -0.662560 0.000000 0.635261 0.396792 -0.028254 -0.680380 0.000000 0.634621 0.397130 -0.054446 -0.662042 0.000000 0.633883 0.397130 -0.054446 -0.662042 0.000000 0.633096 0.397130 -0.054446 -0.662042 0.000000 0.632406 0.397130 -0.052517 -0.644600 0.000000 
0.635261 0.396792 -0.028254 -0.680380 0.000000 0.634621 0.397130 -0.054446 -0.662042 0.000000 0.633883 0.397130 -0.054446 -0.662042 0.000000 0.633096 0.397130 -0.054446 -0.662042 0.000000 0.632406 0.397130 -0.052517 -0.644600 0.000000 0.631693 0.397253 -0.050638 -0.627159 0.000000 
0.634621 0.397130 -0.054446 -0.662042 0.000000 0.633883 0.397130 -0.054446 -0.662042 0.000000 0.633096 0.397130 -0.054446 -0.662042 0.000000 0.632406 0.397130 -0.052517 -0.644600 0.000000 0.631693 0.397253 -0.050638 -0.627159 0.000000 0.631693 0.397515 -0.048805 -0.609720 0.000000 
0.633883 0.397130 -0.054446 -0.662042 0.000000 0.633096 0.397130 -0.054446 -0.662042 0.000000 0.632406 0.397130 -0.052517 -0.644600 0.000000 0.631693 0.397253 -0.050638 -0.627159 0.000000 0.631693 0.397515 -0.048805 -0.609720 0.000000 0.631693 0.397622 -0.047017 -0.592282 0.000000 
0.633096 0.397130 -0.054446 -0.662042 0.000000 0.632406 0.397130 -0.052517 -0.644600 0.000000 0.631693 0.397253 -0.050638 -0.627159 0.000000 0.631693 0.397515 -0.048805 -0.609720 0.000000 0.631693 0.397622 -0.047017 -0.592282 0.000000 0.631693 0.397530 -0.033974 -0.575332 0.000000 
0.632406 0.397130 -0.052517 -0.644600 0.000000 0.631693 0.397253 -0.050638 -0.627159 0.000000 0.631693 0.397515 -0.048805 -0.609720 0.000000 0.631693 0.397622 -0.047017 -0.592282 0.000000 0.631693 0.397530 -0.033974 -0.575332 0.000000 0.631152 0.396961 -0.033974 -0.575332 0.000000 
0.631693 0.397253 -0.050638 -0.627159 0.000000 0.631693 0.397515 -0.048805 -0.609720 0.000000 0.631693 0.397622 -0.047017 -0.592282 0.000000 0.631693 0.397530 -0.033974 -0.575332 0.000000 0.631152 0.396961 -0.033974 -0.575332 0.000000 0.631102 0.396469 -0.033974 -0.575332 0.000000 
0.631693 0.397515 -0.048805 -0.609720 0.000000 0.631693 0.397622 -0.047017 -0.592282 0.000000 0.631693 0.397530 -0.033974 -0.575332 0.000000 0.631152 0.396961 -0.033974 -0.575332 0.000000 0.631102 0.396469 -0.033974 -0.575332 0.000000 0.630561 0.395931 -0.033974 -0.575332 0.000000 
0.631693 0.397622 -0.047017 -0.592282 0.000000 0.631693 0.397530 -0.033974 -0.575332 0.000000 0.631152 0.396961 -0.033974 -0.575332 0.000000 0.631102 0.396469 -0.033974 -0.575332 0.000000 0.630561 0.395931 -0.033974 -0.575332 0.000000 0.630241 0.395346 -0.033974 -0.575332 0.000000 
0.631693 0.397530 -0.033974 -0.575332 0.000000 0.631152 0.396961 -0.033974 -0.575332 0.000000 0.631102 0.396469 -0.033974 -0.575332 0.000000 0.630561 0.395931 -0.033974 -0.575332 0.000000 0.630241 0.395346 -0.033974 -0.575332 0.000000 0.630217 0.394747 -0.035286 -0.592776 0.000000 
0.631152 0.396961 -0.033974 -0.575332 0.000000 0.631102 0.396469 -0.033974 -0.575332 0.000000 0.630561 0.395931 -0.033974 -0.575332 0.000000 0.630241 0.395346 -0.033974 -0.575332 0.000000 0.630217 0.394747 -0.035286 -0.592776 0.000000 0.630217 0.394162 -0.012220 -0.610794 0.000000 
0.631102 0.396469 -0.033974 -0.575332 0.000000 0.630561 0.395931 -0.033974 -0.575332 0.000000 0.630241 0.395346 -0.033974 -0.575332 0.000000 0.630217 0.394747 -0.035286 -0.592776 0.000000 0.630217 0.394162 -0.012220 -0.610794 0.000000 0.630635 0.393562 -0.012679 -0.628246 0.000000 
0.630561 0.395931 -0.033974 -0.575332 0.000000 0.630241 0.395346 -0.033974 -0.575332 0.000000 0.630217 0.394747 -0.035286 -0.592776 0.000000 0.630217 0.394162 -0.012220 -0.610794 0.000000 0.630635 0.393562 -0.012679 -0.628246 0.000000 0.631447 0.392947 -0.013151 -0.645699 0.000000 
0.630241 0.395346 -0.033974 -0.575332 0.000000 0.630217 0.394747 -0.035286 -0.592776 0.000000 0.630217 0.394162 -0.012220 -0.610794 0.000000 0.630635 0.393562 -0.012679 -0.628246 0.000000 0.631447 0.392947 -0.013151 -0.645699 0.000000 0.632480 0.392363 -0.013634 -0.663151 0.000000 
0.630217 0.394747 -0.035286 -0.592776 0.000000 0.630217 0.394162 -0.012220 -0.610794 0.000000 0.630635 0.393562 -0.012679 -0.628246 0.000000 0.631447 0.392947 -0.013151 -0.645699 0.000000 0.632480 0.392363 -0.013634 -0.663151 0.000000 0.633219 0.391809 -0.013634 -0.663151 0.000000 
0.630217 0.394162 -0.012220 -0.610794 0.000000 0.630635 0.393562 -0.012679 -0.628246 0.000000 0.631447 0.392947 -0.013151 -0.645699 0.000000 0.632480 0.392363 -0.013634 -0.663151 0.000000 0.633219 0.391809 -0.013634 -0.663151 0.000000 0.634006 0.391286 -0.014132 -0.680604 0.000000 
0.630635 0.393562 -0.012679 -0.628246 0.000000 0.631447 0.392947 -0.013151 -0.645699 0.000000 0.632480 0.392363 -0.013634 -0.663151 0.000000 0.633219 0.391809 -0.013634 -0.663151 0.000000 0.634006 0.391286 -0.014132 -0.680604 0.000000 0.634720 0.390840 -0.014132 -0.680604 0.000000 
0.631447 0.392947 -0.013151 -0.645699 0.000000 0.632480 0.392363 -0.013634 -0.663151 0.000000 0.633219 0.391809 -0.013634 -0.663151 0.000000 0.634006 0.391286 -0.014132 -0.680604 0.000000 0.634720 0.390840 -0.014132 -0.680604 0.000000 0.635433 0.390840 -0.014132 -0.680604 0.000000 
0.632480 0.392363 -0.013634 -0.663151 0.000000 0.633219 0.391809 -0.013634 -0.663151 0.000000 0.634006 0.391286 -0.014132 -0.680604 0.000000 0.634720 0.390840 -0.014132 -0.680604 0.000000 0.635433 0.390840 -0.014132 -0.680604 0.000000 0.636048 0.390840 -0.014132 -0.680604 0.000000 
0.633219 0.391809 -0.013634 -0.663151 0.000000 0.634006 0.391286 -0.014132 -0.680604 0.000000 0.634720 0.390840 -0.014132 -0.680604 0.000000 0.635433 0.390840 -0.014132 -0.680604 0.000000 0.636048 0.390840 -0.014132 -0.680604 0.000000 0.636048 0.390963 -0.014132 -0.680604 0.000000 
0.634006 0.391286 -0.014132 -0.680604 0.000000 0.634720 0.390840 -0.014132 -0.680604 0.000000 0.635433 0.390840 -0.014132 -0.680604 0.000000 0.636048 0.390840 -0.014132 -0.680604 0.000000 0.636048 0.390963 -0.014132 -0.680604 0.000000 0.636048 0.390794 -0.014132 -0.680604 0.000000 
0.634720 0.390840 -0.014132 -0.680604 0.000000 0.635433 0.390840 -0.014132 -0.680604 0.000000 0.636048 0.390840 -0.014132 -0.680604 0.000000 0.636048 0.390963 -0.014132 -0.680604 0.000000 0.636048 0.390794 -0.014132 -0.680604 0.000000 0.636048 0.390517 -0.013634 -0.663151 0.000000 
0.635433 0.390840 -0.014132 -0.680604 0.000000 0.636048 0.390840 -0.014132 -0.680604 0.000000 0.636048 0.390963 -0.014132 -0.680604 0.000000 0.636048 0.390794 -0.014132 -0.680604 0.000000 0.636048 0.390517 -0.013634 -0.663151 0.000000 0.635974 0.390502 -0.013151 -0.645699 0.000000 
0.636048 0.390840 -0.014132 -0.680604 0.000000 0.636048 0.390963 -0.014132 -0.680604 0.000000 0.636048 0.390794 -0.014132 -0.680604 0.000000 0.636048 0.390517 -0.013634 -0.663151 0.000000 0.635974 0.390502 -0.013151 -0.645699 0.000000 0.635974 0.390517 -0.013151 -0.645699 0.000000 
0.636048 0.390963 -0.014132 -0.680604 0.000000 0.636048 0.390794 -0.014132 -0.680604 0.000000 0.636048 0.390517 -0.013634 -0.663151 0.000000 0.635974 0.390502 -0.013151 -0.645699 0.000000 0.635974 0.390517 -0.013151 -0.645699 0.000000 0.636220 0.391286 -0.012220 -0.610794 0.000000 
0.636048 0.390794 -0.014132 -0.680604 0.000000 0.636048 0.390517 -0.013634 -0.663151 0.000000 0.635974 0.390502 -0.013151 -0.645699 0.000000 0.635974 0.390517 -0.013151 -0.645699 0.000000 0.636220 0.391286 -0.012220 -0.610794 0.000000 0.636688 0.392517 -0.011771 -0.593341 0.000000 
0.636048 0.390517 -0.013634 -0.663151 0.000000 0.635974 0.390502 -0.013151 -0.645699 0.000000 0.635974 0.390517 -0.013151 -0.645699 0.000000 0.636220 0.391286 -0.012220 -0.610794 0.000000 0.636688 0.392517 -0.011771 -0.593341 0.000000 0.636934 0.393716 -0.022660 -0.575680 0.000000 
0.635974 0.390502 -0.013151 -0.645699 0.000000 0.635974 0.390517 -0.013151 -0.645699 0.000000 0.636220 0.391286 -0.012220 -0.610794 0.000000 0.636688 0.392517 -0.011771 -0.593341 0.000000 0.636934 0.393716 -0.022660 -0.575680 0.000000 0.636934 0.395116 -0.020967 -0.540783 0.000000 
0.635974 0.390517 -0.013151 -0.645699 0.000000 0.636220 0.391286 -0.012220 -0.610794 0.000000 0.636688 0.392517 -0.011771 -0.593341 0.000000 0.636934 0.393716 -0.022660 -0.575680 0.000000 0.636934 0.395116 -0.020967 -0.540783 0.000000 0.636860 0.396730 -0.019343 -0.505887 0.000000 
0.636220 0.391286 -0.012220 -0.610794 0.000000 0.636688 0.392517 -0.011771 -0.593341 0.000000 0.636934 0.393716 -0.022660 -0.575680 0.000000 0.636934 0.395116 -0.020967 -0.540783 0.000000 0.636860 0.396730 -0.019343 -0.505887 0.000000 0.635999 0.398530 -0.017020 -0.453546 0.000000 
0.640502 0.399468 0.125500 -0.621056 0.173998 0.640994 0.399376 0.125500 -0.621056 0.183773 0.641462 0.399314 0.125500 -0.621056 0.200391 0.641855 0.399237 0.125500 -0.621056 0.210166 0.642224 0.399176 0.125500 -0.621056 0.207234 0.642569 0.399114 0.125500 -0.621056 0.204301 
0.640994 0.399376 0.125500 -0.621056 0.183773 0.641462 0.399314 0.125500 -0.621056 0.200391 0.641855 0.399237 0.125500 -0.621056 0.210166 0.642224 0.399176 0.125500 -0.621056 0.207234 0.642569 0.399114 0.125500 -0.621056 0.204301 0.642840 0.399083 0.125500 -0.621056 0.245357 
0.641462 0.399314 0.125500 -0.621056 0.200391 0.641855 0.399237 0.125500 -0.621056 0.210166 0.642224 0.399176 0.125500 -0.621056 0.207234 0.642569 0.399114 0.125500 -0.621056 0.204301 0.642840 0.399083 0.125500 -0.621056 0.245357 0.643036 0.399053 0.125500 -0.621056 0.274682 
0.641855 0.399237 0.125500 -0.621056 0.210166 0.642224 0.399176 0.125500 -0.621056 0.207234 0.642569 0.399114 0.125500 -0.621056 0.204301 0.642840 0.399083 0.125500 -0.621056 0.245357 0.643036 0.399053 0.125500 -0.621056 0.274682 0.643209 0.399053 0.125500 -0.621056 0.293255 
0.642224 0.399176 0.125500 -0.621056 0.207234 0.642569 0.399114 0.125500 -0.621056 0.204301 0.642840 0.399083 0.125500 -0.621056 0.245357 0.643036 0.399053 0.125500 -0.621056 0.274682 0.643209 0.399053 0.125500 -0.621056 0.293255 0.643307 0.399053 0.125500 -0.621056 0.311828 
0.642569 0.399114 0.125500 -0.621056 0.204301 0.642840 0.399083 0.125500 -0.621056 0.245357 0.643036 0.399053 0.125500 -0.621056 0.274682 0.643209 0.399053 0.125500 -0.621056 0.293255 0.643307 0.399053 0.125500 -0.621056 0.311828 0.643381 0.399053 0.125500 -0.621056 0.332356 
0.642840 0.399083 0.125500 -0.621056 0.245357 0.643036 0.399053 0.125500 -0.621056 0.274682 0.643209 0.399053 0.125500 -0.621056 0.293255 0.643307 0.399053 0.125500 -0.621056 0.311828 0.643381 0.399053 0.125500 -0.621056 0.332356 0.643430 0.399053 0.125500 -0.621056 0.349951 
0.643036 0.399053 0.125500 -0.621056 0.274682 0.643209 0.399053 0.125500 -0.621056 0.293255 0.643307 0.399053 0.125500 -0.621056 0.311828 0.643381 0.399053 0.125500 -0.621056 0.332356 0.643430 0.399053 0.125500 -0.621056 0.349951 0.643455 0.399053 0.125500 -0.621056 0.362659 
0.643209 0.399053 0.125500 -0.621056 0.293255 0.643307 0.399053 0.125500 -0.621056 0.311828 0.643381 0.399053 0.125500 -0.621056 0.332356 0.643430 0.399053 0.125500 -0.621056 0.349951 0.643455 0.399053 0.125500 -0.621056 0.362659 0.643479 0.399053 0.125500 -0.621056 0.371457 
0.643307 0.399053 0.125500 -0.621056 0.311828 0.643381 0.399053 0.125500 -0.621056 0.332356 0.643430 0.399053 0.125500 -0.621056 0.349951 0.643455 0.399053 0.125500 -0.621056 0.362659 0.643479 0.399053 0.125500 -0.621056 0.371457 0.643405 0.399053 0.125500 -0.621056 0.379277 
0.643381 0.399053 0.125500 -0.621056 0.332356 0.643430 0.399053 0.125500 -0.621056 0.349951 0.643455 0.399053 0.125500 -0.621056 0.362659 0.643479 0.399053 0.125500 -0.621056 0.371457 0.643405 0.399053 0.125500 -0.621056 0.379277 0.643184 0.399053 0.125500 -0.621056 0.376344 
0.643430 0.399053 0.125500 -0.621056 0.349951 0.643455 0.399053 0.125500 -0.621056 0.362659 0.643479 0.399053 0.125500 -0.621056 0.371457 0.643405 0.399053 0.125500 -0.621056 0.379277 0.643184 0.399053 0.125500 -0.621056 0.376344 0.642864 0.399053 0.125500 -0.621056 0.372434 
0.643455 0.399053 0.125500 -0.621056 0.362659 0.643479 0.399053 0.125500 -0.621056 0.371457 0.643405 0.399053 0.125500 -0.621056 0.379277 0.643184 0.399053 0.125500 -0.621056 0.376344 0.642864 0.399053 0.125500 -0.621056 0.372434 0.642470 0.399053 0.125500 -0.621056 0.370479 
0.643479 0.399053 0.125500 -0.621056 0.371457 0.643405 0.399053 0.125500 -0.621056 0.379277 0.643184 0.399053 0.125500 -0.621056 0.376344 0.642864 0.399053 0.125500 -0.621056 0.372434 0.642470 0.399053 0.125500 -0.621056 0.370479 0.641978 0.399053 0.125500 -0.621056 0.370479 
0.643405 0.399053 0.125500 -0.621056 0.379277 0.643184 0.399053 0.125500 -0.621056 0.376344 0.642864 0.399053 0.125500 -0.621056 0.372434 0.642470 0.399053 0.125500 -0.621056 0.370479 0.641978 0.399053 0.125500 -0.621056 0.370479 0.641363 0.399007 0.125500 -0.621056 0.374389 
0.643184 0.399053 0.125500 -0.621056 0.376344 0.642864 0.399053 0.125500 -0.621056 0.372434 0.642470 0.399053 0.125500 -0.621056 0.370479 0.641978 0.399053 0.125500 -0.621056 0.370479 0.641363 0.399007 0.125500 -0.621056 0.374389 0.640674 0.398945 0.125500 -0.621056 0.382209 
0.642864 0.399053 0.125500 -0.621056 0.372434 0.642470 0.399053 0.125500 -0.621056 0.370479 0.641978 0.399053 0.125500 -0.621056 0.370479 0.641363 0.399007 0.125500 -0.621056 0.374389 0.640674 0.398945 0.125500 -0.621056 0.382209 0.639862 0.398883 0.125500 -0.621056 0.389052 
0.642470 0.399053 0.125500 -0.621056 0.370479 0.641978 0.399053 0.125500 -0.621056 0.370479 0.641363 0.399007 0.125500 -0.621056 0.374389 0.640674 0.398945 0.125500 -0.621056 0.382209 0.639862 0.398883 0.125500 -0.621056 0.389052 0.638976 0.398837 0.125500 -0.621056 0.395894 
0.641978 0.399053 0.125500 -0.621056 0.370479 0.641363 0.399007 0.125500 -0.621056 0.374389 0.640674 0.398945 0.125500 -0.621056 0.382209 0.639862 0.398883 0.125500 -0.621056 0.389052 0.638976 0.398837 0.125500 -0.621056 0.395894 0.638017 0.398776 0.120996 -0.603691 0.410557 
0.641363 0.399007 0.125500 -0.621056 0.374389 0.640674 0.398945 0.125500 -0.621056 0.382209 0.639862 0.398883 0.125500 -0.621056 0.389052 0.638976 0.398837 0.125500 -0.621056 0.395894 0.638017 0.398776 0.120996 -0.603691 0.410557 0.636934 0.398730 0.120996 -0.603691 0.411535 
0.640674 0.398945 0.125500 -0.621056 0.382209 0.639862 0.398883 0.125500 -0.621056 0.389052 0.638976 0.398837 0.125500 -0.621056 0.395894 0.638017 0.398776 0.120996 -0.603691 0.410557 0.636934 0.398730 0.120996 -0.603691 0.411535 0.635778 0.398684 0.137753 -0.619526 0.423265 
0.639862 0.398883 0.125500 -0.621056 0.389052 0.638976 0.398837 0.125500 -0.621056 0.395894 0.638017 0.398776 0.120996 -0.603691 0.410557 0.636934 0.398730 0.120996 -0.603691 0.411535 0.635778 0.398684 0.137753 -0.619526 0.423265 0.634498 0.398653 0.137753 -0.619526 0.436950 
0.638976 0.398837 0.125500 -0.621056 0.395894 0.638017 0.398776 0.120996 -0.603691 0.410557 0.636934 0.398730 0.120996 -0.603691 0.411535 0.635778 0.398684 0.137753 -0.619526 0.423265 0.634498 0.398653 0.137753 -0.619526 0.436950 0.633120 0.398622 0.137753 -0.619526 0.452590 
0.638017 0.398776 0.120996 -0.603691 0.410557 0.636934 0.398730 0.120996 -0.603691 0.411535 0.635778 0.398684 0.137753 -0.619526 0.423265 0.634498 0.398653 0.137753 -0.619526 0.436950 0.633120 0.398622 0.137753 -0.619526 0.452590 0.631644 0.398622 0.137753 -0.619526 0.466276 
0.636934 0.398730 0.120996 -0.603691 0.411535 0.635778 0.398684 0.137753 -0.619526 0.423265 0.634498 0.398653 0.137753 -0.619526 0.436950 0.633120 0.398622 0.137753 -0.619526 0.452590 0.631644 0.398622 0.137753 -0.619526 0.466276 0.630143 0.398591 0.144566 -0.600524 0.472141 
0.635778 0.398684 0.137753 -0.619526 0.423265 0.634498 0.398653 0.137753 -0.619526 0.436950 0.633120 0.398622 0.137753 -0.619526 0.452590 0.631644 0.398622 0.137753 -0.619526 0.466276 0.630143 0.398591 0.144566 -0.600524 0.472141 0.628592 0.398561 0.144566 -0.600524 0.486804 
0.634498 0.398653 0.137753 -0.619526 0.436950 0.633120 0.398622 0.137753 -0.619526 0.452590 0.631644 0.398622 0.137753 -0.619526 0.466276 0.630143 0.398591 0.144566 -0.600524 0.472141 0.628592 0.398561 0.144566 -0.600524 0.486804 0.626993 0.398530 0.144566 -0.600524 0.503421 
0.633120 0.398622 0.137753 -0.619526 0.452590 0.631644 0.398622 0.137753 -0.619526 0.466276 0.630143 0.398591 0.144566 -0.600524 0.472141 0.628592 0.398561 0.144566 -0.600524 0.486804 0.626993 0.398530 0.144566 -0.600524 0.503421 0.625394 0.398499 0.144566 -0.600524 0.512219 
