0.626968 0.405404 -0.054407 -0.556793 0.528837 0.626968 0.403159 -0.054407 -0.556793 0.526882 0.626968 0.401990 -0.065224 -0.556040 0.515152 0.626870 0.400790 -0.065224 -0.556040 0.521017 0.626575 0.399591 -0.065224 -0.556040 0.515152 0.626329 0.398361 -0.065224 -0.556040 0.498534 
0.626968 0.403159 -0.054407 -0.556793 0.526882 0.626968 0.401990 -0.065224 -0.556040 0.515152 0.626870 0.400790 -0.065224 -0.556040 0.521017 0.626575 0.399591 -0.065224 -0.556040 0.515152 0.626329 0.398361 -0.065224 -0.556040 0.498534 0.626033 0.397146 -0.065224 -0.556040 0.495601 
0.626968 0.401990 -0.065224 -0.556040 0.515152 0.626870 0.400790 -0.065224 -0.556040 0.521017 0.626575 0.399591 -0.065224 -0.556040 0.515152 0.626329 0.398361 -0.065224 -0.556040 0.498534 0.626033 0.397146 -0.065224 -0.556040 0.495601 0.625763 0.395869 -0.086747 -0.554120 0.487781 
0.626870 0.400790 -0.065224 -0.556040 0.521017 0.626575 0.399591 -0.065224 -0.556040 0.515152 0.626329 0.398361 -0.065224 -0.556040 0.498534 0.626033 0.397146 -0.065224 -0.556040 0.495601 0.625763 0.395869 -0.086747 -0.554120 0.487781 0.625468 0.394562 -0.086747 -0.554120 0.484848 
0.626575 0.399591 -0.065224 -0.556040 0.515152 0.626329 0.398361 -0.065224 -0.556040 0.498534 0.626033 0.397146 -0.065224 -0.556040 0.495601 0.625763 0.395869 -0.086747 -0.554120 0.487781 0.625468 0.394562 -0.086747 -0.554120 0.484848 0.625197 0.393224 -0.086747 -0.554120 0.468231 
0.625000 0.382090 -0.108085 -0.551649 0.438905 0.625000 0.382274 -0.108085 -0.551649 0.438905 0.625000 0.382505 -0.108085 -0.551649 0.436950 0.625000 0.382797 -0.108085 -0.551649 0.438905 0.625025 0.383166 -0.108085 -0.551649 0.438905 0.625123 0.383643 -0.118670 -0.550206 0.434018 
0.625000 0.382274 -0.108085 -0.551649 0.438905 0.625000 0.382505 -0.108085 -0.551649 0.436950 0.625000 0.382797 -0.108085 -0.551649 0.438905 0.625025 0.383166 -0.108085 -0.551649 0.438905 0.625123 0.383643 -0.118670 -0.550206 0.434018 0.625197 0.384227 -0.123284 -0.567521 0.434018 
0.625000 0.382505 -0.108085 -0.551649 0.436950 0.625000 0.382797 -0.108085 -0.551649 0.438905 0.625025 0.383166 -0.108085 -0.551649 0.438905 0.625123 0.383643 -0.118670 -0.550206 0.434018 0.625197 0.384227 -0.123284 -0.567521 0.434018 0.625369 0.384919 -0.123284 -0.567521 0.437928 
0.625000 0.382797 -0.108085 -0.551649 0.438905 0.625025 0.383166 -0.108085 -0.551649 0.438905 0.625123 0.383643 -0.118670 -0.550206 0.434018 0.625197 0.384227 -0.123284 -0.567521 0.434018 0.625369 0.384919 -0.123284 -0.567521 0.437928 0.625517 0.385688 -0.101242 -0.570314 0.438905 
0.625025 0.383166 -0.108085 -0.551649 0.438905 0.625123 0.383643 -0.118670 -0.550206 0.434018 0.625197 0.384227 -0.123284 -0.567521 0.434018 0.625369 0.384919 -0.123284 -0.567521 0.437928 0.625517 0.385688 -0.101242 -0.570314 0.438905 0.625714 0.386550 -0.101242 -0.570314 0.434995 
0.625123 0.383643 -0.118670 -0.550206 0.434018 0.625197 0.384227 -0.123284 -0.567521 0.434018 0.625369 0.384919 -0.123284 -0.567521 0.437928 0.625517 0.385688 -0.101242 -0.570314 0.438905 0.625714 0.386550 -0.101242 -0.570314 0.434995 0.625910 0.387518 -0.101242 -0.570314 0.438905 
0.625197 0.384227 -0.123284 -0.567521 0.434018 0.625369 0.384919 -0.123284 -0.567521 0.437928 0.625517 0.385688 -0.101242 -0.570314 0.438905 0.625714 0.386550 -0.101242 -0.570314 0.434995 0.625910 0.387518 -0.101242 -0.570314 0.438905 0.626132 0.388610 -0.101242 -0.570314 0.438905 
0.625369 0.384919 -0.123284 -0.567521 0.437928 0.625517 0.385688 -0.101242 -0.570314 0.438905 0.625714 0.386550 -0.101242 -0.570314 0.434995 0.625910 0.387518 -0.101242 -0.570314 0.438905 0.626132 0.388610 -0.101242 -0.570314 0.438905 0.626329 0.389825 -0.101242 -0.570314 0.435973 
0.625517 0.385688 -0.101242 -0.570314 0.438905 0.625714 0.386550 -0.101242 -0.570314 0.434995 0.625910 0.387518 -0.101242 -0.570314 0.438905 0.626132 0.388610 -0.101242 -0.570314 0.438905 0.626329 0.389825 -0.101242 -0.570314 0.435973 0.626526 0.391040 -0.101242 -0.570314 0.440860 
0.625714 0.386550 -0.101242 -0.570314 0.434995 0.625910 0.387518 -0.101242 -0.570314 0.438905 0.626132 0.388610 -0.101242 -0.570314 0.438905 0.626329 0.389825 -0.101242 -0.570314 0.435973 0.626526 0.391040 -0.101242 -0.570314 0.440860 0.626722 0.392286 -0.101242 -0.570314 0.438905 
0.625910 0.387518 -0.101242 -0.570314 0.438905 0.626132 0.388610 -0.101242 -0.570314 0.438905 0.626329 0.389825 -0.101242 -0.570314 0.435973 0.626526 0.391040 -0.101242 -0.570314 0.440860 0.626722 0.392286 -0.101242 -0.570314 0.438905 0.626895 0.393593 -0.101242 -0.570314 0.436950 
0.626132 0.388610 -0.101242 -0.570314 0.438905 0.626329 0.389825 -0.101242 -0.570314 0.435973 0.626526 0.391040 -0.101242 -0.570314 0.440860 0.626722 0.392286 -0.101242 -0.570314 0.438905 0.626895 0.393593 -0.101242 -0.570314 0.436950 0.627092 0.394931 -0.101242 -0.570314 0.431085 
0.626329 0.389825 -0.101242 -0.570314 0.435973 0.626526 0.391040 -0.101242 -0.570314 0.440860 0.626722 0.392286 -0.101242 -0.570314 0.438905 0.626895 0.393593 -0.101242 -0.570314 0.436950 0.627092 0.394931 -0.101242 -0.570314 0.431085 0.627313 0.396331 -0.090135 -0.571501 0.447703 
0.626526 0.391040 -0.101242 -0.570314 0.440860 0.626722 0.392286 -0.101242 -0.570314 0.438905 0.626895 0.393593 -0.101242 -0.570314 0.436950 0.627092 0.394931 -0.101242 -0.570314 0.431085 0.627313 0.396331 -0.090135 -0.571501 0.447703 0.627510 0.397745 -0.090135 -0.571501 0.445748 
0.626722 0.392286 -0.101242 -0.570314 0.438905 0.626895 0.393593 -0.101242 -0.570314 0.436950 0.627092 0.394931 -0.101242 -0.570314 0.431085 0.627313 0.396331 -0.090135 -0.571501 0.447703 0.627510 0.397745 -0.090135 -0.571501 0.445748 0.627633 0.399160 -0.090135 -0.571501 0.447703 
0.623696 0.362466 -0.245466 -0.787778 0.127077 0.623819 0.362466 -0.245466 -0.787778 0.000000 0.624040 0.362497 -0.245466 -0.787778 0.000000 0.624852 0.363127 -0.270735 -0.802995 0.000000 0.624385 0.362789 -0.253834 -0.805251 0.000000 0.625443 0.363497 -0.270735 -0.802995 0.000000 
0.623819 0.362466 -0.245466 -0.787778 0.000000 0.624040 0.362497 -0.245466 -0.787778 0.000000 0.624852 0.363127 -0.270735 -0.802995 0.000000 0.624385 0.362789 -0.253834 -0.805251 0.000000 0.625443 0.363497 -0.270735 -0.802995 0.000000 0.626058 0.363912 -0.270735 -0.802995 0.000000 
0.624040 0.362497 -0.245466 -0.787778 0.000000 0.624852 0.363127 -0.270735 -0.802995 0.000000 0.624385 0.362789 -0.253834 -0.805251 0.000000 0.625443 0.363497 -0.270735 -0.802995 0.000000 0.626058 0.363912 -0.270735 -0.802995 0.000000 0.626845 0.364235 -0.261861 -0.785521 0.000000 
0.624852 0.363127 -0.270735 -0.802995 0.000000 0.624385 0.362789 -0.253834 -0.805251 0.000000 0.625443 0.363497 -0.270735 -0.802995 0.000000 0.626058 0.363912 -0.270735 -0.802995 0.000000 0.626845 0.364235 -0.261861 -0.785521 0.000000 0.627559 0.364619 -0.260148 -0.748221 0.000000 
0.624385 0.362789 -0.253834 -0.805251 0.000000 0.625443 0.363497 -0.270735 -0.802995 0.000000 0.626058 0.363912 -0.270735 -0.802995 0.000000 0.626845 0.364235 -0.261861 -0.785521 0.000000 0.627559 0.364619 -0.260148 -0.748221 0.000000 0.627559 0.365142 -0.248885 -0.693539 0.000000 
0.625443 0.363497 -0.270735 -0.802995 0.000000 0.626058 0.363912 -0.270735 -0.802995 0.000000 0.626845 0.364235 -0.261861 -0.785521 0.000000 0.627559 0.364619 -0.260148 -0.748221 0.000000 0.627559 0.365142 -0.248885 -0.693539 0.000000 0.627559 0.365788 -0.236897 -0.639036 0.000000 
0.626058 0.363912 -0.270735 -0.802995 0.000000 0.626845 0.364235 -0.261861 -0.785521 0.000000 0.627559 0.364619 -0.260148 -0.748221 0.000000 0.627559 0.365142 -0.248885 -0.693539 0.000000 0.627559 0.365788 -0.236897 -0.639036 0.000000 0.628002 0.366649 -0.235058 -0.581965 0.000000 
