0.635605 0.408111 0.016273 -0.750416 1.000000 0.635507 0.406204 0.016273 -0.750416 1.000000 0.635359 0.404266 0.016273 -0.750416 1.000000 0.635187 0.402313 0.015713 -0.732963 1.000000 0.635039 0.400467 0.015713 -0.732963 1.000000 0.634892 0.398730 0.000000 -0.733038 1.000000 
0.635507 0.406204 0.016273 -0.750416 1.000000 0.635359 0.404266 0.016273 -0.750416 1.000000 0.635187 0.402313 0.015713 -0.732963 1.000000 0.635039 0.400467 0.015713 -0.732963 1.000000 0.634892 0.398730 0.000000 -0.733038 1.000000 0.634695 0.397023 0.000000 -0.733038 1.000000 
0.635359 0.404266 0.016273 -0.750416 1.000000 0.635187 0.402313 0.015713 -0.732963 1.000000 0.635039 0.400467 0.015713 -0.732963 1.000000 0.634892 0.398730 0.000000 -0.733038 1.000000 0.634695 0.397023 0.000000 -0.733038 1.000000 0.634498 0.395392 0.000000 -0.733038 1.000000 
0.635187 0.402313 0.015713 -0.732963 1.000000 0.635039 0.400467 0.015713 -0.732963 1.000000 0.634892 0.398730 0.000000 -0.733038 1.000000 0.634695 0.397023 0.000000 -0.733038 1.000000 0.634498 0.395392 0.000000 -0.733038 1.000000 0.633637 0.390302 0.000000 -0.733038 1.000000 
0.635039 0.400467 0.015713 -0.732963 1.000000 0.634892 0.398730 0.000000 -0.733038 1.000000 0.634695 0.397023 0.000000 -0.733038 1.000000 0.634498 0.395392 0.000000 -0.733038 1.000000 0.633637 0.390302 0.000000 -0.733038 1.000000 0.634301 0.393931 0.000000 -0.733038 1.000000 
0.634892 0.398730 0.000000 -0.733038 1.000000 0.634695 0.397023 0.000000 -0.733038 1.000000 0.634498 0.395392 0.000000 -0.733038 1.000000 0.633637 0.390302 0.000000 -0.733038 1.000000 0.634301 0.393931 0.000000 -0.733038 1.000000 0.634055 0.392532 0.000000 -0.733038 1.000000 
0.634695 0.397023 0.000000 -0.733038 1.000000 0.634498 0.395392 0.000000 -0.733038 1.000000 0.633637 0.390302 0.000000 -0.733038 1.000000 0.634301 0.393931 0.000000 -0.733038 1.000000 0.634055 0.392532 0.000000 -0.733038 1.000000 0.633883 0.391317 0.000000 -0.733038 1.000000 
0.634498 0.395392 0.000000 -0.733038 1.000000 0.633637 0.390302 0.000000 -0.733038 1.000000 0.634301 0.393931 0.000000 -0.733038 1.000000 0.634055 0.392532 0.000000 -0.733038 1.000000 0.633883 0.391317 0.000000 -0.733038 1.000000 0.633415 0.389410 0.000000 -0.733038 1.000000 
0.633637 0.390302 0.000000 -0.733038 1.000000 0.634301 0.393931 0.000000 -0.733038 1.000000 0.634055 0.392532 0.000000 -0.733038 1.000000 0.633883 0.391317 0.000000 -0.733038 1.000000 0.633415 0.389410 0.000000 -0.733038 1.000000 0.633022 0.387549 -0.015713 -0.732963 1.000000 
0.634301 0.393931 0.000000 -0.733038 1.000000 0.634055 0.392532 0.000000 -0.733038 1.000000 0.633883 0.391317 0.000000 -0.733038 1.000000 0.633415 0.389410 0.000000 -0.733038 1.000000 0.633022 0.387549 -0.015713 -0.732963 1.000000 0.633169 0.388457 -0.015713 -0.732963 1.000000 
0.634055 0.392532 0.000000 -0.733038 1.000000 0.633883 0.391317 0.000000 -0.733038 1.000000 0.633415 0.389410 0.000000 -0.733038 1.000000 0.633022 0.387549 -0.015713 -0.732963 1.000000 0.633169 0.388457 -0.015713 -0.732963 1.000000 0.632874 0.386780 -0.015713 -0.732963 1.000000 
0.633883 0.391317 0.000000 -0.733038 1.000000 0.633415 0.389410 0.000000 -0.733038 1.000000 0.633022 0.387549 -0.015713 -0.732963 1.000000 0.633169 0.388457 -0.015713 -0.732963 1.000000 0.632874 0.386780 -0.015713 -0.732963 1.000000 0.632726 0.386150 -0.015713 -0.732963 1.000000 
0.633415 0.389410 0.000000 -0.733038 1.000000 0.633022 0.387549 -0.015713 -0.732963 1.000000 0.633169 0.388457 -0.015713 -0.732963 1.000000 0.632874 0.386780 -0.015713 -0.732963 1.000000 0.632726 0.386150 -0.015713 -0.732963 1.000000 0.632603 0.385504 -0.015713 -0.732963 1.000000 
0.633022 0.387549 -0.015713 -0.732963 1.000000 0.633169 0.388457 -0.015713 -0.732963 1.000000 0.632874 0.386780 -0.015713 -0.732963 1.000000 0.632726 0.386150 -0.015713 -0.732963 1.000000 0.632603 0.385504 -0.015713 -0.732963 1.000000 0.632456 0.384842 -0.015713 -0.732963 1.000000 
0.633169 0.388457 -0.015713 -0.732963 1.000000 0.632874 0.386780 -0.015713 -0.732963 1.000000 0.632726 0.386150 -0.015713 -0.732963 1.000000 0.632603 0.385504 -0.015713 -0.732963 1.000000 0.632456 0.384842 -0.015713 -0.732963 1.000000 0.632333 0.384166 -0.015713 -0.732963 1.000000 
0.632874 0.386780 -0.015713 -0.732963 1.000000 0.632726 0.386150 -0.015713 -0.732963 1.000000 0.632603 0.385504 -0.015713 -0.732963 1.000000 0.632456 0.384842 -0.015713 -0.732963 1.000000 0.632333 0.384166 -0.015713 -0.732963 1.000000 0.632210 0.383505 -0.015713 -0.732963 1.000000 
0.632726 0.386150 -0.015713 -0.732963 1.000000 0.632603 0.385504 -0.015713 -0.732963 1.000000 0.632456 0.384842 -0.015713 -0.732963 1.000000 0.632333 0.384166 -0.015713 -0.732963 1.000000 0.632210 0.383505 -0.015713 -0.732963 1.000000 0.632136 0.382966 -0.015713 -0.732963 1.000000 
0.632603 0.385504 -0.015713 -0.732963 1.000000 0.632456 0.384842 -0.015713 -0.732963 1.000000 0.632333 0.384166 -0.015713 -0.732963 1.000000 0.632210 0.383505 -0.015713 -0.732963 1.000000 0.632136 0.382966 -0.015713 -0.732963 1.000000 0.632013 0.382582 -0.015713 -0.732963 1.000000 
0.632456 0.384842 -0.015713 -0.732963 1.000000 0.632333 0.384166 -0.015713 -0.732963 1.000000 0.632210 0.383505 -0.015713 -0.732963 1.000000 0.632136 0.382966 -0.015713 -0.732963 1.000000 0.632013 0.382582 -0.015713 -0.732963 1.000000 0.631914 0.382243 -0.015713 -0.732963 1.000000 
0.632333 0.384166 -0.015713 -0.732963 1.000000 0.632210 0.383505 -0.015713 -0.732963 1.000000 0.632136 0.382966 -0.015713 -0.732963 1.000000 0.632013 0.382582 -0.015713 -0.732963 1.000000 0.631914 0.382243 -0.015713 -0.732963 1.000000 0.631841 0.381951 -0.015170 -0.715510 1.000000 
0.632210 0.383505 -0.015713 -0.732963 1.000000 0.632136 0.382966 -0.015713 -0.732963 1.000000 0.632013 0.382582 -0.015713 -0.732963 1.000000 0.631914 0.382243 -0.015713 -0.732963 1.000000 0.631841 0.381951 -0.015170 -0.715510 1.000000 0.631816 0.381736 -0.015170 -0.715510 1.000000 
0.632136 0.382966 -0.015713 -0.732963 1.000000 0.632013 0.382582 -0.015713 -0.732963 1.000000 0.631914 0.382243 -0.015713 -0.732963 1.000000 0.631841 0.381951 -0.015170 -0.715510 1.000000 0.631816 0.381736 -0.015170 -0.715510 1.000000 0.631767 0.381628 -0.015170 -0.715510 1.000000 
0.632013 0.382582 -0.015713 -0.732963 1.000000 0.631914 0.382243 -0.015713 -0.732963 1.000000 0.631841 0.381951 -0.015170 -0.715510 1.000000 0.631816 0.381736 -0.015170 -0.715510 1.000000 0.631767 0.381628 -0.015170 -0.715510 1.000000 0.631742 0.381567 -0.015170 -0.715510 1.000000 
0.631914 0.382243 -0.015713 -0.732963 1.000000 0.631841 0.381951 -0.015170 -0.715510 1.000000 0.631816 0.381736 -0.015170 -0.715510 1.000000 0.631767 0.381628 -0.015170 -0.715510 1.000000 0.631742 0.381567 -0.015170 -0.715510 1.000000 0.631718 0.381551 -0.015170 -0.715510 1.000000 
0.631841 0.381951 -0.015170 -0.715510 1.000000 0.631816 0.381736 -0.015170 -0.715510 1.000000 0.631767 0.381628 -0.015170 -0.715510 1.000000 0.631742 0.381567 -0.015170 -0.715510 1.000000 0.631718 0.381551 -0.015170 -0.715510 1.000000 0.631693 0.381551 -0.015170 -0.715510 1.000000 
0.631816 0.381736 -0.015170 -0.715510 1.000000 0.631767 0.381628 -0.015170 -0.715510 1.000000 0.631742 0.381567 -0.015170 -0.715510 1.000000 0.631718 0.381551 -0.015170 -0.715510 1.000000 0.631693 0.381551 -0.015170 -0.715510 1.000000 0.631693 0.381536 -0.015170 -0.715510 1.000000 
0.631767 0.381628 -0.015170 -0.715510 1.000000 0.631742 0.381567 -0.015170 -0.715510 1.000000 0.631718 0.381551 -0.015170 -0.715510 1.000000 0.631693 0.381551 -0.015170 -0.715510 1.000000 0.631693 0.381536 -0.015170 -0.715510 1.000000 0.631693 0.381521 0.000000 -0.715585 1.000000 
0.631742 0.381567 -0.015170 -0.715510 1.000000 0.631718 0.381551 -0.015170 -0.715510 1.000000 0.631693 0.381551 -0.015170 -0.715510 1.000000 0.631693 0.381536 -0.015170 -0.715510 1.000000 0.631693 0.381521 0.000000 -0.715585 1.000000 0.631668 0.381521 0.000000 -0.715585 1.000000 
0.631718 0.381551 -0.015170 -0.715510 1.000000 0.631693 0.381551 -0.015170 -0.715510 1.000000 0.631693 0.381536 -0.015170 -0.715510 1.000000 0.631693 0.381521 0.000000 -0.715585 1.000000 0.631668 0.381521 0.000000 -0.715585 1.000000 0.631668 0.381505 0.000000 -0.715585 1.000000 
0.631693 0.381551 -0.015170 -0.715510 1.000000 0.631693 0.381536 -0.015170 -0.715510 1.000000 0.631693 0.381521 0.000000 -0.715585 1.000000 0.631668 0.381521 0.000000 -0.715585 1.000000 0.631668 0.381505 0.000000 -0.715585 1.000000 0.631668 0.381475 0.000000 -0.715585 1.000000 
0.631693 0.381536 -0.015170 -0.715510 1.000000 0.631693 0.381521 0.000000 -0.715585 1.000000 0.631668 0.381521 0.000000 -0.715585 1.000000 0.631668 0.381505 0.000000 -0.715585 1.000000 0.631668 0.381475 0.000000 -0.715585 1.000000 0.631668 0.381459 0.000000 -0.715585 1.000000 
0.631693 0.381521 0.000000 -0.715585 1.000000 0.631668 0.381521 0.000000 -0.715585 1.000000 0.631668 0.381505 0.000000 -0.715585 1.000000 0.631668 0.381475 0.000000 -0.715585 1.000000 0.631668 0.381459 0.000000 -0.715585 1.000000 0.631668 0.381444 0.000000 -0.715585 1.000000 
0.631668 0.381521 0.000000 -0.715585 1.000000 0.631668 0.381505 0.000000 -0.715585 1.000000 0.631668 0.381475 0.000000 -0.715585 1.000000 0.631668 0.381459 0.000000 -0.715585 1.000000 0.631668 0.381444 0.000000 -0.715585 1.000000 0.631668 0.381413 0.000000 -0.715585 1.000000 
0.631668 0.381505 0.000000 -0.715585 1.000000 0.631668 0.381475 0.000000 -0.715585 1.000000 0.631668 0.381459 0.000000 -0.715585 1.000000 0.631668 0.381444 0.000000 -0.715585 1.000000 0.631668 0.381413 0.000000 -0.715585 1.000000 0.631668 0.381428 0.000000 -0.715585 1.000000 
0.631668 0.381475 0.000000 -0.715585 1.000000 0.631668 0.381459 0.000000 -0.715585 1.000000 0.631668 0.381444 0.000000 -0.715585 1.000000 0.631668 0.381413 0.000000 -0.715585 1.000000 0.631668 0.381428 0.000000 -0.715585 1.000000 0.631668 0.381398 0.000000 -0.698132 1.000000 
0.631668 0.381459 0.000000 -0.715585 1.000000 0.631668 0.381444 0.000000 -0.715585 1.000000 0.631668 0.381413 0.000000 -0.715585 1.000000 0.631668 0.381428 0.000000 -0.715585 1.000000 0.631668 0.381398 0.000000 -0.698132 1.000000 0.631644 0.381398 0.000000 -0.698132 1.000000 
0.631668 0.381444 0.000000 -0.715585 1.000000 0.631668 0.381413 0.000000 -0.715585 1.000000 0.631668 0.381428 0.000000 -0.715585 1.000000 0.631668 0.381398 0.000000 -0.698132 1.000000 0.631644 0.381398 0.000000 -0.698132 1.000000 0.631594 0.381382 0.000000 -0.698132 1.000000 
0.631668 0.381413 0.000000 -0.715585 1.000000 0.631668 0.381428 0.000000 -0.715585 1.000000 0.631668 0.381398 0.000000 -0.698132 1.000000 0.631644 0.381398 0.000000 -0.698132 1.000000 0.631594 0.381382 0.000000 -0.698132 1.000000 0.631521 0.381367 0.014643 -0.698057 1.000000 
0.631668 0.381428 0.000000 -0.715585 1.000000 0.631668 0.381398 0.000000 -0.698132 1.000000 0.631644 0.381398 0.000000 -0.698132 1.000000 0.631594 0.381382 0.000000 -0.698132 1.000000 0.631521 0.381367 0.014643 -0.698057 1.000000 0.631422 0.381352 0.014643 -0.698057 1.000000 
0.631668 0.381398 0.000000 -0.698132 1.000000 0.631644 0.381398 0.000000 -0.698132 1.000000 0.631594 0.381382 0.000000 -0.698132 1.000000 0.631521 0.381367 0.014643 -0.698057 1.000000 0.631422 0.381352 0.014643 -0.698057 1.000000 0.631324 0.381336 0.014643 -0.698057 1.000000 
0.631644 0.381398 0.000000 -0.698132 1.000000 0.631594 0.381382 0.000000 -0.698132 1.000000 0.631521 0.381367 0.014643 -0.698057 1.000000 0.631422 0.381352 0.014643 -0.698057 1.000000 0.631324 0.381336 0.014643 -0.698057 1.000000 0.631152 0.381305 0.014643 -0.698057 1.000000 
0.631594 0.381382 0.000000 -0.698132 1.000000 0.631521 0.381367 0.014643 -0.698057 1.000000 0.631422 0.381352 0.014643 -0.698057 1.000000 0.631324 0.381336 0.014643 -0.698057 1.000000 0.631152 0.381305 0.014643 -0.698057 1.000000 0.630881 0.381259 0.014643 -0.698057 1.000000 
0.631521 0.381367 0.014643 -0.698057 1.000000 0.631422 0.381352 0.014643 -0.698057 1.000000 0.631324 0.381336 0.014643 -0.698057 1.000000 0.631152 0.381305 0.014643 -0.698057 1.000000 0.630881 0.381259 0.014643 -0.698057 1.000000 0.630512 0.381198 0.014643 -0.698057 1.000000 
0.631422 0.381352 0.014643 -0.698057 1.000000 0.631324 0.381336 0.014643 -0.698057 1.000000 0.631152 0.381305 0.014643 -0.698057 1.000000 0.630881 0.381259 0.014643 -0.698057 1.000000 0.630512 0.381198 0.014643 -0.698057 1.000000 0.629970 0.381090 0.014643 -0.698057 1.000000 
0.631324 0.381336 0.014643 -0.698057 1.000000 0.631152 0.381305 0.014643 -0.698057 1.000000 0.630881 0.381259 0.014643 -0.698057 1.000000 0.630512 0.381198 0.014643 -0.698057 1.000000 0.629970 0.381090 0.014643 -0.698057 1.000000 0.629405 0.380952 0.029276 -0.697832 1.000000 
0.631152 0.381305 0.014643 -0.698057 1.000000 0.630881 0.381259 0.014643 -0.698057 1.000000 0.630512 0.381198 0.014643 -0.698057 1.000000 0.629970 0.381090 0.014643 -0.698057 1.000000 0.629405 0.380952 0.029276 -0.697832 1.000000 0.628740 0.380813 0.029276 -0.697832 1.000000 
0.630881 0.381259 0.014643 -0.698057 1.000000 0.630512 0.381198 0.014643 -0.698057 1.000000 0.629970 0.381090 0.014643 -0.698057 1.000000 0.629405 0.380952 0.029276 -0.697832 1.000000 0.628740 0.380813 0.029276 -0.697832 1.000000 0.627977 0.380629 0.029276 -0.697832 1.000000 
0.630512 0.381198 0.014643 -0.698057 1.000000 0.629970 0.381090 0.014643 -0.698057 1.000000 0.629405 0.380952 0.029276 -0.697832 1.000000 0.628740 0.380813 0.029276 -0.697832 1.000000 0.627977 0.380629 0.029276 -0.697832 1.000000 0.627018 0.380429 0.029276 -0.697832 1.000000 
0.629970 0.381090 0.014643 -0.698057 1.000000 0.629405 0.380952 0.029276 -0.697832 1.000000 0.628740 0.380813 0.029276 -0.697832 1.000000 0.627977 0.380629 0.029276 -0.697832 1.000000 0.627018 0.380429 0.029276 -0.697832 1.000000 0.626009 0.380198 0.029276 -0.697832 1.000000 
0.613804 0.392963 0.375884 -0.659023 1.000000 0.615280 0.392040 0.375884 -0.659023 1.000000 0.618947 0.389687 0.388048 -0.676121 1.000000 0.617028 0.390917 0.375884 -0.659023 1.000000 0.621014 0.388395 0.364082 -0.663240 1.000000 0.626033 0.385304 0.364082 -0.663240 1.000000 
0.618947 0.389687 0.388048 -0.676121 1.000000 0.617028 0.390917 0.375884 -0.659023 1.000000 0.621014 0.388395 0.364082 -0.663240 1.000000 0.626033 0.385304 0.364082 -0.663240 1.000000 0.623474 0.386857 0.364082 -0.663240 1.000000 0.628617 0.383812 0.364082 -0.663240 1.000000 
0.617028 0.390917 0.375884 -0.659023 1.000000 0.621014 0.388395 0.364082 -0.663240 1.000000 0.626033 0.385304 0.364082 -0.663240 1.000000 0.623474 0.386857 0.364082 -0.663240 1.000000 0.628617 0.383812 0.364082 -0.663240 1.000000 0.631348 0.382274 0.364082 -0.663240 1.000000 
0.621014 0.388395 0.364082 -0.663240 1.000000 0.626033 0.385304 0.364082 -0.663240 1.000000 0.623474 0.386857 0.364082 -0.663240 1.000000 0.628617 0.383812 0.364082 -0.663240 1.000000 0.631348 0.382274 0.364082 -0.663240 1.000000 0.633981 0.380859 0.364082 -0.663240 1.000000 
0.626033 0.385304 0.364082 -0.663240 1.000000 0.623474 0.386857 0.364082 -0.663240 1.000000 0.628617 0.383812 0.364082 -0.663240 1.000000 0.631348 0.382274 0.364082 -0.663240 1.000000 0.633981 0.380859 0.364082 -0.663240 1.000000 0.636343 0.379614 0.364082 -0.663240 1.000000 
0.623474 0.386857 0.364082 -0.663240 1.000000 0.628617 0.383812 0.364082 -0.663240 1.000000 0.631348 0.382274 0.364082 -0.663240 1.000000 0.633981 0.380859 0.364082 -0.663240 1.000000 0.636343 0.379614 0.364082 -0.663240 1.000000 0.638509 0.378537 0.352070 -0.667283 1.000000 
0.628617 0.383812 0.364082 -0.663240 1.000000 0.631348 0.382274 0.364082 -0.663240 1.000000 0.633981 0.380859 0.364082 -0.663240 1.000000 0.636343 0.379614 0.364082 -0.663240 1.000000 0.638509 0.378537 0.352070 -0.667283 1.000000 0.640404 0.377599 0.352070 -0.667283 1.000000 
0.631348 0.382274 0.364082 -0.663240 1.000000 0.633981 0.380859 0.364082 -0.663240 1.000000 0.636343 0.379614 0.364082 -0.663240 1.000000 0.638509 0.378537 0.352070 -0.667283 1.000000 0.640404 0.377599 0.352070 -0.667283 1.000000 0.641782 0.376953 0.352070 -0.667283 1.000000 
0.633981 0.380859 0.364082 -0.663240 1.000000 0.636343 0.379614 0.364082 -0.663240 1.000000 0.638509 0.378537 0.352070 -0.667283 1.000000 0.640404 0.377599 0.352070 -0.667283 1.000000 0.641782 0.376953 0.352070 -0.667283 1.000000 0.642913 0.376415 0.352070 -0.667283 1.000000 
0.636343 0.379614 0.364082 -0.663240 1.000000 0.638509 0.378537 0.352070 -0.667283 1.000000 0.640404 0.377599 0.352070 -0.667283 1.000000 0.641782 0.376953 0.352070 -0.667283 1.000000 0.642913 0.376415 0.352070 -0.667283 1.000000 0.643848 0.375953 0.352070 -0.667283 1.000000 
0.638509 0.378537 0.352070 -0.667283 1.000000 0.640404 0.377599 0.352070 -0.667283 1.000000 0.641782 0.376953 0.352070 -0.667283 1.000000 0.642913 0.376415 0.352070 -0.667283 1.000000 0.643848 0.375953 0.352070 -0.667283 1.000000 0.644464 0.375615 0.351057 -0.688347 1.000000 
0.640404 0.377599 0.352070 -0.667283 1.000000 0.641782 0.376953 0.352070 -0.667283 1.000000 0.642913 0.376415 0.352070 -0.667283 1.000000 0.643848 0.375953 0.352070 -0.667283 1.000000 0.644464 0.375615 0.351057 -0.688347 1.000000 0.644956 0.375323 0.351057 -0.688347 1.000000 
0.641782 0.376953 0.352070 -0.667283 1.000000 0.642913 0.376415 0.352070 -0.667283 1.000000 0.643848 0.375953 0.352070 -0.667283 1.000000 0.644464 0.375615 0.351057 -0.688347 1.000000 0.644956 0.375323 0.351057 -0.688347 1.000000 0.645325 0.375062 0.351057 -0.688347 1.000000 
0.642913 0.376415 0.352070 -0.667283 1.000000 0.643848 0.375953 0.352070 -0.667283 1.000000 0.644464 0.375615 0.351057 -0.688347 1.000000 0.644956 0.375323 0.351057 -0.688347 1.000000 0.645325 0.375062 0.351057 -0.688347 1.000000 0.645620 0.374831 0.327431 -0.674852 1.000000 
0.643848 0.375953 0.352070 -0.667283 1.000000 0.644464 0.375615 0.351057 -0.688347 1.000000 0.644956 0.375323 0.351057 -0.688347 1.000000 0.645325 0.375062 0.351057 -0.688347 1.000000 0.645620 0.374831 0.327431 -0.674852 1.000000 0.645866 0.374631 0.327431 -0.674852 1.000000 
0.644464 0.375615 0.351057 -0.688347 1.000000 0.644956 0.375323 0.351057 -0.688347 1.000000 0.645325 0.375062 0.351057 -0.688347 1.000000 0.645620 0.374831 0.327431 -0.674852 1.000000 0.645866 0.374631 0.327431 -0.674852 1.000000 0.646088 0.374477 0.327431 -0.674852 1.000000 
0.644956 0.375323 0.351057 -0.688347 1.000000 0.645325 0.375062 0.351057 -0.688347 1.000000 0.645620 0.374831 0.327431 -0.674852 1.000000 0.645866 0.374631 0.327431 -0.674852 1.000000 0.646088 0.374477 0.327431 -0.674852 1.000000 0.646284 0.374323 0.327431 -0.674852 1.000000 
0.645325 0.375062 0.351057 -0.688347 1.000000 0.645620 0.374831 0.327431 -0.674852 1.000000 0.645866 0.374631 0.327431 -0.674852 1.000000 0.646088 0.374477 0.327431 -0.674852 1.000000 0.646284 0.374323 0.327431 -0.674852 1.000000 0.646432 0.374216 0.325314 -0.695627 1.000000 
0.645620 0.374831 0.327431 -0.674852 1.000000 0.645866 0.374631 0.327431 -0.674852 1.000000 0.646088 0.374477 0.327431 -0.674852 1.000000 0.646284 0.374323 0.327431 -0.674852 1.000000 0.646432 0.374216 0.325314 -0.695627 1.000000 0.646555 0.374108 0.325314 -0.695627 1.000000 
0.645866 0.374631 0.327431 -0.674852 1.000000 0.646088 0.374477 0.327431 -0.674852 1.000000 0.646284 0.374323 0.327431 -0.674852 1.000000 0.646432 0.374216 0.325314 -0.695627 1.000000 0.646555 0.374108 0.325314 -0.695627 1.000000 0.646678 0.374031 0.325314 -0.695627 1.000000 
0.646088 0.374477 0.327431 -0.674852 1.000000 0.646284 0.374323 0.327431 -0.674852 1.000000 0.646432 0.374216 0.325314 -0.695627 1.000000 0.646555 0.374108 0.325314 -0.695627 1.000000 0.646678 0.374031 0.325314 -0.695627 1.000000 0.646801 0.373939 0.325314 -0.695627 1.000000 
0.646284 0.374323 0.327431 -0.674852 1.000000 0.646432 0.374216 0.325314 -0.695627 1.000000 0.646555 0.374108 0.325314 -0.695627 1.000000 0.646678 0.374031 0.325314 -0.695627 1.000000 0.646801 0.373939 0.325314 -0.695627 1.000000 0.646875 0.373862 0.325314 -0.695627 1.000000 
0.646432 0.374216 0.325314 -0.695627 1.000000 0.646555 0.374108 0.325314 -0.695627 1.000000 0.646678 0.374031 0.325314 -0.695627 1.000000 0.646801 0.373939 0.325314 -0.695627 1.000000 0.646875 0.373862 0.325314 -0.695627 1.000000 0.646949 0.373800 0.325314 -0.695627 1.000000 
0.646555 0.374108 0.325314 -0.695627 1.000000 0.646678 0.374031 0.325314 -0.695627 1.000000 0.646801 0.373939 0.325314 -0.695627 1.000000 0.646875 0.373862 0.325314 -0.695627 1.000000 0.646949 0.373800 0.325314 -0.695627 1.000000 0.647023 0.373708 0.325314 -0.695627 1.000000 
0.646678 0.374031 0.325314 -0.695627 1.000000 0.646801 0.373939 0.325314 -0.695627 1.000000 0.646875 0.373862 0.325314 -0.695627 1.000000 0.646949 0.373800 0.325314 -0.695627 1.000000 0.647023 0.373708 0.325314 -0.695627 1.000000 0.647096 0.373631 0.325314 -0.695627 1.000000 
0.646801 0.373939 0.325314 -0.695627 1.000000 0.646875 0.373862 0.325314 -0.695627 1.000000 0.646949 0.373800 0.325314 -0.695627 1.000000 0.647023 0.373708 0.325314 -0.695627 1.000000 0.647096 0.373631 0.325314 -0.695627 1.000000 0.647146 0.373554 0.325314 -0.695627 1.000000 
0.646875 0.373862 0.325314 -0.695627 1.000000 0.646949 0.373800 0.325314 -0.695627 1.000000 0.647023 0.373708 0.325314 -0.695627 1.000000 0.647096 0.373631 0.325314 -0.695627 1.000000 0.647146 0.373554 0.325314 -0.695627 1.000000 0.647195 0.373447 0.325314 -0.695627 1.000000 
0.646949 0.373800 0.325314 -0.695627 1.000000 0.647023 0.373708 0.325314 -0.695627 1.000000 0.647096 0.373631 0.325314 -0.695627 1.000000 0.647146 0.373554 0.325314 -0.695627 1.000000 0.647195 0.373447 0.325314 -0.695627 1.000000 0.647219 0.373324 0.325314 -0.695627 1.000000 
0.647023 0.373708 0.325314 -0.695627 1.000000 0.647096 0.373631 0.325314 -0.695627 1.000000 0.647146 0.373554 0.325314 -0.695627 1.000000 0.647195 0.373447 0.325314 -0.695627 1.000000 0.647219 0.373324 0.325314 -0.695627 1.000000 0.647244 0.373124 0.325314 -0.695627 1.000000 
0.647096 0.373631 0.325314 -0.695627 1.000000 0.647146 0.373554 0.325314 -0.695627 1.000000 0.647195 0.373447 0.325314 -0.695627 1.000000 0.647219 0.373324 0.325314 -0.695627 1.000000 0.647244 0.373124 0.325314 -0.695627 1.000000 0.647293 0.372724 0.325314 -0.695627 1.000000 
0.647146 0.373554 0.325314 -0.695627 1.000000 0.647195 0.373447 0.325314 -0.695627 1.000000 0.647219 0.373324 0.325314 -0.695627 1.000000 0.647244 0.373124 0.325314 -0.695627 1.000000 0.647293 0.372724 0.325314 -0.695627 1.000000 0.647392 0.372232 0.312128 -0.699011 1.000000 
0.647195 0.373447 0.325314 -0.695627 1.000000 0.647219 0.373324 0.325314 -0.695627 1.000000 0.647244 0.373124 0.325314 -0.695627 1.000000 0.647293 0.372724 0.325314 -0.695627 1.000000 0.647392 0.372232 0.312128 -0.699011 1.000000 0.647515 0.371601 0.312128 -0.699011 0.941349 
0.647219 0.373324 0.325314 -0.695627 1.000000 0.647244 0.373124 0.325314 -0.695627 1.000000 0.647293 0.372724 0.325314 -0.695627 1.000000 0.647392 0.372232 0.312128 -0.699011 1.000000 0.647515 0.371601 0.312128 -0.699011 0.941349 0.647613 0.370832 0.312128 -0.699011 0.879765 
0.647244 0.373124 0.325314 -0.695627 1.000000 0.647293 0.372724 0.325314 -0.695627 1.000000 0.647392 0.372232 0.312128 -0.699011 1.000000 0.647515 0.371601 0.312128 -0.699011 0.941349 0.647613 0.370832 0.312128 -0.699011 0.879765 0.647712 0.369956 0.312128 -0.699011 0.831867 
0.647293 0.372724 0.325314 -0.695627 1.000000 0.647392 0.372232 0.312128 -0.699011 1.000000 0.647515 0.371601 0.312128 -0.699011 0.941349 0.647613 0.370832 0.312128 -0.699011 0.879765 0.647712 0.369956 0.312128 -0.699011 0.831867 0.647810 0.368987 0.312128 -0.699011 0.750733 
0.647392 0.372232 0.312128 -0.699011 1.000000 0.647515 0.371601 0.312128 -0.699011 0.941349 0.647613 0.370832 0.312128 -0.699011 0.879765 0.647712 0.369956 0.312128 -0.699011 0.831867 0.647810 0.368987 0.312128 -0.699011 0.750733 0.647958 0.368003 0.312128 -0.699011 0.674487 
0.647515 0.371601 0.312128 -0.699011 0.941349 0.647613 0.370832 0.312128 -0.699011 0.879765 0.647712 0.369956 0.312128 -0.699011 0.831867 0.647810 0.368987 0.312128 -0.699011 0.750733 0.647958 0.368003 0.312128 -0.699011 0.674487 0.648130 0.367080 0.312128 -0.699011 0.559140 
0.647613 0.370832 0.312128 -0.699011 0.879765 0.647712 0.369956 0.312128 -0.699011 0.831867 0.647810 0.368987 0.312128 -0.699011 0.750733 0.647958 0.368003 0.312128 -0.699011 0.674487 0.648130 0.367080 0.312128 -0.699011 0.559140 0.648401 0.366388 0.298740 -0.702227 0.421310 
0.647712 0.369956 0.312128 -0.699011 0.831867 0.647810 0.368987 0.312128 -0.699011 0.750733 0.647958 0.368003 0.312128 -0.699011 0.674487 0.648130 0.367080 0.312128 -0.699011 0.559140 0.648401 0.366388 0.298740 -0.702227 0.421310 0.648745 0.365865 0.298740 -0.702227 0.174976 
0.647810 0.368987 0.312128 -0.699011 0.750733 0.647958 0.368003 0.312128 -0.699011 0.674487 0.648130 0.367080 0.312128 -0.699011 0.559140 0.648401 0.366388 0.298740 -0.702227 0.421310 0.648745 0.365865 0.298740 -0.702227 0.174976 0.649779 0.365588 0.304613 -0.739993 0.000000 
0.647958 0.368003 0.312128 -0.699011 0.674487 0.648130 0.367080 0.312128 -0.699011 0.559140 0.648401 0.366388 0.298740 -0.702227 0.421310 0.648745 0.365865 0.298740 -0.702227 0.174976 0.649779 0.365588 0.304613 -0.739993 0.000000 0.650492 0.365588 0.304613 -0.739993 0.000000 
0.648130 0.367080 0.312128 -0.699011 0.559140 0.648401 0.366388 0.298740 -0.702227 0.421310 0.648745 0.365865 0.298740 -0.702227 0.174976 0.649779 0.365588 0.304613 -0.739993 0.000000 0.650492 0.365588 0.304613 -0.739993 0.000000 0.651280 0.366172 0.290001 -0.742902 0.000000 
0.648401 0.366388 0.298740 -0.702227 0.421310 0.648745 0.365865 0.298740 -0.702227 0.174976 0.649779 0.365588 0.304613 -0.739993 0.000000 0.650492 0.365588 0.304613 -0.739993 0.000000 0.651280 0.366172 0.290001 -0.742902 0.000000 0.652042 0.367064 0.290001 -0.742902 0.000000 
0.648745 0.365865 0.298740 -0.702227 0.174976 0.649779 0.365588 0.304613 -0.739993 0.000000 0.650492 0.365588 0.304613 -0.739993 0.000000 0.651280 0.366172 0.290001 -0.742902 0.000000 0.652042 0.367064 0.290001 -0.742902 0.000000 0.652042 0.368402 0.290001 -0.742902 0.000000 
0.649779 0.365588 0.304613 -0.739993 0.000000 0.650492 0.365588 0.304613 -0.739993 0.000000 0.651280 0.366172 0.290001 -0.742902 0.000000 0.652042 0.367064 0.290001 -0.742902 0.000000 0.652042 0.368402 0.290001 -0.742902 0.000000 0.652485 0.369940 0.280562 -0.725516 0.000000 
0.650492 0.365588 0.304613 -0.739993 0.000000 0.651280 0.366172 0.290001 -0.742902 0.000000 0.652042 0.367064 0.290001 -0.742902 0.000000 0.652042 0.368402 0.290001 -0.742902 0.000000 0.652485 0.369940 0.280562 -0.725516 0.000000 0.652485 0.371694 0.285154 -0.705277 0.000000 
