0.631102 0.402559 0.718929 -0.599744 0.426197 0.631250 0.401836 0.718929 -0.599744 0.433040 0.631398 0.401098 0.718929 -0.599744 0.434995 0.631570 0.400329 0.718929 -0.599744 0.443793 0.631742 0.399545 0.708216 -0.573112 0.448680 0.631890 0.398791 0.708216 -0.573112 0.443793 
0.631250 0.401836 0.718929 -0.599744 0.433040 0.631398 0.401098 0.718929 -0.599744 0.434995 0.631570 0.400329 0.718929 -0.599744 0.443793 0.631742 0.399545 0.708216 -0.573112 0.448680 0.631890 0.398791 0.708216 -0.573112 0.443793 0.632087 0.398099 0.708216 -0.573112 0.444770 
0.631398 0.401098 0.718929 -0.599744 0.434995 0.631570 0.400329 0.718929 -0.599744 0.443793 0.631742 0.399545 0.708216 -0.573112 0.448680 0.631890 0.398791 0.708216 -0.573112 0.443793 0.632087 0.398099 0.708216 -0.573112 0.444770 0.632234 0.397469 0.708216 -0.573112 0.446725 
0.631570 0.400329 0.718929 -0.599744 0.443793 0.631742 0.399545 0.708216 -0.573112 0.448680 0.631890 0.398791 0.708216 -0.573112 0.443793 0.632087 0.398099 0.708216 -0.573112 0.444770 0.632234 0.397469 0.708216 -0.573112 0.446725 0.632333 0.396900 0.708216 -0.573112 0.455523 
0.631742 0.399545 0.708216 -0.573112 0.448680 0.631890 0.398791 0.708216 -0.573112 0.443793 0.632087 0.398099 0.708216 -0.573112 0.444770 0.632234 0.397469 0.708216 -0.573112 0.446725 0.632333 0.396900 0.708216 -0.573112 0.455523 0.632431 0.396408 0.708216 -0.573112 0.461388 
0.631890 0.398791 0.708216 -0.573112 0.443793 0.632087 0.398099 0.708216 -0.573112 0.444770 0.632234 0.397469 0.708216 -0.573112 0.446725 0.632333 0.396900 0.708216 -0.573112 0.455523 0.632431 0.396408 0.708216 -0.573112 0.461388 0.632505 0.395977 0.708216 -0.573112 0.464321 
0.632087 0.398099 0.708216 -0.573112 0.444770 0.632234 0.397469 0.708216 -0.573112 0.446725 0.632333 0.396900 0.708216 -0.573112 0.455523 0.632431 0.396408 0.708216 -0.573112 0.461388 0.632505 0.395977 0.708216 -0.573112 0.464321 0.632603 0.395654 0.708216 -0.573112 0.461388 
0.632234 0.397469 0.708216 -0.573112 0.446725 0.632333 0.396900 0.708216 -0.573112 0.455523 0.632431 0.396408 0.708216 -0.573112 0.461388 0.632505 0.395977 0.708216 -0.573112 0.464321 0.632603 0.395654 0.708216 -0.573112 0.461388 0.632628 0.395439 0.731988 -0.578342 0.463343 
0.632333 0.396900 0.708216 -0.573112 0.455523 0.632431 0.396408 0.708216 -0.573112 0.461388 0.632505 0.395977 0.708216 -0.573112 0.464321 0.632603 0.395654 0.708216 -0.573112 0.461388 0.632628 0.395439 0.731988 -0.578342 0.463343 0.632653 0.395300 0.731988 -0.578342 0.457478 
0.632431 0.396408 0.708216 -0.573112 0.461388 0.632505 0.395977 0.708216 -0.573112 0.464321 0.632603 0.395654 0.708216 -0.573112 0.461388 0.632628 0.395439 0.731988 -0.578342 0.463343 0.632653 0.395300 0.731988 -0.578342 0.457478 0.632653 0.395208 0.731988 -0.578342 0.453568 
0.632505 0.395977 0.708216 -0.573112 0.464321 0.632603 0.395654 0.708216 -0.573112 0.461388 0.632628 0.395439 0.731988 -0.578342 0.463343 0.632653 0.395300 0.731988 -0.578342 0.457478 0.632653 0.395208 0.731988 -0.578342 0.453568 0.632653 0.395146 0.731988 -0.578342 0.450635 
0.632603 0.395654 0.708216 -0.573112 0.461388 0.632628 0.395439 0.731988 -0.578342 0.463343 0.632653 0.395300 0.731988 -0.578342 0.457478 0.632653 0.395208 0.731988 -0.578342 0.453568 0.632653 0.395146 0.731988 -0.578342 0.450635 0.632653 0.395116 0.731988 -0.578342 0.447703 
0.632628 0.395439 0.731988 -0.578342 0.463343 0.632653 0.395300 0.731988 -0.578342 0.457478 0.632653 0.395208 0.731988 -0.578342 0.453568 0.632653 0.395146 0.731988 -0.578342 0.450635 0.632653 0.395116 0.731988 -0.578342 0.447703 0.632653 0.395100 0.731988 -0.578342 0.459433 
0.632653 0.395300 0.731988 -0.578342 0.457478 0.632653 0.395208 0.731988 -0.578342 0.453568 0.632653 0.395146 0.731988 -0.578342 0.450635 0.632653 0.395116 0.731988 -0.578342 0.447703 0.632653 0.395100 0.731988 -0.578342 0.459433 0.632653 0.395070 0.731988 -0.578342 0.459433 
0.632653 0.395208 0.731988 -0.578342 0.453568 0.632653 0.395146 0.731988 -0.578342 0.450635 0.632653 0.395116 0.731988 -0.578342 0.447703 0.632653 0.395100 0.731988 -0.578342 0.459433 0.632653 0.395070 0.731988 -0.578342 0.459433 0.632653 0.395054 0.731988 -0.578342 0.459433 
0.632653 0.395146 0.731988 -0.578342 0.450635 0.632653 0.395116 0.731988 -0.578342 0.447703 0.632653 0.395100 0.731988 -0.578342 0.459433 0.632653 0.395070 0.731988 -0.578342 0.459433 0.632653 0.395054 0.731988 -0.578342 0.459433 0.632653 0.395039 0.755714 -0.583251 0.457478 
0.632653 0.395116 0.731988 -0.578342 0.447703 0.632653 0.395100 0.731988 -0.578342 0.459433 0.632653 0.395070 0.731988 -0.578342 0.459433 0.632653 0.395054 0.731988 -0.578342 0.459433 0.632653 0.395039 0.755714 -0.583251 0.457478 0.632653 0.395023 0.755714 -0.583251 0.457478 
0.632653 0.395100 0.731988 -0.578342 0.459433 0.632653 0.395070 0.731988 -0.578342 0.459433 0.632653 0.395054 0.731988 -0.578342 0.459433 0.632653 0.395039 0.755714 -0.583251 0.457478 0.632653 0.395023 0.755714 -0.583251 0.457478 0.632653 0.394993 0.755714 -0.583251 0.454545 
0.632653 0.395070 0.731988 -0.578342 0.459433 0.632653 0.395054 0.731988 -0.578342 0.459433 0.632653 0.395039 0.755714 -0.583251 0.457478 0.632653 0.395023 0.755714 -0.583251 0.457478 0.632653 0.394993 0.755714 -0.583251 0.454545 0.632702 0.394977 0.755714 -0.583251 0.456501 
0.632653 0.395054 0.731988 -0.578342 0.459433 0.632653 0.395039 0.755714 -0.583251 0.457478 0.632653 0.395023 0.755714 -0.583251 0.457478 0.632653 0.394993 0.755714 -0.583251 0.454545 0.632702 0.394977 0.755714 -0.583251 0.456501 0.632726 0.394962 0.755714 -0.583251 0.454545 
0.632653 0.395039 0.755714 -0.583251 0.457478 0.632653 0.395023 0.755714 -0.583251 0.457478 0.632653 0.394993 0.755714 -0.583251 0.454545 0.632702 0.394977 0.755714 -0.583251 0.456501 0.632726 0.394962 0.755714 -0.583251 0.454545 0.632751 0.394962 0.755714 -0.583251 0.450635 
0.632653 0.395023 0.755714 -0.583251 0.457478 0.632653 0.394993 0.755714 -0.583251 0.454545 0.632702 0.394977 0.755714 -0.583251 0.456501 0.632726 0.394962 0.755714 -0.583251 0.454545 0.632751 0.394962 0.755714 -0.583251 0.450635 0.632776 0.394946 0.755714 -0.583251 0.447703 
0.632653 0.394993 0.755714 -0.583251 0.454545 0.632702 0.394977 0.755714 -0.583251 0.456501 0.632726 0.394962 0.755714 -0.583251 0.454545 0.632751 0.394962 0.755714 -0.583251 0.450635 0.632776 0.394946 0.755714 -0.583251 0.447703 0.632800 0.394946 0.755714 -0.583251 0.546432 
0.632702 0.394977 0.755714 -0.583251 0.456501 0.632726 0.394962 0.755714 -0.583251 0.454545 0.632751 0.394962 0.755714 -0.583251 0.450635 0.632776 0.394946 0.755714 -0.583251 0.447703 0.632800 0.394946 0.755714 -0.583251 0.546432 0.632825 0.394946 0.755714 -0.583251 0.544477 
0.632726 0.394962 0.755714 -0.583251 0.454545 0.632751 0.394962 0.755714 -0.583251 0.450635 0.632776 0.394946 0.755714 -0.583251 0.447703 0.632800 0.394946 0.755714 -0.583251 0.546432 0.632825 0.394946 0.755714 -0.583251 0.544477 0.632849 0.394946 0.755714 -0.583251 0.541544 
0.632751 0.394962 0.755714 -0.583251 0.450635 0.632776 0.394946 0.755714 -0.583251 0.447703 0.632800 0.394946 0.755714 -0.583251 0.546432 0.632825 0.394946 0.755714 -0.583251 0.544477 0.632849 0.394946 0.755714 -0.583251 0.541544 0.632874 0.394946 0.755714 -0.583251 0.541544 
0.632776 0.394946 0.755714 -0.583251 0.447703 0.632800 0.394946 0.755714 -0.583251 0.546432 0.632825 0.394946 0.755714 -0.583251 0.544477 0.632849 0.394946 0.755714 -0.583251 0.541544 0.632874 0.394946 0.755714 -0.583251 0.541544 0.632874 0.394931 0.744156 -0.555751 0.414467 
0.632800 0.394946 0.755714 -0.583251 0.546432 0.632825 0.394946 0.755714 -0.583251 0.544477 0.632849 0.394946 0.755714 -0.583251 0.541544 0.632874 0.394946 0.755714 -0.583251 0.541544 0.632874 0.394931 0.744156 -0.555751 0.414467 0.632923 0.394931 0.744156 -0.555751 0.469208 
0.632825 0.394946 0.755714 -0.583251 0.544477 0.632849 0.394946 0.755714 -0.583251 0.541544 0.632874 0.394946 0.755714 -0.583251 0.541544 0.632874 0.394931 0.744156 -0.555751 0.414467 0.632923 0.394931 0.744156 -0.555751 0.469208 0.632948 0.394931 0.744156 -0.555751 0.470186 
0.632849 0.394946 0.755714 -0.583251 0.541544 0.632874 0.394946 0.755714 -0.583251 0.541544 0.632874 0.394931 0.744156 -0.555751 0.414467 0.632923 0.394931 0.744156 -0.555751 0.469208 0.632948 0.394931 0.744156 -0.555751 0.470186 0.632948 0.394916 0.744156 -0.555751 0.466276 
0.632874 0.394946 0.755714 -0.583251 0.541544 0.632874 0.394931 0.744156 -0.555751 0.414467 0.632923 0.394931 0.744156 -0.555751 0.469208 0.632948 0.394931 0.744156 -0.555751 0.470186 0.632948 0.394916 0.744156 -0.555751 0.466276 0.632948 0.394900 0.744156 -0.555751 0.464321 
0.632874 0.394931 0.744156 -0.555751 0.414467 0.632923 0.394931 0.744156 -0.555751 0.469208 0.632948 0.394931 0.744156 -0.555751 0.470186 0.632948 0.394916 0.744156 -0.555751 0.466276 0.632948 0.394900 0.744156 -0.555751 0.464321 0.632948 0.394885 0.744156 -0.555751 0.459433 
0.632923 0.394931 0.744156 -0.555751 0.469208 0.632948 0.394931 0.744156 -0.555751 0.470186 0.632948 0.394916 0.744156 -0.555751 0.466276 0.632948 0.394900 0.744156 -0.555751 0.464321 0.632948 0.394885 0.744156 -0.555751 0.459433 0.632948 0.394870 0.744156 -0.555751 0.455523 
0.632948 0.394931 0.744156 -0.555751 0.470186 0.632948 0.394916 0.744156 -0.555751 0.466276 0.632948 0.394900 0.744156 -0.555751 0.464321 0.632948 0.394885 0.744156 -0.555751 0.459433 0.632948 0.394870 0.744156 -0.555751 0.455523 0.632948 0.394854 0.744156 -0.555751 0.448680 
0.632948 0.394916 0.744156 -0.555751 0.466276 0.632948 0.394900 0.744156 -0.555751 0.464321 0.632948 0.394885 0.744156 -0.555751 0.459433 0.632948 0.394870 0.744156 -0.555751 0.455523 0.632948 0.394854 0.744156 -0.555751 0.448680 0.632948 0.394839 0.744156 -0.555751 0.428153 
0.632948 0.394900 0.744156 -0.555751 0.464321 0.632948 0.394885 0.744156 -0.555751 0.459433 0.632948 0.394870 0.744156 -0.555751 0.455523 0.632948 0.394854 0.744156 -0.555751 0.448680 0.632948 0.394839 0.744156 -0.555751 0.428153 0.632948 0.394823 0.744156 -0.555751 0.627566 
0.632948 0.394885 0.744156 -0.555751 0.459433 0.632948 0.394870 0.744156 -0.555751 0.455523 0.632948 0.394854 0.744156 -0.555751 0.448680 0.632948 0.394839 0.744156 -0.555751 0.428153 0.632948 0.394823 0.744156 -0.555751 0.627566 0.632948 0.394762 0.744156 -0.555751 0.603128 
0.632948 0.394870 0.744156 -0.555751 0.455523 0.632948 0.394854 0.744156 -0.555751 0.448680 0.632948 0.394839 0.744156 -0.555751 0.428153 0.632948 0.394823 0.744156 -0.555751 0.627566 0.632948 0.394762 0.744156 -0.555751 0.603128 0.632997 0.394654 0.744156 -0.555751 0.577713 
0.632948 0.394854 0.744156 -0.555751 0.448680 0.632948 0.394839 0.744156 -0.555751 0.428153 0.632948 0.394823 0.744156 -0.555751 0.627566 0.632948 0.394762 0.744156 -0.555751 0.603128 0.632997 0.394654 0.744156 -0.555751 0.577713 0.633022 0.394485 0.744156 -0.555751 0.551320 
0.632948 0.394839 0.744156 -0.555751 0.428153 0.632948 0.394823 0.744156 -0.555751 0.627566 0.632948 0.394762 0.744156 -0.555751 0.603128 0.632997 0.394654 0.744156 -0.555751 0.577713 0.633022 0.394485 0.744156 -0.555751 0.551320 0.633071 0.394254 0.744156 -0.555751 0.529814 
0.632948 0.394823 0.744156 -0.555751 0.627566 0.632948 0.394762 0.744156 -0.555751 0.603128 0.632997 0.394654 0.744156 -0.555751 0.577713 0.633022 0.394485 0.744156 -0.555751 0.551320 0.633071 0.394254 0.744156 -0.555751 0.529814 0.633145 0.394008 0.744156 -0.555751 0.517107 
0.632948 0.394762 0.744156 -0.555751 0.603128 0.632997 0.394654 0.744156 -0.555751 0.577713 0.633022 0.394485 0.744156 -0.555751 0.551320 0.633071 0.394254 0.744156 -0.555751 0.529814 0.633145 0.394008 0.744156 -0.555751 0.517107 0.633243 0.393685 0.744156 -0.555751 0.514174 
0.632997 0.394654 0.744156 -0.555751 0.577713 0.633022 0.394485 0.744156 -0.555751 0.551320 0.633071 0.394254 0.744156 -0.555751 0.529814 0.633145 0.394008 0.744156 -0.555751 0.517107 0.633243 0.393685 0.744156 -0.555751 0.514174 0.633342 0.393332 0.744156 -0.555751 0.521017 
0.633022 0.394485 0.744156 -0.555751 0.551320 0.633071 0.394254 0.744156 -0.555751 0.529814 0.633145 0.394008 0.744156 -0.555751 0.517107 0.633243 0.393685 0.744156 -0.555751 0.514174 0.633342 0.393332 0.744156 -0.555751 0.521017 0.633415 0.392978 0.744156 -0.555751 0.529814 
0.633071 0.394254 0.744156 -0.555751 0.529814 0.633145 0.394008 0.744156 -0.555751 0.517107 0.633243 0.393685 0.744156 -0.555751 0.514174 0.633342 0.393332 0.744156 -0.555751 0.521017 0.633415 0.392978 0.744156 -0.555751 0.529814 0.633514 0.392655 0.744156 -0.555751 0.528837 
0.633145 0.394008 0.744156 -0.555751 0.517107 0.633243 0.393685 0.744156 -0.555751 0.514174 0.633342 0.393332 0.744156 -0.555751 0.521017 0.633415 0.392978 0.744156 -0.555751 0.529814 0.633514 0.392655 0.744156 -0.555751 0.528837 0.633588 0.392378 0.744156 -0.555751 0.533724 
0.633243 0.393685 0.744156 -0.555751 0.514174 0.633342 0.393332 0.744156 -0.555751 0.521017 0.633415 0.392978 0.744156 -0.555751 0.529814 0.633514 0.392655 0.744156 -0.555751 0.528837 0.633588 0.392378 0.744156 -0.555751 0.533724 0.633661 0.392163 0.744156 -0.555751 0.537634 
0.633342 0.393332 0.744156 -0.555751 0.521017 0.633415 0.392978 0.744156 -0.555751 0.529814 0.633514 0.392655 0.744156 -0.555751 0.528837 0.633588 0.392378 0.744156 -0.555751 0.533724 0.633661 0.392163 0.744156 -0.555751 0.537634 0.633711 0.391994 0.744156 -0.555751 0.535679 
0.633415 0.392978 0.744156 -0.555751 0.529814 0.633514 0.392655 0.744156 -0.555751 0.528837 0.633588 0.392378 0.744156 -0.555751 0.533724 0.633661 0.392163 0.744156 -0.555751 0.537634 0.633711 0.391994 0.744156 -0.555751 0.535679 0.633760 0.391886 0.744156 -0.555751 0.528837 
0.633514 0.392655 0.744156 -0.555751 0.528837 0.633588 0.392378 0.744156 -0.555751 0.533724 0.633661 0.392163 0.744156 -0.555751 0.537634 0.633711 0.391994 0.744156 -0.555751 0.535679 0.633760 0.391886 0.744156 -0.555751 0.528837 0.633809 0.391825 0.755714 -0.583251 0.520039 
0.633588 0.392378 0.744156 -0.555751 0.533724 0.633661 0.392163 0.744156 -0.555751 0.537634 0.633711 0.391994 0.744156 -0.555751 0.535679 0.633760 0.391886 0.744156 -0.555751 0.528837 0.633809 0.391825 0.755714 -0.583251 0.520039 0.633809 0.391809 0.755714 -0.583251 0.511241 
0.633661 0.392163 0.744156 -0.555751 0.537634 0.633711 0.391994 0.744156 -0.555751 0.535679 0.633760 0.391886 0.744156 -0.555751 0.528837 0.633809 0.391825 0.755714 -0.583251 0.520039 0.633809 0.391809 0.755714 -0.583251 0.511241 0.633809 0.391794 0.755714 -0.583251 0.496579 
0.633711 0.391994 0.744156 -0.555751 0.535679 0.633760 0.391886 0.744156 -0.555751 0.528837 0.633809 0.391825 0.755714 -0.583251 0.520039 0.633809 0.391809 0.755714 -0.583251 0.511241 0.633809 0.391794 0.755714 -0.583251 0.496579 0.633809 0.391763 0.755714 -0.583251 0.478006 
0.633760 0.391886 0.744156 -0.555751 0.528837 0.633809 0.391825 0.755714 -0.583251 0.520039 0.633809 0.391809 0.755714 -0.583251 0.511241 0.633809 0.391794 0.755714 -0.583251 0.496579 0.633809 0.391763 0.755714 -0.583251 0.478006 0.633809 0.391748 0.755714 -0.583251 0.474096 
0.633809 0.391825 0.755714 -0.583251 0.520039 0.633809 0.391809 0.755714 -0.583251 0.511241 0.633809 0.391794 0.755714 -0.583251 0.496579 0.633809 0.391763 0.755714 -0.583251 0.478006 0.633809 0.391748 0.755714 -0.583251 0.474096 0.633809 0.391732 0.755714 -0.583251 0.468231 
0.633809 0.391809 0.755714 -0.583251 0.511241 0.633809 0.391794 0.755714 -0.583251 0.496579 0.633809 0.391763 0.755714 -0.583251 0.478006 0.633809 0.391748 0.755714 -0.583251 0.474096 0.633809 0.391732 0.755714 -0.583251 0.468231 0.633809 0.391717 0.755714 -0.583251 0.461388 
0.633809 0.391794 0.755714 -0.583251 0.496579 0.633809 0.391763 0.755714 -0.583251 0.478006 0.633809 0.391748 0.755714 -0.583251 0.474096 0.633809 0.391732 0.755714 -0.583251 0.468231 0.633809 0.391717 0.755714 -0.583251 0.461388 0.633834 0.391702 0.755714 -0.583251 0.455523 
0.633809 0.391763 0.755714 -0.583251 0.478006 0.633809 0.391748 0.755714 -0.583251 0.474096 0.633809 0.391732 0.755714 -0.583251 0.468231 0.633809 0.391717 0.755714 -0.583251 0.461388 0.633834 0.391702 0.755714 -0.583251 0.455523 0.633858 0.391686 0.755714 -0.583251 0.450635 
0.633809 0.391748 0.755714 -0.583251 0.474096 0.633809 0.391732 0.755714 -0.583251 0.468231 0.633809 0.391717 0.755714 -0.583251 0.461388 0.633834 0.391702 0.755714 -0.583251 0.455523 0.633858 0.391686 0.755714 -0.583251 0.450635 0.633858 0.391640 0.755714 -0.583251 0.449658 
0.633809 0.391732 0.755714 -0.583251 0.468231 0.633809 0.391717 0.755714 -0.583251 0.461388 0.633834 0.391702 0.755714 -0.583251 0.455523 0.633858 0.391686 0.755714 -0.583251 0.450635 0.633858 0.391640 0.755714 -0.583251 0.449658 0.633883 0.391594 0.755714 -0.583251 0.449658 
0.633809 0.391717 0.755714 -0.583251 0.461388 0.633834 0.391702 0.755714 -0.583251 0.455523 0.633858 0.391686 0.755714 -0.583251 0.450635 0.633858 0.391640 0.755714 -0.583251 0.449658 0.633883 0.391594 0.755714 -0.583251 0.449658 0.633907 0.391532 0.744156 -0.555751 0.446725 
0.633834 0.391702 0.755714 -0.583251 0.455523 0.633858 0.391686 0.755714 -0.583251 0.450635 0.633858 0.391640 0.755714 -0.583251 0.449658 0.633883 0.391594 0.755714 -0.583251 0.449658 0.633907 0.391532 0.744156 -0.555751 0.446725 0.633932 0.391440 0.744156 -0.555751 0.449658 
0.633858 0.391686 0.755714 -0.583251 0.450635 0.633858 0.391640 0.755714 -0.583251 0.449658 0.633883 0.391594 0.755714 -0.583251 0.449658 0.633907 0.391532 0.744156 -0.555751 0.446725 0.633932 0.391440 0.744156 -0.555751 0.449658 0.633957 0.391302 0.744156 -0.555751 0.448680 
0.633858 0.391640 0.755714 -0.583251 0.449658 0.633883 0.391594 0.755714 -0.583251 0.449658 0.633907 0.391532 0.744156 -0.555751 0.446725 0.633932 0.391440 0.744156 -0.555751 0.449658 0.633957 0.391302 0.744156 -0.555751 0.448680 0.634006 0.391117 0.744156 -0.555751 0.445748 
0.633883 0.391594 0.755714 -0.583251 0.449658 0.633907 0.391532 0.744156 -0.555751 0.446725 0.633932 0.391440 0.744156 -0.555751 0.449658 0.633957 0.391302 0.744156 -0.555751 0.448680 0.634006 0.391117 0.744156 -0.555751 0.445748 0.634080 0.390871 0.744156 -0.555751 0.447703 
0.633907 0.391532 0.744156 -0.555751 0.446725 0.633932 0.391440 0.744156 -0.555751 0.449658 0.633957 0.391302 0.744156 -0.555751 0.448680 0.634006 0.391117 0.744156 -0.555751 0.445748 0.634080 0.390871 0.744156 -0.555751 0.447703 0.634154 0.390579 0.767474 -0.559703 0.445748 
0.633932 0.391440 0.744156 -0.555751 0.449658 0.633957 0.391302 0.744156 -0.555751 0.448680 0.634006 0.391117 0.744156 -0.555751 0.445748 0.634080 0.390871 0.744156 -0.555751 0.447703 0.634154 0.390579 0.767474 -0.559703 0.445748 0.634227 0.390256 0.767474 -0.559703 0.448680 
0.633957 0.391302 0.744156 -0.555751 0.448680 0.634006 0.391117 0.744156 -0.555751 0.445748 0.634080 0.390871 0.744156 -0.555751 0.447703 0.634154 0.390579 0.767474 -0.559703 0.445748 0.634227 0.390256 0.767474 -0.559703 0.448680 0.634326 0.389933 0.767474 -0.559703 0.457478 
0.634006 0.391117 0.744156 -0.555751 0.445748 0.634080 0.390871 0.744156 -0.555751 0.447703 0.634154 0.390579 0.767474 -0.559703 0.445748 0.634227 0.390256 0.767474 -0.559703 0.448680 0.634326 0.389933 0.767474 -0.559703 0.457478 0.634400 0.389625 0.767474 -0.559703 0.468231 
0.634080 0.390871 0.744156 -0.555751 0.447703 0.634154 0.390579 0.767474 -0.559703 0.445748 0.634227 0.390256 0.767474 -0.559703 0.448680 0.634326 0.389933 0.767474 -0.559703 0.457478 0.634400 0.389625 0.767474 -0.559703 0.468231 0.634498 0.389349 0.744156 -0.555751 0.476051 
0.634154 0.390579 0.767474 -0.559703 0.445748 0.634227 0.390256 0.767474 -0.559703 0.448680 0.634326 0.389933 0.767474 -0.559703 0.457478 0.634400 0.389625 0.767474 -0.559703 0.468231 0.634498 0.389349 0.744156 -0.555751 0.476051 0.634572 0.389133 0.744156 -0.555751 0.478006 
0.634227 0.390256 0.767474 -0.559703 0.448680 0.634326 0.389933 0.767474 -0.559703 0.457478 0.634400 0.389625 0.767474 -0.559703 0.468231 0.634498 0.389349 0.744156 -0.555751 0.476051 0.634572 0.389133 0.744156 -0.555751 0.478006 0.634621 0.388964 0.744156 -0.555751 0.477028 
0.634326 0.389933 0.767474 -0.559703 0.457478 0.634400 0.389625 0.767474 -0.559703 0.468231 0.634498 0.389349 0.744156 -0.555751 0.476051 0.634572 0.389133 0.744156 -0.555751 0.478006 0.634621 0.388964 0.744156 -0.555751 0.477028 0.634646 0.388872 0.744156 -0.555751 0.473118 
0.634400 0.389625 0.767474 -0.559703 0.468231 0.634498 0.389349 0.744156 -0.555751 0.476051 0.634572 0.389133 0.744156 -0.555751 0.478006 0.634621 0.388964 0.744156 -0.555751 0.477028 0.634646 0.388872 0.744156 -0.555751 0.473118 0.634646 0.388810 0.744156 -0.555751 0.471163 
0.634498 0.389349 0.744156 -0.555751 0.476051 0.634572 0.389133 0.744156 -0.555751 0.478006 0.634621 0.388964 0.744156 -0.555751 0.477028 0.634646 0.388872 0.744156 -0.555751 0.473118 0.634646 0.388810 0.744156 -0.555751 0.471163 0.634646 0.388749 0.755714 -0.583251 0.487781 
0.634572 0.389133 0.744156 -0.555751 0.478006 0.634621 0.388964 0.744156 -0.555751 0.477028 0.634646 0.388872 0.744156 -0.555751 0.473118 0.634646 0.388810 0.744156 -0.555751 0.471163 0.634646 0.388749 0.755714 -0.583251 0.487781 0.634646 0.388687 0.744156 -0.555751 0.470186 
0.634621 0.388964 0.744156 -0.555751 0.477028 0.634646 0.388872 0.744156 -0.555751 0.473118 0.634646 0.388810 0.744156 -0.555751 0.471163 0.634646 0.388749 0.755714 -0.583251 0.487781 0.634646 0.388687 0.744156 -0.555751 0.470186 0.634646 0.388610 0.744156 -0.555751 0.450635 
0.634646 0.388872 0.744156 -0.555751 0.473118 0.634646 0.388810 0.744156 -0.555751 0.471163 0.634646 0.388749 0.755714 -0.583251 0.487781 0.634646 0.388687 0.744156 -0.555751 0.470186 0.634646 0.388610 0.744156 -0.555751 0.450635 0.634646 0.388503 0.744156 -0.555751 0.434018 
0.634646 0.388810 0.744156 -0.555751 0.471163 0.634646 0.388749 0.755714 -0.583251 0.487781 0.634646 0.388687 0.744156 -0.555751 0.470186 0.634646 0.388610 0.744156 -0.555751 0.450635 0.634646 0.388503 0.744156 -0.555751 0.434018 0.634646 0.388410 0.744156 -0.555751 0.415445 
0.634646 0.388749 0.755714 -0.583251 0.487781 0.634646 0.388687 0.744156 -0.555751 0.470186 0.634646 0.388610 0.744156 -0.555751 0.450635 0.634646 0.388503 0.744156 -0.555751 0.434018 0.634646 0.388410 0.744156 -0.555751 0.415445 0.634646 0.388287 0.744156 -0.555751 0.396872 
0.634646 0.388687 0.744156 -0.555751 0.470186 0.634646 0.388610 0.744156 -0.555751 0.450635 0.634646 0.388503 0.744156 -0.555751 0.434018 0.634646 0.388410 0.744156 -0.555751 0.415445 0.634646 0.388287 0.744156 -0.555751 0.396872 0.634596 0.388149 0.744156 -0.555751 0.384164 
0.634646 0.388610 0.744156 -0.555751 0.450635 0.634646 0.388503 0.744156 -0.555751 0.434018 0.634646 0.388410 0.744156 -0.555751 0.415445 0.634646 0.388287 0.744156 -0.555751 0.396872 0.634596 0.388149 0.744156 -0.555751 0.384164 0.634449 0.388011 0.744156 -0.555751 0.374389 
0.634646 0.388503 0.744156 -0.555751 0.434018 0.634646 0.388410 0.744156 -0.555751 0.415445 0.634646 0.388287 0.744156 -0.555751 0.396872 0.634596 0.388149 0.744156 -0.555751 0.384164 0.634449 0.388011 0.744156 -0.555751 0.374389 0.634227 0.387888 0.744156 -0.555751 0.376344 
0.634646 0.388410 0.744156 -0.555751 0.415445 0.634646 0.388287 0.744156 -0.555751 0.396872 0.634596 0.388149 0.744156 -0.555751 0.384164 0.634449 0.388011 0.744156 -0.555751 0.374389 0.634227 0.387888 0.744156 -0.555751 0.376344 0.633981 0.387764 0.744156 -0.555751 0.386119 
0.634646 0.388287 0.744156 -0.555751 0.396872 0.634596 0.388149 0.744156 -0.555751 0.384164 0.634449 0.388011 0.744156 -0.555751 0.374389 0.634227 0.387888 0.744156 -0.555751 0.376344 0.633981 0.387764 0.744156 -0.555751 0.386119 0.633735 0.387657 0.744156 -0.555751 0.400782 
0.634596 0.388149 0.744156 -0.555751 0.384164 0.634449 0.388011 0.744156 -0.555751 0.374389 0.634227 0.387888 0.744156 -0.555751 0.376344 0.633981 0.387764 0.744156 -0.555751 0.386119 0.633735 0.387657 0.744156 -0.555751 0.400782 0.633489 0.387580 0.744156 -0.555751 0.415445 
0.634449 0.388011 0.744156 -0.555751 0.374389 0.634227 0.387888 0.744156 -0.555751 0.376344 0.633981 0.387764 0.744156 -0.555751 0.386119 0.633735 0.387657 0.744156 -0.555751 0.400782 0.633489 0.387580 0.744156 -0.555751 0.415445 0.633243 0.387503 0.744156 -0.555751 0.430108 
0.634227 0.387888 0.744156 -0.555751 0.376344 0.633981 0.387764 0.744156 -0.555751 0.386119 0.633735 0.387657 0.744156 -0.555751 0.400782 0.633489 0.387580 0.744156 -0.555751 0.415445 0.633243 0.387503 0.744156 -0.555751 0.430108 0.633022 0.387457 0.755714 -0.583251 0.439883 
0.633981 0.387764 0.744156 -0.555751 0.386119 0.633735 0.387657 0.744156 -0.555751 0.400782 0.633489 0.387580 0.744156 -0.555751 0.415445 0.633243 0.387503 0.744156 -0.555751 0.430108 0.633022 0.387457 0.755714 -0.583251 0.439883 0.632825 0.387457 0.755714 -0.583251 0.452590 
0.633735 0.387657 0.744156 -0.555751 0.400782 0.633489 0.387580 0.744156 -0.555751 0.415445 0.633243 0.387503 0.744156 -0.555751 0.430108 0.633022 0.387457 0.755714 -0.583251 0.439883 0.632825 0.387457 0.755714 -0.583251 0.452590 0.632677 0.387442 0.731988 -0.578342 0.465298 
0.633489 0.387580 0.744156 -0.555751 0.415445 0.633243 0.387503 0.744156 -0.555751 0.430108 0.633022 0.387457 0.755714 -0.583251 0.439883 0.632825 0.387457 0.755714 -0.583251 0.452590 0.632677 0.387442 0.731988 -0.578342 0.465298 0.632579 0.387442 0.731988 -0.578342 0.476051 
0.633243 0.387503 0.744156 -0.555751 0.430108 0.633022 0.387457 0.755714 -0.583251 0.439883 0.632825 0.387457 0.755714 -0.583251 0.452590 0.632677 0.387442 0.731988 -0.578342 0.465298 0.632579 0.387442 0.731988 -0.578342 0.476051 0.632480 0.387442 0.731988 -0.578342 0.488759 
0.633022 0.387457 0.755714 -0.583251 0.439883 0.632825 0.387457 0.755714 -0.583251 0.452590 0.632677 0.387442 0.731988 -0.578342 0.465298 0.632579 0.387442 0.731988 -0.578342 0.476051 0.632480 0.387442 0.731988 -0.578342 0.488759 0.632431 0.387442 0.731988 -0.578342 0.501466 
0.632825 0.387457 0.755714 -0.583251 0.452590 0.632677 0.387442 0.731988 -0.578342 0.465298 0.632579 0.387442 0.731988 -0.578342 0.476051 0.632480 0.387442 0.731988 -0.578342 0.488759 0.632431 0.387442 0.731988 -0.578342 0.501466 0.632382 0.387442 0.731988 -0.578342 0.517107 
0.632677 0.387442 0.731988 -0.578342 0.465298 0.632579 0.387442 0.731988 -0.578342 0.476051 0.632480 0.387442 0.731988 -0.578342 0.488759 0.632431 0.387442 0.731988 -0.578342 0.501466 0.632382 0.387442 0.731988 -0.578342 0.517107 0.632357 0.387442 0.731988 -0.578342 0.530792 
0.632579 0.387442 0.731988 -0.578342 0.476051 0.632480 0.387442 0.731988 -0.578342 0.488759 0.632431 0.387442 0.731988 -0.578342 0.501466 0.632382 0.387442 0.731988 -0.578342 0.517107 0.632357 0.387442 0.731988 -0.578342 0.530792 0.632333 0.387426 0.731988 -0.578342 0.562072 
0.632480 0.387442 0.731988 -0.578342 0.488759 0.632431 0.387442 0.731988 -0.578342 0.501466 0.632382 0.387442 0.731988 -0.578342 0.517107 0.632357 0.387442 0.731988 -0.578342 0.530792 0.632333 0.387426 0.731988 -0.578342 0.562072 0.632333 0.387411 0.731988 -0.578342 0.564027 
0.632431 0.387442 0.731988 -0.578342 0.501466 0.632382 0.387442 0.731988 -0.578342 0.517107 0.632357 0.387442 0.731988 -0.578342 0.530792 0.632333 0.387426 0.731988 -0.578342 0.562072 0.632333 0.387411 0.731988 -0.578342 0.564027 0.632308 0.387380 0.731988 -0.578342 0.563050 
0.632382 0.387442 0.731988 -0.578342 0.517107 0.632357 0.387442 0.731988 -0.578342 0.530792 0.632333 0.387426 0.731988 -0.578342 0.562072 0.632333 0.387411 0.731988 -0.578342 0.564027 0.632308 0.387380 0.731988 -0.578342 0.563050 0.632259 0.387334 0.731988 -0.578342 0.556207 
0.632357 0.387442 0.731988 -0.578342 0.530792 0.632333 0.387426 0.731988 -0.578342 0.562072 0.632333 0.387411 0.731988 -0.578342 0.564027 0.632308 0.387380 0.731988 -0.578342 0.563050 0.632259 0.387334 0.731988 -0.578342 0.556207 0.632185 0.387303 0.731988 -0.578342 0.548387 
0.632333 0.387426 0.731988 -0.578342 0.562072 0.632333 0.387411 0.731988 -0.578342 0.564027 0.632308 0.387380 0.731988 -0.578342 0.563050 0.632259 0.387334 0.731988 -0.578342 0.556207 0.632185 0.387303 0.731988 -0.578342 0.548387 0.632062 0.387242 0.731988 -0.578342 0.541544 
0.632333 0.387411 0.731988 -0.578342 0.564027 0.632308 0.387380 0.731988 -0.578342 0.563050 0.632259 0.387334 0.731988 -0.578342 0.556207 0.632185 0.387303 0.731988 -0.578342 0.548387 0.632062 0.387242 0.731988 -0.578342 0.541544 0.631914 0.387165 0.731988 -0.578342 0.534702 
0.632308 0.387380 0.731988 -0.578342 0.563050 0.632259 0.387334 0.731988 -0.578342 0.556207 0.632185 0.387303 0.731988 -0.578342 0.548387 0.632062 0.387242 0.731988 -0.578342 0.541544 0.631914 0.387165 0.731988 -0.578342 0.534702 0.631718 0.387072 0.731988 -0.578342 0.523949 
0.632259 0.387334 0.731988 -0.578342 0.556207 0.632185 0.387303 0.731988 -0.578342 0.548387 0.632062 0.387242 0.731988 -0.578342 0.541544 0.631914 0.387165 0.731988 -0.578342 0.534702 0.631718 0.387072 0.731988 -0.578342 0.523949 0.631447 0.386949 0.731988 -0.578342 0.511241 
0.632185 0.387303 0.731988 -0.578342 0.548387 0.632062 0.387242 0.731988 -0.578342 0.541544 0.631914 0.387165 0.731988 -0.578342 0.534702 0.631718 0.387072 0.731988 -0.578342 0.523949 0.631447 0.386949 0.731988 -0.578342 0.511241 0.631127 0.386780 0.731988 -0.578342 0.502444 
0.632062 0.387242 0.731988 -0.578342 0.541544 0.631914 0.387165 0.731988 -0.578342 0.534702 0.631718 0.387072 0.731988 -0.578342 0.523949 0.631447 0.386949 0.731988 -0.578342 0.511241 0.631127 0.386780 0.731988 -0.578342 0.502444 0.630709 0.386596 0.731988 -0.578342 0.493646 
0.631914 0.387165 0.731988 -0.578342 0.534702 0.631718 0.387072 0.731988 -0.578342 0.523949 0.631447 0.386949 0.731988 -0.578342 0.511241 0.631127 0.386780 0.731988 -0.578342 0.502444 0.630709 0.386596 0.731988 -0.578342 0.493646 0.630241 0.386380 0.731988 -0.578342 0.485826 
0.631718 0.387072 0.731988 -0.578342 0.523949 0.631447 0.386949 0.731988 -0.578342 0.511241 0.631127 0.386780 0.731988 -0.578342 0.502444 0.630709 0.386596 0.731988 -0.578342 0.493646 0.630241 0.386380 0.731988 -0.578342 0.485826 0.629749 0.386150 0.731988 -0.578342 0.478006 
0.631447 0.386949 0.731988 -0.578342 0.511241 0.631127 0.386780 0.731988 -0.578342 0.502444 0.630709 0.386596 0.731988 -0.578342 0.493646 0.630241 0.386380 0.731988 -0.578342 0.485826 0.629749 0.386150 0.731988 -0.578342 0.478006 0.629158 0.385919 0.731988 -0.578342 0.480938 
0.631127 0.386780 0.731988 -0.578342 0.502444 0.630709 0.386596 0.731988 -0.578342 0.493646 0.630241 0.386380 0.731988 -0.578342 0.485826 0.629749 0.386150 0.731988 -0.578342 0.478006 0.629158 0.385919 0.731988 -0.578342 0.480938 0.628568 0.385673 0.731988 -0.578342 0.490714 
0.630709 0.386596 0.731988 -0.578342 0.493646 0.630241 0.386380 0.731988 -0.578342 0.485826 0.629749 0.386150 0.731988 -0.578342 0.478006 0.629158 0.385919 0.731988 -0.578342 0.480938 0.628568 0.385673 0.731988 -0.578342 0.490714 0.627953 0.385458 0.738182 -0.567197 0.492669 
0.630241 0.386380 0.731988 -0.578342 0.485826 0.629749 0.386150 0.731988 -0.578342 0.478006 0.629158 0.385919 0.731988 -0.578342 0.480938 0.628568 0.385673 0.731988 -0.578342 0.490714 0.627953 0.385458 0.738182 -0.567197 0.492669 0.627338 0.385242 0.738182 -0.567197 0.488759 
0.629749 0.386150 0.731988 -0.578342 0.478006 0.629158 0.385919 0.731988 -0.578342 0.480938 0.628568 0.385673 0.731988 -0.578342 0.490714 0.627953 0.385458 0.738182 -0.567197 0.492669 0.627338 0.385242 0.738182 -0.567197 0.488759 0.626722 0.385058 0.738182 -0.567197 0.482893 
0.629158 0.385919 0.731988 -0.578342 0.480938 0.628568 0.385673 0.731988 -0.578342 0.490714 0.627953 0.385458 0.738182 -0.567197 0.492669 0.627338 0.385242 0.738182 -0.567197 0.488759 0.626722 0.385058 0.738182 -0.567197 0.482893 0.626107 0.384919 0.738182 -0.567197 0.479961 
0.628568 0.385673 0.731988 -0.578342 0.490714 0.627953 0.385458 0.738182 -0.567197 0.492669 0.627338 0.385242 0.738182 -0.567197 0.488759 0.626722 0.385058 0.738182 -0.567197 0.482893 0.626107 0.384919 0.738182 -0.567197 0.479961 0.625468 0.384812 0.738182 -0.567197 0.489736 
0.623671 0.391317 0.687703 -0.603512 0.214076 0.623991 0.391317 0.687703 -0.603512 0.212121 0.624336 0.391317 0.687703 -0.603512 0.211144 0.624705 0.391317 0.687703 -0.603512 0.217009 0.625025 0.391271 0.687703 -0.603512 0.222874 0.625345 0.391225 0.687703 -0.603512 0.223851 
0.623991 0.391317 0.687703 -0.603512 0.212121 0.624336 0.391317 0.687703 -0.603512 0.211144 0.624705 0.391317 0.687703 -0.603512 0.217009 0.625025 0.391271 0.687703 -0.603512 0.222874 0.625345 0.391225 0.687703 -0.603512 0.223851 0.625664 0.391179 0.687703 -0.603512 0.236559 
0.624336 0.391317 0.687703 -0.603512 0.211144 0.624705 0.391317 0.687703 -0.603512 0.217009 0.625025 0.391271 0.687703 -0.603512 0.222874 0.625345 0.391225 0.687703 -0.603512 0.223851 0.625664 0.391179 0.687703 -0.603512 0.236559 0.625984 0.391117 0.687703 -0.603512 0.245357 
0.624705 0.391317 0.687703 -0.603512 0.217009 0.625025 0.391271 0.687703 -0.603512 0.222874 0.625345 0.391225 0.687703 -0.603512 0.223851 0.625664 0.391179 0.687703 -0.603512 0.236559 0.625984 0.391117 0.687703 -0.603512 0.245357 0.626304 0.391040 0.687703 -0.603512 0.256109 
0.625025 0.391271 0.687703 -0.603512 0.222874 0.625345 0.391225 0.687703 -0.603512 0.223851 0.625664 0.391179 0.687703 -0.603512 0.236559 0.625984 0.391117 0.687703 -0.603512 0.245357 0.626304 0.391040 0.687703 -0.603512 0.256109 0.626599 0.390963 0.677636 -0.577556 0.266862 
0.625345 0.391225 0.687703 -0.603512 0.223851 0.625664 0.391179 0.687703 -0.603512 0.236559 0.625984 0.391117 0.687703 -0.603512 0.245357 0.626304 0.391040 0.687703 -0.603512 0.256109 0.626599 0.390963 0.677636 -0.577556 0.266862 0.626870 0.390840 0.677636 -0.577556 0.272727 
0.625664 0.391179 0.687703 -0.603512 0.236559 0.625984 0.391117 0.687703 -0.603512 0.245357 0.626304 0.391040 0.687703 -0.603512 0.256109 0.626599 0.390963 0.677636 -0.577556 0.266862 0.626870 0.390840 0.677636 -0.577556 0.272727 0.627116 0.390717 0.677636 -0.577556 0.270772 
0.625984 0.391117 0.687703 -0.603512 0.245357 0.626304 0.391040 0.687703 -0.603512 0.256109 0.626599 0.390963 0.677636 -0.577556 0.266862 0.626870 0.390840 0.677636 -0.577556 0.272727 0.627116 0.390717 0.677636 -0.577556 0.270772 0.627362 0.390579 0.677636 -0.577556 0.267840 
0.626304 0.391040 0.687703 -0.603512 0.256109 0.626599 0.390963 0.677636 -0.577556 0.266862 0.626870 0.390840 0.677636 -0.577556 0.272727 0.627116 0.390717 0.677636 -0.577556 0.270772 0.627362 0.390579 0.677636 -0.577556 0.267840 0.627584 0.390440 0.677636 -0.577556 0.267840 
0.626599 0.390963 0.677636 -0.577556 0.266862 0.626870 0.390840 0.677636 -0.577556 0.272727 0.627116 0.390717 0.677636 -0.577556 0.270772 0.627362 0.390579 0.677636 -0.577556 0.267840 0.627584 0.390440 0.677636 -0.577556 0.267840 0.627780 0.390302 0.701606 -0.583524 0.265885 
0.626870 0.390840 0.677636 -0.577556 0.272727 0.627116 0.390717 0.677636 -0.577556 0.270772 0.627362 0.390579 0.677636 -0.577556 0.267840 0.627584 0.390440 0.677636 -0.577556 0.267840 0.627780 0.390302 0.701606 -0.583524 0.265885 0.627928 0.390179 0.701606 -0.583524 0.265885 
0.627116 0.390717 0.677636 -0.577556 0.270772 0.627362 0.390579 0.677636 -0.577556 0.267840 0.627584 0.390440 0.677636 -0.577556 0.267840 0.627780 0.390302 0.701606 -0.583524 0.265885 0.627928 0.390179 0.701606 -0.583524 0.265885 0.628051 0.390071 0.701606 -0.583524 0.264907 
0.627362 0.390579 0.677636 -0.577556 0.267840 0.627584 0.390440 0.677636 -0.577556 0.267840 0.627780 0.390302 0.701606 -0.583524 0.265885 0.627928 0.390179 0.701606 -0.583524 0.265885 0.628051 0.390071 0.701606 -0.583524 0.264907 0.628150 0.389964 0.694770 -0.593656 0.264907 
0.627584 0.390440 0.677636 -0.577556 0.267840 0.627780 0.390302 0.701606 -0.583524 0.265885 0.627928 0.390179 0.701606 -0.583524 0.265885 0.628051 0.390071 0.701606 -0.583524 0.264907 0.628150 0.389964 0.694770 -0.593656 0.264907 0.628199 0.389902 0.694770 -0.593656 0.264907 
0.627780 0.390302 0.701606 -0.583524 0.265885 0.627928 0.390179 0.701606 -0.583524 0.265885 0.628051 0.390071 0.701606 -0.583524 0.264907 0.628150 0.389964 0.694770 -0.593656 0.264907 0.628199 0.389902 0.694770 -0.593656 0.264907 0.628248 0.389871 0.694770 -0.593656 0.263930 
0.627928 0.390179 0.701606 -0.583524 0.265885 0.628051 0.390071 0.701606 -0.583524 0.264907 0.628150 0.389964 0.694770 -0.593656 0.264907 0.628199 0.389902 0.694770 -0.593656 0.264907 0.628248 0.389871 0.694770 -0.593656 0.263930 0.628248 0.389856 0.687703 -0.603512 0.263930 
0.628051 0.390071 0.701606 -0.583524 0.264907 0.628150 0.389964 0.694770 -0.593656 0.264907 0.628199 0.389902 0.694770 -0.593656 0.264907 0.628248 0.389871 0.694770 -0.593656 0.263930 0.628248 0.389856 0.687703 -0.603512 0.263930 0.628248 0.389841 0.687703 -0.603512 0.265885 
0.628150 0.389964 0.694770 -0.593656 0.264907 0.628199 0.389902 0.694770 -0.593656 0.264907 0.628248 0.389871 0.694770 -0.593656 0.263930 0.628248 0.389856 0.687703 -0.603512 0.263930 0.628248 0.389841 0.687703 -0.603512 0.265885 0.628273 0.389841 0.687703 -0.603512 0.269795 
0.628199 0.389902 0.694770 -0.593656 0.264907 0.628248 0.389871 0.694770 -0.593656 0.263930 0.628248 0.389856 0.687703 -0.603512 0.263930 0.628248 0.389841 0.687703 -0.603512 0.265885 0.628273 0.389841 0.687703 -0.603512 0.269795 0.628248 0.389887 0.680402 -0.613096 0.397849 
0.628248 0.389871 0.694770 -0.593656 0.263930 0.628248 0.389856 0.687703 -0.603512 0.263930 0.628248 0.389841 0.687703 -0.603512 0.265885 0.628273 0.389841 0.687703 -0.603512 0.269795 0.628248 0.389887 0.680402 -0.613096 0.397849 0.627904 0.390071 0.680402 -0.613096 0.410557 
0.628248 0.389856 0.687703 -0.603512 0.263930 0.628248 0.389841 0.687703 -0.603512 0.265885 0.628273 0.389841 0.687703 -0.603512 0.269795 0.628248 0.389887 0.680402 -0.613096 0.397849 0.627904 0.390071 0.680402 -0.613096 0.410557 0.627510 0.390333 0.687703 -0.603512 0.424242 
0.628248 0.389841 0.687703 -0.603512 0.265885 0.628273 0.389841 0.687703 -0.603512 0.269795 0.628248 0.389887 0.680402 -0.613096 0.397849 0.627904 0.390071 0.680402 -0.613096 0.410557 0.627510 0.390333 0.687703 -0.603512 0.424242 0.626919 0.390625 0.687703 -0.603512 0.435973 
0.628273 0.389841 0.687703 -0.603512 0.269795 0.628248 0.389887 0.680402 -0.613096 0.397849 0.627904 0.390071 0.680402 -0.613096 0.410557 0.627510 0.390333 0.687703 -0.603512 0.424242 0.626919 0.390625 0.687703 -0.603512 0.435973 0.626230 0.390979 0.687703 -0.603512 0.445748 
0.628248 0.389887 0.680402 -0.613096 0.397849 0.627904 0.390071 0.680402 -0.613096 0.410557 0.627510 0.390333 0.687703 -0.603512 0.424242 0.626919 0.390625 0.687703 -0.603512 0.435973 0.626230 0.390979 0.687703 -0.603512 0.445748 0.625418 0.391348 0.687703 -0.603512 0.453568 
