0.622933 0.340736 0.308740 -0.719553 0.611926 0.623597 0.340151 0.308740 -0.719553 0.608993 0.624114 0.339675 0.308740 -0.719553 0.609971 0.624532 0.339275 0.308740 -0.719553 0.612903 0.624852 0.338952 0.294754 -0.722618 0.612903 0.625074 0.338736 0.294754 -0.722618 0.611926 
0.623597 0.340151 0.308740 -0.719553 0.608993 0.624114 0.339675 0.308740 -0.719553 0.609971 0.624532 0.339275 0.308740 -0.719553 0.612903 0.624852 0.338952 0.294754 -0.722618 0.612903 0.625074 0.338736 0.294754 -0.722618 0.611926 0.625246 0.338583 0.294754 -0.722618 0.610948 
0.624114 0.339675 0.308740 -0.719553 0.609971 0.624532 0.339275 0.308740 -0.719553 0.612903 0.624852 0.338952 0.294754 -0.722618 0.612903 0.625074 0.338736 0.294754 -0.722618 0.611926 0.625246 0.338583 0.294754 -0.722618 0.610948 0.625345 0.338490 0.294754 -0.722618 0.612903 
0.624532 0.339275 0.308740 -0.719553 0.612903 0.624852 0.338952 0.294754 -0.722618 0.612903 0.625074 0.338736 0.294754 -0.722618 0.611926 0.625246 0.338583 0.294754 -0.722618 0.610948 0.625345 0.338490 0.294754 -0.722618 0.612903 0.625394 0.338414 0.294754 -0.722618 0.614858 
0.624852 0.338952 0.294754 -0.722618 0.612903 0.625074 0.338736 0.294754 -0.722618 0.611926 0.625246 0.338583 0.294754 -0.722618 0.610948 0.625345 0.338490 0.294754 -0.722618 0.612903 0.625394 0.338414 0.294754 -0.722618 0.614858 0.625443 0.338398 0.294754 -0.722618 0.618768 
0.625074 0.338736 0.294754 -0.722618 0.611926 0.625246 0.338583 0.294754 -0.722618 0.610948 0.625345 0.338490 0.294754 -0.722618 0.612903 0.625394 0.338414 0.294754 -0.722618 0.614858 0.625443 0.338398 0.294754 -0.722618 0.618768 0.625468 0.338383 0.294754 -0.722618 0.620723 
0.625246 0.338583 0.294754 -0.722618 0.610948 0.625345 0.338490 0.294754 -0.722618 0.612903 0.625394 0.338414 0.294754 -0.722618 0.614858 0.625443 0.338398 0.294754 -0.722618 0.618768 0.625468 0.338383 0.294754 -0.722618 0.620723 0.625492 0.338383 0.298740 -0.702227 0.663734 
0.625345 0.338490 0.294754 -0.722618 0.612903 0.625394 0.338414 0.294754 -0.722618 0.614858 0.625443 0.338398 0.294754 -0.722618 0.618768 0.625468 0.338383 0.294754 -0.722618 0.620723 0.625492 0.338383 0.298740 -0.702227 0.663734 0.625517 0.338383 0.298740 -0.702227 0.661779 
0.625394 0.338414 0.294754 -0.722618 0.614858 0.625443 0.338398 0.294754 -0.722618 0.618768 0.625468 0.338383 0.294754 -0.722618 0.620723 0.625492 0.338383 0.298740 -0.702227 0.663734 0.625517 0.338383 0.298740 -0.702227 0.661779 0.625541 0.338383 0.312128 -0.699011 0.652981 
0.625443 0.338398 0.294754 -0.722618 0.618768 0.625468 0.338383 0.294754 -0.722618 0.620723 0.625492 0.338383 0.298740 -0.702227 0.663734 0.625517 0.338383 0.298740 -0.702227 0.661779 0.625541 0.338383 0.312128 -0.699011 0.652981 0.625566 0.338383 0.314811 -0.678382 0.652004 
0.625468 0.338383 0.294754 -0.722618 0.620723 0.625492 0.338383 0.298740 -0.702227 0.663734 0.625517 0.338383 0.298740 -0.702227 0.661779 0.625541 0.338383 0.312128 -0.699011 0.652981 0.625566 0.338383 0.314811 -0.678382 0.652004 0.625591 0.338383 0.314811 -0.678382 0.649071 
0.625492 0.338383 0.298740 -0.702227 0.663734 0.625517 0.338383 0.298740 -0.702227 0.661779 0.625541 0.338383 0.312128 -0.699011 0.652981 0.625566 0.338383 0.314811 -0.678382 0.652004 0.625591 0.338383 0.314811 -0.678382 0.649071 0.625615 0.338367 0.314811 -0.678382 0.647116 
0.625517 0.338383 0.298740 -0.702227 0.661779 0.625541 0.338383 0.312128 -0.699011 0.652981 0.625566 0.338383 0.314811 -0.678382 0.652004 0.625591 0.338383 0.314811 -0.678382 0.649071 0.625615 0.338367 0.314811 -0.678382 0.647116 0.625640 0.338352 0.314811 -0.678382 0.640274 
0.625541 0.338383 0.312128 -0.699011 0.652981 0.625566 0.338383 0.314811 -0.678382 0.652004 0.625591 0.338383 0.314811 -0.678382 0.649071 0.625615 0.338367 0.314811 -0.678382 0.647116 0.625640 0.338352 0.314811 -0.678382 0.640274 0.625640 0.338337 0.314811 -0.678382 0.634409 
0.625566 0.338383 0.314811 -0.678382 0.652004 0.625591 0.338383 0.314811 -0.678382 0.649071 0.625615 0.338367 0.314811 -0.678382 0.647116 0.625640 0.338352 0.314811 -0.678382 0.640274 0.625640 0.338337 0.314811 -0.678382 0.634409 0.625664 0.338321 0.314811 -0.678382 0.629521 
0.625591 0.338383 0.314811 -0.678382 0.649071 0.625615 0.338367 0.314811 -0.678382 0.647116 0.625640 0.338352 0.314811 -0.678382 0.640274 0.625640 0.338337 0.314811 -0.678382 0.634409 0.625664 0.338321 0.314811 -0.678382 0.629521 0.625689 0.338290 0.327431 -0.674852 0.622678 
0.625615 0.338367 0.314811 -0.678382 0.647116 0.625640 0.338352 0.314811 -0.678382 0.640274 0.625640 0.338337 0.314811 -0.678382 0.634409 0.625664 0.338321 0.314811 -0.678382 0.629521 0.625689 0.338290 0.327431 -0.674852 0.622678 0.625714 0.338260 0.327431 -0.674852 0.617791 
0.625640 0.338352 0.314811 -0.678382 0.640274 0.625640 0.338337 0.314811 -0.678382 0.634409 0.625664 0.338321 0.314811 -0.678382 0.629521 0.625689 0.338290 0.327431 -0.674852 0.622678 0.625714 0.338260 0.327431 -0.674852 0.617791 0.625738 0.338244 0.327431 -0.674852 0.611926 
0.625640 0.338337 0.314811 -0.678382 0.634409 0.625664 0.338321 0.314811 -0.678382 0.629521 0.625689 0.338290 0.327431 -0.674852 0.622678 0.625714 0.338260 0.327431 -0.674852 0.617791 0.625738 0.338244 0.327431 -0.674852 0.611926 0.625738 0.338229 0.327431 -0.674852 0.608016 
0.625664 0.338321 0.314811 -0.678382 0.629521 0.625689 0.338290 0.327431 -0.674852 0.622678 0.625714 0.338260 0.327431 -0.674852 0.617791 0.625738 0.338244 0.327431 -0.674852 0.611926 0.625738 0.338229 0.327431 -0.674852 0.608016 0.625738 0.338214 0.327431 -0.674852 0.603128 
0.625689 0.338290 0.327431 -0.674852 0.622678 0.625714 0.338260 0.327431 -0.674852 0.617791 0.625738 0.338244 0.327431 -0.674852 0.611926 0.625738 0.338229 0.327431 -0.674852 0.608016 0.625738 0.338214 0.327431 -0.674852 0.603128 0.625763 0.338198 0.327431 -0.674852 0.601173 
0.625714 0.338260 0.327431 -0.674852 0.617791 0.625738 0.338244 0.327431 -0.674852 0.611926 0.625738 0.338229 0.327431 -0.674852 0.608016 0.625738 0.338214 0.327431 -0.674852 0.603128 0.625763 0.338198 0.327431 -0.674852 0.601173 0.625763 0.338183 0.351057 -0.688347 0.602151 
0.625738 0.338244 0.327431 -0.674852 0.611926 0.625738 0.338229 0.327431 -0.674852 0.608016 0.625738 0.338214 0.327431 -0.674852 0.603128 0.625763 0.338198 0.327431 -0.674852 0.601173 0.625763 0.338183 0.351057 -0.688347 0.602151 0.625763 0.338167 0.351057 -0.688347 0.608016 
0.625738 0.338229 0.327431 -0.674852 0.608016 0.625738 0.338214 0.327431 -0.674852 0.603128 0.625763 0.338198 0.327431 -0.674852 0.601173 0.625763 0.338183 0.351057 -0.688347 0.602151 0.625763 0.338167 0.351057 -0.688347 0.608016 0.625763 0.338152 0.352070 -0.667283 0.624633 
0.625738 0.338214 0.327431 -0.674852 0.603128 0.625763 0.338198 0.327431 -0.674852 0.601173 0.625763 0.338183 0.351057 -0.688347 0.602151 0.625763 0.338167 0.351057 -0.688347 0.608016 0.625763 0.338152 0.352070 -0.667283 0.624633 0.625763 0.338137 0.364082 -0.663240 0.627566 
0.625763 0.338198 0.327431 -0.674852 0.601173 0.625763 0.338183 0.351057 -0.688347 0.602151 0.625763 0.338167 0.351057 -0.688347 0.608016 0.625763 0.338152 0.352070 -0.667283 0.624633 0.625763 0.338137 0.364082 -0.663240 0.627566 0.625763 0.338121 0.364082 -0.663240 0.632454 
0.625763 0.338183 0.351057 -0.688347 0.602151 0.625763 0.338167 0.351057 -0.688347 0.608016 0.625763 0.338152 0.352070 -0.667283 0.624633 0.625763 0.338137 0.364082 -0.663240 0.627566 0.625763 0.338121 0.364082 -0.663240 0.632454 0.625738 0.338121 0.327431 -0.674852 0.516129 
0.625763 0.338167 0.351057 -0.688347 0.608016 0.625763 0.338152 0.352070 -0.667283 0.624633 0.625763 0.338137 0.364082 -0.663240 0.627566 0.625763 0.338121 0.364082 -0.663240 0.632454 0.625738 0.338121 0.327431 -0.674852 0.516129 0.625615 0.338121 0.327431 -0.674852 0.500489 
0.625763 0.338152 0.352070 -0.667283 0.624633 0.625763 0.338137 0.364082 -0.663240 0.627566 0.625763 0.338121 0.364082 -0.663240 0.632454 0.625738 0.338121 0.327431 -0.674852 0.516129 0.625615 0.338121 0.327431 -0.674852 0.500489 0.625443 0.338121 0.327431 -0.674852 0.489736 
0.625763 0.338137 0.364082 -0.663240 0.627566 0.625763 0.338121 0.364082 -0.663240 0.632454 0.625738 0.338121 0.327431 -0.674852 0.516129 0.625615 0.338121 0.327431 -0.674852 0.500489 0.625443 0.338121 0.327431 -0.674852 0.489736 0.625197 0.338121 0.325314 -0.695627 0.478983 
