0.626550 0.400852 0.694770 -0.593656 0.425220 0.627534 0.400406 0.694770 -0.593656 0.437928 0.628494 0.399975 0.694770 -0.593656 0.441838 0.629405 0.399560 0.694770 -0.593656 0.437928 0.630241 0.399176 0.694770 -0.593656 0.437928 0.631029 0.398807 0.694770 -0.593656 0.436950 
0.627534 0.400406 0.694770 -0.593656 0.437928 0.628494 0.399975 0.694770 -0.593656 0.441838 0.629405 0.399560 0.694770 -0.593656 0.437928 0.630241 0.399176 0.694770 -0.593656 0.437928 0.631029 0.398807 0.694770 -0.593656 0.436950 0.631718 0.398453 0.694770 -0.593656 0.435973 
0.628494 0.399975 0.694770 -0.593656 0.441838 0.629405 0.399560 0.694770 -0.593656 0.437928 0.630241 0.399176 0.694770 -0.593656 0.437928 0.631029 0.398807 0.694770 -0.593656 0.436950 0.631718 0.398453 0.694770 -0.593656 0.435973 0.632357 0.398145 0.718929 -0.599744 0.438905 
0.629405 0.399560 0.694770 -0.593656 0.437928 0.630241 0.399176 0.694770 -0.593656 0.437928 0.631029 0.398807 0.694770 -0.593656 0.436950 0.631718 0.398453 0.694770 -0.593656 0.435973 0.632357 0.398145 0.718929 -0.599744 0.438905 0.632874 0.397884 0.718929 -0.599744 0.437928 
0.630241 0.399176 0.694770 -0.593656 0.437928 0.631029 0.398807 0.694770 -0.593656 0.436950 0.631718 0.398453 0.694770 -0.593656 0.435973 0.632357 0.398145 0.718929 -0.599744 0.438905 0.632874 0.397884 0.718929 -0.599744 0.437928 0.633292 0.397669 0.718929 -0.599744 0.434995 
0.631029 0.398807 0.694770 -0.593656 0.436950 0.631718 0.398453 0.694770 -0.593656 0.435973 0.632357 0.398145 0.718929 -0.599744 0.438905 0.632874 0.397884 0.718929 -0.599744 0.437928 0.633292 0.397669 0.718929 -0.599744 0.434995 0.633661 0.397484 0.718929 -0.599744 0.438905 
0.631718 0.398453 0.694770 -0.593656 0.435973 0.632357 0.398145 0.718929 -0.599744 0.438905 0.632874 0.397884 0.718929 -0.599744 0.437928 0.633292 0.397669 0.718929 -0.599744 0.434995 0.633661 0.397484 0.718929 -0.599744 0.438905 0.633932 0.397346 0.718929 -0.599744 0.439883 
0.632357 0.398145 0.718929 -0.599744 0.438905 0.632874 0.397884 0.718929 -0.599744 0.437928 0.633292 0.397669 0.718929 -0.599744 0.434995 0.633661 0.397484 0.718929 -0.599744 0.438905 0.633932 0.397346 0.718929 -0.599744 0.439883 0.634104 0.397269 0.718929 -0.599744 0.437928 
0.632874 0.397884 0.718929 -0.599744 0.437928 0.633292 0.397669 0.718929 -0.599744 0.434995 0.633661 0.397484 0.718929 -0.599744 0.438905 0.633932 0.397346 0.718929 -0.599744 0.439883 0.634104 0.397269 0.718929 -0.599744 0.437928 0.634203 0.397238 0.718929 -0.599744 0.434018 
0.633292 0.397669 0.718929 -0.599744 0.434995 0.633661 0.397484 0.718929 -0.599744 0.438905 0.633932 0.397346 0.718929 -0.599744 0.439883 0.634104 0.397269 0.718929 -0.599744 0.437928 0.634203 0.397238 0.718929 -0.599744 0.434018 0.634252 0.397223 0.718929 -0.599744 0.430108 
0.633661 0.397484 0.718929 -0.599744 0.438905 0.633932 0.397346 0.718929 -0.599744 0.439883 0.634104 0.397269 0.718929 -0.599744 0.437928 0.634203 0.397238 0.718929 -0.599744 0.434018 0.634252 0.397223 0.718929 -0.599744 0.430108 0.634252 0.397207 0.718929 -0.599744 0.429130 
0.633932 0.397346 0.718929 -0.599744 0.439883 0.634104 0.397269 0.718929 -0.599744 0.437928 0.634203 0.397238 0.718929 -0.599744 0.434018 0.634252 0.397223 0.718929 -0.599744 0.430108 0.634252 0.397207 0.718929 -0.599744 0.429130 0.634129 0.397223 0.718929 -0.599744 0.342131 
0.634104 0.397269 0.718929 -0.599744 0.437928 0.634203 0.397238 0.718929 -0.599744 0.434018 0.634252 0.397223 0.718929 -0.599744 0.430108 0.634252 0.397207 0.718929 -0.599744 0.429130 0.634129 0.397223 0.718929 -0.599744 0.342131 0.633957 0.397299 0.718929 -0.599744 0.300098 
0.634203 0.397238 0.718929 -0.599744 0.434018 0.634252 0.397223 0.718929 -0.599744 0.430108 0.634252 0.397207 0.718929 -0.599744 0.429130 0.634129 0.397223 0.718929 -0.599744 0.342131 0.633957 0.397299 0.718929 -0.599744 0.300098 0.633735 0.397392 0.718929 -0.599744 0.260997 
0.634252 0.397223 0.718929 -0.599744 0.430108 0.634252 0.397207 0.718929 -0.599744 0.429130 0.634129 0.397223 0.718929 -0.599744 0.342131 0.633957 0.397299 0.718929 -0.599744 0.300098 0.633735 0.397392 0.718929 -0.599744 0.260997 0.633415 0.397530 0.718929 -0.599744 0.224829 
0.634252 0.397207 0.718929 -0.599744 0.429130 0.634129 0.397223 0.718929 -0.599744 0.342131 0.633957 0.397299 0.718929 -0.599744 0.300098 0.633735 0.397392 0.718929 -0.599744 0.260997 0.633415 0.397530 0.718929 -0.599744 0.224829 0.633046 0.397669 0.718929 -0.599744 0.186706 
0.634129 0.397223 0.718929 -0.599744 0.342131 0.633957 0.397299 0.718929 -0.599744 0.300098 0.633735 0.397392 0.718929 -0.599744 0.260997 0.633415 0.397530 0.718929 -0.599744 0.224829 0.633046 0.397669 0.718929 -0.599744 0.186706 0.632603 0.397822 0.718929 -0.599744 0.136852 
0.633957 0.397299 0.718929 -0.599744 0.300098 0.633735 0.397392 0.718929 -0.599744 0.260997 0.633415 0.397530 0.718929 -0.599744 0.224829 0.633046 0.397669 0.718929 -0.599744 0.186706 0.632603 0.397822 0.718929 -0.599744 0.136852 0.632111 0.398022 0.718929 -0.599744 0.090909 
0.633735 0.397392 0.718929 -0.599744 0.260997 0.633415 0.397530 0.718929 -0.599744 0.224829 0.633046 0.397669 0.718929 -0.599744 0.186706 0.632603 0.397822 0.718929 -0.599744 0.136852 0.632111 0.398022 0.718929 -0.599744 0.090909 0.631570 0.398238 0.718929 -0.599744 0.057674 
0.633415 0.397530 0.718929 -0.599744 0.224829 0.633046 0.397669 0.718929 -0.599744 0.186706 0.632603 0.397822 0.718929 -0.599744 0.136852 0.632111 0.398022 0.718929 -0.599744 0.090909 0.631570 0.398238 0.718929 -0.599744 0.057674 0.630979 0.398484 0.718929 -0.599744 0.028348 
0.633046 0.397669 0.718929 -0.599744 0.186706 0.632603 0.397822 0.718929 -0.599744 0.136852 0.632111 0.398022 0.718929 -0.599744 0.090909 0.631570 0.398238 0.718929 -0.599744 0.057674 0.630979 0.398484 0.718929 -0.599744 0.028348 0.629601 0.399022 0.718929 -0.599744 0.000000 
