0.624606 0.382490 0.108085 -0.551649 0.926686 0.624606 0.379844 0.108085 -0.551649 0.942326 0.624705 0.377338 0.086747 -0.554120 0.947214 0.624779 0.374769 0.086747 -0.554120 0.932551 0.624951 0.372247 0.086747 -0.554120 0.932551 0.625172 0.369817 0.086747 -0.554120 0.944282 
0.624606 0.379844 0.108085 -0.551649 0.942326 0.624705 0.377338 0.086747 -0.554120 0.947214 0.624779 0.374769 0.086747 -0.554120 0.932551 0.624951 0.372247 0.086747 -0.554120 0.932551 0.625172 0.369817 0.086747 -0.554120 0.944282 0.625320 0.367357 0.086747 -0.554120 0.950147 
0.624705 0.377338 0.086747 -0.554120 0.947214 0.624779 0.374769 0.086747 -0.554120 0.932551 0.624951 0.372247 0.086747 -0.554120 0.932551 0.625172 0.369817 0.086747 -0.554120 0.944282 0.625320 0.367357 0.086747 -0.554120 0.950147 0.625492 0.365096 0.086747 -0.554120 0.929619 
0.624779 0.374769 0.086747 -0.554120 0.932551 0.624951 0.372247 0.086747 -0.554120 0.932551 0.625172 0.369817 0.086747 -0.554120 0.944282 0.625320 0.367357 0.086747 -0.554120 0.950147 0.625492 0.365096 0.086747 -0.554120 0.929619 0.625615 0.362820 0.086747 -0.554120 0.930596 
0.624951 0.372247 0.086747 -0.554120 0.932551 0.625172 0.369817 0.086747 -0.554120 0.944282 0.625320 0.367357 0.086747 -0.554120 0.950147 0.625492 0.365096 0.086747 -0.554120 0.929619 0.625615 0.362820 0.086747 -0.554120 0.930596 0.625812 0.360605 0.086747 -0.554120 0.929619 
0.625172 0.369817 0.086747 -0.554120 0.944282 0.625320 0.367357 0.086747 -0.554120 0.950147 0.625492 0.365096 0.086747 -0.554120 0.929619 0.625615 0.362820 0.086747 -0.554120 0.930596 0.625812 0.360605 0.086747 -0.554120 0.929619 0.625960 0.358468 0.086747 -0.554120 0.910068 
0.625320 0.367357 0.086747 -0.554120 0.950147 0.625492 0.365096 0.086747 -0.554120 0.929619 0.625615 0.362820 0.086747 -0.554120 0.930596 0.625812 0.360605 0.086747 -0.554120 0.929619 0.625960 0.358468 0.086747 -0.554120 0.910068 0.626107 0.356484 0.086747 -0.554120 0.927664 
0.625492 0.365096 0.086747 -0.554120 0.929619 0.625615 0.362820 0.086747 -0.554120 0.930596 0.625812 0.360605 0.086747 -0.554120 0.929619 0.625960 0.358468 0.086747 -0.554120 0.910068 0.626107 0.356484 0.086747 -0.554120 0.927664 0.626255 0.354469 0.086747 -0.554120 0.925709 
0.625615 0.362820 0.086747 -0.554120 0.930596 0.625812 0.360605 0.086747 -0.554120 0.929619 0.625960 0.358468 0.086747 -0.554120 0.910068 0.626107 0.356484 0.086747 -0.554120 0.927664 0.626255 0.354469 0.086747 -0.554120 0.925709 0.626403 0.352470 0.086747 -0.554120 0.920821 
0.625812 0.360605 0.086747 -0.554120 0.929619 0.625960 0.358468 0.086747 -0.554120 0.910068 0.626107 0.356484 0.086747 -0.554120 0.927664 0.626255 0.354469 0.086747 -0.554120 0.925709 0.626403 0.352470 0.086747 -0.554120 0.920821 0.626550 0.350594 0.086747 -0.554120 0.916911 
0.625960 0.358468 0.086747 -0.554120 0.910068 0.626107 0.356484 0.086747 -0.554120 0.927664 0.626255 0.354469 0.086747 -0.554120 0.925709 0.626403 0.352470 0.086747 -0.554120 0.920821 0.626550 0.350594 0.086747 -0.554120 0.916911 0.626772 0.348748 0.086747 -0.554120 0.918866 
0.626107 0.356484 0.086747 -0.554120 0.927664 0.626255 0.354469 0.086747 -0.554120 0.925709 0.626403 0.352470 0.086747 -0.554120 0.920821 0.626550 0.350594 0.086747 -0.554120 0.916911 0.626772 0.348748 0.086747 -0.554120 0.918866 0.626993 0.347056 0.086747 -0.554120 0.919844 
0.626255 0.354469 0.086747 -0.554120 0.925709 0.626403 0.352470 0.086747 -0.554120 0.920821 0.626550 0.350594 0.086747 -0.554120 0.916911 0.626772 0.348748 0.086747 -0.554120 0.918866 0.626993 0.347056 0.086747 -0.554120 0.919844 0.627165 0.345365 0.086747 -0.554120 0.920821 
0.626403 0.352470 0.086747 -0.554120 0.920821 0.626550 0.350594 0.086747 -0.554120 0.916911 0.626772 0.348748 0.086747 -0.554120 0.918866 0.626993 0.347056 0.086747 -0.554120 0.919844 0.627165 0.345365 0.086747 -0.554120 0.920821 0.627387 0.343735 0.065224 -0.556040 0.921799 
0.626550 0.350594 0.086747 -0.554120 0.916911 0.626772 0.348748 0.086747 -0.554120 0.918866 0.626993 0.347056 0.086747 -0.554120 0.919844 0.627165 0.345365 0.086747 -0.554120 0.920821 0.627387 0.343735 0.065224 -0.556040 0.921799 0.627633 0.342028 0.065224 -0.556040 0.924731 
0.626772 0.348748 0.086747 -0.554120 0.918866 0.626993 0.347056 0.086747 -0.554120 0.919844 0.627165 0.345365 0.086747 -0.554120 0.920821 0.627387 0.343735 0.065224 -0.556040 0.921799 0.627633 0.342028 0.065224 -0.556040 0.924731 0.627928 0.340413 0.065224 -0.556040 0.926686 
0.626993 0.347056 0.086747 -0.554120 0.919844 0.627165 0.345365 0.086747 -0.554120 0.920821 0.627387 0.343735 0.065224 -0.556040 0.921799 0.627633 0.342028 0.065224 -0.556040 0.924731 0.627928 0.340413 0.065224 -0.556040 0.926686 0.628223 0.338875 0.065224 -0.556040 0.920821 
0.627165 0.345365 0.086747 -0.554120 0.920821 0.627387 0.343735 0.065224 -0.556040 0.921799 0.627633 0.342028 0.065224 -0.556040 0.924731 0.627928 0.340413 0.065224 -0.556040 0.926686 0.628223 0.338875 0.065224 -0.556040 0.920821 0.628543 0.337383 0.065224 -0.556040 0.919844 
0.627387 0.343735 0.065224 -0.556040 0.921799 0.627633 0.342028 0.065224 -0.556040 0.924731 0.627928 0.340413 0.065224 -0.556040 0.926686 0.628223 0.338875 0.065224 -0.556040 0.920821 0.628543 0.337383 0.065224 -0.556040 0.919844 0.628888 0.335938 0.065224 -0.556040 0.923754 
0.627633 0.342028 0.065224 -0.556040 0.924731 0.627928 0.340413 0.065224 -0.556040 0.926686 0.628223 0.338875 0.065224 -0.556040 0.920821 0.628543 0.337383 0.065224 -0.556040 0.919844 0.628888 0.335938 0.065224 -0.556040 0.923754 0.629232 0.334553 0.073096 -0.537755 0.907136 
0.627928 0.340413 0.065224 -0.556040 0.926686 0.628223 0.338875 0.065224 -0.556040 0.920821 0.628543 0.337383 0.065224 -0.556040 0.919844 0.628888 0.335938 0.065224 -0.556040 0.923754 0.629232 0.334553 0.073096 -0.537755 0.907136 0.629577 0.333231 0.073096 -0.537755 0.917889 
0.628223 0.338875 0.065224 -0.556040 0.920821 0.628543 0.337383 0.065224 -0.556040 0.919844 0.628888 0.335938 0.065224 -0.556040 0.923754 0.629232 0.334553 0.073096 -0.537755 0.907136 0.629577 0.333231 0.073096 -0.537755 0.917889 0.629946 0.331985 0.052321 -0.539370 0.915934 
0.628543 0.337383 0.065224 -0.556040 0.919844 0.628888 0.335938 0.065224 -0.556040 0.923754 0.629232 0.334553 0.073096 -0.537755 0.907136 0.629577 0.333231 0.073096 -0.537755 0.917889 0.629946 0.331985 0.052321 -0.539370 0.915934 0.630290 0.330878 0.052321 -0.539370 0.912023 
0.628888 0.335938 0.065224 -0.556040 0.923754 0.629232 0.334553 0.073096 -0.537755 0.907136 0.629577 0.333231 0.073096 -0.537755 0.917889 0.629946 0.331985 0.052321 -0.539370 0.915934 0.630290 0.330878 0.052321 -0.539370 0.912023 0.630586 0.329832 0.052321 -0.539370 0.908113 
0.629232 0.334553 0.073096 -0.537755 0.907136 0.629577 0.333231 0.073096 -0.537755 0.917889 0.629946 0.331985 0.052321 -0.539370 0.915934 0.630290 0.330878 0.052321 -0.539370 0.912023 0.630586 0.329832 0.052321 -0.539370 0.908113 0.630881 0.328863 0.052321 -0.539370 0.896383 
0.629577 0.333231 0.073096 -0.537755 0.917889 0.629946 0.331985 0.052321 -0.539370 0.915934 0.630290 0.330878 0.052321 -0.539370 0.912023 0.630586 0.329832 0.052321 -0.539370 0.908113 0.630881 0.328863 0.052321 -0.539370 0.896383 0.631152 0.328033 0.052321 -0.539370 0.899316 
0.629946 0.331985 0.052321 -0.539370 0.915934 0.630290 0.330878 0.052321 -0.539370 0.912023 0.630586 0.329832 0.052321 -0.539370 0.908113 0.630881 0.328863 0.052321 -0.539370 0.896383 0.631152 0.328033 0.052321 -0.539370 0.899316 0.631348 0.327279 0.052321 -0.539370 0.903226 
0.630290 0.330878 0.052321 -0.539370 0.912023 0.630586 0.329832 0.052321 -0.539370 0.908113 0.630881 0.328863 0.052321 -0.539370 0.896383 0.631152 0.328033 0.052321 -0.539370 0.899316 0.631348 0.327279 0.052321 -0.539370 0.903226 0.631521 0.326633 0.052321 -0.539370 0.899316 
0.630586 0.329832 0.052321 -0.539370 0.908113 0.630881 0.328863 0.052321 -0.539370 0.896383 0.631152 0.328033 0.052321 -0.539370 0.899316 0.631348 0.327279 0.052321 -0.539370 0.903226 0.631521 0.326633 0.052321 -0.539370 0.899316 0.631594 0.326126 0.052321 -0.539370 0.894428 
0.630881 0.328863 0.052321 -0.539370 0.896383 0.631152 0.328033 0.052321 -0.539370 0.899316 0.631348 0.327279 0.052321 -0.539370 0.903226 0.631521 0.326633 0.052321 -0.539370 0.899316 0.631594 0.326126 0.052321 -0.539370 0.894428 0.631644 0.325726 0.052321 -0.539370 0.898338 
0.631152 0.328033 0.052321 -0.539370 0.899316 0.631348 0.327279 0.052321 -0.539370 0.903226 0.631521 0.326633 0.052321 -0.539370 0.899316 0.631594 0.326126 0.052321 -0.539370 0.894428 0.631644 0.325726 0.052321 -0.539370 0.898338 0.631693 0.325434 0.052321 -0.539370 0.897361 
0.631348 0.327279 0.052321 -0.539370 0.903226 0.631521 0.326633 0.052321 -0.539370 0.899316 0.631594 0.326126 0.052321 -0.539370 0.894428 0.631644 0.325726 0.052321 -0.539370 0.898338 0.631693 0.325434 0.052321 -0.539370 0.897361 0.631693 0.325249 0.052321 -0.539370 0.891496 
0.631521 0.326633 0.052321 -0.539370 0.899316 0.631594 0.326126 0.052321 -0.539370 0.894428 0.631644 0.325726 0.052321 -0.539370 0.898338 0.631693 0.325434 0.052321 -0.539370 0.897361 0.631693 0.325249 0.052321 -0.539370 0.891496 0.631693 0.325141 0.052321 -0.539370 0.882698 
0.631594 0.326126 0.052321 -0.539370 0.894428 0.631644 0.325726 0.052321 -0.539370 0.898338 0.631693 0.325434 0.052321 -0.539370 0.897361 0.631693 0.325249 0.052321 -0.539370 0.891496 0.631693 0.325141 0.052321 -0.539370 0.882698 0.631693 0.325095 0.052321 -0.539370 0.875855 
0.631644 0.325726 0.052321 -0.539370 0.898338 0.631693 0.325434 0.052321 -0.539370 0.897361 0.631693 0.325249 0.052321 -0.539370 0.891496 0.631693 0.325141 0.052321 -0.539370 0.882698 0.631693 0.325095 0.052321 -0.539370 0.875855 0.631693 0.325049 0.052321 -0.539370 0.867058 
0.631693 0.325434 0.052321 -0.539370 0.897361 0.631693 0.325249 0.052321 -0.539370 0.891496 0.631693 0.325141 0.052321 -0.539370 0.882698 0.631693 0.325095 0.052321 -0.539370 0.875855 0.631693 0.325049 0.052321 -0.539370 0.867058 0.631570 0.325049 0.052321 -0.539370 0.839687 
0.631693 0.325249 0.052321 -0.539370 0.891496 0.631693 0.325141 0.052321 -0.539370 0.882698 0.631693 0.325095 0.052321 -0.539370 0.875855 0.631693 0.325049 0.052321 -0.539370 0.867058 0.631570 0.325049 0.052321 -0.539370 0.839687 0.631348 0.325049 0.052321 -0.539370 0.832845 
0.631693 0.325141 0.052321 -0.539370 0.882698 0.631693 0.325095 0.052321 -0.539370 0.875855 0.631693 0.325049 0.052321 -0.539370 0.867058 0.631570 0.325049 0.052321 -0.539370 0.839687 0.631348 0.325049 0.052321 -0.539370 0.832845 0.631102 0.325049 0.050277 -0.521949 0.824047 
0.631693 0.325095 0.052321 -0.539370 0.875855 0.631693 0.325049 0.052321 -0.539370 0.867058 0.631570 0.325049 0.052321 -0.539370 0.839687 0.631348 0.325049 0.052321 -0.539370 0.832845 0.631102 0.325049 0.050277 -0.521949 0.824047 0.630782 0.325049 0.050277 -0.521949 0.817204 
0.631693 0.325049 0.052321 -0.539370 0.867058 0.631570 0.325049 0.052321 -0.539370 0.839687 0.631348 0.325049 0.052321 -0.539370 0.832845 0.631102 0.325049 0.050277 -0.521949 0.824047 0.630782 0.325049 0.050277 -0.521949 0.817204 0.630389 0.325049 0.050277 -0.521949 0.816227 
0.631570 0.325049 0.052321 -0.539370 0.839687 0.631348 0.325049 0.052321 -0.539370 0.832845 0.631102 0.325049 0.050277 -0.521949 0.824047 0.630782 0.325049 0.050277 -0.521949 0.817204 0.630389 0.325049 0.050277 -0.521949 0.816227 0.629897 0.325049 0.050277 -0.521949 0.817204 
0.631348 0.325049 0.052321 -0.539370 0.832845 0.631102 0.325049 0.050277 -0.521949 0.824047 0.630782 0.325049 0.050277 -0.521949 0.817204 0.630389 0.325049 0.050277 -0.521949 0.816227 0.629897 0.325049 0.050277 -0.521949 0.817204 0.629282 0.325049 0.050277 -0.521949 0.808407 
0.631102 0.325049 0.050277 -0.521949 0.824047 0.630782 0.325049 0.050277 -0.521949 0.817204 0.630389 0.325049 0.050277 -0.521949 0.816227 0.629897 0.325049 0.050277 -0.521949 0.817204 0.629282 0.325049 0.050277 -0.521949 0.808407 0.628617 0.325049 0.050277 -0.521949 0.803519 
0.630782 0.325049 0.050277 -0.521949 0.817204 0.630389 0.325049 0.050277 -0.521949 0.816227 0.629897 0.325049 0.050277 -0.521949 0.817204 0.629282 0.325049 0.050277 -0.521949 0.808407 0.628617 0.325049 0.050277 -0.521949 0.803519 0.627805 0.325034 0.050277 -0.521949 0.802542 
0.630389 0.325049 0.050277 -0.521949 0.816227 0.629897 0.325049 0.050277 -0.521949 0.817204 0.629282 0.325049 0.050277 -0.521949 0.808407 0.628617 0.325049 0.050277 -0.521949 0.803519 0.627805 0.325034 0.050277 -0.521949 0.802542 0.626845 0.324957 0.050277 -0.521949 0.803519 
0.629897 0.325049 0.050277 -0.521949 0.817204 0.629282 0.325049 0.050277 -0.521949 0.808407 0.628617 0.325049 0.050277 -0.521949 0.803519 0.627805 0.325034 0.050277 -0.521949 0.802542 0.626845 0.324957 0.050277 -0.521949 0.803519 0.625763 0.324880 0.050277 -0.521949 0.806452 
0.618922 0.330939 0.081096 -0.748590 0.000000 0.620448 0.330447 0.097167 -0.747752 0.000000 0.621850 0.329970 0.097167 -0.747752 0.000000 0.623155 0.329478 0.109294 -0.729319 0.000000 0.624409 0.329002 0.109294 -0.729319 0.000000 0.625615 0.328509 0.105546 -0.711882 0.000000 
0.620448 0.330447 0.097167 -0.747752 0.000000 0.621850 0.329970 0.097167 -0.747752 0.000000 0.623155 0.329478 0.109294 -0.729319 0.000000 0.624409 0.329002 0.109294 -0.729319 0.000000 0.625615 0.328509 0.105546 -0.711882 0.000000 0.626772 0.328002 0.101906 -0.694450 0.000000 
0.621850 0.329970 0.097167 -0.747752 0.000000 0.623155 0.329478 0.109294 -0.729319 0.000000 0.624409 0.329002 0.109294 -0.729319 0.000000 0.625615 0.328509 0.105546 -0.711882 0.000000 0.626772 0.328002 0.101906 -0.694450 0.000000 0.627904 0.327494 0.098369 -0.677022 0.000000 
0.623155 0.329478 0.109294 -0.729319 0.000000 0.624409 0.329002 0.109294 -0.729319 0.000000 0.625615 0.328509 0.105546 -0.711882 0.000000 0.626772 0.328002 0.101906 -0.694450 0.000000 0.627904 0.327494 0.098369 -0.677022 0.000000 0.628937 0.326987 0.108308 -0.658486 0.000000 
0.624409 0.329002 0.109294 -0.729319 0.000000 0.625615 0.328509 0.105546 -0.711882 0.000000 0.626772 0.328002 0.101906 -0.694450 0.000000 0.627904 0.327494 0.098369 -0.677022 0.000000 0.628937 0.326987 0.108308 -0.658486 0.000000 0.629897 0.326464 0.104492 -0.641078 0.000000 
0.625615 0.328509 0.105546 -0.711882 0.000000 0.626772 0.328002 0.101906 -0.694450 0.000000 0.627904 0.327494 0.098369 -0.677022 0.000000 0.628937 0.326987 0.108308 -0.658486 0.000000 0.629897 0.326464 0.104492 -0.641078 0.000000 0.630782 0.325972 0.100773 -0.623675 0.000000 
0.626772 0.328002 0.101906 -0.694450 0.000000 0.627904 0.327494 0.098369 -0.677022 0.000000 0.628937 0.326987 0.108308 -0.658486 0.000000 0.629897 0.326464 0.104492 -0.641078 0.000000 0.630782 0.325972 0.100773 -0.623675 0.000000 0.631619 0.325541 0.085128 -0.607354 0.000000 
0.627904 0.327494 0.098369 -0.677022 0.000000 0.628937 0.326987 0.108308 -0.658486 0.000000 0.629897 0.326464 0.104492 -0.641078 0.000000 0.630782 0.325972 0.100773 -0.623675 0.000000 0.631619 0.325541 0.085128 -0.607354 0.000000 0.632357 0.325126 0.085128 -0.607354 0.000000 
0.628937 0.326987 0.108308 -0.658486 0.000000 0.629897 0.326464 0.104492 -0.641078 0.000000 0.630782 0.325972 0.100773 -0.623675 0.000000 0.631619 0.325541 0.085128 -0.607354 0.000000 0.632357 0.325126 0.085128 -0.607354 0.000000 0.632997 0.324772 0.082018 -0.589948 0.000000 
0.629897 0.326464 0.104492 -0.641078 0.000000 0.630782 0.325972 0.100773 -0.623675 0.000000 0.631619 0.325541 0.085128 -0.607354 0.000000 0.632357 0.325126 0.085128 -0.607354 0.000000 0.632997 0.324772 0.082018 -0.589948 0.000000 0.633538 0.324480 0.090135 -0.571501 0.000000 
0.630782 0.325972 0.100773 -0.623675 0.000000 0.631619 0.325541 0.085128 -0.607354 0.000000 0.632357 0.325126 0.085128 -0.607354 0.000000 0.632997 0.324772 0.082018 -0.589948 0.000000 0.633538 0.324480 0.090135 -0.571501 0.000000 0.633957 0.324250 0.090135 -0.571501 0.000000 
0.631619 0.325541 0.085128 -0.607354 0.000000 0.632357 0.325126 0.085128 -0.607354 0.000000 0.632997 0.324772 0.082018 -0.589948 0.000000 0.633538 0.324480 0.090135 -0.571501 0.000000 0.633957 0.324250 0.090135 -0.571501 0.000000 0.634326 0.324080 0.090135 -0.571501 0.242424 
0.632357 0.325126 0.085128 -0.607354 0.000000 0.632997 0.324772 0.082018 -0.589948 0.000000 0.633538 0.324480 0.090135 -0.571501 0.000000 0.633957 0.324250 0.090135 -0.571501 0.000000 0.634326 0.324080 0.090135 -0.571501 0.242424 0.634621 0.323942 0.086747 -0.554120 0.269795 
0.632997 0.324772 0.082018 -0.589948 0.000000 0.633538 0.324480 0.090135 -0.571501 0.000000 0.633957 0.324250 0.090135 -0.571501 0.000000 0.634326 0.324080 0.090135 -0.571501 0.242424 0.634621 0.323942 0.086747 -0.554120 0.269795 0.634818 0.323850 0.086747 -0.554120 0.303030 
0.633538 0.324480 0.090135 -0.571501 0.000000 0.633957 0.324250 0.090135 -0.571501 0.000000 0.634326 0.324080 0.090135 -0.571501 0.242424 0.634621 0.323942 0.086747 -0.554120 0.269795 0.634818 0.323850 0.086747 -0.554120 0.303030 0.634941 0.323773 0.086747 -0.554120 0.345064 
0.633957 0.324250 0.090135 -0.571501 0.000000 0.634326 0.324080 0.090135 -0.571501 0.242424 0.634621 0.323942 0.086747 -0.554120 0.269795 0.634818 0.323850 0.086747 -0.554120 0.303030 0.634941 0.323773 0.086747 -0.554120 0.345064 0.634990 0.323711 0.086747 -0.554120 0.382209 
0.634326 0.324080 0.090135 -0.571501 0.242424 0.634621 0.323942 0.086747 -0.554120 0.269795 0.634818 0.323850 0.086747 -0.554120 0.303030 0.634941 0.323773 0.086747 -0.554120 0.345064 0.634990 0.323711 0.086747 -0.554120 0.382209 0.635015 0.323680 0.086747 -0.554120 0.406647 
0.634621 0.323942 0.086747 -0.554120 0.269795 0.634818 0.323850 0.086747 -0.554120 0.303030 0.634941 0.323773 0.086747 -0.554120 0.345064 0.634990 0.323711 0.086747 -0.554120 0.382209 0.635015 0.323680 0.086747 -0.554120 0.406647 0.635015 0.323665 0.086747 -0.554120 0.419355 
0.634818 0.323850 0.086747 -0.554120 0.303030 0.634941 0.323773 0.086747 -0.554120 0.345064 0.634990 0.323711 0.086747 -0.554120 0.382209 0.635015 0.323680 0.086747 -0.554120 0.406647 0.635015 0.323665 0.086747 -0.554120 0.419355 0.634818 0.323665 0.065224 -0.556040 0.534702 
0.634941 0.323773 0.086747 -0.554120 0.345064 0.634990 0.323711 0.086747 -0.554120 0.382209 0.635015 0.323680 0.086747 -0.554120 0.406647 0.635015 0.323665 0.086747 -0.554120 0.419355 0.634818 0.323665 0.065224 -0.556040 0.534702 0.634400 0.323742 0.065224 -0.556040 0.556207 
0.634990 0.323711 0.086747 -0.554120 0.382209 0.635015 0.323680 0.086747 -0.554120 0.406647 0.635015 0.323665 0.086747 -0.554120 0.419355 0.634818 0.323665 0.065224 -0.556040 0.534702 0.634400 0.323742 0.065224 -0.556040 0.556207 0.633760 0.324050 0.065224 -0.556040 0.573803 
0.635015 0.323680 0.086747 -0.554120 0.406647 0.635015 0.323665 0.086747 -0.554120 0.419355 0.634818 0.323665 0.065224 -0.556040 0.534702 0.634400 0.323742 0.065224 -0.556040 0.556207 0.633760 0.324050 0.065224 -0.556040 0.573803 0.632923 0.324480 0.065224 -0.556040 0.602151 
0.635015 0.323665 0.086747 -0.554120 0.419355 0.634818 0.323665 0.065224 -0.556040 0.534702 0.634400 0.323742 0.065224 -0.556040 0.556207 0.633760 0.324050 0.065224 -0.556040 0.573803 0.632923 0.324480 0.065224 -0.556040 0.602151 0.631767 0.325126 0.065224 -0.556040 0.645161 
0.634818 0.323665 0.065224 -0.556040 0.534702 0.634400 0.323742 0.065224 -0.556040 0.556207 0.633760 0.324050 0.065224 -0.556040 0.573803 0.632923 0.324480 0.065224 -0.556040 0.602151 0.631767 0.325126 0.065224 -0.556040 0.645161 0.630217 0.326049 0.065224 -0.556040 0.675464 
0.634400 0.323742 0.065224 -0.556040 0.556207 0.633760 0.324050 0.065224 -0.556040 0.573803 0.632923 0.324480 0.065224 -0.556040 0.602151 0.631767 0.325126 0.065224 -0.556040 0.645161 0.630217 0.326049 0.065224 -0.556040 0.675464 0.628273 0.327295 0.065224 -0.556040 0.726295 
0.633760 0.324050 0.065224 -0.556040 0.573803 0.632923 0.324480 0.065224 -0.556040 0.602151 0.631767 0.325126 0.065224 -0.556040 0.645161 0.630217 0.326049 0.065224 -0.556040 0.675464 0.628273 0.327295 0.065224 -0.556040 0.726295 0.625886 0.328817 0.065224 -0.556040 0.735093 
