0.679675 0.401452 0.398802 -0.558401 0.870968 0.679971 0.400298 0.398802 -0.558401 0.869990 0.680069 0.399852 0.398802 -0.558401 0.866080 0.680143 0.399514 0.398802 -0.558401 0.866080 0.680192 0.399283 0.398802 -0.558401 0.859238 0.680217 0.399145 0.402310 -0.580051 0.854350 
0.679971 0.400298 0.398802 -0.558401 0.869990 0.680069 0.399852 0.398802 -0.558401 0.866080 0.680143 0.399514 0.398802 -0.558401 0.866080 0.680192 0.399283 0.398802 -0.558401 0.859238 0.680217 0.399145 0.402310 -0.580051 0.854350 0.680217 0.399099 0.402310 -0.580051 0.848485 
0.680069 0.399852 0.398802 -0.558401 0.866080 0.680143 0.399514 0.398802 -0.558401 0.866080 0.680192 0.399283 0.398802 -0.558401 0.859238 0.680217 0.399145 0.402310 -0.580051 0.854350 0.680217 0.399099 0.402310 -0.580051 0.848485 0.680217 0.399083 0.402310 -0.580051 0.849462 
0.680143 0.399514 0.398802 -0.558401 0.866080 0.680192 0.399283 0.398802 -0.558401 0.859238 0.680217 0.399145 0.402310 -0.580051 0.854350 0.680217 0.399099 0.402310 -0.580051 0.848485 0.680217 0.399083 0.402310 -0.580051 0.849462 0.680217 0.399068 0.402310 -0.580051 0.851417 
0.680192 0.399283 0.398802 -0.558401 0.859238 0.680217 0.399145 0.402310 -0.580051 0.854350 0.680217 0.399099 0.402310 -0.580051 0.848485 0.680217 0.399083 0.402310 -0.580051 0.849462 0.680217 0.399068 0.402310 -0.580051 0.851417 0.680217 0.399007 0.402310 -0.580051 0.847507 
0.680217 0.399145 0.402310 -0.580051 0.854350 0.680217 0.399099 0.402310 -0.580051 0.848485 0.680217 0.399083 0.402310 -0.580051 0.849462 0.680217 0.399068 0.402310 -0.580051 0.851417 0.680217 0.399007 0.402310 -0.580051 0.847507 0.680315 0.398807 0.402310 -0.580051 0.845552 
0.680217 0.399099 0.402310 -0.580051 0.848485 0.680217 0.399083 0.402310 -0.580051 0.849462 0.680217 0.399068 0.402310 -0.580051 0.851417 0.680217 0.399007 0.402310 -0.580051 0.847507 0.680315 0.398807 0.402310 -0.580051 0.845552 0.680463 0.398484 0.402310 -0.580051 0.837732 
0.680217 0.399083 0.402310 -0.580051 0.849462 0.680217 0.399068 0.402310 -0.580051 0.851417 0.680217 0.399007 0.402310 -0.580051 0.847507 0.680315 0.398807 0.402310 -0.580051 0.845552 0.680463 0.398484 0.402310 -0.580051 0.837732 0.680709 0.398053 0.402310 -0.580051 0.829912 
0.680217 0.399068 0.402310 -0.580051 0.851417 0.680217 0.399007 0.402310 -0.580051 0.847507 0.680315 0.398807 0.402310 -0.580051 0.845552 0.680463 0.398484 0.402310 -0.580051 0.837732 0.680709 0.398053 0.402310 -0.580051 0.829912 0.681078 0.397484 0.402310 -0.580051 0.822092 
0.680217 0.399007 0.402310 -0.580051 0.847507 0.680315 0.398807 0.402310 -0.580051 0.845552 0.680463 0.398484 0.402310 -0.580051 0.837732 0.680709 0.398053 0.402310 -0.580051 0.829912 0.681078 0.397484 0.402310 -0.580051 0.822092 0.681471 0.396807 0.402310 -0.580051 0.830890 
0.680315 0.398807 0.402310 -0.580051 0.845552 0.680463 0.398484 0.402310 -0.580051 0.837732 0.680709 0.398053 0.402310 -0.580051 0.829912 0.681078 0.397484 0.402310 -0.580051 0.822092 0.681471 0.396807 0.402310 -0.580051 0.830890 0.681890 0.396069 0.402310 -0.580051 0.824047 
0.680463 0.398484 0.402310 -0.580051 0.837732 0.680709 0.398053 0.402310 -0.580051 0.829912 0.681078 0.397484 0.402310 -0.580051 0.822092 0.681471 0.396807 0.402310 -0.580051 0.830890 0.681890 0.396069 0.402310 -0.580051 0.824047 0.682333 0.395300 0.402310 -0.580051 0.826979 
0.680709 0.398053 0.402310 -0.580051 0.829912 0.681078 0.397484 0.402310 -0.580051 0.822092 0.681471 0.396807 0.402310 -0.580051 0.830890 0.681890 0.396069 0.402310 -0.580051 0.824047 0.682333 0.395300 0.402310 -0.580051 0.826979 0.682726 0.394577 0.402310 -0.580051 0.821114 
0.681078 0.397484 0.402310 -0.580051 0.822092 0.681471 0.396807 0.402310 -0.580051 0.830890 0.681890 0.396069 0.402310 -0.580051 0.824047 0.682333 0.395300 0.402310 -0.580051 0.826979 0.682726 0.394577 0.402310 -0.580051 0.821114 0.683046 0.393978 0.405355 -0.601768 0.814272 
0.681471 0.396807 0.402310 -0.580051 0.830890 0.681890 0.396069 0.402310 -0.580051 0.824047 0.682333 0.395300 0.402310 -0.580051 0.826979 0.682726 0.394577 0.402310 -0.580051 0.821114 0.683046 0.393978 0.405355 -0.601768 0.814272 0.683317 0.393516 0.405355 -0.601768 0.823069 
0.681890 0.396069 0.402310 -0.580051 0.824047 0.682333 0.395300 0.402310 -0.580051 0.826979 0.682726 0.394577 0.402310 -0.580051 0.821114 0.683046 0.393978 0.405355 -0.601768 0.814272 0.683317 0.393516 0.405355 -0.601768 0.823069 0.683563 0.392870 0.405355 -0.601768 0.809384 
0.682333 0.395300 0.402310 -0.580051 0.826979 0.682726 0.394577 0.402310 -0.580051 0.821114 0.683046 0.393978 0.405355 -0.601768 0.814272 0.683317 0.393516 0.405355 -0.601768 0.823069 0.683563 0.392870 0.405355 -0.601768 0.809384 0.683489 0.393178 0.405355 -0.601768 0.817204 
0.682726 0.394577 0.402310 -0.580051 0.821114 0.683046 0.393978 0.405355 -0.601768 0.814272 0.683317 0.393516 0.405355 -0.601768 0.823069 0.683563 0.392870 0.405355 -0.601768 0.809384 0.683489 0.393178 0.405355 -0.601768 0.817204 0.683563 0.392963 0.405355 -0.601768 0.812317 
0.683046 0.393978 0.405355 -0.601768 0.814272 0.683317 0.393516 0.405355 -0.601768 0.823069 0.683563 0.392870 0.405355 -0.601768 0.809384 0.683489 0.393178 0.405355 -0.601768 0.817204 0.683563 0.392963 0.405355 -0.601768 0.812317 0.683563 0.392916 0.395134 -0.606769 0.956012 
0.683317 0.393516 0.405355 -0.601768 0.823069 0.683563 0.392870 0.405355 -0.601768 0.809384 0.683489 0.393178 0.405355 -0.601768 0.817204 0.683563 0.392963 0.405355 -0.601768 0.812317 0.683563 0.392916 0.395134 -0.606769 0.956012 0.683563 0.392978 0.395134 -0.606769 0.981427 
0.683563 0.392870 0.405355 -0.601768 0.809384 0.683489 0.393178 0.405355 -0.601768 0.817204 0.683563 0.392963 0.405355 -0.601768 0.812317 0.683563 0.392916 0.395134 -0.606769 0.956012 0.683563 0.392978 0.395134 -0.606769 0.981427 0.683563 0.393024 0.395134 -0.606769 1.000000 
0.683489 0.393178 0.405355 -0.601768 0.817204 0.683563 0.392963 0.405355 -0.601768 0.812317 0.683563 0.392916 0.395134 -0.606769 0.956012 0.683563 0.392978 0.395134 -0.606769 0.981427 0.683563 0.393024 0.395134 -0.606769 1.000000 0.683563 0.393055 0.395134 -0.606769 1.000000 
0.683563 0.392963 0.405355 -0.601768 0.812317 0.683563 0.392916 0.395134 -0.606769 0.956012 0.683563 0.392978 0.395134 -0.606769 0.981427 0.683563 0.393024 0.395134 -0.606769 1.000000 0.683563 0.393055 0.395134 -0.606769 1.000000 0.683563 0.393086 0.384717 -0.611594 1.000000 
0.683563 0.392916 0.395134 -0.606769 0.956012 0.683563 0.392978 0.395134 -0.606769 0.981427 0.683563 0.393024 0.395134 -0.606769 1.000000 0.683563 0.393055 0.395134 -0.606769 1.000000 0.683563 0.393086 0.384717 -0.611594 1.000000 0.683563 0.393101 0.384717 -0.611594 1.000000 
0.683563 0.392978 0.395134 -0.606769 0.981427 0.683563 0.393024 0.395134 -0.606769 1.000000 0.683563 0.393055 0.395134 -0.606769 1.000000 0.683563 0.393086 0.384717 -0.611594 1.000000 0.683563 0.393101 0.384717 -0.611594 1.000000 0.683588 0.393101 0.384717 -0.611594 1.000000 
0.683563 0.393024 0.395134 -0.606769 1.000000 0.683563 0.393055 0.395134 -0.606769 1.000000 0.683563 0.393086 0.384717 -0.611594 1.000000 0.683563 0.393101 0.384717 -0.611594 1.000000 0.683588 0.393101 0.384717 -0.611594 1.000000 0.683588 0.393116 0.395134 -0.606769 1.000000 
0.683563 0.393055 0.395134 -0.606769 1.000000 0.683563 0.393086 0.384717 -0.611594 1.000000 0.683563 0.393101 0.384717 -0.611594 1.000000 0.683588 0.393101 0.384717 -0.611594 1.000000 0.683588 0.393116 0.395134 -0.606769 1.000000 0.683588 0.393132 0.384717 -0.611594 1.000000 
0.683563 0.393086 0.384717 -0.611594 1.000000 0.683563 0.393101 0.384717 -0.611594 1.000000 0.683588 0.393101 0.384717 -0.611594 1.000000 0.683588 0.393116 0.395134 -0.606769 1.000000 0.683588 0.393132 0.384717 -0.611594 1.000000 0.683588 0.393147 0.384717 -0.611594 1.000000 
0.683563 0.393101 0.384717 -0.611594 1.000000 0.683588 0.393101 0.384717 -0.611594 1.000000 0.683588 0.393116 0.395134 -0.606769 1.000000 0.683588 0.393132 0.384717 -0.611594 1.000000 0.683588 0.393147 0.384717 -0.611594 1.000000 0.683588 0.393163 0.384717 -0.611594 1.000000 
0.683588 0.393101 0.384717 -0.611594 1.000000 0.683588 0.393116 0.395134 -0.606769 1.000000 0.683588 0.393132 0.384717 -0.611594 1.000000 0.683588 0.393147 0.384717 -0.611594 1.000000 0.683588 0.393163 0.384717 -0.611594 1.000000 0.683588 0.393178 0.384717 -0.611594 1.000000 
0.683588 0.393116 0.395134 -0.606769 1.000000 0.683588 0.393132 0.384717 -0.611594 1.000000 0.683588 0.393147 0.384717 -0.611594 1.000000 0.683588 0.393163 0.384717 -0.611594 1.000000 0.683588 0.393178 0.384717 -0.611594 1.000000 0.683588 0.393193 0.384717 -0.611594 1.000000 
0.683588 0.393132 0.384717 -0.611594 1.000000 0.683588 0.393147 0.384717 -0.611594 1.000000 0.683588 0.393163 0.384717 -0.611594 1.000000 0.683588 0.393178 0.384717 -0.611594 1.000000 0.683588 0.393193 0.384717 -0.611594 1.000000 0.683588 0.393209 0.384717 -0.611594 1.000000 
0.683588 0.393147 0.384717 -0.611594 1.000000 0.683588 0.393163 0.384717 -0.611594 1.000000 0.683588 0.393178 0.384717 -0.611594 1.000000 0.683588 0.393193 0.384717 -0.611594 1.000000 0.683588 0.393209 0.384717 -0.611594 1.000000 0.683588 0.393224 0.384717 -0.611594 1.000000 
0.683588 0.393163 0.384717 -0.611594 1.000000 0.683588 0.393178 0.384717 -0.611594 1.000000 0.683588 0.393193 0.384717 -0.611594 1.000000 0.683588 0.393209 0.384717 -0.611594 1.000000 0.683588 0.393224 0.384717 -0.611594 1.000000 0.683588 0.393239 0.384717 -0.611594 1.000000 
0.683588 0.393178 0.384717 -0.611594 1.000000 0.683588 0.393193 0.384717 -0.611594 1.000000 0.683588 0.393209 0.384717 -0.611594 1.000000 0.683588 0.393224 0.384717 -0.611594 1.000000 0.683588 0.393239 0.384717 -0.611594 1.000000 0.683415 0.393239 0.384717 -0.611594 1.000000 
0.683588 0.393193 0.384717 -0.611594 1.000000 0.683588 0.393209 0.384717 -0.611594 1.000000 0.683588 0.393224 0.384717 -0.611594 1.000000 0.683588 0.393239 0.384717 -0.611594 1.000000 0.683415 0.393239 0.384717 -0.611594 1.000000 0.682874 0.393239 0.384717 -0.611594 0.988270 
0.683588 0.393209 0.384717 -0.611594 1.000000 0.683588 0.393224 0.384717 -0.611594 1.000000 0.683588 0.393239 0.384717 -0.611594 1.000000 0.683415 0.393239 0.384717 -0.611594 1.000000 0.682874 0.393239 0.384717 -0.611594 0.988270 0.682013 0.393239 0.384717 -0.611594 0.956989 
0.683588 0.393224 0.384717 -0.611594 1.000000 0.683588 0.393239 0.384717 -0.611594 1.000000 0.683415 0.393239 0.384717 -0.611594 1.000000 0.682874 0.393239 0.384717 -0.611594 0.988270 0.682013 0.393239 0.384717 -0.611594 0.956989 0.680832 0.393116 0.384717 -0.611594 0.926686 
0.683588 0.393239 0.384717 -0.611594 1.000000 0.683415 0.393239 0.384717 -0.611594 1.000000 0.682874 0.393239 0.384717 -0.611594 0.988270 0.682013 0.393239 0.384717 -0.611594 0.956989 0.680832 0.393116 0.384717 -0.611594 0.926686 0.679404 0.392947 0.384717 -0.611594 0.916911 
0.683415 0.393239 0.384717 -0.611594 1.000000 0.682874 0.393239 0.384717 -0.611594 0.988270 0.682013 0.393239 0.384717 -0.611594 0.956989 0.680832 0.393116 0.384717 -0.611594 0.926686 0.679404 0.392947 0.384717 -0.611594 0.916911 0.677633 0.392717 0.384717 -0.611594 0.927664 
0.682874 0.393239 0.384717 -0.611594 0.988270 0.682013 0.393239 0.384717 -0.611594 0.956989 0.680832 0.393116 0.384717 -0.611594 0.926686 0.679404 0.392947 0.384717 -0.611594 0.916911 0.677633 0.392717 0.384717 -0.611594 0.927664 0.675615 0.392486 0.384717 -0.611594 0.926686 
0.682013 0.393239 0.384717 -0.611594 0.956989 0.680832 0.393116 0.384717 -0.611594 0.926686 0.679404 0.392947 0.384717 -0.611594 0.916911 0.677633 0.392717 0.384717 -0.611594 0.927664 0.675615 0.392486 0.384717 -0.611594 0.926686 0.664936 0.391363 0.384717 -0.611594 0.937439 
0.680832 0.393116 0.384717 -0.611594 0.926686 0.679404 0.392947 0.384717 -0.611594 0.916911 0.677633 0.392717 0.384717 -0.611594 0.927664 0.675615 0.392486 0.384717 -0.611594 0.926686 0.664936 0.391363 0.384717 -0.611594 0.937439 0.673204 0.392224 0.384717 -0.611594 0.933529 
0.679404 0.392947 0.384717 -0.611594 0.916911 0.677633 0.392717 0.384717 -0.611594 0.927664 0.675615 0.392486 0.384717 -0.611594 0.926686 0.664936 0.391363 0.384717 -0.611594 0.937439 0.673204 0.392224 0.384717 -0.611594 0.933529 0.670669 0.391948 0.384717 -0.611594 0.932551 
0.677633 0.392717 0.384717 -0.611594 0.927664 0.675615 0.392486 0.384717 -0.611594 0.926686 0.664936 0.391363 0.384717 -0.611594 0.937439 0.673204 0.392224 0.384717 -0.611594 0.933529 0.670669 0.391948 0.384717 -0.611594 0.932551 0.667889 0.391655 0.384717 -0.611594 0.941349 
0.675615 0.392486 0.384717 -0.611594 0.926686 0.664936 0.391363 0.384717 -0.611594 0.937439 0.673204 0.392224 0.384717 -0.611594 0.933529 0.670669 0.391948 0.384717 -0.611594 0.932551 0.667889 0.391655 0.384717 -0.611594 0.941349 0.661811 0.391056 0.395134 -0.606769 0.924731 
0.664936 0.391363 0.384717 -0.611594 0.937439 0.673204 0.392224 0.384717 -0.611594 0.933529 0.670669 0.391948 0.384717 -0.611594 0.932551 0.667889 0.391655 0.384717 -0.611594 0.941349 0.661811 0.391056 0.395134 -0.606769 0.924731 0.658440 0.390748 0.395134 -0.606769 0.930596 
0.673204 0.392224 0.384717 -0.611594 0.933529 0.670669 0.391948 0.384717 -0.611594 0.932551 0.667889 0.391655 0.384717 -0.611594 0.941349 0.661811 0.391056 0.395134 -0.606769 0.924731 0.658440 0.390748 0.395134 -0.606769 0.930596 0.654847 0.390471 0.395134 -0.606769 0.938416 
0.670669 0.391948 0.384717 -0.611594 0.932551 0.667889 0.391655 0.384717 -0.611594 0.941349 0.661811 0.391056 0.395134 -0.606769 0.924731 0.658440 0.390748 0.395134 -0.606769 0.930596 0.654847 0.390471 0.395134 -0.606769 0.938416 0.650886 0.390241 0.395134 -0.606769 0.944282 
0.667889 0.391655 0.384717 -0.611594 0.941349 0.661811 0.391056 0.395134 -0.606769 0.924731 0.658440 0.390748 0.395134 -0.606769 0.930596 0.654847 0.390471 0.395134 -0.606769 0.938416 0.650886 0.390241 0.395134 -0.606769 0.944282 0.646580 0.390025 0.405355 -0.601768 0.941349 
0.661811 0.391056 0.395134 -0.606769 0.924731 0.658440 0.390748 0.395134 -0.606769 0.930596 0.654847 0.390471 0.395134 -0.606769 0.938416 0.650886 0.390241 0.395134 -0.606769 0.944282 0.646580 0.390025 0.405355 -0.601768 0.941349 0.641929 0.389841 0.405355 -0.601768 0.938416 
0.658440 0.390748 0.395134 -0.606769 0.930596 0.654847 0.390471 0.395134 -0.606769 0.938416 0.650886 0.390241 0.395134 -0.606769 0.944282 0.646580 0.390025 0.405355 -0.601768 0.941349 0.641929 0.389841 0.405355 -0.601768 0.938416 0.637082 0.389718 0.405355 -0.601768 0.945259 
0.654847 0.390471 0.395134 -0.606769 0.938416 0.650886 0.390241 0.395134 -0.606769 0.944282 0.646580 0.390025 0.405355 -0.601768 0.941349 0.641929 0.389841 0.405355 -0.601768 0.938416 0.637082 0.389718 0.405355 -0.601768 0.945259 0.631939 0.389610 0.405355 -0.601768 0.955034 
0.650886 0.390241 0.395134 -0.606769 0.944282 0.646580 0.390025 0.405355 -0.601768 0.941349 0.641929 0.389841 0.405355 -0.601768 0.938416 0.637082 0.389718 0.405355 -0.601768 0.945259 0.631939 0.389610 0.405355 -0.601768 0.955034 0.626476 0.389533 0.405355 -0.601768 0.958944 
0.656964 0.403697 0.415378 -0.596590 1.000000 0.660261 0.402482 0.415378 -0.596590 1.000000 0.668553 0.399345 0.415378 -0.596590 1.000000 0.663312 0.401329 0.415378 -0.596590 1.000000 0.666142 0.400283 0.415378 -0.596590 1.000000 0.670522 0.398530 0.415378 -0.596590 1.000000 
0.660261 0.402482 0.415378 -0.596590 1.000000 0.668553 0.399345 0.415378 -0.596590 1.000000 0.663312 0.401329 0.415378 -0.596590 1.000000 0.666142 0.400283 0.415378 -0.596590 1.000000 0.670522 0.398530 0.415378 -0.596590 1.000000 0.672072 0.397853 0.415378 -0.596590 1.000000 
0.668553 0.399345 0.415378 -0.596590 1.000000 0.663312 0.401329 0.415378 -0.596590 1.000000 0.666142 0.400283 0.415378 -0.596590 1.000000 0.670522 0.398530 0.415378 -0.596590 1.000000 0.672072 0.397853 0.415378 -0.596590 1.000000 0.673302 0.397284 0.415378 -0.596590 1.000000 
0.663312 0.401329 0.415378 -0.596590 1.000000 0.666142 0.400283 0.415378 -0.596590 1.000000 0.670522 0.398530 0.415378 -0.596590 1.000000 0.672072 0.397853 0.415378 -0.596590 1.000000 0.673302 0.397284 0.415378 -0.596590 1.000000 0.674163 0.396869 0.415378 -0.596590 1.000000 
0.666142 0.400283 0.415378 -0.596590 1.000000 0.670522 0.398530 0.415378 -0.596590 1.000000 0.672072 0.397853 0.415378 -0.596590 1.000000 0.673302 0.397284 0.415378 -0.596590 1.000000 0.674163 0.396869 0.415378 -0.596590 1.000000 0.674729 0.396592 0.415378 -0.596590 1.000000 
0.670522 0.398530 0.415378 -0.596590 1.000000 0.672072 0.397853 0.415378 -0.596590 1.000000 0.673302 0.397284 0.415378 -0.596590 1.000000 0.674163 0.396869 0.415378 -0.596590 1.000000 0.674729 0.396592 0.415378 -0.596590 1.000000 0.675074 0.396408 0.411898 -0.574767 1.000000 
0.672072 0.397853 0.415378 -0.596590 1.000000 0.673302 0.397284 0.415378 -0.596590 1.000000 0.674163 0.396869 0.415378 -0.596590 1.000000 0.674729 0.396592 0.415378 -0.596590 1.000000 0.675074 0.396408 0.411898 -0.574767 1.000000 0.675172 0.396346 0.411898 -0.574767 1.000000 
0.673302 0.397284 0.415378 -0.596590 1.000000 0.674163 0.396869 0.415378 -0.596590 1.000000 0.674729 0.396592 0.415378 -0.596590 1.000000 0.675074 0.396408 0.411898 -0.574767 1.000000 0.675172 0.396346 0.411898 -0.574767 1.000000 0.675172 0.396331 0.411898 -0.574767 1.000000 
0.674163 0.396869 0.415378 -0.596590 1.000000 0.674729 0.396592 0.415378 -0.596590 1.000000 0.675074 0.396408 0.411898 -0.574767 1.000000 0.675172 0.396346 0.411898 -0.574767 1.000000 0.675172 0.396331 0.411898 -0.574767 1.000000 0.675172 0.396361 0.415378 -0.596590 1.000000 
0.674729 0.396592 0.415378 -0.596590 1.000000 0.675074 0.396408 0.411898 -0.574767 1.000000 0.675172 0.396346 0.411898 -0.574767 1.000000 0.675172 0.396331 0.411898 -0.574767 1.000000 0.675172 0.396361 0.415378 -0.596590 1.000000 0.675172 0.396377 0.415378 -0.596590 1.000000 
0.675074 0.396408 0.411898 -0.574767 1.000000 0.675172 0.396346 0.411898 -0.574767 1.000000 0.675172 0.396331 0.411898 -0.574767 1.000000 0.675172 0.396361 0.415378 -0.596590 1.000000 0.675172 0.396377 0.415378 -0.596590 1.000000 0.675172 0.396392 0.415378 -0.596590 1.000000 
0.675172 0.396346 0.411898 -0.574767 1.000000 0.675172 0.396331 0.411898 -0.574767 1.000000 0.675172 0.396361 0.415378 -0.596590 1.000000 0.675172 0.396377 0.415378 -0.596590 1.000000 0.675172 0.396392 0.415378 -0.596590 1.000000 0.675172 0.396408 0.415378 -0.596590 0.952102 
0.675172 0.396331 0.411898 -0.574767 1.000000 0.675172 0.396361 0.415378 -0.596590 1.000000 0.675172 0.396377 0.415378 -0.596590 1.000000 0.675172 0.396392 0.415378 -0.596590 1.000000 0.675172 0.396408 0.415378 -0.596590 0.952102 0.675000 0.396454 0.415378 -0.596590 0.859238 
0.675172 0.396361 0.415378 -0.596590 1.000000 0.675172 0.396377 0.415378 -0.596590 1.000000 0.675172 0.396392 0.415378 -0.596590 1.000000 0.675172 0.396408 0.415378 -0.596590 0.952102 0.675000 0.396454 0.415378 -0.596590 0.859238 0.674926 0.396577 0.415378 -0.596590 0.758553 
0.675172 0.396377 0.415378 -0.596590 1.000000 0.675172 0.396392 0.415378 -0.596590 1.000000 0.675172 0.396408 0.415378 -0.596590 0.952102 0.675000 0.396454 0.415378 -0.596590 0.859238 0.674926 0.396577 0.415378 -0.596590 0.758553 0.674926 0.396869 0.415378 -0.596590 0.584555 
0.675172 0.396392 0.415378 -0.596590 1.000000 0.675172 0.396408 0.415378 -0.596590 0.952102 0.675000 0.396454 0.415378 -0.596590 0.859238 0.674926 0.396577 0.415378 -0.596590 0.758553 0.674926 0.396869 0.415378 -0.596590 0.584555 0.674926 0.397346 0.415378 -0.596590 0.215054 
0.675172 0.396408 0.415378 -0.596590 0.952102 0.675000 0.396454 0.415378 -0.596590 0.859238 0.674926 0.396577 0.415378 -0.596590 0.758553 0.674926 0.396869 0.415378 -0.596590 0.584555 0.674926 0.397346 0.415378 -0.596590 0.215054 0.674975 0.399083 0.415378 -0.596590 0.000000 
