0.637033 0.402282 0.728249 0.266172 0.723363 0.637106 0.401729 0.728249 0.266172 0.720430 0.637180 0.401144 0.728249 0.266172 0.725318 0.637229 0.400483 0.733224 0.236824 0.730205 0.637254 0.399806 0.733224 0.236824 0.740958 0.637279 0.399068 0.733224 0.236824 0.741935 
0.637106 0.401729 0.728249 0.266172 0.720430 0.637180 0.401144 0.728249 0.266172 0.725318 0.637229 0.400483 0.733224 0.236824 0.730205 0.637254 0.399806 0.733224 0.236824 0.740958 0.637279 0.399068 0.733224 0.236824 0.741935 0.637279 0.398314 0.750635 0.244921 0.731183 
0.637180 0.401144 0.728249 0.266172 0.725318 0.637229 0.400483 0.733224 0.236824 0.730205 0.637254 0.399806 0.733224 0.236824 0.740958 0.637279 0.399068 0.733224 0.236824 0.741935 0.637279 0.398314 0.750635 0.244921 0.731183 0.637279 0.397545 0.750635 0.244921 0.733138 
0.637229 0.400483 0.733224 0.236824 0.730205 0.637254 0.399806 0.733224 0.236824 0.740958 0.637279 0.399068 0.733224 0.236824 0.741935 0.637279 0.398314 0.750635 0.244921 0.731183 0.637279 0.397545 0.750635 0.244921 0.733138 0.637279 0.396792 0.750635 0.244921 0.735093 
0.637254 0.399806 0.733224 0.236824 0.740958 0.637279 0.399068 0.733224 0.236824 0.741935 0.637279 0.398314 0.750635 0.244921 0.731183 0.637279 0.397545 0.750635 0.244921 0.733138 0.637279 0.396792 0.750635 0.244921 0.735093 0.637279 0.395992 0.750635 0.244921 0.729228 
0.637279 0.399068 0.733224 0.236824 0.741935 0.637279 0.398314 0.750635 0.244921 0.731183 0.637279 0.397545 0.750635 0.244921 0.733138 0.637279 0.396792 0.750635 0.244921 0.735093 0.637279 0.395992 0.750635 0.244921 0.729228 0.637279 0.395193 0.750635 0.244921 0.729228 
0.637279 0.398314 0.750635 0.244921 0.731183 0.637279 0.397545 0.750635 0.244921 0.733138 0.637279 0.396792 0.750635 0.244921 0.735093 0.637279 0.395992 0.750635 0.244921 0.729228 0.637279 0.395193 0.750635 0.244921 0.729228 0.637279 0.394424 0.770323 0.237361 0.732160 
0.637279 0.397545 0.750635 0.244921 0.733138 0.637279 0.396792 0.750635 0.244921 0.735093 0.637279 0.395992 0.750635 0.244921 0.729228 0.637279 0.395193 0.750635 0.244921 0.729228 0.637279 0.394424 0.770323 0.237361 0.732160 0.637279 0.393716 0.770323 0.237361 0.735093 
0.637279 0.396792 0.750635 0.244921 0.735093 0.637279 0.395992 0.750635 0.244921 0.729228 0.637279 0.395193 0.750635 0.244921 0.729228 0.637279 0.394424 0.770323 0.237361 0.732160 0.637279 0.393716 0.770323 0.237361 0.735093 0.637279 0.393039 0.770323 0.237361 0.748778 
0.637279 0.395992 0.750635 0.244921 0.729228 0.637279 0.395193 0.750635 0.244921 0.729228 0.637279 0.394424 0.770323 0.237361 0.732160 0.637279 0.393716 0.770323 0.237361 0.735093 0.637279 0.393039 0.770323 0.237361 0.748778 0.637279 0.392455 0.770323 0.237361 0.756598 
0.637279 0.395193 0.750635 0.244921 0.729228 0.637279 0.394424 0.770323 0.237361 0.732160 0.637279 0.393716 0.770323 0.237361 0.735093 0.637279 0.393039 0.770323 0.237361 0.748778 0.637279 0.392455 0.770323 0.237361 0.756598 0.637279 0.391932 0.770323 0.237361 0.747801 
0.637279 0.394424 0.770323 0.237361 0.732160 0.637279 0.393716 0.770323 0.237361 0.735093 0.637279 0.393039 0.770323 0.237361 0.748778 0.637279 0.392455 0.770323 0.237361 0.756598 0.637279 0.391932 0.770323 0.237361 0.747801 0.637328 0.391517 0.770323 0.237361 0.750733 
0.637279 0.393716 0.770323 0.237361 0.735093 0.637279 0.393039 0.770323 0.237361 0.748778 0.637279 0.392455 0.770323 0.237361 0.756598 0.637279 0.391932 0.770323 0.237361 0.747801 0.637328 0.391517 0.770323 0.237361 0.750733 0.637426 0.391194 0.787778 0.245466 0.750733 
0.637279 0.393039 0.770323 0.237361 0.748778 0.637279 0.392455 0.770323 0.237361 0.756598 0.637279 0.391932 0.770323 0.237361 0.747801 0.637328 0.391517 0.770323 0.237361 0.750733 0.637426 0.391194 0.787778 0.245466 0.750733 0.637500 0.390933 0.787778 0.245466 0.747801 
0.637279 0.392455 0.770323 0.237361 0.756598 0.637279 0.391932 0.770323 0.237361 0.747801 0.637328 0.391517 0.770323 0.237361 0.750733 0.637426 0.391194 0.787778 0.245466 0.750733 0.637500 0.390933 0.787778 0.245466 0.747801 0.637574 0.390748 0.787778 0.245466 0.746823 
0.637279 0.391932 0.770323 0.237361 0.747801 0.637328 0.391517 0.770323 0.237361 0.750733 0.637426 0.391194 0.787778 0.245466 0.750733 0.637500 0.390933 0.787778 0.245466 0.747801 0.637574 0.390748 0.787778 0.245466 0.746823 0.637672 0.390594 0.787778 0.245466 0.744868 
0.637328 0.391517 0.770323 0.237361 0.750733 0.637426 0.391194 0.787778 0.245466 0.750733 0.637500 0.390933 0.787778 0.245466 0.747801 0.637574 0.390748 0.787778 0.245466 0.746823 0.637672 0.390594 0.787778 0.245466 0.744868 0.637820 0.390364 0.787778 0.245466 0.737048 
0.637426 0.391194 0.787778 0.245466 0.750733 0.637500 0.390933 0.787778 0.245466 0.747801 0.637574 0.390748 0.787778 0.245466 0.746823 0.637672 0.390594 0.787778 0.245466 0.744868 0.637820 0.390364 0.787778 0.245466 0.737048 0.637771 0.390502 0.787778 0.245466 0.742913 
0.637500 0.390933 0.787778 0.245466 0.747801 0.637574 0.390748 0.787778 0.245466 0.746823 0.637672 0.390594 0.787778 0.245466 0.744868 0.637820 0.390364 0.787778 0.245466 0.737048 0.637771 0.390502 0.787778 0.245466 0.742913 0.637795 0.390410 0.787778 0.245466 0.739980 
0.637574 0.390748 0.787778 0.245466 0.746823 0.637672 0.390594 0.787778 0.245466 0.744868 0.637820 0.390364 0.787778 0.245466 0.737048 0.637771 0.390502 0.787778 0.245466 0.742913 0.637795 0.390410 0.787778 0.245466 0.739980 0.637869 0.390317 0.787778 0.245466 0.737048 
0.637672 0.390594 0.787778 0.245466 0.744868 0.637820 0.390364 0.787778 0.245466 0.737048 0.637771 0.390502 0.787778 0.245466 0.742913 0.637795 0.390410 0.787778 0.245466 0.739980 0.637869 0.390317 0.787778 0.245466 0.737048 0.637894 0.390287 0.787778 0.245466 0.735093 
0.637820 0.390364 0.787778 0.245466 0.737048 0.637771 0.390502 0.787778 0.245466 0.742913 0.637795 0.390410 0.787778 0.245466 0.739980 0.637869 0.390317 0.787778 0.245466 0.737048 0.637894 0.390287 0.787778 0.245466 0.735093 0.637918 0.390241 0.787778 0.245466 0.733138 
0.637771 0.390502 0.787778 0.245466 0.742913 0.637795 0.390410 0.787778 0.245466 0.739980 0.637869 0.390317 0.787778 0.245466 0.737048 0.637894 0.390287 0.787778 0.245466 0.735093 0.637918 0.390241 0.787778 0.245466 0.733138 0.637943 0.390179 0.787778 0.245466 0.730205 
0.637795 0.390410 0.787778 0.245466 0.739980 0.637869 0.390317 0.787778 0.245466 0.737048 0.637894 0.390287 0.787778 0.245466 0.735093 0.637918 0.390241 0.787778 0.245466 0.733138 0.637943 0.390179 0.787778 0.245466 0.730205 0.637992 0.390102 0.787778 0.245466 0.725318 
0.637869 0.390317 0.787778 0.245466 0.737048 0.637894 0.390287 0.787778 0.245466 0.735093 0.637918 0.390241 0.787778 0.245466 0.733138 0.637943 0.390179 0.787778 0.245466 0.730205 0.637992 0.390102 0.787778 0.245466 0.725318 0.638017 0.390025 0.787778 0.245466 0.722385 
0.637894 0.390287 0.787778 0.245466 0.735093 0.637918 0.390241 0.787778 0.245466 0.733138 0.637943 0.390179 0.787778 0.245466 0.730205 0.637992 0.390102 0.787778 0.245466 0.725318 0.638017 0.390025 0.787778 0.245466 0.722385 0.638091 0.389902 0.787778 0.245466 0.722385 
0.637918 0.390241 0.787778 0.245466 0.733138 0.637943 0.390179 0.787778 0.245466 0.730205 0.637992 0.390102 0.787778 0.245466 0.725318 0.638017 0.390025 0.787778 0.245466 0.722385 0.638091 0.389902 0.787778 0.245466 0.722385 0.638140 0.389764 0.787778 0.245466 0.722385 
0.637943 0.390179 0.787778 0.245466 0.730205 0.637992 0.390102 0.787778 0.245466 0.725318 0.638017 0.390025 0.787778 0.245466 0.722385 0.638091 0.389902 0.787778 0.245466 0.722385 0.638140 0.389764 0.787778 0.245466 0.722385 0.638189 0.389610 0.787778 0.245466 0.723363 
0.637992 0.390102 0.787778 0.245466 0.725318 0.638017 0.390025 0.787778 0.245466 0.722385 0.638091 0.389902 0.787778 0.245466 0.722385 0.638140 0.389764 0.787778 0.245466 0.722385 0.638189 0.389610 0.787778 0.245466 0.723363 0.638238 0.389441 0.787778 0.245466 0.727273 
0.638017 0.390025 0.787778 0.245466 0.722385 0.638091 0.389902 0.787778 0.245466 0.722385 0.638140 0.389764 0.787778 0.245466 0.722385 0.638189 0.389610 0.787778 0.245466 0.723363 0.638238 0.389441 0.787778 0.245466 0.727273 0.638238 0.389241 0.787778 0.245466 0.725318 
0.638091 0.389902 0.787778 0.245466 0.722385 0.638140 0.389764 0.787778 0.245466 0.722385 0.638189 0.389610 0.787778 0.245466 0.723363 0.638238 0.389441 0.787778 0.245466 0.727273 0.638238 0.389241 0.787778 0.245466 0.725318 0.638263 0.389056 0.787778 0.245466 0.727273 
0.638140 0.389764 0.787778 0.245466 0.722385 0.638189 0.389610 0.787778 0.245466 0.723363 0.638238 0.389441 0.787778 0.245466 0.727273 0.638238 0.389241 0.787778 0.245466 0.725318 0.638263 0.389056 0.787778 0.245466 0.727273 0.638287 0.388872 0.787778 0.245466 0.729228 
0.638189 0.389610 0.787778 0.245466 0.723363 0.638238 0.389441 0.787778 0.245466 0.727273 0.638238 0.389241 0.787778 0.245466 0.725318 0.638263 0.389056 0.787778 0.245466 0.727273 0.638287 0.388872 0.787778 0.245466 0.729228 0.638312 0.388687 0.787778 0.245466 0.728250 
0.638238 0.389441 0.787778 0.245466 0.727273 0.638238 0.389241 0.787778 0.245466 0.725318 0.638263 0.389056 0.787778 0.245466 0.727273 0.638287 0.388872 0.787778 0.245466 0.729228 0.638312 0.388687 0.787778 0.245466 0.728250 0.638312 0.388518 0.787778 0.245466 0.726295 
0.638238 0.389241 0.787778 0.245466 0.725318 0.638263 0.389056 0.787778 0.245466 0.727273 0.638287 0.388872 0.787778 0.245466 0.729228 0.638312 0.388687 0.787778 0.245466 0.728250 0.638312 0.388518 0.787778 0.245466 0.726295 0.638312 0.388380 0.787778 0.245466 0.728250 
0.638263 0.389056 0.787778 0.245466 0.727273 0.638287 0.388872 0.787778 0.245466 0.729228 0.638312 0.388687 0.787778 0.245466 0.728250 0.638312 0.388518 0.787778 0.245466 0.726295 0.638312 0.388380 0.787778 0.245466 0.728250 0.638312 0.388241 0.787778 0.245466 0.729228 
0.638287 0.388872 0.787778 0.245466 0.729228 0.638312 0.388687 0.787778 0.245466 0.728250 0.638312 0.388518 0.787778 0.245466 0.726295 0.638312 0.388380 0.787778 0.245466 0.728250 0.638312 0.388241 0.787778 0.245466 0.729228 0.638312 0.388149 0.772418 0.221268 0.731183 
0.638312 0.388687 0.787778 0.245466 0.728250 0.638312 0.388518 0.787778 0.245466 0.726295 0.638312 0.388380 0.787778 0.245466 0.728250 0.638312 0.388241 0.787778 0.245466 0.729228 0.638312 0.388149 0.772418 0.221268 0.731183 0.638312 0.388087 0.772418 0.221268 0.731183 
0.638312 0.388518 0.787778 0.245466 0.726295 0.638312 0.388380 0.787778 0.245466 0.728250 0.638312 0.388241 0.787778 0.245466 0.729228 0.638312 0.388149 0.772418 0.221268 0.731183 0.638312 0.388087 0.772418 0.221268 0.731183 0.638312 0.388041 0.772418 0.221268 0.731183 
0.638312 0.388380 0.787778 0.245466 0.728250 0.638312 0.388241 0.787778 0.245466 0.729228 0.638312 0.388149 0.772418 0.221268 0.731183 0.638312 0.388087 0.772418 0.221268 0.731183 0.638312 0.388041 0.772418 0.221268 0.731183 0.638312 0.388011 0.772418 0.221268 0.733138 
0.638312 0.388241 0.787778 0.245466 0.729228 0.638312 0.388149 0.772418 0.221268 0.731183 0.638312 0.388087 0.772418 0.221268 0.731183 0.638312 0.388041 0.772418 0.221268 0.731183 0.638312 0.388011 0.772418 0.221268 0.733138 0.638337 0.388011 0.772418 0.221268 0.764418 
0.638312 0.388149 0.772418 0.221268 0.731183 0.638312 0.388087 0.772418 0.221268 0.731183 0.638312 0.388041 0.772418 0.221268 0.731183 0.638312 0.388011 0.772418 0.221268 0.733138 0.638337 0.388011 0.772418 0.221268 0.764418 0.638361 0.388011 0.772418 0.221268 0.766373 
0.638312 0.388087 0.772418 0.221268 0.731183 0.638312 0.388041 0.772418 0.221268 0.731183 0.638312 0.388011 0.772418 0.221268 0.733138 0.638337 0.388011 0.772418 0.221268 0.764418 0.638361 0.388011 0.772418 0.221268 0.766373 0.638386 0.388011 0.770323 0.237361 0.768328 
0.638312 0.388041 0.772418 0.221268 0.731183 0.638312 0.388011 0.772418 0.221268 0.733138 0.638337 0.388011 0.772418 0.221268 0.764418 0.638361 0.388011 0.772418 0.221268 0.766373 0.638386 0.388011 0.770323 0.237361 0.768328 0.638410 0.388011 0.770323 0.237361 0.771261 
0.638312 0.388011 0.772418 0.221268 0.733138 0.638337 0.388011 0.772418 0.221268 0.764418 0.638361 0.388011 0.772418 0.221268 0.766373 0.638386 0.388011 0.770323 0.237361 0.768328 0.638410 0.388011 0.770323 0.237361 0.771261 0.638435 0.388011 0.770323 0.237361 0.769306 
0.638337 0.388011 0.772418 0.221268 0.764418 0.638361 0.388011 0.772418 0.221268 0.766373 0.638386 0.388011 0.770323 0.237361 0.768328 0.638410 0.388011 0.770323 0.237361 0.771261 0.638435 0.388011 0.770323 0.237361 0.769306 0.638460 0.388011 0.770323 0.237361 0.768328 
0.638361 0.388011 0.772418 0.221268 0.766373 0.638386 0.388011 0.770323 0.237361 0.768328 0.638410 0.388011 0.770323 0.237361 0.771261 0.638435 0.388011 0.770323 0.237361 0.769306 0.638460 0.388011 0.770323 0.237361 0.768328 0.638460 0.387995 0.770323 0.237361 0.617791 
0.638386 0.388011 0.770323 0.237361 0.768328 0.638410 0.388011 0.770323 0.237361 0.771261 0.638435 0.388011 0.770323 0.237361 0.769306 0.638460 0.388011 0.770323 0.237361 0.768328 0.638460 0.387995 0.770323 0.237361 0.617791 0.638460 0.387980 0.770323 0.237361 0.581623 
0.638410 0.388011 0.770323 0.237361 0.771261 0.638435 0.388011 0.770323 0.237361 0.769306 0.638460 0.388011 0.770323 0.237361 0.768328 0.638460 0.387995 0.770323 0.237361 0.617791 0.638460 0.387980 0.770323 0.237361 0.581623 0.638460 0.387964 0.770323 0.237361 0.546432 
0.638435 0.388011 0.770323 0.237361 0.769306 0.638460 0.388011 0.770323 0.237361 0.768328 0.638460 0.387995 0.770323 0.237361 0.617791 0.638460 0.387980 0.770323 0.237361 0.581623 0.638460 0.387964 0.770323 0.237361 0.546432 0.638460 0.387949 0.770323 0.237361 0.496579 
0.638460 0.388011 0.770323 0.237361 0.768328 0.638460 0.387995 0.770323 0.237361 0.617791 0.638460 0.387980 0.770323 0.237361 0.581623 0.638460 0.387964 0.770323 0.237361 0.546432 0.638460 0.387949 0.770323 0.237361 0.496579 0.638484 0.387949 0.770323 0.237361 0.418377 
0.638460 0.387995 0.770323 0.237361 0.617791 0.638460 0.387980 0.770323 0.237361 0.581623 0.638460 0.387964 0.770323 0.237361 0.546432 0.638460 0.387949 0.770323 0.237361 0.496579 0.638484 0.387949 0.770323 0.237361 0.418377 0.638952 0.387949 0.770323 0.237361 0.348974 
0.638460 0.387980 0.770323 0.237361 0.581623 0.638460 0.387964 0.770323 0.237361 0.546432 0.638460 0.387949 0.770323 0.237361 0.496579 0.638484 0.387949 0.770323 0.237361 0.418377 0.638952 0.387949 0.770323 0.237361 0.348974 0.638583 0.387949 0.770323 0.237361 0.402737 
0.638460 0.387964 0.770323 0.237361 0.546432 0.638460 0.387949 0.770323 0.237361 0.496579 0.638484 0.387949 0.770323 0.237361 0.418377 0.638952 0.387949 0.770323 0.237361 0.348974 0.638583 0.387949 0.770323 0.237361 0.402737 0.638706 0.387949 0.770323 0.237361 0.382209 
0.638460 0.387949 0.770323 0.237361 0.496579 0.638484 0.387949 0.770323 0.237361 0.418377 0.638952 0.387949 0.770323 0.237361 0.348974 0.638583 0.387949 0.770323 0.237361 0.402737 0.638706 0.387949 0.770323 0.237361 0.382209 0.639247 0.387949 0.770323 0.237361 0.311828 
0.638484 0.387949 0.770323 0.237361 0.418377 0.638952 0.387949 0.770323 0.237361 0.348974 0.638583 0.387949 0.770323 0.237361 0.402737 0.638706 0.387949 0.770323 0.237361 0.382209 0.639247 0.387949 0.770323 0.237361 0.311828 0.639616 0.387949 0.770323 0.237361 0.292278 
0.638952 0.387949 0.770323 0.237361 0.348974 0.638583 0.387949 0.770323 0.237361 0.402737 0.638706 0.387949 0.770323 0.237361 0.382209 0.639247 0.387949 0.770323 0.237361 0.311828 0.639616 0.387949 0.770323 0.237361 0.292278 0.640010 0.387949 0.770323 0.237361 0.282502 
0.638583 0.387949 0.770323 0.237361 0.402737 0.638706 0.387949 0.770323 0.237361 0.382209 0.639247 0.387949 0.770323 0.237361 0.311828 0.639616 0.387949 0.770323 0.237361 0.292278 0.640010 0.387949 0.770323 0.237361 0.282502 0.640404 0.387949 0.770323 0.237361 0.280547 
0.638706 0.387949 0.770323 0.237361 0.382209 0.639247 0.387949 0.770323 0.237361 0.311828 0.639616 0.387949 0.770323 0.237361 0.292278 0.640010 0.387949 0.770323 0.237361 0.282502 0.640404 0.387949 0.770323 0.237361 0.280547 0.640994 0.387949 0.770323 0.237361 0.237537 
0.639247 0.387949 0.770323 0.237361 0.311828 0.639616 0.387949 0.770323 0.237361 0.292278 0.640010 0.387949 0.770323 0.237361 0.282502 0.640404 0.387949 0.770323 0.237361 0.280547 0.640994 0.387949 0.770323 0.237361 0.237537 0.640723 0.387949 0.770323 0.237361 0.257087 
0.639616 0.387949 0.770323 0.237361 0.292278 0.640010 0.387949 0.770323 0.237361 0.282502 0.640404 0.387949 0.770323 0.237361 0.280547 0.640994 0.387949 0.770323 0.237361 0.237537 0.640723 0.387949 0.770323 0.237361 0.257087 0.641216 0.387949 0.770323 0.237361 0.217009 
0.640010 0.387949 0.770323 0.237361 0.282502 0.640404 0.387949 0.770323 0.237361 0.280547 0.640994 0.387949 0.770323 0.237361 0.237537 0.640723 0.387949 0.770323 0.237361 0.257087 0.641216 0.387949 0.770323 0.237361 0.217009 0.641240 0.387780 0.770323 0.237361 0.189638 
0.640404 0.387949 0.770323 0.237361 0.280547 0.640994 0.387949 0.770323 0.237361 0.237537 0.640723 0.387949 0.770323 0.237361 0.257087 0.641216 0.387949 0.770323 0.237361 0.217009 0.641240 0.387780 0.770323 0.237361 0.189638 0.641240 0.387534 0.770323 0.237361 0.170088 
0.640994 0.387949 0.770323 0.237361 0.237537 0.640723 0.387949 0.770323 0.237361 0.257087 0.641216 0.387949 0.770323 0.237361 0.217009 0.641240 0.387780 0.770323 0.237361 0.189638 0.641240 0.387534 0.770323 0.237361 0.170088 0.641240 0.387226 0.770323 0.237361 0.171065 
0.640723 0.387949 0.770323 0.237361 0.257087 0.641216 0.387949 0.770323 0.237361 0.217009 0.641240 0.387780 0.770323 0.237361 0.189638 0.641240 0.387534 0.770323 0.237361 0.170088 0.641240 0.387226 0.770323 0.237361 0.171065 0.640970 0.386857 0.770323 0.237361 0.175953 
0.641216 0.387949 0.770323 0.237361 0.217009 0.641240 0.387780 0.770323 0.237361 0.189638 0.641240 0.387534 0.770323 0.237361 0.170088 0.641240 0.387226 0.770323 0.237361 0.171065 0.640970 0.386857 0.770323 0.237361 0.175953 0.640527 0.386427 0.772418 0.221268 0.180841 
0.641240 0.387780 0.770323 0.237361 0.189638 0.641240 0.387534 0.770323 0.237361 0.170088 0.641240 0.387226 0.770323 0.237361 0.171065 0.640970 0.386857 0.770323 0.237361 0.175953 0.640527 0.386427 0.772418 0.221268 0.180841 0.640034 0.385965 0.772418 0.221268 0.181818 
0.641240 0.387534 0.770323 0.237361 0.170088 0.641240 0.387226 0.770323 0.237361 0.171065 0.640970 0.386857 0.770323 0.237361 0.175953 0.640527 0.386427 0.772418 0.221268 0.180841 0.640034 0.385965 0.772418 0.221268 0.181818 0.639518 0.385473 0.772418 0.221268 0.192571 
0.641240 0.387226 0.770323 0.237361 0.171065 0.640970 0.386857 0.770323 0.237361 0.175953 0.640527 0.386427 0.772418 0.221268 0.180841 0.640034 0.385965 0.772418 0.221268 0.181818 0.639518 0.385473 0.772418 0.221268 0.192571 0.639001 0.384981 0.772418 0.221268 0.193548 
0.640970 0.386857 0.770323 0.237361 0.175953 0.640527 0.386427 0.772418 0.221268 0.180841 0.640034 0.385965 0.772418 0.221268 0.181818 0.639518 0.385473 0.772418 0.221268 0.192571 0.639001 0.384981 0.772418 0.221268 0.193548 0.638533 0.384535 0.772418 0.221268 0.196481 
0.640527 0.386427 0.772418 0.221268 0.180841 0.640034 0.385965 0.772418 0.221268 0.181818 0.639518 0.385473 0.772418 0.221268 0.192571 0.639001 0.384981 0.772418 0.221268 0.193548 0.638533 0.384535 0.772418 0.221268 0.196481 0.638140 0.384120 0.772418 0.221268 0.205279 
0.640034 0.385965 0.772418 0.221268 0.181818 0.639518 0.385473 0.772418 0.221268 0.192571 0.639001 0.384981 0.772418 0.221268 0.193548 0.638533 0.384535 0.772418 0.221268 0.196481 0.638140 0.384120 0.772418 0.221268 0.205279 0.637869 0.383751 0.752887 0.229505 0.208211 
0.639518 0.385473 0.772418 0.221268 0.192571 0.639001 0.384981 0.772418 0.221268 0.193548 0.638533 0.384535 0.772418 0.221268 0.196481 0.638140 0.384120 0.772418 0.221268 0.205279 0.637869 0.383751 0.752887 0.229505 0.208211 0.637721 0.383428 0.752887 0.229505 0.211144 
0.639001 0.384981 0.772418 0.221268 0.193548 0.638533 0.384535 0.772418 0.221268 0.196481 0.638140 0.384120 0.772418 0.221268 0.205279 0.637869 0.383751 0.752887 0.229505 0.208211 0.637721 0.383428 0.752887 0.229505 0.211144 0.637697 0.383166 0.752887 0.229505 0.210166 
0.638533 0.384535 0.772418 0.221268 0.196481 0.638140 0.384120 0.772418 0.221268 0.205279 0.637869 0.383751 0.752887 0.229505 0.208211 0.637721 0.383428 0.752887 0.229505 0.211144 0.637697 0.383166 0.752887 0.229505 0.210166 0.637697 0.382982 0.752887 0.229505 0.204301 
0.638140 0.384120 0.772418 0.221268 0.205279 0.637869 0.383751 0.752887 0.229505 0.208211 0.637721 0.383428 0.752887 0.229505 0.211144 0.637697 0.383166 0.752887 0.229505 0.210166 0.637697 0.382982 0.752887 0.229505 0.204301 0.637697 0.382843 0.752887 0.229505 0.195503 
0.637869 0.383751 0.752887 0.229505 0.208211 0.637721 0.383428 0.752887 0.229505 0.211144 0.637697 0.383166 0.752887 0.229505 0.210166 0.637697 0.382982 0.752887 0.229505 0.204301 0.637697 0.382843 0.752887 0.229505 0.195503 0.637820 0.382720 0.752887 0.229505 0.187683 
0.637721 0.383428 0.752887 0.229505 0.211144 0.637697 0.383166 0.752887 0.229505 0.210166 0.637697 0.382982 0.752887 0.229505 0.204301 0.637697 0.382843 0.752887 0.229505 0.195503 0.637820 0.382720 0.752887 0.229505 0.187683 0.638214 0.382628 0.752887 0.229505 0.179863 
0.637697 0.383166 0.752887 0.229505 0.210166 0.637697 0.382982 0.752887 0.229505 0.204301 0.637697 0.382843 0.752887 0.229505 0.195503 0.637820 0.382720 0.752887 0.229505 0.187683 0.638214 0.382628 0.752887 0.229505 0.179863 0.638657 0.382551 0.752887 0.229505 0.175953 
0.637697 0.382982 0.752887 0.229505 0.204301 0.637697 0.382843 0.752887 0.229505 0.195503 0.637820 0.382720 0.752887 0.229505 0.187683 0.638214 0.382628 0.752887 0.229505 0.179863 0.638657 0.382551 0.752887 0.229505 0.175953 0.639075 0.382490 0.752887 0.229505 0.173998 
0.637697 0.382843 0.752887 0.229505 0.195503 0.637820 0.382720 0.752887 0.229505 0.187683 0.638214 0.382628 0.752887 0.229505 0.179863 0.638657 0.382551 0.752887 0.229505 0.175953 0.639075 0.382490 0.752887 0.229505 0.173998 0.639493 0.382443 0.752887 0.229505 0.173998 
0.637820 0.382720 0.752887 0.229505 0.187683 0.638214 0.382628 0.752887 0.229505 0.179863 0.638657 0.382551 0.752887 0.229505 0.175953 0.639075 0.382490 0.752887 0.229505 0.173998 0.639493 0.382443 0.752887 0.229505 0.173998 0.639838 0.382413 0.752887 0.229505 0.174976 
0.638214 0.382628 0.752887 0.229505 0.179863 0.638657 0.382551 0.752887 0.229505 0.175953 0.639075 0.382490 0.752887 0.229505 0.173998 0.639493 0.382443 0.752887 0.229505 0.173998 0.639838 0.382413 0.752887 0.229505 0.174976 0.640108 0.382382 0.752887 0.229505 0.179863 
0.638657 0.382551 0.752887 0.229505 0.175953 0.639075 0.382490 0.752887 0.229505 0.173998 0.639493 0.382443 0.752887 0.229505 0.173998 0.639838 0.382413 0.752887 0.229505 0.174976 0.640108 0.382382 0.752887 0.229505 0.179863 0.640354 0.382351 0.752887 0.229505 0.184751 
0.639075 0.382490 0.752887 0.229505 0.173998 0.639493 0.382443 0.752887 0.229505 0.173998 0.639838 0.382413 0.752887 0.229505 0.174976 0.640108 0.382382 0.752887 0.229505 0.179863 0.640354 0.382351 0.752887 0.229505 0.184751 0.640527 0.382305 0.752887 0.229505 0.190616 
0.639493 0.382443 0.752887 0.229505 0.173998 0.639838 0.382413 0.752887 0.229505 0.174976 0.640108 0.382382 0.752887 0.229505 0.179863 0.640354 0.382351 0.752887 0.229505 0.184751 0.640527 0.382305 0.752887 0.229505 0.190616 0.640674 0.382274 0.752887 0.229505 0.202346 
0.639838 0.382413 0.752887 0.229505 0.174976 0.640108 0.382382 0.752887 0.229505 0.179863 0.640354 0.382351 0.752887 0.229505 0.184751 0.640527 0.382305 0.752887 0.229505 0.190616 0.640674 0.382274 0.752887 0.229505 0.202346 0.640723 0.382259 0.752887 0.229505 0.211144 
0.640108 0.382382 0.752887 0.229505 0.179863 0.640354 0.382351 0.752887 0.229505 0.184751 0.640527 0.382305 0.752887 0.229505 0.190616 0.640674 0.382274 0.752887 0.229505 0.202346 0.640723 0.382259 0.752887 0.229505 0.211144 0.640723 0.382228 0.752887 0.229505 0.226784 
0.640354 0.382351 0.752887 0.229505 0.184751 0.640527 0.382305 0.752887 0.229505 0.190616 0.640674 0.382274 0.752887 0.229505 0.202346 0.640723 0.382259 0.752887 0.229505 0.211144 0.640723 0.382228 0.752887 0.229505 0.226784 0.640723 0.382182 0.752887 0.229505 0.250244 
0.640527 0.382305 0.752887 0.229505 0.190616 0.640674 0.382274 0.752887 0.229505 0.202346 0.640723 0.382259 0.752887 0.229505 0.211144 0.640723 0.382228 0.752887 0.229505 0.226784 0.640723 0.382182 0.752887 0.229505 0.250244 0.640723 0.382120 0.750635 0.244921 0.275660 
0.640674 0.382274 0.752887 0.229505 0.202346 0.640723 0.382259 0.752887 0.229505 0.211144 0.640723 0.382228 0.752887 0.229505 0.226784 0.640723 0.382182 0.752887 0.229505 0.250244 0.640723 0.382120 0.750635 0.244921 0.275660 0.640723 0.382044 0.750635 0.244921 0.302053 
0.640723 0.382259 0.752887 0.229505 0.211144 0.640723 0.382228 0.752887 0.229505 0.226784 0.640723 0.382182 0.752887 0.229505 0.250244 0.640723 0.382120 0.750635 0.244921 0.275660 0.640723 0.382044 0.750635 0.244921 0.302053 0.640723 0.381967 0.750635 0.244921 0.331378 
0.640723 0.382228 0.752887 0.229505 0.226784 0.640723 0.382182 0.752887 0.229505 0.250244 0.640723 0.382120 0.750635 0.244921 0.275660 0.640723 0.382044 0.750635 0.244921 0.302053 0.640723 0.381967 0.750635 0.244921 0.331378 0.640723 0.381890 0.750635 0.244921 0.362659 
0.640723 0.382182 0.752887 0.229505 0.250244 0.640723 0.382120 0.750635 0.244921 0.275660 0.640723 0.382044 0.750635 0.244921 0.302053 0.640723 0.381967 0.750635 0.244921 0.331378 0.640723 0.381890 0.750635 0.244921 0.362659 0.640723 0.381828 0.750635 0.244921 0.389052 
0.640723 0.382120 0.750635 0.244921 0.275660 0.640723 0.382044 0.750635 0.244921 0.302053 0.640723 0.381967 0.750635 0.244921 0.331378 0.640723 0.381890 0.750635 0.244921 0.362659 0.640723 0.381828 0.750635 0.244921 0.389052 0.640723 0.381736 0.750635 0.244921 0.411535 
0.640723 0.382044 0.750635 0.244921 0.302053 0.640723 0.381967 0.750635 0.244921 0.331378 0.640723 0.381890 0.750635 0.244921 0.362659 0.640723 0.381828 0.750635 0.244921 0.389052 0.640723 0.381736 0.750635 0.244921 0.411535 0.640723 0.381644 0.750635 0.244921 0.428153 
0.640723 0.381967 0.750635 0.244921 0.331378 0.640723 0.381890 0.750635 0.244921 0.362659 0.640723 0.381828 0.750635 0.244921 0.389052 0.640723 0.381736 0.750635 0.244921 0.411535 0.640723 0.381644 0.750635 0.244921 0.428153 0.640723 0.381567 0.750635 0.244921 0.447703 
0.640723 0.381890 0.750635 0.244921 0.362659 0.640723 0.381828 0.750635 0.244921 0.389052 0.640723 0.381736 0.750635 0.244921 0.411535 0.640723 0.381644 0.750635 0.244921 0.428153 0.640723 0.381567 0.750635 0.244921 0.447703 0.640723 0.381490 0.750635 0.244921 0.461388 
0.640723 0.381828 0.750635 0.244921 0.389052 0.640723 0.381736 0.750635 0.244921 0.411535 0.640723 0.381644 0.750635 0.244921 0.428153 0.640723 0.381567 0.750635 0.244921 0.447703 0.640723 0.381490 0.750635 0.244921 0.461388 0.640723 0.381428 0.750635 0.244921 0.475073 
0.640723 0.381736 0.750635 0.244921 0.411535 0.640723 0.381644 0.750635 0.244921 0.428153 0.640723 0.381567 0.750635 0.244921 0.447703 0.640723 0.381490 0.750635 0.244921 0.461388 0.640723 0.381428 0.750635 0.244921 0.475073 0.640723 0.381382 0.750635 0.244921 0.482893 
0.640723 0.381644 0.750635 0.244921 0.428153 0.640723 0.381567 0.750635 0.244921 0.447703 0.640723 0.381490 0.750635 0.244921 0.461388 0.640723 0.381428 0.750635 0.244921 0.475073 0.640723 0.381382 0.750635 0.244921 0.482893 0.640723 0.381352 0.750635 0.244921 0.490714 
0.640723 0.381567 0.750635 0.244921 0.447703 0.640723 0.381490 0.750635 0.244921 0.461388 0.640723 0.381428 0.750635 0.244921 0.475073 0.640723 0.381382 0.750635 0.244921 0.482893 0.640723 0.381352 0.750635 0.244921 0.490714 0.640723 0.381321 0.750635 0.244921 0.495601 
0.640723 0.381490 0.750635 0.244921 0.461388 0.640723 0.381428 0.750635 0.244921 0.475073 0.640723 0.381382 0.750635 0.244921 0.482893 0.640723 0.381352 0.750635 0.244921 0.490714 0.640723 0.381321 0.750635 0.244921 0.495601 0.640723 0.381305 0.752887 0.229505 0.502444 
0.640723 0.381428 0.750635 0.244921 0.475073 0.640723 0.381382 0.750635 0.244921 0.482893 0.640723 0.381352 0.750635 0.244921 0.490714 0.640723 0.381321 0.750635 0.244921 0.495601 0.640723 0.381305 0.752887 0.229505 0.502444 0.640723 0.381398 0.752887 0.229505 0.618768 
0.640723 0.381382 0.750635 0.244921 0.482893 0.640723 0.381352 0.750635 0.244921 0.490714 0.640723 0.381321 0.750635 0.244921 0.495601 0.640723 0.381305 0.752887 0.229505 0.502444 0.640723 0.381398 0.752887 0.229505 0.618768 0.640723 0.381951 0.752887 0.229505 0.652981 
0.640723 0.381352 0.750635 0.244921 0.490714 0.640723 0.381321 0.750635 0.244921 0.495601 0.640723 0.381305 0.752887 0.229505 0.502444 0.640723 0.381398 0.752887 0.229505 0.618768 0.640723 0.381951 0.752887 0.229505 0.652981 0.640723 0.381536 0.752887 0.229505 0.627566 
0.640723 0.381321 0.750635 0.244921 0.495601 0.640723 0.381305 0.752887 0.229505 0.502444 0.640723 0.381398 0.752887 0.229505 0.618768 0.640723 0.381951 0.752887 0.229505 0.652981 0.640723 0.381536 0.752887 0.229505 0.627566 0.640723 0.381674 0.752887 0.229505 0.634409 
0.640723 0.381305 0.752887 0.229505 0.502444 0.640723 0.381398 0.752887 0.229505 0.618768 0.640723 0.381951 0.752887 0.229505 0.652981 0.640723 0.381536 0.752887 0.229505 0.627566 0.640723 0.381674 0.752887 0.229505 0.634409 0.640723 0.381813 0.752887 0.229505 0.643206 
0.640723 0.381398 0.752887 0.229505 0.618768 0.640723 0.381951 0.752887 0.229505 0.652981 0.640723 0.381536 0.752887 0.229505 0.627566 0.640723 0.381674 0.752887 0.229505 0.634409 0.640723 0.381813 0.752887 0.229505 0.643206 0.640674 0.382074 0.752887 0.229505 0.660802 
0.640723 0.381951 0.752887 0.229505 0.652981 0.640723 0.381536 0.752887 0.229505 0.627566 0.640723 0.381674 0.752887 0.229505 0.634409 0.640723 0.381813 0.752887 0.229505 0.643206 0.640674 0.382074 0.752887 0.229505 0.660802 0.640502 0.382182 0.752887 0.229505 0.672532 
0.640723 0.381536 0.752887 0.229505 0.627566 0.640723 0.381674 0.752887 0.229505 0.634409 0.640723 0.381813 0.752887 0.229505 0.643206 0.640674 0.382074 0.752887 0.229505 0.660802 0.640502 0.382182 0.752887 0.229505 0.672532 0.640280 0.382259 0.752887 0.229505 0.689150 
0.640723 0.381674 0.752887 0.229505 0.634409 0.640723 0.381813 0.752887 0.229505 0.643206 0.640674 0.382074 0.752887 0.229505 0.660802 0.640502 0.382182 0.752887 0.229505 0.672532 0.640280 0.382259 0.752887 0.229505 0.689150 0.640059 0.382305 0.752887 0.229505 0.703812 
0.640723 0.381813 0.752887 0.229505 0.643206 0.640674 0.382074 0.752887 0.229505 0.660802 0.640502 0.382182 0.752887 0.229505 0.672532 0.640280 0.382259 0.752887 0.229505 0.689150 0.640059 0.382305 0.752887 0.229505 0.703812 0.639764 0.382336 0.752887 0.229505 0.710655 
0.640674 0.382074 0.752887 0.229505 0.660802 0.640502 0.382182 0.752887 0.229505 0.672532 0.640280 0.382259 0.752887 0.229505 0.689150 0.640059 0.382305 0.752887 0.229505 0.703812 0.639764 0.382336 0.752887 0.229505 0.710655 0.639419 0.382336 0.754978 0.213909 0.718475 
0.640502 0.382182 0.752887 0.229505 0.672532 0.640280 0.382259 0.752887 0.229505 0.689150 0.640059 0.382305 0.752887 0.229505 0.703812 0.639764 0.382336 0.752887 0.229505 0.710655 0.639419 0.382336 0.754978 0.213909 0.718475 0.639026 0.382336 0.754978 0.213909 0.716520 
0.640280 0.382259 0.752887 0.229505 0.689150 0.640059 0.382305 0.752887 0.229505 0.703812 0.639764 0.382336 0.752887 0.229505 0.710655 0.639419 0.382336 0.754978 0.213909 0.718475 0.639026 0.382336 0.754978 0.213909 0.716520 0.638607 0.382336 0.754978 0.213909 0.716520 
0.640059 0.382305 0.752887 0.229505 0.703812 0.639764 0.382336 0.752887 0.229505 0.710655 0.639419 0.382336 0.754978 0.213909 0.718475 0.639026 0.382336 0.754978 0.213909 0.716520 0.638607 0.382336 0.754978 0.213909 0.716520 0.638066 0.382336 0.754978 0.213909 0.714565 
0.639764 0.382336 0.752887 0.229505 0.710655 0.639419 0.382336 0.754978 0.213909 0.718475 0.639026 0.382336 0.754978 0.213909 0.716520 0.638607 0.382336 0.754978 0.213909 0.716520 0.638066 0.382336 0.754978 0.213909 0.714565 0.637451 0.382336 0.754978 0.213909 0.711632 
0.639419 0.382336 0.754978 0.213909 0.718475 0.639026 0.382336 0.754978 0.213909 0.716520 0.638607 0.382336 0.754978 0.213909 0.716520 0.638066 0.382336 0.754978 0.213909 0.714565 0.637451 0.382336 0.754978 0.213909 0.711632 0.636762 0.382213 0.754978 0.213909 0.706745 
0.639026 0.382336 0.754978 0.213909 0.716520 0.638607 0.382336 0.754978 0.213909 0.716520 0.638066 0.382336 0.754978 0.213909 0.714565 0.637451 0.382336 0.754978 0.213909 0.711632 0.636762 0.382213 0.754978 0.213909 0.706745 0.635974 0.382059 0.754978 0.213909 0.702835 
0.638607 0.382336 0.754978 0.213909 0.716520 0.638066 0.382336 0.754978 0.213909 0.714565 0.637451 0.382336 0.754978 0.213909 0.711632 0.636762 0.382213 0.754978 0.213909 0.706745 0.635974 0.382059 0.754978 0.213909 0.702835 0.635162 0.381890 0.754978 0.213909 0.706745 
0.638066 0.382336 0.754978 0.213909 0.714565 0.637451 0.382336 0.754978 0.213909 0.711632 0.636762 0.382213 0.754978 0.213909 0.706745 0.635974 0.382059 0.754978 0.213909 0.702835 0.635162 0.381890 0.754978 0.213909 0.706745 0.634301 0.381705 0.754978 0.213909 0.702835 
0.637451 0.382336 0.754978 0.213909 0.711632 0.636762 0.382213 0.754978 0.213909 0.706745 0.635974 0.382059 0.754978 0.213909 0.702835 0.635162 0.381890 0.754978 0.213909 0.706745 0.634301 0.381705 0.754978 0.213909 0.702835 0.633415 0.381536 0.754978 0.213909 0.706745 
0.636762 0.382213 0.754978 0.213909 0.706745 0.635974 0.382059 0.754978 0.213909 0.702835 0.635162 0.381890 0.754978 0.213909 0.706745 0.634301 0.381705 0.754978 0.213909 0.702835 0.633415 0.381536 0.754978 0.213909 0.706745 0.632529 0.381382 0.754978 0.213909 0.704790 
0.635974 0.382059 0.754978 0.213909 0.702835 0.635162 0.381890 0.754978 0.213909 0.706745 0.634301 0.381705 0.754978 0.213909 0.702835 0.633415 0.381536 0.754978 0.213909 0.706745 0.632529 0.381382 0.754978 0.213909 0.704790 0.631693 0.381259 0.754978 0.213909 0.707722 
0.635162 0.381890 0.754978 0.213909 0.706745 0.634301 0.381705 0.754978 0.213909 0.702835 0.633415 0.381536 0.754978 0.213909 0.706745 0.632529 0.381382 0.754978 0.213909 0.704790 0.631693 0.381259 0.754978 0.213909 0.707722 0.630905 0.381167 0.754978 0.213909 0.708700 
0.634301 0.381705 0.754978 0.213909 0.702835 0.633415 0.381536 0.754978 0.213909 0.706745 0.632529 0.381382 0.754978 0.213909 0.704790 0.631693 0.381259 0.754978 0.213909 0.707722 0.630905 0.381167 0.754978 0.213909 0.708700 0.630143 0.381075 0.754978 0.213909 0.708700 
0.633415 0.381536 0.754978 0.213909 0.706745 0.632529 0.381382 0.754978 0.213909 0.704790 0.631693 0.381259 0.754978 0.213909 0.707722 0.630905 0.381167 0.754978 0.213909 0.708700 0.630143 0.381075 0.754978 0.213909 0.708700 0.629355 0.381013 0.754978 0.213909 0.714565 
0.632529 0.381382 0.754978 0.213909 0.704790 0.631693 0.381259 0.754978 0.213909 0.707722 0.630905 0.381167 0.754978 0.213909 0.708700 0.630143 0.381075 0.754978 0.213909 0.708700 0.629355 0.381013 0.754978 0.213909 0.714565 0.628469 0.380982 0.754978 0.213909 0.719453 
0.631693 0.381259 0.754978 0.213909 0.707722 0.630905 0.381167 0.754978 0.213909 0.708700 0.630143 0.381075 0.754978 0.213909 0.708700 0.629355 0.381013 0.754978 0.213909 0.714565 0.628469 0.380982 0.754978 0.213909 0.719453 0.627534 0.380982 0.754978 0.213909 0.734115 
0.630905 0.381167 0.754978 0.213909 0.708700 0.630143 0.381075 0.754978 0.213909 0.708700 0.629355 0.381013 0.754978 0.213909 0.714565 0.628469 0.380982 0.754978 0.213909 0.719453 0.627534 0.380982 0.754978 0.213909 0.734115 0.626526 0.380982 0.754978 0.213909 0.744868 
0.630143 0.381075 0.754978 0.213909 0.708700 0.629355 0.381013 0.754978 0.213909 0.714565 0.628469 0.380982 0.754978 0.213909 0.719453 0.627534 0.380982 0.754978 0.213909 0.734115 0.626526 0.380982 0.754978 0.213909 0.744868 0.625468 0.380982 0.752887 0.229505 0.755621 
0.619857 0.399268 0.652140 0.445194 0.708700 0.621137 0.398591 0.652140 0.445194 0.713587 0.622343 0.397915 0.652140 0.445194 0.714565 0.623597 0.397207 0.652140 0.445194 0.735093 0.624803 0.396500 0.662285 0.423022 0.725318 0.626009 0.395777 0.662285 0.423022 0.731183 
0.621137 0.398591 0.652140 0.445194 0.713587 0.622343 0.397915 0.652140 0.445194 0.714565 0.623597 0.397207 0.652140 0.445194 0.735093 0.624803 0.396500 0.662285 0.423022 0.725318 0.626009 0.395777 0.662285 0.423022 0.731183 0.627190 0.395039 0.662285 0.423022 0.710655 
0.622343 0.397915 0.652140 0.445194 0.714565 0.623597 0.397207 0.652140 0.445194 0.735093 0.624803 0.396500 0.662285 0.423022 0.725318 0.626009 0.395777 0.662285 0.423022 0.731183 0.627190 0.395039 0.662285 0.423022 0.710655 0.628297 0.394331 0.662285 0.423022 0.716520 
0.623597 0.397207 0.652140 0.445194 0.735093 0.624803 0.396500 0.662285 0.423022 0.725318 0.626009 0.395777 0.662285 0.423022 0.731183 0.627190 0.395039 0.662285 0.423022 0.710655 0.628297 0.394331 0.662285 0.423022 0.716520 0.629355 0.393609 0.684179 0.424592 0.718475 
0.624803 0.396500 0.662285 0.423022 0.725318 0.626009 0.395777 0.662285 0.423022 0.731183 0.627190 0.395039 0.662285 0.423022 0.710655 0.628297 0.394331 0.662285 0.423022 0.716520 0.629355 0.393609 0.684179 0.424592 0.718475 0.630364 0.392886 0.684179 0.424592 0.727273 
0.626009 0.395777 0.662285 0.423022 0.731183 0.627190 0.395039 0.662285 0.423022 0.710655 0.628297 0.394331 0.662285 0.423022 0.716520 0.629355 0.393609 0.684179 0.424592 0.718475 0.630364 0.392886 0.684179 0.424592 0.727273 0.631348 0.392132 0.684179 0.424592 0.732160 
0.627190 0.395039 0.662285 0.423022 0.710655 0.628297 0.394331 0.662285 0.423022 0.716520 0.629355 0.393609 0.684179 0.424592 0.718475 0.630364 0.392886 0.684179 0.424592 0.727273 0.631348 0.392132 0.684179 0.424592 0.732160 0.632210 0.391409 0.684179 0.424592 0.724340 
0.628297 0.394331 0.662285 0.423022 0.716520 0.629355 0.393609 0.684179 0.424592 0.718475 0.630364 0.392886 0.684179 0.424592 0.727273 0.631348 0.392132 0.684179 0.424592 0.732160 0.632210 0.391409 0.684179 0.424592 0.724340 0.633071 0.390717 0.684179 0.424592 0.720430 
0.629355 0.393609 0.684179 0.424592 0.718475 0.630364 0.392886 0.684179 0.424592 0.727273 0.631348 0.392132 0.684179 0.424592 0.732160 0.632210 0.391409 0.684179 0.424592 0.724340 0.633071 0.390717 0.684179 0.424592 0.720430 0.633883 0.390071 0.684179 0.424592 0.714565 
0.630364 0.392886 0.684179 0.424592 0.727273 0.631348 0.392132 0.684179 0.424592 0.732160 0.632210 0.391409 0.684179 0.424592 0.724340 0.633071 0.390717 0.684179 0.424592 0.720430 0.633883 0.390071 0.684179 0.424592 0.714565 0.634621 0.389487 0.684179 0.424592 0.711632 
0.631348 0.392132 0.684179 0.424592 0.732160 0.632210 0.391409 0.684179 0.424592 0.724340 0.633071 0.390717 0.684179 0.424592 0.720430 0.633883 0.390071 0.684179 0.424592 0.714565 0.634621 0.389487 0.684179 0.424592 0.711632 0.635310 0.388949 0.684179 0.424592 0.718475 
0.632210 0.391409 0.684179 0.424592 0.724340 0.633071 0.390717 0.684179 0.424592 0.720430 0.633883 0.390071 0.684179 0.424592 0.714565 0.634621 0.389487 0.684179 0.424592 0.711632 0.635310 0.388949 0.684179 0.424592 0.718475 0.635950 0.388426 0.684179 0.424592 0.714565 
0.633071 0.390717 0.684179 0.424592 0.720430 0.633883 0.390071 0.684179 0.424592 0.714565 0.634621 0.389487 0.684179 0.424592 0.711632 0.635310 0.388949 0.684179 0.424592 0.718475 0.635950 0.388426 0.684179 0.424592 0.714565 0.636540 0.387964 0.684179 0.424592 0.726295 
0.633883 0.390071 0.684179 0.424592 0.714565 0.634621 0.389487 0.684179 0.424592 0.711632 0.635310 0.388949 0.684179 0.424592 0.718475 0.635950 0.388426 0.684179 0.424592 0.714565 0.636540 0.387964 0.684179 0.424592 0.726295 0.637106 0.387549 0.684179 0.424592 0.715542 
0.634621 0.389487 0.684179 0.424592 0.711632 0.635310 0.388949 0.684179 0.424592 0.718475 0.635950 0.388426 0.684179 0.424592 0.714565 0.636540 0.387964 0.684179 0.424592 0.726295 0.637106 0.387549 0.684179 0.424592 0.715542 0.637623 0.387195 0.684179 0.424592 0.716520 
0.635310 0.388949 0.684179 0.424592 0.718475 0.635950 0.388426 0.684179 0.424592 0.714565 0.636540 0.387964 0.684179 0.424592 0.726295 0.637106 0.387549 0.684179 0.424592 0.715542 0.637623 0.387195 0.684179 0.424592 0.716520 0.638115 0.386857 0.684179 0.424592 0.716520 
0.635950 0.388426 0.684179 0.424592 0.714565 0.636540 0.387964 0.684179 0.424592 0.726295 0.637106 0.387549 0.684179 0.424592 0.715542 0.637623 0.387195 0.684179 0.424592 0.716520 0.638115 0.386857 0.684179 0.424592 0.716520 0.638583 0.386519 0.662285 0.423022 0.716520 
0.636540 0.387964 0.684179 0.424592 0.726295 0.637106 0.387549 0.684179 0.424592 0.715542 0.637623 0.387195 0.684179 0.424592 0.716520 0.638115 0.386857 0.684179 0.424592 0.716520 0.638583 0.386519 0.662285 0.423022 0.716520 0.639813 0.385535 0.662285 0.423022 0.727273 
0.637106 0.387549 0.684179 0.424592 0.715542 0.637623 0.387195 0.684179 0.424592 0.716520 0.638115 0.386857 0.684179 0.424592 0.716520 0.638583 0.386519 0.662285 0.423022 0.716520 0.639813 0.385535 0.662285 0.423022 0.727273 0.639001 0.386180 0.662285 0.423022 0.715542 
0.637623 0.387195 0.684179 0.424592 0.716520 0.638115 0.386857 0.684179 0.424592 0.716520 0.638583 0.386519 0.662285 0.423022 0.716520 0.639813 0.385535 0.662285 0.423022 0.727273 0.639001 0.386180 0.662285 0.423022 0.715542 0.639419 0.385858 0.662285 0.423022 0.714565 
0.638115 0.386857 0.684179 0.424592 0.716520 0.638583 0.386519 0.662285 0.423022 0.716520 0.639813 0.385535 0.662285 0.423022 0.727273 0.639001 0.386180 0.662285 0.423022 0.715542 0.639419 0.385858 0.662285 0.423022 0.714565 0.640182 0.385196 0.662285 0.423022 0.739980 
0.638583 0.386519 0.662285 0.423022 0.716520 0.639813 0.385535 0.662285 0.423022 0.727273 0.639001 0.386180 0.662285 0.423022 0.715542 0.639419 0.385858 0.662285 0.423022 0.714565 0.640182 0.385196 0.662285 0.423022 0.739980 0.640551 0.384842 0.662285 0.423022 0.734115 
0.639813 0.385535 0.662285 0.423022 0.727273 0.639001 0.386180 0.662285 0.423022 0.715542 0.639419 0.385858 0.662285 0.423022 0.714565 0.640182 0.385196 0.662285 0.423022 0.739980 0.640551 0.384842 0.662285 0.423022 0.734115 0.640896 0.384443 0.662285 0.423022 0.739003 
0.639001 0.386180 0.662285 0.423022 0.715542 0.639419 0.385858 0.662285 0.423022 0.714565 0.640182 0.385196 0.662285 0.423022 0.739980 0.640551 0.384842 0.662285 0.423022 0.734115 0.640896 0.384443 0.662285 0.423022 0.739003 0.641191 0.384043 0.657306 0.434223 0.737048 
0.639419 0.385858 0.662285 0.423022 0.714565 0.640182 0.385196 0.662285 0.423022 0.739980 0.640551 0.384842 0.662285 0.423022 0.734115 0.640896 0.384443 0.662285 0.423022 0.739003 0.641191 0.384043 0.657306 0.434223 0.737048 0.641462 0.383658 0.662285 0.423022 0.743891 
0.640182 0.385196 0.662285 0.423022 0.739980 0.640551 0.384842 0.662285 0.423022 0.734115 0.640896 0.384443 0.662285 0.423022 0.739003 0.641191 0.384043 0.657306 0.434223 0.737048 0.641462 0.383658 0.662285 0.423022 0.743891 0.641708 0.383258 0.662285 0.423022 0.751711 
0.640551 0.384842 0.662285 0.423022 0.734115 0.640896 0.384443 0.662285 0.423022 0.739003 0.641191 0.384043 0.657306 0.434223 0.737048 0.641462 0.383658 0.662285 0.423022 0.743891 0.641708 0.383258 0.662285 0.423022 0.751711 0.641954 0.382874 0.662285 0.423022 0.764418 
0.640896 0.384443 0.662285 0.423022 0.739003 0.641191 0.384043 0.657306 0.434223 0.737048 0.641462 0.383658 0.662285 0.423022 0.743891 0.641708 0.383258 0.662285 0.423022 0.751711 0.641954 0.382874 0.662285 0.423022 0.764418 0.642175 0.382490 0.662285 0.423022 0.769306 
0.641191 0.384043 0.657306 0.434223 0.737048 0.641462 0.383658 0.662285 0.423022 0.743891 0.641708 0.383258 0.662285 0.423022 0.751711 0.641954 0.382874 0.662285 0.423022 0.764418 0.642175 0.382490 0.662285 0.423022 0.769306 0.642347 0.382136 0.662285 0.423022 0.766373 
0.641462 0.383658 0.662285 0.423022 0.743891 0.641708 0.383258 0.662285 0.423022 0.751711 0.641954 0.382874 0.662285 0.423022 0.764418 0.642175 0.382490 0.662285 0.423022 0.769306 0.642347 0.382136 0.662285 0.423022 0.766373 0.642495 0.381828 0.662285 0.423022 0.765396 
0.641708 0.383258 0.662285 0.423022 0.751711 0.641954 0.382874 0.662285 0.423022 0.764418 0.642175 0.382490 0.662285 0.423022 0.769306 0.642347 0.382136 0.662285 0.423022 0.766373 0.642495 0.381828 0.662285 0.423022 0.765396 0.642643 0.381582 0.662285 0.423022 0.766373 
0.641954 0.382874 0.662285 0.423022 0.764418 0.642175 0.382490 0.662285 0.423022 0.769306 0.642347 0.382136 0.662285 0.423022 0.766373 0.642495 0.381828 0.662285 0.423022 0.765396 0.642643 0.381582 0.662285 0.423022 0.766373 0.642741 0.381382 0.662285 0.423022 0.764418 
0.642175 0.382490 0.662285 0.423022 0.769306 0.642347 0.382136 0.662285 0.423022 0.766373 0.642495 0.381828 0.662285 0.423022 0.765396 0.642643 0.381582 0.662285 0.423022 0.766373 0.642741 0.381382 0.662285 0.423022 0.764418 0.642864 0.381213 0.662285 0.423022 0.760508 
0.642347 0.382136 0.662285 0.423022 0.766373 0.642495 0.381828 0.662285 0.423022 0.765396 0.642643 0.381582 0.662285 0.423022 0.766373 0.642741 0.381382 0.662285 0.423022 0.764418 0.642864 0.381213 0.662285 0.423022 0.760508 0.642938 0.381105 0.662285 0.423022 0.755621 
0.642495 0.381828 0.662285 0.423022 0.765396 0.642643 0.381582 0.662285 0.423022 0.766373 0.642741 0.381382 0.662285 0.423022 0.764418 0.642864 0.381213 0.662285 0.423022 0.760508 0.642938 0.381105 0.662285 0.423022 0.755621 0.642987 0.381029 0.662285 0.423022 0.752688 
0.642643 0.381582 0.662285 0.423022 0.766373 0.642741 0.381382 0.662285 0.423022 0.764418 0.642864 0.381213 0.662285 0.423022 0.760508 0.642938 0.381105 0.662285 0.423022 0.755621 0.642987 0.381029 0.662285 0.423022 0.752688 0.643012 0.380982 0.662285 0.423022 0.751711 
0.642741 0.381382 0.662285 0.423022 0.764418 0.642864 0.381213 0.662285 0.423022 0.760508 0.642938 0.381105 0.662285 0.423022 0.755621 0.642987 0.381029 0.662285 0.423022 0.752688 0.643012 0.380982 0.662285 0.423022 0.751711 0.643012 0.380952 0.662285 0.423022 0.750733 
0.642864 0.381213 0.662285 0.423022 0.760508 0.642938 0.381105 0.662285 0.423022 0.755621 0.642987 0.381029 0.662285 0.423022 0.752688 0.643012 0.380982 0.662285 0.423022 0.751711 0.643012 0.380952 0.662285 0.423022 0.750733 0.643061 0.380952 0.662285 0.423022 0.751711 
0.642938 0.381105 0.662285 0.423022 0.755621 0.642987 0.381029 0.662285 0.423022 0.752688 0.643012 0.380982 0.662285 0.423022 0.751711 0.643012 0.380952 0.662285 0.423022 0.750733 0.643061 0.380952 0.662285 0.423022 0.751711 0.643061 0.381013 0.662285 0.423022 0.871945 
0.642987 0.381029 0.662285 0.423022 0.752688 0.643012 0.380982 0.662285 0.423022 0.751711 0.643012 0.380952 0.662285 0.423022 0.750733 0.643061 0.380952 0.662285 0.423022 0.751711 0.643061 0.381013 0.662285 0.423022 0.871945 0.643036 0.381167 0.662285 0.423022 0.884653 
0.643012 0.380982 0.662285 0.423022 0.751711 0.643012 0.380952 0.662285 0.423022 0.750733 0.643061 0.380952 0.662285 0.423022 0.751711 0.643061 0.381013 0.662285 0.423022 0.871945 0.643036 0.381167 0.662285 0.423022 0.884653 0.642840 0.381352 0.662285 0.423022 0.886608 
0.643012 0.380952 0.662285 0.423022 0.750733 0.643061 0.380952 0.662285 0.423022 0.751711 0.643061 0.381013 0.662285 0.423022 0.871945 0.643036 0.381167 0.662285 0.423022 0.884653 0.642840 0.381352 0.662285 0.423022 0.886608 0.642593 0.381567 0.662285 0.423022 0.886608 
0.643061 0.380952 0.662285 0.423022 0.751711 0.643061 0.381013 0.662285 0.423022 0.871945 0.643036 0.381167 0.662285 0.423022 0.884653 0.642840 0.381352 0.662285 0.423022 0.886608 0.642593 0.381567 0.662285 0.423022 0.886608 0.642323 0.381782 0.662285 0.423022 0.884653 
0.643061 0.381013 0.662285 0.423022 0.871945 0.643036 0.381167 0.662285 0.423022 0.884653 0.642840 0.381352 0.662285 0.423022 0.886608 0.642593 0.381567 0.662285 0.423022 0.886608 0.642323 0.381782 0.662285 0.423022 0.884653 0.642003 0.382013 0.662285 0.423022 0.873900 
0.643036 0.381167 0.662285 0.423022 0.884653 0.642840 0.381352 0.662285 0.423022 0.886608 0.642593 0.381567 0.662285 0.423022 0.886608 0.642323 0.381782 0.662285 0.423022 0.884653 0.642003 0.382013 0.662285 0.423022 0.873900 0.641708 0.382213 0.662285 0.423022 0.854350 
0.642840 0.381352 0.662285 0.423022 0.886608 0.642593 0.381567 0.662285 0.423022 0.886608 0.642323 0.381782 0.662285 0.423022 0.884653 0.642003 0.382013 0.662285 0.423022 0.873900 0.641708 0.382213 0.662285 0.423022 0.854350 0.641191 0.382536 0.662285 0.423022 0.765396 
0.642593 0.381567 0.662285 0.423022 0.886608 0.642323 0.381782 0.662285 0.423022 0.884653 0.642003 0.382013 0.662285 0.423022 0.873900 0.641708 0.382213 0.662285 0.423022 0.854350 0.641191 0.382536 0.662285 0.423022 0.765396 0.641437 0.382382 0.662285 0.423022 0.819159 
0.642323 0.381782 0.662285 0.423022 0.884653 0.642003 0.382013 0.662285 0.423022 0.873900 0.641708 0.382213 0.662285 0.423022 0.854350 0.641191 0.382536 0.662285 0.423022 0.765396 0.641437 0.382382 0.662285 0.423022 0.819159 0.641043 0.382705 0.662285 0.423022 0.683284 
0.642003 0.382013 0.662285 0.423022 0.873900 0.641708 0.382213 0.662285 0.423022 0.854350 0.641191 0.382536 0.662285 0.423022 0.765396 0.641437 0.382382 0.662285 0.423022 0.819159 0.641043 0.382705 0.662285 0.423022 0.683284 0.640945 0.382966 0.662285 0.423022 0.531769 
0.641708 0.382213 0.662285 0.423022 0.854350 0.641191 0.382536 0.662285 0.423022 0.765396 0.641437 0.382382 0.662285 0.423022 0.819159 0.641043 0.382705 0.662285 0.423022 0.683284 0.640945 0.382966 0.662285 0.423022 0.531769 0.640871 0.383320 0.662285 0.423022 0.265885 
0.641191 0.382536 0.662285 0.423022 0.765396 0.641437 0.382382 0.662285 0.423022 0.819159 0.641043 0.382705 0.662285 0.423022 0.683284 0.640945 0.382966 0.662285 0.423022 0.531769 0.640871 0.383320 0.662285 0.423022 0.265885 0.640871 0.384427 0.662285 0.423022 0.000000 
0.641437 0.382382 0.662285 0.423022 0.819159 0.641043 0.382705 0.662285 0.423022 0.683284 0.640945 0.382966 0.662285 0.423022 0.531769 0.640871 0.383320 0.662285 0.423022 0.265885 0.640871 0.384427 0.662285 0.423022 0.000000 0.640871 0.385135 0.662285 0.423022 0.000000 
0.641043 0.382705 0.662285 0.423022 0.683284 0.640945 0.382966 0.662285 0.423022 0.531769 0.640871 0.383320 0.662285 0.423022 0.265885 0.640871 0.384427 0.662285 0.423022 0.000000 0.640871 0.385135 0.662285 0.423022 0.000000 0.640822 0.385965 0.640373 0.420953 0.000000 
0.640945 0.382966 0.662285 0.423022 0.531769 0.640871 0.383320 0.662285 0.423022 0.265885 0.640871 0.384427 0.662285 0.423022 0.000000 0.640871 0.385135 0.662285 0.423022 0.000000 0.640822 0.385965 0.640373 0.420953 0.000000 0.640354 0.386796 0.628410 0.397245 0.000000 
