0.660285 0.408972 0.559703 -0.767474 0.459433 0.659769 0.406865 0.559703 -0.767474 0.474096 0.659252 0.404589 0.559703 -0.767474 0.468231 0.658760 0.402113 0.559703 -0.767474 0.483871 0.658268 0.399406 0.547450 -0.773032 0.491691 0.657800 0.396546 0.547450 -0.773032 0.481916 
0.659769 0.406865 0.559703 -0.767474 0.474096 0.659252 0.404589 0.559703 -0.767474 0.468231 0.658760 0.402113 0.559703 -0.767474 0.483871 0.658268 0.399406 0.547450 -0.773032 0.491691 0.657800 0.396546 0.547450 -0.773032 0.481916 0.657382 0.393655 0.519583 -0.760803 0.487781 
0.659252 0.404589 0.559703 -0.767474 0.468231 0.658760 0.402113 0.559703 -0.767474 0.483871 0.658268 0.399406 0.547450 -0.773032 0.491691 0.657800 0.396546 0.547450 -0.773032 0.481916 0.657382 0.393655 0.519583 -0.760803 0.487781 0.656964 0.390779 0.519583 -0.760803 0.494624 
0.658760 0.402113 0.559703 -0.767474 0.483871 0.658268 0.399406 0.547450 -0.773032 0.491691 0.657800 0.396546 0.547450 -0.773032 0.481916 0.657382 0.393655 0.519583 -0.760803 0.487781 0.656964 0.390779 0.519583 -0.760803 0.494624 0.656570 0.387888 0.519583 -0.760803 0.522972 
0.658268 0.399406 0.547450 -0.773032 0.491691 0.657800 0.396546 0.547450 -0.773032 0.481916 0.657382 0.393655 0.519583 -0.760803 0.487781 0.656964 0.390779 0.519583 -0.760803 0.494624 0.656570 0.387888 0.519583 -0.760803 0.522972 0.656299 0.385042 0.506908 -0.765938 0.511241 
0.657800 0.396546 0.547450 -0.773032 0.481916 0.657382 0.393655 0.519583 -0.760803 0.487781 0.656964 0.390779 0.519583 -0.760803 0.494624 0.656570 0.387888 0.519583 -0.760803 0.522972 0.656299 0.385042 0.506908 -0.765938 0.511241 0.656078 0.382243 0.506908 -0.765938 0.520039 
0.657382 0.393655 0.519583 -0.760803 0.487781 0.656964 0.390779 0.519583 -0.760803 0.494624 0.656570 0.387888 0.519583 -0.760803 0.522972 0.656299 0.385042 0.506908 -0.765938 0.511241 0.656078 0.382243 0.506908 -0.765938 0.520039 0.655930 0.379614 0.493921 -0.770873 0.534702 
0.656964 0.390779 0.519583 -0.760803 0.494624 0.656570 0.387888 0.519583 -0.760803 0.522972 0.656299 0.385042 0.506908 -0.765938 0.511241 0.656078 0.382243 0.506908 -0.765938 0.520039 0.655930 0.379614 0.493921 -0.770873 0.534702 0.655832 0.377276 0.493921 -0.770873 0.548387 
0.656570 0.387888 0.519583 -0.760803 0.522972 0.656299 0.385042 0.506908 -0.765938 0.511241 0.656078 0.382243 0.506908 -0.765938 0.520039 0.655930 0.379614 0.493921 -0.770873 0.534702 0.655832 0.377276 0.493921 -0.770873 0.548387 0.655782 0.375138 0.480621 -0.775610 0.559140 
0.656299 0.385042 0.506908 -0.765938 0.511241 0.656078 0.382243 0.506908 -0.765938 0.520039 0.655930 0.379614 0.493921 -0.770873 0.534702 0.655832 0.377276 0.493921 -0.770873 0.548387 0.655782 0.375138 0.480621 -0.775610 0.559140 0.655758 0.373062 0.480621 -0.775610 0.583578 
0.656078 0.382243 0.506908 -0.765938 0.520039 0.655930 0.379614 0.493921 -0.770873 0.534702 0.655832 0.377276 0.493921 -0.770873 0.548387 0.655782 0.375138 0.480621 -0.775610 0.559140 0.655758 0.373062 0.480621 -0.775610 0.583578 0.655758 0.371032 0.453068 -0.762639 0.609971 
0.655930 0.379614 0.493921 -0.770873 0.534702 0.655832 0.377276 0.493921 -0.770873 0.548387 0.655782 0.375138 0.480621 -0.775610 0.559140 0.655758 0.373062 0.480621 -0.775610 0.583578 0.655758 0.371032 0.453068 -0.762639 0.609971 0.655758 0.369125 0.453068 -0.762639 0.619746 
0.655832 0.377276 0.493921 -0.770873 0.548387 0.655782 0.375138 0.480621 -0.775610 0.559140 0.655758 0.373062 0.480621 -0.775610 0.583578 0.655758 0.371032 0.453068 -0.762639 0.609971 0.655758 0.369125 0.453068 -0.762639 0.619746 0.655758 0.367280 0.439439 -0.766987 0.633431 
0.655782 0.375138 0.480621 -0.775610 0.559140 0.655758 0.373062 0.480621 -0.775610 0.583578 0.655758 0.371032 0.453068 -0.762639 0.609971 0.655758 0.369125 0.453068 -0.762639 0.619746 0.655758 0.367280 0.439439 -0.766987 0.633431 0.655758 0.365465 0.439439 -0.766987 0.666667 
0.655758 0.373062 0.480621 -0.775610 0.583578 0.655758 0.371032 0.453068 -0.762639 0.609971 0.655758 0.369125 0.453068 -0.762639 0.619746 0.655758 0.367280 0.439439 -0.766987 0.633431 0.655758 0.365465 0.439439 -0.766987 0.666667 0.655758 0.363635 0.425514 -0.771147 0.688172 
0.655758 0.371032 0.453068 -0.762639 0.609971 0.655758 0.369125 0.453068 -0.762639 0.619746 0.655758 0.367280 0.439439 -0.766987 0.633431 0.655758 0.365465 0.439439 -0.766987 0.666667 0.655758 0.363635 0.425514 -0.771147 0.688172 0.655758 0.361697 0.425514 -0.771147 0.692082 
0.655758 0.369125 0.453068 -0.762639 0.619746 0.655758 0.367280 0.439439 -0.766987 0.633431 0.655758 0.365465 0.439439 -0.766987 0.666667 0.655758 0.363635 0.425514 -0.771147 0.688172 0.655758 0.361697 0.425514 -0.771147 0.692082 0.655807 0.359667 0.411295 -0.775123 0.697947 
0.655758 0.367280 0.439439 -0.766987 0.633431 0.655758 0.365465 0.439439 -0.766987 0.666667 0.655758 0.363635 0.425514 -0.771147 0.688172 0.655758 0.361697 0.425514 -0.771147 0.692082 0.655807 0.359667 0.411295 -0.775123 0.697947 0.655856 0.357576 0.411295 -0.775123 0.701857 
0.655758 0.365465 0.439439 -0.766987 0.666667 0.655758 0.363635 0.425514 -0.771147 0.688172 0.655758 0.361697 0.425514 -0.771147 0.692082 0.655807 0.359667 0.411295 -0.775123 0.697947 0.655856 0.357576 0.411295 -0.775123 0.701857 0.655856 0.353270 0.384478 -0.761448 0.699902 
0.655758 0.363635 0.425514 -0.771147 0.688172 0.655758 0.361697 0.425514 -0.771147 0.692082 0.655807 0.359667 0.411295 -0.775123 0.697947 0.655856 0.357576 0.411295 -0.775123 0.701857 0.655856 0.353270 0.384478 -0.761448 0.699902 0.655856 0.355469 0.384478 -0.761448 0.712610 
0.655758 0.361697 0.425514 -0.771147 0.692082 0.655807 0.359667 0.411295 -0.775123 0.697947 0.655856 0.357576 0.411295 -0.775123 0.701857 0.655856 0.353270 0.384478 -0.761448 0.699902 0.655856 0.355469 0.384478 -0.761448 0.712610 0.655856 0.351024 0.370046 -0.765059 0.707722 
0.655807 0.359667 0.411295 -0.775123 0.697947 0.655856 0.357576 0.411295 -0.775123 0.701857 0.655856 0.353270 0.384478 -0.761448 0.699902 0.655856 0.355469 0.384478 -0.761448 0.712610 0.655856 0.351024 0.370046 -0.765059 0.707722 0.655856 0.348779 0.370046 -0.765059 0.720430 
0.655856 0.357576 0.411295 -0.775123 0.701857 0.655856 0.353270 0.384478 -0.761448 0.699902 0.655856 0.355469 0.384478 -0.761448 0.712610 0.655856 0.351024 0.370046 -0.765059 0.707722 0.655856 0.348779 0.370046 -0.765059 0.720430 0.655856 0.346534 0.370046 -0.765059 0.724340 
0.655856 0.353270 0.384478 -0.761448 0.699902 0.655856 0.355469 0.384478 -0.761448 0.712610 0.655856 0.351024 0.370046 -0.765059 0.707722 0.655856 0.348779 0.370046 -0.765059 0.720430 0.655856 0.346534 0.370046 -0.765059 0.724340 0.655782 0.344365 0.351537 -0.789232 0.715542 
0.655856 0.355469 0.384478 -0.761448 0.712610 0.655856 0.351024 0.370046 -0.765059 0.707722 0.655856 0.348779 0.370046 -0.765059 0.720430 0.655856 0.346534 0.370046 -0.765059 0.724340 0.655782 0.344365 0.351537 -0.789232 0.715542 0.655610 0.342366 0.351537 -0.789232 0.708700 
0.655856 0.351024 0.370046 -0.765059 0.707722 0.655856 0.348779 0.370046 -0.765059 0.720430 0.655856 0.346534 0.370046 -0.765059 0.724340 0.655782 0.344365 0.351537 -0.789232 0.715542 0.655610 0.342366 0.351537 -0.789232 0.708700 0.655438 0.340567 0.335899 -0.792322 0.703812 
0.655856 0.348779 0.370046 -0.765059 0.720430 0.655856 0.346534 0.370046 -0.765059 0.724340 0.655782 0.344365 0.351537 -0.789232 0.715542 0.655610 0.342366 0.351537 -0.789232 0.708700 0.655438 0.340567 0.335899 -0.792322 0.703812 0.655241 0.338921 0.309700 -0.777764 0.704790 
0.655856 0.346534 0.370046 -0.765059 0.724340 0.655782 0.344365 0.351537 -0.789232 0.715542 0.655610 0.342366 0.351537 -0.789232 0.708700 0.655438 0.340567 0.335899 -0.792322 0.703812 0.655241 0.338921 0.309700 -0.777764 0.704790 0.655020 0.337352 0.309700 -0.777764 0.707722 
0.655782 0.344365 0.351537 -0.789232 0.715542 0.655610 0.342366 0.351537 -0.789232 0.708700 0.655438 0.340567 0.335899 -0.792322 0.703812 0.655241 0.338921 0.309700 -0.777764 0.704790 0.655020 0.337352 0.309700 -0.777764 0.707722 0.654774 0.335907 0.293987 -0.780516 0.694037 
0.655610 0.342366 0.351537 -0.789232 0.708700 0.655438 0.340567 0.335899 -0.792322 0.703812 0.655241 0.338921 0.309700 -0.777764 0.704790 0.655020 0.337352 0.309700 -0.777764 0.707722 0.654774 0.335907 0.293987 -0.780516 0.694037 0.654552 0.334584 0.293987 -0.780516 0.697947 
0.655438 0.340567 0.335899 -0.792322 0.703812 0.655241 0.338921 0.309700 -0.777764 0.704790 0.655020 0.337352 0.309700 -0.777764 0.707722 0.654774 0.335907 0.293987 -0.780516 0.694037 0.654552 0.334584 0.293987 -0.780516 0.697947 0.654331 0.333431 0.278038 -0.783101 0.692082 
0.655241 0.338921 0.309700 -0.777764 0.704790 0.655020 0.337352 0.309700 -0.777764 0.707722 0.654774 0.335907 0.293987 -0.780516 0.694037 0.654552 0.334584 0.293987 -0.780516 0.697947 0.654331 0.333431 0.278038 -0.783101 0.692082 0.654134 0.332400 0.278038 -0.783101 0.698925 
0.655020 0.337352 0.309700 -0.777764 0.707722 0.654774 0.335907 0.293987 -0.780516 0.694037 0.654552 0.334584 0.293987 -0.780516 0.697947 0.654331 0.333431 0.278038 -0.783101 0.692082 0.654134 0.332400 0.278038 -0.783101 0.698925 0.653912 0.331478 0.261861 -0.785521 0.711632 
0.654774 0.335907 0.293987 -0.780516 0.694037 0.654552 0.334584 0.293987 -0.780516 0.697947 0.654331 0.333431 0.278038 -0.783101 0.692082 0.654134 0.332400 0.278038 -0.783101 0.698925 0.653912 0.331478 0.261861 -0.785521 0.711632 0.653716 0.330586 0.261861 -0.785521 0.709677 
0.654552 0.334584 0.293987 -0.780516 0.697947 0.654331 0.333431 0.278038 -0.783101 0.692082 0.654134 0.332400 0.278038 -0.783101 0.698925 0.653912 0.331478 0.261861 -0.785521 0.711632 0.653716 0.330586 0.261861 -0.785521 0.709677 0.653568 0.329709 0.261861 -0.785521 0.703812 
0.654331 0.333431 0.278038 -0.783101 0.692082 0.654134 0.332400 0.278038 -0.783101 0.698925 0.653912 0.331478 0.261861 -0.785521 0.711632 0.653716 0.330586 0.261861 -0.785521 0.709677 0.653568 0.329709 0.261861 -0.785521 0.703812 0.653445 0.328955 0.261861 -0.785521 0.698925 
0.654134 0.332400 0.278038 -0.783101 0.698925 0.653912 0.331478 0.261861 -0.785521 0.711632 0.653716 0.330586 0.261861 -0.785521 0.709677 0.653568 0.329709 0.261861 -0.785521 0.703812 0.653445 0.328955 0.261861 -0.785521 0.698925 0.653346 0.328294 0.261861 -0.785521 0.695015 
0.653912 0.331478 0.261861 -0.785521 0.711632 0.653716 0.330586 0.261861 -0.785521 0.709677 0.653568 0.329709 0.261861 -0.785521 0.703812 0.653445 0.328955 0.261861 -0.785521 0.698925 0.653346 0.328294 0.261861 -0.785521 0.695015 0.653248 0.327679 0.261861 -0.785521 0.695015 
0.653716 0.330586 0.261861 -0.785521 0.709677 0.653568 0.329709 0.261861 -0.785521 0.703812 0.653445 0.328955 0.261861 -0.785521 0.698925 0.653346 0.328294 0.261861 -0.785521 0.695015 0.653248 0.327679 0.261861 -0.785521 0.695015 0.653150 0.327064 0.268959 -0.765649 0.699902 
0.653568 0.329709 0.261861 -0.785521 0.703812 0.653445 0.328955 0.261861 -0.785521 0.698925 0.653346 0.328294 0.261861 -0.785521 0.695015 0.653248 0.327679 0.261861 -0.785521 0.695015 0.653150 0.327064 0.268959 -0.765649 0.699902 0.653051 0.326341 0.268959 -0.765649 0.698925 
0.653445 0.328955 0.261861 -0.785521 0.698925 0.653346 0.328294 0.261861 -0.785521 0.695015 0.653248 0.327679 0.261861 -0.785521 0.695015 0.653150 0.327064 0.268959 -0.765649 0.699902 0.653051 0.326341 0.268959 -0.765649 0.698925 0.652977 0.325603 0.268959 -0.765649 0.696970 
0.653346 0.328294 0.261861 -0.785521 0.695015 0.653248 0.327679 0.261861 -0.785521 0.695015 0.653150 0.327064 0.268959 -0.765649 0.699902 0.653051 0.326341 0.268959 -0.765649 0.698925 0.652977 0.325603 0.268959 -0.765649 0.696970 0.652928 0.324880 0.268959 -0.765649 0.693060 
0.653248 0.327679 0.261861 -0.785521 0.695015 0.653150 0.327064 0.268959 -0.765649 0.699902 0.653051 0.326341 0.268959 -0.765649 0.698925 0.652977 0.325603 0.268959 -0.765649 0.696970 0.652928 0.324880 0.268959 -0.765649 0.693060 0.652904 0.324234 0.268959 -0.765649 0.695992 
0.653150 0.327064 0.268959 -0.765649 0.699902 0.653051 0.326341 0.268959 -0.765649 0.698925 0.652977 0.325603 0.268959 -0.765649 0.696970 0.652928 0.324880 0.268959 -0.765649 0.693060 0.652904 0.324234 0.268959 -0.765649 0.695992 0.652904 0.323634 0.268959 -0.765649 0.689150 
0.653051 0.326341 0.268959 -0.765649 0.698925 0.652977 0.325603 0.268959 -0.765649 0.696970 0.652928 0.324880 0.268959 -0.765649 0.693060 0.652904 0.324234 0.268959 -0.765649 0.695992 0.652904 0.323634 0.268959 -0.765649 0.689150 0.652879 0.323065 0.237361 -0.770323 0.691105 
0.652977 0.325603 0.268959 -0.765649 0.696970 0.652928 0.324880 0.268959 -0.765649 0.693060 0.652904 0.324234 0.268959 -0.765649 0.695992 0.652904 0.323634 0.268959 -0.765649 0.689150 0.652879 0.323065 0.237361 -0.770323 0.691105 0.652879 0.322512 0.237361 -0.770323 0.677419 
0.652928 0.324880 0.268959 -0.765649 0.693060 0.652904 0.324234 0.268959 -0.765649 0.695992 0.652904 0.323634 0.268959 -0.765649 0.689150 0.652879 0.323065 0.237361 -0.770323 0.691105 0.652879 0.322512 0.237361 -0.770323 0.677419 0.652879 0.322004 0.245466 -0.787778 0.662757 
0.652904 0.324234 0.268959 -0.765649 0.695992 0.652904 0.323634 0.268959 -0.765649 0.689150 0.652879 0.323065 0.237361 -0.770323 0.691105 0.652879 0.322512 0.237361 -0.770323 0.677419 0.652879 0.322004 0.245466 -0.787778 0.662757 0.652879 0.321604 0.245466 -0.787778 0.649071 
0.652904 0.323634 0.268959 -0.765649 0.689150 0.652879 0.323065 0.237361 -0.770323 0.691105 0.652879 0.322512 0.237361 -0.770323 0.677419 0.652879 0.322004 0.245466 -0.787778 0.662757 0.652879 0.321604 0.245466 -0.787778 0.649071 0.652879 0.321281 0.245466 -0.787778 0.641251 
0.652879 0.323065 0.237361 -0.770323 0.691105 0.652879 0.322512 0.237361 -0.770323 0.677419 0.652879 0.322004 0.245466 -0.787778 0.662757 0.652879 0.321604 0.245466 -0.787778 0.649071 0.652879 0.321281 0.245466 -0.787778 0.641251 0.652879 0.321020 0.245466 -0.787778 0.619746 
0.652879 0.322512 0.237361 -0.770323 0.677419 0.652879 0.322004 0.245466 -0.787778 0.662757 0.652879 0.321604 0.245466 -0.787778 0.649071 0.652879 0.321281 0.245466 -0.787778 0.641251 0.652879 0.321020 0.245466 -0.787778 0.619746 0.652879 0.320820 0.245466 -0.787778 0.598240 
0.652879 0.322004 0.245466 -0.787778 0.662757 0.652879 0.321604 0.245466 -0.787778 0.649071 0.652879 0.321281 0.245466 -0.787778 0.641251 0.652879 0.321020 0.245466 -0.787778 0.619746 0.652879 0.320820 0.245466 -0.787778 0.598240 0.652879 0.320651 0.245466 -0.787778 0.573803 
0.652879 0.321604 0.245466 -0.787778 0.649071 0.652879 0.321281 0.245466 -0.787778 0.641251 0.652879 0.321020 0.245466 -0.787778 0.619746 0.652879 0.320820 0.245466 -0.787778 0.598240 0.652879 0.320651 0.245466 -0.787778 0.573803 0.652879 0.320543 0.228862 -0.789873 0.531769 
0.652879 0.321281 0.245466 -0.787778 0.641251 0.652879 0.321020 0.245466 -0.787778 0.619746 0.652879 0.320820 0.245466 -0.787778 0.598240 0.652879 0.320651 0.245466 -0.787778 0.573803 0.652879 0.320543 0.228862 -0.789873 0.531769 0.652879 0.320497 0.228862 -0.789873 0.478006 
0.652879 0.321020 0.245466 -0.787778 0.619746 0.652879 0.320820 0.245466 -0.787778 0.598240 0.652879 0.320651 0.245466 -0.787778 0.573803 0.652879 0.320543 0.228862 -0.789873 0.531769 0.652879 0.320497 0.228862 -0.789873 0.478006 0.652805 0.320497 0.228862 -0.789873 0.352884 
0.652879 0.320820 0.245466 -0.787778 0.598240 0.652879 0.320651 0.245466 -0.787778 0.573803 0.652879 0.320543 0.228862 -0.789873 0.531769 0.652879 0.320497 0.228862 -0.789873 0.478006 0.652805 0.320497 0.228862 -0.789873 0.352884 0.652584 0.320528 0.228862 -0.789873 0.279570 
0.652879 0.320651 0.245466 -0.787778 0.573803 0.652879 0.320543 0.228862 -0.789873 0.531769 0.652879 0.320497 0.228862 -0.789873 0.478006 0.652805 0.320497 0.228862 -0.789873 0.352884 0.652584 0.320528 0.228862 -0.789873 0.279570 0.652338 0.320820 0.228862 -0.789873 0.229717 
0.652879 0.320543 0.228862 -0.789873 0.531769 0.652879 0.320497 0.228862 -0.789873 0.478006 0.652805 0.320497 0.228862 -0.789873 0.352884 0.652584 0.320528 0.228862 -0.789873 0.279570 0.652338 0.320820 0.228862 -0.789873 0.229717 0.651968 0.321251 0.228862 -0.789873 0.179863 
0.652879 0.320497 0.228862 -0.789873 0.478006 0.652805 0.320497 0.228862 -0.789873 0.352884 0.652584 0.320528 0.228862 -0.789873 0.279570 0.652338 0.320820 0.228862 -0.789873 0.229717 0.651968 0.321251 0.228862 -0.789873 0.179863 0.651575 0.321804 0.228862 -0.789873 0.145650 
0.652805 0.320497 0.228862 -0.789873 0.352884 0.652584 0.320528 0.228862 -0.789873 0.279570 0.652338 0.320820 0.228862 -0.789873 0.229717 0.651968 0.321251 0.228862 -0.789873 0.179863 0.651575 0.321804 0.228862 -0.789873 0.145650 0.651107 0.322512 0.228862 -0.789873 0.117302 
0.652584 0.320528 0.228862 -0.789873 0.279570 0.652338 0.320820 0.228862 -0.789873 0.229717 0.651968 0.321251 0.228862 -0.789873 0.179863 0.651575 0.321804 0.228862 -0.789873 0.145650 0.651107 0.322512 0.228862 -0.789873 0.117302 0.650615 0.323311 0.228862 -0.789873 0.067449 
0.652338 0.320820 0.228862 -0.789873 0.229717 0.651968 0.321251 0.228862 -0.789873 0.179863 0.651575 0.321804 0.228862 -0.789873 0.145650 0.651107 0.322512 0.228862 -0.789873 0.117302 0.650615 0.323311 0.228862 -0.789873 0.067449 0.649680 0.325172 0.228862 -0.789873 0.000000 
0.651968 0.321251 0.228862 -0.789873 0.179863 0.651575 0.321804 0.228862 -0.789873 0.145650 0.651107 0.322512 0.228862 -0.789873 0.117302 0.650615 0.323311 0.228862 -0.789873 0.067449 0.649680 0.325172 0.228862 -0.789873 0.000000 0.649311 0.326156 0.228862 -0.789873 0.000000 
0.651575 0.321804 0.228862 -0.789873 0.145650 0.651107 0.322512 0.228862 -0.789873 0.117302 0.650615 0.323311 0.228862 -0.789873 0.067449 0.649680 0.325172 0.228862 -0.789873 0.000000 0.649311 0.326156 0.228862 -0.789873 0.000000 0.648942 0.327141 0.228862 -0.789873 0.000000 
0.651107 0.322512 0.228862 -0.789873 0.117302 0.650615 0.323311 0.228862 -0.789873 0.067449 0.649680 0.325172 0.228862 -0.789873 0.000000 0.649311 0.326156 0.228862 -0.789873 0.000000 0.648942 0.327141 0.228862 -0.789873 0.000000 0.648622 0.328079 0.228862 -0.789873 0.000000 
0.650615 0.323311 0.228862 -0.789873 0.067449 0.649680 0.325172 0.228862 -0.789873 0.000000 0.649311 0.326156 0.228862 -0.789873 0.000000 0.648942 0.327141 0.228862 -0.789873 0.000000 0.648622 0.328079 0.228862 -0.789873 0.000000 0.648351 0.328971 0.245466 -0.787778 0.000000 
0.649680 0.325172 0.228862 -0.789873 0.000000 0.649311 0.326156 0.228862 -0.789873 0.000000 0.648942 0.327141 0.228862 -0.789873 0.000000 0.648622 0.328079 0.228862 -0.789873 0.000000 0.648351 0.328971 0.245466 -0.787778 0.000000 0.648081 0.329771 0.245466 -0.787778 0.000000 
0.649311 0.326156 0.228862 -0.789873 0.000000 0.648942 0.327141 0.228862 -0.789873 0.000000 0.648622 0.328079 0.228862 -0.789873 0.000000 0.648351 0.328971 0.245466 -0.787778 0.000000 0.648081 0.329771 0.245466 -0.787778 0.000000 0.647810 0.330509 0.253834 -0.805251 0.000000 
0.648942 0.327141 0.228862 -0.789873 0.000000 0.648622 0.328079 0.228862 -0.789873 0.000000 0.648351 0.328971 0.245466 -0.787778 0.000000 0.648081 0.329771 0.245466 -0.787778 0.000000 0.647810 0.330509 0.253834 -0.805251 0.000000 0.647515 0.331201 0.253834 -0.805251 0.000000 
0.648622 0.328079 0.228862 -0.789873 0.000000 0.648351 0.328971 0.245466 -0.787778 0.000000 0.648081 0.329771 0.245466 -0.787778 0.000000 0.647810 0.330509 0.253834 -0.805251 0.000000 0.647515 0.331201 0.253834 -0.805251 0.000000 0.647170 0.331816 0.262482 -0.822742 0.000000 
0.648351 0.328971 0.245466 -0.787778 0.000000 0.648081 0.329771 0.245466 -0.787778 0.000000 0.647810 0.330509 0.253834 -0.805251 0.000000 0.647515 0.331201 0.253834 -0.805251 0.000000 0.647170 0.331816 0.262482 -0.822742 0.000000 0.646752 0.332339 0.262482 -0.822742 0.000000 
0.648081 0.329771 0.245466 -0.787778 0.000000 0.647810 0.330509 0.253834 -0.805251 0.000000 0.647515 0.331201 0.253834 -0.805251 0.000000 0.647170 0.331816 0.262482 -0.822742 0.000000 0.646752 0.332339 0.262482 -0.822742 0.000000 0.646334 0.332800 0.271431 -0.840252 0.000000 
0.647810 0.330509 0.253834 -0.805251 0.000000 0.647515 0.331201 0.253834 -0.805251 0.000000 0.647170 0.331816 0.262482 -0.822742 0.000000 0.646752 0.332339 0.262482 -0.822742 0.000000 0.646334 0.332800 0.271431 -0.840252 0.000000 0.645915 0.333185 0.280699 -0.857780 0.000000 
0.647515 0.331201 0.253834 -0.805251 0.000000 0.647170 0.331816 0.262482 -0.822742 0.000000 0.646752 0.332339 0.262482 -0.822742 0.000000 0.646334 0.332800 0.271431 -0.840252 0.000000 0.645915 0.333185 0.280699 -0.857780 0.000000 0.645497 0.333185 0.290308 -0.875326 0.000000 
0.647170 0.331816 0.262482 -0.822742 0.000000 0.646752 0.332339 0.262482 -0.822742 0.000000 0.646334 0.332800 0.271431 -0.840252 0.000000 0.645915 0.333185 0.280699 -0.857780 0.000000 0.645497 0.333185 0.290308 -0.875326 0.000000 0.645103 0.333185 0.290308 -0.875326 0.000000 
0.646752 0.332339 0.262482 -0.822742 0.000000 0.646334 0.332800 0.271431 -0.840252 0.000000 0.645915 0.333185 0.280699 -0.857780 0.000000 0.645497 0.333185 0.290308 -0.875326 0.000000 0.645103 0.333185 0.290308 -0.875326 0.000000 0.645103 0.333262 0.300283 -0.892891 0.000000 
0.646334 0.332800 0.271431 -0.840252 0.000000 0.645915 0.333185 0.280699 -0.857780 0.000000 0.645497 0.333185 0.290308 -0.875326 0.000000 0.645103 0.333185 0.290308 -0.875326 0.000000 0.645103 0.333262 0.300283 -0.892891 0.000000 0.644537 0.333354 0.290099 -0.912502 0.000000 
0.645915 0.333185 0.280699 -0.857780 0.000000 0.645497 0.333185 0.290308 -0.875326 0.000000 0.645103 0.333185 0.290308 -0.875326 0.000000 0.645103 0.333262 0.300283 -0.892891 0.000000 0.644537 0.333354 0.290099 -0.912502 0.000000 0.643971 0.333431 0.310647 -0.910473 0.000000 
0.645497 0.333185 0.290308 -0.875326 0.000000 0.645103 0.333185 0.290308 -0.875326 0.000000 0.645103 0.333262 0.300283 -0.892891 0.000000 0.644537 0.333354 0.290099 -0.912502 0.000000 0.643971 0.333431 0.310647 -0.910473 0.000000 0.643971 0.333508 0.321430 -0.928074 0.000000 
0.645103 0.333185 0.290308 -0.875326 0.000000 0.645103 0.333262 0.300283 -0.892891 0.000000 0.644537 0.333354 0.290099 -0.912502 0.000000 0.643971 0.333431 0.310647 -0.910473 0.000000 0.643971 0.333508 0.321430 -0.928074 0.000000 0.643504 0.333754 0.310849 -0.947679 0.000000 
0.645103 0.333262 0.300283 -0.892891 0.000000 0.644537 0.333354 0.290099 -0.912502 0.000000 0.643971 0.333431 0.310647 -0.910473 0.000000 0.643971 0.333508 0.321430 -0.928074 0.000000 0.643504 0.333754 0.310849 -0.947679 0.000000 0.643504 0.334092 0.310849 -0.947679 0.000000 
0.644537 0.333354 0.290099 -0.912502 0.000000 0.643971 0.333431 0.310647 -0.910473 0.000000 0.643971 0.333508 0.321430 -0.928074 0.000000 0.643504 0.333754 0.310849 -0.947679 0.000000 0.643504 0.334092 0.310849 -0.947679 0.000000 0.643504 0.334369 0.310849 -0.947679 0.000000 
0.643971 0.333431 0.310647 -0.910473 0.000000 0.643971 0.333508 0.321430 -0.928074 0.000000 0.643504 0.333754 0.310849 -0.947679 0.000000 0.643504 0.334092 0.310849 -0.947679 0.000000 0.643504 0.334369 0.310849 -0.947679 0.000000 0.643455 0.334615 0.321904 -0.965290 0.000000 
0.643971 0.333508 0.321430 -0.928074 0.000000 0.643504 0.333754 0.310849 -0.947679 0.000000 0.643504 0.334092 0.310849 -0.947679 0.000000 0.643504 0.334369 0.310849 -0.947679 0.000000 0.643455 0.334615 0.321904 -0.965290 0.000000 0.642963 0.334846 0.344372 -0.963328 0.000000 
0.643504 0.333754 0.310849 -0.947679 0.000000 0.643504 0.334092 0.310849 -0.947679 0.000000 0.643504 0.334369 0.310849 -0.947679 0.000000 0.643455 0.334615 0.321904 -0.965290 0.000000 0.642963 0.334846 0.344372 -0.963328 0.000000 0.642520 0.335138 0.344372 -0.963328 0.000000 
0.643504 0.334092 0.310849 -0.947679 0.000000 0.643504 0.334369 0.310849 -0.947679 0.000000 0.643455 0.334615 0.321904 -0.965290 0.000000 0.642963 0.334846 0.344372 -0.963328 0.000000 0.642520 0.335138 0.344372 -0.963328 0.000000 0.642052 0.335492 0.344372 -0.963328 0.000000 
0.643504 0.334369 0.310849 -0.947679 0.000000 0.643455 0.334615 0.321904 -0.965290 0.000000 0.642963 0.334846 0.344372 -0.963328 0.000000 0.642520 0.335138 0.344372 -0.963328 0.000000 0.642052 0.335492 0.344372 -0.963328 0.000000 0.641585 0.335507 0.333459 -0.982916 0.000000 
0.643455 0.334615 0.321904 -0.965290 0.000000 0.642963 0.334846 0.344372 -0.963328 0.000000 0.642520 0.335138 0.344372 -0.963328 0.000000 0.642052 0.335492 0.344372 -0.963328 0.000000 0.641585 0.335507 0.333459 -0.982916 0.000000 0.641560 0.335522 0.333459 -0.982916 0.000000 
0.642963 0.334846 0.344372 -0.963328 0.000000 0.642520 0.335138 0.344372 -0.963328 0.000000 0.642052 0.335492 0.344372 -0.963328 0.000000 0.641585 0.335507 0.333459 -0.982916 0.000000 0.641560 0.335522 0.333459 -0.982916 0.000000 0.641093 0.335615 0.333459 -0.982916 0.000000 
0.642520 0.335138 0.344372 -0.963328 0.000000 0.642052 0.335492 0.344372 -0.963328 0.000000 0.641585 0.335507 0.333459 -0.982916 0.000000 0.641560 0.335522 0.333459 -0.982916 0.000000 0.641093 0.335615 0.333459 -0.982916 0.000000 0.641093 0.335676 0.344372 -0.963328 0.000000 
0.642052 0.335492 0.344372 -0.963328 0.000000 0.641585 0.335507 0.333459 -0.982916 0.000000 0.641560 0.335522 0.333459 -0.982916 0.000000 0.641093 0.335615 0.333459 -0.982916 0.000000 0.641093 0.335676 0.344372 -0.963328 0.000000 0.641019 0.335738 0.344372 -0.963328 0.000000 
0.641585 0.335507 0.333459 -0.982916 0.000000 0.641560 0.335522 0.333459 -0.982916 0.000000 0.641093 0.335615 0.333459 -0.982916 0.000000 0.641093 0.335676 0.344372 -0.963328 0.000000 0.641019 0.335738 0.344372 -0.963328 0.000000 0.640920 0.335984 0.344372 -0.963328 0.000000 
0.641560 0.335522 0.333459 -0.982916 0.000000 0.641093 0.335615 0.333459 -0.982916 0.000000 0.641093 0.335676 0.344372 -0.963328 0.000000 0.641019 0.335738 0.344372 -0.963328 0.000000 0.640920 0.335984 0.344372 -0.963328 0.000000 0.640699 0.336122 0.344372 -0.963328 0.000000 
0.641093 0.335615 0.333459 -0.982916 0.000000 0.641093 0.335676 0.344372 -0.963328 0.000000 0.641019 0.335738 0.344372 -0.963328 0.000000 0.640920 0.335984 0.344372 -0.963328 0.000000 0.640699 0.336122 0.344372 -0.963328 0.000000 0.640527 0.336260 0.344372 -0.963328 0.000000 
0.641093 0.335676 0.344372 -0.963328 0.000000 0.641019 0.335738 0.344372 -0.963328 0.000000 0.640920 0.335984 0.344372 -0.963328 0.000000 0.640699 0.336122 0.344372 -0.963328 0.000000 0.640527 0.336260 0.344372 -0.963328 0.000000 0.640354 0.336383 0.332661 -0.945692 0.000000 
0.641019 0.335738 0.344372 -0.963328 0.000000 0.640920 0.335984 0.344372 -0.963328 0.000000 0.640699 0.336122 0.344372 -0.963328 0.000000 0.640527 0.336260 0.344372 -0.963328 0.000000 0.640354 0.336383 0.332661 -0.945692 0.000000 0.640207 0.336476 0.332661 -0.945692 0.000000 
0.640920 0.335984 0.344372 -0.963328 0.000000 0.640699 0.336122 0.344372 -0.963328 0.000000 0.640527 0.336260 0.344372 -0.963328 0.000000 0.640354 0.336383 0.332661 -0.945692 0.000000 0.640207 0.336476 0.332661 -0.945692 0.000000 0.640034 0.336553 0.332661 -0.945692 0.000000 
0.640699 0.336122 0.344372 -0.963328 0.000000 0.640527 0.336260 0.344372 -0.963328 0.000000 0.640354 0.336383 0.332661 -0.945692 0.000000 0.640207 0.336476 0.332661 -0.945692 0.000000 0.640034 0.336553 0.332661 -0.945692 0.000000 0.639788 0.336630 0.342218 -0.925906 0.000000 
0.640527 0.336260 0.344372 -0.963328 0.000000 0.640354 0.336383 0.332661 -0.945692 0.000000 0.640207 0.336476 0.332661 -0.945692 0.000000 0.640034 0.336553 0.332661 -0.945692 0.000000 0.639788 0.336630 0.342218 -0.925906 0.000000 0.639690 0.336630 0.342218 -0.925906 0.000000 
0.640354 0.336383 0.332661 -0.945692 0.000000 0.640207 0.336476 0.332661 -0.945692 0.000000 0.640034 0.336553 0.332661 -0.945692 0.000000 0.639788 0.336630 0.342218 -0.925906 0.000000 0.639690 0.336630 0.342218 -0.925906 0.000000 0.639616 0.336630 0.342218 -0.925906 0.000000 
0.640207 0.336476 0.332661 -0.945692 0.000000 0.640034 0.336553 0.332661 -0.945692 0.000000 0.639788 0.336630 0.342218 -0.925906 0.000000 0.639690 0.336630 0.342218 -0.925906 0.000000 0.639616 0.336630 0.342218 -0.925906 0.000000 0.639518 0.336630 0.321430 -0.928074 0.000000 
0.640034 0.336553 0.332661 -0.945692 0.000000 0.639788 0.336630 0.342218 -0.925906 0.000000 0.639690 0.336630 0.342218 -0.925906 0.000000 0.639616 0.336630 0.342218 -0.925906 0.000000 0.639518 0.336630 0.321430 -0.928074 0.000000 0.639419 0.336630 0.321430 -0.928074 0.000000 
0.639788 0.336630 0.342218 -0.925906 0.000000 0.639690 0.336630 0.342218 -0.925906 0.000000 0.639616 0.336630 0.342218 -0.925906 0.000000 0.639518 0.336630 0.321430 -0.928074 0.000000 0.639419 0.336630 0.321430 -0.928074 0.000000 0.639272 0.336645 0.321430 -0.928074 0.000000 
0.639690 0.336630 0.342218 -0.925906 0.000000 0.639616 0.336630 0.342218 -0.925906 0.000000 0.639518 0.336630 0.321430 -0.928074 0.000000 0.639419 0.336630 0.321430 -0.928074 0.000000 0.639272 0.336645 0.321430 -0.928074 0.000000 0.639026 0.336753 0.321430 -0.928074 0.000000 
0.639616 0.336630 0.342218 -0.925906 0.000000 0.639518 0.336630 0.321430 -0.928074 0.000000 0.639419 0.336630 0.321430 -0.928074 0.000000 0.639272 0.336645 0.321430 -0.928074 0.000000 0.639026 0.336753 0.321430 -0.928074 0.000000 0.638632 0.336953 0.321430 -0.928074 0.000000 
0.639518 0.336630 0.321430 -0.928074 0.000000 0.639419 0.336630 0.321430 -0.928074 0.000000 0.639272 0.336645 0.321430 -0.928074 0.000000 0.639026 0.336753 0.321430 -0.928074 0.000000 0.638632 0.336953 0.321430 -0.928074 0.000000 0.638140 0.337306 0.321430 -0.928074 0.000000 
0.639419 0.336630 0.321430 -0.928074 0.000000 0.639272 0.336645 0.321430 -0.928074 0.000000 0.639026 0.336753 0.321430 -0.928074 0.000000 0.638632 0.336953 0.321430 -0.928074 0.000000 0.638140 0.337306 0.321430 -0.928074 0.000000 0.636860 0.338890 0.310647 -0.910473 0.000000 
0.639272 0.336645 0.321430 -0.928074 0.000000 0.639026 0.336753 0.321430 -0.928074 0.000000 0.638632 0.336953 0.321430 -0.928074 0.000000 0.638140 0.337306 0.321430 -0.928074 0.000000 0.636860 0.338890 0.310647 -0.910473 0.000000 0.637426 0.337921 0.321430 -0.928074 0.000000 
0.639026 0.336753 0.321430 -0.928074 0.000000 0.638632 0.336953 0.321430 -0.928074 0.000000 0.638140 0.337306 0.321430 -0.928074 0.000000 0.636860 0.338890 0.310647 -0.910473 0.000000 0.637426 0.337921 0.321430 -0.928074 0.000000 0.636220 0.339875 0.310647 -0.910473 0.000000 
0.638632 0.336953 0.321430 -0.928074 0.000000 0.638140 0.337306 0.321430 -0.928074 0.000000 0.636860 0.338890 0.310647 -0.910473 0.000000 0.637426 0.337921 0.321430 -0.928074 0.000000 0.636220 0.339875 0.310647 -0.910473 0.000000 0.635532 0.341043 0.330841 -0.908285 0.000000 
0.638140 0.337306 0.321430 -0.928074 0.000000 0.636860 0.338890 0.310647 -0.910473 0.000000 0.637426 0.337921 0.321430 -0.928074 0.000000 0.636220 0.339875 0.310647 -0.910473 0.000000 0.635532 0.341043 0.330841 -0.908285 0.000000 0.634818 0.342474 0.330841 -0.908285 0.000000 
0.636860 0.338890 0.310647 -0.910473 0.000000 0.637426 0.337921 0.321430 -0.928074 0.000000 0.636220 0.339875 0.310647 -0.910473 0.000000 0.635532 0.341043 0.330841 -0.908285 0.000000 0.634818 0.342474 0.330841 -0.908285 0.000000 0.634031 0.344150 0.339167 -0.888317 0.000000 
0.637426 0.337921 0.321430 -0.928074 0.000000 0.636220 0.339875 0.310647 -0.910473 0.000000 0.635532 0.341043 0.330841 -0.908285 0.000000 0.634818 0.342474 0.330841 -0.908285 0.000000 0.634031 0.344150 0.339167 -0.888317 0.000000 0.633219 0.346072 0.328082 -0.870721 0.000000 
0.636220 0.339875 0.310647 -0.910473 0.000000 0.635532 0.341043 0.330841 -0.908285 0.000000 0.634818 0.342474 0.330841 -0.908285 0.000000 0.634031 0.344150 0.339167 -0.888317 0.000000 0.633219 0.346072 0.328082 -0.870721 0.000000 0.632333 0.348287 0.335280 -0.850586 0.000000 
0.635532 0.341043 0.330841 -0.908285 0.000000 0.634818 0.342474 0.330841 -0.908285 0.000000 0.634031 0.344150 0.339167 -0.888317 0.000000 0.633219 0.346072 0.328082 -0.870721 0.000000 0.632333 0.348287 0.335280 -0.850586 0.000000 0.631422 0.350824 0.324450 -0.833028 0.000000 
0.634818 0.342474 0.330841 -0.908285 0.000000 0.634031 0.344150 0.339167 -0.888317 0.000000 0.633219 0.346072 0.328082 -0.870721 0.000000 0.632333 0.348287 0.335280 -0.850586 0.000000 0.631422 0.350824 0.324450 -0.833028 0.000000 0.630463 0.353639 0.330602 -0.812749 0.000000 
0.634031 0.344150 0.339167 -0.888317 0.000000 0.633219 0.346072 0.328082 -0.870721 0.000000 0.632333 0.348287 0.335280 -0.850586 0.000000 0.631422 0.350824 0.324450 -0.833028 0.000000 0.630463 0.353639 0.330602 -0.812749 0.000000 0.629503 0.356745 0.335899 -0.792322 0.000000 
0.633219 0.346072 0.328082 -0.870721 0.000000 0.632333 0.348287 0.335280 -0.850586 0.000000 0.631422 0.350824 0.324450 -0.833028 0.000000 0.630463 0.353639 0.330602 -0.812749 0.000000 0.629503 0.356745 0.335899 -0.792322 0.000000 0.628543 0.360067 0.340387 -0.771755 0.000000 
0.632333 0.348287 0.335280 -0.850586 0.000000 0.631422 0.350824 0.324450 -0.833028 0.000000 0.630463 0.353639 0.330602 -0.812749 0.000000 0.629503 0.356745 0.335899 -0.792322 0.000000 0.628543 0.360067 0.340387 -0.771755 0.000000 0.627608 0.363604 0.333171 -0.733670 0.000000 
0.631422 0.350824 0.324450 -0.833028 0.000000 0.630463 0.353639 0.330602 -0.812749 0.000000 0.629503 0.356745 0.335899 -0.792322 0.000000 0.628543 0.360067 0.340387 -0.771755 0.000000 0.627608 0.363604 0.333171 -0.733670 0.000000 0.626747 0.367264 0.325314 -0.695627 0.000000 
0.630463 0.353639 0.330602 -0.812749 0.000000 0.629503 0.356745 0.335899 -0.792322 0.000000 0.628543 0.360067 0.340387 -0.771755 0.000000 0.627608 0.363604 0.333171 -0.733670 0.000000 0.626747 0.367264 0.325314 -0.695627 0.000000 0.625886 0.370955 0.328897 -0.654013 0.000000 
0.629503 0.356745 0.335899 -0.792322 0.000000 0.628543 0.360067 0.340387 -0.771755 0.000000 0.627608 0.363604 0.333171 -0.733670 0.000000 0.626747 0.367264 0.325314 -0.695627 0.000000 0.625886 0.370955 0.328897 -0.654013 0.000000 0.625098 0.374569 0.306441 -0.640557 0.000000 
0.619119 0.333677 0.289380 -0.838008 0.000000 0.620448 0.333169 0.299190 -0.855546 0.000000 0.621777 0.332631 0.299190 -0.855546 0.000000 0.623155 0.332062 0.299190 -0.855546 0.000000 0.624557 0.331462 0.317387 -0.853149 0.000000 0.626009 0.330801 0.317387 -0.853149 0.000000 
0.620448 0.333169 0.299190 -0.855546 0.000000 0.621777 0.332631 0.299190 -0.855546 0.000000 0.623155 0.332062 0.299190 -0.855546 0.000000 0.624557 0.331462 0.317387 -0.853149 0.000000 0.626009 0.330801 0.317387 -0.853149 0.000000 0.627534 0.330109 0.317387 -0.853149 0.000000 
0.621777 0.332631 0.299190 -0.855546 0.000000 0.623155 0.332062 0.299190 -0.855546 0.000000 0.624557 0.331462 0.317387 -0.853149 0.000000 0.626009 0.330801 0.317387 -0.853149 0.000000 0.627534 0.330109 0.317387 -0.853149 0.000000 0.629109 0.329355 0.317387 -0.853149 0.000000 
0.623155 0.332062 0.299190 -0.855546 0.000000 0.624557 0.331462 0.317387 -0.853149 0.000000 0.626009 0.330801 0.317387 -0.853149 0.000000 0.627534 0.330109 0.317387 -0.853149 0.000000 0.629109 0.329355 0.317387 -0.853149 0.000000 0.630659 0.328586 0.307056 -0.835600 0.000000 
0.624557 0.331462 0.317387 -0.853149 0.000000 0.626009 0.330801 0.317387 -0.853149 0.000000 0.627534 0.330109 0.317387 -0.853149 0.000000 0.629109 0.329355 0.317387 -0.853149 0.000000 0.630659 0.328586 0.307056 -0.835600 0.000000 0.632308 0.327771 0.307056 -0.835600 0.000000 
0.626009 0.330801 0.317387 -0.853149 0.000000 0.627534 0.330109 0.317387 -0.853149 0.000000 0.629109 0.329355 0.317387 -0.853149 0.000000 0.630659 0.328586 0.307056 -0.835600 0.000000 0.632308 0.327771 0.307056 -0.835600 0.000000 0.633907 0.326925 0.324450 -0.833028 0.000000 
0.627534 0.330109 0.317387 -0.853149 0.000000 0.629109 0.329355 0.317387 -0.853149 0.000000 0.630659 0.328586 0.307056 -0.835600 0.000000 0.632308 0.327771 0.307056 -0.835600 0.000000 0.633907 0.326925 0.324450 -0.833028 0.000000 0.635532 0.326064 0.307056 -0.835600 0.000000 
0.629109 0.329355 0.317387 -0.853149 0.000000 0.630659 0.328586 0.307056 -0.835600 0.000000 0.632308 0.327771 0.307056 -0.835600 0.000000 0.633907 0.326925 0.324450 -0.833028 0.000000 0.635532 0.326064 0.307056 -0.835600 0.000000 0.637131 0.325157 0.313971 -0.815497 0.000000 
0.630659 0.328586 0.307056 -0.835600 0.000000 0.632308 0.327771 0.307056 -0.835600 0.000000 0.633907 0.326925 0.324450 -0.833028 0.000000 0.635532 0.326064 0.307056 -0.835600 0.000000 0.637131 0.325157 0.313971 -0.815497 0.000000 0.638730 0.324265 0.313971 -0.815497 0.000000 
0.632308 0.327771 0.307056 -0.835600 0.000000 0.633907 0.326925 0.324450 -0.833028 0.000000 0.635532 0.326064 0.307056 -0.835600 0.000000 0.637131 0.325157 0.313971 -0.815497 0.000000 0.638730 0.324265 0.313971 -0.815497 0.000000 0.640305 0.323342 0.313971 -0.815497 0.000000 
0.633907 0.326925 0.324450 -0.833028 0.000000 0.635532 0.326064 0.307056 -0.835600 0.000000 0.637131 0.325157 0.313971 -0.815497 0.000000 0.638730 0.324265 0.313971 -0.815497 0.000000 0.640305 0.323342 0.313971 -0.815497 0.000000 0.641831 0.322450 0.313971 -0.815497 0.000000 
0.635532 0.326064 0.307056 -0.835600 0.000000 0.637131 0.325157 0.313971 -0.815497 0.000000 0.638730 0.324265 0.313971 -0.815497 0.000000 0.640305 0.323342 0.313971 -0.815497 0.000000 0.641831 0.322450 0.313971 -0.815497 0.000000 0.643381 0.321558 0.303823 -0.797992 0.000000 
0.637131 0.325157 0.313971 -0.815497 0.000000 0.638730 0.324265 0.313971 -0.815497 0.000000 0.640305 0.323342 0.313971 -0.815497 0.000000 0.641831 0.322450 0.313971 -0.815497 0.000000 0.643381 0.321558 0.303823 -0.797992 0.000000 0.644907 0.320712 0.287401 -0.800577 0.000000 
0.638730 0.324265 0.313971 -0.815497 0.000000 0.640305 0.323342 0.313971 -0.815497 0.000000 0.641831 0.322450 0.313971 -0.815497 0.000000 0.643381 0.321558 0.303823 -0.797992 0.000000 0.644907 0.320712 0.287401 -0.800577 0.000000 0.646383 0.319959 0.287401 -0.800577 0.000000 
0.640305 0.323342 0.313971 -0.815497 0.000000 0.641831 0.322450 0.313971 -0.815497 0.000000 0.643381 0.321558 0.303823 -0.797992 0.000000 0.644907 0.320712 0.287401 -0.800577 0.000000 0.646383 0.319959 0.287401 -0.800577 0.000000 0.647810 0.319236 0.287401 -0.800577 0.000000 
0.641831 0.322450 0.313971 -0.815497 0.000000 0.643381 0.321558 0.303823 -0.797992 0.000000 0.644907 0.320712 0.287401 -0.800577 0.000000 0.646383 0.319959 0.287401 -0.800577 0.000000 0.647810 0.319236 0.287401 -0.800577 0.000000 0.649163 0.318590 0.278038 -0.783101 0.000000 
0.643381 0.321558 0.303823 -0.797992 0.000000 0.644907 0.320712 0.287401 -0.800577 0.000000 0.646383 0.319959 0.287401 -0.800577 0.000000 0.647810 0.319236 0.287401 -0.800577 0.000000 0.649163 0.318590 0.278038 -0.783101 0.000000 0.650418 0.317990 0.278038 -0.783101 0.089932 
0.644907 0.320712 0.287401 -0.800577 0.000000 0.646383 0.319959 0.287401 -0.800577 0.000000 0.647810 0.319236 0.287401 -0.800577 0.000000 0.649163 0.318590 0.278038 -0.783101 0.000000 0.650418 0.317990 0.278038 -0.783101 0.089932 0.651599 0.317467 0.278038 -0.783101 0.137830 
0.646383 0.319959 0.287401 -0.800577 0.000000 0.647810 0.319236 0.287401 -0.800577 0.000000 0.649163 0.318590 0.278038 -0.783101 0.000000 0.650418 0.317990 0.278038 -0.783101 0.089932 0.651599 0.317467 0.278038 -0.783101 0.137830 0.652658 0.317006 0.261861 -0.785521 0.140762 
0.647810 0.319236 0.287401 -0.800577 0.000000 0.649163 0.318590 0.278038 -0.783101 0.000000 0.650418 0.317990 0.278038 -0.783101 0.089932 0.651599 0.317467 0.278038 -0.783101 0.137830 0.652658 0.317006 0.261861 -0.785521 0.140762 0.653568 0.316591 0.261861 -0.785521 0.154448 
0.649163 0.318590 0.278038 -0.783101 0.000000 0.650418 0.317990 0.278038 -0.783101 0.089932 0.651599 0.317467 0.278038 -0.783101 0.137830 0.652658 0.317006 0.261861 -0.785521 0.140762 0.653568 0.316591 0.261861 -0.785521 0.154448 0.654355 0.316191 0.261861 -0.785521 0.177908 
0.650418 0.317990 0.278038 -0.783101 0.089932 0.651599 0.317467 0.278038 -0.783101 0.137830 0.652658 0.317006 0.261861 -0.785521 0.140762 0.653568 0.316591 0.261861 -0.785521 0.154448 0.654355 0.316191 0.261861 -0.785521 0.177908 0.655044 0.315806 0.261861 -0.785521 0.216031 
0.651599 0.317467 0.278038 -0.783101 0.137830 0.652658 0.317006 0.261861 -0.785521 0.140762 0.653568 0.316591 0.261861 -0.785521 0.154448 0.654355 0.316191 0.261861 -0.785521 0.177908 0.655044 0.315806 0.261861 -0.785521 0.216031 0.655635 0.315437 0.261861 -0.785521 0.229717 
0.652658 0.317006 0.261861 -0.785521 0.140762 0.653568 0.316591 0.261861 -0.785521 0.154448 0.654355 0.316191 0.261861 -0.785521 0.177908 0.655044 0.315806 0.261861 -0.785521 0.216031 0.655635 0.315437 0.261861 -0.785521 0.229717 0.656127 0.315099 0.261861 -0.785521 0.228739 
0.653568 0.316591 0.261861 -0.785521 0.154448 0.654355 0.316191 0.261861 -0.785521 0.177908 0.655044 0.315806 0.261861 -0.785521 0.216031 0.655635 0.315437 0.261861 -0.785521 0.229717 0.656127 0.315099 0.261861 -0.785521 0.228739 0.656471 0.314776 0.261861 -0.785521 0.230694 
0.654355 0.316191 0.261861 -0.785521 0.177908 0.655044 0.315806 0.261861 -0.785521 0.216031 0.655635 0.315437 0.261861 -0.785521 0.229717 0.656127 0.315099 0.261861 -0.785521 0.228739 0.656471 0.314776 0.261861 -0.785521 0.230694 0.656767 0.314484 0.261861 -0.785521 0.242424 
0.655044 0.315806 0.261861 -0.785521 0.216031 0.655635 0.315437 0.261861 -0.785521 0.229717 0.656127 0.315099 0.261861 -0.785521 0.228739 0.656471 0.314776 0.261861 -0.785521 0.230694 0.656767 0.314484 0.261861 -0.785521 0.242424 0.656964 0.314192 0.261861 -0.785521 0.253177 
0.655635 0.315437 0.261861 -0.785521 0.229717 0.656127 0.315099 0.261861 -0.785521 0.228739 0.656471 0.314776 0.261861 -0.785521 0.230694 0.656767 0.314484 0.261861 -0.785521 0.242424 0.656964 0.314192 0.261861 -0.785521 0.253177 0.657111 0.313946 0.261861 -0.785521 0.259042 
0.656127 0.315099 0.261861 -0.785521 0.228739 0.656471 0.314776 0.261861 -0.785521 0.230694 0.656767 0.314484 0.261861 -0.785521 0.242424 0.656964 0.314192 0.261861 -0.785521 0.253177 0.657111 0.313946 0.261861 -0.785521 0.259042 0.657136 0.313730 0.261861 -0.785521 0.265885 
0.656471 0.314776 0.261861 -0.785521 0.230694 0.656767 0.314484 0.261861 -0.785521 0.242424 0.656964 0.314192 0.261861 -0.785521 0.253177 0.657111 0.313946 0.261861 -0.785521 0.259042 0.657136 0.313730 0.261861 -0.785521 0.265885 0.657136 0.313546 0.270735 -0.802995 0.269795 
0.656767 0.314484 0.261861 -0.785521 0.242424 0.656964 0.314192 0.261861 -0.785521 0.253177 0.657111 0.313946 0.261861 -0.785521 0.259042 0.657136 0.313730 0.261861 -0.785521 0.265885 0.657136 0.313546 0.270735 -0.802995 0.269795 0.657136 0.313392 0.270735 -0.802995 0.272727 
0.656964 0.314192 0.261861 -0.785521 0.253177 0.657111 0.313946 0.261861 -0.785521 0.259042 0.657136 0.313730 0.261861 -0.785521 0.265885 0.657136 0.313546 0.270735 -0.802995 0.269795 0.657136 0.313392 0.270735 -0.802995 0.272727 0.657136 0.313254 0.270735 -0.802995 0.274682 
0.657111 0.313946 0.261861 -0.785521 0.259042 0.657136 0.313730 0.261861 -0.785521 0.265885 0.657136 0.313546 0.270735 -0.802995 0.269795 0.657136 0.313392 0.270735 -0.802995 0.272727 0.657136 0.313254 0.270735 -0.802995 0.274682 0.657111 0.313161 0.270735 -0.802995 0.272727 
0.657136 0.313730 0.261861 -0.785521 0.265885 0.657136 0.313546 0.270735 -0.802995 0.269795 0.657136 0.313392 0.270735 -0.802995 0.272727 0.657136 0.313254 0.270735 -0.802995 0.274682 0.657111 0.313161 0.270735 -0.802995 0.272727 0.656841 0.313084 0.270735 -0.802995 0.271750 
0.657136 0.313546 0.270735 -0.802995 0.269795 0.657136 0.313392 0.270735 -0.802995 0.272727 0.657136 0.313254 0.270735 -0.802995 0.274682 0.657111 0.313161 0.270735 -0.802995 0.272727 0.656841 0.313084 0.270735 -0.802995 0.271750 0.656496 0.313054 0.270735 -0.802995 0.275660 
0.657136 0.313392 0.270735 -0.802995 0.272727 0.657136 0.313254 0.270735 -0.802995 0.274682 0.657111 0.313161 0.270735 -0.802995 0.272727 0.656841 0.313084 0.270735 -0.802995 0.271750 0.656496 0.313054 0.270735 -0.802995 0.275660 0.656053 0.313054 0.270735 -0.802995 0.281525 
0.657136 0.313254 0.270735 -0.802995 0.274682 0.657111 0.313161 0.270735 -0.802995 0.272727 0.656841 0.313084 0.270735 -0.802995 0.271750 0.656496 0.313054 0.270735 -0.802995 0.275660 0.656053 0.313054 0.270735 -0.802995 0.281525 0.655512 0.313054 0.270735 -0.802995 0.286413 
0.657111 0.313161 0.270735 -0.802995 0.272727 0.656841 0.313084 0.270735 -0.802995 0.271750 0.656496 0.313054 0.270735 -0.802995 0.275660 0.656053 0.313054 0.270735 -0.802995 0.281525 0.655512 0.313054 0.270735 -0.802995 0.286413 0.654774 0.313084 0.261861 -0.785521 0.295210 
0.656841 0.313084 0.270735 -0.802995 0.271750 0.656496 0.313054 0.270735 -0.802995 0.275660 0.656053 0.313054 0.270735 -0.802995 0.281525 0.655512 0.313054 0.270735 -0.802995 0.286413 0.654774 0.313084 0.261861 -0.785521 0.295210 0.653863 0.313438 0.261861 -0.785521 0.304985 
0.656496 0.313054 0.270735 -0.802995 0.275660 0.656053 0.313054 0.270735 -0.802995 0.281525 0.655512 0.313054 0.270735 -0.802995 0.286413 0.654774 0.313084 0.261861 -0.785521 0.295210 0.653863 0.313438 0.261861 -0.785521 0.304985 0.652707 0.314007 0.261861 -0.785521 0.316716 
0.656053 0.313054 0.270735 -0.802995 0.281525 0.655512 0.313054 0.270735 -0.802995 0.286413 0.654774 0.313084 0.261861 -0.785521 0.295210 0.653863 0.313438 0.261861 -0.785521 0.304985 0.652707 0.314007 0.261861 -0.785521 0.316716 0.651255 0.314807 0.261861 -0.785521 0.337243 
0.655512 0.313054 0.270735 -0.802995 0.286413 0.654774 0.313084 0.261861 -0.785521 0.295210 0.653863 0.313438 0.261861 -0.785521 0.304985 0.652707 0.314007 0.261861 -0.785521 0.316716 0.651255 0.314807 0.261861 -0.785521 0.337243 0.649459 0.315868 0.261861 -0.785521 0.369501 
0.654774 0.313084 0.261861 -0.785521 0.295210 0.653863 0.313438 0.261861 -0.785521 0.304985 0.652707 0.314007 0.261861 -0.785521 0.316716 0.651255 0.314807 0.261861 -0.785521 0.337243 0.649459 0.315868 0.261861 -0.785521 0.369501 0.647293 0.317191 0.261861 -0.785521 0.405670 
0.653863 0.313438 0.261861 -0.785521 0.304985 0.652707 0.314007 0.261861 -0.785521 0.316716 0.651255 0.314807 0.261861 -0.785521 0.337243 0.649459 0.315868 0.261861 -0.785521 0.369501 0.647293 0.317191 0.261861 -0.785521 0.405670 0.644759 0.318759 0.268959 -0.765649 0.442815 
0.652707 0.314007 0.261861 -0.785521 0.316716 0.651255 0.314807 0.261861 -0.785521 0.337243 0.649459 0.315868 0.261861 -0.785521 0.369501 0.647293 0.317191 0.261861 -0.785521 0.405670 0.644759 0.318759 0.268959 -0.765649 0.442815 0.641905 0.320559 0.268959 -0.765649 0.469208 
0.651255 0.314807 0.261861 -0.785521 0.337243 0.649459 0.315868 0.261861 -0.785521 0.369501 0.647293 0.317191 0.261861 -0.785521 0.405670 0.644759 0.318759 0.268959 -0.765649 0.442815 0.641905 0.320559 0.268959 -0.765649 0.469208 0.638681 0.322573 0.268959 -0.765649 0.530792 
0.649459 0.315868 0.261861 -0.785521 0.369501 0.647293 0.317191 0.261861 -0.785521 0.405670 0.644759 0.318759 0.268959 -0.765649 0.442815 0.641905 0.320559 0.268959 -0.765649 0.469208 0.638681 0.322573 0.268959 -0.765649 0.530792 0.635236 0.324711 0.260148 -0.748221 0.559140 
0.647293 0.317191 0.261861 -0.785521 0.405670 0.644759 0.318759 0.268959 -0.765649 0.442815 0.641905 0.320559 0.268959 -0.765649 0.469208 0.638681 0.322573 0.268959 -0.765649 0.530792 0.635236 0.324711 0.260148 -0.748221 0.559140 0.631570 0.326941 0.260148 -0.748221 0.585533 
0.644759 0.318759 0.268959 -0.765649 0.442815 0.641905 0.320559 0.268959 -0.765649 0.469208 0.638681 0.322573 0.268959 -0.765649 0.530792 0.635236 0.324711 0.260148 -0.748221 0.559140 0.631570 0.326941 0.260148 -0.748221 0.585533 0.627756 0.329248 0.260148 -0.748221 0.616813 
0.619907 0.390102 0.070155 -0.121116 0.000000 0.620965 0.391717 0.039083 -0.057907 0.000000 0.622121 0.393255 0.012342 -0.012342 0.000000 0.623302 0.394639 0.000000 0.000000 0.000000 0.624557 0.395946 0.000000 0.017453 0.000000 0.625861 0.397192 -0.015852 0.031105 0.000000 
0.620965 0.391717 0.039083 -0.057907 0.000000 0.622121 0.393255 0.012342 -0.012342 0.000000 0.623302 0.394639 0.000000 0.000000 0.000000 0.624557 0.395946 0.000000 0.017453 0.000000 0.625861 0.397192 -0.015852 0.031105 0.000000 0.627190 0.398391 -0.015852 0.031105 0.000000 
0.621998 0.330217 0.407821 -0.897903 0.000000 0.622687 0.330032 0.407821 -0.897903 0.000000 0.623351 0.329709 0.407821 -0.897903 0.000000 0.624114 0.329325 0.412634 -0.877184 0.000000 0.624852 0.328879 0.412634 -0.877184 0.000000 0.625640 0.328371 0.412634 -0.877184 0.000000 
0.622687 0.330032 0.407821 -0.897903 0.000000 0.623351 0.329709 0.407821 -0.897903 0.000000 0.624114 0.329325 0.412634 -0.877184 0.000000 0.624852 0.328879 0.412634 -0.877184 0.000000 0.625640 0.328371 0.412634 -0.877184 0.000000 0.626452 0.327848 0.399632 -0.859518 0.000000 
0.623351 0.329709 0.407821 -0.897903 0.000000 0.624114 0.329325 0.412634 -0.877184 0.000000 0.624852 0.328879 0.412634 -0.877184 0.000000 0.625640 0.328371 0.412634 -0.877184 0.000000 0.626452 0.327848 0.399632 -0.859518 0.000000 0.627338 0.327341 0.382266 -0.862573 0.000000 
0.624114 0.329325 0.412634 -0.877184 0.000000 0.624852 0.328879 0.412634 -0.877184 0.000000 0.625640 0.328371 0.412634 -0.877184 0.000000 0.626452 0.327848 0.399632 -0.859518 0.000000 0.627338 0.327341 0.382266 -0.862573 0.000000 0.628273 0.326849 0.387044 -0.841889 0.000000 
0.624852 0.328879 0.412634 -0.877184 0.000000 0.625640 0.328371 0.412634 -0.877184 0.000000 0.626452 0.327848 0.399632 -0.859518 0.000000 0.627338 0.327341 0.382266 -0.862573 0.000000 0.628273 0.326849 0.387044 -0.841889 0.000000 0.629183 0.326403 0.387044 -0.841889 0.000000 
0.625640 0.328371 0.412634 -0.877184 0.000000 0.626452 0.327848 0.399632 -0.859518 0.000000 0.627338 0.327341 0.382266 -0.862573 0.000000 0.628273 0.326849 0.387044 -0.841889 0.000000 0.629183 0.326403 0.387044 -0.841889 0.000000 0.630093 0.325987 0.391026 -0.821045 0.000000 
0.626452 0.327848 0.399632 -0.859518 0.000000 0.627338 0.327341 0.382266 -0.862573 0.000000 0.628273 0.326849 0.387044 -0.841889 0.000000 0.629183 0.326403 0.387044 -0.841889 0.000000 0.630093 0.325987 0.391026 -0.821045 0.000000 0.631053 0.325603 0.391026 -0.821045 0.000000 
0.627338 0.327341 0.382266 -0.862573 0.000000 0.628273 0.326849 0.387044 -0.841889 0.000000 0.629183 0.326403 0.387044 -0.841889 0.000000 0.630093 0.325987 0.391026 -0.821045 0.000000 0.631053 0.325603 0.391026 -0.821045 0.000000 0.632062 0.325280 0.378788 -0.803486 0.000000 
0.628273 0.326849 0.387044 -0.841889 0.000000 0.629183 0.326403 0.387044 -0.841889 0.000000 0.630093 0.325987 0.391026 -0.821045 0.000000 0.631053 0.325603 0.391026 -0.821045 0.000000 0.632062 0.325280 0.378788 -0.803486 0.000000 0.633096 0.325003 0.363018 -0.806746 0.000000 
0.629183 0.326403 0.387044 -0.841889 0.000000 0.630093 0.325987 0.391026 -0.821045 0.000000 0.631053 0.325603 0.391026 -0.821045 0.000000 0.632062 0.325280 0.378788 -0.803486 0.000000 0.633096 0.325003 0.363018 -0.806746 0.000000 0.634129 0.324757 0.363018 -0.806746 0.000000 
0.630093 0.325987 0.391026 -0.821045 0.000000 0.631053 0.325603 0.391026 -0.821045 0.000000 0.632062 0.325280 0.378788 -0.803486 0.000000 0.633096 0.325003 0.363018 -0.806746 0.000000 0.634129 0.324757 0.363018 -0.806746 0.000000 0.635162 0.324526 0.366901 -0.785969 0.000000 
0.631053 0.325603 0.391026 -0.821045 0.000000 0.632062 0.325280 0.378788 -0.803486 0.000000 0.633096 0.325003 0.363018 -0.806746 0.000000 0.634129 0.324757 0.363018 -0.806746 0.000000 0.635162 0.324526 0.366901 -0.785969 0.000000 0.636220 0.324311 0.366901 -0.785969 0.000000 
0.632062 0.325280 0.378788 -0.803486 0.000000 0.633096 0.325003 0.363018 -0.806746 0.000000 0.634129 0.324757 0.363018 -0.806746 0.000000 0.635162 0.324526 0.366901 -0.785969 0.000000 0.636220 0.324311 0.366901 -0.785969 0.000000 0.637303 0.324111 0.366901 -0.785969 0.000000 
0.633096 0.325003 0.363018 -0.806746 0.000000 0.634129 0.324757 0.363018 -0.806746 0.000000 0.635162 0.324526 0.366901 -0.785969 0.000000 0.636220 0.324311 0.366901 -0.785969 0.000000 0.637303 0.324111 0.366901 -0.785969 0.000000 0.638386 0.323927 0.366901 -0.785969 0.000000 
0.634129 0.324757 0.363018 -0.806746 0.000000 0.635162 0.324526 0.366901 -0.785969 0.000000 0.636220 0.324311 0.366901 -0.785969 0.000000 0.637303 0.324111 0.366901 -0.785969 0.000000 0.638386 0.323927 0.366901 -0.785969 0.000000 0.639419 0.323757 0.366901 -0.785969 0.000000 
0.635162 0.324526 0.366901 -0.785969 0.000000 0.636220 0.324311 0.366901 -0.785969 0.000000 0.637303 0.324111 0.366901 -0.785969 0.000000 0.638386 0.323927 0.366901 -0.785969 0.000000 0.639419 0.323757 0.366901 -0.785969 0.000000 0.640428 0.323604 0.351537 -0.789232 0.000000 
0.636220 0.324311 0.366901 -0.785969 0.000000 0.637303 0.324111 0.366901 -0.785969 0.000000 0.638386 0.323927 0.366901 -0.785969 0.000000 0.639419 0.323757 0.366901 -0.785969 0.000000 0.640428 0.323604 0.351537 -0.789232 0.000000 0.641412 0.323450 0.351537 -0.789232 0.000000 
0.637303 0.324111 0.366901 -0.785969 0.000000 0.638386 0.323927 0.366901 -0.785969 0.000000 0.639419 0.323757 0.366901 -0.785969 0.000000 0.640428 0.323604 0.351537 -0.789232 0.000000 0.641412 0.323450 0.351537 -0.789232 0.000000 0.642397 0.323281 0.346954 -0.809833 0.000000 
0.638386 0.323927 0.366901 -0.785969 0.000000 0.639419 0.323757 0.366901 -0.785969 0.000000 0.640428 0.323604 0.351537 -0.789232 0.000000 0.641412 0.323450 0.351537 -0.789232 0.000000 0.642397 0.323281 0.346954 -0.809833 0.000000 0.643307 0.323111 0.346954 -0.809833 0.000000 
0.639419 0.323757 0.366901 -0.785969 0.000000 0.640428 0.323604 0.351537 -0.789232 0.000000 0.641412 0.323450 0.351537 -0.789232 0.000000 0.642397 0.323281 0.346954 -0.809833 0.000000 0.643307 0.323111 0.346954 -0.809833 0.000000 0.644193 0.322942 0.346954 -0.809833 0.000000 
0.640428 0.323604 0.351537 -0.789232 0.000000 0.641412 0.323450 0.351537 -0.789232 0.000000 0.642397 0.323281 0.346954 -0.809833 0.000000 0.643307 0.323111 0.346954 -0.809833 0.000000 0.644193 0.322942 0.346954 -0.809833 0.000000 0.645054 0.322773 0.346954 -0.809833 0.000000 
0.641412 0.323450 0.351537 -0.789232 0.000000 0.642397 0.323281 0.346954 -0.809833 0.000000 0.643307 0.323111 0.346954 -0.809833 0.000000 0.644193 0.322942 0.346954 -0.809833 0.000000 0.645054 0.322773 0.346954 -0.809833 0.000000 0.645891 0.322573 0.346954 -0.809833 0.000000 
0.642397 0.323281 0.346954 -0.809833 0.000000 0.643307 0.323111 0.346954 -0.809833 0.000000 0.644193 0.322942 0.346954 -0.809833 0.000000 0.645054 0.322773 0.346954 -0.809833 0.000000 0.645891 0.322573 0.346954 -0.809833 0.000000 0.646654 0.322358 0.346954 -0.809833 0.000000 
0.643307 0.323111 0.346954 -0.809833 0.000000 0.644193 0.322942 0.346954 -0.809833 0.000000 0.645054 0.322773 0.346954 -0.809833 0.000000 0.645891 0.322573 0.346954 -0.809833 0.000000 0.646654 0.322358 0.346954 -0.809833 0.000000 0.647343 0.322158 0.346954 -0.809833 0.000000 
0.644193 0.322942 0.346954 -0.809833 0.000000 0.645054 0.322773 0.346954 -0.809833 0.000000 0.645891 0.322573 0.346954 -0.809833 0.000000 0.646654 0.322358 0.346954 -0.809833 0.000000 0.647343 0.322158 0.346954 -0.809833 0.000000 0.647958 0.321958 0.346954 -0.809833 0.000000 
0.645054 0.322773 0.346954 -0.809833 0.000000 0.645891 0.322573 0.346954 -0.809833 0.000000 0.646654 0.322358 0.346954 -0.809833 0.000000 0.647343 0.322158 0.346954 -0.809833 0.000000 0.647958 0.321958 0.346954 -0.809833 0.000000 0.648548 0.321773 0.346954 -0.809833 0.000000 
0.645891 0.322573 0.346954 -0.809833 0.000000 0.646654 0.322358 0.346954 -0.809833 0.000000 0.647343 0.322158 0.346954 -0.809833 0.000000 0.647958 0.321958 0.346954 -0.809833 0.000000 0.648548 0.321773 0.346954 -0.809833 0.000000 0.649139 0.321620 0.319992 -0.795242 0.000000 
0.646654 0.322358 0.346954 -0.809833 0.000000 0.647343 0.322158 0.346954 -0.809833 0.000000 0.647958 0.321958 0.346954 -0.809833 0.000000 0.648548 0.321773 0.346954 -0.809833 0.000000 0.649139 0.321620 0.319992 -0.795242 0.000000 0.649680 0.321481 0.319992 -0.795242 0.000000 
0.647343 0.322158 0.346954 -0.809833 0.000000 0.647958 0.321958 0.346954 -0.809833 0.000000 0.648548 0.321773 0.346954 -0.809833 0.000000 0.649139 0.321620 0.319992 -0.795242 0.000000 0.649680 0.321481 0.319992 -0.795242 0.000000 0.650221 0.321358 0.319992 -0.795242 0.000000 
0.647958 0.321958 0.346954 -0.809833 0.000000 0.648548 0.321773 0.346954 -0.809833 0.000000 0.649139 0.321620 0.319992 -0.795242 0.000000 0.649680 0.321481 0.319992 -0.795242 0.000000 0.650221 0.321358 0.319992 -0.795242 0.000000 0.650714 0.321281 0.319992 -0.795242 0.000000 
0.648548 0.321773 0.346954 -0.809833 0.000000 0.649139 0.321620 0.319992 -0.795242 0.000000 0.649680 0.321481 0.319992 -0.795242 0.000000 0.650221 0.321358 0.319992 -0.795242 0.000000 0.650714 0.321281 0.319992 -0.795242 0.000000 0.651181 0.321251 0.319992 -0.795242 0.021505 
0.649139 0.321620 0.319992 -0.795242 0.000000 0.649680 0.321481 0.319992 -0.795242 0.000000 0.650221 0.321358 0.319992 -0.795242 0.000000 0.650714 0.321281 0.319992 -0.795242 0.000000 0.651181 0.321251 0.319992 -0.795242 0.021505 0.651624 0.321251 0.319992 -0.795242 0.041056 
0.649680 0.321481 0.319992 -0.795242 0.000000 0.650221 0.321358 0.319992 -0.795242 0.000000 0.650714 0.321281 0.319992 -0.795242 0.000000 0.651181 0.321251 0.319992 -0.795242 0.021505 0.651624 0.321251 0.319992 -0.795242 0.041056 0.652707 0.321251 0.319992 -0.795242 0.113392 
0.650221 0.321358 0.319992 -0.795242 0.000000 0.650714 0.321281 0.319992 -0.795242 0.000000 0.651181 0.321251 0.319992 -0.795242 0.021505 0.651624 0.321251 0.319992 -0.795242 0.041056 0.652707 0.321251 0.319992 -0.795242 0.113392 0.652042 0.321251 0.319992 -0.795242 0.040078 
0.650714 0.321281 0.319992 -0.795242 0.000000 0.651181 0.321251 0.319992 -0.795242 0.021505 0.651624 0.321251 0.319992 -0.795242 0.041056 0.652707 0.321251 0.319992 -0.795242 0.113392 0.652042 0.321251 0.319992 -0.795242 0.040078 0.652387 0.321251 0.319992 -0.795242 0.067449 
0.651181 0.321251 0.319992 -0.795242 0.021505 0.651624 0.321251 0.319992 -0.795242 0.041056 0.652707 0.321251 0.319992 -0.795242 0.113392 0.652042 0.321251 0.319992 -0.795242 0.040078 0.652387 0.321251 0.319992 -0.795242 0.067449 0.652928 0.321251 0.319992 -0.795242 0.134897 
0.651624 0.321251 0.319992 -0.795242 0.041056 0.652707 0.321251 0.319992 -0.795242 0.113392 0.652042 0.321251 0.319992 -0.795242 0.040078 0.652387 0.321251 0.319992 -0.795242 0.067449 0.652928 0.321251 0.319992 -0.795242 0.134897 0.653076 0.321358 0.319992 -0.795242 0.154448 
0.652707 0.321251 0.319992 -0.795242 0.113392 0.652042 0.321251 0.319992 -0.795242 0.040078 0.652387 0.321251 0.319992 -0.795242 0.067449 0.652928 0.321251 0.319992 -0.795242 0.134897 0.653076 0.321358 0.319992 -0.795242 0.154448 0.653223 0.321497 0.319992 -0.795242 0.173021 
0.652042 0.321251 0.319992 -0.795242 0.040078 0.652387 0.321251 0.319992 -0.795242 0.067449 0.652928 0.321251 0.319992 -0.795242 0.134897 0.653076 0.321358 0.319992 -0.795242 0.154448 0.653223 0.321497 0.319992 -0.795242 0.173021 0.653346 0.321604 0.319992 -0.795242 0.195503 
0.652387 0.321251 0.319992 -0.795242 0.067449 0.652928 0.321251 0.319992 -0.795242 0.134897 0.653076 0.321358 0.319992 -0.795242 0.154448 0.653223 0.321497 0.319992 -0.795242 0.173021 0.653346 0.321604 0.319992 -0.795242 0.195503 0.653445 0.321712 0.319992 -0.795242 0.217986 
0.652928 0.321251 0.319992 -0.795242 0.134897 0.653076 0.321358 0.319992 -0.795242 0.154448 0.653223 0.321497 0.319992 -0.795242 0.173021 0.653346 0.321604 0.319992 -0.795242 0.195503 0.653445 0.321712 0.319992 -0.795242 0.217986 0.653519 0.321773 0.319992 -0.795242 0.242424 
0.653076 0.321358 0.319992 -0.795242 0.154448 0.653223 0.321497 0.319992 -0.795242 0.173021 0.653346 0.321604 0.319992 -0.795242 0.195503 0.653445 0.321712 0.319992 -0.795242 0.217986 0.653519 0.321773 0.319992 -0.795242 0.242424 0.653617 0.321820 0.319992 -0.795242 0.265885 
0.653223 0.321497 0.319992 -0.795242 0.173021 0.653346 0.321604 0.319992 -0.795242 0.195503 0.653445 0.321712 0.319992 -0.795242 0.217986 0.653519 0.321773 0.319992 -0.795242 0.242424 0.653617 0.321820 0.319992 -0.795242 0.265885 0.653666 0.321866 0.319992 -0.795242 0.295210 
0.653346 0.321604 0.319992 -0.795242 0.195503 0.653445 0.321712 0.319992 -0.795242 0.217986 0.653519 0.321773 0.319992 -0.795242 0.242424 0.653617 0.321820 0.319992 -0.795242 0.265885 0.653666 0.321866 0.319992 -0.795242 0.295210 0.653691 0.321866 0.319992 -0.795242 0.320626 
0.653445 0.321712 0.319992 -0.795242 0.217986 0.653519 0.321773 0.319992 -0.795242 0.242424 0.653617 0.321820 0.319992 -0.795242 0.265885 0.653666 0.321866 0.319992 -0.795242 0.295210 0.653691 0.321866 0.319992 -0.795242 0.320626 0.653740 0.321866 0.319992 -0.795242 0.348974 
0.653519 0.321773 0.319992 -0.795242 0.242424 0.653617 0.321820 0.319992 -0.795242 0.265885 0.653666 0.321866 0.319992 -0.795242 0.295210 0.653691 0.321866 0.319992 -0.795242 0.320626 0.653740 0.321866 0.319992 -0.795242 0.348974 0.653740 0.321820 0.319992 -0.795242 0.385142 
0.653617 0.321820 0.319992 -0.795242 0.265885 0.653666 0.321866 0.319992 -0.795242 0.295210 0.653691 0.321866 0.319992 -0.795242 0.320626 0.653740 0.321866 0.319992 -0.795242 0.348974 0.653740 0.321820 0.319992 -0.795242 0.385142 0.653740 0.321697 0.319992 -0.795242 0.387097 
0.653666 0.321866 0.319992 -0.795242 0.295210 0.653691 0.321866 0.319992 -0.795242 0.320626 0.653740 0.321866 0.319992 -0.795242 0.348974 0.653740 0.321820 0.319992 -0.795242 0.385142 0.653740 0.321697 0.319992 -0.795242 0.387097 0.653740 0.321589 0.319992 -0.795242 0.388074 
0.653691 0.321866 0.319992 -0.795242 0.320626 0.653740 0.321866 0.319992 -0.795242 0.348974 0.653740 0.321820 0.319992 -0.795242 0.385142 0.653740 0.321697 0.319992 -0.795242 0.387097 0.653740 0.321589 0.319992 -0.795242 0.388074 0.653666 0.321451 0.319992 -0.795242 0.390029 
0.653740 0.321866 0.319992 -0.795242 0.348974 0.653740 0.321820 0.319992 -0.795242 0.385142 0.653740 0.321697 0.319992 -0.795242 0.387097 0.653740 0.321589 0.319992 -0.795242 0.388074 0.653666 0.321451 0.319992 -0.795242 0.390029 0.653470 0.321312 0.319992 -0.795242 0.389052 
0.653740 0.321820 0.319992 -0.795242 0.385142 0.653740 0.321697 0.319992 -0.795242 0.387097 0.653740 0.321589 0.319992 -0.795242 0.388074 0.653666 0.321451 0.319992 -0.795242 0.390029 0.653470 0.321312 0.319992 -0.795242 0.389052 0.653199 0.321189 0.319992 -0.795242 0.389052 
0.653740 0.321697 0.319992 -0.795242 0.387097 0.653740 0.321589 0.319992 -0.795242 0.388074 0.653666 0.321451 0.319992 -0.795242 0.390029 0.653470 0.321312 0.319992 -0.795242 0.389052 0.653199 0.321189 0.319992 -0.795242 0.389052 0.652608 0.320974 0.319992 -0.795242 0.391007 
0.653740 0.321589 0.319992 -0.795242 0.388074 0.653666 0.321451 0.319992 -0.795242 0.390029 0.653470 0.321312 0.319992 -0.795242 0.389052 0.653199 0.321189 0.319992 -0.795242 0.389052 0.652608 0.320974 0.319992 -0.795242 0.391007 0.652928 0.321081 0.319992 -0.795242 0.389052 
0.653666 0.321451 0.319992 -0.795242 0.390029 0.653470 0.321312 0.319992 -0.795242 0.389052 0.653199 0.321189 0.319992 -0.795242 0.389052 0.652608 0.320974 0.319992 -0.795242 0.391007 0.652928 0.321081 0.319992 -0.795242 0.389052 0.652190 0.320897 0.319992 -0.795242 0.384164 
0.653470 0.321312 0.319992 -0.795242 0.389052 0.653199 0.321189 0.319992 -0.795242 0.389052 0.652608 0.320974 0.319992 -0.795242 0.391007 0.652928 0.321081 0.319992 -0.795242 0.389052 0.652190 0.320897 0.319992 -0.795242 0.384164 0.651698 0.320835 0.319992 -0.795242 0.378299 
0.653199 0.321189 0.319992 -0.795242 0.389052 0.652608 0.320974 0.319992 -0.795242 0.391007 0.652928 0.321081 0.319992 -0.795242 0.389052 0.652190 0.320897 0.319992 -0.795242 0.384164 0.651698 0.320835 0.319992 -0.795242 0.378299 0.651132 0.320820 0.319992 -0.795242 0.374389 
0.652608 0.320974 0.319992 -0.795242 0.391007 0.652928 0.321081 0.319992 -0.795242 0.389052 0.652190 0.320897 0.319992 -0.795242 0.384164 0.651698 0.320835 0.319992 -0.795242 0.378299 0.651132 0.320820 0.319992 -0.795242 0.374389 0.650492 0.320805 0.319992 -0.795242 0.377322 
0.652928 0.321081 0.319992 -0.795242 0.389052 0.652190 0.320897 0.319992 -0.795242 0.384164 0.651698 0.320835 0.319992 -0.795242 0.378299 0.651132 0.320820 0.319992 -0.795242 0.374389 0.650492 0.320805 0.319992 -0.795242 0.377322 0.649779 0.320805 0.319992 -0.795242 0.375367 
0.652190 0.320897 0.319992 -0.795242 0.384164 0.651698 0.320835 0.319992 -0.795242 0.378299 0.651132 0.320820 0.319992 -0.795242 0.374389 0.650492 0.320805 0.319992 -0.795242 0.377322 0.649779 0.320805 0.319992 -0.795242 0.375367 0.648991 0.320805 0.319992 -0.795242 0.385142 
0.651698 0.320835 0.319992 -0.795242 0.378299 0.651132 0.320820 0.319992 -0.795242 0.374389 0.650492 0.320805 0.319992 -0.795242 0.377322 0.649779 0.320805 0.319992 -0.795242 0.375367 0.648991 0.320805 0.319992 -0.795242 0.385142 0.646235 0.320805 0.319992 -0.795242 0.391007 
0.651132 0.320820 0.319992 -0.795242 0.374389 0.650492 0.320805 0.319992 -0.795242 0.377322 0.649779 0.320805 0.319992 -0.795242 0.375367 0.648991 0.320805 0.319992 -0.795242 0.385142 0.646235 0.320805 0.319992 -0.795242 0.391007 0.648105 0.320805 0.319992 -0.795242 0.389052 
0.650492 0.320805 0.319992 -0.795242 0.377322 0.649779 0.320805 0.319992 -0.795242 0.375367 0.648991 0.320805 0.319992 -0.795242 0.385142 0.646235 0.320805 0.319992 -0.795242 0.391007 0.648105 0.320805 0.319992 -0.795242 0.389052 0.647195 0.320805 0.319992 -0.795242 0.385142 
0.649779 0.320805 0.319992 -0.795242 0.375367 0.648991 0.320805 0.319992 -0.795242 0.385142 0.646235 0.320805 0.319992 -0.795242 0.391007 0.648105 0.320805 0.319992 -0.795242 0.389052 0.647195 0.320805 0.319992 -0.795242 0.385142 0.645177 0.320805 0.319992 -0.795242 0.409580 
0.648991 0.320805 0.319992 -0.795242 0.385142 0.646235 0.320805 0.319992 -0.795242 0.391007 0.648105 0.320805 0.319992 -0.795242 0.389052 0.647195 0.320805 0.319992 -0.795242 0.385142 0.645177 0.320805 0.319992 -0.795242 0.409580 0.644094 0.320851 0.319992 -0.795242 0.406647 
0.646235 0.320805 0.319992 -0.795242 0.391007 0.648105 0.320805 0.319992 -0.795242 0.389052 0.647195 0.320805 0.319992 -0.795242 0.385142 0.645177 0.320805 0.319992 -0.795242 0.409580 0.644094 0.320851 0.319992 -0.795242 0.406647 0.642938 0.320912 0.319992 -0.795242 0.406647 
0.648105 0.320805 0.319992 -0.795242 0.389052 0.647195 0.320805 0.319992 -0.795242 0.385142 0.645177 0.320805 0.319992 -0.795242 0.409580 0.644094 0.320851 0.319992 -0.795242 0.406647 0.642938 0.320912 0.319992 -0.795242 0.406647 0.641683 0.320974 0.319992 -0.795242 0.412512 
0.647195 0.320805 0.319992 -0.795242 0.385142 0.645177 0.320805 0.319992 -0.795242 0.409580 0.644094 0.320851 0.319992 -0.795242 0.406647 0.642938 0.320912 0.319992 -0.795242 0.406647 0.641683 0.320974 0.319992 -0.795242 0.412512 0.640379 0.321020 0.319992 -0.795242 0.434018 
0.645177 0.320805 0.319992 -0.795242 0.409580 0.644094 0.320851 0.319992 -0.795242 0.406647 0.642938 0.320912 0.319992 -0.795242 0.406647 0.641683 0.320974 0.319992 -0.795242 0.412512 0.640379 0.321020 0.319992 -0.795242 0.434018 0.639026 0.321051 0.319992 -0.795242 0.447703 
0.644094 0.320851 0.319992 -0.795242 0.406647 0.642938 0.320912 0.319992 -0.795242 0.406647 0.641683 0.320974 0.319992 -0.795242 0.412512 0.640379 0.321020 0.319992 -0.795242 0.434018 0.639026 0.321051 0.319992 -0.795242 0.447703 0.637648 0.321081 0.335899 -0.792322 0.442815 
0.642938 0.320912 0.319992 -0.795242 0.406647 0.641683 0.320974 0.319992 -0.795242 0.412512 0.640379 0.321020 0.319992 -0.795242 0.434018 0.639026 0.321051 0.319992 -0.795242 0.447703 0.637648 0.321081 0.335899 -0.792322 0.442815 0.636196 0.321112 0.335899 -0.792322 0.440860 
0.641683 0.320974 0.319992 -0.795242 0.412512 0.640379 0.321020 0.319992 -0.795242 0.434018 0.639026 0.321051 0.319992 -0.795242 0.447703 0.637648 0.321081 0.335899 -0.792322 0.442815 0.636196 0.321112 0.335899 -0.792322 0.440860 0.634670 0.321158 0.335899 -0.792322 0.452590 
0.640379 0.321020 0.319992 -0.795242 0.434018 0.639026 0.321051 0.319992 -0.795242 0.447703 0.637648 0.321081 0.335899 -0.792322 0.442815 0.636196 0.321112 0.335899 -0.792322 0.440860 0.634670 0.321158 0.335899 -0.792322 0.452590 0.633120 0.321205 0.335899 -0.792322 0.440860 
0.639026 0.321051 0.319992 -0.795242 0.447703 0.637648 0.321081 0.335899 -0.792322 0.442815 0.636196 0.321112 0.335899 -0.792322 0.440860 0.634670 0.321158 0.335899 -0.792322 0.452590 0.633120 0.321205 0.335899 -0.792322 0.440860 0.631545 0.321220 0.335899 -0.792322 0.438905 
0.637648 0.321081 0.335899 -0.792322 0.442815 0.636196 0.321112 0.335899 -0.792322 0.440860 0.634670 0.321158 0.335899 -0.792322 0.452590 0.633120 0.321205 0.335899 -0.792322 0.440860 0.631545 0.321220 0.335899 -0.792322 0.438905 0.629946 0.321220 0.335899 -0.792322 0.443793 
0.636196 0.321112 0.335899 -0.792322 0.440860 0.634670 0.321158 0.335899 -0.792322 0.452590 0.633120 0.321205 0.335899 -0.792322 0.440860 0.631545 0.321220 0.335899 -0.792322 0.438905 0.629946 0.321220 0.335899 -0.792322 0.443793 0.628322 0.321220 0.335899 -0.792322 0.450635 
0.634670 0.321158 0.335899 -0.792322 0.452590 0.633120 0.321205 0.335899 -0.792322 0.440860 0.631545 0.321220 0.335899 -0.792322 0.438905 0.629946 0.321220 0.335899 -0.792322 0.443793 0.628322 0.321220 0.335899 -0.792322 0.450635 0.626649 0.321220 0.335899 -0.792322 0.448680 
