0.225320 0.203689 0.260204 0.643379 0.473858 0.161072 0.213158 0.000000 0.000000 0.000000 1.000000
0.090505 0.194993 0.185374 0.150204 0.683735 0.374001 0.574507 0.000000 0.000000 1.000000 0.000000
0.193266 0.036978 0.114898 0.632896 0.983401 0.132587 0.565244 0.000000 1.000000 0.000000 0.000000
0.921347 0.251471 0.648776 1.000000 0.276758 0.209008 0.653822 0.000000 0.000000 1.000000 0.000000
0.138586 0.076768 0.118095 0.779883 0.739079 0.146122 0.790575 0.000000 0.000000 1.000000 0.000000
0.093603 0.254458 0.232993 0.428660 0.719580 0.305209 0.479061 0.000000 0.000000 1.000000 0.000000
0.303165 0.135529 0.246735 0.385529 0.859775 0.197247 0.616966 0.000000 0.000000 0.000000 1.000000
0.082424 0.073430 0.087143 0.736077 0.790315 0.072978 0.584648 0.000000 1.000000 0.000000 0.000000
0.172525 0.127273 0.174354 0.170913 0.822559 0.271320 0.313820 0.000000 1.000000 0.000000 0.000000
0.149226 0.059113 0.109796 0.830435 0.617302 0.126871 0.434344 0.000000 0.000000 1.000000 0.000000
0.127677 0.088186 0.121429 0.715212 0.690013 0.139395 0.430902 0.000000 1.000000 0.000000 0.000000
0.114478 0.058937 0.092109 0.822805 0.745166 0.077106 0.471556 0.000000 0.000000 1.000000 0.000000
0.249966 0.151691 0.232381 0.883117 0.957497 0.056804 0.681400 0.000000 1.000000 0.000000 0.000000
0.074882 0.018357 0.040680 0.878757 0.717317 0.064524 0.762336 0.000000 0.000000 0.000000 1.000000
0.073131 0.131840 0.127687 0.296516 0.645245 0.481393 0.136873 0.000000 0.000000 1.000000 0.000000
0.246330 0.072991 0.169592 0.725541 0.708141 0.079857 0.737878 0.000000 1.000000 0.000000 0.000000
0.113401 0.246816 0.237075 0.703016 0.865127 0.127929 0.556812 0.000000 1.000000 0.000000 0.000000
0.139798 0.095564 0.133265 0.751855 0.648560 0.125327 0.457948 0.000000 1.000000 0.000000 0.000000
0.334007 0.084761 0.222993 0.782478 0.913398 0.096883 0.608856 0.000000 0.000000 1.000000 0.000000
0.140606 0.065349 0.110272 0.671148 0.579512 0.146105 0.631202 0.000000 0.000000 1.000000 0.000000
0.277306 0.182170 0.269796 0.523330 0.805291 0.148703 0.624560 0.000000 0.000000 1.000000 0.000000
0.301953 0.129293 0.241293 0.944205 1.000000 0.021480 0.891470 0.000000 0.000000 1.000000 0.000000
0.163771 0.056214 0.114898 0.603260 0.895046 0.182735 0.765214 0.000000 1.000000 0.000000 0.000000
0.210909 0.110233 0.180544 0.000000 0.709479 0.279065 0.296044 0.000000 0.000000 1.000000 0.000000
0.045253 0.176197 0.147959 0.710073 0.850025 0.163836 0.542221 0.000000 1.000000 0.000000 0.000000
0.168620 0.114976 0.162857 0.008564 0.790728 0.298577 0.314360 0.000000 0.000000 1.000000 0.000000
0.214680 0.107159 0.180068 0.769763 0.584387 0.254434 0.742731 0.000000 1.000000 0.000000 0.000000
0.384377 0.071498 0.238163 0.792288 0.839256 0.104194 0.755016 0.000000 1.000000 0.000000 0.000000
0.276229 0.116908 0.218707 0.815954 0.000000 0.934556 0.637853 0.000000 1.000000 0.000000 0.000000
0.250640 0.295916 0.344422 0.697046 0.816155 0.203448 0.887069 0.000000 0.000000 1.000000 0.000000
0.209832 0.220905 0.265714 0.537292 0.520376 0.382590 1.000000 0.000000 0.000000 1.000000 0.000000
0.148418 0.065964 0.114694 0.814604 0.000000 0.476332 0.573386 0.000000 0.000000 1.000000 0.000000
0.063434 0.081335 0.083673 0.664348 0.745483 0.155369 0.625656 0.000000 1.000000 0.000000 0.000000
0.562828 0.349407 0.543537 0.802046 0.629951 0.172419 0.504776 0.000000 0.000000 0.000000 1.000000
0.066263 0.032762 0.047483 0.870609 0.757401 0.138486 0.790865 0.000000 1.000000 0.000000 0.000000
0.171987 0.283707 0.295238 0.654902 0.824886 0.185516 0.677377 0.000000 0.000000 1.000000 0.000000
0.185589 0.247958 0.274422 0.409820 0.340035 0.387831 0.000000 0.000000 0.000000 1.000000 0.000000
0.371987 0.187791 0.321973 0.628380 0.703011 0.177287 0.412498 0.000000 0.000000 1.000000 0.000000
0.180875 0.175582 0.215986 0.000000 0.663725 0.319806 0.259809 0.000000 1.000000 0.000000 0.000000
0.344916 0.203777 0.320680 0.664867 0.113494 0.528733 0.155487 0.000000 0.000000 1.000000 0.000000
0.406195 1.000000 0.968299 0.491463 0.213414 1.000000 0.180356 0.000000 0.000000 0.000000 1.000000
0.422357 0.240843 0.388503 0.426688 0.472805 0.782915 0.094543 0.000000 0.000000 1.000000 0.000000
0.637037 0.300395 0.543061 0.000000 0.669555 0.473140 0.481407 0.000000 0.000000 1.000000 0.000000
0.121751 0.130610 0.151293 0.733898 0.772566 0.057458 0.501665 0.000000 1.000000 0.000000 0.000000
0.388687 0.181643 0.325646 0.632947 0.000000 0.403154 0.376045 0.000000 0.000000 0.000000 1.000000
0.231919 0.091085 0.176327 0.233144 0.000000 0.995906 0.231336 0.000000 1.000000 0.000000 0.000000
0.543165 0.264822 0.468095 0.740490 0.653561 0.125589 0.568848 0.000000 0.000000 1.000000 0.000000
0.086465 0.042776 0.065442 0.734468 0.893103 0.114567 0.694613 0.000000 1.000000 0.000000 0.000000
1.000000 0.653667 1.000000 0.823377 0.867070 0.134124 0.881144 0.000000 0.000000 0.000000 1.000000
0.259933 0.111462 0.206259 0.719937 0.206788 0.729809 0.903957 0.000000 0.000000 1.000000 0.000000
0.017778 0.015459 0.009592 0.805418 0.650663 0.148151 0.666253 0.000000 0.000000 1.000000 0.000000
0.290101 0.145279 0.247687 0.917631 0.872869 0.037169 0.584148 0.000000 0.000000 1.000000 0.000000
0.079327 0.165569 0.156939 0.457933 0.778939 0.289062 0.284621 0.000000 0.000000 1.000000 0.000000
0.152323 0.396399 0.372585 0.608708 0.290968 0.522844 0.750526 0.000000 1.000000 0.000000 0.000000
0.178586 0.216162 0.246259 0.811438 0.027945 0.456925 0.632315 0.000000 1.000000 0.000000 0.000000
0.160135 0.062099 0.117619 0.217210 0.889630 0.247395 0.533950 0.000000 1.000000 0.000000 0.000000
0.147475 0.096004 0.137483 0.764778 0.658564 0.192060 0.644665 1.000000 0.000000 0.000000 0.000000
0.000000 0.014668 0.000000 0.686200 0.677076 0.167307 0.431523 1.000000 0.000000 0.000000 0.000000
0.009428 0.078261 0.054014 0.550059 0.631737 0.207149 0.691453 1.000000 0.000000 0.000000 0.000000
0.275152 0.068599 0.180748 0.807131 0.844862 0.168548 0.646285 1.000000 0.000000 0.000000 0.000000
0.094680 0.104699 0.117551 0.784813 0.827308 0.141783 0.695838 1.000000 0.000000 0.000000 0.000000
0.228687 0.396311 0.411088 0.717496 0.696288 0.310528 0.613064 1.000000 0.000000 0.000000 0.000000
0.202020 0.052877 0.131633 0.778118 0.787065 0.181117 0.791881 1.000000 0.000000 0.000000 0.000000
0.114747 0.294335 0.274558 0.734832 0.780468 0.000000 0.486187 1.000000 0.000000 0.000000 0.000000
0.303165 0.000000 0.141769 0.749520 0.811504 0.180055 0.877661 1.000000 0.000000 0.000000 0.000000
0.197980 0.163988 0.215646 0.591530 0.607712 0.287861 0.383268 1.000000 0.000000 0.000000 0.000000
0.200135 0.046025 0.125374 0.824103 0.889535 0.116799 0.606776 1.000000 0.000000 0.000000 0.000000
0.076633 0.145542 0.140068 0.776664 0.523722 0.474198 0.751534 1.000000 0.000000 0.000000 0.000000
0.286330 0.152833 0.251633 0.870971 0.706167 0.078521 0.715209 1.000000 0.000000 0.000000 0.000000
0.134007 0.085551 0.122585 0.800229 0.776772 0.152693 0.715629 1.000000 0.000000 0.000000 0.000000
0.263030 0.145279 0.234014 0.726319 0.711711 0.186551 0.842627 1.000000 0.000000 0.000000 0.000000
0.212391 0.136935 0.201973 0.761665 0.688641 0.141220 0.567292 1.000000 0.000000 0.000000 0.000000
0.196364 0.012385 0.097415 0.806560 0.805450 0.098688 0.761086 1.000000 0.000000 0.000000 0.000000
0.274343 0.085551 0.193469 0.797789 0.683002 0.322438 0.467202 1.000000 0.000000 0.000000 0.000000
0.266801 0.035046 0.150544 0.873775 0.651108 0.144762 0.780974 1.000000 0.000000 0.000000 0.000000
0.326869 0.274220 0.366122 0.786525 0.732452 0.130792 0.624801 1.000000 0.000000 0.000000 0.000000
0.136162 0.056126 0.100884 0.809416 0.719899 0.146108 0.772630 1.000000 0.000000 0.000000 0.000000
0.269091 0.096179 0.199048 0.943635 0.831895 0.075807 0.636176 1.000000 0.000000 0.000000 0.000000
0.093199 0.061484 0.083333 0.777599 0.709894 0.209897 0.520560 1.000000 0.000000 0.000000 0.000000
0.195556 0.032675 0.112721 0.636684 0.734588 0.153666 0.409725 1.000000 0.000000 0.000000 0.000000
0.035286 0.102855 0.086122 0.917579 0.715757 0.110276 0.550428 1.000000 0.000000 0.000000 0.000000
0.188418 0.180061 0.223265 0.712929 0.629441 0.193281 0.555821 1.000000 0.000000 0.000000 0.000000