0.090505 1.000000 0.241561 0.194993 0.185374 0.017544 0.400000 0.508772 0 0 1 0
0.193266 0.320989 0.272567 0.036978 0.114898 0.035088 0.150000 0.438596 0 0 1 0
0.921347 0.198694 0.297232 0.251471 0.648776 0.052632 0.175000 0.561404 0 1 0 0
0.138586 0.385439 0.298989 0.076768 0.118095 0.070175 0.350000 0.561404 0 1 0 0
0.303165 0.358743 0.110534 0.135529 0.246735 0.105263 0.025000 0.631579 0 1 0 0
0.082424 0.295756 0.143835 0.073430 0.087143 0.122807 0.075000 0.578947 0 1 0 0
0.172525 0.573767 0.255319 0.127273 0.174354 0.140351 0.350000 0.368421 0 1 0 0
0.149226 0.422769 0.165372 0.059113 0.109796 0.157895 1.000000 0.421053 0 0 0 1
0.127677 0.462121 0.237331 0.088186 0.121429 0.175439 0.500000 0.298246 0 0 1 0
0.114478 0.268919 0.149427 0.058937 0.092109 0.192982 0.200000 0.368421 0 1 0 0
0.249966 0.227101 0.122635 0.151691 0.232381 0.210526 0.125000 0.912281 0 0 1 0
0.074882 0.225921 0.186462 0.018357 0.040680 0.228070 0.250000 0.754386 0 0 1 0
0.073131 0.485075 0.382318 0.131840 0.127687 0.245614 0.750000 0.456140 0 0 1 0
0.562828 0.342906 0.323831 0.349407 0.543537 0.614035 0.150000 0.298246 0 0 1 0
0.066263 0.342400 0.252931 0.032762 0.047483 0.631579 0.950000 0.701754 0 0 0 1
0.171987 0.310286 0.209799 0.283707 0.295238 0.649123 0.700000 0.210526 0 0 1 0
0.185589 0.313784 0.270818 0.247958 0.274422 0.666667 0.625000 0.596491 0 0 1 0
0.196364 0.372445 0.212296 0.012385 0.097415 0.333333 0.000000 0.000000 1 0 0 0
0.274343 0.614507 0.517122 0.085551 0.193469 0.350877 0.000000 0.017544 1 0 0 0
0.266801 0.414897 0.276805 0.035046 0.150544 0.368421 0.000000 0.000000 1 0 0 0
0.326869 0.370470 0.301663 0.274220 0.366122 0.385965 0.000000 0.000000 1 0 0 0
0.136162 0.284771 0.330516 0.056126 0.100884 0.403509 0.000000 0.017544 1 0 0 0
0.269091 0.199583 0.188632 0.096179 0.199048 0.421053 0.000000 0.070175 1 0 0 0
0.093199 0.466859 0.313479 0.061484 0.083333 0.438596 0.000000 0.017544 1 0 0 0
0.195556 0.449417 0.324066 0.032675 0.112721 0.456140 0.000000 0.000000 1 0 0 0
0.371987 0.442704 0.273332 0.187791 0.321973 0.684211 0.150000 0.754386 0 0 1 0
0.180875 0.297502 0.216417 0.175582 0.215986 0.701754 0.750000 0.508772 0 1 0 0
0.344916 0.382581 0.506753 0.203777 0.320680 0.719298 0.325000 0.701754 0 0 0 1
0.406195 0.199941 0.476395 1.000000 0.968299 0.736842 0.625000 0.666667 0 0 1 0
0.422357 0.360071 0.473384 0.240843 0.388503 0.754386 0.100000 0.666667 0 0 1 0
0.637037 0.351094 0.234447 0.300395 0.543061 0.771930 0.075000 0.701754 0 0 1 0
0.121751 0.191840 0.068806 0.130610 0.151293 0.789474 0.350000 0.614035 0 1 0 0
0.388687 0.446047 0.416065 0.181643 0.325646 0.807018 0.275000 1.000000 0 0 1 0
0.231919 0.575182 0.341070 0.091085 0.176327 0.824561 0.175000 0.596491 0 0 0 1
0.543165 0.392852 0.227980 0.264822 0.468095 0.842105 0.400000 0.543860 0 0 1 0
0.086465 0.317579 0.262189 0.042776 0.065442 0.859649 0.175000 0.456140 0 0 1 0
1.000000 0.385520 0.218326 0.653667 1.000000 0.877193 0.025000 0.508772 0 0 0 1
0.259933 0.691176 1.000000 0.111462 0.206259 0.894737 0.050000 0.368421 0 1 0 0
0.017778 0.348223 0.425526 0.015459 0.009592 0.912281 0.350000 0.859649 0 0 1 0
0.290101 0.172747 0.074239 0.145279 0.247687 0.929825 0.400000 0.438596 0 1 0 0
0.079327 0.475775 0.263291 0.165569 0.156939 0.947368 0.700000 0.473684 0 0 0 1
0.246330 0.304592 0.131532 0.072991 0.169592 0.263158 0.275000 0.578947 0 0 0 1
0.152323 0.276980 0.450460 0.396399 0.372585 0.964912 0.025000 0.122807 0 0 1 0
0.178586 0.325390 0.510150 0.216162 0.246259 0.982456 0.400000 0.473684 0 0 1 0
0.160135 0.594444 0.287737 0.062099 0.117619 1.000000 0.275000 0.701754 0 0 1 0
0.147475 0.334111 0.337992 0.096004 0.137483 0.000000 0.000000 0.000000 1 0 0 0
0.000000 0.539402 0.333956 0.014668 0.000000 0.017544 0.000000 0.017544 1 0 0 0
0.228687 0.495050 0.409397 0.396311 0.411088 0.087719 0.000000 0.035088 1 0 0 0
0.202020 0.432150 0.395698 0.052877 0.131633 0.105263 0.000000 0.052632 1 0 0 0
0.114747 0.000000 0.000513 0.294335 0.274558 0.122807 0.000000 0.017544 1 0 0 0
0.303165 0.385789 0.348504 0.000000 0.141769 0.140351 0.000000 0.017544 1 0 0 0
0.197980 0.541168 0.338690 0.163988 0.215646 0.157895 0.000000 0.105263 1 0 0 0
0.200135 0.249388 0.252527 0.046025 0.125374 0.175439 0.000000 0.000000 1 0 0 0