0.225320 0.203689 0.260204 0.643379 0.473858 0.161072 0.213158 1.000000 0.421053 0.000000 0.000000 0.000000 1.000000
0.090505 0.194993 0.185374 0.150204 0.683735 0.374001 0.574507 0.500000 0.298246 0.000000 0.000000 1.000000 0.000000
0.193266 0.036978 0.114898 0.632896 0.983401 0.132587 0.565244 0.200000 0.368421 0.000000 1.000000 0.000000 0.000000
0.921347 0.251471 0.648776 1.000000 0.276758 0.209008 0.653822 0.125000 0.912281 0.000000 0.000000 1.000000 0.000000
0.138586 0.076768 0.118095 0.779883 0.739079 0.146122 0.790575 0.250000 0.754386 0.000000 0.000000 1.000000 0.000000
0.093603 0.254458 0.232993 0.428660 0.719580 0.305209 0.479061 0.750000 0.456140 0.000000 0.000000 1.000000 0.000000
0.303165 0.135529 0.246735 0.385529 0.859775 0.197247 0.616966 0.275000 0.578947 0.000000 0.000000 0.000000 1.000000
0.082424 0.073430 0.087143 0.736077 0.790315 0.072978 0.584648 0.100000 0.192982 0.000000 1.000000 0.000000 0.000000
0.172525 0.127273 0.174354 0.170913 0.822559 0.271320 0.313820 0.575000 0.456140 0.000000 1.000000 0.000000 0.000000
0.149226 0.059113 0.109796 0.830435 0.617302 0.126871 0.434344 0.275000 0.736842 0.000000 0.000000 1.000000 0.000000
0.127677 0.088186 0.121429 0.715212 0.690013 0.139395 0.430902 0.275000 0.052632 0.000000 1.000000 0.000000 0.000000
0.114478 0.058937 0.092109 0.822805 0.745166 0.077106 0.471556 0.350000 0.649123 0.000000 0.000000 1.000000 0.000000
0.249966 0.151691 0.232381 0.883117 0.957497 0.056804 0.681400 0.350000 0.456140 0.000000 1.000000 0.000000 0.000000
0.074882 0.018357 0.040680 0.878757 0.717317 0.064524 0.762336 0.100000 0.508772 0.000000 0.000000 0.000000 1.000000
0.073131 0.131840 0.127687 0.296516 0.645245 0.481393 0.136873 0.400000 0.508772 0.000000 0.000000 1.000000 0.000000
0.246330 0.072991 0.169592 0.725541 0.708141 0.079857 0.737878 0.300000 0.368421 0.000000 1.000000 0.000000 0.000000
0.113401 0.246816 0.237075 0.703016 0.865127 0.127929 0.556812 0.200000 0.754386 0.000000 1.000000 0.000000 0.000000
0.139798 0.095564 0.133265 0.751855 0.648560 0.125327 0.457948 0.175000 0.859649 0.000000 1.000000 0.000000 0.000000
0.334007 0.084761 0.222993 0.782478 0.913398 0.096883 0.608856 0.125000 0.245614 0.000000 0.000000 1.000000 0.000000
0.140606 0.065349 0.110272 0.671148 0.579512 0.146105 0.631202 0.325000 0.333333 0.000000 0.000000 1.000000 0.000000
0.277306 0.182170 0.269796 0.523330 0.805291 0.148703 0.624560 0.450000 0.315789 0.000000 0.000000 1.000000 0.000000
0.301953 0.129293 0.241293 0.944205 1.000000 0.021480 0.891470 0.600000 0.526316 0.000000 0.000000 1.000000 0.000000
0.163771 0.056214 0.114898 0.603260 0.895046 0.182735 0.765214 0.125000 0.333333 0.000000 1.000000 0.000000 0.000000
0.210909 0.110233 0.180544 0.000000 0.709479 0.279065 0.296044 0.125000 0.263158 0.000000 0.000000 1.000000 0.000000
0.045253 0.176197 0.147959 0.710073 0.850025 0.163836 0.542221 0.150000 0.245614 0.000000 1.000000 0.000000 0.000000
0.168620 0.114976 0.162857 0.008564 0.790728 0.298577 0.314360 0.150000 0.438596 0.000000 0.000000 1.000000 0.000000
0.178586 0.216162 0.246259 0.811438 0.027945 0.456925 0.632315 0.075000 0.578947 0.000000 1.000000 0.000000 0.000000
0.160135 0.062099 0.117619 0.217210 0.889630 0.247395 0.533950 0.350000 0.368421 0.000000 1.000000 0.000000 0.000000
0.147475 0.096004 0.137483 0.764778 0.658564 0.192060 0.644665 0.000000 0.105263 1.000000 0.000000 0.000000 0.000000
0.000000 0.014668 0.000000 0.686200 0.677076 0.167307 0.431523 0.000000 0.000000 1.000000 0.000000 0.000000 0.000000
0.009428 0.078261 0.054014 0.550059 0.631737 0.207149 0.691453 0.000000 0.140351 1.000000 0.000000 0.000000 0.000000
0.275152 0.068599 0.180748 0.807131 0.844862 0.168548 0.646285 0.000000 0.017544 1.000000 0.000000 0.000000 0.000000
0.094680 0.104699 0.117551 0.784813 0.827308 0.141783 0.695838 0.000000 0.017544 1.000000 0.000000 0.000000 0.000000
0.228687 0.396311 0.411088 0.717496 0.696288 0.310528 0.613064 0.000000 0.000000 1.000000 0.000000 0.000000 0.000000
0.202020 0.052877 0.131633 0.778118 0.787065 0.181117 0.791881 0.000000 0.000000 1.000000 0.000000 0.000000 0.000000
0.114747 0.294335 0.274558 0.734832 0.780468 0.000000 0.486187 0.000000 0.105263 1.000000 0.000000 0.000000 0.000000
0.303165 0.000000 0.141769 0.749520 0.811504 0.180055 0.877661 0.000000 0.017544 1.000000 0.000000 0.000000 0.000000
0.197980 0.163988 0.215646 0.591530 0.607712 0.287861 0.383268 0.000000 0.000000 1.000000 0.000000 0.000000 0.000000
0.200135 0.046025 0.125374 0.824103 0.889535 0.116799 0.606776 0.000000 0.000000 1.000000 0.000000 0.000000 0.000000
0.076633 0.145542 0.140068 0.776664 0.523722 0.474198 0.751534 0.000000 0.017544 1.000000 0.000000 0.000000 0.000000
0.086465 0.042776 0.065442 0.734468 0.893103 0.114567 0.694613 0.400000 0.438596 0.000000 1.000000 0.000000 0.000000
1.000000 0.653667 1.000000 0.823377 0.867070 0.134124 0.881144 0.700000 0.473684 0.000000 0.000000 0.000000 1.000000
0.259933 0.111462 0.206259 0.719937 0.206788 0.729809 0.903957 0.025000 0.122807 0.000000 0.000000 1.000000 0.000000
0.017778 0.015459 0.009592 0.805418 0.650663 0.148151 0.666253 0.400000 0.473684 0.000000 0.000000 1.000000 0.000000