0.246330 0.304592 0.131532 0.072991 0.169592 0.725541 0.708141 0.228471 0.203602 0.079857 0.737878 0.480000 0.300000 0.368421 0.000000 1.000000 0.000000 0.000000 
0.286330 0.203452 0.241351 0.152833 0.251633 0.870971 0.706167 0.287056 0.255671 0.078521 0.715209 0.240000 0.000000 0.000000 1.000000 0.000000 0.000000 0.000000 
0.134007 0.385418 0.257783 0.085551 0.122585 0.800229 0.776772 0.393094 0.405357 0.152693 0.715629 0.520000 0.000000 0.017544 1.000000 0.000000 0.000000 0.000000 
0.263030 0.509034 0.309720 0.145279 0.234014 0.726319 0.711711 0.395521 0.353705 0.186551 0.842627 0.200000 0.000000 0.070175 1.000000 0.000000 0.000000 0.000000 
0.212391 0.288558 0.246413 0.136935 0.201973 0.761665 0.688641 0.337579 0.289918 0.141220 0.567292 0.520000 0.000000 0.017544 1.000000 0.000000 0.000000 0.000000 
0.196364 0.372445 0.212296 0.012385 0.097415 0.806560 0.805450 0.346372 0.339576 0.098688 0.761086 0.200000 0.000000 0.000000 1.000000 0.000000 0.000000 0.000000 
0.274343 0.614507 0.517122 0.085551 0.193469 0.797789 0.683002 0.610618 0.464999 0.322438 0.467202 0.120000 0.000000 0.035088 1.000000 0.000000 0.000000 0.000000 
0.266801 0.414897 0.276805 0.035046 0.150544 0.873775 0.651108 0.468946 0.229034 0.144762 0.780974 0.240000 0.000000 0.017544 1.000000 0.000000 0.000000 0.000000 
0.326869 0.370470 0.301663 0.274220 0.366122 0.786525 0.732452 0.325211 0.343305 0.130792 0.624801 0.400000 0.000000 0.052632 1.000000 0.000000 0.000000 0.000000 
0.113401 0.292602 0.191979 0.246816 0.237075 0.703016 0.865127 0.283575 0.466393 0.127929 0.556812 0.560000 0.200000 0.754386 0.000000 1.000000 0.000000 0.000000 
0.139798 0.430553 0.202272 0.095564 0.133265 0.751855 0.648560 0.384116 0.164909 0.125327 0.457948 0.520000 0.175000 0.859649 0.000000 1.000000 0.000000 0.000000 
0.334007 0.332830 0.235010 0.084761 0.222993 0.782478 0.913398 0.291866 0.486626 0.096883 0.608856 0.400000 0.125000 0.245614 0.000000 0.000000 1.000000 0.000000 
0.140606 0.473052 0.196529 0.065349 0.110272 0.671148 0.579512 0.339410 0.113744 0.146105 0.631202 0.600000 0.325000 0.333333 0.000000 0.000000 1.000000 0.000000 
0.277306 0.320322 0.219343 0.182170 0.269796 0.523330 0.805291 0.133521 0.441640 0.148703 0.624560 0.240000 0.450000 0.315789 0.000000 0.000000 1.000000 0.000000 
0.301953 0.080968 0.000000 0.129293 0.241293 0.944205 1.000000 0.283300 0.439567 0.021480 0.891470 0.240000 0.600000 0.526316 0.000000 0.000000 1.000000 0.000000 
0.163771 0.597780 0.328717 0.056214 0.114898 0.603260 0.895046 0.335929 0.528296 0.182735 0.765214 0.400000 0.125000 0.333333 0.000000 1.000000 0.000000 0.000000 
0.210909 0.320625 0.168466 0.110233 0.180544 0.000000 0.709479 0.370648 0.218032 0.279065 0.296044 0.120000 0.125000 0.263158 0.000000 0.000000 1.000000 0.000000 
0.045253 0.296781 0.298392 0.176197 0.147959 0.710073 0.850025 0.268140 0.561714 0.163836 0.542221 1.000000 0.150000 0.245614 0.000000 1.000000 0.000000 0.000000 
0.168620 0.364526 0.157450 0.114976 0.162857 0.008564 0.790728 0.166179 0.409427 0.298577 0.314360 0.600000 0.150000 0.438596 0.000000 0.000000 1.000000 0.000000 
0.214680 0.341126 0.347655 0.107159 0.180068 0.769763 0.584387 0.373764 0.417903 0.254434 0.742731 0.200000 0.150000 0.315789 0.000000 1.000000 0.000000 0.000000 
0.384377 0.360711 0.252426 0.071498 0.238163 0.792288 0.839256 0.308126 0.413986 0.104194 0.755016 0.400000 0.500000 0.684211 0.000000 1.000000 0.000000 0.000000 
0.276229 0.367808 0.215988 0.116908 0.218707 0.815954 0.000000 1.000000 0.177793 0.934556 0.637853 0.200000 0.025000 0.263158 0.000000 1.000000 0.000000 0.000000 
0.250640 0.403575 0.302370 0.295916 0.344422 0.697046 0.816155 0.346830 0.533531 0.203448 0.887069 0.000000 0.700000 0.210526 0.000000 0.000000 1.000000 0.000000 
0.209832 0.425336 0.068529 0.220905 0.265714 0.537292 0.520376 0.643322 0.194937 0.382590 1.000000 0.320000 0.625000 0.596491 0.000000 0.000000 1.000000 0.000000 
0.148418 0.378618 0.583245 0.065964 0.114694 0.814604 0.000000 0.374818 0.354307 0.476332 0.573386 0.400000 0.150000 0.754386 0.000000 0.000000 1.000000 0.000000  
0.422357 0.360071 0.473384 0.240843 0.388503 0.426688 0.472805 0.295485 1.000000 0.782915 0.094543 0.320000 0.400000 0.543860 0.000000 0.000000 1.000000 0.000000 
0.637037 0.351094 0.234447 0.300395 0.543061 0.000000 0.669555 0.248992 0.442470 0.473140 0.481407 0.120000 0.175000 0.456140 0.000000 0.000000 1.000000 0.000000 
0.121751 0.191840 0.068806 0.130610 0.151293 0.733898 0.772566 0.210013 0.228356 0.057458 0.501665 0.360000 0.350000 0.561404 0.000000 1.000000 0.000000 0.000000 
0.388687 0.446047 0.416065 0.181643 0.325646 0.632947 0.000000 0.303363 0.000000 0.403154 0.376045 0.120000 0.025000 0.508772 0.000000 0.000000 0.000000 1.000000 
0.231919 0.575182 0.341070 0.091085 0.176327 0.233144 0.000000 0.292644 0.495480 0.995906 0.231336 0.000000 0.050000 0.368421 0.000000 1.000000 0.000000 0.000000 
0.543165 0.392852 0.227980 0.264822 0.468095 0.740490 0.653561 0.337486 0.195202 0.125589 0.568848 0.000000 0.350000 0.859649 0.000000 0.000000 1.000000 0.000000 
0.086465 0.317579 0.262189 0.042776 0.065442 0.734468 0.893103 0.265070 0.500527 0.114567 0.694613 0.720000 0.400000 0.438596 0.000000 1.000000 0.000000 0.000000 
1.000000 0.385520 0.218326 0.653667 1.000000 0.823377 0.867070 0.388146 0.485872 0.134124 0.881144 0.320000 0.700000 0.473684 0.000000 0.000000 0.000000 1.000000 
0.259933 0.691176 1.000000 0.111462 0.206259 0.719937 0.206788 0.656742 0.442470 0.729809 0.903957 0.520000 0.025000 0.122807 0.000000 0.000000 1.000000 0.000000 
0.017778 0.348223 0.425526 0.015459 0.009592 0.805418 0.650663 0.320585 0.315688 0.148151 0.666253 0.680000 0.400000 0.473684 0.000000 0.000000 1.000000 0.000000 
0.290101 0.172747 0.074239 0.145279 0.247687 0.917631 0.872869 0.318340 0.312599 0.037169 0.584148 0.520000 0.275000 0.701754 0.000000 0.000000 1.000000 0.000000 
0.079327 0.475775 0.263291 0.165569 0.156939 0.457933 0.778939 0.433401 0.443600 0.289062 0.284621 0.520000 0.050000 0.385965 0.000000 0.000000 1.000000 0.000000 
0.152323 0.276980 0.450460 0.396399 0.372585 0.608708 0.290968 0.404177 0.404605 0.522844 0.750526 0.480000 0.025000 0.631579 0.000000 1.000000 0.000000 0.000000 
0.178586 0.325390 0.510150 0.216162 0.246259 0.811438 0.027945 0.348204 0.397709 0.456925 0.632315 0.480000 0.075000 0.578947 0.000000 1.000000 0.000000 0.000000 
0.160135 0.594444 0.287737 0.062099 0.117619 0.217210 0.889630 0.194760 0.524187 0.247395 0.533950 0.520000 0.350000 0.368421 0.000000 1.000000 0.000000 0.000000 
0.147475 0.334111 0.337992 0.096004 0.137483 0.764778 0.658564 0.425385 0.306082 0.192060 0.644665 0.520000 0.000000 0.105263 1.000000 0.000000 0.000000 0.000000 
0.000000 0.539402 0.333956 0.014668 0.000000 0.686200 0.677076 0.349624 0.278127 0.167307 0.431523 0.120000 0.000000 0.000000 1.000000 0.000000 0.000000 0.000000 
0.009428 0.472580 0.230301 0.078261 0.054014 0.550059 0.631737 0.349258 0.226810 0.207149 0.691453 0.520000 0.000000 0.140351 1.000000 0.000000 0.000000 0.000000 
0.275152 0.381718 0.400987 0.068599 0.180748 0.807131 0.844862 0.366985 0.554781 0.168548 0.646285 0.320000 0.000000 0.017544 1.000000 0.000000 0.000000 0.000000 
0.094680 0.183517 0.228745 0.104699 0.117551 0.784813 0.827308 0.214548 0.617287 0.141783 0.695838 0.400000 0.000000 0.017544 1.000000 0.000000 0.000000 0.000000 
0.228687 0.495050 0.409397 0.396311 0.411088 0.717496 0.696288 0.405506 0.585336 0.310528 0.613064 0.400000 0.000000 0.000000 1.000000 0.000000 0.000000 0.000000 
0.202020 0.432150 0.395698 0.052877 0.131633 0.778118 0.787065 0.396895 0.466317 0.181117 0.791881 0.480000 0.000000 0.000000 1.000000 0.000000 0.000000 0.000000 
0.114747 0.000000 0.000513 0.294335 0.274558 0.734832 0.780468 0.000000 0.142868 0.000000 0.486187 0.120000 0.000000 0.105263 1.000000 0.000000 0.000000 0.000000 
0.303165 0.385789 0.348504 0.000000 0.141769 0.749520 0.811504 0.320219 0.541067 0.180055 0.877661 0.120000 0.000000 0.017544 1.000000 0.000000 0.000000 0.000000 
0.197980 0.541168 0.338690 0.163988 0.215646 0.591530 0.607712 0.386223 0.347712 0.287861 0.383268 0.200000 0.000000 0.000000 1.000000 0.000000 0.000000 0.000000 
0.200135 0.249388 0.252527 0.046025 0.125374 0.824103 0.889535 0.370877 0.481087 0.116799 0.606776 0.400000 0.000000 0.000000 1.000000 0.000000 0.000000 0.000000 
0.076633 0.664407 0.350674 0.145542 0.140068 0.776664 0.523722 0.766443 0.379624 0.474198 0.751534 0.760000 0.000000 0.017544 1.000000 0.000000 0.000000 0.000000 