0.611294 0.445574 0.144505 -0.302490 0.000000 0.614567 0.444774 0.141484 -0.284134 0.000000 0.617741 0.444051 0.156240 -0.276882 0.000000 0.620620 0.443359 0.156240 -0.276882 0.000000 0.623253 0.442729 0.156240 -0.276882 0.000000 0.625615 0.442129 0.156240 -0.276882 0.000000 
0.614567 0.444774 0.141484 -0.284134 0.000000 0.617741 0.444051 0.156240 -0.276882 0.000000 0.620620 0.443359 0.156240 -0.276882 0.000000 0.623253 0.442729 0.156240 -0.276882 0.000000 0.625615 0.442129 0.156240 -0.276882 0.000000 0.627707 0.441591 0.156240 -0.276882 0.000000 
0.617741 0.444051 0.156240 -0.276882 0.000000 0.620620 0.443359 0.156240 -0.276882 0.000000 0.623253 0.442729 0.156240 -0.276882 0.000000 0.625615 0.442129 0.156240 -0.276882 0.000000 0.627707 0.441591 0.156240 -0.276882 0.000000 0.629552 0.441083 0.180480 -0.284107 0.000000 
0.620620 0.443359 0.156240 -0.276882 0.000000 0.623253 0.442729 0.156240 -0.276882 0.000000 0.625615 0.442129 0.156240 -0.276882 0.000000 0.627707 0.441591 0.156240 -0.276882 0.000000 0.629552 0.441083 0.180480 -0.284107 0.000000 0.631152 0.440622 0.180480 -0.284107 0.000000 
0.623253 0.442729 0.156240 -0.276882 0.000000 0.625615 0.442129 0.156240 -0.276882 0.000000 0.627707 0.441591 0.156240 -0.276882 0.000000 0.629552 0.441083 0.180480 -0.284107 0.000000 0.631152 0.440622 0.180480 -0.284107 0.000000 0.632653 0.440207 0.170492 -0.289801 0.000000 
0.625615 0.442129 0.156240 -0.276882 0.000000 0.627707 0.441591 0.156240 -0.276882 0.000000 0.629552 0.441083 0.180480 -0.284107 0.000000 0.631152 0.440622 0.180480 -0.284107 0.000000 0.632653 0.440207 0.170492 -0.289801 0.000000 0.634006 0.439838 0.195187 -0.317878 0.000000 
0.627707 0.441591 0.156240 -0.276882 0.000000 0.629552 0.441083 0.180480 -0.284107 0.000000 0.631152 0.440622 0.180480 -0.284107 0.000000 0.632653 0.440207 0.170492 -0.289801 0.000000 0.634006 0.439838 0.195187 -0.317878 0.000000 0.635212 0.439499 0.193427 -0.339673 0.000000 
0.629552 0.441083 0.180480 -0.284107 0.000000 0.631152 0.440622 0.180480 -0.284107 0.000000 0.632653 0.440207 0.170492 -0.289801 0.000000 0.634006 0.439838 0.195187 -0.317878 0.000000 0.635212 0.439499 0.193427 -0.339673 0.000000 0.636343 0.439499 0.212590 -0.371340 0.000000 
0.631152 0.440622 0.180480 -0.284107 0.000000 0.632653 0.440207 0.170492 -0.289801 0.000000 0.634006 0.439838 0.195187 -0.317878 0.000000 0.635212 0.439499 0.193427 -0.339673 0.000000 0.636343 0.439499 0.212590 -0.371340 0.000000 0.637426 0.439499 0.215518 -0.390573 0.000000 
0.632653 0.440207 0.170492 -0.289801 0.000000 0.634006 0.439838 0.195187 -0.317878 0.000000 0.635212 0.439499 0.193427 -0.339673 0.000000 0.636343 0.439499 0.212590 -0.371340 0.000000 0.637426 0.439499 0.215518 -0.390573 0.000000 0.638460 0.439115 0.227321 -0.426167 0.000000 
0.634006 0.439838 0.195187 -0.317878 0.000000 0.635212 0.439499 0.193427 -0.339673 0.000000 0.636343 0.439499 0.212590 -0.371340 0.000000 0.637426 0.439499 0.215518 -0.390573 0.000000 0.638460 0.439115 0.227321 -0.426167 0.000000 0.639444 0.438669 0.246532 -0.458750 0.000000 
0.635212 0.439499 0.193427 -0.339673 0.000000 0.636343 0.439499 0.212590 -0.371340 0.000000 0.637426 0.439499 0.215518 -0.390573 0.000000 0.638460 0.439115 0.227321 -0.426167 0.000000 0.639444 0.438669 0.246532 -0.458750 0.000000 0.640404 0.438269 0.264690 -0.471433 0.000000 
0.636343 0.439499 0.212590 -0.371340 0.000000 0.637426 0.439499 0.215518 -0.390573 0.000000 0.638460 0.439115 0.227321 -0.426167 0.000000 0.639444 0.438669 0.246532 -0.458750 0.000000 0.640404 0.438269 0.264690 -0.471433 0.000000 0.641289 0.437884 0.276422 -0.508020 0.000000 
0.637426 0.439499 0.215518 -0.390573 0.000000 0.638460 0.439115 0.227321 -0.426167 0.000000 0.639444 0.438669 0.246532 -0.458750 0.000000 0.640404 0.438269 0.264690 -0.471433 0.000000 0.641289 0.437884 0.276422 -0.508020 0.000000 0.642101 0.437869 0.287493 -0.544998 0.000000 
0.638460 0.439115 0.227321 -0.426167 0.000000 0.639444 0.438669 0.246532 -0.458750 0.000000 0.640404 0.438269 0.264690 -0.471433 0.000000 0.641289 0.437884 0.276422 -0.508020 0.000000 0.642101 0.437869 0.287493 -0.544998 0.000000 0.642815 0.437485 0.297912 -0.582307 0.000000 
0.639444 0.438669 0.246532 -0.458750 0.000000 0.640404 0.438269 0.264690 -0.471433 0.000000 0.641289 0.437884 0.276422 -0.508020 0.000000 0.642101 0.437869 0.287493 -0.544998 0.000000 0.642815 0.437485 0.297912 -0.582307 0.000000 0.643405 0.437100 0.318915 -0.616132 0.000000 
0.640404 0.438269 0.264690 -0.471433 0.000000 0.641289 0.437884 0.276422 -0.508020 0.000000 0.642101 0.437869 0.287493 -0.544998 0.000000 0.642815 0.437485 0.297912 -0.582307 0.000000 0.643405 0.437100 0.318915 -0.616132 0.000000 0.643405 0.437023 0.316819 -0.657681 0.000000 
0.641289 0.437884 0.276422 -0.508020 0.000000 0.642101 0.437869 0.287493 -0.544998 0.000000 0.642815 0.437485 0.297912 -0.582307 0.000000 0.643405 0.437100 0.318915 -0.616132 0.000000 0.643405 0.437023 0.316819 -0.657681 0.000000 0.643873 0.436946 0.312128 -0.699011 0.000000 
0.642101 0.437869 0.287493 -0.544998 0.000000 0.642815 0.437485 0.297912 -0.582307 0.000000 0.643405 0.437100 0.318915 -0.616132 0.000000 0.643405 0.437023 0.316819 -0.657681 0.000000 0.643873 0.436946 0.312128 -0.699011 0.000000 0.644144 0.436869 0.336075 -0.712917 0.000000 
0.642815 0.437485 0.297912 -0.582307 0.000000 0.643405 0.437100 0.318915 -0.616132 0.000000 0.643405 0.437023 0.316819 -0.657681 0.000000 0.643873 0.436946 0.312128 -0.699011 0.000000 0.644144 0.436869 0.336075 -0.712917 0.000000 0.644144 0.436823 0.333171 -0.733670 0.000000 
0.643405 0.437100 0.318915 -0.616132 0.000000 0.643405 0.437023 0.316819 -0.657681 0.000000 0.643873 0.436946 0.312128 -0.699011 0.000000 0.644144 0.436869 0.336075 -0.712917 0.000000 0.644144 0.436823 0.333171 -0.733670 0.000000 0.644144 0.436547 0.329548 -0.754317 0.000000 
0.643405 0.437023 0.316819 -0.657681 0.000000 0.643873 0.436946 0.312128 -0.699011 0.000000 0.644144 0.436869 0.336075 -0.712917 0.000000 0.644144 0.436823 0.333171 -0.733670 0.000000 0.644144 0.436547 0.329548 -0.754317 0.000000 0.643873 0.436439 0.340387 -0.771755 0.000000 
0.643873 0.436946 0.312128 -0.699011 0.000000 0.644144 0.436869 0.336075 -0.712917 0.000000 0.644144 0.436823 0.333171 -0.733670 0.000000 0.644144 0.436547 0.329548 -0.754317 0.000000 0.643873 0.436439 0.340387 -0.771755 0.000000 0.643455 0.436377 0.325169 -0.774845 0.000000 
0.644144 0.436869 0.336075 -0.712917 0.000000 0.644144 0.436823 0.333171 -0.733670 0.000000 0.644144 0.436547 0.329548 -0.754317 0.000000 0.643873 0.436439 0.340387 -0.771755 0.000000 0.643455 0.436377 0.325169 -0.774845 0.000000 0.643036 0.436300 0.325169 -0.774845 0.000000 
0.644144 0.436823 0.333171 -0.733670 0.000000 0.644144 0.436547 0.329548 -0.754317 0.000000 0.643873 0.436439 0.340387 -0.771755 0.000000 0.643455 0.436377 0.325169 -0.774845 0.000000 0.643036 0.436300 0.325169 -0.774845 0.000000 0.642495 0.436300 0.325169 -0.774845 0.000000 
0.644144 0.436547 0.329548 -0.754317 0.000000 0.643873 0.436439 0.340387 -0.771755 0.000000 0.643455 0.436377 0.325169 -0.774845 0.000000 0.643036 0.436300 0.325169 -0.774845 0.000000 0.642495 0.436300 0.325169 -0.774845 0.000000 0.642347 0.436316 0.325169 -0.774845 0.000000 
0.643873 0.436439 0.340387 -0.771755 0.000000 0.643455 0.436377 0.325169 -0.774845 0.000000 0.643036 0.436300 0.325169 -0.774845 0.000000 0.642495 0.436300 0.325169 -0.774845 0.000000 0.642347 0.436316 0.325169 -0.774845 0.000000 0.642224 0.436408 0.325169 -0.774845 0.000000 
0.643455 0.436377 0.325169 -0.774845 0.000000 0.643036 0.436300 0.325169 -0.774845 0.000000 0.642495 0.436300 0.325169 -0.774845 0.000000 0.642347 0.436316 0.325169 -0.774845 0.000000 0.642224 0.436408 0.325169 -0.774845 0.000000 0.642101 0.436654 0.325169 -0.774845 0.000000 
0.643036 0.436300 0.325169 -0.774845 0.000000 0.642495 0.436300 0.325169 -0.774845 0.000000 0.642347 0.436316 0.325169 -0.774845 0.000000 0.642224 0.436408 0.325169 -0.774845 0.000000 0.642101 0.436654 0.325169 -0.774845 0.000000 0.642028 0.436716 0.325169 -0.774845 0.000000 
0.642495 0.436300 0.325169 -0.774845 0.000000 0.642347 0.436316 0.325169 -0.774845 0.000000 0.642224 0.436408 0.325169 -0.774845 0.000000 0.642101 0.436654 0.325169 -0.774845 0.000000 0.642028 0.436716 0.325169 -0.774845 0.000000 0.641757 0.436762 0.325169 -0.774845 0.000000 
0.642347 0.436316 0.325169 -0.774845 0.000000 0.642224 0.436408 0.325169 -0.774845 0.000000 0.642101 0.436654 0.325169 -0.774845 0.000000 0.642028 0.436716 0.325169 -0.774845 0.000000 0.641757 0.436762 0.325169 -0.774845 0.000000 0.641535 0.436777 0.325169 -0.774845 0.000000 
0.642224 0.436408 0.325169 -0.774845 0.000000 0.642101 0.436654 0.325169 -0.774845 0.000000 0.642028 0.436716 0.325169 -0.774845 0.000000 0.641757 0.436762 0.325169 -0.774845 0.000000 0.641535 0.436777 0.325169 -0.774845 0.000000 0.641339 0.436793 0.325169 -0.774845 0.000000 
0.642101 0.436654 0.325169 -0.774845 0.000000 0.642028 0.436716 0.325169 -0.774845 0.000000 0.641757 0.436762 0.325169 -0.774845 0.000000 0.641535 0.436777 0.325169 -0.774845 0.000000 0.641339 0.436793 0.325169 -0.774845 0.000000 0.641191 0.436916 0.325169 -0.774845 0.000000 
0.642028 0.436716 0.325169 -0.774845 0.000000 0.641757 0.436762 0.325169 -0.774845 0.000000 0.641535 0.436777 0.325169 -0.774845 0.000000 0.641339 0.436793 0.325169 -0.774845 0.000000 0.641191 0.436916 0.325169 -0.774845 0.000000 0.641142 0.436977 0.325169 -0.774845 0.000000 
0.641757 0.436762 0.325169 -0.774845 0.000000 0.641535 0.436777 0.325169 -0.774845 0.000000 0.641339 0.436793 0.325169 -0.774845 0.000000 0.641191 0.436916 0.325169 -0.774845 0.000000 0.641142 0.436977 0.325169 -0.774845 0.000000 0.641019 0.436977 0.325169 -0.774845 0.000000 
0.641535 0.436777 0.325169 -0.774845 0.000000 0.641339 0.436793 0.325169 -0.774845 0.000000 0.641191 0.436916 0.325169 -0.774845 0.000000 0.641142 0.436977 0.325169 -0.774845 0.000000 0.641019 0.436977 0.325169 -0.774845 0.000000 0.640871 0.436977 0.309700 -0.777764 0.000000 
0.641339 0.436793 0.325169 -0.774845 0.000000 0.641191 0.436916 0.325169 -0.774845 0.000000 0.641142 0.436977 0.325169 -0.774845 0.000000 0.641019 0.436977 0.325169 -0.774845 0.000000 0.640871 0.436977 0.309700 -0.777764 0.000000 0.640650 0.436977 0.335899 -0.792322 0.000000 
0.641191 0.436916 0.325169 -0.774845 0.000000 0.641142 0.436977 0.325169 -0.774845 0.000000 0.641019 0.436977 0.325169 -0.774845 0.000000 0.640871 0.436977 0.309700 -0.777764 0.000000 0.640650 0.436977 0.335899 -0.792322 0.000000 0.640453 0.436977 0.335899 -0.792322 0.000000 
0.641142 0.436977 0.325169 -0.774845 0.000000 0.641019 0.436977 0.325169 -0.774845 0.000000 0.640871 0.436977 0.309700 -0.777764 0.000000 0.640650 0.436977 0.335899 -0.792322 0.000000 0.640453 0.436977 0.335899 -0.792322 0.000000 0.640182 0.436977 0.309700 -0.777764 0.000000 
0.641019 0.436977 0.325169 -0.774845 0.000000 0.640871 0.436977 0.309700 -0.777764 0.000000 0.640650 0.436977 0.335899 -0.792322 0.000000 0.640453 0.436977 0.335899 -0.792322 0.000000 0.640182 0.436977 0.309700 -0.777764 0.000000 0.639862 0.436977 0.309700 -0.777764 0.000000 
0.640871 0.436977 0.309700 -0.777764 0.000000 0.640650 0.436977 0.335899 -0.792322 0.000000 0.640453 0.436977 0.335899 -0.792322 0.000000 0.640182 0.436977 0.309700 -0.777764 0.000000 0.639862 0.436977 0.309700 -0.777764 0.000000 0.639739 0.436977 0.325169 -0.774845 0.000000 
0.640650 0.436977 0.335899 -0.792322 0.000000 0.640453 0.436977 0.335899 -0.792322 0.000000 0.640182 0.436977 0.309700 -0.777764 0.000000 0.639862 0.436977 0.309700 -0.777764 0.000000 0.639739 0.436977 0.325169 -0.774845 0.000000 0.639272 0.436977 0.314746 -0.757402 0.000000 
0.640453 0.436977 0.335899 -0.792322 0.000000 0.640182 0.436977 0.309700 -0.777764 0.000000 0.639862 0.436977 0.309700 -0.777764 0.000000 0.639739 0.436977 0.325169 -0.774845 0.000000 0.639272 0.436977 0.314746 -0.757402 0.000000 0.638632 0.436977 0.304613 -0.739993 0.000000 
0.640182 0.436977 0.309700 -0.777764 0.000000 0.639862 0.436977 0.309700 -0.777764 0.000000 0.639739 0.436977 0.325169 -0.774845 0.000000 0.639272 0.436977 0.314746 -0.757402 0.000000 0.638632 0.436977 0.304613 -0.739993 0.000000 0.637820 0.436977 0.294754 -0.722618 0.000000 
0.639862 0.436977 0.309700 -0.777764 0.000000 0.639739 0.436977 0.325169 -0.774845 0.000000 0.639272 0.436977 0.314746 -0.757402 0.000000 0.638632 0.436977 0.304613 -0.739993 0.000000 0.637820 0.436977 0.294754 -0.722618 0.000000 0.636836 0.436992 0.275800 -0.687969 0.000000 
0.639739 0.436977 0.325169 -0.774845 0.000000 0.639272 0.436977 0.314746 -0.757402 0.000000 0.638632 0.436977 0.304613 -0.739993 0.000000 0.637820 0.436977 0.294754 -0.722618 0.000000 0.636836 0.436992 0.275800 -0.687969 0.000000 0.635999 0.437300 0.266677 -0.670694 0.000000 
0.639272 0.436977 0.314746 -0.757402 0.000000 0.638632 0.436977 0.304613 -0.739993 0.000000 0.637820 0.436977 0.294754 -0.722618 0.000000 0.636836 0.436992 0.275800 -0.687969 0.000000 0.635999 0.437300 0.266677 -0.670694 0.000000 0.635039 0.437746 0.261115 -0.633292 0.000000 
0.638632 0.436977 0.304613 -0.739993 0.000000 0.637820 0.436977 0.294754 -0.722618 0.000000 0.636836 0.436992 0.275800 -0.687969 0.000000 0.635999 0.437300 0.266677 -0.670694 0.000000 0.635039 0.437746 0.261115 -0.633292 0.000000 0.633932 0.438361 0.245856 -0.578972 0.000000 
0.637820 0.436977 0.294754 -0.722618 0.000000 0.636836 0.436992 0.275800 -0.687969 0.000000 0.635999 0.437300 0.266677 -0.670694 0.000000 0.635039 0.437746 0.261115 -0.633292 0.000000 0.633932 0.438361 0.245856 -0.578972 0.000000 0.632726 0.439099 0.228657 -0.545020 0.000000 
0.636836 0.436992 0.275800 -0.687969 0.000000 0.635999 0.437300 0.266677 -0.670694 0.000000 0.635039 0.437746 0.261115 -0.633292 0.000000 0.633932 0.438361 0.245856 -0.578972 0.000000 0.632726 0.439099 0.228657 -0.545020 0.000000 0.631398 0.439653 0.212091 -0.511213 0.000000 
0.635999 0.437300 0.266677 -0.670694 0.000000 0.635039 0.437746 0.261115 -0.633292 0.000000 0.633932 0.438361 0.245856 -0.578972 0.000000 0.632726 0.439099 0.228657 -0.545020 0.000000 0.631398 0.439653 0.212091 -0.511213 0.000000 0.629970 0.440222 0.212986 -0.452175 0.000000 
0.635039 0.437746 0.261115 -0.633292 0.000000 0.633932 0.438361 0.245856 -0.578972 0.000000 0.632726 0.439099 0.228657 -0.545020 0.000000 0.631398 0.439653 0.212091 -0.511213 0.000000 0.629970 0.440222 0.212986 -0.452175 0.000000 0.628543 0.440776 0.195836 -0.419160 0.000000 
0.633932 0.438361 0.245856 -0.578972 0.000000 0.632726 0.439099 0.228657 -0.545020 0.000000 0.631398 0.439653 0.212091 -0.511213 0.000000 0.629970 0.440222 0.212986 -0.452175 0.000000 0.628543 0.440776 0.195836 -0.419160 0.000000 0.627116 0.441268 0.179149 -0.386300 0.000000 
0.632726 0.439099 0.228657 -0.545020 0.000000 0.631398 0.439653 0.212091 -0.511213 0.000000 0.629970 0.440222 0.212986 -0.452175 0.000000 0.628543 0.440776 0.195836 -0.419160 0.000000 0.627116 0.441268 0.179149 -0.386300 0.000000 0.625787 0.441268 0.175296 -0.348329 0.000000 
