0.639739 0.485467 0.277454 -0.569080 0.077224 0.639911 0.485636 0.287710 -0.565475 0.081134 0.640010 0.485805 0.287710 -0.565475 0.085044 0.640133 0.485974 0.287710 -0.565475 0.119257 0.640182 0.486128 0.287710 -0.565475 0.167155 0.640207 0.486236 0.287710 -0.565475 0.200391 
0.639911 0.485636 0.287710 -0.565475 0.081134 0.640010 0.485805 0.287710 -0.565475 0.085044 0.640133 0.485974 0.287710 -0.565475 0.119257 0.640182 0.486128 0.287710 -0.565475 0.167155 0.640207 0.486236 0.287710 -0.565475 0.200391 0.640256 0.486328 0.287710 -0.565475 0.221896 
0.640010 0.485805 0.287710 -0.565475 0.085044 0.640133 0.485974 0.287710 -0.565475 0.119257 0.640182 0.486128 0.287710 -0.565475 0.167155 0.640207 0.486236 0.287710 -0.565475 0.200391 0.640256 0.486328 0.287710 -0.565475 0.221896 0.640256 0.486390 0.287493 -0.544998 0.252199 
0.640133 0.485974 0.287710 -0.565475 0.119257 0.640182 0.486128 0.287710 -0.565475 0.167155 0.640207 0.486236 0.287710 -0.565475 0.200391 0.640256 0.486328 0.287710 -0.565475 0.221896 0.640256 0.486390 0.287493 -0.544998 0.252199 0.640256 0.486436 0.287493 -0.544998 0.281525 
0.640182 0.486128 0.287710 -0.565475 0.167155 0.640207 0.486236 0.287710 -0.565475 0.200391 0.640256 0.486328 0.287710 -0.565475 0.221896 0.640256 0.486390 0.287493 -0.544998 0.252199 0.640256 0.486436 0.287493 -0.544998 0.281525 0.640256 0.486451 0.287493 -0.544998 0.302053 
0.640207 0.486236 0.287710 -0.565475 0.200391 0.640256 0.486328 0.287710 -0.565475 0.221896 0.640256 0.486390 0.287493 -0.544998 0.252199 0.640256 0.486436 0.287493 -0.544998 0.281525 0.640256 0.486451 0.287493 -0.544998 0.302053 0.640280 0.486451 0.287493 -0.544998 0.423265 
0.640256 0.486328 0.287710 -0.565475 0.221896 0.640256 0.486390 0.287493 -0.544998 0.252199 0.640256 0.486436 0.287493 -0.544998 0.281525 0.640256 0.486451 0.287493 -0.544998 0.302053 0.640280 0.486451 0.287493 -0.544998 0.423265 0.640280 0.486467 0.287710 -0.565475 0.442815 
0.640256 0.486390 0.287493 -0.544998 0.252199 0.640256 0.486436 0.287493 -0.544998 0.281525 0.640256 0.486451 0.287493 -0.544998 0.302053 0.640280 0.486451 0.287493 -0.544998 0.423265 0.640280 0.486467 0.287710 -0.565475 0.442815 0.640305 0.486467 0.287493 -0.544998 0.485826 
0.640256 0.486436 0.287493 -0.544998 0.281525 0.640256 0.486451 0.287493 -0.544998 0.302053 0.640280 0.486451 0.287493 -0.544998 0.423265 0.640280 0.486467 0.287710 -0.565475 0.442815 0.640305 0.486467 0.287493 -0.544998 0.485826 0.640330 0.486467 0.287493 -0.544998 0.492669 
0.640256 0.486451 0.287493 -0.544998 0.302053 0.640280 0.486451 0.287493 -0.544998 0.423265 0.640280 0.486467 0.287710 -0.565475 0.442815 0.640305 0.486467 0.287493 -0.544998 0.485826 0.640330 0.486467 0.287493 -0.544998 0.492669 0.640330 0.486451 0.297821 -0.561716 0.585533 
0.640280 0.486451 0.287493 -0.544998 0.423265 0.640280 0.486467 0.287710 -0.565475 0.442815 0.640305 0.486467 0.287493 -0.544998 0.485826 0.640330 0.486467 0.287493 -0.544998 0.492669 0.640330 0.486451 0.297821 -0.561716 0.585533 0.640330 0.486420 0.297821 -0.561716 0.585533 
0.640280 0.486467 0.287710 -0.565475 0.442815 0.640305 0.486467 0.287493 -0.544998 0.485826 0.640330 0.486467 0.287493 -0.544998 0.492669 0.640330 0.486451 0.297821 -0.561716 0.585533 0.640330 0.486420 0.297821 -0.561716 0.585533 0.640330 0.486390 0.297821 -0.561716 0.583578 
0.640305 0.486467 0.287493 -0.544998 0.485826 0.640330 0.486467 0.287493 -0.544998 0.492669 0.640330 0.486451 0.297821 -0.561716 0.585533 0.640330 0.486420 0.297821 -0.561716 0.585533 0.640330 0.486390 0.297821 -0.561716 0.583578 0.640330 0.486344 0.297821 -0.561716 0.582600 
0.640330 0.486467 0.287493 -0.544998 0.492669 0.640330 0.486451 0.297821 -0.561716 0.585533 0.640330 0.486420 0.297821 -0.561716 0.585533 0.640330 0.486390 0.297821 -0.561716 0.583578 0.640330 0.486344 0.297821 -0.561716 0.582600 0.640330 0.486297 0.297821 -0.561716 0.580645 
0.640330 0.486451 0.297821 -0.561716 0.585533 0.640330 0.486420 0.297821 -0.561716 0.585533 0.640330 0.486390 0.297821 -0.561716 0.583578 0.640330 0.486344 0.297821 -0.561716 0.582600 0.640330 0.486297 0.297821 -0.561716 0.580645 0.640330 0.486220 0.297821 -0.561716 0.578690 
0.640330 0.486420 0.297821 -0.561716 0.585533 0.640330 0.486390 0.297821 -0.561716 0.583578 0.640330 0.486344 0.297821 -0.561716 0.582600 0.640330 0.486297 0.297821 -0.561716 0.580645 0.640330 0.486220 0.297821 -0.561716 0.578690 0.640330 0.486144 0.297821 -0.561716 0.575758 
0.640330 0.486390 0.297821 -0.561716 0.583578 0.640330 0.486344 0.297821 -0.561716 0.582600 0.640330 0.486297 0.297821 -0.561716 0.580645 0.640330 0.486220 0.297821 -0.561716 0.578690 0.640330 0.486144 0.297821 -0.561716 0.575758 0.640330 0.486051 0.297821 -0.561716 0.576735 
0.640330 0.486344 0.297821 -0.561716 0.582600 0.640330 0.486297 0.297821 -0.561716 0.580645 0.640330 0.486220 0.297821 -0.561716 0.578690 0.640330 0.486144 0.297821 -0.561716 0.575758 0.640330 0.486051 0.297821 -0.561716 0.576735 0.640330 0.485913 0.297821 -0.561716 0.574780 
0.640330 0.486297 0.297821 -0.561716 0.580645 0.640330 0.486220 0.297821 -0.561716 0.578690 0.640330 0.486144 0.297821 -0.561716 0.575758 0.640330 0.486051 0.297821 -0.561716 0.576735 0.640330 0.485913 0.297821 -0.561716 0.574780 0.640330 0.485728 0.297821 -0.561716 0.574780 
0.640330 0.486220 0.297821 -0.561716 0.578690 0.640330 0.486144 0.297821 -0.561716 0.575758 0.640330 0.486051 0.297821 -0.561716 0.576735 0.640330 0.485913 0.297821 -0.561716 0.574780 0.640330 0.485728 0.297821 -0.561716 0.574780 0.640330 0.485544 0.297821 -0.561716 0.574780 
0.640330 0.486144 0.297821 -0.561716 0.575758 0.640330 0.486051 0.297821 -0.561716 0.576735 0.640330 0.485913 0.297821 -0.561716 0.574780 0.640330 0.485728 0.297821 -0.561716 0.574780 0.640330 0.485544 0.297821 -0.561716 0.574780 0.640330 0.485375 0.297821 -0.561716 0.578690 
0.640330 0.486051 0.297821 -0.561716 0.576735 0.640330 0.485913 0.297821 -0.561716 0.574780 0.640330 0.485728 0.297821 -0.561716 0.574780 0.640330 0.485544 0.297821 -0.561716 0.574780 0.640330 0.485375 0.297821 -0.561716 0.578690 0.640330 0.485205 0.297821 -0.561716 0.584555 
0.640330 0.485913 0.297821 -0.561716 0.574780 0.640330 0.485728 0.297821 -0.561716 0.574780 0.640330 0.485544 0.297821 -0.561716 0.574780 0.640330 0.485375 0.297821 -0.561716 0.578690 0.640330 0.485205 0.297821 -0.561716 0.584555 0.640305 0.485052 0.297821 -0.561716 0.591398 
0.640330 0.485728 0.297821 -0.561716 0.574780 0.640330 0.485544 0.297821 -0.561716 0.574780 0.640330 0.485375 0.297821 -0.561716 0.578690 0.640330 0.485205 0.297821 -0.561716 0.584555 0.640305 0.485052 0.297821 -0.561716 0.591398 0.640280 0.484898 0.297821 -0.561716 0.589443 
0.640330 0.485544 0.297821 -0.561716 0.574780 0.640330 0.485375 0.297821 -0.561716 0.578690 0.640330 0.485205 0.297821 -0.561716 0.584555 0.640305 0.485052 0.297821 -0.561716 0.591398 0.640280 0.484898 0.297821 -0.561716 0.589443 0.640231 0.484744 0.297821 -0.561716 0.588465 
0.640330 0.485375 0.297821 -0.561716 0.578690 0.640330 0.485205 0.297821 -0.561716 0.584555 0.640305 0.485052 0.297821 -0.561716 0.591398 0.640280 0.484898 0.297821 -0.561716 0.589443 0.640231 0.484744 0.297821 -0.561716 0.588465 0.640207 0.484636 0.297821 -0.561716 0.589443 
0.640330 0.485205 0.297821 -0.561716 0.584555 0.640305 0.485052 0.297821 -0.561716 0.591398 0.640280 0.484898 0.297821 -0.561716 0.589443 0.640231 0.484744 0.297821 -0.561716 0.588465 0.640207 0.484636 0.297821 -0.561716 0.589443 0.640207 0.484529 0.297821 -0.561716 0.587488 
0.640305 0.485052 0.297821 -0.561716 0.591398 0.640280 0.484898 0.297821 -0.561716 0.589443 0.640231 0.484744 0.297821 -0.561716 0.588465 0.640207 0.484636 0.297821 -0.561716 0.589443 0.640207 0.484529 0.297821 -0.561716 0.587488 0.640207 0.484421 0.297821 -0.561716 0.589443 
0.640280 0.484898 0.297821 -0.561716 0.589443 0.640231 0.484744 0.297821 -0.561716 0.588465 0.640207 0.484636 0.297821 -0.561716 0.589443 0.640207 0.484529 0.297821 -0.561716 0.587488 0.640207 0.484421 0.297821 -0.561716 0.589443 0.640207 0.484298 0.297821 -0.561716 0.589443 
0.640231 0.484744 0.297821 -0.561716 0.588465 0.640207 0.484636 0.297821 -0.561716 0.589443 0.640207 0.484529 0.297821 -0.561716 0.587488 0.640207 0.484421 0.297821 -0.561716 0.589443 0.640207 0.484298 0.297821 -0.561716 0.589443 0.640207 0.484160 0.297821 -0.561716 0.589443 
0.640207 0.484636 0.297821 -0.561716 0.589443 0.640207 0.484529 0.297821 -0.561716 0.587488 0.640207 0.484421 0.297821 -0.561716 0.589443 0.640207 0.484298 0.297821 -0.561716 0.589443 0.640207 0.484160 0.297821 -0.561716 0.589443 0.640207 0.483975 0.297821 -0.561716 0.589443 
0.640207 0.484529 0.297821 -0.561716 0.587488 0.640207 0.484421 0.297821 -0.561716 0.589443 0.640207 0.484298 0.297821 -0.561716 0.589443 0.640207 0.484160 0.297821 -0.561716 0.589443 0.640207 0.483975 0.297821 -0.561716 0.589443 0.640182 0.483775 0.297821 -0.561716 0.589443 
0.640207 0.484421 0.297821 -0.561716 0.589443 0.640207 0.484298 0.297821 -0.561716 0.589443 0.640207 0.484160 0.297821 -0.561716 0.589443 0.640207 0.483975 0.297821 -0.561716 0.589443 0.640182 0.483775 0.297821 -0.561716 0.589443 0.640157 0.483529 0.287710 -0.565475 0.589443 
0.640207 0.484298 0.297821 -0.561716 0.589443 0.640207 0.484160 0.297821 -0.561716 0.589443 0.640207 0.483975 0.297821 -0.561716 0.589443 0.640182 0.483775 0.297821 -0.561716 0.589443 0.640157 0.483529 0.287710 -0.565475 0.589443 0.640157 0.483252 0.287710 -0.565475 0.591398 
0.640207 0.484160 0.297821 -0.561716 0.589443 0.640207 0.483975 0.297821 -0.561716 0.589443 0.640182 0.483775 0.297821 -0.561716 0.589443 0.640157 0.483529 0.287710 -0.565475 0.589443 0.640157 0.483252 0.287710 -0.565475 0.591398 0.640133 0.482929 0.287710 -0.565475 0.595308 
0.640207 0.483975 0.297821 -0.561716 0.589443 0.640182 0.483775 0.297821 -0.561716 0.589443 0.640157 0.483529 0.287710 -0.565475 0.589443 0.640157 0.483252 0.287710 -0.565475 0.591398 0.640133 0.482929 0.287710 -0.565475 0.595308 0.640133 0.482591 0.287710 -0.565475 0.600196 
0.640182 0.483775 0.297821 -0.561716 0.589443 0.640157 0.483529 0.287710 -0.565475 0.589443 0.640157 0.483252 0.287710 -0.565475 0.591398 0.640133 0.482929 0.287710 -0.565475 0.595308 0.640133 0.482591 0.287710 -0.565475 0.600196 0.640108 0.482237 0.287710 -0.565475 0.600196 
0.640157 0.483529 0.287710 -0.565475 0.589443 0.640157 0.483252 0.287710 -0.565475 0.591398 0.640133 0.482929 0.287710 -0.565475 0.595308 0.640133 0.482591 0.287710 -0.565475 0.600196 0.640108 0.482237 0.287710 -0.565475 0.600196 0.640108 0.481884 0.287710 -0.565475 0.605083 
0.640157 0.483252 0.287710 -0.565475 0.591398 0.640133 0.482929 0.287710 -0.565475 0.595308 0.640133 0.482591 0.287710 -0.565475 0.600196 0.640108 0.482237 0.287710 -0.565475 0.600196 0.640108 0.481884 0.287710 -0.565475 0.605083 0.640108 0.481530 0.287710 -0.565475 0.613881 
0.640133 0.482929 0.287710 -0.565475 0.595308 0.640133 0.482591 0.287710 -0.565475 0.600196 0.640108 0.482237 0.287710 -0.565475 0.600196 0.640108 0.481884 0.287710 -0.565475 0.605083 0.640108 0.481530 0.287710 -0.565475 0.613881 0.640108 0.481207 0.287710 -0.565475 0.617791 
0.640133 0.482591 0.287710 -0.565475 0.600196 0.640108 0.482237 0.287710 -0.565475 0.600196 0.640108 0.481884 0.287710 -0.565475 0.605083 0.640108 0.481530 0.287710 -0.565475 0.613881 0.640108 0.481207 0.287710 -0.565475 0.617791 0.640084 0.480899 0.287710 -0.565475 0.617791 
0.640108 0.482237 0.287710 -0.565475 0.600196 0.640108 0.481884 0.287710 -0.565475 0.605083 0.640108 0.481530 0.287710 -0.565475 0.613881 0.640108 0.481207 0.287710 -0.565475 0.617791 0.640084 0.480899 0.287710 -0.565475 0.617791 0.640059 0.480607 0.287710 -0.565475 0.616813 
0.640108 0.481884 0.287710 -0.565475 0.605083 0.640108 0.481530 0.287710 -0.565475 0.613881 0.640108 0.481207 0.287710 -0.565475 0.617791 0.640084 0.480899 0.287710 -0.565475 0.617791 0.640059 0.480607 0.287710 -0.565475 0.616813 0.639985 0.480315 0.287710 -0.565475 0.614858 
0.640108 0.481530 0.287710 -0.565475 0.613881 0.640108 0.481207 0.287710 -0.565475 0.617791 0.640084 0.480899 0.287710 -0.565475 0.617791 0.640059 0.480607 0.287710 -0.565475 0.616813 0.639985 0.480315 0.287710 -0.565475 0.614858 0.639911 0.480023 0.287710 -0.565475 0.615836 
0.640108 0.481207 0.287710 -0.565475 0.617791 0.640084 0.480899 0.287710 -0.565475 0.617791 0.640059 0.480607 0.287710 -0.565475 0.616813 0.639985 0.480315 0.287710 -0.565475 0.614858 0.639911 0.480023 0.287710 -0.565475 0.615836 0.639838 0.479746 0.287710 -0.565475 0.613881 
0.640084 0.480899 0.287710 -0.565475 0.617791 0.640059 0.480607 0.287710 -0.565475 0.616813 0.639985 0.480315 0.287710 -0.565475 0.614858 0.639911 0.480023 0.287710 -0.565475 0.615836 0.639838 0.479746 0.287710 -0.565475 0.613881 0.639764 0.479423 0.287710 -0.565475 0.612903 
0.640059 0.480607 0.287710 -0.565475 0.616813 0.639985 0.480315 0.287710 -0.565475 0.614858 0.639911 0.480023 0.287710 -0.565475 0.615836 0.639838 0.479746 0.287710 -0.565475 0.613881 0.639764 0.479423 0.287710 -0.565475 0.612903 0.639690 0.479115 0.287710 -0.565475 0.616813 
0.639985 0.480315 0.287710 -0.565475 0.614858 0.639911 0.480023 0.287710 -0.565475 0.615836 0.639838 0.479746 0.287710 -0.565475 0.613881 0.639764 0.479423 0.287710 -0.565475 0.612903 0.639690 0.479115 0.287710 -0.565475 0.616813 0.639616 0.478792 0.287710 -0.565475 0.611926 
0.639911 0.480023 0.287710 -0.565475 0.615836 0.639838 0.479746 0.287710 -0.565475 0.613881 0.639764 0.479423 0.287710 -0.565475 0.612903 0.639690 0.479115 0.287710 -0.565475 0.616813 0.639616 0.478792 0.287710 -0.565475 0.611926 0.639542 0.478454 0.287710 -0.565475 0.612903 
0.639838 0.479746 0.287710 -0.565475 0.613881 0.639764 0.479423 0.287710 -0.565475 0.612903 0.639690 0.479115 0.287710 -0.565475 0.616813 0.639616 0.478792 0.287710 -0.565475 0.611926 0.639542 0.478454 0.287710 -0.565475 0.612903 0.639444 0.478100 0.287710 -0.565475 0.615836 
0.639764 0.479423 0.287710 -0.565475 0.612903 0.639690 0.479115 0.287710 -0.565475 0.616813 0.639616 0.478792 0.287710 -0.565475 0.611926 0.639542 0.478454 0.287710 -0.565475 0.612903 0.639444 0.478100 0.287710 -0.565475 0.615836 0.639370 0.477716 0.287710 -0.565475 0.613881 
0.639690 0.479115 0.287710 -0.565475 0.616813 0.639616 0.478792 0.287710 -0.565475 0.611926 0.639542 0.478454 0.287710 -0.565475 0.612903 0.639444 0.478100 0.287710 -0.565475 0.615836 0.639370 0.477716 0.287710 -0.565475 0.613881 0.639296 0.477301 0.257692 -0.555637 0.612903 
0.639616 0.478792 0.287710 -0.565475 0.611926 0.639542 0.478454 0.287710 -0.565475 0.612903 0.639444 0.478100 0.287710 -0.565475 0.615836 0.639370 0.477716 0.287710 -0.565475 0.613881 0.639296 0.477301 0.257692 -0.555637 0.612903 0.639222 0.476870 0.257692 -0.555637 0.613881 
0.639542 0.478454 0.287710 -0.565475 0.612903 0.639444 0.478100 0.287710 -0.565475 0.615836 0.639370 0.477716 0.287710 -0.565475 0.613881 0.639296 0.477301 0.257692 -0.555637 0.612903 0.639222 0.476870 0.257692 -0.555637 0.613881 0.639149 0.476424 0.257692 -0.555637 0.620723 
0.639444 0.478100 0.287710 -0.565475 0.615836 0.639370 0.477716 0.287710 -0.565475 0.613881 0.639296 0.477301 0.257692 -0.555637 0.612903 0.639222 0.476870 0.257692 -0.555637 0.613881 0.639149 0.476424 0.257692 -0.555637 0.620723 0.639075 0.475978 0.257692 -0.555637 0.628543 
0.639370 0.477716 0.287710 -0.565475 0.613881 0.639296 0.477301 0.257692 -0.555637 0.612903 0.639222 0.476870 0.257692 -0.555637 0.613881 0.639149 0.476424 0.257692 -0.555637 0.620723 0.639075 0.475978 0.257692 -0.555637 0.628543 0.639026 0.475471 0.257692 -0.555637 0.628543 
0.639296 0.477301 0.257692 -0.555637 0.612903 0.639222 0.476870 0.257692 -0.555637 0.613881 0.639149 0.476424 0.257692 -0.555637 0.620723 0.639075 0.475978 0.257692 -0.555637 0.628543 0.639026 0.475471 0.257692 -0.555637 0.628543 0.638976 0.474948 0.257692 -0.555637 0.629521 
0.639222 0.476870 0.257692 -0.555637 0.613881 0.639149 0.476424 0.257692 -0.555637 0.620723 0.639075 0.475978 0.257692 -0.555637 0.628543 0.639026 0.475471 0.257692 -0.555637 0.628543 0.638976 0.474948 0.257692 -0.555637 0.629521 0.638927 0.474440 0.257692 -0.555637 0.629521 
0.639149 0.476424 0.257692 -0.555637 0.620723 0.639075 0.475978 0.257692 -0.555637 0.628543 0.639026 0.475471 0.257692 -0.555637 0.628543 0.638976 0.474948 0.257692 -0.555637 0.629521 0.638927 0.474440 0.257692 -0.555637 0.629521 0.638878 0.473948 0.257692 -0.555637 0.629521 
0.639075 0.475978 0.257692 -0.555637 0.628543 0.639026 0.475471 0.257692 -0.555637 0.628543 0.638976 0.474948 0.257692 -0.555637 0.629521 0.638927 0.474440 0.257692 -0.555637 0.629521 0.638878 0.473948 0.257692 -0.555637 0.629521 0.638829 0.473471 0.257692 -0.555637 0.629521 
0.639026 0.475471 0.257692 -0.555637 0.628543 0.638976 0.474948 0.257692 -0.555637 0.629521 0.638927 0.474440 0.257692 -0.555637 0.629521 0.638878 0.473948 0.257692 -0.555637 0.629521 0.638829 0.473471 0.257692 -0.555637 0.629521 0.638755 0.472979 0.257692 -0.555637 0.628543 
0.638976 0.474948 0.257692 -0.555637 0.629521 0.638927 0.474440 0.257692 -0.555637 0.629521 0.638878 0.473948 0.257692 -0.555637 0.629521 0.638829 0.473471 0.257692 -0.555637 0.629521 0.638755 0.472979 0.257692 -0.555637 0.628543 0.638706 0.472441 0.257692 -0.555637 0.629521 
0.638927 0.474440 0.257692 -0.555637 0.629521 0.638878 0.473948 0.257692 -0.555637 0.629521 0.638829 0.473471 0.257692 -0.555637 0.629521 0.638755 0.472979 0.257692 -0.555637 0.628543 0.638706 0.472441 0.257692 -0.555637 0.629521 0.638657 0.471857 0.257692 -0.555637 0.628543 
0.638878 0.473948 0.257692 -0.555637 0.629521 0.638829 0.473471 0.257692 -0.555637 0.629521 0.638755 0.472979 0.257692 -0.555637 0.628543 0.638706 0.472441 0.257692 -0.555637 0.629521 0.638657 0.471857 0.257692 -0.555637 0.628543 0.638583 0.471272 0.247495 -0.558882 0.627566 
0.638829 0.473471 0.257692 -0.555637 0.629521 0.638755 0.472979 0.257692 -0.555637 0.628543 0.638706 0.472441 0.257692 -0.555637 0.629521 0.638657 0.471857 0.257692 -0.555637 0.628543 0.638583 0.471272 0.247495 -0.558882 0.627566 0.638533 0.470672 0.247495 -0.558882 0.626588 
0.638755 0.472979 0.257692 -0.555637 0.628543 0.638706 0.472441 0.257692 -0.555637 0.629521 0.638657 0.471857 0.257692 -0.555637 0.628543 0.638583 0.471272 0.247495 -0.558882 0.627566 0.638533 0.470672 0.247495 -0.558882 0.626588 0.638509 0.470057 0.247495 -0.558882 0.626588 
0.638706 0.472441 0.257692 -0.555637 0.629521 0.638657 0.471857 0.257692 -0.555637 0.628543 0.638583 0.471272 0.247495 -0.558882 0.627566 0.638533 0.470672 0.247495 -0.558882 0.626588 0.638509 0.470057 0.247495 -0.558882 0.626588 0.638484 0.469504 0.247495 -0.558882 0.628543 
0.638657 0.471857 0.257692 -0.555637 0.628543 0.638583 0.471272 0.247495 -0.558882 0.627566 0.638533 0.470672 0.247495 -0.558882 0.626588 0.638509 0.470057 0.247495 -0.558882 0.626588 0.638484 0.469504 0.247495 -0.558882 0.628543 0.638484 0.468935 0.247495 -0.558882 0.627566 
0.638583 0.471272 0.247495 -0.558882 0.627566 0.638533 0.470672 0.247495 -0.558882 0.626588 0.638509 0.470057 0.247495 -0.558882 0.626588 0.638484 0.469504 0.247495 -0.558882 0.628543 0.638484 0.468935 0.247495 -0.558882 0.627566 0.638484 0.468381 0.247495 -0.558882 0.632454 
0.638533 0.470672 0.247495 -0.558882 0.626588 0.638509 0.470057 0.247495 -0.558882 0.626588 0.638484 0.469504 0.247495 -0.558882 0.628543 0.638484 0.468935 0.247495 -0.558882 0.627566 0.638484 0.468381 0.247495 -0.558882 0.632454 0.638460 0.467873 0.226729 -0.564924 0.633431 
0.638509 0.470057 0.247495 -0.558882 0.626588 0.638484 0.469504 0.247495 -0.558882 0.628543 0.638484 0.468935 0.247495 -0.558882 0.627566 0.638484 0.468381 0.247495 -0.558882 0.632454 0.638460 0.467873 0.226729 -0.564924 0.633431 0.638410 0.467351 0.226729 -0.564924 0.633431 
0.638484 0.469504 0.247495 -0.558882 0.628543 0.638484 0.468935 0.247495 -0.558882 0.627566 0.638484 0.468381 0.247495 -0.558882 0.632454 0.638460 0.467873 0.226729 -0.564924 0.633431 0.638410 0.467351 0.226729 -0.564924 0.633431 0.638410 0.466812 0.228657 -0.545020 0.633431 
0.638484 0.468935 0.247495 -0.558882 0.627566 0.638484 0.468381 0.247495 -0.558882 0.632454 0.638460 0.467873 0.226729 -0.564924 0.633431 0.638410 0.467351 0.226729 -0.564924 0.633431 0.638410 0.466812 0.228657 -0.545020 0.633431 0.638386 0.466259 0.228657 -0.545020 0.634409 
0.638484 0.468381 0.247495 -0.558882 0.632454 0.638460 0.467873 0.226729 -0.564924 0.633431 0.638410 0.467351 0.226729 -0.564924 0.633431 0.638410 0.466812 0.228657 -0.545020 0.633431 0.638386 0.466259 0.228657 -0.545020 0.634409 0.638386 0.465736 0.228657 -0.545020 0.636364 
0.638460 0.467873 0.226729 -0.564924 0.633431 0.638410 0.467351 0.226729 -0.564924 0.633431 0.638410 0.466812 0.228657 -0.545020 0.633431 0.638386 0.466259 0.228657 -0.545020 0.634409 0.638386 0.465736 0.228657 -0.545020 0.636364 0.638386 0.465182 0.208358 -0.550670 0.641251 
0.638410 0.467351 0.226729 -0.564924 0.633431 0.638410 0.466812 0.228657 -0.545020 0.633431 0.638386 0.466259 0.228657 -0.545020 0.634409 0.638386 0.465736 0.228657 -0.545020 0.636364 0.638386 0.465182 0.208358 -0.550670 0.641251 0.638386 0.464644 0.208358 -0.550670 0.640274 
0.638410 0.466812 0.228657 -0.545020 0.633431 0.638386 0.466259 0.228657 -0.545020 0.634409 0.638386 0.465736 0.228657 -0.545020 0.636364 0.638386 0.465182 0.208358 -0.550670 0.641251 0.638386 0.464644 0.208358 -0.550670 0.640274 0.638386 0.464029 0.208358 -0.550670 0.643206 
0.638386 0.466259 0.228657 -0.545020 0.634409 0.638386 0.465736 0.228657 -0.545020 0.636364 0.638386 0.465182 0.208358 -0.550670 0.641251 0.638386 0.464644 0.208358 -0.550670 0.640274 0.638386 0.464029 0.208358 -0.550670 0.643206 0.638386 0.463383 0.208358 -0.550670 0.639296 
0.638386 0.465736 0.228657 -0.545020 0.636364 0.638386 0.465182 0.208358 -0.550670 0.641251 0.638386 0.464644 0.208358 -0.550670 0.640274 0.638386 0.464029 0.208358 -0.550670 0.643206 0.638386 0.463383 0.208358 -0.550670 0.639296 0.638386 0.462768 0.208358 -0.550670 0.638319 
0.638386 0.465182 0.208358 -0.550670 0.641251 0.638386 0.464644 0.208358 -0.550670 0.640274 0.638386 0.464029 0.208358 -0.550670 0.643206 0.638386 0.463383 0.208358 -0.550670 0.639296 0.638386 0.462768 0.208358 -0.550670 0.638319 0.638386 0.462168 0.208358 -0.550670 0.636364 
0.638386 0.464644 0.208358 -0.550670 0.640274 0.638386 0.464029 0.208358 -0.550670 0.643206 0.638386 0.463383 0.208358 -0.550670 0.639296 0.638386 0.462768 0.208358 -0.550670 0.638319 0.638386 0.462168 0.208358 -0.550670 0.636364 0.638386 0.461568 0.208358 -0.550670 0.638319 
0.638386 0.464029 0.208358 -0.550670 0.643206 0.638386 0.463383 0.208358 -0.550670 0.639296 0.638386 0.462768 0.208358 -0.550670 0.638319 0.638386 0.462168 0.208358 -0.550670 0.636364 0.638386 0.461568 0.208358 -0.550670 0.638319 0.638361 0.460907 0.208358 -0.550670 0.640274 
0.638386 0.463383 0.208358 -0.550670 0.639296 0.638386 0.462768 0.208358 -0.550670 0.638319 0.638386 0.462168 0.208358 -0.550670 0.636364 0.638386 0.461568 0.208358 -0.550670 0.638319 0.638361 0.460907 0.208358 -0.550670 0.640274 0.638361 0.460169 0.208358 -0.550670 0.643206 
0.638386 0.462768 0.208358 -0.550670 0.638319 0.638386 0.462168 0.208358 -0.550670 0.636364 0.638386 0.461568 0.208358 -0.550670 0.638319 0.638361 0.460907 0.208358 -0.550670 0.640274 0.638361 0.460169 0.208358 -0.550670 0.643206 0.638361 0.459415 0.208358 -0.550670 0.644184 
0.638386 0.462168 0.208358 -0.550670 0.636364 0.638386 0.461568 0.208358 -0.550670 0.638319 0.638361 0.460907 0.208358 -0.550670 0.640274 0.638361 0.460169 0.208358 -0.550670 0.643206 0.638361 0.459415 0.208358 -0.550670 0.644184 0.638361 0.458661 0.208358 -0.550670 0.641251 
0.638386 0.461568 0.208358 -0.550670 0.638319 0.638361 0.460907 0.208358 -0.550670 0.640274 0.638361 0.460169 0.208358 -0.550670 0.643206 0.638361 0.459415 0.208358 -0.550670 0.644184 0.638361 0.458661 0.208358 -0.550670 0.641251 0.638361 0.457923 0.208358 -0.550670 0.635386 
0.638361 0.460907 0.208358 -0.550670 0.640274 0.638361 0.460169 0.208358 -0.550670 0.643206 0.638361 0.459415 0.208358 -0.550670 0.644184 0.638361 0.458661 0.208358 -0.550670 0.641251 0.638361 0.457923 0.208358 -0.550670 0.635386 0.638361 0.457170 0.208358 -0.550670 0.635386 
0.638361 0.460169 0.208358 -0.550670 0.643206 0.638361 0.459415 0.208358 -0.550670 0.644184 0.638361 0.458661 0.208358 -0.550670 0.641251 0.638361 0.457923 0.208358 -0.550670 0.635386 0.638361 0.457170 0.208358 -0.550670 0.635386 0.638361 0.456385 0.208358 -0.550670 0.635386 
0.638361 0.459415 0.208358 -0.550670 0.644184 0.638361 0.458661 0.208358 -0.550670 0.641251 0.638361 0.457923 0.208358 -0.550670 0.635386 0.638361 0.457170 0.208358 -0.550670 0.635386 0.638361 0.456385 0.208358 -0.550670 0.635386 0.638361 0.455586 0.208358 -0.550670 0.637341 
0.638361 0.458661 0.208358 -0.550670 0.641251 0.638361 0.457923 0.208358 -0.550670 0.635386 0.638361 0.457170 0.208358 -0.550670 0.635386 0.638361 0.456385 0.208358 -0.550670 0.635386 0.638361 0.455586 0.208358 -0.550670 0.637341 0.638361 0.454801 0.208358 -0.550670 0.639296 
0.638361 0.457923 0.208358 -0.550670 0.635386 0.638361 0.457170 0.208358 -0.550670 0.635386 0.638361 0.456385 0.208358 -0.550670 0.635386 0.638361 0.455586 0.208358 -0.550670 0.637341 0.638361 0.454801 0.208358 -0.550670 0.639296 0.638361 0.454063 0.208358 -0.550670 0.642229 
0.638361 0.457170 0.208358 -0.550670 0.635386 0.638361 0.456385 0.208358 -0.550670 0.635386 0.638361 0.455586 0.208358 -0.550670 0.637341 0.638361 0.454801 0.208358 -0.550670 0.639296 0.638361 0.454063 0.208358 -0.550670 0.642229 0.638361 0.453325 0.208358 -0.550670 0.645161 
0.638361 0.456385 0.208358 -0.550670 0.635386 0.638361 0.455586 0.208358 -0.550670 0.637341 0.638361 0.454801 0.208358 -0.550670 0.639296 0.638361 0.454063 0.208358 -0.550670 0.642229 0.638361 0.453325 0.208358 -0.550670 0.645161 0.638361 0.452587 0.190748 -0.536207 0.650049 
0.638361 0.455586 0.208358 -0.550670 0.637341 0.638361 0.454801 0.208358 -0.550670 0.639296 0.638361 0.454063 0.208358 -0.550670 0.642229 0.638361 0.453325 0.208358 -0.550670 0.645161 0.638361 0.452587 0.190748 -0.536207 0.650049 0.638361 0.451864 0.190748 -0.536207 0.652004 
0.638361 0.454801 0.208358 -0.550670 0.639296 0.638361 0.454063 0.208358 -0.550670 0.642229 0.638361 0.453325 0.208358 -0.550670 0.645161 0.638361 0.452587 0.190748 -0.536207 0.650049 0.638361 0.451864 0.190748 -0.536207 0.652004 0.638361 0.451095 0.190748 -0.536207 0.652981 
0.638361 0.454063 0.208358 -0.550670 0.642229 0.638361 0.453325 0.208358 -0.550670 0.645161 0.638361 0.452587 0.190748 -0.536207 0.650049 0.638361 0.451864 0.190748 -0.536207 0.652004 0.638361 0.451095 0.190748 -0.536207 0.652981 0.638361 0.450341 0.190748 -0.536207 0.652981 
0.638361 0.453325 0.208358 -0.550670 0.645161 0.638361 0.452587 0.190748 -0.536207 0.650049 0.638361 0.451864 0.190748 -0.536207 0.652004 0.638361 0.451095 0.190748 -0.536207 0.652981 0.638361 0.450341 0.190748 -0.536207 0.652981 0.638361 0.449634 0.190748 -0.536207 0.650049 
0.638361 0.452587 0.190748 -0.536207 0.650049 0.638361 0.451864 0.190748 -0.536207 0.652004 0.638361 0.451095 0.190748 -0.536207 0.652981 0.638361 0.450341 0.190748 -0.536207 0.652981 0.638361 0.449634 0.190748 -0.536207 0.650049 0.638361 0.448942 0.190748 -0.536207 0.651026 
0.638361 0.451864 0.190748 -0.536207 0.652004 0.638361 0.451095 0.190748 -0.536207 0.652981 0.638361 0.450341 0.190748 -0.536207 0.652981 0.638361 0.449634 0.190748 -0.536207 0.650049 0.638361 0.448942 0.190748 -0.536207 0.651026 0.638361 0.448250 0.190748 -0.536207 0.651026 
0.638361 0.451095 0.190748 -0.536207 0.652981 0.638361 0.450341 0.190748 -0.536207 0.652981 0.638361 0.449634 0.190748 -0.536207 0.650049 0.638361 0.448942 0.190748 -0.536207 0.651026 0.638361 0.448250 0.190748 -0.536207 0.651026 0.638361 0.447573 0.190748 -0.536207 0.656892 
0.638361 0.450341 0.190748 -0.536207 0.652981 0.638361 0.449634 0.190748 -0.536207 0.650049 0.638361 0.448942 0.190748 -0.536207 0.651026 0.638361 0.448250 0.190748 -0.536207 0.651026 0.638361 0.447573 0.190748 -0.536207 0.656892 0.638361 0.446912 0.193182 -0.516652 0.658847 
0.638361 0.449634 0.190748 -0.536207 0.650049 0.638361 0.448942 0.190748 -0.536207 0.651026 0.638361 0.448250 0.190748 -0.536207 0.651026 0.638361 0.447573 0.190748 -0.536207 0.656892 0.638361 0.446912 0.193182 -0.516652 0.658847 0.638361 0.446251 0.193182 -0.516652 0.657869 
0.638361 0.448942 0.190748 -0.536207 0.651026 0.638361 0.448250 0.190748 -0.536207 0.651026 0.638361 0.447573 0.190748 -0.536207 0.656892 0.638361 0.446912 0.193182 -0.516652 0.658847 0.638361 0.446251 0.193182 -0.516652 0.657869 0.638361 0.445635 0.173900 -0.521538 0.657869 
0.638361 0.448250 0.190748 -0.536207 0.651026 0.638361 0.447573 0.190748 -0.536207 0.656892 0.638361 0.446912 0.193182 -0.516652 0.658847 0.638361 0.446251 0.193182 -0.516652 0.657869 0.638361 0.445635 0.173900 -0.521538 0.657869 0.638361 0.445036 0.173900 -0.521538 0.657869 
0.638361 0.447573 0.190748 -0.536207 0.656892 0.638361 0.446912 0.193182 -0.516652 0.658847 0.638361 0.446251 0.193182 -0.516652 0.657869 0.638361 0.445635 0.173900 -0.521538 0.657869 0.638361 0.445036 0.173900 -0.521538 0.657869 0.638361 0.444405 0.173900 -0.521538 0.657869 
0.638361 0.446912 0.193182 -0.516652 0.658847 0.638361 0.446251 0.193182 -0.516652 0.657869 0.638361 0.445635 0.173900 -0.521538 0.657869 0.638361 0.445036 0.173900 -0.521538 0.657869 0.638361 0.444405 0.173900 -0.521538 0.657869 0.638361 0.443759 0.173900 -0.521538 0.660802 
0.638361 0.446251 0.193182 -0.516652 0.657869 0.638361 0.445635 0.173900 -0.521538 0.657869 0.638361 0.445036 0.173900 -0.521538 0.657869 0.638361 0.444405 0.173900 -0.521538 0.657869 0.638361 0.443759 0.173900 -0.521538 0.660802 0.638361 0.443144 0.173900 -0.521538 0.662757 
0.638361 0.445635 0.173900 -0.521538 0.657869 0.638361 0.445036 0.173900 -0.521538 0.657869 0.638361 0.444405 0.173900 -0.521538 0.657869 0.638361 0.443759 0.173900 -0.521538 0.660802 0.638361 0.443144 0.173900 -0.521538 0.662757 0.638361 0.442514 0.173900 -0.521538 0.663734 
0.638361 0.445036 0.173900 -0.521538 0.657869 0.638361 0.444405 0.173900 -0.521538 0.657869 0.638361 0.443759 0.173900 -0.521538 0.660802 0.638361 0.443144 0.173900 -0.521538 0.662757 0.638361 0.442514 0.173900 -0.521538 0.663734 0.638361 0.441898 0.173900 -0.521538 0.664712 
0.638361 0.444405 0.173900 -0.521538 0.657869 0.638361 0.443759 0.173900 -0.521538 0.660802 0.638361 0.443144 0.173900 -0.521538 0.662757 0.638361 0.442514 0.173900 -0.521538 0.663734 0.638361 0.441898 0.173900 -0.521538 0.664712 0.638361 0.441252 0.173900 -0.521538 0.671554 
0.638361 0.443759 0.173900 -0.521538 0.660802 0.638361 0.443144 0.173900 -0.521538 0.662757 0.638361 0.442514 0.173900 -0.521538 0.663734 0.638361 0.441898 0.173900 -0.521538 0.664712 0.638361 0.441252 0.173900 -0.521538 0.671554 0.638361 0.440607 0.173900 -0.521538 0.672532 
0.638361 0.443144 0.173900 -0.521538 0.662757 0.638361 0.442514 0.173900 -0.521538 0.663734 0.638361 0.441898 0.173900 -0.521538 0.664712 0.638361 0.441252 0.173900 -0.521538 0.671554 0.638361 0.440607 0.173900 -0.521538 0.672532 0.638361 0.439945 0.154278 -0.525873 0.675464 
0.638361 0.442514 0.173900 -0.521538 0.663734 0.638361 0.441898 0.173900 -0.521538 0.664712 0.638361 0.441252 0.173900 -0.521538 0.671554 0.638361 0.440607 0.173900 -0.521538 0.672532 0.638361 0.439945 0.154278 -0.525873 0.675464 0.638361 0.439299 0.154278 -0.525873 0.674487 
0.638361 0.441898 0.173900 -0.521538 0.664712 0.638361 0.441252 0.173900 -0.521538 0.671554 0.638361 0.440607 0.173900 -0.521538 0.672532 0.638361 0.439945 0.154278 -0.525873 0.675464 0.638361 0.439299 0.154278 -0.525873 0.674487 0.638361 0.438638 0.154278 -0.525873 0.675464 
0.638361 0.441252 0.173900 -0.521538 0.671554 0.638361 0.440607 0.173900 -0.521538 0.672532 0.638361 0.439945 0.154278 -0.525873 0.675464 0.638361 0.439299 0.154278 -0.525873 0.674487 0.638361 0.438638 0.154278 -0.525873 0.675464 0.638361 0.437946 0.154278 -0.525873 0.678397 
0.638361 0.440607 0.173900 -0.521538 0.672532 0.638361 0.439945 0.154278 -0.525873 0.675464 0.638361 0.439299 0.154278 -0.525873 0.674487 0.638361 0.438638 0.154278 -0.525873 0.675464 0.638361 0.437946 0.154278 -0.525873 0.678397 0.638361 0.437192 0.154278 -0.525873 0.681329 
0.638361 0.439945 0.154278 -0.525873 0.675464 0.638361 0.439299 0.154278 -0.525873 0.674487 0.638361 0.438638 0.154278 -0.525873 0.675464 0.638361 0.437946 0.154278 -0.525873 0.678397 0.638361 0.437192 0.154278 -0.525873 0.681329 0.638361 0.436393 0.154278 -0.525873 0.680352 
0.638361 0.439299 0.154278 -0.525873 0.674487 0.638361 0.438638 0.154278 -0.525873 0.675464 0.638361 0.437946 0.154278 -0.525873 0.678397 0.638361 0.437192 0.154278 -0.525873 0.681329 0.638361 0.436393 0.154278 -0.525873 0.680352 0.638460 0.435578 0.144350 -0.527835 0.678397 
0.638361 0.438638 0.154278 -0.525873 0.675464 0.638361 0.437946 0.154278 -0.525873 0.678397 0.638361 0.437192 0.154278 -0.525873 0.681329 0.638361 0.436393 0.154278 -0.525873 0.680352 0.638460 0.435578 0.144350 -0.527835 0.678397 0.638533 0.434747 0.144350 -0.527835 0.679374 
0.638361 0.437946 0.154278 -0.525873 0.678397 0.638361 0.437192 0.154278 -0.525873 0.681329 0.638361 0.436393 0.154278 -0.525873 0.680352 0.638460 0.435578 0.144350 -0.527835 0.678397 0.638533 0.434747 0.144350 -0.527835 0.679374 0.638632 0.433932 0.144350 -0.527835 0.682307 
0.638361 0.437192 0.154278 -0.525873 0.681329 0.638361 0.436393 0.154278 -0.525873 0.680352 0.638460 0.435578 0.144350 -0.527835 0.678397 0.638533 0.434747 0.144350 -0.527835 0.679374 0.638632 0.433932 0.144350 -0.527835 0.682307 0.638706 0.433086 0.144350 -0.527835 0.682307 
0.638361 0.436393 0.154278 -0.525873 0.680352 0.638460 0.435578 0.144350 -0.527835 0.678397 0.638533 0.434747 0.144350 -0.527835 0.679374 0.638632 0.433932 0.144350 -0.527835 0.682307 0.638706 0.433086 0.144350 -0.527835 0.682307 0.638755 0.432240 0.124282 -0.531349 0.685239 
0.638460 0.435578 0.144350 -0.527835 0.678397 0.638533 0.434747 0.144350 -0.527835 0.679374 0.638632 0.433932 0.144350 -0.527835 0.682307 0.638706 0.433086 0.144350 -0.527835 0.682307 0.638755 0.432240 0.124282 -0.531349 0.685239 0.638829 0.431395 0.124282 -0.531349 0.684262 
0.638533 0.434747 0.144350 -0.527835 0.679374 0.638632 0.433932 0.144350 -0.527835 0.682307 0.638706 0.433086 0.144350 -0.527835 0.682307 0.638755 0.432240 0.124282 -0.531349 0.685239 0.638829 0.431395 0.124282 -0.531349 0.684262 0.638878 0.430595 0.124282 -0.531349 0.687195 
0.638632 0.433932 0.144350 -0.527835 0.682307 0.638706 0.433086 0.144350 -0.527835 0.682307 0.638755 0.432240 0.124282 -0.531349 0.685239 0.638829 0.431395 0.124282 -0.531349 0.684262 0.638878 0.430595 0.124282 -0.531349 0.687195 0.638903 0.429841 0.124282 -0.531349 0.688172 
0.638706 0.433086 0.144350 -0.527835 0.682307 0.638755 0.432240 0.124282 -0.531349 0.685239 0.638829 0.431395 0.124282 -0.531349 0.684262 0.638878 0.430595 0.124282 -0.531349 0.687195 0.638903 0.429841 0.124282 -0.531349 0.688172 0.638903 0.429134 0.124282 -0.531349 0.689150 
0.638755 0.432240 0.124282 -0.531349 0.685239 0.638829 0.431395 0.124282 -0.531349 0.684262 0.638878 0.430595 0.124282 -0.531349 0.687195 0.638903 0.429841 0.124282 -0.531349 0.688172 0.638903 0.429134 0.124282 -0.531349 0.689150 0.638903 0.428488 0.124282 -0.531349 0.694037 
0.638829 0.431395 0.124282 -0.531349 0.684262 0.638878 0.430595 0.124282 -0.531349 0.687195 0.638903 0.429841 0.124282 -0.531349 0.688172 0.638903 0.429134 0.124282 -0.531349 0.689150 0.638903 0.428488 0.124282 -0.531349 0.694037 0.638903 0.427811 0.099922 -0.516995 0.698925 
0.638878 0.430595 0.124282 -0.531349 0.687195 0.638903 0.429841 0.124282 -0.531349 0.688172 0.638903 0.429134 0.124282 -0.531349 0.689150 0.638903 0.428488 0.124282 -0.531349 0.694037 0.638903 0.427811 0.099922 -0.516995 0.698925 0.638903 0.427165 0.099922 -0.516995 0.699902 
0.638903 0.429841 0.124282 -0.531349 0.688172 0.638903 0.429134 0.124282 -0.531349 0.689150 0.638903 0.428488 0.124282 -0.531349 0.694037 0.638903 0.427811 0.099922 -0.516995 0.698925 0.638903 0.427165 0.099922 -0.516995 0.699902 0.638903 0.426519 0.099922 -0.516995 0.699902 
0.638903 0.429134 0.124282 -0.531349 0.689150 0.638903 0.428488 0.124282 -0.531349 0.694037 0.638903 0.427811 0.099922 -0.516995 0.698925 0.638903 0.427165 0.099922 -0.516995 0.699902 0.638903 0.426519 0.099922 -0.516995 0.699902 0.638903 0.425874 0.099922 -0.516995 0.700880 
0.638903 0.428488 0.124282 -0.531349 0.694037 0.638903 0.427811 0.099922 -0.516995 0.698925 0.638903 0.427165 0.099922 -0.516995 0.699902 0.638903 0.426519 0.099922 -0.516995 0.699902 0.638903 0.425874 0.099922 -0.516995 0.700880 0.638903 0.425212 0.099922 -0.516995 0.702835 
0.638903 0.427811 0.099922 -0.516995 0.698925 0.638903 0.427165 0.099922 -0.516995 0.699902 0.638903 0.426519 0.099922 -0.516995 0.699902 0.638903 0.425874 0.099922 -0.516995 0.700880 0.638903 0.425212 0.099922 -0.516995 0.702835 0.638903 0.424566 0.099922 -0.516995 0.700880 
0.638903 0.427165 0.099922 -0.516995 0.699902 0.638903 0.426519 0.099922 -0.516995 0.699902 0.638903 0.425874 0.099922 -0.516995 0.700880 0.638903 0.425212 0.099922 -0.516995 0.702835 0.638903 0.424566 0.099922 -0.516995 0.700880 0.638903 0.423890 0.099922 -0.516995 0.700880 
0.638903 0.426519 0.099922 -0.516995 0.699902 0.638903 0.425874 0.099922 -0.516995 0.700880 0.638903 0.425212 0.099922 -0.516995 0.702835 0.638903 0.424566 0.099922 -0.516995 0.700880 0.638903 0.423890 0.099922 -0.516995 0.700880 0.638903 0.423182 0.105375 -0.498321 0.702835 
0.638903 0.425874 0.099922 -0.516995 0.700880 0.638903 0.425212 0.099922 -0.516995 0.702835 0.638903 0.424566 0.099922 -0.516995 0.700880 0.638903 0.423890 0.099922 -0.516995 0.700880 0.638903 0.423182 0.105375 -0.498321 0.702835 0.638903 0.422475 0.105375 -0.498321 0.707722 
0.638903 0.425212 0.099922 -0.516995 0.702835 0.638903 0.424566 0.099922 -0.516995 0.700880 0.638903 0.423890 0.099922 -0.516995 0.700880 0.638903 0.423182 0.105375 -0.498321 0.702835 0.638903 0.422475 0.105375 -0.498321 0.707722 0.638903 0.421783 0.105375 -0.498321 0.708700 
0.638903 0.424566 0.099922 -0.516995 0.700880 0.638903 0.423890 0.099922 -0.516995 0.700880 0.638903 0.423182 0.105375 -0.498321 0.702835 0.638903 0.422475 0.105375 -0.498321 0.707722 0.638903 0.421783 0.105375 -0.498321 0.708700 0.638903 0.421075 0.105375 -0.498321 0.714565 
0.638903 0.423890 0.099922 -0.516995 0.700880 0.638903 0.423182 0.105375 -0.498321 0.702835 0.638903 0.422475 0.105375 -0.498321 0.707722 0.638903 0.421783 0.105375 -0.498321 0.708700 0.638903 0.421075 0.105375 -0.498321 0.714565 0.638903 0.420352 0.105375 -0.498321 0.715542 
0.638903 0.423182 0.105375 -0.498321 0.702835 0.638903 0.422475 0.105375 -0.498321 0.707722 0.638903 0.421783 0.105375 -0.498321 0.708700 0.638903 0.421075 0.105375 -0.498321 0.714565 0.638903 0.420352 0.105375 -0.498321 0.715542 0.638903 0.419645 0.105375 -0.498321 0.717498 
0.638903 0.422475 0.105375 -0.498321 0.707722 0.638903 0.421783 0.105375 -0.498321 0.708700 0.638903 0.421075 0.105375 -0.498321 0.714565 0.638903 0.420352 0.105375 -0.498321 0.715542 0.638903 0.419645 0.105375 -0.498321 0.717498 0.638903 0.418938 0.086497 -0.500910 0.721408 
0.638903 0.421783 0.105375 -0.498321 0.708700 0.638903 0.421075 0.105375 -0.498321 0.714565 0.638903 0.420352 0.105375 -0.498321 0.715542 0.638903 0.419645 0.105375 -0.498321 0.717498 0.638903 0.418938 0.086497 -0.500910 0.721408 0.638903 0.418276 0.086497 -0.500910 0.723363 
0.638903 0.421075 0.105375 -0.498321 0.714565 0.638903 0.420352 0.105375 -0.498321 0.715542 0.638903 0.419645 0.105375 -0.498321 0.717498 0.638903 0.418938 0.086497 -0.500910 0.721408 0.638903 0.418276 0.086497 -0.500910 0.723363 0.638903 0.417630 0.086497 -0.500910 0.722385 
0.638903 0.420352 0.105375 -0.498321 0.715542 0.638903 0.419645 0.105375 -0.498321 0.717498 0.638903 0.418938 0.086497 -0.500910 0.721408 0.638903 0.418276 0.086497 -0.500910 0.723363 0.638903 0.417630 0.086497 -0.500910 0.722385 0.638927 0.417031 0.086497 -0.500910 0.727273 
0.638903 0.419645 0.105375 -0.498321 0.717498 0.638903 0.418938 0.086497 -0.500910 0.721408 0.638903 0.418276 0.086497 -0.500910 0.723363 0.638903 0.417630 0.086497 -0.500910 0.722385 0.638927 0.417031 0.086497 -0.500910 0.727273 0.638952 0.416415 0.086497 -0.500910 0.726295 
0.638903 0.418938 0.086497 -0.500910 0.721408 0.638903 0.418276 0.086497 -0.500910 0.723363 0.638903 0.417630 0.086497 -0.500910 0.722385 0.638927 0.417031 0.086497 -0.500910 0.727273 0.638952 0.416415 0.086497 -0.500910 0.726295 0.638976 0.415800 0.086497 -0.500910 0.728250 
0.638903 0.418276 0.086497 -0.500910 0.723363 0.638903 0.417630 0.086497 -0.500910 0.722385 0.638927 0.417031 0.086497 -0.500910 0.727273 0.638952 0.416415 0.086497 -0.500910 0.726295 0.638976 0.415800 0.086497 -0.500910 0.728250 0.638976 0.415185 0.086497 -0.500910 0.726295 
0.638903 0.417630 0.086497 -0.500910 0.722385 0.638927 0.417031 0.086497 -0.500910 0.727273 0.638952 0.416415 0.086497 -0.500910 0.726295 0.638976 0.415800 0.086497 -0.500910 0.728250 0.638976 0.415185 0.086497 -0.500910 0.726295 0.638976 0.414585 0.086497 -0.500910 0.724340 
0.638927 0.417031 0.086497 -0.500910 0.727273 0.638952 0.416415 0.086497 -0.500910 0.726295 0.638976 0.415800 0.086497 -0.500910 0.728250 0.638976 0.415185 0.086497 -0.500910 0.726295 0.638976 0.414585 0.086497 -0.500910 0.724340 0.638976 0.413986 0.086497 -0.500910 0.726295 
0.638952 0.416415 0.086497 -0.500910 0.726295 0.638976 0.415800 0.086497 -0.500910 0.728250 0.638976 0.415185 0.086497 -0.500910 0.726295 0.638976 0.414585 0.086497 -0.500910 0.724340 0.638976 0.413986 0.086497 -0.500910 0.726295 0.639001 0.413370 0.086497 -0.500910 0.730205 
0.638976 0.415800 0.086497 -0.500910 0.728250 0.638976 0.415185 0.086497 -0.500910 0.726295 0.638976 0.414585 0.086497 -0.500910 0.724340 0.638976 0.413986 0.086497 -0.500910 0.726295 0.639001 0.413370 0.086497 -0.500910 0.730205 0.639001 0.412740 0.086497 -0.500910 0.736070 
0.638976 0.415185 0.086497 -0.500910 0.726295 0.638976 0.414585 0.086497 -0.500910 0.724340 0.638976 0.413986 0.086497 -0.500910 0.726295 0.639001 0.413370 0.086497 -0.500910 0.730205 0.639001 0.412740 0.086497 -0.500910 0.736070 0.639026 0.412109 0.067451 -0.502979 0.739003 
0.638976 0.414585 0.086497 -0.500910 0.724340 0.638976 0.413986 0.086497 -0.500910 0.726295 0.639001 0.413370 0.086497 -0.500910 0.730205 0.639001 0.412740 0.086497 -0.500910 0.736070 0.639026 0.412109 0.067451 -0.502979 0.739003 0.639026 0.411540 0.067451 -0.502979 0.739003 
0.638976 0.413986 0.086497 -0.500910 0.726295 0.639001 0.413370 0.086497 -0.500910 0.730205 0.639001 0.412740 0.086497 -0.500910 0.736070 0.639026 0.412109 0.067451 -0.502979 0.739003 0.639026 0.411540 0.067451 -0.502979 0.739003 0.639026 0.411017 0.067451 -0.502979 0.741935 
0.639001 0.413370 0.086497 -0.500910 0.730205 0.639001 0.412740 0.086497 -0.500910 0.736070 0.639026 0.412109 0.067451 -0.502979 0.739003 0.639026 0.411540 0.067451 -0.502979 0.739003 0.639026 0.411017 0.067451 -0.502979 0.741935 0.639026 0.410541 0.067451 -0.502979 0.743891 
0.639001 0.412740 0.086497 -0.500910 0.736070 0.639026 0.412109 0.067451 -0.502979 0.739003 0.639026 0.411540 0.067451 -0.502979 0.739003 0.639026 0.411017 0.067451 -0.502979 0.741935 0.639026 0.410541 0.067451 -0.502979 0.743891 0.639026 0.410079 0.067451 -0.502979 0.742913 
0.639026 0.412109 0.067451 -0.502979 0.739003 0.639026 0.411540 0.067451 -0.502979 0.739003 0.639026 0.411017 0.067451 -0.502979 0.741935 0.639026 0.410541 0.067451 -0.502979 0.743891 0.639026 0.410079 0.067451 -0.502979 0.742913 0.639026 0.409587 0.067451 -0.502979 0.745846 
0.639026 0.411540 0.067451 -0.502979 0.739003 0.639026 0.411017 0.067451 -0.502979 0.741935 0.639026 0.410541 0.067451 -0.502979 0.743891 0.639026 0.410079 0.067451 -0.502979 0.742913 0.639026 0.409587 0.067451 -0.502979 0.745846 0.639026 0.409049 0.067451 -0.502979 0.748778 
0.639026 0.411017 0.067451 -0.502979 0.741935 0.639026 0.410541 0.067451 -0.502979 0.743891 0.639026 0.410079 0.067451 -0.502979 0.742913 0.639026 0.409587 0.067451 -0.502979 0.745846 0.639026 0.409049 0.067451 -0.502979 0.748778 0.639026 0.408511 0.064709 -0.485597 0.744868 
0.639026 0.410541 0.067451 -0.502979 0.743891 0.639026 0.410079 0.067451 -0.502979 0.742913 0.639026 0.409587 0.067451 -0.502979 0.745846 0.639026 0.409049 0.067451 -0.502979 0.748778 0.639026 0.408511 0.064709 -0.485597 0.744868 0.639026 0.407988 0.064709 -0.485597 0.744868 
0.639026 0.410079 0.067451 -0.502979 0.742913 0.639026 0.409587 0.067451 -0.502979 0.745846 0.639026 0.409049 0.067451 -0.502979 0.748778 0.639026 0.408511 0.064709 -0.485597 0.744868 0.639026 0.407988 0.064709 -0.485597 0.744868 0.639001 0.407450 0.064709 -0.485597 0.744868 
0.639026 0.409587 0.067451 -0.502979 0.745846 0.639026 0.409049 0.067451 -0.502979 0.748778 0.639026 0.408511 0.064709 -0.485597 0.744868 0.639026 0.407988 0.064709 -0.485597 0.744868 0.639001 0.407450 0.064709 -0.485597 0.744868 0.638829 0.406927 0.064709 -0.485597 0.747801 
0.639026 0.409049 0.067451 -0.502979 0.748778 0.639026 0.408511 0.064709 -0.485597 0.744868 0.639026 0.407988 0.064709 -0.485597 0.744868 0.639001 0.407450 0.064709 -0.485597 0.744868 0.638829 0.406927 0.064709 -0.485597 0.747801 0.638632 0.406373 0.064709 -0.485597 0.752688 
0.639026 0.408511 0.064709 -0.485597 0.744868 0.639026 0.407988 0.064709 -0.485597 0.744868 0.639001 0.407450 0.064709 -0.485597 0.744868 0.638829 0.406927 0.064709 -0.485597 0.747801 0.638632 0.406373 0.064709 -0.485597 0.752688 0.638460 0.405835 0.055522 -0.486419 0.755621 
0.639026 0.407988 0.064709 -0.485597 0.744868 0.639001 0.407450 0.064709 -0.485597 0.744868 0.638829 0.406927 0.064709 -0.485597 0.747801 0.638632 0.406373 0.064709 -0.485597 0.752688 0.638460 0.405835 0.055522 -0.486419 0.755621 0.638287 0.405343 0.055522 -0.486419 0.755621 
0.639001 0.407450 0.064709 -0.485597 0.744868 0.638829 0.406927 0.064709 -0.485597 0.747801 0.638632 0.406373 0.064709 -0.485597 0.752688 0.638460 0.405835 0.055522 -0.486419 0.755621 0.638287 0.405343 0.055522 -0.486419 0.755621 0.638091 0.404897 0.055522 -0.486419 0.754643 
0.638829 0.406927 0.064709 -0.485597 0.747801 0.638632 0.406373 0.064709 -0.485597 0.752688 0.638460 0.405835 0.055522 -0.486419 0.755621 0.638287 0.405343 0.055522 -0.486419 0.755621 0.638091 0.404897 0.055522 -0.486419 0.754643 0.637918 0.404481 0.055522 -0.486419 0.753666 
0.638632 0.406373 0.064709 -0.485597 0.752688 0.638460 0.405835 0.055522 -0.486419 0.755621 0.638287 0.405343 0.055522 -0.486419 0.755621 0.638091 0.404897 0.055522 -0.486419 0.754643 0.637918 0.404481 0.055522 -0.486419 0.753666 0.637697 0.404082 0.055522 -0.486419 0.757576 
0.638460 0.405835 0.055522 -0.486419 0.755621 0.638287 0.405343 0.055522 -0.486419 0.755621 0.638091 0.404897 0.055522 -0.486419 0.754643 0.637918 0.404481 0.055522 -0.486419 0.753666 0.637697 0.404082 0.055522 -0.486419 0.757576 0.637500 0.403666 0.055522 -0.486419 0.757576 
0.638287 0.405343 0.055522 -0.486419 0.755621 0.638091 0.404897 0.055522 -0.486419 0.754643 0.637918 0.404481 0.055522 -0.486419 0.753666 0.637697 0.404082 0.055522 -0.486419 0.757576 0.637500 0.403666 0.055522 -0.486419 0.757576 0.637328 0.403282 0.038647 -0.505112 0.760508 
0.638091 0.404897 0.055522 -0.486419 0.754643 0.637918 0.404481 0.055522 -0.486419 0.753666 0.637697 0.404082 0.055522 -0.486419 0.757576 0.637500 0.403666 0.055522 -0.486419 0.757576 0.637328 0.403282 0.038647 -0.505112 0.760508 0.637180 0.402928 0.037073 -0.487682 0.760508 
0.637918 0.404481 0.055522 -0.486419 0.753666 0.637697 0.404082 0.055522 -0.486419 0.757576 0.637500 0.403666 0.055522 -0.486419 0.757576 0.637328 0.403282 0.038647 -0.505112 0.760508 0.637180 0.402928 0.037073 -0.487682 0.760508 0.637008 0.402636 0.037073 -0.487682 0.760508 
0.637697 0.404082 0.055522 -0.486419 0.757576 0.637500 0.403666 0.055522 -0.486419 0.757576 0.637328 0.403282 0.038647 -0.505112 0.760508 0.637180 0.402928 0.037073 -0.487682 0.760508 0.637008 0.402636 0.037073 -0.487682 0.760508 0.636836 0.402344 0.037073 -0.487682 0.762463 
0.637500 0.403666 0.055522 -0.486419 0.757576 0.637328 0.403282 0.038647 -0.505112 0.760508 0.637180 0.402928 0.037073 -0.487682 0.760508 0.637008 0.402636 0.037073 -0.487682 0.760508 0.636836 0.402344 0.037073 -0.487682 0.762463 0.636688 0.402021 0.037073 -0.487682 0.761486 
0.637328 0.403282 0.038647 -0.505112 0.760508 0.637180 0.402928 0.037073 -0.487682 0.760508 0.637008 0.402636 0.037073 -0.487682 0.760508 0.636836 0.402344 0.037073 -0.487682 0.762463 0.636688 0.402021 0.037073 -0.487682 0.761486 0.636516 0.401698 0.037073 -0.487682 0.756598 
0.637180 0.402928 0.037073 -0.487682 0.760508 0.637008 0.402636 0.037073 -0.487682 0.760508 0.636836 0.402344 0.037073 -0.487682 0.762463 0.636688 0.402021 0.037073 -0.487682 0.761486 0.636516 0.401698 0.037073 -0.487682 0.756598 0.636368 0.401390 0.037073 -0.487682 0.757576 
0.637008 0.402636 0.037073 -0.487682 0.760508 0.636836 0.402344 0.037073 -0.487682 0.762463 0.636688 0.402021 0.037073 -0.487682 0.761486 0.636516 0.401698 0.037073 -0.487682 0.756598 0.636368 0.401390 0.037073 -0.487682 0.757576 0.636220 0.401113 0.037073 -0.487682 0.756598 
0.636836 0.402344 0.037073 -0.487682 0.762463 0.636688 0.402021 0.037073 -0.487682 0.761486 0.636516 0.401698 0.037073 -0.487682 0.756598 0.636368 0.401390 0.037073 -0.487682 0.757576 0.636220 0.401113 0.037073 -0.487682 0.756598 0.636097 0.400837 0.037073 -0.487682 0.760508 
0.636688 0.402021 0.037073 -0.487682 0.761486 0.636516 0.401698 0.037073 -0.487682 0.756598 0.636368 0.401390 0.037073 -0.487682 0.757576 0.636220 0.401113 0.037073 -0.487682 0.756598 0.636097 0.400837 0.037073 -0.487682 0.760508 0.635974 0.400529 0.018554 -0.488440 0.760508 
0.636516 0.401698 0.037073 -0.487682 0.756598 0.636368 0.401390 0.037073 -0.487682 0.757576 0.636220 0.401113 0.037073 -0.487682 0.756598 0.636097 0.400837 0.037073 -0.487682 0.760508 0.635974 0.400529 0.018554 -0.488440 0.760508 0.635851 0.400221 0.018554 -0.488440 0.764418 
0.636368 0.401390 0.037073 -0.487682 0.757576 0.636220 0.401113 0.037073 -0.487682 0.756598 0.636097 0.400837 0.037073 -0.487682 0.760508 0.635974 0.400529 0.018554 -0.488440 0.760508 0.635851 0.400221 0.018554 -0.488440 0.764418 0.635728 0.399960 0.018554 -0.488440 0.764418 
0.636220 0.401113 0.037073 -0.487682 0.756598 0.636097 0.400837 0.037073 -0.487682 0.760508 0.635974 0.400529 0.018554 -0.488440 0.760508 0.635851 0.400221 0.018554 -0.488440 0.764418 0.635728 0.399960 0.018554 -0.488440 0.764418 0.635630 0.399745 0.018554 -0.488440 0.764418 
0.636097 0.400837 0.037073 -0.487682 0.760508 0.635974 0.400529 0.018554 -0.488440 0.760508 0.635851 0.400221 0.018554 -0.488440 0.764418 0.635728 0.399960 0.018554 -0.488440 0.764418 0.635630 0.399745 0.018554 -0.488440 0.764418 0.635556 0.399576 0.018554 -0.488440 0.763441 
0.635974 0.400529 0.018554 -0.488440 0.760508 0.635851 0.400221 0.018554 -0.488440 0.764418 0.635728 0.399960 0.018554 -0.488440 0.764418 0.635630 0.399745 0.018554 -0.488440 0.764418 0.635556 0.399576 0.018554 -0.488440 0.763441 0.635458 0.399437 0.018554 -0.488440 0.765396 
0.635851 0.400221 0.018554 -0.488440 0.764418 0.635728 0.399960 0.018554 -0.488440 0.764418 0.635630 0.399745 0.018554 -0.488440 0.764418 0.635556 0.399576 0.018554 -0.488440 0.763441 0.635458 0.399437 0.018554 -0.488440 0.765396 0.635384 0.399314 0.018554 -0.488440 0.766373 
0.635728 0.399960 0.018554 -0.488440 0.764418 0.635630 0.399745 0.018554 -0.488440 0.764418 0.635556 0.399576 0.018554 -0.488440 0.763441 0.635458 0.399437 0.018554 -0.488440 0.765396 0.635384 0.399314 0.018554 -0.488440 0.766373 0.635310 0.399222 0.018554 -0.488440 0.767351 
0.620005 0.496817 0.212999 -0.491495 0.737048 0.621309 0.496663 0.212999 -0.491495 0.743891 0.622564 0.496524 0.212999 -0.491495 0.739003 0.623794 0.496355 0.212999 -0.491495 0.726295 0.625049 0.496171 0.213291 -0.471809 0.736070 0.626329 0.496001 0.213291 -0.471809 0.733138 
0.621309 0.496663 0.212999 -0.491495 0.743891 0.622564 0.496524 0.212999 -0.491495 0.739003 0.623794 0.496355 0.212999 -0.491495 0.726295 0.625049 0.496171 0.213291 -0.471809 0.736070 0.626329 0.496001 0.213291 -0.471809 0.733138 0.627559 0.495817 0.213291 -0.471809 0.727273 
0.622564 0.496524 0.212999 -0.491495 0.739003 0.623794 0.496355 0.212999 -0.491495 0.726295 0.625049 0.496171 0.213291 -0.471809 0.736070 0.626329 0.496001 0.213291 -0.471809 0.733138 0.627559 0.495817 0.213291 -0.471809 0.727273 0.628789 0.495648 0.213291 -0.471809 0.737048 
0.623794 0.496355 0.212999 -0.491495 0.726295 0.625049 0.496171 0.213291 -0.471809 0.736070 0.626329 0.496001 0.213291 -0.471809 0.733138 0.627559 0.495817 0.213291 -0.471809 0.727273 0.628789 0.495648 0.213291 -0.471809 0.737048 0.630020 0.495494 0.213291 -0.471809 0.735093 
0.625049 0.496171 0.213291 -0.471809 0.736070 0.626329 0.496001 0.213291 -0.471809 0.733138 0.627559 0.495817 0.213291 -0.471809 0.727273 0.628789 0.495648 0.213291 -0.471809 0.737048 0.630020 0.495494 0.213291 -0.471809 0.735093 0.631201 0.495340 0.213291 -0.471809 0.731183 
0.626329 0.496001 0.213291 -0.471809 0.733138 0.627559 0.495817 0.213291 -0.471809 0.727273 0.628789 0.495648 0.213291 -0.471809 0.737048 0.630020 0.495494 0.213291 -0.471809 0.735093 0.631201 0.495340 0.213291 -0.471809 0.731183 0.632333 0.495202 0.213291 -0.471809 0.721408 
0.627559 0.495817 0.213291 -0.471809 0.727273 0.628789 0.495648 0.213291 -0.471809 0.737048 0.630020 0.495494 0.213291 -0.471809 0.735093 0.631201 0.495340 0.213291 -0.471809 0.731183 0.632333 0.495202 0.213291 -0.471809 0.721408 0.633415 0.495079 0.213291 -0.471809 0.739003 
0.628789 0.495648 0.213291 -0.471809 0.737048 0.630020 0.495494 0.213291 -0.471809 0.735093 0.631201 0.495340 0.213291 -0.471809 0.731183 0.632333 0.495202 0.213291 -0.471809 0.721408 0.633415 0.495079 0.213291 -0.471809 0.739003 0.634424 0.494971 0.213291 -0.471809 0.738025 
0.630020 0.495494 0.213291 -0.471809 0.735093 0.631201 0.495340 0.213291 -0.471809 0.731183 0.632333 0.495202 0.213291 -0.471809 0.721408 0.633415 0.495079 0.213291 -0.471809 0.739003 0.634424 0.494971 0.213291 -0.471809 0.738025 0.635384 0.494879 0.213291 -0.471809 0.728250 
0.631201 0.495340 0.213291 -0.471809 0.731183 0.632333 0.495202 0.213291 -0.471809 0.721408 0.633415 0.495079 0.213291 -0.471809 0.739003 0.634424 0.494971 0.213291 -0.471809 0.738025 0.635384 0.494879 0.213291 -0.471809 0.728250 0.636220 0.494787 0.213291 -0.471809 0.732160 
0.632333 0.495202 0.213291 -0.471809 0.721408 0.633415 0.495079 0.213291 -0.471809 0.739003 0.634424 0.494971 0.213291 -0.471809 0.738025 0.635384 0.494879 0.213291 -0.471809 0.728250 0.636220 0.494787 0.213291 -0.471809 0.732160 0.637008 0.494694 0.213291 -0.471809 0.732160 
0.633415 0.495079 0.213291 -0.471809 0.739003 0.634424 0.494971 0.213291 -0.471809 0.738025 0.635384 0.494879 0.213291 -0.471809 0.728250 0.636220 0.494787 0.213291 -0.471809 0.732160 0.637008 0.494694 0.213291 -0.471809 0.732160 0.637721 0.494602 0.213291 -0.471809 0.739003 
0.634424 0.494971 0.213291 -0.471809 0.738025 0.635384 0.494879 0.213291 -0.471809 0.728250 0.636220 0.494787 0.213291 -0.471809 0.732160 0.637008 0.494694 0.213291 -0.471809 0.732160 0.637721 0.494602 0.213291 -0.471809 0.739003 0.638361 0.494510 0.213291 -0.471809 0.730205 
0.635384 0.494879 0.213291 -0.471809 0.728250 0.636220 0.494787 0.213291 -0.471809 0.732160 0.637008 0.494694 0.213291 -0.471809 0.732160 0.637721 0.494602 0.213291 -0.471809 0.739003 0.638361 0.494510 0.213291 -0.471809 0.730205 0.638903 0.494433 0.213291 -0.471809 0.732160 
0.636220 0.494787 0.213291 -0.471809 0.732160 0.637008 0.494694 0.213291 -0.471809 0.732160 0.637721 0.494602 0.213291 -0.471809 0.739003 0.638361 0.494510 0.213291 -0.471809 0.730205 0.638903 0.494433 0.213291 -0.471809 0.732160 0.639370 0.494371 0.213291 -0.471809 0.733138 
0.637008 0.494694 0.213291 -0.471809 0.732160 0.637721 0.494602 0.213291 -0.471809 0.739003 0.638361 0.494510 0.213291 -0.471809 0.730205 0.638903 0.494433 0.213291 -0.471809 0.732160 0.639370 0.494371 0.213291 -0.471809 0.733138 0.639739 0.494325 0.213291 -0.471809 0.736070 
0.637721 0.494602 0.213291 -0.471809 0.739003 0.638361 0.494510 0.213291 -0.471809 0.730205 0.638903 0.494433 0.213291 -0.471809 0.732160 0.639370 0.494371 0.213291 -0.471809 0.733138 0.639739 0.494325 0.213291 -0.471809 0.736070 0.640034 0.494294 0.212999 -0.491495 0.735093 
0.638361 0.494510 0.213291 -0.471809 0.730205 0.638903 0.494433 0.213291 -0.471809 0.732160 0.639370 0.494371 0.213291 -0.471809 0.733138 0.639739 0.494325 0.213291 -0.471809 0.736070 0.640034 0.494294 0.212999 -0.491495 0.735093 0.640280 0.494264 0.212999 -0.491495 0.734115 
0.638903 0.494433 0.213291 -0.471809 0.732160 0.639370 0.494371 0.213291 -0.471809 0.733138 0.639739 0.494325 0.213291 -0.471809 0.736070 0.640034 0.494294 0.212999 -0.491495 0.735093 0.640280 0.494264 0.212999 -0.491495 0.734115 0.640453 0.494248 0.212999 -0.491495 0.734115 
0.639370 0.494371 0.213291 -0.471809 0.733138 0.639739 0.494325 0.213291 -0.471809 0.736070 0.640034 0.494294 0.212999 -0.491495 0.735093 0.640280 0.494264 0.212999 -0.491495 0.734115 0.640453 0.494248 0.212999 -0.491495 0.734115 0.640576 0.494248 0.212999 -0.491495 0.737048 
0.639739 0.494325 0.213291 -0.471809 0.736070 0.640034 0.494294 0.212999 -0.491495 0.735093 0.640280 0.494264 0.212999 -0.491495 0.734115 0.640453 0.494248 0.212999 -0.491495 0.734115 0.640576 0.494248 0.212999 -0.491495 0.737048 0.640674 0.494233 0.212999 -0.491495 0.738025 
0.640034 0.494294 0.212999 -0.491495 0.735093 0.640280 0.494264 0.212999 -0.491495 0.734115 0.640453 0.494248 0.212999 -0.491495 0.734115 0.640576 0.494248 0.212999 -0.491495 0.737048 0.640674 0.494233 0.212999 -0.491495 0.738025 0.640748 0.494233 0.212999 -0.491495 0.737048 
0.640280 0.494264 0.212999 -0.491495 0.734115 0.640453 0.494248 0.212999 -0.491495 0.734115 0.640576 0.494248 0.212999 -0.491495 0.737048 0.640674 0.494233 0.212999 -0.491495 0.738025 0.640748 0.494233 0.212999 -0.491495 0.737048 0.640773 0.494233 0.212999 -0.491495 0.738025 
0.640453 0.494248 0.212999 -0.491495 0.734115 0.640576 0.494248 0.212999 -0.491495 0.737048 0.640674 0.494233 0.212999 -0.491495 0.738025 0.640748 0.494233 0.212999 -0.491495 0.737048 0.640773 0.494233 0.212999 -0.491495 0.738025 0.640822 0.494218 0.212999 -0.491495 0.738025 
0.640576 0.494248 0.212999 -0.491495 0.737048 0.640674 0.494233 0.212999 -0.491495 0.738025 0.640748 0.494233 0.212999 -0.491495 0.737048 0.640773 0.494233 0.212999 -0.491495 0.738025 0.640822 0.494218 0.212999 -0.491495 0.738025 0.640846 0.494218 0.212999 -0.491495 0.739003 
0.640674 0.494233 0.212999 -0.491495 0.738025 0.640748 0.494233 0.212999 -0.491495 0.737048 0.640773 0.494233 0.212999 -0.491495 0.738025 0.640822 0.494218 0.212999 -0.491495 0.738025 0.640846 0.494218 0.212999 -0.491495 0.739003 0.640920 0.494218 0.212999 -0.491495 0.739003 
0.640748 0.494233 0.212999 -0.491495 0.737048 0.640773 0.494233 0.212999 -0.491495 0.738025 0.640822 0.494218 0.212999 -0.491495 0.738025 0.640846 0.494218 0.212999 -0.491495 0.739003 0.640920 0.494218 0.212999 -0.491495 0.739003 0.640945 0.494218 0.212999 -0.491495 0.738025 
0.640773 0.494233 0.212999 -0.491495 0.738025 0.640822 0.494218 0.212999 -0.491495 0.738025 0.640846 0.494218 0.212999 -0.491495 0.739003 0.640920 0.494218 0.212999 -0.491495 0.739003 0.640945 0.494218 0.212999 -0.491495 0.738025 0.640945 0.494202 0.212999 -0.491495 0.737048 
0.640822 0.494218 0.212999 -0.491495 0.738025 0.640846 0.494218 0.212999 -0.491495 0.739003 0.640920 0.494218 0.212999 -0.491495 0.739003 0.640945 0.494218 0.212999 -0.491495 0.738025 0.640945 0.494202 0.212999 -0.491495 0.737048 0.640994 0.494202 0.212999 -0.491495 0.736070 
0.640846 0.494218 0.212999 -0.491495 0.739003 0.640920 0.494218 0.212999 -0.491495 0.739003 0.640945 0.494218 0.212999 -0.491495 0.738025 0.640945 0.494202 0.212999 -0.491495 0.737048 0.640994 0.494202 0.212999 -0.491495 0.736070 0.641043 0.494187 0.212999 -0.491495 0.734115 
0.640920 0.494218 0.212999 -0.491495 0.739003 0.640945 0.494218 0.212999 -0.491495 0.738025 0.640945 0.494202 0.212999 -0.491495 0.737048 0.640994 0.494202 0.212999 -0.491495 0.736070 0.641043 0.494187 0.212999 -0.491495 0.734115 0.641191 0.494156 0.212999 -0.491495 0.731183 
0.640945 0.494218 0.212999 -0.491495 0.738025 0.640945 0.494202 0.212999 -0.491495 0.737048 0.640994 0.494202 0.212999 -0.491495 0.736070 0.641043 0.494187 0.212999 -0.491495 0.734115 0.641191 0.494156 0.212999 -0.491495 0.731183 0.641339 0.494110 0.212999 -0.491495 0.727273 
0.640945 0.494202 0.212999 -0.491495 0.737048 0.640994 0.494202 0.212999 -0.491495 0.736070 0.641043 0.494187 0.212999 -0.491495 0.734115 0.641191 0.494156 0.212999 -0.491495 0.731183 0.641339 0.494110 0.212999 -0.491495 0.727273 0.641560 0.494048 0.212999 -0.491495 0.721408 
0.640994 0.494202 0.212999 -0.491495 0.736070 0.641043 0.494187 0.212999 -0.491495 0.734115 0.641191 0.494156 0.212999 -0.491495 0.731183 0.641339 0.494110 0.212999 -0.491495 0.727273 0.641560 0.494048 0.212999 -0.491495 0.721408 0.641831 0.493987 0.212999 -0.491495 0.713587 
0.641043 0.494187 0.212999 -0.491495 0.734115 0.641191 0.494156 0.212999 -0.491495 0.731183 0.641339 0.494110 0.212999 -0.491495 0.727273 0.641560 0.494048 0.212999 -0.491495 0.721408 0.641831 0.493987 0.212999 -0.491495 0.713587 0.642175 0.493910 0.212999 -0.491495 0.702835 
0.641191 0.494156 0.212999 -0.491495 0.731183 0.641339 0.494110 0.212999 -0.491495 0.727273 0.641560 0.494048 0.212999 -0.491495 0.721408 0.641831 0.493987 0.212999 -0.491495 0.713587 0.642175 0.493910 0.212999 -0.491495 0.702835 0.642569 0.493818 0.212999 -0.491495 0.691105 
0.641339 0.494110 0.212999 -0.491495 0.727273 0.641560 0.494048 0.212999 -0.491495 0.721408 0.641831 0.493987 0.212999 -0.491495 0.713587 0.642175 0.493910 0.212999 -0.491495 0.702835 0.642569 0.493818 0.212999 -0.491495 0.691105 0.642987 0.493725 0.212999 -0.491495 0.688172 
0.641560 0.494048 0.212999 -0.491495 0.721408 0.641831 0.493987 0.212999 -0.491495 0.713587 0.642175 0.493910 0.212999 -0.491495 0.702835 0.642569 0.493818 0.212999 -0.491495 0.691105 0.642987 0.493725 0.212999 -0.491495 0.688172 0.643430 0.493618 0.212999 -0.491495 0.682307 
0.641831 0.493987 0.212999 -0.491495 0.713587 0.642175 0.493910 0.212999 -0.491495 0.702835 0.642569 0.493818 0.212999 -0.491495 0.691105 0.642987 0.493725 0.212999 -0.491495 0.688172 0.643430 0.493618 0.212999 -0.491495 0.682307 0.643848 0.493541 0.212999 -0.491495 0.666667 
0.642175 0.493910 0.212999 -0.491495 0.702835 0.642569 0.493818 0.212999 -0.491495 0.691105 0.642987 0.493725 0.212999 -0.491495 0.688172 0.643430 0.493618 0.212999 -0.491495 0.682307 0.643848 0.493541 0.212999 -0.491495 0.666667 0.644267 0.493464 0.212091 -0.511213 0.662757 
0.642569 0.493818 0.212999 -0.491495 0.691105 0.642987 0.493725 0.212999 -0.491495 0.688172 0.643430 0.493618 0.212999 -0.491495 0.682307 0.643848 0.493541 0.212999 -0.491495 0.666667 0.644267 0.493464 0.212091 -0.511213 0.662757 0.644660 0.493387 0.212091 -0.511213 0.648094 
0.642987 0.493725 0.212999 -0.491495 0.688172 0.643430 0.493618 0.212999 -0.491495 0.682307 0.643848 0.493541 0.212999 -0.491495 0.666667 0.644267 0.493464 0.212091 -0.511213 0.662757 0.644660 0.493387 0.212091 -0.511213 0.648094 0.645054 0.493310 0.230599 -0.505216 0.617791 
0.643430 0.493618 0.212999 -0.491495 0.682307 0.643848 0.493541 0.212999 -0.491495 0.666667 0.644267 0.493464 0.212091 -0.511213 0.662757 0.644660 0.493387 0.212091 -0.511213 0.648094 0.645054 0.493310 0.230599 -0.505216 0.617791 0.645399 0.493233 0.230599 -0.505216 0.610948 
0.643848 0.493541 0.212999 -0.491495 0.666667 0.644267 0.493464 0.212091 -0.511213 0.662757 0.644660 0.493387 0.212091 -0.511213 0.648094 0.645054 0.493310 0.230599 -0.505216 0.617791 0.645399 0.493233 0.230599 -0.505216 0.610948 0.645768 0.493141 0.230599 -0.505216 0.589443 
0.644267 0.493464 0.212091 -0.511213 0.662757 0.644660 0.493387 0.212091 -0.511213 0.648094 0.645054 0.493310 0.230599 -0.505216 0.617791 0.645399 0.493233 0.230599 -0.505216 0.610948 0.645768 0.493141 0.230599 -0.505216 0.589443 0.646137 0.493033 0.230599 -0.505216 0.547410 
0.644660 0.493387 0.212091 -0.511213 0.648094 0.645054 0.493310 0.230599 -0.505216 0.617791 0.645399 0.493233 0.230599 -0.505216 0.610948 0.645768 0.493141 0.230599 -0.505216 0.589443 0.646137 0.493033 0.230599 -0.505216 0.547410 0.646481 0.492895 0.230599 -0.505216 0.497556 
0.645054 0.493310 0.230599 -0.505216 0.617791 0.645399 0.493233 0.230599 -0.505216 0.610948 0.645768 0.493141 0.230599 -0.505216 0.589443 0.646137 0.493033 0.230599 -0.505216 0.547410 0.646481 0.492895 0.230599 -0.505216 0.497556 0.646850 0.492710 0.230599 -0.505216 0.429130 
0.645399 0.493233 0.230599 -0.505216 0.610948 0.645768 0.493141 0.230599 -0.505216 0.589443 0.646137 0.493033 0.230599 -0.505216 0.547410 0.646481 0.492895 0.230599 -0.505216 0.497556 0.646850 0.492710 0.230599 -0.505216 0.429130 0.647219 0.492510 0.229940 -0.525111 0.355816 
0.645768 0.493141 0.230599 -0.505216 0.589443 0.646137 0.493033 0.230599 -0.505216 0.547410 0.646481 0.492895 0.230599 -0.505216 0.497556 0.646850 0.492710 0.230599 -0.505216 0.429130 0.647219 0.492510 0.229940 -0.525111 0.355816 0.647564 0.492295 0.229940 -0.525111 0.282502 
0.646137 0.493033 0.230599 -0.505216 0.547410 0.646481 0.492895 0.230599 -0.505216 0.497556 0.646850 0.492710 0.230599 -0.505216 0.429130 0.647219 0.492510 0.229940 -0.525111 0.355816 0.647564 0.492295 0.229940 -0.525111 0.282502 0.647908 0.492049 0.210550 -0.530944 0.203324 
0.646481 0.492895 0.230599 -0.505216 0.497556 0.646850 0.492710 0.230599 -0.505216 0.429130 0.647219 0.492510 0.229940 -0.525111 0.355816 0.647564 0.492295 0.229940 -0.525111 0.282502 0.647908 0.492049 0.210550 -0.530944 0.203324 0.648204 0.491818 0.210550 -0.530944 0.136852 
0.646850 0.492710 0.230599 -0.505216 0.429130 0.647219 0.492510 0.229940 -0.525111 0.355816 0.647564 0.492295 0.229940 -0.525111 0.282502 0.647908 0.492049 0.210550 -0.530944 0.203324 0.648204 0.491818 0.210550 -0.530944 0.136852 0.648450 0.491634 0.210550 -0.530944 0.064516 
0.647219 0.492510 0.229940 -0.525111 0.355816 0.647564 0.492295 0.229940 -0.525111 0.282502 0.647908 0.492049 0.210550 -0.530944 0.203324 0.648204 0.491818 0.210550 -0.530944 0.136852 0.648450 0.491634 0.210550 -0.530944 0.064516 0.648794 0.491480 0.208358 -0.550670 0.000000 
0.647564 0.492295 0.229940 -0.525111 0.282502 0.647908 0.492049 0.210550 -0.530944 0.203324 0.648204 0.491818 0.210550 -0.530944 0.136852 0.648450 0.491634 0.210550 -0.530944 0.064516 0.648794 0.491480 0.208358 -0.550670 0.000000 0.648868 0.491480 0.208358 -0.550670 0.000000 
0.647908 0.492049 0.210550 -0.530944 0.203324 0.648204 0.491818 0.210550 -0.530944 0.136852 0.648450 0.491634 0.210550 -0.530944 0.064516 0.648794 0.491480 0.208358 -0.550670 0.000000 0.648868 0.491480 0.208358 -0.550670 0.000000 0.648868 0.491772 0.208358 -0.550670 0.000000 
0.648204 0.491818 0.210550 -0.530944 0.136852 0.648450 0.491634 0.210550 -0.530944 0.064516 0.648794 0.491480 0.208358 -0.550670 0.000000 0.648868 0.491480 0.208358 -0.550670 0.000000 0.648868 0.491772 0.208358 -0.550670 0.000000 0.648868 0.492249 0.205492 -0.570374 0.000000 
0.648450 0.491634 0.210550 -0.530944 0.064516 0.648794 0.491480 0.208358 -0.550670 0.000000 0.648868 0.491480 0.208358 -0.550670 0.000000 0.648868 0.491772 0.208358 -0.550670 0.000000 0.648868 0.492249 0.205492 -0.570374 0.000000 0.648868 0.492833 0.205492 -0.570374 0.000000 
0.648794 0.491480 0.208358 -0.550670 0.000000 0.648868 0.491480 0.208358 -0.550670 0.000000 0.648868 0.491772 0.208358 -0.550670 0.000000 0.648868 0.492249 0.205492 -0.570374 0.000000 0.648868 0.492833 0.205492 -0.570374 0.000000 0.648745 0.493541 0.201931 -0.590039 0.000000 
0.648868 0.491480 0.208358 -0.550670 0.000000 0.648868 0.491772 0.208358 -0.550670 0.000000 0.648868 0.492249 0.205492 -0.570374 0.000000 0.648868 0.492833 0.205492 -0.570374 0.000000 0.648745 0.493541 0.201931 -0.590039 0.000000 0.648327 0.494341 0.209309 -0.607225 0.000000 
0.648868 0.491772 0.208358 -0.550670 0.000000 0.648868 0.492249 0.205492 -0.570374 0.000000 0.648868 0.492833 0.205492 -0.570374 0.000000 0.648745 0.493541 0.201931 -0.590039 0.000000 0.648327 0.494341 0.209309 -0.607225 0.000000 0.647761 0.495202 0.209309 -0.607225 0.000000 
0.648868 0.492249 0.205492 -0.570374 0.000000 0.648868 0.492833 0.205492 -0.570374 0.000000 0.648745 0.493541 0.201931 -0.590039 0.000000 0.648327 0.494341 0.209309 -0.607225 0.000000 0.647761 0.495202 0.209309 -0.607225 0.000000 0.646998 0.496109 0.197648 -0.609650 0.000000 
0.648868 0.492833 0.205492 -0.570374 0.000000 0.648745 0.493541 0.201931 -0.590039 0.000000 0.648327 0.494341 0.209309 -0.607225 0.000000 0.647761 0.495202 0.209309 -0.607225 0.000000 0.646998 0.496109 0.197648 -0.609650 0.000000 0.645989 0.497047 0.190659 -0.592431 0.000000 
0.648745 0.493541 0.201931 -0.590039 0.000000 0.648327 0.494341 0.209309 -0.607225 0.000000 0.647761 0.495202 0.209309 -0.607225 0.000000 0.646998 0.496109 0.197648 -0.609650 0.000000 0.645989 0.497047 0.190659 -0.592431 0.000000 0.644783 0.498001 0.194709 -0.572877 0.000000 
0.625295 0.502307 0.090597 -0.129020 0.000000 0.626722 0.501476 0.105721 -0.139901 0.000000 0.628150 0.500692 0.109040 -0.180220 0.000000 0.629528 0.499938 0.099460 -0.185518 0.000000 0.630856 0.499231 0.101065 -0.223952 0.000000 0.632087 0.498539 0.104316 -0.241822 0.000000 
0.626722 0.501476 0.105721 -0.139901 0.000000 0.628150 0.500692 0.109040 -0.180220 0.000000 0.629528 0.499938 0.099460 -0.185518 0.000000 0.630856 0.499231 0.101065 -0.223952 0.000000 0.632087 0.498539 0.104316 -0.241822 0.000000 0.633219 0.497893 0.120596 -0.254255 0.000000 
0.628150 0.500692 0.109040 -0.180220 0.000000 0.629528 0.499938 0.099460 -0.185518 0.000000 0.630856 0.499231 0.101065 -0.223952 0.000000 0.632087 0.498539 0.104316 -0.241822 0.000000 0.633219 0.497893 0.120596 -0.254255 0.000000 0.634252 0.497293 0.121121 -0.292613 0.000000 
0.629528 0.499938 0.099460 -0.185518 0.000000 0.630856 0.499231 0.101065 -0.223952 0.000000 0.632087 0.498539 0.104316 -0.241822 0.000000 0.633219 0.497893 0.120596 -0.254255 0.000000 0.634252 0.497293 0.121121 -0.292613 0.000000 0.635162 0.496740 0.122775 -0.311025 0.000000 
0.630856 0.499231 0.101065 -0.223952 0.000000 0.632087 0.498539 0.104316 -0.241822 0.000000 0.633219 0.497893 0.120596 -0.254255 0.000000 0.634252 0.497293 0.121121 -0.292613 0.000000 0.635162 0.496740 0.122775 -0.311025 0.000000 0.635974 0.496248 0.123848 -0.329548 0.000000 
0.632087 0.498539 0.104316 -0.241822 0.000000 0.633219 0.497893 0.120596 -0.254255 0.000000 0.634252 0.497293 0.121121 -0.292613 0.000000 0.635162 0.496740 0.122775 -0.311025 0.000000 0.635974 0.496248 0.123848 -0.329548 0.000000 0.636639 0.495786 0.124208 -0.366857 0.000000 
0.633219 0.497893 0.120596 -0.254255 0.000000 0.634252 0.497293 0.121121 -0.292613 0.000000 0.635162 0.496740 0.122775 -0.311025 0.000000 0.635974 0.496248 0.123848 -0.329548 0.000000 0.636639 0.495786 0.124208 -0.366857 0.000000 0.636639 0.495248 0.143112 -0.417423 0.000000 
0.634252 0.497293 0.121121 -0.292613 0.000000 0.635162 0.496740 0.122775 -0.311025 0.000000 0.635974 0.496248 0.123848 -0.329548 0.000000 0.636639 0.495786 0.124208 -0.366857 0.000000 0.636639 0.495248 0.143112 -0.417423 0.000000 0.636343 0.495248 0.141644 -0.436425 0.000000 
0.635162 0.496740 0.122775 -0.311025 0.000000 0.635974 0.496248 0.123848 -0.329548 0.000000 0.636639 0.495786 0.124208 -0.366857 0.000000 0.636639 0.495248 0.143112 -0.417423 0.000000 0.636343 0.495248 0.141644 -0.436425 0.000000 0.636491 0.495248 0.190748 -0.536207 0.000000 
0.635974 0.496248 0.123848 -0.329548 0.000000 0.636639 0.495786 0.124208 -0.366857 0.000000 0.636639 0.495248 0.143112 -0.417423 0.000000 0.636343 0.495248 0.141644 -0.436425 0.000000 0.636491 0.495248 0.190748 -0.536207 0.000000 0.637033 0.494817 0.208358 -0.550670 0.000000 
0.636639 0.495786 0.124208 -0.366857 0.000000 0.636639 0.495248 0.143112 -0.417423 0.000000 0.636343 0.495248 0.141644 -0.436425 0.000000 0.636491 0.495248 0.190748 -0.536207 0.000000 0.637033 0.494817 0.208358 -0.550670 0.000000 0.637205 0.494556 0.201931 -0.590039 0.000000 
0.636639 0.495248 0.143112 -0.417423 0.000000 0.636343 0.495248 0.141644 -0.436425 0.000000 0.636491 0.495248 0.190748 -0.536207 0.000000 0.637033 0.494817 0.208358 -0.550670 0.000000 0.637205 0.494556 0.201931 -0.590039 0.000000 0.637402 0.494202 0.224135 -0.584806 0.000000 
0.636343 0.495248 0.141644 -0.436425 0.000000 0.636491 0.495248 0.190748 -0.536207 0.000000 0.637033 0.494817 0.208358 -0.550670 0.000000 0.637205 0.494556 0.201931 -0.590039 0.000000 0.637402 0.494202 0.224135 -0.584806 0.000000 0.637402 0.494018 0.220852 -0.604649 0.000000 
0.636491 0.495248 0.190748 -0.536207 0.000000 0.637033 0.494817 0.208358 -0.550670 0.000000 0.637205 0.494556 0.201931 -0.590039 0.000000 0.637402 0.494202 0.224135 -0.584806 0.000000 0.637402 0.494018 0.220852 -0.604649 0.000000 0.637402 0.493864 0.228784 -0.621828 0.000000 
0.637033 0.494817 0.208358 -0.550670 0.000000 0.637205 0.494556 0.201931 -0.590039 0.000000 0.637402 0.494202 0.224135 -0.584806 0.000000 0.637402 0.494018 0.220852 -0.604649 0.000000 0.637402 0.493864 0.228784 -0.621828 0.000000 0.637402 0.493664 0.228784 -0.621828 0.000000 
0.637205 0.494556 0.201931 -0.590039 0.000000 0.637402 0.494202 0.224135 -0.584806 0.000000 0.637402 0.494018 0.220852 -0.604649 0.000000 0.637402 0.493864 0.228784 -0.621828 0.000000 0.637402 0.493664 0.228784 -0.621828 0.000000 0.637402 0.493541 0.249080 -0.636243 0.000000 
0.637402 0.494202 0.224135 -0.584806 0.000000 0.637402 0.494018 0.220852 -0.604649 0.000000 0.637402 0.493864 0.228784 -0.621828 0.000000 0.637402 0.493664 0.228784 -0.621828 0.000000 0.637402 0.493541 0.249080 -0.636243 0.000000 0.637402 0.493433 0.249080 -0.636243 0.000000 
0.637402 0.494018 0.220852 -0.604649 0.000000 0.637402 0.493864 0.228784 -0.621828 0.000000 0.637402 0.493664 0.228784 -0.621828 0.000000 0.637402 0.493541 0.249080 -0.636243 0.000000 0.637402 0.493433 0.249080 -0.636243 0.000000 0.637402 0.493264 0.249080 -0.636243 0.000000 
0.637402 0.493864 0.228784 -0.621828 0.000000 0.637402 0.493664 0.228784 -0.621828 0.000000 0.637402 0.493541 0.249080 -0.636243 0.000000 0.637402 0.493433 0.249080 -0.636243 0.000000 0.637402 0.493264 0.249080 -0.636243 0.000000 0.637402 0.493095 0.228784 -0.621828 0.000000 
0.637402 0.493664 0.228784 -0.621828 0.000000 0.637402 0.493541 0.249080 -0.636243 0.000000 0.637402 0.493433 0.249080 -0.636243 0.000000 0.637402 0.493264 0.249080 -0.636243 0.000000 0.637402 0.493095 0.228784 -0.621828 0.000000 0.637402 0.492895 0.220852 -0.604649 0.000000 
0.637402 0.493541 0.249080 -0.636243 0.000000 0.637402 0.493433 0.249080 -0.636243 0.000000 0.637402 0.493264 0.249080 -0.636243 0.000000 0.637402 0.493095 0.228784 -0.621828 0.000000 0.637402 0.492895 0.220852 -0.604649 0.000000 0.637672 0.492680 0.220852 -0.604649 0.000000 
0.637402 0.493433 0.249080 -0.636243 0.000000 0.637402 0.493264 0.249080 -0.636243 0.000000 0.637402 0.493095 0.228784 -0.621828 0.000000 0.637402 0.492895 0.220852 -0.604649 0.000000 0.637672 0.492680 0.220852 -0.604649 0.000000 0.637820 0.492403 0.220852 -0.604649 0.000000 
0.637402 0.493264 0.249080 -0.636243 0.000000 0.637402 0.493095 0.228784 -0.621828 0.000000 0.637402 0.492895 0.220852 -0.604649 0.000000 0.637672 0.492680 0.220852 -0.604649 0.000000 0.637820 0.492403 0.220852 -0.604649 0.000000 0.638263 0.492111 0.220852 -0.604649 0.000000 
0.637402 0.493095 0.228784 -0.621828 0.000000 0.637402 0.492895 0.220852 -0.604649 0.000000 0.637672 0.492680 0.220852 -0.604649 0.000000 0.637820 0.492403 0.220852 -0.604649 0.000000 0.638263 0.492111 0.220852 -0.604649 0.000000 0.638755 0.491880 0.224135 -0.584806 0.000000 
0.637402 0.492895 0.220852 -0.604649 0.000000 0.637672 0.492680 0.220852 -0.604649 0.000000 0.637820 0.492403 0.220852 -0.604649 0.000000 0.638263 0.492111 0.220852 -0.604649 0.000000 0.638755 0.491880 0.224135 -0.584806 0.000000 0.639050 0.491649 0.201931 -0.590039 0.000000 
0.637672 0.492680 0.220852 -0.604649 0.000000 0.637820 0.492403 0.220852 -0.604649 0.000000 0.638263 0.492111 0.220852 -0.604649 0.000000 0.638755 0.491880 0.224135 -0.584806 0.000000 0.639050 0.491649 0.201931 -0.590039 0.000000 0.639173 0.491434 0.201931 -0.590039 0.000000 
0.637820 0.492403 0.220852 -0.604649 0.000000 0.638263 0.492111 0.220852 -0.604649 0.000000 0.638755 0.491880 0.224135 -0.584806 0.000000 0.639050 0.491649 0.201931 -0.590039 0.000000 0.639173 0.491434 0.201931 -0.590039 0.000000 0.639592 0.491234 0.201931 -0.590039 0.000000 
0.638263 0.492111 0.220852 -0.604649 0.000000 0.638755 0.491880 0.224135 -0.584806 0.000000 0.639050 0.491649 0.201931 -0.590039 0.000000 0.639173 0.491434 0.201931 -0.590039 0.000000 0.639592 0.491234 0.201931 -0.590039 0.000000 0.639665 0.491142 0.201931 -0.590039 0.000000 
0.638755 0.491880 0.224135 -0.584806 0.000000 0.639050 0.491649 0.201931 -0.590039 0.000000 0.639173 0.491434 0.201931 -0.590039 0.000000 0.639592 0.491234 0.201931 -0.590039 0.000000 0.639665 0.491142 0.201931 -0.590039 0.000000 0.639862 0.490880 0.205492 -0.570374 0.000000 
0.639050 0.491649 0.201931 -0.590039 0.000000 0.639173 0.491434 0.201931 -0.590039 0.000000 0.639592 0.491234 0.201931 -0.590039 0.000000 0.639665 0.491142 0.201931 -0.590039 0.000000 0.639862 0.490880 0.205492 -0.570374 0.000000 0.640059 0.490834 0.205492 -0.570374 0.000000 
0.639173 0.491434 0.201931 -0.590039 0.000000 0.639592 0.491234 0.201931 -0.590039 0.000000 0.639665 0.491142 0.201931 -0.590039 0.000000 0.639862 0.490880 0.205492 -0.570374 0.000000 0.640059 0.490834 0.205492 -0.570374 0.000000 0.640330 0.490650 0.205492 -0.570374 0.000000 
0.639592 0.491234 0.201931 -0.590039 0.000000 0.639665 0.491142 0.201931 -0.590039 0.000000 0.639862 0.490880 0.205492 -0.570374 0.000000 0.640059 0.490834 0.205492 -0.570374 0.000000 0.640330 0.490650 0.205492 -0.570374 0.000000 0.640477 0.490573 0.205492 -0.570374 0.000000 
0.639665 0.491142 0.201931 -0.590039 0.000000 0.639862 0.490880 0.205492 -0.570374 0.000000 0.640059 0.490834 0.205492 -0.570374 0.000000 0.640330 0.490650 0.205492 -0.570374 0.000000 0.640477 0.490573 0.205492 -0.570374 0.000000 0.640650 0.490511 0.208358 -0.550670 0.000000 
0.639862 0.490880 0.205492 -0.570374 0.000000 0.640059 0.490834 0.205492 -0.570374 0.000000 0.640330 0.490650 0.205492 -0.570374 0.000000 0.640477 0.490573 0.205492 -0.570374 0.000000 0.640650 0.490511 0.208358 -0.550670 0.000000 0.640797 0.490480 0.208358 -0.550670 0.000000 
0.640059 0.490834 0.205492 -0.570374 0.000000 0.640330 0.490650 0.205492 -0.570374 0.000000 0.640477 0.490573 0.205492 -0.570374 0.000000 0.640650 0.490511 0.208358 -0.550670 0.000000 0.640797 0.490480 0.208358 -0.550670 0.000000 0.640945 0.490450 0.208358 -0.550670 0.000000 
0.640330 0.490650 0.205492 -0.570374 0.000000 0.640477 0.490573 0.205492 -0.570374 0.000000 0.640650 0.490511 0.208358 -0.550670 0.000000 0.640797 0.490480 0.208358 -0.550670 0.000000 0.640945 0.490450 0.208358 -0.550670 0.000000 0.641117 0.490434 0.208358 -0.550670 0.000000 
0.640477 0.490573 0.205492 -0.570374 0.000000 0.640650 0.490511 0.208358 -0.550670 0.000000 0.640797 0.490480 0.208358 -0.550670 0.000000 0.640945 0.490450 0.208358 -0.550670 0.000000 0.641117 0.490434 0.208358 -0.550670 0.000000 0.641289 0.490404 0.208358 -0.550670 0.000000 
0.640650 0.490511 0.208358 -0.550670 0.000000 0.640797 0.490480 0.208358 -0.550670 0.000000 0.640945 0.490450 0.208358 -0.550670 0.000000 0.641117 0.490434 0.208358 -0.550670 0.000000 0.641289 0.490404 0.208358 -0.550670 0.000000 0.641437 0.490357 0.208358 -0.550670 0.055718 
0.640797 0.490480 0.208358 -0.550670 0.000000 0.640945 0.490450 0.208358 -0.550670 0.000000 0.641117 0.490434 0.208358 -0.550670 0.000000 0.641289 0.490404 0.208358 -0.550670 0.000000 0.641437 0.490357 0.208358 -0.550670 0.055718 0.641585 0.490327 0.208358 -0.550670 0.095797 
0.640945 0.490450 0.208358 -0.550670 0.000000 0.641117 0.490434 0.208358 -0.550670 0.000000 0.641289 0.490404 0.208358 -0.550670 0.000000 0.641437 0.490357 0.208358 -0.550670 0.055718 0.641585 0.490327 0.208358 -0.550670 0.095797 0.641683 0.490311 0.208358 -0.550670 0.123167 
0.641117 0.490434 0.208358 -0.550670 0.000000 0.641289 0.490404 0.208358 -0.550670 0.000000 0.641437 0.490357 0.208358 -0.550670 0.055718 0.641585 0.490327 0.208358 -0.550670 0.095797 0.641683 0.490311 0.208358 -0.550670 0.123167 0.641757 0.490281 0.208358 -0.550670 0.139785 
0.641289 0.490404 0.208358 -0.550670 0.000000 0.641437 0.490357 0.208358 -0.550670 0.055718 0.641585 0.490327 0.208358 -0.550670 0.095797 0.641683 0.490311 0.208358 -0.550670 0.123167 0.641757 0.490281 0.208358 -0.550670 0.139785 0.641831 0.490250 0.208358 -0.550670 0.158358 
0.641437 0.490357 0.208358 -0.550670 0.055718 0.641585 0.490327 0.208358 -0.550670 0.095797 0.641683 0.490311 0.208358 -0.550670 0.123167 0.641757 0.490281 0.208358 -0.550670 0.139785 0.641831 0.490250 0.208358 -0.550670 0.158358 0.641880 0.490250 0.208358 -0.550670 0.181818 
0.641585 0.490327 0.208358 -0.550670 0.095797 0.641683 0.490311 0.208358 -0.550670 0.123167 0.641757 0.490281 0.208358 -0.550670 0.139785 0.641831 0.490250 0.208358 -0.550670 0.158358 0.641880 0.490250 0.208358 -0.550670 0.181818 0.641880 0.490234 0.208358 -0.550670 0.204301 
0.641683 0.490311 0.208358 -0.550670 0.123167 0.641757 0.490281 0.208358 -0.550670 0.139785 0.641831 0.490250 0.208358 -0.550670 0.158358 0.641880 0.490250 0.208358 -0.550670 0.181818 0.641880 0.490234 0.208358 -0.550670 0.204301 0.641855 0.490234 0.208358 -0.550670 0.417400 
0.641757 0.490281 0.208358 -0.550670 0.139785 0.641831 0.490250 0.208358 -0.550670 0.158358 0.641880 0.490250 0.208358 -0.550670 0.181818 0.641880 0.490234 0.208358 -0.550670 0.204301 0.641855 0.490234 0.208358 -0.550670 0.417400 0.641806 0.490234 0.208358 -0.550670 0.422287 
0.641831 0.490250 0.208358 -0.550670 0.158358 0.641880 0.490250 0.208358 -0.550670 0.181818 0.641880 0.490234 0.208358 -0.550670 0.204301 0.641855 0.490234 0.208358 -0.550670 0.417400 0.641806 0.490234 0.208358 -0.550670 0.422287 0.641782 0.490250 0.208358 -0.550670 0.426197 
0.641880 0.490250 0.208358 -0.550670 0.181818 0.641880 0.490234 0.208358 -0.550670 0.204301 0.641855 0.490234 0.208358 -0.550670 0.417400 0.641806 0.490234 0.208358 -0.550670 0.422287 0.641782 0.490250 0.208358 -0.550670 0.426197 0.641732 0.490281 0.208358 -0.550670 0.429130 
0.641880 0.490234 0.208358 -0.550670 0.204301 0.641855 0.490234 0.208358 -0.550670 0.417400 0.641806 0.490234 0.208358 -0.550670 0.422287 0.641782 0.490250 0.208358 -0.550670 0.426197 0.641732 0.490281 0.208358 -0.550670 0.429130 0.641658 0.490311 0.208358 -0.550670 0.431085 
0.641855 0.490234 0.208358 -0.550670 0.417400 0.641806 0.490234 0.208358 -0.550670 0.422287 0.641782 0.490250 0.208358 -0.550670 0.426197 0.641732 0.490281 0.208358 -0.550670 0.429130 0.641658 0.490311 0.208358 -0.550670 0.431085 0.641585 0.490357 0.208358 -0.550670 0.434018 
0.641806 0.490234 0.208358 -0.550670 0.422287 0.641782 0.490250 0.208358 -0.550670 0.426197 0.641732 0.490281 0.208358 -0.550670 0.429130 0.641658 0.490311 0.208358 -0.550670 0.431085 0.641585 0.490357 0.208358 -0.550670 0.434018 0.641462 0.490419 0.208358 -0.550670 0.434995 
0.641782 0.490250 0.208358 -0.550670 0.426197 0.641732 0.490281 0.208358 -0.550670 0.429130 0.641658 0.490311 0.208358 -0.550670 0.431085 0.641585 0.490357 0.208358 -0.550670 0.434018 0.641462 0.490419 0.208358 -0.550670 0.434995 0.641363 0.490465 0.208358 -0.550670 0.437928 
0.641732 0.490281 0.208358 -0.550670 0.429130 0.641658 0.490311 0.208358 -0.550670 0.431085 0.641585 0.490357 0.208358 -0.550670 0.434018 0.641462 0.490419 0.208358 -0.550670 0.434995 0.641363 0.490465 0.208358 -0.550670 0.437928 0.641240 0.490511 0.208358 -0.550670 0.439883 
0.641658 0.490311 0.208358 -0.550670 0.431085 0.641585 0.490357 0.208358 -0.550670 0.434018 0.641462 0.490419 0.208358 -0.550670 0.434995 0.641363 0.490465 0.208358 -0.550670 0.437928 0.641240 0.490511 0.208358 -0.550670 0.439883 0.641142 0.490542 0.208358 -0.550670 0.443793 
0.641585 0.490357 0.208358 -0.550670 0.434018 0.641462 0.490419 0.208358 -0.550670 0.434995 0.641363 0.490465 0.208358 -0.550670 0.437928 0.641240 0.490511 0.208358 -0.550670 0.439883 0.641142 0.490542 0.208358 -0.550670 0.443793 0.641043 0.490588 0.208358 -0.550670 0.446725 
0.641462 0.490419 0.208358 -0.550670 0.434995 0.641363 0.490465 0.208358 -0.550670 0.437928 0.641240 0.490511 0.208358 -0.550670 0.439883 0.641142 0.490542 0.208358 -0.550670 0.443793 0.641043 0.490588 0.208358 -0.550670 0.446725 0.640970 0.490603 0.208358 -0.550670 0.449658 
0.641363 0.490465 0.208358 -0.550670 0.437928 0.641240 0.490511 0.208358 -0.550670 0.439883 0.641142 0.490542 0.208358 -0.550670 0.443793 0.641043 0.490588 0.208358 -0.550670 0.446725 0.640970 0.490603 0.208358 -0.550670 0.449658 0.640896 0.490634 0.208358 -0.550670 0.453568 
0.641240 0.490511 0.208358 -0.550670 0.439883 0.641142 0.490542 0.208358 -0.550670 0.443793 0.641043 0.490588 0.208358 -0.550670 0.446725 0.640970 0.490603 0.208358 -0.550670 0.449658 0.640896 0.490634 0.208358 -0.550670 0.453568 0.640871 0.490650 0.208358 -0.550670 0.458456 
0.641142 0.490542 0.208358 -0.550670 0.443793 0.641043 0.490588 0.208358 -0.550670 0.446725 0.640970 0.490603 0.208358 -0.550670 0.449658 0.640896 0.490634 0.208358 -0.550670 0.453568 0.640871 0.490650 0.208358 -0.550670 0.458456 0.640822 0.490665 0.208358 -0.550670 0.464321 
0.641043 0.490588 0.208358 -0.550670 0.446725 0.640970 0.490603 0.208358 -0.550670 0.449658 0.640896 0.490634 0.208358 -0.550670 0.453568 0.640871 0.490650 0.208358 -0.550670 0.458456 0.640822 0.490665 0.208358 -0.550670 0.464321 0.640797 0.490665 0.208358 -0.550670 0.470186 
0.640970 0.490603 0.208358 -0.550670 0.449658 0.640896 0.490634 0.208358 -0.550670 0.453568 0.640871 0.490650 0.208358 -0.550670 0.458456 0.640822 0.490665 0.208358 -0.550670 0.464321 0.640797 0.490665 0.208358 -0.550670 0.470186 0.640773 0.490680 0.208358 -0.550670 0.477028 
0.640896 0.490634 0.208358 -0.550670 0.453568 0.640871 0.490650 0.208358 -0.550670 0.458456 0.640822 0.490665 0.208358 -0.550670 0.464321 0.640797 0.490665 0.208358 -0.550670 0.470186 0.640773 0.490680 0.208358 -0.550670 0.477028 0.640773 0.490696 0.208358 -0.550670 0.483871 
0.640871 0.490650 0.208358 -0.550670 0.458456 0.640822 0.490665 0.208358 -0.550670 0.464321 0.640797 0.490665 0.208358 -0.550670 0.470186 0.640773 0.490680 0.208358 -0.550670 0.477028 0.640773 0.490696 0.208358 -0.550670 0.483871 0.640748 0.490711 0.208358 -0.550670 0.491691 
0.640822 0.490665 0.208358 -0.550670 0.464321 0.640797 0.490665 0.208358 -0.550670 0.470186 0.640773 0.490680 0.208358 -0.550670 0.477028 0.640773 0.490696 0.208358 -0.550670 0.483871 0.640748 0.490711 0.208358 -0.550670 0.491691 0.640748 0.490727 0.208358 -0.550670 0.491691 
0.640797 0.490665 0.208358 -0.550670 0.470186 0.640773 0.490680 0.208358 -0.550670 0.477028 0.640773 0.490696 0.208358 -0.550670 0.483871 0.640748 0.490711 0.208358 -0.550670 0.491691 0.640748 0.490727 0.208358 -0.550670 0.491691 0.640723 0.490727 0.208358 -0.550670 0.489736 
0.640773 0.490680 0.208358 -0.550670 0.477028 0.640773 0.490696 0.208358 -0.550670 0.483871 0.640748 0.490711 0.208358 -0.550670 0.491691 0.640748 0.490727 0.208358 -0.550670 0.491691 0.640723 0.490727 0.208358 -0.550670 0.489736 0.640699 0.490727 0.208358 -0.550670 0.489736 
0.640773 0.490696 0.208358 -0.550670 0.483871 0.640748 0.490711 0.208358 -0.550670 0.491691 0.640748 0.490727 0.208358 -0.550670 0.491691 0.640723 0.490727 0.208358 -0.550670 0.489736 0.640699 0.490727 0.208358 -0.550670 0.489736 0.640699 0.490742 0.208358 -0.550670 0.489736 
0.640748 0.490711 0.208358 -0.550670 0.491691 0.640748 0.490727 0.208358 -0.550670 0.491691 0.640723 0.490727 0.208358 -0.550670 0.489736 0.640699 0.490727 0.208358 -0.550670 0.489736 0.640699 0.490742 0.208358 -0.550670 0.489736 0.640674 0.490757 0.208358 -0.550670 0.490714 
0.640748 0.490727 0.208358 -0.550670 0.491691 0.640723 0.490727 0.208358 -0.550670 0.489736 0.640699 0.490727 0.208358 -0.550670 0.489736 0.640699 0.490742 0.208358 -0.550670 0.489736 0.640674 0.490757 0.208358 -0.550670 0.490714 0.640650 0.490757 0.208358 -0.550670 0.500489 
0.640723 0.490727 0.208358 -0.550670 0.489736 0.640699 0.490727 0.208358 -0.550670 0.489736 0.640699 0.490742 0.208358 -0.550670 0.489736 0.640674 0.490757 0.208358 -0.550670 0.490714 0.640650 0.490757 0.208358 -0.550670 0.500489 0.640625 0.490757 0.208358 -0.550670 0.503421 
0.640699 0.490727 0.208358 -0.550670 0.489736 0.640699 0.490742 0.208358 -0.550670 0.489736 0.640674 0.490757 0.208358 -0.550670 0.490714 0.640650 0.490757 0.208358 -0.550670 0.500489 0.640625 0.490757 0.208358 -0.550670 0.503421 0.640600 0.490757 0.208358 -0.550670 0.515152 
0.640699 0.490742 0.208358 -0.550670 0.489736 0.640674 0.490757 0.208358 -0.550670 0.490714 0.640650 0.490757 0.208358 -0.550670 0.500489 0.640625 0.490757 0.208358 -0.550670 0.503421 0.640600 0.490757 0.208358 -0.550670 0.515152 0.640576 0.490757 0.208358 -0.550670 0.517107 
0.640674 0.490757 0.208358 -0.550670 0.490714 0.640650 0.490757 0.208358 -0.550670 0.500489 0.640625 0.490757 0.208358 -0.550670 0.503421 0.640600 0.490757 0.208358 -0.550670 0.515152 0.640576 0.490757 0.208358 -0.550670 0.517107 0.640551 0.490757 0.208358 -0.550670 0.522972 
0.640650 0.490757 0.208358 -0.550670 0.500489 0.640625 0.490757 0.208358 -0.550670 0.503421 0.640600 0.490757 0.208358 -0.550670 0.515152 0.640576 0.490757 0.208358 -0.550670 0.517107 0.640551 0.490757 0.208358 -0.550670 0.522972 0.640527 0.490757 0.208358 -0.550670 0.522972 
0.640625 0.490757 0.208358 -0.550670 0.503421 0.640600 0.490757 0.208358 -0.550670 0.515152 0.640576 0.490757 0.208358 -0.550670 0.517107 0.640551 0.490757 0.208358 -0.550670 0.522972 0.640527 0.490757 0.208358 -0.550670 0.522972 0.640502 0.490757 0.208358 -0.550670 0.521017 
0.640600 0.490757 0.208358 -0.550670 0.515152 0.640576 0.490757 0.208358 -0.550670 0.517107 0.640551 0.490757 0.208358 -0.550670 0.522972 0.640527 0.490757 0.208358 -0.550670 0.522972 0.640502 0.490757 0.208358 -0.550670 0.521017 0.640477 0.490757 0.208358 -0.550670 0.521994 
0.640576 0.490757 0.208358 -0.550670 0.517107 0.640551 0.490757 0.208358 -0.550670 0.522972 0.640527 0.490757 0.208358 -0.550670 0.522972 0.640502 0.490757 0.208358 -0.550670 0.521017 0.640477 0.490757 0.208358 -0.550670 0.521994 0.640453 0.490757 0.208358 -0.550670 0.530792 
0.640551 0.490757 0.208358 -0.550670 0.522972 0.640527 0.490757 0.208358 -0.550670 0.522972 0.640502 0.490757 0.208358 -0.550670 0.521017 0.640477 0.490757 0.208358 -0.550670 0.521994 0.640453 0.490757 0.208358 -0.550670 0.530792 0.640428 0.490757 0.208358 -0.550670 0.537634 
0.640527 0.490757 0.208358 -0.550670 0.522972 0.640502 0.490757 0.208358 -0.550670 0.521017 0.640477 0.490757 0.208358 -0.550670 0.521994 0.640453 0.490757 0.208358 -0.550670 0.530792 0.640428 0.490757 0.208358 -0.550670 0.537634 0.640379 0.490757 0.208358 -0.550670 0.534702 
0.640502 0.490757 0.208358 -0.550670 0.521017 0.640477 0.490757 0.208358 -0.550670 0.521994 0.640453 0.490757 0.208358 -0.550670 0.530792 0.640428 0.490757 0.208358 -0.550670 0.537634 0.640379 0.490757 0.208358 -0.550670 0.534702 0.640305 0.490803 0.208358 -0.550670 0.533724 
0.640477 0.490757 0.208358 -0.550670 0.521994 0.640453 0.490757 0.208358 -0.550670 0.530792 0.640428 0.490757 0.208358 -0.550670 0.537634 0.640379 0.490757 0.208358 -0.550670 0.534702 0.640305 0.490803 0.208358 -0.550670 0.533724 0.640207 0.490850 0.208358 -0.550670 0.534702 
0.640453 0.490757 0.208358 -0.550670 0.530792 0.640428 0.490757 0.208358 -0.550670 0.537634 0.640379 0.490757 0.208358 -0.550670 0.534702 0.640305 0.490803 0.208358 -0.550670 0.533724 0.640207 0.490850 0.208358 -0.550670 0.534702 0.640084 0.490911 0.208358 -0.550670 0.536657 
0.640428 0.490757 0.208358 -0.550670 0.537634 0.640379 0.490757 0.208358 -0.550670 0.534702 0.640305 0.490803 0.208358 -0.550670 0.533724 0.640207 0.490850 0.208358 -0.550670 0.534702 0.640084 0.490911 0.208358 -0.550670 0.536657 0.639936 0.490988 0.208358 -0.550670 0.537634 
0.640379 0.490757 0.208358 -0.550670 0.534702 0.640305 0.490803 0.208358 -0.550670 0.533724 0.640207 0.490850 0.208358 -0.550670 0.534702 0.640084 0.490911 0.208358 -0.550670 0.536657 0.639936 0.490988 0.208358 -0.550670 0.537634 0.639764 0.491096 0.208358 -0.550670 0.539589 
0.640305 0.490803 0.208358 -0.550670 0.533724 0.640207 0.490850 0.208358 -0.550670 0.534702 0.640084 0.490911 0.208358 -0.550670 0.536657 0.639936 0.490988 0.208358 -0.550670 0.537634 0.639764 0.491096 0.208358 -0.550670 0.539589 0.639493 0.491234 0.208358 -0.550670 0.539589 
0.640207 0.490850 0.208358 -0.550670 0.534702 0.640084 0.490911 0.208358 -0.550670 0.536657 0.639936 0.490988 0.208358 -0.550670 0.537634 0.639764 0.491096 0.208358 -0.550670 0.539589 0.639493 0.491234 0.208358 -0.550670 0.539589 0.639198 0.491388 0.208358 -0.550670 0.539589 
0.640084 0.490911 0.208358 -0.550670 0.536657 0.639936 0.490988 0.208358 -0.550670 0.537634 0.639764 0.491096 0.208358 -0.550670 0.539589 0.639493 0.491234 0.208358 -0.550670 0.539589 0.639198 0.491388 0.208358 -0.550670 0.539589 0.638829 0.491603 0.208358 -0.550670 0.541544 
0.639936 0.490988 0.208358 -0.550670 0.537634 0.639764 0.491096 0.208358 -0.550670 0.539589 0.639493 0.491234 0.208358 -0.550670 0.539589 0.639198 0.491388 0.208358 -0.550670 0.539589 0.638829 0.491603 0.208358 -0.550670 0.541544 0.638410 0.491834 0.210550 -0.530944 0.544477 
0.639764 0.491096 0.208358 -0.550670 0.539589 0.639493 0.491234 0.208358 -0.550670 0.539589 0.639198 0.491388 0.208358 -0.550670 0.539589 0.638829 0.491603 0.208358 -0.550670 0.541544 0.638410 0.491834 0.210550 -0.530944 0.544477 0.637943 0.492126 0.210550 -0.530944 0.544477 
0.639493 0.491234 0.208358 -0.550670 0.539589 0.639198 0.491388 0.208358 -0.550670 0.539589 0.638829 0.491603 0.208358 -0.550670 0.541544 0.638410 0.491834 0.210550 -0.530944 0.544477 0.637943 0.492126 0.210550 -0.530944 0.544477 0.637402 0.492434 0.210550 -0.530944 0.546432 
0.639198 0.491388 0.208358 -0.550670 0.539589 0.638829 0.491603 0.208358 -0.550670 0.541544 0.638410 0.491834 0.210550 -0.530944 0.544477 0.637943 0.492126 0.210550 -0.530944 0.544477 0.637402 0.492434 0.210550 -0.530944 0.546432 0.636786 0.492772 0.210550 -0.530944 0.544477 
0.638829 0.491603 0.208358 -0.550670 0.541544 0.638410 0.491834 0.210550 -0.530944 0.544477 0.637943 0.492126 0.210550 -0.530944 0.544477 0.637402 0.492434 0.210550 -0.530944 0.546432 0.636786 0.492772 0.210550 -0.530944 0.544477 0.636073 0.493187 0.210550 -0.530944 0.549365 
0.638410 0.491834 0.210550 -0.530944 0.544477 0.637943 0.492126 0.210550 -0.530944 0.544477 0.637402 0.492434 0.210550 -0.530944 0.546432 0.636786 0.492772 0.210550 -0.530944 0.544477 0.636073 0.493187 0.210550 -0.530944 0.549365 0.635310 0.493633 0.210550 -0.530944 0.545455 
0.637943 0.492126 0.210550 -0.530944 0.544477 0.637402 0.492434 0.210550 -0.530944 0.546432 0.636786 0.492772 0.210550 -0.530944 0.544477 0.636073 0.493187 0.210550 -0.530944 0.549365 0.635310 0.493633 0.210550 -0.530944 0.545455 0.634498 0.494079 0.210550 -0.530944 0.545455 
0.637402 0.492434 0.210550 -0.530944 0.546432 0.636786 0.492772 0.210550 -0.530944 0.544477 0.636073 0.493187 0.210550 -0.530944 0.549365 0.635310 0.493633 0.210550 -0.530944 0.545455 0.634498 0.494079 0.210550 -0.530944 0.545455 0.633686 0.494525 0.210550 -0.530944 0.542522 
0.636786 0.492772 0.210550 -0.530944 0.544477 0.636073 0.493187 0.210550 -0.530944 0.549365 0.635310 0.493633 0.210550 -0.530944 0.545455 0.634498 0.494079 0.210550 -0.530944 0.545455 0.633686 0.494525 0.210550 -0.530944 0.542522 0.632800 0.495017 0.212091 -0.511213 0.542522 
0.636073 0.493187 0.210550 -0.530944 0.549365 0.635310 0.493633 0.210550 -0.530944 0.545455 0.634498 0.494079 0.210550 -0.530944 0.545455 0.633686 0.494525 0.210550 -0.530944 0.542522 0.632800 0.495017 0.212091 -0.511213 0.542522 0.631914 0.495525 0.212091 -0.511213 0.544477 
0.635310 0.493633 0.210550 -0.530944 0.545455 0.634498 0.494079 0.210550 -0.530944 0.545455 0.633686 0.494525 0.210550 -0.530944 0.542522 0.632800 0.495017 0.212091 -0.511213 0.542522 0.631914 0.495525 0.212091 -0.511213 0.544477 0.631004 0.496032 0.212091 -0.511213 0.554252 
0.634498 0.494079 0.210550 -0.530944 0.545455 0.633686 0.494525 0.210550 -0.530944 0.542522 0.632800 0.495017 0.212091 -0.511213 0.542522 0.631914 0.495525 0.212091 -0.511213 0.544477 0.631004 0.496032 0.212091 -0.511213 0.554252 0.630093 0.496555 0.212091 -0.511213 0.542522 
0.633686 0.494525 0.210550 -0.530944 0.542522 0.632800 0.495017 0.212091 -0.511213 0.542522 0.631914 0.495525 0.212091 -0.511213 0.544477 0.631004 0.496032 0.212091 -0.511213 0.554252 0.630093 0.496555 0.212091 -0.511213 0.542522 0.629208 0.497047 0.212091 -0.511213 0.538612 
0.632800 0.495017 0.212091 -0.511213 0.542522 0.631914 0.495525 0.212091 -0.511213 0.544477 0.631004 0.496032 0.212091 -0.511213 0.554252 0.630093 0.496555 0.212091 -0.511213 0.542522 0.629208 0.497047 0.212091 -0.511213 0.538612 0.628371 0.497524 0.212091 -0.511213 0.543500 
0.631914 0.495525 0.212091 -0.511213 0.544477 0.631004 0.496032 0.212091 -0.511213 0.554252 0.630093 0.496555 0.212091 -0.511213 0.542522 0.629208 0.497047 0.212091 -0.511213 0.538612 0.628371 0.497524 0.212091 -0.511213 0.543500 0.627584 0.498001 0.212091 -0.511213 0.549365 
0.631004 0.496032 0.212091 -0.511213 0.554252 0.630093 0.496555 0.212091 -0.511213 0.542522 0.629208 0.497047 0.212091 -0.511213 0.538612 0.628371 0.497524 0.212091 -0.511213 0.543500 0.627584 0.498001 0.212091 -0.511213 0.549365 0.626821 0.498462 0.212091 -0.511213 0.542522 
0.630093 0.496555 0.212091 -0.511213 0.542522 0.629208 0.497047 0.212091 -0.511213 0.538612 0.628371 0.497524 0.212091 -0.511213 0.543500 0.627584 0.498001 0.212091 -0.511213 0.549365 0.626821 0.498462 0.212091 -0.511213 0.542522 0.626107 0.498862 0.212091 -0.511213 0.540567 
0.629429 0.397945 0.228657 -0.545020 0.569892 0.629183 0.398084 0.228657 -0.545020 0.572825 0.628839 0.398268 0.228657 -0.545020 0.577713 0.628396 0.398530 0.228657 -0.545020 0.583578 0.627904 0.398837 0.228657 -0.545020 0.593353 0.627338 0.399222 0.228657 -0.545020 0.596285 
0.629183 0.398084 0.228657 -0.545020 0.572825 0.628839 0.398268 0.228657 -0.545020 0.577713 0.628396 0.398530 0.228657 -0.545020 0.583578 0.627904 0.398837 0.228657 -0.545020 0.593353 0.627338 0.399222 0.228657 -0.545020 0.596285 0.626698 0.399652 0.228657 -0.545020 0.594330 
0.628839 0.398268 0.228657 -0.545020 0.577713 0.628396 0.398530 0.228657 -0.545020 0.583578 0.627904 0.398837 0.228657 -0.545020 0.593353 0.627338 0.399222 0.228657 -0.545020 0.596285 0.626698 0.399652 0.228657 -0.545020 0.594330 0.626009 0.400114 0.228657 -0.545020 0.599218 
0.628396 0.398530 0.228657 -0.545020 0.583578 0.627904 0.398837 0.228657 -0.545020 0.593353 0.627338 0.399222 0.228657 -0.545020 0.596285 0.626698 0.399652 0.228657 -0.545020 0.594330 0.626009 0.400114 0.228657 -0.545020 0.599218 0.625295 0.400606 0.228657 -0.545020 0.598240 
