0.651452 0.507843 0.275128 0.609842 0.808407 0.651649 0.505998 0.275128 0.609842 0.803519 0.651845 0.504106 0.275128 0.609842 0.801564 0.652067 0.502184 0.275128 0.609842 0.807429 0.652239 0.500277 0.275128 0.609842 0.807429 0.652411 0.498324 0.263758 0.613073 0.806452 
0.651649 0.505998 0.275128 0.609842 0.803519 0.651845 0.504106 0.275128 0.609842 0.801564 0.652067 0.502184 0.275128 0.609842 0.807429 0.652239 0.500277 0.275128 0.609842 0.807429 0.652411 0.498324 0.263758 0.613073 0.806452 0.652608 0.496401 0.263758 0.613073 0.801564 
0.651845 0.504106 0.275128 0.609842 0.801564 0.652067 0.502184 0.275128 0.609842 0.807429 0.652239 0.500277 0.275128 0.609842 0.807429 0.652411 0.498324 0.263758 0.613073 0.806452 0.652608 0.496401 0.263758 0.613073 0.801564 0.652854 0.494479 0.263758 0.613073 0.800587 
0.652067 0.502184 0.275128 0.609842 0.807429 0.652239 0.500277 0.275128 0.609842 0.807429 0.652411 0.498324 0.263758 0.613073 0.806452 0.652608 0.496401 0.263758 0.613073 0.801564 0.652854 0.494479 0.263758 0.613073 0.800587 0.653076 0.492510 0.263758 0.613073 0.802542 
0.652239 0.500277 0.275128 0.609842 0.807429 0.652411 0.498324 0.263758 0.613073 0.806452 0.652608 0.496401 0.263758 0.613073 0.801564 0.652854 0.494479 0.263758 0.613073 0.800587 0.653076 0.492510 0.263758 0.613073 0.802542 0.653297 0.490511 0.263758 0.613073 0.804497 
0.652411 0.498324 0.263758 0.613073 0.806452 0.652608 0.496401 0.263758 0.613073 0.801564 0.652854 0.494479 0.263758 0.613073 0.800587 0.653076 0.492510 0.263758 0.613073 0.802542 0.653297 0.490511 0.263758 0.613073 0.804497 0.653494 0.488573 0.263758 0.613073 0.798631 
0.652608 0.496401 0.263758 0.613073 0.801564 0.652854 0.494479 0.263758 0.613073 0.800587 0.653076 0.492510 0.263758 0.613073 0.802542 0.653297 0.490511 0.263758 0.613073 0.804497 0.653494 0.488573 0.263758 0.613073 0.798631 0.653740 0.486713 0.263758 0.613073 0.797654 
0.652854 0.494479 0.263758 0.613073 0.800587 0.653076 0.492510 0.263758 0.613073 0.802542 0.653297 0.490511 0.263758 0.613073 0.804497 0.653494 0.488573 0.263758 0.613073 0.798631 0.653740 0.486713 0.263758 0.613073 0.797654 0.653986 0.484836 0.263758 0.613073 0.799609 
0.653076 0.492510 0.263758 0.613073 0.802542 0.653297 0.490511 0.263758 0.613073 0.804497 0.653494 0.488573 0.263758 0.613073 0.798631 0.653740 0.486713 0.263758 0.613073 0.797654 0.653986 0.484836 0.263758 0.613073 0.799609 0.654282 0.483006 0.263758 0.613073 0.795699 
0.653297 0.490511 0.263758 0.613073 0.804497 0.653494 0.488573 0.263758 0.613073 0.798631 0.653740 0.486713 0.263758 0.613073 0.797654 0.653986 0.484836 0.263758 0.613073 0.799609 0.654282 0.483006 0.263758 0.613073 0.795699 0.654552 0.481130 0.263758 0.613073 0.797654 
0.653494 0.488573 0.263758 0.613073 0.798631 0.653740 0.486713 0.263758 0.613073 0.797654 0.653986 0.484836 0.263758 0.613073 0.799609 0.654282 0.483006 0.263758 0.613073 0.795699 0.654552 0.481130 0.263758 0.613073 0.797654 0.654798 0.479254 0.263758 0.613073 0.791789 
0.653740 0.486713 0.263758 0.613073 0.797654 0.653986 0.484836 0.263758 0.613073 0.799609 0.654282 0.483006 0.263758 0.613073 0.795699 0.654552 0.481130 0.263758 0.613073 0.797654 0.654798 0.479254 0.263758 0.613073 0.791789 0.655044 0.477393 0.263758 0.613073 0.794721 
0.653986 0.484836 0.263758 0.613073 0.799609 0.654282 0.483006 0.263758 0.613073 0.795699 0.654552 0.481130 0.263758 0.613073 0.797654 0.654798 0.479254 0.263758 0.613073 0.791789 0.655044 0.477393 0.263758 0.613073 0.794721 0.655241 0.475471 0.263758 0.613073 0.795699 
0.654282 0.483006 0.263758 0.613073 0.795699 0.654552 0.481130 0.263758 0.613073 0.797654 0.654798 0.479254 0.263758 0.613073 0.791789 0.655044 0.477393 0.263758 0.613073 0.794721 0.655241 0.475471 0.263758 0.613073 0.795699 0.655463 0.473487 0.263758 0.613073 0.795699 
0.654552 0.481130 0.263758 0.613073 0.797654 0.654798 0.479254 0.263758 0.613073 0.791789 0.655044 0.477393 0.263758 0.613073 0.794721 0.655241 0.475471 0.263758 0.613073 0.795699 0.655463 0.473487 0.263758 0.613073 0.795699 0.655610 0.471441 0.263758 0.613073 0.805474 
0.654798 0.479254 0.263758 0.613073 0.791789 0.655044 0.477393 0.263758 0.613073 0.794721 0.655241 0.475471 0.263758 0.613073 0.795699 0.655463 0.473487 0.263758 0.613073 0.795699 0.655610 0.471441 0.263758 0.613073 0.805474 0.655782 0.469334 0.252241 0.616148 0.798631 
0.655044 0.477393 0.263758 0.613073 0.794721 0.655241 0.475471 0.263758 0.613073 0.795699 0.655463 0.473487 0.263758 0.613073 0.795699 0.655610 0.471441 0.263758 0.613073 0.805474 0.655782 0.469334 0.252241 0.616148 0.798631 0.655881 0.467151 0.252241 0.616148 0.801564 
0.655241 0.475471 0.263758 0.613073 0.795699 0.655463 0.473487 0.263758 0.613073 0.795699 0.655610 0.471441 0.263758 0.613073 0.805474 0.655782 0.469334 0.252241 0.616148 0.798631 0.655881 0.467151 0.252241 0.616148 0.801564 0.655979 0.464967 0.252241 0.616148 0.814272 
0.655463 0.473487 0.263758 0.613073 0.795699 0.655610 0.471441 0.263758 0.613073 0.805474 0.655782 0.469334 0.252241 0.616148 0.798631 0.655881 0.467151 0.252241 0.616148 0.801564 0.655979 0.464967 0.252241 0.616148 0.814272 0.656102 0.462768 0.252241 0.616148 0.804497 
0.655610 0.471441 0.263758 0.613073 0.805474 0.655782 0.469334 0.252241 0.616148 0.798631 0.655881 0.467151 0.252241 0.616148 0.801564 0.655979 0.464967 0.252241 0.616148 0.814272 0.656102 0.462768 0.252241 0.616148 0.804497 0.656201 0.460522 0.252241 0.616148 0.799609 
0.655782 0.469334 0.252241 0.616148 0.798631 0.655881 0.467151 0.252241 0.616148 0.801564 0.655979 0.464967 0.252241 0.616148 0.814272 0.656102 0.462768 0.252241 0.616148 0.804497 0.656201 0.460522 0.252241 0.616148 0.799609 0.656324 0.458277 0.252241 0.616148 0.808407 
0.655881 0.467151 0.252241 0.616148 0.801564 0.655979 0.464967 0.252241 0.616148 0.814272 0.656102 0.462768 0.252241 0.616148 0.804497 0.656201 0.460522 0.252241 0.616148 0.799609 0.656324 0.458277 0.252241 0.616148 0.808407 0.656471 0.456047 0.252241 0.616148 0.808407 
0.655979 0.464967 0.252241 0.616148 0.814272 0.656102 0.462768 0.252241 0.616148 0.804497 0.656201 0.460522 0.252241 0.616148 0.799609 0.656324 0.458277 0.252241 0.616148 0.808407 0.656471 0.456047 0.252241 0.616148 0.808407 0.656619 0.453786 0.252241 0.616148 0.804497 
0.656102 0.462768 0.252241 0.616148 0.804497 0.656201 0.460522 0.252241 0.616148 0.799609 0.656324 0.458277 0.252241 0.616148 0.808407 0.656471 0.456047 0.252241 0.616148 0.808407 0.656619 0.453786 0.252241 0.616148 0.804497 0.656767 0.451495 0.252241 0.616148 0.801564 
0.656201 0.460522 0.252241 0.616148 0.799609 0.656324 0.458277 0.252241 0.616148 0.808407 0.656471 0.456047 0.252241 0.616148 0.808407 0.656619 0.453786 0.252241 0.616148 0.804497 0.656767 0.451495 0.252241 0.616148 0.801564 0.656914 0.449250 0.252241 0.616148 0.807429 
0.656324 0.458277 0.252241 0.616148 0.808407 0.656471 0.456047 0.252241 0.616148 0.808407 0.656619 0.453786 0.252241 0.616148 0.804497 0.656767 0.451495 0.252241 0.616148 0.801564 0.656914 0.449250 0.252241 0.616148 0.807429 0.657037 0.446973 0.252241 0.616148 0.814272 
0.656471 0.456047 0.252241 0.616148 0.808407 0.656619 0.453786 0.252241 0.616148 0.804497 0.656767 0.451495 0.252241 0.616148 0.801564 0.656914 0.449250 0.252241 0.616148 0.807429 0.657037 0.446973 0.252241 0.616148 0.814272 0.657160 0.444667 0.252241 0.616148 0.815249 
0.656619 0.453786 0.252241 0.616148 0.804497 0.656767 0.451495 0.252241 0.616148 0.801564 0.656914 0.449250 0.252241 0.616148 0.807429 0.657037 0.446973 0.252241 0.616148 0.814272 0.657160 0.444667 0.252241 0.616148 0.815249 0.657283 0.442375 0.252241 0.616148 0.811339 
0.656767 0.451495 0.252241 0.616148 0.801564 0.656914 0.449250 0.252241 0.616148 0.807429 0.657037 0.446973 0.252241 0.616148 0.814272 0.657160 0.444667 0.252241 0.616148 0.815249 0.657283 0.442375 0.252241 0.616148 0.811339 0.657407 0.440130 0.220852 0.604649 0.818182 
0.656914 0.449250 0.252241 0.616148 0.807429 0.657037 0.446973 0.252241 0.616148 0.814272 0.657160 0.444667 0.252241 0.616148 0.815249 0.657283 0.442375 0.252241 0.616148 0.811339 0.657407 0.440130 0.220852 0.604649 0.818182 0.657480 0.437884 0.220852 0.604649 0.818182 
0.657037 0.446973 0.252241 0.616148 0.814272 0.657160 0.444667 0.252241 0.616148 0.815249 0.657283 0.442375 0.252241 0.616148 0.811339 0.657407 0.440130 0.220852 0.604649 0.818182 0.657480 0.437884 0.220852 0.604649 0.818182 0.657579 0.435608 0.220852 0.604649 0.829912 
0.657160 0.444667 0.252241 0.616148 0.815249 0.657283 0.442375 0.252241 0.616148 0.811339 0.657407 0.440130 0.220852 0.604649 0.818182 0.657480 0.437884 0.220852 0.604649 0.818182 0.657579 0.435608 0.220852 0.604649 0.829912 0.657653 0.433363 0.220852 0.604649 0.821114 
0.657283 0.442375 0.252241 0.616148 0.811339 0.657407 0.440130 0.220852 0.604649 0.818182 0.657480 0.437884 0.220852 0.604649 0.818182 0.657579 0.435608 0.220852 0.604649 0.829912 0.657653 0.433363 0.220852 0.604649 0.821114 0.657751 0.431118 0.220852 0.604649 0.826002 
0.657407 0.440130 0.220852 0.604649 0.818182 0.657480 0.437884 0.220852 0.604649 0.818182 0.657579 0.435608 0.220852 0.604649 0.829912 0.657653 0.433363 0.220852 0.604649 0.821114 0.657751 0.431118 0.220852 0.604649 0.826002 0.657874 0.428903 0.220852 0.604649 0.816227 
0.657480 0.437884 0.220852 0.604649 0.818182 0.657579 0.435608 0.220852 0.604649 0.829912 0.657653 0.433363 0.220852 0.604649 0.821114 0.657751 0.431118 0.220852 0.604649 0.826002 0.657874 0.428903 0.220852 0.604649 0.816227 0.657972 0.426796 0.220852 0.604649 0.815249 
0.657579 0.435608 0.220852 0.604649 0.829912 0.657653 0.433363 0.220852 0.604649 0.821114 0.657751 0.431118 0.220852 0.604649 0.826002 0.657874 0.428903 0.220852 0.604649 0.816227 0.657972 0.426796 0.220852 0.604649 0.815249 0.658095 0.424736 0.220852 0.604649 0.814272 
0.657653 0.433363 0.220852 0.604649 0.821114 0.657751 0.431118 0.220852 0.604649 0.826002 0.657874 0.428903 0.220852 0.604649 0.816227 0.657972 0.426796 0.220852 0.604649 0.815249 0.658095 0.424736 0.220852 0.604649 0.814272 0.658243 0.422721 0.220852 0.604649 0.816227 
0.657751 0.431118 0.220852 0.604649 0.826002 0.657874 0.428903 0.220852 0.604649 0.816227 0.657972 0.426796 0.220852 0.604649 0.815249 0.658095 0.424736 0.220852 0.604649 0.814272 0.658243 0.422721 0.220852 0.604649 0.816227 0.658415 0.420706 0.220852 0.604649 0.822092 
0.657874 0.428903 0.220852 0.604649 0.816227 0.657972 0.426796 0.220852 0.604649 0.815249 0.658095 0.424736 0.220852 0.604649 0.814272 0.658243 0.422721 0.220852 0.604649 0.816227 0.658415 0.420706 0.220852 0.604649 0.822092 0.658563 0.418799 0.220852 0.604649 0.818182 
0.657972 0.426796 0.220852 0.604649 0.815249 0.658095 0.424736 0.220852 0.604649 0.814272 0.658243 0.422721 0.220852 0.604649 0.816227 0.658415 0.420706 0.220852 0.604649 0.822092 0.658563 0.418799 0.220852 0.604649 0.818182 0.658735 0.416923 0.220852 0.604649 0.821114 
0.658095 0.424736 0.220852 0.604649 0.814272 0.658243 0.422721 0.220852 0.604649 0.816227 0.658415 0.420706 0.220852 0.604649 0.822092 0.658563 0.418799 0.220852 0.604649 0.818182 0.658735 0.416923 0.220852 0.604649 0.821114 0.658907 0.415124 0.220852 0.604649 0.818182 
0.658243 0.422721 0.220852 0.604649 0.816227 0.658415 0.420706 0.220852 0.604649 0.822092 0.658563 0.418799 0.220852 0.604649 0.818182 0.658735 0.416923 0.220852 0.604649 0.821114 0.658907 0.415124 0.220852 0.604649 0.818182 0.659055 0.413401 0.220852 0.604649 0.826002 
0.658415 0.420706 0.220852 0.604649 0.822092 0.658563 0.418799 0.220852 0.604649 0.818182 0.658735 0.416923 0.220852 0.604649 0.821114 0.658907 0.415124 0.220852 0.604649 0.818182 0.659055 0.413401 0.220852 0.604649 0.826002 0.659227 0.411679 0.220852 0.604649 0.824047 
0.658563 0.418799 0.220852 0.604649 0.818182 0.658735 0.416923 0.220852 0.604649 0.821114 0.658907 0.415124 0.220852 0.604649 0.818182 0.659055 0.413401 0.220852 0.604649 0.826002 0.659227 0.411679 0.220852 0.604649 0.824047 0.659375 0.409972 0.220852 0.604649 0.821114 
0.658735 0.416923 0.220852 0.604649 0.821114 0.658907 0.415124 0.220852 0.604649 0.818182 0.659055 0.413401 0.220852 0.604649 0.826002 0.659227 0.411679 0.220852 0.604649 0.824047 0.659375 0.409972 0.220852 0.604649 0.821114 0.659523 0.408357 0.220852 0.604649 0.826002 
0.658907 0.415124 0.220852 0.604649 0.818182 0.659055 0.413401 0.220852 0.604649 0.826002 0.659227 0.411679 0.220852 0.604649 0.824047 0.659375 0.409972 0.220852 0.604649 0.821114 0.659523 0.408357 0.220852 0.604649 0.826002 0.659670 0.406788 0.220852 0.604649 0.822092 
0.659055 0.413401 0.220852 0.604649 0.826002 0.659227 0.411679 0.220852 0.604649 0.824047 0.659375 0.409972 0.220852 0.604649 0.821114 0.659523 0.408357 0.220852 0.604649 0.826002 0.659670 0.406788 0.220852 0.604649 0.822092 0.659818 0.405250 0.220852 0.604649 0.829912 
0.659227 0.411679 0.220852 0.604649 0.824047 0.659375 0.409972 0.220852 0.604649 0.821114 0.659523 0.408357 0.220852 0.604649 0.826002 0.659670 0.406788 0.220852 0.604649 0.822092 0.659818 0.405250 0.220852 0.604649 0.829912 0.659892 0.403774 0.220852 0.604649 0.827957 
0.659375 0.409972 0.220852 0.604649 0.821114 0.659523 0.408357 0.220852 0.604649 0.826002 0.659670 0.406788 0.220852 0.604649 0.822092 0.659818 0.405250 0.220852 0.604649 0.829912 0.659892 0.403774 0.220852 0.604649 0.827957 0.659941 0.402375 0.220852 0.604649 0.834800 
0.659523 0.408357 0.220852 0.604649 0.826002 0.659670 0.406788 0.220852 0.604649 0.822092 0.659818 0.405250 0.220852 0.604649 0.829912 0.659892 0.403774 0.220852 0.604649 0.827957 0.659941 0.402375 0.220852 0.604649 0.834800 0.659990 0.401037 0.220852 0.604649 0.825024 
0.659670 0.406788 0.220852 0.604649 0.822092 0.659818 0.405250 0.220852 0.604649 0.829912 0.659892 0.403774 0.220852 0.604649 0.827957 0.659941 0.402375 0.220852 0.604649 0.834800 0.659990 0.401037 0.220852 0.604649 0.825024 0.660039 0.399760 0.220852 0.604649 0.827957 
0.656841 0.389656 0.173989 0.614048 0.000000 0.654823 0.391302 0.155409 0.635185 0.000000 0.652387 0.393224 0.161032 0.652535 0.000000 0.649606 0.395316 0.134846 0.655812 0.000000 0.646530 0.397576 0.139702 0.673203 0.000000 0.643110 0.399868 0.144690 0.690604 0.000000 
0.654823 0.391302 0.155409 0.635185 0.000000 0.652387 0.393224 0.161032 0.652535 0.000000 0.649606 0.395316 0.134846 0.655812 0.000000 0.646530 0.397576 0.139702 0.673203 0.000000 0.643110 0.399868 0.144690 0.690604 0.000000 0.639468 0.402205 0.144690 0.690604 0.000000 
0.652387 0.393224 0.161032 0.652535 0.000000 0.649606 0.395316 0.134846 0.655812 0.000000 0.646530 0.397576 0.139702 0.673203 0.000000 0.643110 0.399868 0.144690 0.690604 0.000000 0.639468 0.402205 0.144690 0.690604 0.000000 0.635581 0.404558 0.144690 0.690604 0.000000 
0.649606 0.395316 0.134846 0.655812 0.000000 0.646530 0.397576 0.139702 0.673203 0.000000 0.643110 0.399868 0.144690 0.690604 0.000000 0.639468 0.402205 0.144690 0.690604 0.000000 0.635581 0.404558 0.144690 0.690604 0.000000 0.631545 0.406927 0.116254 0.693320 0.000000 
0.646530 0.397576 0.139702 0.673203 0.000000 0.643110 0.399868 0.144690 0.690604 0.000000 0.639468 0.402205 0.144690 0.690604 0.000000 0.635581 0.404558 0.144690 0.690604 0.000000 0.631545 0.406927 0.116254 0.693320 0.000000 0.627411 0.409280 0.126007 0.674628 0.000000 
0.669537 0.392916 0.640557 0.306441 0.145650 0.668406 0.394393 0.640557 0.306441 0.000000 0.667741 0.395516 0.633126 0.329736 0.000000 0.667741 0.396930 0.633126 0.329736 0.000000 0.667003 0.398576 0.591287 0.329625 0.000000 0.666314 0.400437 0.574513 0.318606 0.000000 
0.668406 0.394393 0.640557 0.306441 0.000000 0.667741 0.395516 0.633126 0.329736 0.000000 0.667741 0.396930 0.633126 0.329736 0.000000 0.667003 0.398576 0.591287 0.329625 0.000000 0.666314 0.400437 0.574513 0.318606 0.000000 0.666314 0.402467 0.537145 0.306673 0.000000 
0.667741 0.395516 0.633126 0.329736 0.000000 0.667741 0.396930 0.633126 0.329736 0.000000 0.667003 0.398576 0.591287 0.329625 0.000000 0.666314 0.400437 0.574513 0.318606 0.000000 0.666314 0.402467 0.537145 0.306673 0.000000 0.666314 0.404589 0.496025 0.302825 0.000000 
0.667741 0.396930 0.633126 0.329736 0.000000 0.667003 0.398576 0.591287 0.329625 0.000000 0.666314 0.400437 0.574513 0.318606 0.000000 0.666314 0.402467 0.537145 0.306673 0.000000 0.666314 0.404589 0.496025 0.302825 0.000000 0.667101 0.406819 0.431530 0.259844 0.000000 
0.667003 0.398576 0.591287 0.329625 0.000000 0.666314 0.400437 0.574513 0.318606 0.000000 0.666314 0.402467 0.537145 0.306673 0.000000 0.666314 0.404589 0.496025 0.302825 0.000000 0.667101 0.406819 0.431530 0.259844 0.000000 0.668406 0.409018 0.372792 0.248711 0.000000 
0.666314 0.400437 0.574513 0.318606 0.000000 0.666314 0.402467 0.537145 0.306673 0.000000 0.666314 0.404589 0.496025 0.302825 0.000000 0.667101 0.406819 0.431530 0.259844 0.000000 0.668406 0.409018 0.372792 0.248711 0.000000 0.670030 0.411202 0.311458 0.206099 0.000000 
0.666314 0.402467 0.537145 0.306673 0.000000 0.666314 0.404589 0.496025 0.302825 0.000000 0.667101 0.406819 0.431530 0.259844 0.000000 0.668406 0.409018 0.372792 0.248711 0.000000 0.670030 0.411202 0.311458 0.206099 0.000000 0.671998 0.413324 0.245393 0.173595 0.000000 
0.666314 0.404589 0.496025 0.302825 0.000000 0.667101 0.406819 0.431530 0.259844 0.000000 0.668406 0.409018 0.372792 0.248711 0.000000 0.670030 0.411202 0.311458 0.206099 0.000000 0.671998 0.413324 0.245393 0.173595 0.000000 0.674631 0.415539 0.184649 0.134877 0.000000 
0.667101 0.406819 0.431530 0.259844 0.000000 0.668406 0.409018 0.372792 0.248711 0.000000 0.670030 0.411202 0.311458 0.206099 0.000000 0.671998 0.413324 0.245393 0.173595 0.000000 0.674631 0.415539 0.184649 0.134877 0.000000 0.677534 0.417738 0.139901 0.105721 0.000000 
0.668406 0.409018 0.372792 0.248711 0.000000 0.670030 0.411202 0.311458 0.206099 0.000000 0.671998 0.413324 0.245393 0.173595 0.000000 0.674631 0.415539 0.184649 0.134877 0.000000 0.677534 0.417738 0.139901 0.105721 0.000000 0.680709 0.419953 0.081500 0.066048 0.000000 
0.670030 0.411202 0.311458 0.206099 0.000000 0.671998 0.413324 0.245393 0.173595 0.000000 0.674631 0.415539 0.184649 0.134877 0.000000 0.677534 0.417738 0.139901 0.105721 0.000000 0.680709 0.419953 0.081500 0.066048 0.000000 0.684129 0.422167 0.049405 0.049405 0.000000 
0.671998 0.413324 0.245393 0.173595 0.000000 0.674631 0.415539 0.184649 0.134877 0.000000 0.677534 0.417738 0.139901 0.105721 0.000000 0.680709 0.419953 0.081500 0.066048 0.000000 0.684129 0.422167 0.049405 0.049405 0.000000 0.687648 0.424289 0.031105 0.015852 0.000000 
0.674631 0.415539 0.184649 0.134877 0.000000 0.677534 0.417738 0.139901 0.105721 0.000000 0.680709 0.419953 0.081500 0.066048 0.000000 0.684129 0.422167 0.049405 0.049405 0.000000 0.687648 0.424289 0.031105 0.015852 0.000000 0.691289 0.426458 0.000000 0.000000 0.000000 
0.677534 0.417738 0.139901 0.105721 0.000000 0.680709 0.419953 0.081500 0.066048 0.000000 0.684129 0.422167 0.049405 0.049405 0.000000 0.687648 0.424289 0.031105 0.015852 0.000000 0.691289 0.426458 0.000000 0.000000 0.000000 0.695005 0.428565 0.000000 0.000000 0.000000 
0.680709 0.419953 0.081500 0.066048 0.000000 0.684129 0.422167 0.049405 0.049405 0.000000 0.687648 0.424289 0.031105 0.015852 0.000000 0.691289 0.426458 0.000000 0.000000 0.000000 0.695005 0.428565 0.000000 0.000000 0.000000 0.698573 0.430564 0.000000 -0.017453 0.000000 
0.684129 0.422167 0.049405 0.049405 0.000000 0.687648 0.424289 0.031105 0.015852 0.000000 0.691289 0.426458 0.000000 0.000000 0.000000 0.695005 0.428565 0.000000 0.000000 0.000000 0.698573 0.430564 0.000000 -0.017453 0.000000 0.702042 0.432348 -0.012342 -0.012342 0.000000 
0.687648 0.424289 0.031105 0.015852 0.000000 0.691289 0.426458 0.000000 0.000000 0.000000 0.695005 0.428565 0.000000 0.000000 0.000000 0.698573 0.430564 0.000000 -0.017453 0.000000 0.702042 0.432348 -0.012342 -0.012342 0.000000 0.705364 0.433978 -0.012342 -0.012342 0.000000 
0.691289 0.426458 0.000000 0.000000 0.000000 0.695005 0.428565 0.000000 0.000000 0.000000 0.698573 0.430564 0.000000 -0.017453 0.000000 0.702042 0.432348 -0.012342 -0.012342 0.000000 0.705364 0.433978 -0.012342 -0.012342 0.000000 0.708588 0.435408 -0.031105 -0.015852 0.000000 
0.695005 0.428565 0.000000 0.000000 0.000000 0.698573 0.430564 0.000000 -0.017453 0.000000 0.702042 0.432348 -0.012342 -0.012342 0.000000 0.705364 0.433978 -0.012342 -0.012342 0.000000 0.708588 0.435408 -0.031105 -0.015852 0.000000 0.711639 0.436685 -0.031105 -0.015852 0.000000 
0.698573 0.430564 0.000000 -0.017453 0.000000 0.702042 0.432348 -0.012342 -0.012342 0.000000 0.705364 0.433978 -0.012342 -0.012342 0.000000 0.708588 0.435408 -0.031105 -0.015852 0.000000 0.711639 0.436685 -0.031105 -0.015852 0.000000 0.714764 0.437838 -0.034907 0.000000 0.000000 
0.702042 0.432348 -0.012342 -0.012342 0.000000 0.705364 0.433978 -0.012342 -0.012342 0.000000 0.708588 0.435408 -0.031105 -0.015852 0.000000 0.711639 0.436685 -0.031105 -0.015852 0.000000 0.714764 0.437838 -0.034907 0.000000 0.000000 0.717766 0.438823 -0.034907 0.000000 0.000000 
0.705364 0.433978 -0.012342 -0.012342 0.000000 0.708588 0.435408 -0.031105 -0.015852 0.000000 0.711639 0.436685 -0.031105 -0.015852 0.000000 0.714764 0.437838 -0.034907 0.000000 0.000000 0.717766 0.438823 -0.034907 0.000000 0.000000 0.721014 0.439761 -0.034907 0.000000 0.000000 
0.708588 0.435408 -0.031105 -0.015852 0.000000 0.711639 0.436685 -0.031105 -0.015852 0.000000 0.714764 0.437838 -0.034907 0.000000 0.000000 0.717766 0.438823 -0.034907 0.000000 0.000000 0.721014 0.439761 -0.034907 0.000000 0.000000 0.724409 0.440622 -0.034907 0.000000 0.000000 
0.711639 0.436685 -0.031105 -0.015852 0.000000 0.714764 0.437838 -0.034907 0.000000 0.000000 0.717766 0.438823 -0.034907 0.000000 0.000000 0.721014 0.439761 -0.034907 0.000000 0.000000 0.724409 0.440622 -0.034907 0.000000 0.000000 0.728002 0.441468 -0.017453 0.000000 0.000000 
0.714764 0.437838 -0.034907 0.000000 0.000000 0.717766 0.438823 -0.034907 0.000000 0.000000 0.721014 0.439761 -0.034907 0.000000 0.000000 0.724409 0.440622 -0.034907 0.000000 0.000000 0.728002 0.441468 -0.017453 0.000000 0.000000 0.731718 0.442314 -0.017453 0.000000 0.000000 
0.717766 0.438823 -0.034907 0.000000 0.000000 0.721014 0.439761 -0.034907 0.000000 0.000000 0.724409 0.440622 -0.034907 0.000000 0.000000 0.728002 0.441468 -0.017453 0.000000 0.000000 0.731718 0.442314 -0.017453 0.000000 0.000000 0.735507 0.443175 0.000000 0.000000 0.000000 
0.721014 0.439761 -0.034907 0.000000 0.000000 0.724409 0.440622 -0.034907 0.000000 0.000000 0.728002 0.441468 -0.017453 0.000000 0.000000 0.731718 0.442314 -0.017453 0.000000 0.000000 0.735507 0.443175 0.000000 0.000000 0.000000 0.739419 0.444021 0.000000 0.000000 0.000000 
0.724409 0.440622 -0.034907 0.000000 0.000000 0.728002 0.441468 -0.017453 0.000000 0.000000 0.731718 0.442314 -0.017453 0.000000 0.000000 0.735507 0.443175 0.000000 0.000000 0.000000 0.739419 0.444021 0.000000 0.000000 0.000000 0.743233 0.444882 0.000000 0.000000 0.000000 
0.728002 0.441468 -0.017453 0.000000 0.000000 0.731718 0.442314 -0.017453 0.000000 0.000000 0.735507 0.443175 0.000000 0.000000 0.000000 0.739419 0.444021 0.000000 0.000000 0.000000 0.743233 0.444882 0.000000 0.000000 0.000000 0.746924 0.445774 0.000000 0.000000 0.000000 
0.725148 0.502368 0.316047 0.532988 0.850440 0.725148 0.501661 0.316047 0.532988 0.849462 0.725148 0.500953 0.316047 0.532988 0.847507 0.725148 0.500246 0.295926 0.520626 0.849462 0.725148 0.499569 0.295926 0.520626 0.851417 0.725197 0.498847 0.295926 0.520626 0.852395 
0.725148 0.501661 0.316047 0.532988 0.849462 0.725148 0.500953 0.316047 0.532988 0.847507 0.725148 0.500246 0.295926 0.520626 0.849462 0.725148 0.499569 0.295926 0.520626 0.851417 0.725197 0.498847 0.295926 0.520626 0.852395 0.725320 0.498108 0.295926 0.520626 0.851417 
0.725148 0.500953 0.316047 0.532988 0.847507 0.725148 0.500246 0.295926 0.520626 0.849462 0.725148 0.499569 0.295926 0.520626 0.851417 0.725197 0.498847 0.295926 0.520626 0.852395 0.725320 0.498108 0.295926 0.520626 0.851417 0.725468 0.497370 0.295926 0.520626 0.848485 
0.725148 0.500246 0.295926 0.520626 0.849462 0.725148 0.499569 0.295926 0.520626 0.851417 0.725197 0.498847 0.295926 0.520626 0.852395 0.725320 0.498108 0.295926 0.520626 0.851417 0.725468 0.497370 0.295926 0.520626 0.848485 0.725615 0.496555 0.295926 0.520626 0.844575 
0.725148 0.499569 0.295926 0.520626 0.851417 0.725197 0.498847 0.295926 0.520626 0.852395 0.725320 0.498108 0.295926 0.520626 0.851417 0.725468 0.497370 0.295926 0.520626 0.848485 0.725615 0.496555 0.295926 0.520626 0.844575 0.725689 0.495771 0.277345 0.528336 0.845552 
0.725197 0.498847 0.295926 0.520626 0.852395 0.725320 0.498108 0.295926 0.520626 0.851417 0.725468 0.497370 0.295926 0.520626 0.848485 0.725615 0.496555 0.295926 0.520626 0.844575 0.725689 0.495771 0.277345 0.528336 0.845552 0.725738 0.494925 0.277345 0.528336 0.849462 
0.725320 0.498108 0.295926 0.520626 0.851417 0.725468 0.497370 0.295926 0.520626 0.848485 0.725615 0.496555 0.295926 0.520626 0.844575 0.725689 0.495771 0.277345 0.528336 0.845552 0.725738 0.494925 0.277345 0.528336 0.849462 0.725787 0.494048 0.277345 0.528336 0.845552 
0.725468 0.497370 0.295926 0.520626 0.848485 0.725615 0.496555 0.295926 0.520626 0.844575 0.725689 0.495771 0.277345 0.528336 0.845552 0.725738 0.494925 0.277345 0.528336 0.849462 0.725787 0.494048 0.277345 0.528336 0.845552 0.725812 0.493049 0.277345 0.528336 0.845552 
0.725615 0.496555 0.295926 0.520626 0.844575 0.725689 0.495771 0.277345 0.528336 0.845552 0.725738 0.494925 0.277345 0.528336 0.849462 0.725787 0.494048 0.277345 0.528336 0.845552 0.725812 0.493049 0.277345 0.528336 0.845552 0.725812 0.492034 0.277345 0.528336 0.846530 
0.725689 0.495771 0.277345 0.528336 0.845552 0.725738 0.494925 0.277345 0.528336 0.849462 0.725787 0.494048 0.277345 0.528336 0.845552 0.725812 0.493049 0.277345 0.528336 0.845552 0.725812 0.492034 0.277345 0.528336 0.846530 0.725812 0.491003 0.277345 0.528336 0.846530 
0.725738 0.494925 0.277345 0.528336 0.849462 0.725787 0.494048 0.277345 0.528336 0.845552 0.725812 0.493049 0.277345 0.528336 0.845552 0.725812 0.492034 0.277345 0.528336 0.846530 0.725812 0.491003 0.277345 0.528336 0.846530 0.725812 0.489850 0.277345 0.528336 0.846530 
0.725787 0.494048 0.277345 0.528336 0.845552 0.725812 0.493049 0.277345 0.528336 0.845552 0.725812 0.492034 0.277345 0.528336 0.846530 0.725812 0.491003 0.277345 0.528336 0.846530 0.725812 0.489850 0.277345 0.528336 0.846530 0.725812 0.488712 0.277345 0.528336 0.845552 
0.725812 0.493049 0.277345 0.528336 0.845552 0.725812 0.492034 0.277345 0.528336 0.846530 0.725812 0.491003 0.277345 0.528336 0.846530 0.725812 0.489850 0.277345 0.528336 0.846530 0.725812 0.488712 0.277345 0.528336 0.845552 0.725812 0.487558 0.277345 0.528336 0.850440 
0.725812 0.492034 0.277345 0.528336 0.846530 0.725812 0.491003 0.277345 0.528336 0.846530 0.725812 0.489850 0.277345 0.528336 0.846530 0.725812 0.488712 0.277345 0.528336 0.845552 0.725812 0.487558 0.277345 0.528336 0.850440 0.725812 0.486359 0.277345 0.528336 0.847507 
0.725812 0.491003 0.277345 0.528336 0.846530 0.725812 0.489850 0.277345 0.528336 0.846530 0.725812 0.488712 0.277345 0.528336 0.845552 0.725812 0.487558 0.277345 0.528336 0.850440 0.725812 0.486359 0.277345 0.528336 0.847507 0.725812 0.485129 0.295926 0.520626 0.848485 
0.725812 0.489850 0.277345 0.528336 0.846530 0.725812 0.488712 0.277345 0.528336 0.845552 0.725812 0.487558 0.277345 0.528336 0.850440 0.725812 0.486359 0.277345 0.528336 0.847507 0.725812 0.485129 0.295926 0.520626 0.848485 0.725812 0.483960 0.295926 0.520626 0.854350 
0.725812 0.488712 0.277345 0.528336 0.845552 0.725812 0.487558 0.277345 0.528336 0.850440 0.725812 0.486359 0.277345 0.528336 0.847507 0.725812 0.485129 0.295926 0.520626 0.848485 0.725812 0.483960 0.295926 0.520626 0.854350 0.725812 0.482791 0.295926 0.520626 0.851417 
0.725812 0.487558 0.277345 0.528336 0.850440 0.725812 0.486359 0.277345 0.528336 0.847507 0.725812 0.485129 0.295926 0.520626 0.848485 0.725812 0.483960 0.295926 0.520626 0.854350 0.725812 0.482791 0.295926 0.520626 0.851417 0.725812 0.481561 0.295926 0.520626 0.849462 
0.725812 0.486359 0.277345 0.528336 0.847507 0.725812 0.485129 0.295926 0.520626 0.848485 0.725812 0.483960 0.295926 0.520626 0.854350 0.725812 0.482791 0.295926 0.520626 0.851417 0.725812 0.481561 0.295926 0.520626 0.849462 0.725812 0.480392 0.277345 0.528336 0.853372 
0.725812 0.485129 0.295926 0.520626 0.848485 0.725812 0.483960 0.295926 0.520626 0.854350 0.725812 0.482791 0.295926 0.520626 0.851417 0.725812 0.481561 0.295926 0.520626 0.849462 0.725812 0.480392 0.277345 0.528336 0.853372 0.725861 0.479254 0.277345 0.528336 0.850440 
0.725812 0.483960 0.295926 0.520626 0.854350 0.725812 0.482791 0.295926 0.520626 0.851417 0.725812 0.481561 0.295926 0.520626 0.849462 0.725812 0.480392 0.277345 0.528336 0.853372 0.725861 0.479254 0.277345 0.528336 0.850440 0.725935 0.478054 0.277345 0.528336 0.845552 
0.725812 0.482791 0.295926 0.520626 0.851417 0.725812 0.481561 0.295926 0.520626 0.849462 0.725812 0.480392 0.277345 0.528336 0.853372 0.725861 0.479254 0.277345 0.528336 0.850440 0.725935 0.478054 0.277345 0.528336 0.845552 0.726009 0.476870 0.277345 0.528336 0.848485 
0.725812 0.481561 0.295926 0.520626 0.849462 0.725812 0.480392 0.277345 0.528336 0.853372 0.725861 0.479254 0.277345 0.528336 0.850440 0.725935 0.478054 0.277345 0.528336 0.845552 0.726009 0.476870 0.277345 0.528336 0.848485 0.726107 0.475671 0.277345 0.528336 0.852395 
0.725812 0.480392 0.277345 0.528336 0.853372 0.725861 0.479254 0.277345 0.528336 0.850440 0.725935 0.478054 0.277345 0.528336 0.845552 0.726009 0.476870 0.277345 0.528336 0.848485 0.726107 0.475671 0.277345 0.528336 0.852395 0.726230 0.474409 0.277345 0.528336 0.851417 
0.725861 0.479254 0.277345 0.528336 0.850440 0.725935 0.478054 0.277345 0.528336 0.845552 0.726009 0.476870 0.277345 0.528336 0.848485 0.726107 0.475671 0.277345 0.528336 0.852395 0.726230 0.474409 0.277345 0.528336 0.851417 0.726378 0.473148 0.287493 0.544998 0.850440 
0.725935 0.478054 0.277345 0.528336 0.845552 0.726009 0.476870 0.277345 0.528336 0.848485 0.726107 0.475671 0.277345 0.528336 0.852395 0.726230 0.474409 0.277345 0.528336 0.851417 0.726378 0.473148 0.287493 0.544998 0.850440 0.726526 0.471933 0.277345 0.528336 0.851417 
0.726009 0.476870 0.277345 0.528336 0.848485 0.726107 0.475671 0.277345 0.528336 0.852395 0.726230 0.474409 0.277345 0.528336 0.851417 0.726378 0.473148 0.287493 0.544998 0.850440 0.726526 0.471933 0.277345 0.528336 0.851417 0.726698 0.470672 0.258187 0.515290 0.853372 
0.726107 0.475671 0.277345 0.528336 0.852395 0.726230 0.474409 0.277345 0.528336 0.851417 0.726378 0.473148 0.287493 0.544998 0.850440 0.726526 0.471933 0.277345 0.528336 0.851417 0.726698 0.470672 0.258187 0.515290 0.853372 0.726870 0.469396 0.258187 0.515290 0.853372 
0.726230 0.474409 0.277345 0.528336 0.851417 0.726378 0.473148 0.287493 0.544998 0.850440 0.726526 0.471933 0.277345 0.528336 0.851417 0.726698 0.470672 0.258187 0.515290 0.853372 0.726870 0.469396 0.258187 0.515290 0.853372 0.727042 0.468089 0.258187 0.515290 0.856305 
0.726378 0.473148 0.287493 0.544998 0.850440 0.726526 0.471933 0.277345 0.528336 0.851417 0.726698 0.470672 0.258187 0.515290 0.853372 0.726870 0.469396 0.258187 0.515290 0.853372 0.727042 0.468089 0.258187 0.515290 0.856305 0.727165 0.466797 0.258187 0.515290 0.855327 
0.726526 0.471933 0.277345 0.528336 0.851417 0.726698 0.470672 0.258187 0.515290 0.853372 0.726870 0.469396 0.258187 0.515290 0.853372 0.727042 0.468089 0.258187 0.515290 0.856305 0.727165 0.466797 0.258187 0.515290 0.855327 0.727313 0.465505 0.258187 0.515290 0.853372 
0.726698 0.470672 0.258187 0.515290 0.853372 0.726870 0.469396 0.258187 0.515290 0.853372 0.727042 0.468089 0.258187 0.515290 0.856305 0.727165 0.466797 0.258187 0.515290 0.855327 0.727313 0.465505 0.258187 0.515290 0.853372 0.727436 0.464213 0.258187 0.515290 0.850440 
0.726870 0.469396 0.258187 0.515290 0.853372 0.727042 0.468089 0.258187 0.515290 0.856305 0.727165 0.466797 0.258187 0.515290 0.855327 0.727313 0.465505 0.258187 0.515290 0.853372 0.727436 0.464213 0.258187 0.515290 0.850440 0.727584 0.462875 0.258187 0.515290 0.848485 
0.727042 0.468089 0.258187 0.515290 0.856305 0.727165 0.466797 0.258187 0.515290 0.855327 0.727313 0.465505 0.258187 0.515290 0.853372 0.727436 0.464213 0.258187 0.515290 0.850440 0.727584 0.462875 0.258187 0.515290 0.848485 0.727731 0.461460 0.239471 0.521981 0.849462 
0.727165 0.466797 0.258187 0.515290 0.855327 0.727313 0.465505 0.258187 0.515290 0.853372 0.727436 0.464213 0.258187 0.515290 0.850440 0.727584 0.462875 0.258187 0.515290 0.848485 0.727731 0.461460 0.239471 0.521981 0.849462 0.727879 0.460030 0.239471 0.521981 0.851417 
0.727313 0.465505 0.258187 0.515290 0.853372 0.727436 0.464213 0.258187 0.515290 0.850440 0.727584 0.462875 0.258187 0.515290 0.848485 0.727731 0.461460 0.239471 0.521981 0.849462 0.727879 0.460030 0.239471 0.521981 0.851417 0.728002 0.458585 0.239471 0.521981 0.845552 
0.727436 0.464213 0.258187 0.515290 0.850440 0.727584 0.462875 0.258187 0.515290 0.848485 0.727731 0.461460 0.239471 0.521981 0.849462 0.727879 0.460030 0.239471 0.521981 0.851417 0.728002 0.458585 0.239471 0.521981 0.845552 0.728125 0.457124 0.239471 0.521981 0.846530 
0.727584 0.462875 0.258187 0.515290 0.848485 0.727731 0.461460 0.239471 0.521981 0.849462 0.727879 0.460030 0.239471 0.521981 0.851417 0.728002 0.458585 0.239471 0.521981 0.845552 0.728125 0.457124 0.239471 0.521981 0.846530 0.728248 0.455647 0.239471 0.521981 0.848485 
0.727731 0.461460 0.239471 0.521981 0.849462 0.727879 0.460030 0.239471 0.521981 0.851417 0.728002 0.458585 0.239471 0.521981 0.845552 0.728125 0.457124 0.239471 0.521981 0.846530 0.728248 0.455647 0.239471 0.521981 0.848485 0.728371 0.454140 0.239471 0.521981 0.849462 
0.727879 0.460030 0.239471 0.521981 0.851417 0.728002 0.458585 0.239471 0.521981 0.845552 0.728125 0.457124 0.239471 0.521981 0.846530 0.728248 0.455647 0.239471 0.521981 0.848485 0.728371 0.454140 0.239471 0.521981 0.849462 0.728519 0.452587 0.239471 0.521981 0.848485 
0.728002 0.458585 0.239471 0.521981 0.845552 0.728125 0.457124 0.239471 0.521981 0.846530 0.728248 0.455647 0.239471 0.521981 0.848485 0.728371 0.454140 0.239471 0.521981 0.849462 0.728519 0.452587 0.239471 0.521981 0.848485 0.728642 0.451003 0.239471 0.521981 0.847507 
0.728125 0.457124 0.239471 0.521981 0.846530 0.728248 0.455647 0.239471 0.521981 0.848485 0.728371 0.454140 0.239471 0.521981 0.849462 0.728519 0.452587 0.239471 0.521981 0.848485 0.728642 0.451003 0.239471 0.521981 0.847507 0.728740 0.449449 0.239471 0.521981 0.850440 
0.728248 0.455647 0.239471 0.521981 0.848485 0.728371 0.454140 0.239471 0.521981 0.849462 0.728519 0.452587 0.239471 0.521981 0.848485 0.728642 0.451003 0.239471 0.521981 0.847507 0.728740 0.449449 0.239471 0.521981 0.850440 0.728839 0.447896 0.258187 0.515290 0.854350 
0.728371 0.454140 0.239471 0.521981 0.849462 0.728519 0.452587 0.239471 0.521981 0.848485 0.728642 0.451003 0.239471 0.521981 0.847507 0.728740 0.449449 0.239471 0.521981 0.850440 0.728839 0.447896 0.258187 0.515290 0.854350 0.728912 0.446297 0.258187 0.515290 0.847507 
0.728519 0.452587 0.239471 0.521981 0.848485 0.728642 0.451003 0.239471 0.521981 0.847507 0.728740 0.449449 0.239471 0.521981 0.850440 0.728839 0.447896 0.258187 0.515290 0.854350 0.728912 0.446297 0.258187 0.515290 0.847507 0.729011 0.444682 0.258240 0.535451 0.854350 
0.728642 0.451003 0.239471 0.521981 0.847507 0.728740 0.449449 0.239471 0.521981 0.850440 0.728839 0.447896 0.258187 0.515290 0.854350 0.728912 0.446297 0.258187 0.515290 0.847507 0.729011 0.444682 0.258240 0.535451 0.854350 0.729085 0.443021 0.258240 0.535451 0.856305 
0.728740 0.449449 0.239471 0.521981 0.850440 0.728839 0.447896 0.258187 0.515290 0.854350 0.728912 0.446297 0.258187 0.515290 0.847507 0.729011 0.444682 0.258240 0.535451 0.854350 0.729085 0.443021 0.258240 0.535451 0.856305 0.729109 0.441375 0.248499 0.538788 0.854350 
0.728839 0.447896 0.258187 0.515290 0.854350 0.728912 0.446297 0.258187 0.515290 0.847507 0.729011 0.444682 0.258240 0.535451 0.854350 0.729085 0.443021 0.258240 0.535451 0.856305 0.729109 0.441375 0.248499 0.538788 0.854350 0.729158 0.439761 0.248499 0.538788 0.848485 
0.728912 0.446297 0.258187 0.515290 0.847507 0.729011 0.444682 0.258240 0.535451 0.854350 0.729085 0.443021 0.258240 0.535451 0.856305 0.729109 0.441375 0.248499 0.538788 0.854350 0.729158 0.439761 0.248499 0.538788 0.848485 0.729183 0.438192 0.248499 0.538788 0.858260 
0.729011 0.444682 0.258240 0.535451 0.854350 0.729085 0.443021 0.258240 0.535451 0.856305 0.729109 0.441375 0.248499 0.538788 0.854350 0.729158 0.439761 0.248499 0.538788 0.848485 0.729183 0.438192 0.248499 0.538788 0.858260 0.729208 0.436593 0.248499 0.538788 0.859238 
0.729085 0.443021 0.258240 0.535451 0.856305 0.729109 0.441375 0.248499 0.538788 0.854350 0.729158 0.439761 0.248499 0.538788 0.848485 0.729183 0.438192 0.248499 0.538788 0.858260 0.729208 0.436593 0.248499 0.538788 0.859238 0.729232 0.434962 0.248499 0.538788 0.861193 
0.729109 0.441375 0.248499 0.538788 0.854350 0.729158 0.439761 0.248499 0.538788 0.848485 0.729183 0.438192 0.248499 0.538788 0.858260 0.729208 0.436593 0.248499 0.538788 0.859238 0.729232 0.434962 0.248499 0.538788 0.861193 0.729257 0.433394 0.247495 0.558882 0.854350 
0.729158 0.439761 0.248499 0.538788 0.848485 0.729183 0.438192 0.248499 0.538788 0.858260 0.729208 0.436593 0.248499 0.538788 0.859238 0.729232 0.434962 0.248499 0.538788 0.861193 0.729257 0.433394 0.247495 0.558882 0.854350 0.729282 0.431825 0.247495 0.558882 0.854350 
0.729183 0.438192 0.248499 0.538788 0.858260 0.729208 0.436593 0.248499 0.538788 0.859238 0.729232 0.434962 0.248499 0.538788 0.861193 0.729257 0.433394 0.247495 0.558882 0.854350 0.729282 0.431825 0.247495 0.558882 0.854350 0.729306 0.430287 0.247495 0.558882 0.851417 
0.729208 0.436593 0.248499 0.538788 0.859238 0.729232 0.434962 0.248499 0.538788 0.861193 0.729257 0.433394 0.247495 0.558882 0.854350 0.729282 0.431825 0.247495 0.558882 0.854350 0.729306 0.430287 0.247495 0.558882 0.851417 0.729331 0.428795 0.247495 0.558882 0.857283 
0.729232 0.434962 0.248499 0.538788 0.861193 0.729257 0.433394 0.247495 0.558882 0.854350 0.729282 0.431825 0.247495 0.558882 0.854350 0.729306 0.430287 0.247495 0.558882 0.851417 0.729331 0.428795 0.247495 0.558882 0.857283 0.729380 0.427304 0.247495 0.558882 0.851417 
0.729257 0.433394 0.247495 0.558882 0.854350 0.729282 0.431825 0.247495 0.558882 0.854350 0.729306 0.430287 0.247495 0.558882 0.851417 0.729331 0.428795 0.247495 0.558882 0.857283 0.729380 0.427304 0.247495 0.558882 0.851417 0.729429 0.425766 0.247495 0.558882 0.856305 
0.729282 0.431825 0.247495 0.558882 0.854350 0.729306 0.430287 0.247495 0.558882 0.851417 0.729331 0.428795 0.247495 0.558882 0.857283 0.729380 0.427304 0.247495 0.558882 0.851417 0.729429 0.425766 0.247495 0.558882 0.856305 0.729429 0.424336 0.247495 0.558882 0.849462 
0.729306 0.430287 0.247495 0.558882 0.851417 0.729331 0.428795 0.247495 0.558882 0.857283 0.729380 0.427304 0.247495 0.558882 0.851417 0.729429 0.425766 0.247495 0.558882 0.856305 0.729429 0.424336 0.247495 0.558882 0.849462 0.729454 0.422936 0.247495 0.558882 0.846530 
0.729331 0.428795 0.247495 0.558882 0.857283 0.729380 0.427304 0.247495 0.558882 0.851417 0.729429 0.425766 0.247495 0.558882 0.856305 0.729429 0.424336 0.247495 0.558882 0.849462 0.729454 0.422936 0.247495 0.558882 0.846530 0.729503 0.421521 0.247495 0.558882 0.849462 
0.729380 0.427304 0.247495 0.558882 0.851417 0.729429 0.425766 0.247495 0.558882 0.856305 0.729429 0.424336 0.247495 0.558882 0.849462 0.729454 0.422936 0.247495 0.558882 0.846530 0.729503 0.421521 0.247495 0.558882 0.849462 0.729552 0.420214 0.247495 0.558882 0.857283 
0.729429 0.425766 0.247495 0.558882 0.856305 0.729429 0.424336 0.247495 0.558882 0.849462 0.729454 0.422936 0.247495 0.558882 0.846530 0.729503 0.421521 0.247495 0.558882 0.849462 0.729552 0.420214 0.247495 0.558882 0.857283 0.729601 0.418922 0.247495 0.558882 0.849462 
0.729429 0.424336 0.247495 0.558882 0.849462 0.729454 0.422936 0.247495 0.558882 0.846530 0.729503 0.421521 0.247495 0.558882 0.849462 0.729552 0.420214 0.247495 0.558882 0.857283 0.729601 0.418922 0.247495 0.558882 0.849462 0.729675 0.417661 0.247495 0.558882 0.852395 
0.729454 0.422936 0.247495 0.558882 0.846530 0.729503 0.421521 0.247495 0.558882 0.849462 0.729552 0.420214 0.247495 0.558882 0.857283 0.729601 0.418922 0.247495 0.558882 0.849462 0.729675 0.417661 0.247495 0.558882 0.852395 0.729749 0.416431 0.247495 0.558882 0.850440 
0.729503 0.421521 0.247495 0.558882 0.849462 0.729552 0.420214 0.247495 0.558882 0.857283 0.729601 0.418922 0.247495 0.558882 0.849462 0.729675 0.417661 0.247495 0.558882 0.852395 0.729749 0.416431 0.247495 0.558882 0.850440 0.729872 0.415262 0.247495 0.558882 0.855327 
0.729552 0.420214 0.247495 0.558882 0.857283 0.729601 0.418922 0.247495 0.558882 0.849462 0.729675 0.417661 0.247495 0.558882 0.852395 0.729749 0.416431 0.247495 0.558882 0.850440 0.729872 0.415262 0.247495 0.558882 0.855327 0.730020 0.414093 0.247495 0.558882 0.852395 
0.729601 0.418922 0.247495 0.558882 0.849462 0.729675 0.417661 0.247495 0.558882 0.852395 0.729749 0.416431 0.247495 0.558882 0.850440 0.729872 0.415262 0.247495 0.558882 0.855327 0.730020 0.414093 0.247495 0.558882 0.852395 0.730192 0.413017 0.247495 0.558882 0.852395 
0.729675 0.417661 0.247495 0.558882 0.852395 0.729749 0.416431 0.247495 0.558882 0.850440 0.729872 0.415262 0.247495 0.558882 0.855327 0.730020 0.414093 0.247495 0.558882 0.852395 0.730192 0.413017 0.247495 0.558882 0.852395 0.730340 0.412002 0.247495 0.558882 0.853372 
0.729749 0.416431 0.247495 0.558882 0.850440 0.729872 0.415262 0.247495 0.558882 0.855327 0.730020 0.414093 0.247495 0.558882 0.852395 0.730192 0.413017 0.247495 0.558882 0.852395 0.730340 0.412002 0.247495 0.558882 0.853372 0.730561 0.410971 0.247495 0.558882 0.858260 
0.729872 0.415262 0.247495 0.558882 0.855327 0.730020 0.414093 0.247495 0.558882 0.852395 0.730192 0.413017 0.247495 0.558882 0.852395 0.730340 0.412002 0.247495 0.558882 0.853372 0.730561 0.410971 0.247495 0.558882 0.858260 0.730733 0.409987 0.247495 0.558882 0.855327 
0.730020 0.414093 0.247495 0.558882 0.852395 0.730192 0.413017 0.247495 0.558882 0.852395 0.730340 0.412002 0.247495 0.558882 0.853372 0.730561 0.410971 0.247495 0.558882 0.858260 0.730733 0.409987 0.247495 0.558882 0.855327 0.730930 0.408972 0.247495 0.558882 0.858260 
0.730192 0.413017 0.247495 0.558882 0.852395 0.730340 0.412002 0.247495 0.558882 0.853372 0.730561 0.410971 0.247495 0.558882 0.858260 0.730733 0.409987 0.247495 0.558882 0.855327 0.730930 0.408972 0.247495 0.558882 0.858260 0.731053 0.408019 0.247495 0.558882 0.855327 
0.730340 0.412002 0.247495 0.558882 0.853372 0.730561 0.410971 0.247495 0.558882 0.858260 0.730733 0.409987 0.247495 0.558882 0.855327 0.730930 0.408972 0.247495 0.558882 0.858260 0.731053 0.408019 0.247495 0.558882 0.855327 0.731201 0.407111 0.247495 0.558882 0.853372 
0.730561 0.410971 0.247495 0.558882 0.858260 0.730733 0.409987 0.247495 0.558882 0.855327 0.730930 0.408972 0.247495 0.558882 0.858260 0.731053 0.408019 0.247495 0.558882 0.855327 0.731201 0.407111 0.247495 0.558882 0.853372 0.731299 0.406173 0.247495 0.558882 0.854350 
0.730733 0.409987 0.247495 0.558882 0.855327 0.730930 0.408972 0.247495 0.558882 0.858260 0.731053 0.408019 0.247495 0.558882 0.855327 0.731201 0.407111 0.247495 0.558882 0.853372 0.731299 0.406173 0.247495 0.558882 0.854350 0.731398 0.405250 0.226729 0.564924 0.855327 
0.730930 0.408972 0.247495 0.558882 0.858260 0.731053 0.408019 0.247495 0.558882 0.855327 0.731201 0.407111 0.247495 0.558882 0.853372 0.731299 0.406173 0.247495 0.558882 0.854350 0.731398 0.405250 0.226729 0.564924 0.855327 0.731521 0.404374 0.226729 0.564924 0.860215 
0.731053 0.408019 0.247495 0.558882 0.855327 0.731201 0.407111 0.247495 0.558882 0.853372 0.731299 0.406173 0.247495 0.558882 0.854350 0.731398 0.405250 0.226729 0.564924 0.855327 0.731521 0.404374 0.226729 0.564924 0.860215 0.731619 0.403528 0.226729 0.564924 0.859238 
0.731201 0.407111 0.247495 0.558882 0.853372 0.731299 0.406173 0.247495 0.558882 0.854350 0.731398 0.405250 0.226729 0.564924 0.855327 0.731521 0.404374 0.226729 0.564924 0.860215 0.731619 0.403528 0.226729 0.564924 0.859238 0.731718 0.402651 0.226729 0.564924 0.859238 
0.731299 0.406173 0.247495 0.558882 0.854350 0.731398 0.405250 0.226729 0.564924 0.855327 0.731521 0.404374 0.226729 0.564924 0.860215 0.731619 0.403528 0.226729 0.564924 0.859238 0.731718 0.402651 0.226729 0.564924 0.859238 0.731865 0.401821 0.226729 0.564924 0.857283 
0.731398 0.405250 0.226729 0.564924 0.855327 0.731521 0.404374 0.226729 0.564924 0.860215 0.731619 0.403528 0.226729 0.564924 0.859238 0.731718 0.402651 0.226729 0.564924 0.859238 0.731865 0.401821 0.226729 0.564924 0.857283 0.731964 0.400990 0.226729 0.564924 0.855327 
0.731521 0.404374 0.226729 0.564924 0.860215 0.731619 0.403528 0.226729 0.564924 0.859238 0.731718 0.402651 0.226729 0.564924 0.859238 0.731865 0.401821 0.226729 0.564924 0.857283 0.731964 0.400990 0.226729 0.564924 0.855327 0.732062 0.400175 0.226729 0.564924 0.857283 
0.731619 0.403528 0.226729 0.564924 0.859238 0.731718 0.402651 0.226729 0.564924 0.859238 0.731865 0.401821 0.226729 0.564924 0.857283 0.731964 0.400990 0.226729 0.564924 0.855327 0.732062 0.400175 0.226729 0.564924 0.857283 0.732136 0.399437 0.226729 0.564924 0.855327 
0.725295 0.368326 0.141644 0.436425 0.000000 0.723376 0.371770 0.122111 0.404393 0.000000 0.721678 0.375461 0.104191 0.372081 0.000000 0.720079 0.379552 0.087826 0.339486 0.000000 0.718701 0.383935 0.069259 0.271365 0.000000 0.708883 0.420783 -0.012342 0.012342 0.000000 
0.582456 0.392470 0.000000 0.000000 0.000000 0.592200 0.395146 0.000000 0.000000 0.000000 0.602362 0.397715 0.000000 0.000000 0.000000 0.612844 0.400221 0.000000 0.000000 0.000000 0.623228 0.402528 0.000000 0.000000 0.000000 0.633145 0.404604 -0.017453 0.000000 0.000000 
0.592200 0.395146 0.000000 0.000000 0.000000 0.602362 0.397715 0.000000 0.000000 0.000000 0.612844 0.400221 0.000000 0.000000 0.000000 0.623228 0.402528 0.000000 0.000000 0.000000 0.633145 0.404604 -0.017453 0.000000 0.000000 0.642717 0.406511 -0.017453 0.000000 0.000000 
0.602362 0.397715 0.000000 0.000000 0.000000 0.612844 0.400221 0.000000 0.000000 0.000000 0.623228 0.402528 0.000000 0.000000 0.000000 0.633145 0.404604 -0.017453 0.000000 0.000000 0.642717 0.406511 -0.017453 0.000000 0.000000 0.652485 0.408249 -0.017453 0.000000 0.000000 
0.612844 0.400221 0.000000 0.000000 0.000000 0.623228 0.402528 0.000000 0.000000 0.000000 0.633145 0.404604 -0.017453 0.000000 0.000000 0.642717 0.406511 -0.017453 0.000000 0.000000 0.652485 0.408249 -0.017453 0.000000 0.000000 0.662475 0.409772 0.000000 0.000000 0.000000 
0.623228 0.402528 0.000000 0.000000 0.000000 0.633145 0.404604 -0.017453 0.000000 0.000000 0.642717 0.406511 -0.017453 0.000000 0.000000 0.652485 0.408249 -0.017453 0.000000 0.000000 0.662475 0.409772 0.000000 0.000000 0.000000 0.672318 0.411156 0.000000 0.000000 0.000000 
0.633145 0.404604 -0.017453 0.000000 0.000000 0.642717 0.406511 -0.017453 0.000000 0.000000 0.652485 0.408249 -0.017453 0.000000 0.000000 0.662475 0.409772 0.000000 0.000000 0.000000 0.672318 0.411156 0.000000 0.000000 0.000000 0.681471 0.412448 0.000000 0.017453 0.000000 
0.642717 0.406511 -0.017453 0.000000 0.000000 0.652485 0.408249 -0.017453 0.000000 0.000000 0.662475 0.409772 0.000000 0.000000 0.000000 0.672318 0.411156 0.000000 0.000000 0.000000 0.681471 0.412448 0.000000 0.017453 0.000000 0.689985 0.413555 0.037041 0.037041 0.000000 
0.652485 0.408249 -0.017453 0.000000 0.000000 0.662475 0.409772 0.000000 0.000000 0.000000 0.672318 0.411156 0.000000 0.000000 0.000000 0.681471 0.412448 0.000000 0.017453 0.000000 0.689985 0.413555 0.037041 0.037041 0.000000 0.698253 0.414570 0.049405 0.049405 0.000000 
0.662475 0.409772 0.000000 0.000000 0.000000 0.672318 0.411156 0.000000 0.000000 0.000000 0.681471 0.412448 0.000000 0.017453 0.000000 0.689985 0.413555 0.037041 0.037041 0.000000 0.698253 0.414570 0.049405 0.049405 0.000000 0.706078 0.415493 0.074184 0.074184 0.000000 
0.672318 0.411156 0.000000 0.000000 0.000000 0.681471 0.412448 0.000000 0.017453 0.000000 0.689985 0.413555 0.037041 0.037041 0.000000 0.698253 0.414570 0.049405 0.049405 0.000000 0.706078 0.415493 0.074184 0.074184 0.000000 0.713509 0.416277 0.086605 0.086605 0.000000 
0.681471 0.412448 0.000000 0.017453 0.000000 0.689985 0.413555 0.037041 0.037041 0.000000 0.698253 0.414570 0.049405 0.049405 0.000000 0.706078 0.415493 0.074184 0.074184 0.000000 0.713509 0.416277 0.086605 0.086605 0.000000 0.720448 0.416954 0.118970 0.103538 0.000000 
0.689985 0.413555 0.037041 0.037041 0.000000 0.698253 0.414570 0.049405 0.049405 0.000000 0.706078 0.415493 0.074184 0.074184 0.000000 0.713509 0.416277 0.086605 0.086605 0.000000 0.720448 0.416954 0.118970 0.103538 0.000000 0.726747 0.417554 0.145662 0.126840 0.000000 
0.698253 0.414570 0.049405 0.049405 0.000000 0.706078 0.415493 0.074184 0.074184 0.000000 0.713509 0.416277 0.086605 0.086605 0.000000 0.720448 0.416954 0.118970 0.103538 0.000000 0.726747 0.417554 0.145662 0.126840 0.000000 0.732456 0.418061 0.151992 0.119106 0.000000 
0.706078 0.415493 0.074184 0.074184 0.000000 0.713509 0.416277 0.086605 0.086605 0.000000 0.720448 0.416954 0.118970 0.103538 0.000000 0.726747 0.417554 0.145662 0.126840 0.000000 0.732456 0.418061 0.151992 0.119106 0.000000 0.737820 0.418061 0.177529 0.144280 0.000000 
0.713509 0.416277 0.086605 0.086605 0.000000 0.720448 0.416954 0.118970 0.103538 0.000000 0.726747 0.417554 0.145662 0.126840 0.000000 0.732456 0.418061 0.151992 0.119106 0.000000 0.737820 0.418061 0.177529 0.144280 0.000000 0.742667 0.418061 0.177529 0.144280 0.000000 
0.720448 0.416954 0.118970 0.103538 0.000000 0.726747 0.417554 0.145662 0.126840 0.000000 0.732456 0.418061 0.151992 0.119106 0.000000 0.737820 0.418061 0.177529 0.144280 0.000000 0.742667 0.418061 0.177529 0.144280 0.000000 0.746875 0.417861 0.191393 0.155638 0.000000 
0.759104 0.418538 0.202449 0.170561 0.000000 0.758489 0.418538 0.202449 0.170561 0.000000 0.756816 0.418415 0.225123 0.170885 0.000000 0.754429 0.417876 0.225123 0.170885 0.000000 0.751280 0.417123 0.230057 0.194047 0.000000 0.747466 0.416139 0.250655 0.197435 0.000000 
0.758489 0.418538 0.202449 0.170561 0.000000 0.756816 0.418415 0.225123 0.170885 0.000000 0.754429 0.417876 0.225123 0.170885 0.000000 0.751280 0.417123 0.230057 0.194047 0.000000 0.747466 0.416139 0.250655 0.197435 0.000000 0.743061 0.414924 0.250655 0.197435 0.000000 
0.756816 0.418415 0.225123 0.170885 0.000000 0.754429 0.417876 0.225123 0.170885 0.000000 0.751280 0.417123 0.230057 0.194047 0.000000 0.747466 0.416139 0.250655 0.197435 0.000000 0.743061 0.414924 0.250655 0.197435 0.000000 0.738164 0.413493 0.250655 0.197435 0.000000 
0.754429 0.417876 0.225123 0.170885 0.000000 0.751280 0.417123 0.230057 0.194047 0.000000 0.747466 0.416139 0.250655 0.197435 0.000000 0.743061 0.414924 0.250655 0.197435 0.000000 0.738164 0.413493 0.250655 0.197435 0.000000 0.732923 0.411925 0.257050 0.188711 0.000000 
0.751280 0.417123 0.230057 0.194047 0.000000 0.747466 0.416139 0.250655 0.197435 0.000000 0.743061 0.414924 0.250655 0.197435 0.000000 0.738164 0.413493 0.250655 0.197435 0.000000 0.732923 0.411925 0.257050 0.188711 0.000000 0.727559 0.410802 0.257050 0.188711 0.000000 
0.747466 0.416139 0.250655 0.197435 0.000000 0.743061 0.414924 0.250655 0.197435 0.000000 0.738164 0.413493 0.250655 0.197435 0.000000 0.732923 0.411925 0.257050 0.188711 0.000000 0.727559 0.410802 0.257050 0.188711 0.000000 0.722096 0.409680 0.282884 0.215637 0.000000 
0.743061 0.414924 0.250655 0.197435 0.000000 0.738164 0.413493 0.250655 0.197435 0.000000 0.732923 0.411925 0.257050 0.188711 0.000000 0.727559 0.410802 0.257050 0.188711 0.000000 0.722096 0.409680 0.282884 0.215637 0.000000 0.716388 0.408526 0.289756 0.205809 0.000000 
0.738164 0.413493 0.250655 0.197435 0.000000 0.732923 0.411925 0.257050 0.188711 0.000000 0.727559 0.410802 0.257050 0.188711 0.000000 0.722096 0.409680 0.282884 0.215637 0.000000 0.716388 0.408526 0.289756 0.205809 0.000000 0.710630 0.407388 0.297471 0.227032 0.000000 
0.732923 0.411925 0.257050 0.188711 0.000000 0.727559 0.410802 0.257050 0.188711 0.000000 0.722096 0.409680 0.282884 0.215637 0.000000 0.716388 0.408526 0.289756 0.205809 0.000000 0.710630 0.407388 0.297471 0.227032 0.000000 0.704823 0.406281 0.308230 0.243796 0.000000 
0.727559 0.410802 0.257050 0.188711 0.000000 0.722096 0.409680 0.282884 0.215637 0.000000 0.716388 0.408526 0.289756 0.205809 0.000000 0.710630 0.407388 0.297471 0.227032 0.000000 0.704823 0.406281 0.308230 0.243796 0.000000 0.699016 0.405204 0.337427 0.267539 0.000000 
0.722096 0.409680 0.282884 0.215637 0.000000 0.716388 0.408526 0.289756 0.205809 0.000000 0.710630 0.407388 0.297471 0.227032 0.000000 0.704823 0.406281 0.308230 0.243796 0.000000 0.699016 0.405204 0.337427 0.267539 0.000000 0.693209 0.404189 0.328693 0.278737 0.000000 
0.716388 0.408526 0.289756 0.205809 0.000000 0.710630 0.407388 0.297471 0.227032 0.000000 0.704823 0.406281 0.308230 0.243796 0.000000 0.699016 0.405204 0.337427 0.267539 0.000000 0.693209 0.404189 0.328693 0.278737 0.000000 0.687402 0.403236 0.343086 0.291215 0.000000 
0.710630 0.407388 0.297471 0.227032 0.000000 0.704823 0.406281 0.308230 0.243796 0.000000 0.699016 0.405204 0.337427 0.267539 0.000000 0.693209 0.404189 0.328693 0.278737 0.000000 0.687402 0.403236 0.343086 0.291215 0.000000 0.681595 0.402359 0.372133 0.316506 0.000000 
0.704823 0.406281 0.308230 0.243796 0.000000 0.699016 0.405204 0.337427 0.267539 0.000000 0.693209 0.404189 0.328693 0.278737 0.000000 0.687402 0.403236 0.343086 0.291215 0.000000 0.681595 0.402359 0.372133 0.316506 0.000000 0.675910 0.401529 0.386795 0.329330 0.000000 
0.699016 0.405204 0.337427 0.267539 0.000000 0.693209 0.404189 0.328693 0.278737 0.000000 0.687402 0.403236 0.343086 0.291215 0.000000 0.681595 0.402359 0.372133 0.316506 0.000000 0.675910 0.401529 0.386795 0.329330 0.000000 0.670448 0.400790 0.390750 0.355176 0.000000 
0.693209 0.404189 0.328693 0.278737 0.000000 0.687402 0.403236 0.343086 0.291215 0.000000 0.681595 0.402359 0.372133 0.316506 0.000000 0.675910 0.401529 0.386795 0.329330 0.000000 0.670448 0.400790 0.390750 0.355176 0.000000 0.665010 0.400114 0.405300 0.368660 0.000000 
0.687402 0.403236 0.343086 0.291215 0.000000 0.681595 0.402359 0.372133 0.316506 0.000000 0.675910 0.401529 0.386795 0.329330 0.000000 0.670448 0.400790 0.390750 0.355176 0.000000 0.665010 0.400114 0.405300 0.368660 0.000000 0.659596 0.399483 0.419962 0.382276 0.000000 
0.571457 0.401206 0.219979 0.205563 0.000000 0.580930 0.402851 0.174508 0.174508 0.000000 0.590970 0.404251 0.136592 0.136592 0.000000 0.601895 0.405481 0.099052 0.099052 0.000000 0.613386 0.406450 0.066048 0.081500 0.000000 0.625246 0.406419 0.052603 0.069758 0.000000 
0.580930 0.402851 0.174508 0.174508 0.000000 0.590970 0.404251 0.136592 0.136592 0.000000 0.601895 0.405481 0.099052 0.099052 0.000000 0.613386 0.406450 0.066048 0.081500 0.000000 0.625246 0.406419 0.052603 0.069758 0.000000 0.637082 0.406019 0.049405 0.049405 0.000000 
0.590970 0.404251 0.136592 0.136592 0.000000 0.601895 0.405481 0.099052 0.099052 0.000000 0.613386 0.406450 0.066048 0.081500 0.000000 0.625246 0.406419 0.052603 0.069758 0.000000 0.637082 0.406019 0.049405 0.049405 0.000000 0.648696 0.405543 0.049405 0.049405 0.000000 
0.601895 0.405481 0.099052 0.099052 0.000000 0.613386 0.406450 0.066048 0.081500 0.000000 0.625246 0.406419 0.052603 0.069758 0.000000 0.637082 0.406019 0.049405 0.049405 0.000000 0.648696 0.405543 0.049405 0.049405 0.000000 0.660236 0.406558 0.049405 0.049405 0.000000 
0.613386 0.406450 0.066048 0.081500 0.000000 0.625246 0.406419 0.052603 0.069758 0.000000 0.637082 0.406019 0.049405 0.049405 0.000000 0.648696 0.405543 0.049405 0.049405 0.000000 0.660236 0.406558 0.049405 0.049405 0.000000 0.671432 0.407342 0.074184 0.074184 0.000000 
0.625246 0.406419 0.052603 0.069758 0.000000 0.637082 0.406019 0.049405 0.049405 0.000000 0.648696 0.405543 0.049405 0.049405 0.000000 0.660236 0.406558 0.049405 0.049405 0.000000 0.671432 0.407342 0.074184 0.074184 0.000000 0.681964 0.407603 0.107247 0.090093 0.000000 
0.637082 0.406019 0.049405 0.049405 0.000000 0.648696 0.405543 0.049405 0.049405 0.000000 0.660236 0.406558 0.049405 0.049405 0.000000 0.671432 0.407342 0.074184 0.074184 0.000000 0.681964 0.407603 0.107247 0.090093 0.000000 0.691511 0.407603 0.118970 0.103538 0.000000 
0.648696 0.405543 0.049405 0.049405 0.000000 0.660236 0.406558 0.049405 0.049405 0.000000 0.671432 0.407342 0.074184 0.074184 0.000000 0.681964 0.407603 0.107247 0.090093 0.000000 0.691511 0.407603 0.118970 0.103538 0.000000 0.700172 0.407065 0.156666 0.141281 0.000000 
0.660236 0.406558 0.049405 0.049405 0.000000 0.671432 0.407342 0.074184 0.074184 0.000000 0.681964 0.407603 0.107247 0.090093 0.000000 0.691511 0.407603 0.118970 0.103538 0.000000 0.700172 0.407065 0.156666 0.141281 0.000000 0.708095 0.405989 0.196554 0.177408 0.000000 
0.671432 0.407342 0.074184 0.074184 0.000000 0.681964 0.407603 0.107247 0.090093 0.000000 0.691511 0.407603 0.118970 0.103538 0.000000 0.700172 0.407065 0.156666 0.141281 0.000000 0.708095 0.405989 0.196554 0.177408 0.000000 0.715182 0.405004 0.243946 0.205895 0.000000 
0.681964 0.407603 0.107247 0.090093 0.000000 0.691511 0.407603 0.118970 0.103538 0.000000 0.700172 0.407065 0.156666 0.141281 0.000000 0.708095 0.405989 0.196554 0.177408 0.000000 0.715182 0.405004 0.243946 0.205895 0.000000 0.721211 0.403989 0.281986 0.246707 0.000000 
0.691511 0.407603 0.118970 0.103538 0.000000 0.700172 0.407065 0.156666 0.141281 0.000000 0.708095 0.405989 0.196554 0.177408 0.000000 0.715182 0.405004 0.243946 0.205895 0.000000 0.721211 0.403989 0.281986 0.246707 0.000000 0.726206 0.402959 0.314383 0.266364 0.000000 
0.700172 0.407065 0.156666 0.141281 0.000000 0.708095 0.405989 0.196554 0.177408 0.000000 0.715182 0.405004 0.243946 0.205895 0.000000 0.721211 0.403989 0.281986 0.246707 0.000000 0.726206 0.402959 0.314383 0.266364 0.000000 0.730340 0.401959 0.343086 0.291215 0.000000 
0.708095 0.405989 0.196554 0.177408 0.000000 0.715182 0.405004 0.243946 0.205895 0.000000 0.721211 0.403989 0.281986 0.246707 0.000000 0.726206 0.402959 0.314383 0.266364 0.000000 0.730340 0.401959 0.343086 0.291215 0.000000 0.733686 0.401006 0.406755 0.335639 0.000000 
0.715182 0.405004 0.243946 0.205895 0.000000 0.721211 0.403989 0.281986 0.246707 0.000000 0.726206 0.402959 0.314383 0.266364 0.000000 0.730340 0.401959 0.343086 0.291215 0.000000 0.733686 0.401006 0.406755 0.335639 0.000000 0.736270 0.400083 0.436865 0.361515 0.000000 
0.721211 0.403989 0.281986 0.246707 0.000000 0.726206 0.402959 0.314383 0.266364 0.000000 0.730340 0.401959 0.343086 0.291215 0.000000 0.733686 0.401006 0.406755 0.335639 0.000000 0.736270 0.400083 0.436865 0.361515 0.000000 0.735605 0.399268 0.472996 0.380347 0.000000 
0.658440 0.397330 0.585693 0.434824 0.743891 0.658120 0.397915 0.585693 0.434824 0.787879 0.657800 0.398376 0.585693 0.434824 0.814272 0.657505 0.398730 0.585693 0.434824 0.827957 0.657185 0.399007 0.574767 0.411898 0.841642 0.656890 0.399222 0.574767 0.411898 0.856305 
0.658120 0.397915 0.585693 0.434824 0.787879 0.657800 0.398376 0.585693 0.434824 0.814272 0.657505 0.398730 0.585693 0.434824 0.827957 0.657185 0.399007 0.574767 0.411898 0.841642 0.656890 0.399222 0.574767 0.411898 0.856305 0.656619 0.399406 0.574767 0.411898 0.859238 
0.657800 0.398376 0.585693 0.434824 0.814272 0.657505 0.398730 0.585693 0.434824 0.827957 0.657185 0.399007 0.574767 0.411898 0.841642 0.656890 0.399222 0.574767 0.411898 0.856305 0.656619 0.399406 0.574767 0.411898 0.859238 0.656373 0.399529 0.574767 0.411898 0.849462 
0.657505 0.398730 0.585693 0.434824 0.827957 0.657185 0.399007 0.574767 0.411898 0.841642 0.656890 0.399222 0.574767 0.411898 0.856305 0.656619 0.399406 0.574767 0.411898 0.859238 0.656373 0.399529 0.574767 0.411898 0.849462 0.656176 0.399637 0.574767 0.411898 0.852395 
0.657185 0.399007 0.574767 0.411898 0.841642 0.656890 0.399222 0.574767 0.411898 0.856305 0.656619 0.399406 0.574767 0.411898 0.859238 0.656373 0.399529 0.574767 0.411898 0.849462 0.656176 0.399637 0.574767 0.411898 0.852395 0.656004 0.399714 0.574767 0.411898 0.854350 
0.656890 0.399222 0.574767 0.411898 0.856305 0.656619 0.399406 0.574767 0.411898 0.859238 0.656373 0.399529 0.574767 0.411898 0.849462 0.656176 0.399637 0.574767 0.411898 0.852395 0.656004 0.399714 0.574767 0.411898 0.854350 0.655930 0.399745 0.574767 0.411898 0.853372 
0.656619 0.399406 0.574767 0.411898 0.859238 0.656373 0.399529 0.574767 0.411898 0.849462 0.656176 0.399637 0.574767 0.411898 0.852395 0.656004 0.399714 0.574767 0.411898 0.854350 0.655930 0.399745 0.574767 0.411898 0.853372 0.655856 0.399745 0.574767 0.411898 0.846530 
0.656373 0.399529 0.574767 0.411898 0.849462 0.656176 0.399637 0.574767 0.411898 0.852395 0.656004 0.399714 0.574767 0.411898 0.854350 0.655930 0.399745 0.574767 0.411898 0.853372 0.655856 0.399745 0.574767 0.411898 0.846530 0.655856 0.399729 0.601768 0.405355 0.794721 
0.656176 0.399637 0.574767 0.411898 0.852395 0.656004 0.399714 0.574767 0.411898 0.854350 0.655930 0.399745 0.574767 0.411898 0.853372 0.655856 0.399745 0.574767 0.411898 0.846530 0.655856 0.399729 0.601768 0.405355 0.794721 0.655856 0.399560 0.601768 0.405355 0.780059 
0.656004 0.399714 0.574767 0.411898 0.854350 0.655930 0.399745 0.574767 0.411898 0.853372 0.655856 0.399745 0.574767 0.411898 0.846530 0.655856 0.399729 0.601768 0.405355 0.794721 0.655856 0.399560 0.601768 0.405355 0.780059 0.655979 0.399376 0.601768 0.405355 0.765396 
0.655930 0.399745 0.574767 0.411898 0.853372 0.655856 0.399745 0.574767 0.411898 0.846530 0.655856 0.399729 0.601768 0.405355 0.794721 0.655856 0.399560 0.601768 0.405355 0.780059 0.655979 0.399376 0.601768 0.405355 0.765396 0.656201 0.399176 0.601768 0.405355 0.758553 
