0.627313 0.497247 0.791807 -0.212062 0.143695 0.627313 0.497309 0.791807 -0.212062 0.174976 0.627313 0.497355 0.791807 -0.212062 0.209189 0.627313 0.497401 0.791807 -0.212062 0.242424 0.627313 0.497447 0.791807 -0.212062 0.269795 0.627313 0.497478 0.791807 -0.212062 0.290323 
0.627313 0.497309 0.791807 -0.212062 0.174976 0.627313 0.497355 0.791807 -0.212062 0.209189 0.627313 0.497401 0.791807 -0.212062 0.242424 0.627313 0.497447 0.791807 -0.212062 0.269795 0.627313 0.497478 0.791807 -0.212062 0.290323 0.627313 0.497509 0.791807 -0.212062 0.306940 
0.627313 0.497355 0.791807 -0.212062 0.209189 0.627313 0.497401 0.791807 -0.212062 0.242424 0.627313 0.497447 0.791807 -0.212062 0.269795 0.627313 0.497478 0.791807 -0.212062 0.290323 0.627313 0.497509 0.791807 -0.212062 0.306940 0.627338 0.497539 0.791807 -0.212062 0.324536 
0.627313 0.497401 0.791807 -0.212062 0.242424 0.627313 0.497447 0.791807 -0.212062 0.269795 0.627313 0.497478 0.791807 -0.212062 0.290323 0.627313 0.497509 0.791807 -0.212062 0.306940 0.627338 0.497539 0.791807 -0.212062 0.324536 0.627338 0.497570 0.791807 -0.212062 0.341153 
0.627313 0.497447 0.791807 -0.212062 0.269795 0.627313 0.497478 0.791807 -0.212062 0.290323 0.627313 0.497509 0.791807 -0.212062 0.306940 0.627338 0.497539 0.791807 -0.212062 0.324536 0.627338 0.497570 0.791807 -0.212062 0.341153 0.627338 0.497586 0.791807 -0.212062 0.357771 
0.627313 0.497478 0.791807 -0.212062 0.290323 0.627313 0.497509 0.791807 -0.212062 0.306940 0.627338 0.497539 0.791807 -0.212062 0.324536 0.627338 0.497570 0.791807 -0.212062 0.341153 0.627338 0.497586 0.791807 -0.212062 0.357771 0.627338 0.497601 0.791807 -0.212062 0.376344 
0.627313 0.497509 0.791807 -0.212062 0.306940 0.627338 0.497539 0.791807 -0.212062 0.324536 0.627338 0.497570 0.791807 -0.212062 0.341153 0.627338 0.497586 0.791807 -0.212062 0.357771 0.627338 0.497601 0.791807 -0.212062 0.376344 0.627338 0.497616 0.791807 -0.212062 0.409580 
0.627338 0.497539 0.791807 -0.212062 0.324536 0.627338 0.497570 0.791807 -0.212062 0.341153 0.627338 0.497586 0.791807 -0.212062 0.357771 0.627338 0.497601 0.791807 -0.212062 0.376344 0.627338 0.497616 0.791807 -0.212062 0.409580 0.627338 0.497632 0.791807 -0.212062 0.422287 
0.627338 0.497570 0.791807 -0.212062 0.341153 0.627338 0.497586 0.791807 -0.212062 0.357771 0.627338 0.497601 0.791807 -0.212062 0.376344 0.627338 0.497616 0.791807 -0.212062 0.409580 0.627338 0.497632 0.791807 -0.212062 0.422287 0.627338 0.497662 0.791807 -0.212062 0.435973 
0.627338 0.497586 0.791807 -0.212062 0.357771 0.627338 0.497601 0.791807 -0.212062 0.376344 0.627338 0.497616 0.791807 -0.212062 0.409580 0.627338 0.497632 0.791807 -0.212062 0.422287 0.627338 0.497662 0.791807 -0.212062 0.435973 0.627338 0.497678 0.791807 -0.212062 0.464321 
0.627338 0.497601 0.791807 -0.212062 0.376344 0.627338 0.497616 0.791807 -0.212062 0.409580 0.627338 0.497632 0.791807 -0.212062 0.422287 0.627338 0.497662 0.791807 -0.212062 0.435973 0.627338 0.497678 0.791807 -0.212062 0.464321 0.627338 0.497693 0.774352 -0.204991 0.481916 
0.627338 0.497616 0.791807 -0.212062 0.409580 0.627338 0.497632 0.791807 -0.212062 0.422287 0.627338 0.497662 0.791807 -0.212062 0.435973 0.627338 0.497678 0.791807 -0.212062 0.464321 0.627338 0.497693 0.774352 -0.204991 0.481916 0.627338 0.497709 0.774352 -0.204991 0.498534 
0.627338 0.497632 0.791807 -0.212062 0.422287 0.627338 0.497662 0.791807 -0.212062 0.435973 0.627338 0.497678 0.791807 -0.212062 0.464321 0.627338 0.497693 0.774352 -0.204991 0.481916 0.627338 0.497709 0.774352 -0.204991 0.498534 0.627338 0.497724 0.774352 -0.204991 0.513196 
0.627338 0.497662 0.791807 -0.212062 0.435973 0.627338 0.497678 0.791807 -0.212062 0.464321 0.627338 0.497693 0.774352 -0.204991 0.481916 0.627338 0.497709 0.774352 -0.204991 0.498534 0.627338 0.497724 0.774352 -0.204991 0.513196 0.627338 0.497739 0.774352 -0.204991 0.524927 
0.627338 0.497678 0.791807 -0.212062 0.464321 0.627338 0.497693 0.774352 -0.204991 0.481916 0.627338 0.497709 0.774352 -0.204991 0.498534 0.627338 0.497724 0.774352 -0.204991 0.513196 0.627338 0.497739 0.774352 -0.204991 0.524927 0.627338 0.497755 0.774352 -0.204991 0.534702 
0.627338 0.497693 0.774352 -0.204991 0.481916 0.627338 0.497709 0.774352 -0.204991 0.498534 0.627338 0.497724 0.774352 -0.204991 0.513196 0.627338 0.497739 0.774352 -0.204991 0.524927 0.627338 0.497755 0.774352 -0.204991 0.534702 0.627264 0.497755 0.774352 -0.204991 0.552297 
0.627338 0.497709 0.774352 -0.204991 0.498534 0.627338 0.497724 0.774352 -0.204991 0.513196 0.627338 0.497739 0.774352 -0.204991 0.524927 0.627338 0.497755 0.774352 -0.204991 0.534702 0.627264 0.497755 0.774352 -0.204991 0.552297 0.627165 0.497755 0.774352 -0.204991 0.559140 
0.627338 0.497724 0.774352 -0.204991 0.513196 0.627338 0.497739 0.774352 -0.204991 0.524927 0.627338 0.497755 0.774352 -0.204991 0.534702 0.627264 0.497755 0.774352 -0.204991 0.552297 0.627165 0.497755 0.774352 -0.204991 0.559140 0.627042 0.497755 0.774352 -0.204991 0.563050 
0.627338 0.497739 0.774352 -0.204991 0.524927 0.627338 0.497755 0.774352 -0.204991 0.534702 0.627264 0.497755 0.774352 -0.204991 0.552297 0.627165 0.497755 0.774352 -0.204991 0.559140 0.627042 0.497755 0.774352 -0.204991 0.563050 0.626870 0.497755 0.774352 -0.204991 0.565982 
0.627338 0.497755 0.774352 -0.204991 0.534702 0.627264 0.497755 0.774352 -0.204991 0.552297 0.627165 0.497755 0.774352 -0.204991 0.559140 0.627042 0.497755 0.774352 -0.204991 0.563050 0.626870 0.497755 0.774352 -0.204991 0.565982 0.626673 0.497755 0.774352 -0.204991 0.568915 
0.627264 0.497755 0.774352 -0.204991 0.552297 0.627165 0.497755 0.774352 -0.204991 0.559140 0.627042 0.497755 0.774352 -0.204991 0.563050 0.626870 0.497755 0.774352 -0.204991 0.565982 0.626673 0.497755 0.774352 -0.204991 0.568915 0.626378 0.497755 0.774352 -0.204991 0.569892 
0.627165 0.497755 0.774352 -0.204991 0.559140 0.627042 0.497755 0.774352 -0.204991 0.563050 0.626870 0.497755 0.774352 -0.204991 0.565982 0.626673 0.497755 0.774352 -0.204991 0.568915 0.626378 0.497755 0.774352 -0.204991 0.569892 0.626033 0.497755 0.774352 -0.204991 0.571847 
0.627042 0.497755 0.774352 -0.204991 0.563050 0.626870 0.497755 0.774352 -0.204991 0.565982 0.626673 0.497755 0.774352 -0.204991 0.568915 0.626378 0.497755 0.774352 -0.204991 0.569892 0.626033 0.497755 0.774352 -0.204991 0.571847 0.625664 0.497755 0.774352 -0.204991 0.574780 
0.626870 0.497755 0.774352 -0.204991 0.565982 0.626673 0.497755 0.774352 -0.204991 0.568915 0.626378 0.497755 0.774352 -0.204991 0.569892 0.626033 0.497755 0.774352 -0.204991 0.571847 0.625664 0.497755 0.774352 -0.204991 0.574780 0.625271 0.497755 0.774352 -0.204991 0.577713 
0.624065 0.482914 0.445194 -0.652140 0.000000 0.624459 0.483468 0.434223 -0.657306 0.000000 0.624754 0.483729 0.458963 -0.669117 0.000000 0.624828 0.483760 0.458963 -0.669117 0.000000 0.625000 0.483883 0.458963 -0.669117 0.000000 0.625271 0.484206 0.458963 -0.669117 0.000000 
0.624459 0.483468 0.434223 -0.657306 0.000000 0.624754 0.483729 0.458963 -0.669117 0.000000 0.624828 0.483760 0.458963 -0.669117 0.000000 0.625000 0.483883 0.458963 -0.669117 0.000000 0.625271 0.484206 0.458963 -0.669117 0.000000 0.625369 0.484636 0.458963 -0.669117 0.000000 
0.624754 0.483729 0.458963 -0.669117 0.000000 0.624828 0.483760 0.458963 -0.669117 0.000000 0.625000 0.483883 0.458963 -0.669117 0.000000 0.625271 0.484206 0.458963 -0.669117 0.000000 0.625369 0.484636 0.458963 -0.669117 0.000000 0.625517 0.485129 0.469935 -0.663714 0.000000 
0.624828 0.483760 0.458963 -0.669117 0.000000 0.625000 0.483883 0.458963 -0.669117 0.000000 0.625271 0.484206 0.458963 -0.669117 0.000000 0.625369 0.484636 0.458963 -0.669117 0.000000 0.625517 0.485129 0.469935 -0.663714 0.000000 0.625517 0.485636 0.469935 -0.663714 0.000000 
0.625000 0.483883 0.458963 -0.669117 0.000000 0.625271 0.484206 0.458963 -0.669117 0.000000 0.625369 0.484636 0.458963 -0.669117 0.000000 0.625517 0.485129 0.469935 -0.663714 0.000000 0.625517 0.485636 0.469935 -0.663714 0.000000 0.625517 0.486082 0.472993 -0.686190 0.000000 
0.625271 0.484206 0.458963 -0.669117 0.000000 0.625369 0.484636 0.458963 -0.669117 0.000000 0.625517 0.485129 0.469935 -0.663714 0.000000 0.625517 0.485636 0.469935 -0.663714 0.000000 0.625517 0.486082 0.472993 -0.686190 0.000000 0.625517 0.486451 0.484193 -0.680745 0.000000 
0.625369 0.484636 0.458963 -0.669117 0.000000 0.625517 0.485129 0.469935 -0.663714 0.000000 0.625517 0.485636 0.469935 -0.663714 0.000000 0.625517 0.486082 0.472993 -0.686190 0.000000 0.625517 0.486451 0.484193 -0.680745 0.000000 0.625517 0.486836 0.484193 -0.680745 0.000000 
0.625517 0.485129 0.469935 -0.663714 0.000000 0.625517 0.485636 0.469935 -0.663714 0.000000 0.625517 0.486082 0.472993 -0.686190 0.000000 0.625517 0.486451 0.484193 -0.680745 0.000000 0.625517 0.486836 0.484193 -0.680745 0.000000 0.625517 0.487251 0.487296 -0.703360 0.000000 
0.625517 0.485636 0.469935 -0.663714 0.000000 0.625517 0.486082 0.472993 -0.686190 0.000000 0.625517 0.486451 0.484193 -0.680745 0.000000 0.625517 0.486836 0.484193 -0.680745 0.000000 0.625517 0.487251 0.487296 -0.703360 0.000000 0.625517 0.487651 0.498718 -0.697880 0.000000 
0.625517 0.486082 0.472993 -0.686190 0.000000 0.625517 0.486451 0.484193 -0.680745 0.000000 0.625517 0.486836 0.484193 -0.680745 0.000000 0.625517 0.487251 0.487296 -0.703360 0.000000 0.625517 0.487651 0.498718 -0.697880 0.000000 0.625517 0.488051 0.498718 -0.697880 0.000000 
0.625517 0.486451 0.484193 -0.680745 0.000000 0.625517 0.486836 0.484193 -0.680745 0.000000 0.625517 0.487251 0.487296 -0.703360 0.000000 0.625517 0.487651 0.498718 -0.697880 0.000000 0.625517 0.488051 0.498718 -0.697880 0.000000 0.625517 0.488435 0.524881 -0.709404 0.000000 
0.625517 0.486836 0.484193 -0.680745 0.000000 0.625517 0.487251 0.487296 -0.703360 0.000000 0.625517 0.487651 0.498718 -0.697880 0.000000 0.625517 0.488051 0.498718 -0.697880 0.000000 0.625517 0.488435 0.524881 -0.709404 0.000000 0.625517 0.488820 0.524881 -0.709404 0.000000 
0.625517 0.487251 0.487296 -0.703360 0.000000 0.625517 0.487651 0.498718 -0.697880 0.000000 0.625517 0.488051 0.498718 -0.697880 0.000000 0.625517 0.488435 0.524881 -0.709404 0.000000 0.625517 0.488820 0.524881 -0.709404 0.000000 0.625492 0.489189 0.524881 -0.709404 0.000000 
0.625517 0.487651 0.498718 -0.697880 0.000000 0.625517 0.488051 0.498718 -0.697880 0.000000 0.625517 0.488435 0.524881 -0.709404 0.000000 0.625517 0.488820 0.524881 -0.709404 0.000000 0.625492 0.489189 0.524881 -0.709404 0.000000 0.625345 0.489558 0.524881 -0.709404 0.000000 
0.625517 0.488051 0.498718 -0.697880 0.000000 0.625517 0.488435 0.524881 -0.709404 0.000000 0.625517 0.488820 0.524881 -0.709404 0.000000 0.625492 0.489189 0.524881 -0.709404 0.000000 0.625345 0.489558 0.524881 -0.709404 0.000000 0.625197 0.489558 0.535963 -0.703481 0.000000 
0.625517 0.488435 0.524881 -0.709404 0.000000 0.625517 0.488820 0.524881 -0.709404 0.000000 0.625492 0.489189 0.524881 -0.709404 0.000000 0.625345 0.489558 0.524881 -0.709404 0.000000 0.625197 0.489558 0.535963 -0.703481 0.000000 0.625098 0.489650 0.535963 -0.703481 0.000000 
0.625517 0.488820 0.524881 -0.709404 0.000000 0.625492 0.489189 0.524881 -0.709404 0.000000 0.625345 0.489558 0.524881 -0.709404 0.000000 0.625197 0.489558 0.535963 -0.703481 0.000000 0.625098 0.489650 0.535963 -0.703481 0.000000 0.625074 0.489773 0.535963 -0.703481 0.000000 
0.625000 0.490342 0.535963 -0.703481 0.000000 0.625000 0.490711 0.535963 -0.703481 0.000000 0.625000 0.490819 0.551438 -0.720771 0.000000 0.625000 0.490957 0.551438 -0.720771 0.000000 0.625000 0.490988 0.551438 -0.720771 0.000000 0.625468 0.491019 0.567197 -0.738182 0.000000 
0.625000 0.490711 0.535963 -0.703481 0.000000 0.625000 0.490819 0.551438 -0.720771 0.000000 0.625000 0.490957 0.551438 -0.720771 0.000000 0.625000 0.490988 0.551438 -0.720771 0.000000 0.625468 0.491019 0.567197 -0.738182 0.000000 0.625148 0.491019 0.567197 -0.738182 0.000000 
0.625000 0.490819 0.551438 -0.720771 0.000000 0.625000 0.490957 0.551438 -0.720771 0.000000 0.625000 0.490988 0.551438 -0.720771 0.000000 0.625468 0.491019 0.567197 -0.738182 0.000000 0.625148 0.491019 0.567197 -0.738182 0.000000 0.625861 0.491034 0.567197 -0.738182 0.000000 
0.625000 0.490957 0.551438 -0.720771 0.000000 0.625000 0.490988 0.551438 -0.720771 0.000000 0.625468 0.491019 0.567197 -0.738182 0.000000 0.625148 0.491019 0.567197 -0.738182 0.000000 0.625861 0.491034 0.567197 -0.738182 0.000000 0.626157 0.491049 0.567197 -0.738182 0.000000 
0.625000 0.490988 0.551438 -0.720771 0.000000 0.625468 0.491019 0.567197 -0.738182 0.000000 0.625148 0.491019 0.567197 -0.738182 0.000000 0.625861 0.491034 0.567197 -0.738182 0.000000 0.626157 0.491049 0.567197 -0.738182 0.000000 0.626304 0.491111 0.567197 -0.738182 0.000000 
0.625468 0.491019 0.567197 -0.738182 0.000000 0.625148 0.491019 0.567197 -0.738182 0.000000 0.625861 0.491034 0.567197 -0.738182 0.000000 0.626157 0.491049 0.567197 -0.738182 0.000000 0.626304 0.491111 0.567197 -0.738182 0.000000 0.626722 0.491249 0.567197 -0.738182 0.000000 
0.625148 0.491019 0.567197 -0.738182 0.000000 0.625861 0.491034 0.567197 -0.738182 0.000000 0.626157 0.491049 0.567197 -0.738182 0.000000 0.626304 0.491111 0.567197 -0.738182 0.000000 0.626722 0.491249 0.567197 -0.738182 0.000000 0.626772 0.491495 0.567197 -0.738182 0.000000 
0.625861 0.491034 0.567197 -0.738182 0.000000 0.626157 0.491049 0.567197 -0.738182 0.000000 0.626304 0.491111 0.567197 -0.738182 0.000000 0.626722 0.491249 0.567197 -0.738182 0.000000 0.626772 0.491495 0.567197 -0.738182 0.000000 0.626796 0.491757 0.567197 -0.738182 0.000000 
0.626157 0.491049 0.567197 -0.738182 0.000000 0.626304 0.491111 0.567197 -0.738182 0.000000 0.626722 0.491249 0.567197 -0.738182 0.000000 0.626772 0.491495 0.567197 -0.738182 0.000000 0.626796 0.491757 0.567197 -0.738182 0.000000 0.626993 0.492034 0.562418 -0.714603 0.000000 
0.626304 0.491111 0.567197 -0.738182 0.000000 0.626722 0.491249 0.567197 -0.738182 0.000000 0.626772 0.491495 0.567197 -0.738182 0.000000 0.626796 0.491757 0.567197 -0.738182 0.000000 0.626993 0.492034 0.562418 -0.714603 0.000000 0.627042 0.492372 0.551438 -0.720771 0.000000 
0.626722 0.491249 0.567197 -0.738182 0.000000 0.626772 0.491495 0.567197 -0.738182 0.000000 0.626796 0.491757 0.567197 -0.738182 0.000000 0.626993 0.492034 0.562418 -0.714603 0.000000 0.627042 0.492372 0.551438 -0.720771 0.000000 0.627042 0.492664 0.551438 -0.720771 0.000000 
0.626772 0.491495 0.567197 -0.738182 0.000000 0.626796 0.491757 0.567197 -0.738182 0.000000 0.626993 0.492034 0.562418 -0.714603 0.000000 0.627042 0.492372 0.551438 -0.720771 0.000000 0.627042 0.492664 0.551438 -0.720771 0.000000 0.627042 0.492787 0.551438 -0.720771 0.000000 
0.626796 0.491757 0.567197 -0.738182 0.000000 0.626993 0.492034 0.562418 -0.714603 0.000000 0.627042 0.492372 0.551438 -0.720771 0.000000 0.627042 0.492664 0.551438 -0.720771 0.000000 0.627042 0.492787 0.551438 -0.720771 0.000000 0.627042 0.492895 0.546770 -0.697346 0.000000 
0.626993 0.492034 0.562418 -0.714603 0.000000 0.627042 0.492372 0.551438 -0.720771 0.000000 0.627042 0.492664 0.551438 -0.720771 0.000000 0.627042 0.492787 0.551438 -0.720771 0.000000 0.627042 0.492895 0.546770 -0.697346 0.000000 0.626747 0.493295 0.546770 -0.697346 0.000000 
0.627042 0.492372 0.551438 -0.720771 0.000000 0.627042 0.492664 0.551438 -0.720771 0.000000 0.627042 0.492787 0.551438 -0.720771 0.000000 0.627042 0.492895 0.546770 -0.697346 0.000000 0.626747 0.493295 0.546770 -0.697346 0.000000 0.626526 0.493633 0.546770 -0.697346 0.000000 
0.627042 0.492664 0.551438 -0.720771 0.000000 0.627042 0.492787 0.551438 -0.720771 0.000000 0.627042 0.492895 0.546770 -0.697346 0.000000 0.626747 0.493295 0.546770 -0.697346 0.000000 0.626526 0.493633 0.546770 -0.697346 0.000000 0.626427 0.493772 0.535963 -0.703481 0.000000 
0.627042 0.492787 0.551438 -0.720771 0.000000 0.627042 0.492895 0.546770 -0.697346 0.000000 0.626747 0.493295 0.546770 -0.697346 0.000000 0.626526 0.493633 0.546770 -0.697346 0.000000 0.626427 0.493772 0.535963 -0.703481 0.000000 0.626280 0.493818 0.535963 -0.703481 0.000000 
0.627042 0.492895 0.546770 -0.697346 0.000000 0.626747 0.493295 0.546770 -0.697346 0.000000 0.626526 0.493633 0.546770 -0.697346 0.000000 0.626427 0.493772 0.535963 -0.703481 0.000000 0.626280 0.493818 0.535963 -0.703481 0.000000 0.626058 0.493910 0.535963 -0.703481 0.000000 
0.626747 0.493295 0.546770 -0.697346 0.000000 0.626526 0.493633 0.546770 -0.697346 0.000000 0.626427 0.493772 0.535963 -0.703481 0.000000 0.626280 0.493818 0.535963 -0.703481 0.000000 0.626058 0.493910 0.535963 -0.703481 0.000000 0.626058 0.493971 0.535963 -0.703481 0.000000 
0.626526 0.493633 0.546770 -0.697346 0.000000 0.626427 0.493772 0.535963 -0.703481 0.000000 0.626280 0.493818 0.535963 -0.703481 0.000000 0.626058 0.493910 0.535963 -0.703481 0.000000 0.626058 0.493971 0.535963 -0.703481 0.000000 0.625984 0.494079 0.535963 -0.703481 0.000000 
0.626427 0.493772 0.535963 -0.703481 0.000000 0.626280 0.493818 0.535963 -0.703481 0.000000 0.626058 0.493910 0.535963 -0.703481 0.000000 0.626058 0.493971 0.535963 -0.703481 0.000000 0.625984 0.494079 0.535963 -0.703481 0.000000 0.625984 0.494125 0.498718 -0.697880 0.000000 
0.626280 0.493818 0.535963 -0.703481 0.000000 0.626058 0.493910 0.535963 -0.703481 0.000000 0.626058 0.493971 0.535963 -0.703481 0.000000 0.625984 0.494079 0.535963 -0.703481 0.000000 0.625984 0.494125 0.498718 -0.697880 0.000000 0.625984 0.494156 0.498718 -0.697880 0.000000 
0.626058 0.493910 0.535963 -0.703481 0.000000 0.626058 0.493971 0.535963 -0.703481 0.000000 0.625984 0.494079 0.535963 -0.703481 0.000000 0.625984 0.494125 0.498718 -0.697880 0.000000 0.625984 0.494156 0.498718 -0.697880 0.000000 0.625984 0.494171 0.498718 -0.697880 0.000000 
0.626058 0.493971 0.535963 -0.703481 0.000000 0.625984 0.494079 0.535963 -0.703481 0.000000 0.625984 0.494125 0.498718 -0.697880 0.000000 0.625984 0.494156 0.498718 -0.697880 0.000000 0.625984 0.494171 0.498718 -0.697880 0.000000 0.625984 0.494187 0.495138 -0.675102 0.000000 
0.625984 0.494079 0.535963 -0.703481 0.000000 0.625984 0.494125 0.498718 -0.697880 0.000000 0.625984 0.494156 0.498718 -0.697880 0.000000 0.625984 0.494171 0.498718 -0.697880 0.000000 0.625984 0.494187 0.495138 -0.675102 0.000000 0.625984 0.494202 0.495138 -0.675102 0.000000 
0.625984 0.494125 0.498718 -0.697880 0.000000 0.625984 0.494156 0.498718 -0.697880 0.000000 0.625984 0.494171 0.498718 -0.697880 0.000000 0.625984 0.494187 0.495138 -0.675102 0.000000 0.625984 0.494202 0.495138 -0.675102 0.000000 0.625984 0.494248 0.495138 -0.675102 0.000000 
0.625984 0.494156 0.498718 -0.697880 0.000000 0.625984 0.494171 0.498718 -0.697880 0.000000 0.625984 0.494187 0.495138 -0.675102 0.000000 0.625984 0.494202 0.495138 -0.675102 0.000000 0.625984 0.494248 0.495138 -0.675102 0.000000 0.625984 0.494310 0.495138 -0.675102 0.000000 
0.625984 0.494171 0.498718 -0.697880 0.000000 0.625984 0.494187 0.495138 -0.675102 0.000000 0.625984 0.494202 0.495138 -0.675102 0.000000 0.625984 0.494248 0.495138 -0.675102 0.000000 0.625984 0.494310 0.495138 -0.675102 0.000000 0.625837 0.494402 0.495138 -0.675102 0.000000 
0.625984 0.494187 0.495138 -0.675102 0.000000 0.625984 0.494202 0.495138 -0.675102 0.000000 0.625984 0.494248 0.495138 -0.675102 0.000000 0.625984 0.494310 0.495138 -0.675102 0.000000 0.625837 0.494402 0.495138 -0.675102 0.000000 0.625664 0.494540 0.495138 -0.675102 0.000000 
0.625984 0.494202 0.495138 -0.675102 0.000000 0.625984 0.494248 0.495138 -0.675102 0.000000 0.625984 0.494310 0.495138 -0.675102 0.000000 0.625837 0.494402 0.495138 -0.675102 0.000000 0.625664 0.494540 0.495138 -0.675102 0.000000 0.625468 0.494710 0.495138 -0.675102 0.000000 
0.625984 0.494248 0.495138 -0.675102 0.000000 0.625984 0.494310 0.495138 -0.675102 0.000000 0.625837 0.494402 0.495138 -0.675102 0.000000 0.625664 0.494540 0.495138 -0.675102 0.000000 0.625468 0.494710 0.495138 -0.675102 0.000000 0.625221 0.494925 0.505830 -0.669257 0.000000 
0.629232 0.389302 0.053210 -0.469020 0.000000 0.629232 0.391594 0.036979 -0.400056 0.000000 0.629232 0.393978 0.017003 -0.313756 0.000000 0.628839 0.396469 0.000000 -0.244346 0.000000 0.627780 0.399114 0.000000 -0.174533 0.000000 0.625714 0.401821 0.000000 -0.122173 0.000000 
