0.653543 0.471380 0.316268 -0.466782 0.207234 0.653519 0.471595 0.336160 -0.477975 0.000000 0.653543 0.471472 0.316268 -0.466782 0.160313 0.653617 0.471380 0.312286 -0.446418 0.258065 0.653642 0.471380 0.312286 -0.446418 0.313783 0.653642 0.471364 0.319788 -0.441764 0.481916 
0.653519 0.471595 0.336160 -0.477975 0.000000 0.653543 0.471472 0.316268 -0.466782 0.160313 0.653617 0.471380 0.312286 -0.446418 0.258065 0.653642 0.471380 0.312286 -0.446418 0.313783 0.653642 0.471364 0.319788 -0.441764 0.481916 0.653642 0.471303 0.319788 -0.441764 0.489736 
0.653543 0.471472 0.316268 -0.466782 0.160313 0.653617 0.471380 0.312286 -0.446418 0.258065 0.653642 0.471380 0.312286 -0.446418 0.313783 0.653642 0.471364 0.319788 -0.441764 0.481916 0.653642 0.471303 0.319788 -0.441764 0.489736 0.653568 0.471164 0.319788 -0.441764 0.502444 
0.653617 0.471380 0.312286 -0.446418 0.258065 0.653642 0.471380 0.312286 -0.446418 0.313783 0.653642 0.471364 0.319788 -0.441764 0.481916 0.653642 0.471303 0.319788 -0.441764 0.489736 0.653568 0.471164 0.319788 -0.441764 0.502444 0.653445 0.470995 0.319788 -0.441764 0.512219 
0.653642 0.471380 0.312286 -0.446418 0.313783 0.653642 0.471364 0.319788 -0.441764 0.481916 0.653642 0.471303 0.319788 -0.441764 0.489736 0.653568 0.471164 0.319788 -0.441764 0.502444 0.653445 0.470995 0.319788 -0.441764 0.512219 0.653322 0.470719 0.319788 -0.441764 0.524927 
0.653642 0.471364 0.319788 -0.441764 0.481916 0.653642 0.471303 0.319788 -0.441764 0.489736 0.653568 0.471164 0.319788 -0.441764 0.502444 0.653445 0.470995 0.319788 -0.441764 0.512219 0.653322 0.470719 0.319788 -0.441764 0.524927 0.653150 0.470334 0.319788 -0.441764 0.531769 
0.653642 0.471303 0.319788 -0.441764 0.489736 0.653568 0.471164 0.319788 -0.441764 0.502444 0.653445 0.470995 0.319788 -0.441764 0.512219 0.653322 0.470719 0.319788 -0.441764 0.524927 0.653150 0.470334 0.319788 -0.441764 0.531769 0.653027 0.469827 0.319788 -0.441764 0.540567 
0.653568 0.471164 0.319788 -0.441764 0.502444 0.653445 0.470995 0.319788 -0.441764 0.512219 0.653322 0.470719 0.319788 -0.441764 0.524927 0.653150 0.470334 0.319788 -0.441764 0.531769 0.653027 0.469827 0.319788 -0.441764 0.540567 0.652879 0.469196 0.293197 -0.435161 0.546432 
0.653445 0.470995 0.319788 -0.441764 0.512219 0.653322 0.470719 0.319788 -0.441764 0.524927 0.653150 0.470334 0.319788 -0.441764 0.531769 0.653027 0.469827 0.319788 -0.441764 0.540567 0.652879 0.469196 0.293197 -0.435161 0.546432 0.652805 0.468427 0.293197 -0.435161 0.558162 
0.653322 0.470719 0.319788 -0.441764 0.524927 0.653150 0.470334 0.319788 -0.441764 0.531769 0.653027 0.469827 0.319788 -0.441764 0.540567 0.652879 0.469196 0.293197 -0.435161 0.546432 0.652805 0.468427 0.293197 -0.435161 0.558162 0.652756 0.467535 0.293197 -0.435161 0.565982 
0.653150 0.470334 0.319788 -0.441764 0.531769 0.653027 0.469827 0.319788 -0.441764 0.540567 0.652879 0.469196 0.293197 -0.435161 0.546432 0.652805 0.468427 0.293197 -0.435161 0.558162 0.652756 0.467535 0.293197 -0.435161 0.565982 0.652707 0.466535 0.293197 -0.435161 0.582600 
0.653027 0.469827 0.319788 -0.441764 0.540567 0.652879 0.469196 0.293197 -0.435161 0.546432 0.652805 0.468427 0.293197 -0.435161 0.558162 0.652756 0.467535 0.293197 -0.435161 0.565982 0.652707 0.466535 0.293197 -0.435161 0.582600 0.652658 0.465459 0.293197 -0.435161 0.584555 
0.652879 0.469196 0.293197 -0.435161 0.546432 0.652805 0.468427 0.293197 -0.435161 0.558162 0.652756 0.467535 0.293197 -0.435161 0.565982 0.652707 0.466535 0.293197 -0.435161 0.582600 0.652658 0.465459 0.293197 -0.435161 0.584555 0.652608 0.464336 0.293197 -0.435161 0.582600 
0.652805 0.468427 0.293197 -0.435161 0.558162 0.652756 0.467535 0.293197 -0.435161 0.565982 0.652707 0.466535 0.293197 -0.435161 0.582600 0.652658 0.465459 0.293197 -0.435161 0.584555 0.652608 0.464336 0.293197 -0.435161 0.582600 0.652608 0.463214 0.285703 -0.439427 0.589443 
0.652756 0.467535 0.293197 -0.435161 0.565982 0.652707 0.466535 0.293197 -0.435161 0.582600 0.652658 0.465459 0.293197 -0.435161 0.584555 0.652608 0.464336 0.293197 -0.435161 0.582600 0.652608 0.463214 0.285703 -0.439427 0.589443 0.652608 0.462045 0.285703 -0.439427 0.592375 
0.652707 0.466535 0.293197 -0.435161 0.582600 0.652658 0.465459 0.293197 -0.435161 0.584555 0.652608 0.464336 0.293197 -0.435161 0.582600 0.652608 0.463214 0.285703 -0.439427 0.589443 0.652608 0.462045 0.285703 -0.439427 0.592375 0.652584 0.460876 0.281879 -0.419463 0.589443 
0.652658 0.465459 0.293197 -0.435161 0.584555 0.652608 0.464336 0.293197 -0.435161 0.582600 0.652608 0.463214 0.285703 -0.439427 0.589443 0.652608 0.462045 0.285703 -0.439427 0.592375 0.652584 0.460876 0.281879 -0.419463 0.589443 0.652559 0.459661 0.281879 -0.419463 0.582600 
0.652608 0.464336 0.293197 -0.435161 0.582600 0.652608 0.463214 0.285703 -0.439427 0.589443 0.652608 0.462045 0.285703 -0.439427 0.592375 0.652584 0.460876 0.281879 -0.419463 0.589443 0.652559 0.459661 0.281879 -0.419463 0.582600 0.652559 0.458446 0.281879 -0.419463 0.587488 
0.652608 0.463214 0.285703 -0.439427 0.589443 0.652608 0.462045 0.285703 -0.439427 0.592375 0.652584 0.460876 0.281879 -0.419463 0.589443 0.652559 0.459661 0.281879 -0.419463 0.582600 0.652559 0.458446 0.281879 -0.419463 0.587488 0.652559 0.457185 0.281879 -0.419463 0.589443 
0.652608 0.462045 0.285703 -0.439427 0.592375 0.652584 0.460876 0.281879 -0.419463 0.589443 0.652559 0.459661 0.281879 -0.419463 0.582600 0.652559 0.458446 0.281879 -0.419463 0.587488 0.652559 0.457185 0.281879 -0.419463 0.589443 0.652559 0.455878 0.256638 -0.411780 0.599218 
0.652584 0.460876 0.281879 -0.419463 0.589443 0.652559 0.459661 0.281879 -0.419463 0.582600 0.652559 0.458446 0.281879 -0.419463 0.587488 0.652559 0.457185 0.281879 -0.419463 0.589443 0.652559 0.455878 0.256638 -0.411780 0.599218 0.652559 0.454555 0.256638 -0.411780 0.594330 
0.652559 0.459661 0.281879 -0.419463 0.582600 0.652559 0.458446 0.281879 -0.419463 0.587488 0.652559 0.457185 0.281879 -0.419463 0.589443 0.652559 0.455878 0.256638 -0.411780 0.599218 0.652559 0.454555 0.256638 -0.411780 0.594330 0.652559 0.453187 0.256638 -0.411780 0.598240 
0.652559 0.458446 0.281879 -0.419463 0.587488 0.652559 0.457185 0.281879 -0.419463 0.589443 0.652559 0.455878 0.256638 -0.411780 0.599218 0.652559 0.454555 0.256638 -0.411780 0.594330 0.652559 0.453187 0.256638 -0.411780 0.598240 0.652559 0.451787 0.256638 -0.411780 0.598240 
0.652559 0.457185 0.281879 -0.419463 0.589443 0.652559 0.455878 0.256638 -0.411780 0.599218 0.652559 0.454555 0.256638 -0.411780 0.594330 0.652559 0.453187 0.256638 -0.411780 0.598240 0.652559 0.451787 0.256638 -0.411780 0.598240 0.652559 0.450311 0.256638 -0.411780 0.598240 
0.652559 0.455878 0.256638 -0.411780 0.599218 0.652559 0.454555 0.256638 -0.411780 0.594330 0.652559 0.453187 0.256638 -0.411780 0.598240 0.652559 0.451787 0.256638 -0.411780 0.598240 0.652559 0.450311 0.256638 -0.411780 0.598240 0.652584 0.448804 0.256638 -0.411780 0.593353 
0.652559 0.454555 0.256638 -0.411780 0.594330 0.652559 0.453187 0.256638 -0.411780 0.598240 0.652559 0.451787 0.256638 -0.411780 0.598240 0.652559 0.450311 0.256638 -0.411780 0.598240 0.652584 0.448804 0.256638 -0.411780 0.593353 0.652731 0.447250 0.256638 -0.411780 0.595308 
0.652559 0.453187 0.256638 -0.411780 0.598240 0.652559 0.451787 0.256638 -0.411780 0.598240 0.652559 0.450311 0.256638 -0.411780 0.598240 0.652584 0.448804 0.256638 -0.411780 0.593353 0.652731 0.447250 0.256638 -0.411780 0.595308 0.652928 0.445651 0.242175 -0.419223 0.596285 
0.652559 0.451787 0.256638 -0.411780 0.598240 0.652559 0.450311 0.256638 -0.411780 0.598240 0.652584 0.448804 0.256638 -0.411780 0.593353 0.652731 0.447250 0.256638 -0.411780 0.595308 0.652928 0.445651 0.242175 -0.419223 0.596285 0.653150 0.443975 0.242175 -0.419223 0.592375 
0.652559 0.450311 0.256638 -0.411780 0.598240 0.652584 0.448804 0.256638 -0.411780 0.593353 0.652731 0.447250 0.256638 -0.411780 0.595308 0.652928 0.445651 0.242175 -0.419223 0.596285 0.653150 0.443975 0.242175 -0.419223 0.592375 0.653371 0.442252 0.242175 -0.419223 0.593353 
0.652584 0.448804 0.256638 -0.411780 0.593353 0.652731 0.447250 0.256638 -0.411780 0.595308 0.652928 0.445651 0.242175 -0.419223 0.596285 0.653150 0.443975 0.242175 -0.419223 0.592375 0.653371 0.442252 0.242175 -0.419223 0.593353 0.653617 0.440514 0.242175 -0.419223 0.601173 
0.652731 0.447250 0.256638 -0.411780 0.595308 0.652928 0.445651 0.242175 -0.419223 0.596285 0.653150 0.443975 0.242175 -0.419223 0.592375 0.653371 0.442252 0.242175 -0.419223 0.593353 0.653617 0.440514 0.242175 -0.419223 0.601173 0.653863 0.438746 0.242175 -0.419223 0.599218 
0.652928 0.445651 0.242175 -0.419223 0.596285 0.653150 0.443975 0.242175 -0.419223 0.592375 0.653371 0.442252 0.242175 -0.419223 0.593353 0.653617 0.440514 0.242175 -0.419223 0.601173 0.653863 0.438746 0.242175 -0.419223 0.599218 0.654085 0.436946 0.242175 -0.419223 0.598240 
0.653150 0.443975 0.242175 -0.419223 0.592375 0.653371 0.442252 0.242175 -0.419223 0.593353 0.653617 0.440514 0.242175 -0.419223 0.601173 0.653863 0.438746 0.242175 -0.419223 0.599218 0.654085 0.436946 0.242175 -0.419223 0.598240 0.654282 0.435162 0.227321 -0.426167 0.592375 
0.653371 0.442252 0.242175 -0.419223 0.593353 0.653617 0.440514 0.242175 -0.419223 0.601173 0.653863 0.438746 0.242175 -0.419223 0.599218 0.654085 0.436946 0.242175 -0.419223 0.598240 0.654282 0.435162 0.227321 -0.426167 0.592375 0.654454 0.433378 0.227321 -0.426167 0.598240 
0.653617 0.440514 0.242175 -0.419223 0.601173 0.653863 0.438746 0.242175 -0.419223 0.599218 0.654085 0.436946 0.242175 -0.419223 0.598240 0.654282 0.435162 0.227321 -0.426167 0.592375 0.654454 0.433378 0.227321 -0.426167 0.598240 0.654601 0.431656 0.227321 -0.426167 0.598240 
0.653863 0.438746 0.242175 -0.419223 0.599218 0.654085 0.436946 0.242175 -0.419223 0.598240 0.654282 0.435162 0.227321 -0.426167 0.592375 0.654454 0.433378 0.227321 -0.426167 0.598240 0.654601 0.431656 0.227321 -0.426167 0.598240 0.654700 0.429995 0.227321 -0.426167 0.596285 
0.654085 0.436946 0.242175 -0.419223 0.598240 0.654282 0.435162 0.227321 -0.426167 0.592375 0.654454 0.433378 0.227321 -0.426167 0.598240 0.654601 0.431656 0.227321 -0.426167 0.598240 0.654700 0.429995 0.227321 -0.426167 0.596285 0.654749 0.428365 0.210636 -0.413141 0.596285 
0.654282 0.435162 0.227321 -0.426167 0.592375 0.654454 0.433378 0.227321 -0.426167 0.598240 0.654601 0.431656 0.227321 -0.426167 0.598240 0.654700 0.429995 0.227321 -0.426167 0.596285 0.654749 0.428365 0.210636 -0.413141 0.596285 0.654774 0.426766 0.210636 -0.413141 0.599218 
0.654454 0.433378 0.227321 -0.426167 0.598240 0.654601 0.431656 0.227321 -0.426167 0.598240 0.654700 0.429995 0.227321 -0.426167 0.596285 0.654749 0.428365 0.210636 -0.413141 0.596285 0.654774 0.426766 0.210636 -0.413141 0.599218 0.654798 0.425228 0.210636 -0.413141 0.600196 
0.654601 0.431656 0.227321 -0.426167 0.598240 0.654700 0.429995 0.227321 -0.426167 0.596285 0.654749 0.428365 0.210636 -0.413141 0.596285 0.654774 0.426766 0.210636 -0.413141 0.599218 0.654798 0.425228 0.210636 -0.413141 0.600196 0.654872 0.423767 0.210636 -0.413141 0.602151 
0.654700 0.429995 0.227321 -0.426167 0.596285 0.654749 0.428365 0.210636 -0.413141 0.596285 0.654774 0.426766 0.210636 -0.413141 0.599218 0.654798 0.425228 0.210636 -0.413141 0.600196 0.654872 0.423767 0.210636 -0.413141 0.602151 0.654946 0.422383 0.212096 -0.432613 0.608016 
0.654749 0.428365 0.210636 -0.413141 0.596285 0.654774 0.426766 0.210636 -0.413141 0.599218 0.654798 0.425228 0.210636 -0.413141 0.600196 0.654872 0.423767 0.210636 -0.413141 0.602151 0.654946 0.422383 0.212096 -0.432613 0.608016 0.654995 0.421060 0.212096 -0.432613 0.607038 
0.654774 0.426766 0.210636 -0.413141 0.599218 0.654798 0.425228 0.210636 -0.413141 0.600196 0.654872 0.423767 0.210636 -0.413141 0.602151 0.654946 0.422383 0.212096 -0.432613 0.608016 0.654995 0.421060 0.212096 -0.432613 0.607038 0.655093 0.419768 0.212096 -0.432613 0.609971 
0.654798 0.425228 0.210636 -0.413141 0.600196 0.654872 0.423767 0.210636 -0.413141 0.602151 0.654946 0.422383 0.212096 -0.432613 0.608016 0.654995 0.421060 0.212096 -0.432613 0.607038 0.655093 0.419768 0.212096 -0.432613 0.609971 0.655192 0.418522 0.196518 -0.438558 0.625611 
0.654872 0.423767 0.210636 -0.413141 0.602151 0.654946 0.422383 0.212096 -0.432613 0.608016 0.654995 0.421060 0.212096 -0.432613 0.607038 0.655093 0.419768 0.212096 -0.432613 0.609971 0.655192 0.418522 0.196518 -0.438558 0.625611 0.655340 0.417277 0.195836 -0.419160 0.635386 
0.654946 0.422383 0.212096 -0.432613 0.608016 0.654995 0.421060 0.212096 -0.432613 0.607038 0.655093 0.419768 0.212096 -0.432613 0.609971 0.655192 0.418522 0.196518 -0.438558 0.625611 0.655340 0.417277 0.195836 -0.419160 0.635386 0.655512 0.416016 0.195836 -0.419160 0.644184 
0.654995 0.421060 0.212096 -0.432613 0.607038 0.655093 0.419768 0.212096 -0.432613 0.609971 0.655192 0.418522 0.196518 -0.438558 0.625611 0.655340 0.417277 0.195836 -0.419160 0.635386 0.655512 0.416016 0.195836 -0.419160 0.644184 0.655782 0.414770 0.195836 -0.419160 0.649071 
0.655093 0.419768 0.212096 -0.432613 0.609971 0.655192 0.418522 0.196518 -0.438558 0.625611 0.655340 0.417277 0.195836 -0.419160 0.635386 0.655512 0.416016 0.195836 -0.419160 0.644184 0.655782 0.414770 0.195836 -0.419160 0.649071 0.656053 0.413524 0.195836 -0.419160 0.652981 
0.655192 0.418522 0.196518 -0.438558 0.625611 0.655340 0.417277 0.195836 -0.419160 0.635386 0.655512 0.416016 0.195836 -0.419160 0.644184 0.655782 0.414770 0.195836 -0.419160 0.649071 0.656053 0.413524 0.195836 -0.419160 0.652981 0.656422 0.412279 0.195836 -0.419160 0.654936 
0.655340 0.417277 0.195836 -0.419160 0.635386 0.655512 0.416016 0.195836 -0.419160 0.644184 0.655782 0.414770 0.195836 -0.419160 0.649071 0.656053 0.413524 0.195836 -0.419160 0.652981 0.656422 0.412279 0.195836 -0.419160 0.654936 0.657874 0.408342 0.180715 -0.424697 0.671554 
0.655512 0.416016 0.195836 -0.419160 0.644184 0.655782 0.414770 0.195836 -0.419160 0.649071 0.656053 0.413524 0.195836 -0.419160 0.652981 0.656422 0.412279 0.195836 -0.419160 0.654936 0.657874 0.408342 0.180715 -0.424697 0.671554 0.656841 0.410987 0.195836 -0.419160 0.665689 
0.655782 0.414770 0.195836 -0.419160 0.649071 0.656053 0.413524 0.195836 -0.419160 0.652981 0.656422 0.412279 0.195836 -0.419160 0.654936 0.657874 0.408342 0.180715 -0.424697 0.671554 0.656841 0.410987 0.195836 -0.419160 0.665689 0.657283 0.409664 0.180715 -0.424697 0.666667 
0.656053 0.413524 0.195836 -0.419160 0.652981 0.656422 0.412279 0.195836 -0.419160 0.654936 0.657874 0.408342 0.180715 -0.424697 0.671554 0.656841 0.410987 0.195836 -0.419160 0.665689 0.657283 0.409664 0.180715 -0.424697 0.666667 0.658514 0.407050 0.180715 -0.424697 0.668622 
0.656422 0.412279 0.195836 -0.419160 0.654936 0.657874 0.408342 0.180715 -0.424697 0.671554 0.656841 0.410987 0.195836 -0.419160 0.665689 0.657283 0.409664 0.180715 -0.424697 0.666667 0.658514 0.407050 0.180715 -0.424697 0.668622 0.659769 0.404604 0.180715 -0.424697 0.669599 
0.657874 0.408342 0.180715 -0.424697 0.671554 0.656841 0.410987 0.195836 -0.419160 0.665689 0.657283 0.409664 0.180715 -0.424697 0.666667 0.658514 0.407050 0.180715 -0.424697 0.668622 0.659769 0.404604 0.180715 -0.424697 0.669599 0.659129 0.405835 0.180715 -0.424697 0.658847 
0.656841 0.410987 0.195836 -0.419160 0.665689 0.657283 0.409664 0.180715 -0.424697 0.666667 0.658514 0.407050 0.180715 -0.424697 0.668622 0.659769 0.404604 0.180715 -0.424697 0.669599 0.659129 0.405835 0.180715 -0.424697 0.658847 0.660359 0.403405 0.158155 -0.412986 0.666667 
0.657283 0.409664 0.180715 -0.424697 0.666667 0.658514 0.407050 0.180715 -0.424697 0.668622 0.659769 0.404604 0.180715 -0.424697 0.669599 0.659129 0.405835 0.180715 -0.424697 0.658847 0.660359 0.403405 0.158155 -0.412986 0.666667 0.660950 0.402236 0.158155 -0.412986 0.660802 
0.658514 0.407050 0.180715 -0.424697 0.668622 0.659769 0.404604 0.180715 -0.424697 0.669599 0.659129 0.405835 0.180715 -0.424697 0.658847 0.660359 0.403405 0.158155 -0.412986 0.666667 0.660950 0.402236 0.158155 -0.412986 0.660802 0.661540 0.401129 0.158155 -0.412986 0.660802 
0.659769 0.404604 0.180715 -0.424697 0.669599 0.659129 0.405835 0.180715 -0.424697 0.658847 0.660359 0.403405 0.158155 -0.412986 0.666667 0.660950 0.402236 0.158155 -0.412986 0.660802 0.661540 0.401129 0.158155 -0.412986 0.660802 0.662180 0.400068 0.158155 -0.412986 0.657869 
0.609990 0.475809 0.088742 -0.429272 0.583578 0.613164 0.475686 0.088742 -0.429272 0.587488 0.616191 0.475563 0.088742 -0.429272 0.608993 0.618971 0.475440 0.088742 -0.429272 0.613881 0.621555 0.475348 0.088742 -0.429272 0.617791 0.628346 0.475240 0.088742 -0.429272 0.633431 
0.616191 0.475563 0.088742 -0.429272 0.608993 0.618971 0.475440 0.088742 -0.429272 0.613881 0.621555 0.475348 0.088742 -0.429272 0.617791 0.628346 0.475240 0.088742 -0.429272 0.633431 0.623942 0.475271 0.088742 -0.429272 0.581623 0.626206 0.475240 0.088742 -0.429272 0.629521 
0.618971 0.475440 0.088742 -0.429272 0.613881 0.621555 0.475348 0.088742 -0.429272 0.617791 0.628346 0.475240 0.088742 -0.429272 0.633431 0.623942 0.475271 0.088742 -0.429272 0.581623 0.626206 0.475240 0.088742 -0.429272 0.629521 0.630315 0.475240 0.088742 -0.429272 0.642229 
0.621555 0.475348 0.088742 -0.429272 0.617791 0.628346 0.475240 0.088742 -0.429272 0.633431 0.623942 0.475271 0.088742 -0.429272 0.581623 0.626206 0.475240 0.088742 -0.429272 0.629521 0.630315 0.475240 0.088742 -0.429272 0.642229 0.633858 0.475240 0.084750 -0.412031 0.633431 
0.628346 0.475240 0.088742 -0.429272 0.633431 0.623942 0.475271 0.088742 -0.429272 0.581623 0.626206 0.475240 0.088742 -0.429272 0.629521 0.630315 0.475240 0.088742 -0.429272 0.642229 0.633858 0.475240 0.084750 -0.412031 0.633431 0.632136 0.475240 0.088742 -0.429272 0.629521 
0.623942 0.475271 0.088742 -0.429272 0.581623 0.626206 0.475240 0.088742 -0.429272 0.629521 0.630315 0.475240 0.088742 -0.429272 0.642229 0.633858 0.475240 0.084750 -0.412031 0.633431 0.632136 0.475240 0.088742 -0.429272 0.629521 0.635507 0.475378 0.084750 -0.412031 0.638319 
0.626206 0.475240 0.088742 -0.429272 0.629521 0.630315 0.475240 0.088742 -0.429272 0.642229 0.633858 0.475240 0.084750 -0.412031 0.633431 0.632136 0.475240 0.088742 -0.429272 0.629521 0.635507 0.475378 0.084750 -0.412031 0.638319 0.637131 0.475624 0.084750 -0.412031 0.638319 
0.630315 0.475240 0.088742 -0.429272 0.642229 0.633858 0.475240 0.084750 -0.412031 0.633431 0.632136 0.475240 0.088742 -0.429272 0.629521 0.635507 0.475378 0.084750 -0.412031 0.638319 0.637131 0.475624 0.084750 -0.412031 0.638319 0.638657 0.475932 0.084750 -0.412031 0.651026 
0.633858 0.475240 0.084750 -0.412031 0.633431 0.632136 0.475240 0.088742 -0.429272 0.629521 0.635507 0.475378 0.084750 -0.412031 0.638319 0.637131 0.475624 0.084750 -0.412031 0.638319 0.638657 0.475932 0.084750 -0.412031 0.651026 0.640084 0.476240 0.084750 -0.412031 0.654936 
0.632136 0.475240 0.088742 -0.429272 0.629521 0.635507 0.475378 0.084750 -0.412031 0.638319 0.637131 0.475624 0.084750 -0.412031 0.638319 0.638657 0.475932 0.084750 -0.412031 0.651026 0.640084 0.476240 0.084750 -0.412031 0.654936 0.641363 0.476578 0.084750 -0.412031 0.648094 
0.635507 0.475378 0.084750 -0.412031 0.638319 0.637131 0.475624 0.084750 -0.412031 0.638319 0.638657 0.475932 0.084750 -0.412031 0.651026 0.640084 0.476240 0.084750 -0.412031 0.654936 0.641363 0.476578 0.084750 -0.412031 0.648094 0.642593 0.476901 0.084750 -0.412031 0.640274 
0.637131 0.475624 0.084750 -0.412031 0.638319 0.638657 0.475932 0.084750 -0.412031 0.651026 0.640084 0.476240 0.084750 -0.412031 0.654936 0.641363 0.476578 0.084750 -0.412031 0.648094 0.642593 0.476901 0.084750 -0.412031 0.640274 0.643750 0.477239 0.084750 -0.412031 0.641251 
0.638657 0.475932 0.084750 -0.412031 0.651026 0.640084 0.476240 0.084750 -0.412031 0.654936 0.641363 0.476578 0.084750 -0.412031 0.648094 0.642593 0.476901 0.084750 -0.412031 0.640274 0.643750 0.477239 0.084750 -0.412031 0.641251 0.644857 0.477562 0.084750 -0.412031 0.642229 
0.640084 0.476240 0.084750 -0.412031 0.654936 0.641363 0.476578 0.084750 -0.412031 0.648094 0.642593 0.476901 0.084750 -0.412031 0.640274 0.643750 0.477239 0.084750 -0.412031 0.641251 0.644857 0.477562 0.084750 -0.412031 0.642229 0.645891 0.477885 0.084750 -0.412031 0.635386 
0.641363 0.476578 0.084750 -0.412031 0.648094 0.642593 0.476901 0.084750 -0.412031 0.640274 0.643750 0.477239 0.084750 -0.412031 0.641251 0.644857 0.477562 0.084750 -0.412031 0.642229 0.645891 0.477885 0.084750 -0.412031 0.635386 0.646801 0.478147 0.084750 -0.412031 0.638319 
0.642593 0.476901 0.084750 -0.412031 0.640274 0.643750 0.477239 0.084750 -0.412031 0.641251 0.644857 0.477562 0.084750 -0.412031 0.642229 0.645891 0.477885 0.084750 -0.412031 0.635386 0.646801 0.478147 0.084750 -0.412031 0.638319 0.647662 0.478362 0.088742 -0.429272 0.644184 
0.643750 0.477239 0.084750 -0.412031 0.641251 0.644857 0.477562 0.084750 -0.412031 0.642229 0.645891 0.477885 0.084750 -0.412031 0.635386 0.646801 0.478147 0.084750 -0.412031 0.638319 0.647662 0.478362 0.088742 -0.429272 0.644184 0.648474 0.478546 0.088742 -0.429272 0.638319 
0.644857 0.477562 0.084750 -0.412031 0.642229 0.645891 0.477885 0.084750 -0.412031 0.635386 0.646801 0.478147 0.084750 -0.412031 0.638319 0.647662 0.478362 0.088742 -0.429272 0.644184 0.648474 0.478546 0.088742 -0.429272 0.638319 0.649262 0.478716 0.088742 -0.429272 0.636364 
0.645891 0.477885 0.084750 -0.412031 0.635386 0.646801 0.478147 0.084750 -0.412031 0.638319 0.647662 0.478362 0.088742 -0.429272 0.644184 0.648474 0.478546 0.088742 -0.429272 0.638319 0.649262 0.478716 0.088742 -0.429272 0.636364 0.650025 0.478839 0.088742 -0.429272 0.637341 
0.646801 0.478147 0.084750 -0.412031 0.638319 0.647662 0.478362 0.088742 -0.429272 0.644184 0.648474 0.478546 0.088742 -0.429272 0.638319 0.649262 0.478716 0.088742 -0.429272 0.636364 0.650025 0.478839 0.088742 -0.429272 0.637341 0.650714 0.478946 0.088742 -0.429272 0.643206 
0.647662 0.478362 0.088742 -0.429272 0.644184 0.648474 0.478546 0.088742 -0.429272 0.638319 0.649262 0.478716 0.088742 -0.429272 0.636364 0.650025 0.478839 0.088742 -0.429272 0.637341 0.650714 0.478946 0.088742 -0.429272 0.643206 0.651378 0.479023 0.088742 -0.429272 0.641251 
0.648474 0.478546 0.088742 -0.429272 0.638319 0.649262 0.478716 0.088742 -0.429272 0.636364 0.650025 0.478839 0.088742 -0.429272 0.637341 0.650714 0.478946 0.088742 -0.429272 0.643206 0.651378 0.479023 0.088742 -0.429272 0.641251 0.651968 0.479085 0.088742 -0.429272 0.645161 
0.649262 0.478716 0.088742 -0.429272 0.636364 0.650025 0.478839 0.088742 -0.429272 0.637341 0.650714 0.478946 0.088742 -0.429272 0.643206 0.651378 0.479023 0.088742 -0.429272 0.641251 0.651968 0.479085 0.088742 -0.429272 0.645161 0.652559 0.479115 0.088742 -0.429272 0.650049 
0.650025 0.478839 0.088742 -0.429272 0.637341 0.650714 0.478946 0.088742 -0.429272 0.643206 0.651378 0.479023 0.088742 -0.429272 0.641251 0.651968 0.479085 0.088742 -0.429272 0.645161 0.652559 0.479115 0.088742 -0.429272 0.650049 0.653150 0.479131 0.088742 -0.429272 0.659824 
0.650714 0.478946 0.088742 -0.429272 0.643206 0.651378 0.479023 0.088742 -0.429272 0.641251 0.651968 0.479085 0.088742 -0.429272 0.645161 0.652559 0.479115 0.088742 -0.429272 0.650049 0.653150 0.479131 0.088742 -0.429272 0.659824 0.653691 0.479146 0.084492 -0.447782 0.666667 
0.651378 0.479023 0.088742 -0.429272 0.641251 0.651968 0.479085 0.088742 -0.429272 0.645161 0.652559 0.479115 0.088742 -0.429272 0.650049 0.653150 0.479131 0.088742 -0.429272 0.659824 0.653691 0.479146 0.084492 -0.447782 0.666667 0.654257 0.479146 0.084492 -0.447782 0.672532 
0.651968 0.479085 0.088742 -0.429272 0.645161 0.652559 0.479115 0.088742 -0.429272 0.650049 0.653150 0.479131 0.088742 -0.429272 0.659824 0.653691 0.479146 0.084492 -0.447782 0.666667 0.654257 0.479146 0.084492 -0.447782 0.672532 0.654774 0.479162 0.084492 -0.447782 0.676442 
0.652559 0.479115 0.088742 -0.429272 0.650049 0.653150 0.479131 0.088742 -0.429272 0.659824 0.653691 0.479146 0.084492 -0.447782 0.666667 0.654257 0.479146 0.084492 -0.447782 0.672532 0.654774 0.479162 0.084492 -0.447782 0.676442 0.655315 0.479177 0.105543 -0.462360 0.680352 
0.653150 0.479131 0.088742 -0.429272 0.659824 0.653691 0.479146 0.084492 -0.447782 0.666667 0.654257 0.479146 0.084492 -0.447782 0.672532 0.654774 0.479162 0.084492 -0.447782 0.676442 0.655315 0.479177 0.105543 -0.462360 0.680352 0.655807 0.479177 0.105543 -0.462360 0.685239 
0.653691 0.479146 0.084492 -0.447782 0.666667 0.654257 0.479146 0.084492 -0.447782 0.672532 0.654774 0.479162 0.084492 -0.447782 0.676442 0.655315 0.479177 0.105543 -0.462360 0.680352 0.655807 0.479177 0.105543 -0.462360 0.685239 0.656250 0.479177 0.084492 -0.447782 0.688172 
0.654257 0.479146 0.084492 -0.447782 0.672532 0.654774 0.479162 0.084492 -0.447782 0.676442 0.655315 0.479177 0.105543 -0.462360 0.680352 0.655807 0.479177 0.105543 -0.462360 0.685239 0.656250 0.479177 0.084492 -0.447782 0.688172 0.656668 0.479177 0.084492 -0.447782 0.689150 
0.654774 0.479162 0.084492 -0.447782 0.676442 0.655315 0.479177 0.105543 -0.462360 0.680352 0.655807 0.479177 0.105543 -0.462360 0.685239 0.656250 0.479177 0.084492 -0.447782 0.688172 0.656668 0.479177 0.084492 -0.447782 0.689150 0.657013 0.479192 0.084492 -0.447782 0.697947 
0.655315 0.479177 0.105543 -0.462360 0.680352 0.655807 0.479177 0.105543 -0.462360 0.685239 0.656250 0.479177 0.084492 -0.447782 0.688172 0.656668 0.479177 0.084492 -0.447782 0.689150 0.657013 0.479192 0.084492 -0.447782 0.697947 0.657283 0.479208 0.084492 -0.447782 0.704790 
0.655807 0.479177 0.105543 -0.462360 0.685239 0.656250 0.479177 0.084492 -0.447782 0.688172 0.656668 0.479177 0.084492 -0.447782 0.689150 0.657013 0.479192 0.084492 -0.447782 0.697947 0.657283 0.479208 0.084492 -0.447782 0.704790 0.657456 0.479208 0.084492 -0.447782 0.705767 
0.656250 0.479177 0.084492 -0.447782 0.688172 0.656668 0.479177 0.084492 -0.447782 0.689150 0.657013 0.479192 0.084492 -0.447782 0.697947 0.657283 0.479208 0.084492 -0.447782 0.704790 0.657456 0.479208 0.084492 -0.447782 0.705767 0.657579 0.479223 0.084492 -0.447782 0.704790 
0.656668 0.479177 0.084492 -0.447782 0.689150 0.657013 0.479192 0.084492 -0.447782 0.697947 0.657283 0.479208 0.084492 -0.447782 0.704790 0.657456 0.479208 0.084492 -0.447782 0.705767 0.657579 0.479223 0.084492 -0.447782 0.704790 0.657653 0.479238 0.084492 -0.447782 0.703812 
0.657013 0.479192 0.084492 -0.447782 0.697947 0.657283 0.479208 0.084492 -0.447782 0.704790 0.657456 0.479208 0.084492 -0.447782 0.705767 0.657579 0.479223 0.084492 -0.447782 0.704790 0.657653 0.479238 0.084492 -0.447782 0.703812 0.657653 0.479254 0.084492 -0.447782 0.701857 
0.657283 0.479208 0.084492 -0.447782 0.704790 0.657456 0.479208 0.084492 -0.447782 0.705767 0.657579 0.479223 0.084492 -0.447782 0.704790 0.657653 0.479238 0.084492 -0.447782 0.703812 0.657653 0.479254 0.084492 -0.447782 0.701857 0.657653 0.479269 0.084492 -0.447782 0.695992 
0.657456 0.479208 0.084492 -0.447782 0.705767 0.657579 0.479223 0.084492 -0.447782 0.704790 0.657653 0.479238 0.084492 -0.447782 0.703812 0.657653 0.479254 0.084492 -0.447782 0.701857 0.657653 0.479269 0.084492 -0.447782 0.695992 0.657653 0.479300 0.084492 -0.447782 0.692082 
0.657579 0.479223 0.084492 -0.447782 0.704790 0.657653 0.479238 0.084492 -0.447782 0.703812 0.657653 0.479254 0.084492 -0.447782 0.701857 0.657653 0.479269 0.084492 -0.447782 0.695992 0.657653 0.479300 0.084492 -0.447782 0.692082 0.657653 0.479346 0.084492 -0.447782 0.682307 
0.657653 0.479238 0.084492 -0.447782 0.703812 0.657653 0.479254 0.084492 -0.447782 0.701857 0.657653 0.479269 0.084492 -0.447782 0.695992 0.657653 0.479300 0.084492 -0.447782 0.692082 0.657653 0.479346 0.084492 -0.447782 0.682307 0.657653 0.479377 0.084492 -0.447782 0.674487 
0.657653 0.479254 0.084492 -0.447782 0.701857 0.657653 0.479269 0.084492 -0.447782 0.695992 0.657653 0.479300 0.084492 -0.447782 0.692082 0.657653 0.479346 0.084492 -0.447782 0.682307 0.657653 0.479377 0.084492 -0.447782 0.674487 0.657653 0.479423 0.084492 -0.447782 0.660802 
0.657653 0.479269 0.084492 -0.447782 0.695992 0.657653 0.479300 0.084492 -0.447782 0.692082 0.657653 0.479346 0.084492 -0.447782 0.682307 0.657653 0.479377 0.084492 -0.447782 0.674487 0.657653 0.479423 0.084492 -0.447782 0.660802 0.657653 0.479469 0.084492 -0.447782 0.643206 
0.657653 0.479300 0.084492 -0.447782 0.692082 0.657653 0.479346 0.084492 -0.447782 0.682307 0.657653 0.479377 0.084492 -0.447782 0.674487 0.657653 0.479423 0.084492 -0.447782 0.660802 0.657653 0.479469 0.084492 -0.447782 0.643206 0.657628 0.479515 0.084492 -0.447782 0.616813 
0.657653 0.479346 0.084492 -0.447782 0.682307 0.657653 0.479377 0.084492 -0.447782 0.674487 0.657653 0.479423 0.084492 -0.447782 0.660802 0.657653 0.479469 0.084492 -0.447782 0.643206 0.657628 0.479515 0.084492 -0.447782 0.616813 0.657505 0.479577 0.084492 -0.447782 0.583578 
0.657653 0.479377 0.084492 -0.447782 0.674487 0.657653 0.479423 0.084492 -0.447782 0.660802 0.657653 0.479469 0.084492 -0.447782 0.643206 0.657628 0.479515 0.084492 -0.447782 0.616813 0.657505 0.479577 0.084492 -0.447782 0.583578 0.657333 0.479684 0.084492 -0.447782 0.537634 
0.657653 0.479423 0.084492 -0.447782 0.660802 0.657653 0.479469 0.084492 -0.447782 0.643206 0.657628 0.479515 0.084492 -0.447782 0.616813 0.657505 0.479577 0.084492 -0.447782 0.583578 0.657333 0.479684 0.084492 -0.447782 0.537634 0.657136 0.479854 0.084492 -0.447782 0.473118 
0.657653 0.479469 0.084492 -0.447782 0.643206 0.657628 0.479515 0.084492 -0.447782 0.616813 0.657505 0.479577 0.084492 -0.447782 0.583578 0.657333 0.479684 0.084492 -0.447782 0.537634 0.657136 0.479854 0.084492 -0.447782 0.473118 0.656964 0.480069 0.088248 -0.465074 0.378299 
0.657628 0.479515 0.084492 -0.447782 0.616813 0.657505 0.479577 0.084492 -0.447782 0.583578 0.657333 0.479684 0.084492 -0.447782 0.537634 0.657136 0.479854 0.084492 -0.447782 0.473118 0.656964 0.480069 0.088248 -0.465074 0.378299 0.656841 0.480376 0.088248 -0.465074 0.229717 
0.657505 0.479577 0.084492 -0.447782 0.583578 0.657333 0.479684 0.084492 -0.447782 0.537634 0.657136 0.479854 0.084492 -0.447782 0.473118 0.656964 0.480069 0.088248 -0.465074 0.378299 0.656841 0.480376 0.088248 -0.465074 0.229717 0.656767 0.480715 0.088248 -0.465074 0.063539 
0.657333 0.479684 0.084492 -0.447782 0.537634 0.657136 0.479854 0.084492 -0.447782 0.473118 0.656964 0.480069 0.088248 -0.465074 0.378299 0.656841 0.480376 0.088248 -0.465074 0.229717 0.656767 0.480715 0.088248 -0.465074 0.063539 0.656693 0.481192 0.082987 -0.483575 0.000000 
0.657136 0.479854 0.084492 -0.447782 0.473118 0.656964 0.480069 0.088248 -0.465074 0.378299 0.656841 0.480376 0.088248 -0.465074 0.229717 0.656767 0.480715 0.088248 -0.465074 0.063539 0.656693 0.481192 0.082987 -0.483575 0.000000 0.656447 0.481268 0.086497 -0.500910 0.000000 
0.656964 0.480069 0.088248 -0.465074 0.378299 0.656841 0.480376 0.088248 -0.465074 0.229717 0.656767 0.480715 0.088248 -0.465074 0.063539 0.656693 0.481192 0.082987 -0.483575 0.000000 0.656447 0.481268 0.086497 -0.500910 0.000000 0.656004 0.481607 0.086497 -0.500910 0.000000 
0.656841 0.480376 0.088248 -0.465074 0.229717 0.656767 0.480715 0.088248 -0.465074 0.063539 0.656693 0.481192 0.082987 -0.483575 0.000000 0.656447 0.481268 0.086497 -0.500910 0.000000 0.656004 0.481607 0.086497 -0.500910 0.000000 0.655167 0.481791 0.070246 -0.520365 0.000000 
0.656767 0.480715 0.088248 -0.465074 0.063539 0.656693 0.481192 0.082987 -0.483575 0.000000 0.656447 0.481268 0.086497 -0.500910 0.000000 0.656004 0.481607 0.086497 -0.500910 0.000000 0.655167 0.481791 0.070246 -0.520365 0.000000 0.653617 0.481791 0.067451 -0.502979 0.000000 
0.656693 0.481192 0.082987 -0.483575 0.000000 0.656447 0.481268 0.086497 -0.500910 0.000000 0.656004 0.481607 0.086497 -0.500910 0.000000 0.655167 0.481791 0.070246 -0.520365 0.000000 0.653617 0.481791 0.067451 -0.502979 0.000000 0.651353 0.481684 0.067451 -0.502979 0.000000 
0.656447 0.481268 0.086497 -0.500910 0.000000 0.656004 0.481607 0.086497 -0.500910 0.000000 0.655167 0.481791 0.070246 -0.520365 0.000000 0.653617 0.481791 0.067451 -0.502979 0.000000 0.651353 0.481684 0.067451 -0.502979 0.000000 0.648327 0.481253 0.070794 -0.467294 0.000000 
0.656004 0.481607 0.086497 -0.500910 0.000000 0.655167 0.481791 0.070246 -0.520365 0.000000 0.653617 0.481791 0.067451 -0.502979 0.000000 0.651353 0.481684 0.067451 -0.502979 0.000000 0.648327 0.481253 0.070794 -0.467294 0.000000 0.644291 0.480761 0.067775 -0.449944 0.000000 
0.655167 0.481791 0.070246 -0.520365 0.000000 0.653617 0.481791 0.067451 -0.502979 0.000000 0.651353 0.481684 0.067451 -0.502979 0.000000 0.648327 0.481253 0.070794 -0.467294 0.000000 0.644291 0.480761 0.067775 -0.449944 0.000000 0.632972 0.480315 0.050612 -0.345935 0.000000 
0.653617 0.481791 0.067451 -0.502979 0.000000 0.651353 0.481684 0.067451 -0.502979 0.000000 0.648327 0.481253 0.070794 -0.467294 0.000000 0.644291 0.480761 0.067775 -0.449944 0.000000 0.632972 0.480315 0.050612 -0.345935 0.000000 0.639026 0.480315 0.051684 -0.398742 0.000000 
0.651353 0.481684 0.067451 -0.502979 0.000000 0.648327 0.481253 0.070794 -0.467294 0.000000 0.644291 0.480761 0.067775 -0.449944 0.000000 0.632972 0.480315 0.050612 -0.345935 0.000000 0.639026 0.480315 0.051684 -0.398742 0.000000 0.626329 0.480315 0.053040 -0.292453 0.000000 
0.620620 0.498570 -0.057907 0.039083 0.000000 0.621604 0.498124 -0.057907 0.039083 0.000000 0.622638 0.497662 -0.057907 0.039083 0.000000 0.623794 0.497509 -0.057907 0.039083 0.000000 0.625025 0.497186 -0.057907 0.039083 0.000000 0.626378 0.496678 -0.057907 0.039083 0.000000 
0.621604 0.498124 -0.057907 0.039083 0.000000 0.622638 0.497662 -0.057907 0.039083 0.000000 0.623794 0.497509 -0.057907 0.039083 0.000000 0.625025 0.497186 -0.057907 0.039083 0.000000 0.626378 0.496678 -0.057907 0.039083 0.000000 0.627756 0.496125 -0.062225 0.031735 0.000000 
0.622638 0.497662 -0.057907 0.039083 0.000000 0.623794 0.497509 -0.057907 0.039083 0.000000 0.625025 0.497186 -0.057907 0.039083 0.000000 0.626378 0.496678 -0.057907 0.039083 0.000000 0.627756 0.496125 -0.062225 0.031735 0.000000 0.629158 0.495509 -0.062225 0.031735 0.000000 
0.623794 0.497509 -0.057907 0.039083 0.000000 0.625025 0.497186 -0.057907 0.039083 0.000000 0.626378 0.496678 -0.057907 0.039083 0.000000 0.627756 0.496125 -0.062225 0.031735 0.000000 0.629158 0.495509 -0.062225 0.031735 0.000000 0.632087 0.494233 -0.067746 0.016915 0.000000 
0.625025 0.497186 -0.057907 0.039083 0.000000 0.626378 0.496678 -0.057907 0.039083 0.000000 0.627756 0.496125 -0.062225 0.031735 0.000000 0.629158 0.495509 -0.062225 0.031735 0.000000 0.632087 0.494233 -0.067746 0.016915 0.000000 0.630635 0.494863 -0.067746 0.016915 0.000000 
0.626378 0.496678 -0.057907 0.039083 0.000000 0.627756 0.496125 -0.062225 0.031735 0.000000 0.629158 0.495509 -0.062225 0.031735 0.000000 0.632087 0.494233 -0.067746 0.016915 0.000000 0.630635 0.494863 -0.067746 0.016915 0.000000 0.633538 0.493618 -0.052360 0.000000 0.000000 
0.627756 0.496125 -0.062225 0.031735 0.000000 0.629158 0.495509 -0.062225 0.031735 0.000000 0.632087 0.494233 -0.067746 0.016915 0.000000 0.630635 0.494863 -0.067746 0.016915 0.000000 0.633538 0.493618 -0.052360 0.000000 0.000000 0.634990 0.492956 -0.052360 0.000000 0.000000 
0.629158 0.495509 -0.062225 0.031735 0.000000 0.632087 0.494233 -0.067746 0.016915 0.000000 0.630635 0.494863 -0.067746 0.016915 0.000000 0.633538 0.493618 -0.052360 0.000000 0.000000 0.634990 0.492956 -0.052360 0.000000 0.000000 0.636417 0.492218 -0.052360 0.000000 0.000000 
0.632087 0.494233 -0.067746 0.016915 0.000000 0.630635 0.494863 -0.067746 0.016915 0.000000 0.633538 0.493618 -0.052360 0.000000 0.000000 0.634990 0.492956 -0.052360 0.000000 0.000000 0.636417 0.492218 -0.052360 0.000000 0.000000 0.637845 0.491419 -0.049802 -0.016193 0.000000 
0.630635 0.494863 -0.067746 0.016915 0.000000 0.633538 0.493618 -0.052360 0.000000 0.000000 0.634990 0.492956 -0.052360 0.000000 0.000000 0.636417 0.492218 -0.052360 0.000000 0.000000 0.637845 0.491419 -0.049802 -0.016193 0.000000 0.639149 0.490542 -0.057907 -0.039083 0.000000 
0.633538 0.493618 -0.052360 0.000000 0.000000 0.634990 0.492956 -0.052360 0.000000 0.000000 0.636417 0.492218 -0.052360 0.000000 0.000000 0.637845 0.491419 -0.049802 -0.016193 0.000000 0.639149 0.490542 -0.057907 -0.039083 0.000000 0.640379 0.489558 -0.049405 -0.049405 0.000000 
0.634990 0.492956 -0.052360 0.000000 0.000000 0.636417 0.492218 -0.052360 0.000000 0.000000 0.637845 0.491419 -0.049802 -0.016193 0.000000 0.639149 0.490542 -0.057907 -0.039083 0.000000 0.640379 0.489558 -0.049405 -0.049405 0.000000 0.641486 0.488450 -0.031735 -0.062225 0.000000 
0.636417 0.492218 -0.052360 0.000000 0.000000 0.637845 0.491419 -0.049802 -0.016193 0.000000 0.639149 0.490542 -0.057907 -0.039083 0.000000 0.640379 0.489558 -0.049405 -0.049405 0.000000 0.641486 0.488450 -0.031735 -0.062225 0.000000 0.642372 0.487189 -0.032762 -0.080941 0.000000 
0.637845 0.491419 -0.049802 -0.016193 0.000000 0.639149 0.490542 -0.057907 -0.039083 0.000000 0.640379 0.489558 -0.049405 -0.049405 0.000000 0.641486 0.488450 -0.031735 -0.062225 0.000000 0.642372 0.487189 -0.032762 -0.080941 0.000000 0.642372 0.485867 -0.032468 -0.099629 0.000000 
0.639149 0.490542 -0.057907 -0.039083 0.000000 0.640379 0.489558 -0.049405 -0.049405 0.000000 0.641486 0.488450 -0.031735 -0.062225 0.000000 0.642372 0.487189 -0.032762 -0.080941 0.000000 0.642372 0.485867 -0.032468 -0.099629 0.000000 0.643356 0.484590 -0.017126 -0.138599 0.000000 
0.640379 0.489558 -0.049405 -0.049405 0.000000 0.641486 0.488450 -0.031735 -0.062225 0.000000 0.642372 0.487189 -0.032762 -0.080941 0.000000 0.642372 0.485867 -0.032468 -0.099629 0.000000 0.643356 0.484590 -0.017126 -0.138599 0.000000 0.643356 0.483406 -0.016554 -0.156233 0.000000 
0.641486 0.488450 -0.031735 -0.062225 0.000000 0.642372 0.487189 -0.032762 -0.080941 0.000000 0.642372 0.485867 -0.032468 -0.099629 0.000000 0.643356 0.484590 -0.017126 -0.138599 0.000000 0.643356 0.483406 -0.016554 -0.156233 0.000000 0.643332 0.483406 0.000000 -0.174533 0.000000 
0.642372 0.487189 -0.032762 -0.080941 0.000000 0.642372 0.485867 -0.032468 -0.099629 0.000000 0.643356 0.484590 -0.017126 -0.138599 0.000000 0.643356 0.483406 -0.016554 -0.156233 0.000000 0.643332 0.483406 0.000000 -0.174533 0.000000 0.643036 0.483498 0.000000 -0.209440 0.000000 
0.642372 0.485867 -0.032468 -0.099629 0.000000 0.643356 0.484590 -0.017126 -0.138599 0.000000 0.643356 0.483406 -0.016554 -0.156233 0.000000 0.643332 0.483406 0.000000 -0.174533 0.000000 0.643036 0.483498 0.000000 -0.209440 0.000000 0.642692 0.483698 0.000000 -0.226893 0.000000 
0.643356 0.484590 -0.017126 -0.138599 0.000000 0.643356 0.483406 -0.016554 -0.156233 0.000000 0.643332 0.483406 0.000000 -0.174533 0.000000 0.643036 0.483498 0.000000 -0.209440 0.000000 0.642692 0.483698 0.000000 -0.226893 0.000000 0.642372 0.483929 0.000000 -0.244346 0.000000 
0.643356 0.483406 -0.016554 -0.156233 0.000000 0.643332 0.483406 0.000000 -0.174533 0.000000 0.643036 0.483498 0.000000 -0.209440 0.000000 0.642692 0.483698 0.000000 -0.226893 0.000000 0.642372 0.483929 0.000000 -0.244346 0.000000 0.642372 0.484160 0.000000 -0.261799 0.000000 
0.643332 0.483406 0.000000 -0.174533 0.000000 0.643036 0.483498 0.000000 -0.209440 0.000000 0.642692 0.483698 0.000000 -0.226893 0.000000 0.642372 0.483929 0.000000 -0.244346 0.000000 0.642372 0.484160 0.000000 -0.261799 0.000000 0.642421 0.484160 0.000000 -0.296706 0.000000 
0.643036 0.483498 0.000000 -0.209440 0.000000 0.642692 0.483698 0.000000 -0.226893 0.000000 0.642372 0.483929 0.000000 -0.244346 0.000000 0.642372 0.484160 0.000000 -0.261799 0.000000 0.642421 0.484160 0.000000 -0.296706 0.000000 0.643061 0.483375 0.000000 -0.314159 0.000000 
0.642692 0.483698 0.000000 -0.226893 0.000000 0.642372 0.483929 0.000000 -0.244346 0.000000 0.642372 0.484160 0.000000 -0.261799 0.000000 0.642421 0.484160 0.000000 -0.296706 0.000000 0.643061 0.483375 0.000000 -0.314159 0.000000 0.643996 0.483329 0.000000 -0.331613 0.000000 
0.642372 0.483929 0.000000 -0.244346 0.000000 0.642372 0.484160 0.000000 -0.261799 0.000000 0.642421 0.484160 0.000000 -0.296706 0.000000 0.643061 0.483375 0.000000 -0.314159 0.000000 0.643996 0.483329 0.000000 -0.331613 0.000000 0.644144 0.482683 0.000000 -0.349066 0.000000 
0.642372 0.484160 0.000000 -0.261799 0.000000 0.642421 0.484160 0.000000 -0.296706 0.000000 0.643061 0.483375 0.000000 -0.314159 0.000000 0.643996 0.483329 0.000000 -0.331613 0.000000 0.644144 0.482683 0.000000 -0.349066 0.000000 0.644636 0.482207 0.020087 -0.366061 0.000000 
0.642421 0.484160 0.000000 -0.296706 0.000000 0.643061 0.483375 0.000000 -0.314159 0.000000 0.643996 0.483329 0.000000 -0.331613 0.000000 0.644144 0.482683 0.000000 -0.349066 0.000000 0.644636 0.482207 0.020087 -0.366061 0.000000 0.645300 0.481899 0.014099 -0.383761 0.000000 
0.643061 0.483375 0.000000 -0.314159 0.000000 0.643996 0.483329 0.000000 -0.331613 0.000000 0.644144 0.482683 0.000000 -0.349066 0.000000 0.644636 0.482207 0.020087 -0.366061 0.000000 0.645300 0.481899 0.014099 -0.383761 0.000000 0.645842 0.481899 0.014099 -0.383761 0.000000 
0.643996 0.483329 0.000000 -0.331613 0.000000 0.644144 0.482683 0.000000 -0.349066 0.000000 0.644636 0.482207 0.020087 -0.366061 0.000000 0.645300 0.481899 0.014099 -0.383761 0.000000 0.645842 0.481899 0.014099 -0.383761 0.000000 0.646309 0.481899 0.014813 -0.401207 0.000000 
0.644144 0.482683 0.000000 -0.349066 0.000000 0.644636 0.482207 0.020087 -0.366061 0.000000 0.645300 0.481899 0.014099 -0.383761 0.000000 0.645842 0.481899 0.014099 -0.383761 0.000000 0.646309 0.481899 0.014813 -0.401207 0.000000 0.647884 0.481807 0.016272 -0.436099 0.000000 
0.644636 0.482207 0.020087 -0.366061 0.000000 0.645300 0.481899 0.014099 -0.383761 0.000000 0.645842 0.481899 0.014099 -0.383761 0.000000 0.646309 0.481899 0.014813 -0.401207 0.000000 0.647884 0.481807 0.016272 -0.436099 0.000000 0.646777 0.481899 0.015537 -0.418653 0.000000 
0.645300 0.481899 0.014099 -0.383761 0.000000 0.645842 0.481899 0.014099 -0.383761 0.000000 0.646309 0.481899 0.014813 -0.401207 0.000000 0.647884 0.481807 0.016272 -0.436099 0.000000 0.646777 0.481899 0.015537 -0.418653 0.000000 0.647269 0.481807 0.016272 -0.436099 0.000000 
0.645842 0.481899 0.014099 -0.383761 0.000000 0.646309 0.481899 0.014813 -0.401207 0.000000 0.647884 0.481807 0.016272 -0.436099 0.000000 0.646777 0.481899 0.015537 -0.418653 0.000000 0.647269 0.481807 0.016272 -0.436099 0.000000 0.648597 0.481807 0.017020 -0.453546 0.000000 
0.646309 0.481899 0.014813 -0.401207 0.000000 0.647884 0.481807 0.016272 -0.436099 0.000000 0.646777 0.481899 0.015537 -0.418653 0.000000 0.647269 0.481807 0.016272 -0.436099 0.000000 0.648597 0.481807 0.017020 -0.453546 0.000000 0.650468 0.481807 0.018554 -0.488440 0.000000 
0.647884 0.481807 0.016272 -0.436099 0.000000 0.646777 0.481899 0.015537 -0.418653 0.000000 0.647269 0.481807 0.016272 -0.436099 0.000000 0.648597 0.481807 0.017020 -0.453546 0.000000 0.650468 0.481807 0.018554 -0.488440 0.000000 0.649459 0.481807 0.017780 -0.470992 0.000000 
0.646777 0.481899 0.015537 -0.418653 0.000000 0.647269 0.481807 0.016272 -0.436099 0.000000 0.648597 0.481807 0.017020 -0.453546 0.000000 0.650468 0.481807 0.018554 -0.488440 0.000000 0.649459 0.481807 0.017780 -0.470992 0.000000 0.651624 0.481791 0.019343 -0.505887 0.000000 
0.647269 0.481807 0.016272 -0.436099 0.000000 0.648597 0.481807 0.017020 -0.453546 0.000000 0.650468 0.481807 0.018554 -0.488440 0.000000 0.649459 0.481807 0.017780 -0.470992 0.000000 0.651624 0.481791 0.019343 -0.505887 0.000000 0.652977 0.481576 0.020147 -0.523335 0.000000 
0.648597 0.481807 0.017020 -0.453546 0.000000 0.650468 0.481807 0.018554 -0.488440 0.000000 0.649459 0.481807 0.017780 -0.470992 0.000000 0.651624 0.481791 0.019343 -0.505887 0.000000 0.652977 0.481576 0.020147 -0.523335 0.000000 0.654380 0.481192 0.021804 -0.558232 0.000000 
0.650468 0.481807 0.018554 -0.488440 0.000000 0.649459 0.481807 0.017780 -0.470992 0.000000 0.651624 0.481791 0.019343 -0.505887 0.000000 0.652977 0.481576 0.020147 -0.523335 0.000000 0.654380 0.481192 0.021804 -0.558232 0.000000 0.655807 0.480623 0.022660 -0.575680 0.000000 
0.649459 0.481807 0.017780 -0.470992 0.000000 0.651624 0.481791 0.019343 -0.505887 0.000000 0.652977 0.481576 0.020147 -0.523335 0.000000 0.654380 0.481192 0.021804 -0.558232 0.000000 0.655807 0.480623 0.022660 -0.575680 0.000000 0.657234 0.479915 0.012220 -0.610794 0.000000 
0.651624 0.481791 0.019343 -0.505887 0.000000 0.652977 0.481576 0.020147 -0.523335 0.000000 0.654380 0.481192 0.021804 -0.558232 0.000000 0.655807 0.480623 0.022660 -0.575680 0.000000 0.657234 0.479915 0.012220 -0.610794 0.000000 0.658120 0.479177 0.012679 -0.628246 0.000000 
0.652977 0.481576 0.020147 -0.523335 0.000000 0.654380 0.481192 0.021804 -0.558232 0.000000 0.655807 0.480623 0.022660 -0.575680 0.000000 0.657234 0.479915 0.012220 -0.610794 0.000000 0.658120 0.479177 0.012679 -0.628246 0.000000 0.658858 0.478454 0.013634 -0.663151 0.000000 
0.654380 0.481192 0.021804 -0.558232 0.000000 0.655807 0.480623 0.022660 -0.575680 0.000000 0.657234 0.479915 0.012220 -0.610794 0.000000 0.658120 0.479177 0.012679 -0.628246 0.000000 0.658858 0.478454 0.013634 -0.663151 0.000000 0.658981 0.478393 0.031413 -0.732735 0.000000 
0.655807 0.480623 0.022660 -0.575680 0.000000 0.657234 0.479915 0.012220 -0.610794 0.000000 0.658120 0.479177 0.012679 -0.628246 0.000000 0.658858 0.478454 0.013634 -0.663151 0.000000 0.658981 0.478393 0.031413 -0.732735 0.000000 0.659842 0.477931 0.032533 -0.750188 0.000000 
0.657234 0.479915 0.012220 -0.610794 0.000000 0.658120 0.479177 0.012679 -0.628246 0.000000 0.658858 0.478454 0.013634 -0.663151 0.000000 0.658981 0.478393 0.031413 -0.732735 0.000000 0.659842 0.477931 0.032533 -0.750188 0.000000 0.660335 0.477639 0.032533 -0.750188 0.000000 
0.658120 0.479177 0.012679 -0.628246 0.000000 0.658858 0.478454 0.013634 -0.663151 0.000000 0.658981 0.478393 0.031413 -0.732735 0.000000 0.659842 0.477931 0.032533 -0.750188 0.000000 0.660335 0.477639 0.032533 -0.750188 0.000000 0.660507 0.477593 0.032533 -0.750188 0.000000 
0.658858 0.478454 0.013634 -0.663151 0.000000 0.658981 0.478393 0.031413 -0.732735 0.000000 0.659842 0.477931 0.032533 -0.750188 0.000000 0.660335 0.477639 0.032533 -0.750188 0.000000 0.660507 0.477593 0.032533 -0.750188 0.000000 0.660507 0.477793 0.032533 -0.750188 0.000000 
0.658981 0.478393 0.031413 -0.732735 0.000000 0.659842 0.477931 0.032533 -0.750188 0.000000 0.660335 0.477639 0.032533 -0.750188 0.000000 0.660507 0.477593 0.032533 -0.750188 0.000000 0.660507 0.477793 0.032533 -0.750188 0.000000 0.660507 0.478116 0.031413 -0.732735 0.000000 
0.659842 0.477931 0.032533 -0.750188 0.000000 0.660335 0.477639 0.032533 -0.750188 0.000000 0.660507 0.477593 0.032533 -0.750188 0.000000 0.660507 0.477793 0.032533 -0.750188 0.000000 0.660507 0.478116 0.031413 -0.732735 0.000000 0.660285 0.478485 0.030328 -0.715283 0.000000 
0.660335 0.477639 0.032533 -0.750188 0.000000 0.660507 0.477593 0.032533 -0.750188 0.000000 0.660507 0.477793 0.032533 -0.750188 0.000000 0.660507 0.478116 0.031413 -0.732735 0.000000 0.660285 0.478485 0.030328 -0.715283 0.000000 0.660089 0.478808 0.058466 -0.696931 0.000000 
0.660507 0.477593 0.032533 -0.750188 0.000000 0.660507 0.477793 0.032533 -0.750188 0.000000 0.660507 0.478116 0.031413 -0.732735 0.000000 0.660285 0.478485 0.030328 -0.715283 0.000000 0.660089 0.478808 0.058466 -0.696931 0.000000 0.659842 0.479115 0.056428 -0.679486 0.000000 
0.660507 0.477793 0.032533 -0.750188 0.000000 0.660507 0.478116 0.031413 -0.732735 0.000000 0.660285 0.478485 0.030328 -0.715283 0.000000 0.660089 0.478808 0.058466 -0.696931 0.000000 0.659842 0.479115 0.056428 -0.679486 0.000000 0.659646 0.479377 0.054446 -0.662042 0.000000 
0.660507 0.478116 0.031413 -0.732735 0.000000 0.660285 0.478485 0.030328 -0.715283 0.000000 0.660089 0.478808 0.058466 -0.696931 0.000000 0.659842 0.479115 0.056428 -0.679486 0.000000 0.659646 0.479377 0.054446 -0.662042 0.000000 0.659473 0.479577 0.054446 -0.662042 0.000000 
0.660285 0.478485 0.030328 -0.715283 0.000000 0.660089 0.478808 0.058466 -0.696931 0.000000 0.659842 0.479115 0.056428 -0.679486 0.000000 0.659646 0.479377 0.054446 -0.662042 0.000000 0.659473 0.479577 0.054446 -0.662042 0.000000 0.659326 0.479715 0.052517 -0.644600 0.141740 
0.660089 0.478808 0.058466 -0.696931 0.000000 0.659842 0.479115 0.056428 -0.679486 0.000000 0.659646 0.479377 0.054446 -0.662042 0.000000 0.659473 0.479577 0.054446 -0.662042 0.000000 0.659326 0.479715 0.052517 -0.644600 0.141740 0.659154 0.479807 0.050638 -0.627159 0.174976 
0.659842 0.479115 0.056428 -0.679486 0.000000 0.659646 0.479377 0.054446 -0.662042 0.000000 0.659473 0.479577 0.054446 -0.662042 0.000000 0.659326 0.479715 0.052517 -0.644600 0.141740 0.659154 0.479807 0.050638 -0.627159 0.174976 0.659104 0.479854 0.050638 -0.627159 0.218964 
0.659646 0.479377 0.054446 -0.662042 0.000000 0.659473 0.479577 0.054446 -0.662042 0.000000 0.659326 0.479715 0.052517 -0.644600 0.141740 0.659154 0.479807 0.050638 -0.627159 0.174976 0.659104 0.479854 0.050638 -0.627159 0.218964 0.659055 0.479854 0.050638 -0.627159 0.267840 
0.659473 0.479577 0.054446 -0.662042 0.000000 0.659326 0.479715 0.052517 -0.644600 0.141740 0.659154 0.479807 0.050638 -0.627159 0.174976 0.659104 0.479854 0.050638 -0.627159 0.218964 0.659055 0.479854 0.050638 -0.627159 0.267840 0.658661 0.479854 0.050638 -0.627159 0.384164 
0.659326 0.479715 0.052517 -0.644600 0.141740 0.659154 0.479807 0.050638 -0.627159 0.174976 0.659104 0.479854 0.050638 -0.627159 0.218964 0.659055 0.479854 0.050638 -0.627159 0.267840 0.658661 0.479854 0.050638 -0.627159 0.384164 0.658932 0.479854 0.050638 -0.627159 0.313783 
0.659154 0.479807 0.050638 -0.627159 0.174976 0.659104 0.479854 0.050638 -0.627159 0.218964 0.659055 0.479854 0.050638 -0.627159 0.267840 0.658661 0.479854 0.050638 -0.627159 0.384164 0.658932 0.479854 0.050638 -0.627159 0.313783 0.658809 0.479854 0.050638 -0.627159 0.349951 
0.659104 0.479854 0.050638 -0.627159 0.218964 0.659055 0.479854 0.050638 -0.627159 0.267840 0.658661 0.479854 0.050638 -0.627159 0.384164 0.658932 0.479854 0.050638 -0.627159 0.313783 0.658809 0.479854 0.050638 -0.627159 0.349951 0.658489 0.479854 0.050638 -0.627159 0.418377 
0.659055 0.479854 0.050638 -0.627159 0.267840 0.658661 0.479854 0.050638 -0.627159 0.384164 0.658932 0.479854 0.050638 -0.627159 0.313783 0.658809 0.479854 0.050638 -0.627159 0.349951 0.658489 0.479854 0.050638 -0.627159 0.418377 0.658292 0.479854 0.050638 -0.627159 0.445748 
0.658661 0.479854 0.050638 -0.627159 0.384164 0.658932 0.479854 0.050638 -0.627159 0.313783 0.658809 0.479854 0.050638 -0.627159 0.349951 0.658489 0.479854 0.050638 -0.627159 0.418377 0.658292 0.479854 0.050638 -0.627159 0.445748 0.658046 0.479854 0.050638 -0.627159 0.479961 
0.658932 0.479854 0.050638 -0.627159 0.313783 0.658809 0.479854 0.050638 -0.627159 0.349951 0.658489 0.479854 0.050638 -0.627159 0.418377 0.658292 0.479854 0.050638 -0.627159 0.445748 0.658046 0.479854 0.050638 -0.627159 0.479961 0.657776 0.479854 0.050638 -0.627159 0.504399 
0.658809 0.479854 0.050638 -0.627159 0.349951 0.658489 0.479854 0.050638 -0.627159 0.418377 0.658292 0.479854 0.050638 -0.627159 0.445748 0.658046 0.479854 0.050638 -0.627159 0.479961 0.657776 0.479854 0.050638 -0.627159 0.504399 0.657456 0.479854 0.050638 -0.627159 0.534702 
0.658489 0.479854 0.050638 -0.627159 0.418377 0.658292 0.479854 0.050638 -0.627159 0.445748 0.658046 0.479854 0.050638 -0.627159 0.479961 0.657776 0.479854 0.050638 -0.627159 0.504399 0.657456 0.479854 0.050638 -0.627159 0.534702 0.657136 0.479854 0.050638 -0.627159 0.557185 
0.658292 0.479854 0.050638 -0.627159 0.445748 0.658046 0.479854 0.050638 -0.627159 0.479961 0.657776 0.479854 0.050638 -0.627159 0.504399 0.657456 0.479854 0.050638 -0.627159 0.534702 0.657136 0.479854 0.050638 -0.627159 0.557185 0.656816 0.479854 0.063238 -0.626507 0.581623 
0.658046 0.479854 0.050638 -0.627159 0.479961 0.657776 0.479854 0.050638 -0.627159 0.504399 0.657456 0.479854 0.050638 -0.627159 0.534702 0.657136 0.479854 0.050638 -0.627159 0.557185 0.656816 0.479854 0.063238 -0.626507 0.581623 0.656496 0.479854 0.063238 -0.626507 0.597263 
0.657776 0.479854 0.050638 -0.627159 0.504399 0.657456 0.479854 0.050638 -0.627159 0.534702 0.657136 0.479854 0.050638 -0.627159 0.557185 0.656816 0.479854 0.063238 -0.626507 0.581623 0.656496 0.479854 0.063238 -0.626507 0.597263 0.656176 0.479854 0.073061 -0.608287 0.613881 
0.657456 0.479854 0.050638 -0.627159 0.534702 0.657136 0.479854 0.050638 -0.627159 0.557185 0.656816 0.479854 0.063238 -0.626507 0.581623 0.656496 0.479854 0.063238 -0.626507 0.597263 0.656176 0.479854 0.073061 -0.608287 0.613881 0.655782 0.479915 0.073061 -0.608287 0.620723 
0.657136 0.479854 0.050638 -0.627159 0.557185 0.656816 0.479854 0.063238 -0.626507 0.581623 0.656496 0.479854 0.063238 -0.626507 0.597263 0.656176 0.479854 0.073061 -0.608287 0.613881 0.655782 0.479915 0.073061 -0.608287 0.620723 0.655340 0.480161 0.073061 -0.608287 0.627566 
0.656816 0.479854 0.063238 -0.626507 0.581623 0.656496 0.479854 0.063238 -0.626507 0.597263 0.656176 0.479854 0.073061 -0.608287 0.613881 0.655782 0.479915 0.073061 -0.608287 0.620723 0.655340 0.480161 0.073061 -0.608287 0.627566 0.654847 0.480530 0.073061 -0.608287 0.632454 
0.656496 0.479854 0.063238 -0.626507 0.597263 0.656176 0.479854 0.073061 -0.608287 0.613881 0.655782 0.479915 0.073061 -0.608287 0.620723 0.655340 0.480161 0.073061 -0.608287 0.627566 0.654847 0.480530 0.073061 -0.608287 0.632454 0.654282 0.481053 0.073061 -0.608287 0.645161 
0.656176 0.479854 0.073061 -0.608287 0.613881 0.655782 0.479915 0.073061 -0.608287 0.620723 0.655340 0.480161 0.073061 -0.608287 0.627566 0.654847 0.480530 0.073061 -0.608287 0.632454 0.654282 0.481053 0.073061 -0.608287 0.645161 0.653617 0.481745 0.073061 -0.608287 0.660802 
0.655782 0.479915 0.073061 -0.608287 0.620723 0.655340 0.480161 0.073061 -0.608287 0.627566 0.654847 0.480530 0.073061 -0.608287 0.632454 0.654282 0.481053 0.073061 -0.608287 0.645161 0.653617 0.481745 0.073061 -0.608287 0.660802 0.652879 0.482637 0.073061 -0.608287 0.676442 
0.655340 0.480161 0.073061 -0.608287 0.627566 0.654847 0.480530 0.073061 -0.608287 0.632454 0.654282 0.481053 0.073061 -0.608287 0.645161 0.653617 0.481745 0.073061 -0.608287 0.660802 0.652879 0.482637 0.073061 -0.608287 0.676442 0.651944 0.483698 0.073061 -0.608287 0.696970 
0.654847 0.480530 0.073061 -0.608287 0.632454 0.654282 0.481053 0.073061 -0.608287 0.645161 0.653617 0.481745 0.073061 -0.608287 0.660802 0.652879 0.482637 0.073061 -0.608287 0.676442 0.651944 0.483698 0.073061 -0.608287 0.696970 0.650910 0.484913 0.073061 -0.608287 0.698925 
0.654282 0.481053 0.073061 -0.608287 0.645161 0.653617 0.481745 0.073061 -0.608287 0.660802 0.652879 0.482637 0.073061 -0.608287 0.676442 0.651944 0.483698 0.073061 -0.608287 0.696970 0.650910 0.484913 0.073061 -0.608287 0.698925 0.649754 0.486313 0.070389 -0.590868 0.698925 
0.653617 0.481745 0.073061 -0.608287 0.660802 0.652879 0.482637 0.073061 -0.608287 0.676442 0.651944 0.483698 0.073061 -0.608287 0.696970 0.650910 0.484913 0.073061 -0.608287 0.698925 0.649754 0.486313 0.070389 -0.590868 0.698925 0.648425 0.487820 0.070389 -0.590868 0.695015 
0.652879 0.482637 0.073061 -0.608287 0.676442 0.651944 0.483698 0.073061 -0.608287 0.696970 0.650910 0.484913 0.073061 -0.608287 0.698925 0.649754 0.486313 0.070389 -0.590868 0.698925 0.648425 0.487820 0.070389 -0.590868 0.695015 0.646949 0.489373 0.070389 -0.590868 0.696970 
0.651944 0.483698 0.073061 -0.608287 0.696970 0.650910 0.484913 0.073061 -0.608287 0.698925 0.649754 0.486313 0.070389 -0.590868 0.698925 0.648425 0.487820 0.070389 -0.590868 0.695015 0.646949 0.489373 0.070389 -0.590868 0.696970 0.645349 0.491003 0.070389 -0.590868 0.694037 
0.650910 0.484913 0.073061 -0.608287 0.698925 0.649754 0.486313 0.070389 -0.590868 0.698925 0.648425 0.487820 0.070389 -0.590868 0.695015 0.646949 0.489373 0.070389 -0.590868 0.696970 0.645349 0.491003 0.070389 -0.590868 0.694037 0.643578 0.492649 0.070389 -0.590868 0.693060 
0.649754 0.486313 0.070389 -0.590868 0.698925 0.648425 0.487820 0.070389 -0.590868 0.695015 0.646949 0.489373 0.070389 -0.590868 0.696970 0.645349 0.491003 0.070389 -0.590868 0.694037 0.643578 0.492649 0.070389 -0.590868 0.693060 0.641708 0.494248 0.070389 -0.590868 0.685239 
0.648425 0.487820 0.070389 -0.590868 0.695015 0.646949 0.489373 0.070389 -0.590868 0.696970 0.645349 0.491003 0.070389 -0.590868 0.694037 0.643578 0.492649 0.070389 -0.590868 0.693060 0.641708 0.494248 0.070389 -0.590868 0.685239 0.639739 0.495802 0.067778 -0.573452 0.693060 
0.646949 0.489373 0.070389 -0.590868 0.696970 0.645349 0.491003 0.070389 -0.590868 0.694037 0.643578 0.492649 0.070389 -0.590868 0.693060 0.641708 0.494248 0.070389 -0.590868 0.685239 0.639739 0.495802 0.067778 -0.573452 0.693060 0.637672 0.497355 0.090135 -0.571501 0.683284 
0.645349 0.491003 0.070389 -0.590868 0.694037 0.643578 0.492649 0.070389 -0.590868 0.693060 0.641708 0.494248 0.070389 -0.590868 0.685239 0.639739 0.495802 0.067778 -0.573452 0.693060 0.637672 0.497355 0.090135 -0.571501 0.683284 0.635507 0.498800 0.090135 -0.571501 0.683284 
0.623967 0.461522 -0.036979 -0.400056 0.000000 0.623967 0.462921 -0.036979 -0.400056 0.000000 0.623917 0.465766 -0.014099 -0.383761 0.000000 0.623917 0.467166 -0.014099 -0.383761 0.000000 0.624655 0.468565 -0.014099 -0.383761 0.000000 0.625468 0.469980 -0.014099 -0.383761 0.000000 
0.623967 0.462921 -0.036979 -0.400056 0.000000 0.623917 0.465766 -0.014099 -0.383761 0.000000 0.623917 0.467166 -0.014099 -0.383761 0.000000 0.624655 0.468565 -0.014099 -0.383761 0.000000 0.625468 0.469980 -0.014099 -0.383761 0.000000 0.626181 0.471364 0.000000 -0.383972 0.000000 
0.623917 0.465766 -0.014099 -0.383761 0.000000 0.623917 0.467166 -0.014099 -0.383761 0.000000 0.624655 0.468565 -0.014099 -0.383761 0.000000 0.625468 0.469980 -0.014099 -0.383761 0.000000 0.626181 0.471364 0.000000 -0.383972 0.000000 0.626845 0.472749 0.000000 -0.383972 0.000000 
0.623917 0.467166 -0.014099 -0.383761 0.000000 0.624655 0.468565 -0.014099 -0.383761 0.000000 0.625468 0.469980 -0.014099 -0.383761 0.000000 0.626181 0.471364 0.000000 -0.383972 0.000000 0.626845 0.472749 0.000000 -0.383972 0.000000 0.627436 0.474102 0.000000 -0.401426 0.000000 
0.624655 0.468565 -0.014099 -0.383761 0.000000 0.625468 0.469980 -0.014099 -0.383761 0.000000 0.626181 0.471364 0.000000 -0.383972 0.000000 0.626845 0.472749 0.000000 -0.383972 0.000000 0.627436 0.474102 0.000000 -0.401426 0.000000 0.628125 0.475440 0.000000 -0.401426 0.000000 
0.625468 0.469980 -0.014099 -0.383761 0.000000 0.626181 0.471364 0.000000 -0.383972 0.000000 0.626845 0.472749 0.000000 -0.383972 0.000000 0.627436 0.474102 0.000000 -0.401426 0.000000 0.628125 0.475440 0.000000 -0.401426 0.000000 0.628986 0.476716 0.000000 -0.418879 0.000000 
0.626181 0.471364 0.000000 -0.383972 0.000000 0.626845 0.472749 0.000000 -0.383972 0.000000 0.627436 0.474102 0.000000 -0.401426 0.000000 0.628125 0.475440 0.000000 -0.401426 0.000000 0.628986 0.476716 0.000000 -0.418879 0.000000 0.629651 0.477962 0.015537 -0.418653 0.000000 
0.626845 0.472749 0.000000 -0.383972 0.000000 0.627436 0.474102 0.000000 -0.401426 0.000000 0.628125 0.475440 0.000000 -0.401426 0.000000 0.628986 0.476716 0.000000 -0.418879 0.000000 0.629651 0.477962 0.015537 -0.418653 0.000000 0.630364 0.479131 0.016272 -0.436099 0.000000 
0.627436 0.474102 0.000000 -0.401426 0.000000 0.628125 0.475440 0.000000 -0.401426 0.000000 0.628986 0.476716 0.000000 -0.418879 0.000000 0.629651 0.477962 0.015537 -0.418653 0.000000 0.630364 0.479131 0.016272 -0.436099 0.000000 0.631053 0.480192 0.016272 -0.436099 0.000000 
0.628125 0.475440 0.000000 -0.401426 0.000000 0.628986 0.476716 0.000000 -0.418879 0.000000 0.629651 0.477962 0.015537 -0.418653 0.000000 0.630364 0.479131 0.016272 -0.436099 0.000000 0.631053 0.480192 0.016272 -0.436099 0.000000 0.631718 0.481130 0.017020 -0.453546 0.000000 
0.628986 0.476716 0.000000 -0.418879 0.000000 0.629651 0.477962 0.015537 -0.418653 0.000000 0.630364 0.479131 0.016272 -0.436099 0.000000 0.631053 0.480192 0.016272 -0.436099 0.000000 0.631718 0.481130 0.017020 -0.453546 0.000000 0.631718 0.481930 0.017020 -0.453546 0.000000 
0.629651 0.477962 0.015537 -0.418653 0.000000 0.630364 0.479131 0.016272 -0.436099 0.000000 0.631053 0.480192 0.016272 -0.436099 0.000000 0.631718 0.481130 0.017020 -0.453546 0.000000 0.631718 0.481930 0.017020 -0.453546 0.000000 0.632653 0.482591 0.017780 -0.470992 0.000000 
0.630364 0.479131 0.016272 -0.436099 0.000000 0.631053 0.480192 0.016272 -0.436099 0.000000 0.631718 0.481130 0.017020 -0.453546 0.000000 0.631718 0.481930 0.017020 -0.453546 0.000000 0.632653 0.482591 0.017780 -0.470992 0.000000 0.632653 0.482422 0.018554 -0.488440 0.000000 
0.631053 0.480192 0.016272 -0.436099 0.000000 0.631718 0.481130 0.017020 -0.453546 0.000000 0.631718 0.481930 0.017020 -0.453546 0.000000 0.632653 0.482591 0.017780 -0.470992 0.000000 0.632653 0.482422 0.018554 -0.488440 0.000000 0.633317 0.482145 0.019343 -0.505887 0.000000 
0.631718 0.481130 0.017020 -0.453546 0.000000 0.631718 0.481930 0.017020 -0.453546 0.000000 0.632653 0.482591 0.017780 -0.470992 0.000000 0.632653 0.482422 0.018554 -0.488440 0.000000 0.633317 0.482145 0.019343 -0.505887 0.000000 0.633317 0.482160 0.020147 -0.523335 0.000000 
0.631718 0.481930 0.017020 -0.453546 0.000000 0.632653 0.482591 0.017780 -0.470992 0.000000 0.632653 0.482422 0.018554 -0.488440 0.000000 0.633317 0.482145 0.019343 -0.505887 0.000000 0.633317 0.482160 0.020147 -0.523335 0.000000 0.633415 0.482268 0.020967 -0.540783 0.000000 
0.632653 0.482591 0.017780 -0.470992 0.000000 0.632653 0.482422 0.018554 -0.488440 0.000000 0.633317 0.482145 0.019343 -0.505887 0.000000 0.633317 0.482160 0.020147 -0.523335 0.000000 0.633415 0.482268 0.020967 -0.540783 0.000000 0.634031 0.483052 0.021804 -0.558232 0.000000 
0.632653 0.482422 0.018554 -0.488440 0.000000 0.633317 0.482145 0.019343 -0.505887 0.000000 0.633317 0.482160 0.020147 -0.523335 0.000000 0.633415 0.482268 0.020967 -0.540783 0.000000 0.634031 0.483052 0.021804 -0.558232 0.000000 0.634080 0.483545 0.022660 -0.575680 0.000000 
0.633317 0.482145 0.019343 -0.505887 0.000000 0.633317 0.482160 0.020147 -0.523335 0.000000 0.633415 0.482268 0.020967 -0.540783 0.000000 0.634031 0.483052 0.021804 -0.558232 0.000000 0.634080 0.483545 0.022660 -0.575680 0.000000 0.634301 0.483806 0.011771 -0.593341 0.000000 
0.633317 0.482160 0.020147 -0.523335 0.000000 0.633415 0.482268 0.020967 -0.540783 0.000000 0.634031 0.483052 0.021804 -0.558232 0.000000 0.634080 0.483545 0.022660 -0.575680 0.000000 0.634301 0.483806 0.011771 -0.593341 0.000000 0.634596 0.483821 0.012220 -0.610794 0.000000 
0.633415 0.482268 0.020967 -0.540783 0.000000 0.634031 0.483052 0.021804 -0.558232 0.000000 0.634080 0.483545 0.022660 -0.575680 0.000000 0.634301 0.483806 0.011771 -0.593341 0.000000 0.634596 0.483821 0.012220 -0.610794 0.000000 0.634695 0.483821 0.012220 -0.610794 0.000000 
0.634031 0.483052 0.021804 -0.558232 0.000000 0.634080 0.483545 0.022660 -0.575680 0.000000 0.634301 0.483806 0.011771 -0.593341 0.000000 0.634596 0.483821 0.012220 -0.610794 0.000000 0.634695 0.483821 0.012220 -0.610794 0.000000 0.634695 0.483652 0.012679 -0.628246 0.000000 
0.634080 0.483545 0.022660 -0.575680 0.000000 0.634301 0.483806 0.011771 -0.593341 0.000000 0.634596 0.483821 0.012220 -0.610794 0.000000 0.634695 0.483821 0.012220 -0.610794 0.000000 0.634695 0.483652 0.012679 -0.628246 0.000000 0.634695 0.483237 0.012679 -0.628246 0.000000 
0.634301 0.483806 0.011771 -0.593341 0.000000 0.634596 0.483821 0.012220 -0.610794 0.000000 0.634695 0.483821 0.012220 -0.610794 0.000000 0.634695 0.483652 0.012679 -0.628246 0.000000 0.634695 0.483237 0.012679 -0.628246 0.000000 0.634523 0.482668 0.013151 -0.645699 0.000000 
0.634596 0.483821 0.012220 -0.610794 0.000000 0.634695 0.483821 0.012220 -0.610794 0.000000 0.634695 0.483652 0.012679 -0.628246 0.000000 0.634695 0.483237 0.012679 -0.628246 0.000000 0.634523 0.482668 0.013151 -0.645699 0.000000 0.633981 0.481622 0.000000 -0.645772 0.000000 
0.634695 0.483821 0.012220 -0.610794 0.000000 0.634695 0.483652 0.012679 -0.628246 0.000000 0.634695 0.483237 0.012679 -0.628246 0.000000 0.634523 0.482668 0.013151 -0.645699 0.000000 0.633981 0.481622 0.000000 -0.645772 0.000000 0.634031 0.482022 0.013151 -0.645699 0.000000 
0.634695 0.483652 0.012679 -0.628246 0.000000 0.634695 0.483237 0.012679 -0.628246 0.000000 0.634523 0.482668 0.013151 -0.645699 0.000000 0.633981 0.481622 0.000000 -0.645772 0.000000 0.634031 0.482022 0.013151 -0.645699 0.000000 0.633440 0.481622 0.000000 -0.645772 0.000000 
0.634695 0.483237 0.012679 -0.628246 0.000000 0.634523 0.482668 0.013151 -0.645699 0.000000 0.633981 0.481622 0.000000 -0.645772 0.000000 0.634031 0.482022 0.013151 -0.645699 0.000000 0.633440 0.481622 0.000000 -0.645772 0.000000 0.632825 0.481622 0.000000 -0.645772 0.000000 
0.634523 0.482668 0.013151 -0.645699 0.000000 0.633981 0.481622 0.000000 -0.645772 0.000000 0.634031 0.482022 0.013151 -0.645699 0.000000 0.633440 0.481622 0.000000 -0.645772 0.000000 0.632825 0.481622 0.000000 -0.645772 0.000000 0.632160 0.481622 0.000000 -0.628319 0.000000 
0.633981 0.481622 0.000000 -0.645772 0.000000 0.634031 0.482022 0.013151 -0.645699 0.000000 0.633440 0.481622 0.000000 -0.645772 0.000000 0.632825 0.481622 0.000000 -0.645772 0.000000 0.632160 0.481622 0.000000 -0.628319 0.000000 0.632160 0.481099 0.000000 -0.610865 0.000000 
0.634031 0.482022 0.013151 -0.645699 0.000000 0.633440 0.481622 0.000000 -0.645772 0.000000 0.632825 0.481622 0.000000 -0.645772 0.000000 0.632160 0.481622 0.000000 -0.628319 0.000000 0.632160 0.481099 0.000000 -0.610865 0.000000 0.631594 0.480592 0.000000 -0.610865 0.000000 
0.633440 0.481622 0.000000 -0.645772 0.000000 0.632825 0.481622 0.000000 -0.645772 0.000000 0.632160 0.481622 0.000000 -0.628319 0.000000 0.632160 0.481099 0.000000 -0.610865 0.000000 0.631594 0.480592 0.000000 -0.610865 0.000000 0.630979 0.480161 0.000000 -0.593412 0.000000 
0.632825 0.481622 0.000000 -0.645772 0.000000 0.632160 0.481622 0.000000 -0.628319 0.000000 0.632160 0.481099 0.000000 -0.610865 0.000000 0.631594 0.480592 0.000000 -0.610865 0.000000 0.630979 0.480161 0.000000 -0.593412 0.000000 0.630413 0.479761 0.000000 -0.575959 0.000000 
0.632160 0.481622 0.000000 -0.628319 0.000000 0.632160 0.481099 0.000000 -0.610865 0.000000 0.631594 0.480592 0.000000 -0.610865 0.000000 0.630979 0.480161 0.000000 -0.593412 0.000000 0.630413 0.479761 0.000000 -0.575959 0.000000 0.630413 0.479300 0.000000 -0.575959 0.000000 
0.632160 0.481099 0.000000 -0.610865 0.000000 0.631594 0.480592 0.000000 -0.610865 0.000000 0.630979 0.480161 0.000000 -0.593412 0.000000 0.630413 0.479761 0.000000 -0.575959 0.000000 0.630413 0.479300 0.000000 -0.575959 0.000000 0.629847 0.478885 0.000000 -0.558505 0.000000 
0.631594 0.480592 0.000000 -0.610865 0.000000 0.630979 0.480161 0.000000 -0.593412 0.000000 0.630413 0.479761 0.000000 -0.575959 0.000000 0.630413 0.479300 0.000000 -0.575959 0.000000 0.629847 0.478885 0.000000 -0.558505 0.000000 0.629282 0.478439 0.000000 -0.558505 0.000000 
0.630979 0.480161 0.000000 -0.593412 0.000000 0.630413 0.479761 0.000000 -0.575959 0.000000 0.630413 0.479300 0.000000 -0.575959 0.000000 0.629847 0.478885 0.000000 -0.558505 0.000000 0.629282 0.478439 0.000000 -0.558505 0.000000 0.628863 0.477962 0.000000 -0.558505 0.000000 
0.630413 0.479761 0.000000 -0.575959 0.000000 0.630413 0.479300 0.000000 -0.575959 0.000000 0.629847 0.478885 0.000000 -0.558505 0.000000 0.629282 0.478439 0.000000 -0.558505 0.000000 0.628863 0.477962 0.000000 -0.558505 0.000000 0.628420 0.477454 0.000000 -0.558505 0.000000 
0.630413 0.479300 0.000000 -0.575959 0.000000 0.629847 0.478885 0.000000 -0.558505 0.000000 0.629282 0.478439 0.000000 -0.558505 0.000000 0.628863 0.477962 0.000000 -0.558505 0.000000 0.628420 0.477454 0.000000 -0.558505 0.000000 0.627953 0.476916 0.000000 -0.558505 0.000000 
0.629847 0.478885 0.000000 -0.558505 0.000000 0.629282 0.478439 0.000000 -0.558505 0.000000 0.628863 0.477962 0.000000 -0.558505 0.000000 0.628420 0.477454 0.000000 -0.558505 0.000000 0.627953 0.476916 0.000000 -0.558505 0.000000 0.627461 0.476363 0.000000 -0.575959 0.000000 
0.629282 0.478439 0.000000 -0.558505 0.000000 0.628863 0.477962 0.000000 -0.558505 0.000000 0.628420 0.477454 0.000000 -0.558505 0.000000 0.627953 0.476916 0.000000 -0.558505 0.000000 0.627461 0.476363 0.000000 -0.575959 0.000000 0.626968 0.475747 0.000000 -0.575959 0.000000 
0.628863 0.477962 0.000000 -0.558505 0.000000 0.628420 0.477454 0.000000 -0.558505 0.000000 0.627953 0.476916 0.000000 -0.558505 0.000000 0.627461 0.476363 0.000000 -0.575959 0.000000 0.626968 0.475747 0.000000 -0.575959 0.000000 0.626452 0.475148 0.000000 -0.575959 0.000000 
0.628420 0.477454 0.000000 -0.558505 0.000000 0.627953 0.476916 0.000000 -0.558505 0.000000 0.627461 0.476363 0.000000 -0.575959 0.000000 0.626968 0.475747 0.000000 -0.575959 0.000000 0.626452 0.475148 0.000000 -0.575959 0.000000 0.625910 0.474502 0.000000 -0.593412 0.000000 
0.627953 0.476916 0.000000 -0.558505 0.000000 0.627461 0.476363 0.000000 -0.575959 0.000000 0.626968 0.475747 0.000000 -0.575959 0.000000 0.626452 0.475148 0.000000 -0.575959 0.000000 0.625910 0.474502 0.000000 -0.593412 0.000000 0.625345 0.473840 0.000000 -0.593412 0.000000 
0.620054 0.460215 -0.082987 -0.483575 0.000000 0.621358 0.461230 -0.070794 -0.467294 0.000000 0.622662 0.462060 -0.072818 -0.431606 0.000000 0.623917 0.462798 -0.066305 -0.396989 0.000000 0.625025 0.463475 -0.070044 -0.378684 0.000000 0.627018 0.464782 -0.050785 -0.310537 0.000000 
0.621358 0.461230 -0.070794 -0.467294 0.000000 0.622662 0.462060 -0.072818 -0.431606 0.000000 0.623917 0.462798 -0.066305 -0.396989 0.000000 0.625025 0.463475 -0.070044 -0.378684 0.000000 0.627018 0.464782 -0.050785 -0.310537 0.000000 0.626083 0.464121 -0.069337 -0.343148 0.000000 
0.622662 0.462060 -0.072818 -0.431606 0.000000 0.623917 0.462798 -0.066305 -0.396989 0.000000 0.625025 0.463475 -0.070044 -0.378684 0.000000 0.627018 0.464782 -0.050785 -0.310537 0.000000 0.626083 0.464121 -0.069337 -0.343148 0.000000 0.629355 0.467243 -0.051083 -0.257201 0.000000 
0.623917 0.462798 -0.066305 -0.396989 0.000000 0.625025 0.463475 -0.070044 -0.378684 0.000000 0.627018 0.464782 -0.050785 -0.310537 0.000000 0.626083 0.464121 -0.069337 -0.343148 0.000000 0.629355 0.467243 -0.051083 -0.257201 0.000000 0.627879 0.465520 -0.053040 -0.292453 0.000000 
0.625025 0.463475 -0.070044 -0.378684 0.000000 0.627018 0.464782 -0.050785 -0.310537 0.000000 0.626083 0.464121 -0.069337 -0.343148 0.000000 0.629355 0.467243 -0.051083 -0.257201 0.000000 0.627879 0.465520 -0.053040 -0.292453 0.000000 0.628617 0.466336 -0.049752 -0.275223 0.000000 
0.627018 0.464782 -0.050785 -0.310537 0.000000 0.626083 0.464121 -0.069337 -0.343148 0.000000 0.629355 0.467243 -0.051083 -0.257201 0.000000 0.627879 0.465520 -0.053040 -0.292453 0.000000 0.628617 0.466336 -0.049752 -0.275223 0.000000 0.629872 0.468227 -0.032643 -0.259935 0.000000 
0.626083 0.464121 -0.069337 -0.343148 0.000000 0.629355 0.467243 -0.051083 -0.257201 0.000000 0.627879 0.465520 -0.053040 -0.292453 0.000000 0.628617 0.466336 -0.049752 -0.275223 0.000000 0.629872 0.468227 -0.032643 -0.259935 0.000000 0.629872 0.470257 -0.018689 -0.261190 0.000000 
0.629355 0.467243 -0.051083 -0.257201 0.000000 0.627879 0.465520 -0.053040 -0.292453 0.000000 0.628617 0.466336 -0.049752 -0.275223 0.000000 0.629872 0.468227 -0.032643 -0.259935 0.000000 0.629872 0.470257 -0.018689 -0.261190 0.000000 0.629872 0.469242 -0.032643 -0.259935 0.000000 
0.627879 0.465520 -0.053040 -0.292453 0.000000 0.628617 0.466336 -0.049752 -0.275223 0.000000 0.629872 0.468227 -0.032643 -0.259935 0.000000 0.629872 0.470257 -0.018689 -0.261190 0.000000 0.629872 0.469242 -0.032643 -0.259935 0.000000 0.629774 0.471211 -0.015006 -0.278890 0.000000 
0.628617 0.466336 -0.049752 -0.275223 0.000000 0.629872 0.468227 -0.032643 -0.259935 0.000000 0.629872 0.470257 -0.018689 -0.261190 0.000000 0.629872 0.469242 -0.032643 -0.259935 0.000000 0.629774 0.471211 -0.015006 -0.278890 0.000000 0.629774 0.472103 0.000000 -0.296706 0.000000 
0.629872 0.468227 -0.032643 -0.259935 0.000000 0.629872 0.470257 -0.018689 -0.261190 0.000000 0.629872 0.469242 -0.032643 -0.259935 0.000000 0.629774 0.471211 -0.015006 -0.278890 0.000000 0.629774 0.472103 0.000000 -0.296706 0.000000 0.630266 0.472918 0.000000 -0.314159 0.000000 
0.629872 0.470257 -0.018689 -0.261190 0.000000 0.629872 0.469242 -0.032643 -0.259935 0.000000 0.629774 0.471211 -0.015006 -0.278890 0.000000 0.629774 0.472103 0.000000 -0.296706 0.000000 0.630266 0.472918 0.000000 -0.314159 0.000000 0.630413 0.473641 0.000000 -0.331613 0.000000 
0.629872 0.469242 -0.032643 -0.259935 0.000000 0.629774 0.471211 -0.015006 -0.278890 0.000000 0.629774 0.472103 0.000000 -0.296706 0.000000 0.630266 0.472918 0.000000 -0.314159 0.000000 0.630413 0.473641 0.000000 -0.331613 0.000000 0.631029 0.474286 0.019046 -0.348625 0.000000 
0.629774 0.471211 -0.015006 -0.278890 0.000000 0.629774 0.472103 0.000000 -0.296706 0.000000 0.630266 0.472918 0.000000 -0.314159 0.000000 0.630413 0.473641 0.000000 -0.331613 0.000000 0.631029 0.474286 0.019046 -0.348625 0.000000 0.631545 0.474871 0.014099 -0.383761 0.000000 
0.629774 0.472103 0.000000 -0.296706 0.000000 0.630266 0.472918 0.000000 -0.314159 0.000000 0.630413 0.473641 0.000000 -0.331613 0.000000 0.631029 0.474286 0.019046 -0.348625 0.000000 0.631545 0.474871 0.014099 -0.383761 0.000000 0.631964 0.475424 0.036979 -0.400056 0.000000 
0.630266 0.472918 0.000000 -0.314159 0.000000 0.630413 0.473641 0.000000 -0.331613 0.000000 0.631029 0.474286 0.019046 -0.348625 0.000000 0.631545 0.474871 0.014099 -0.383761 0.000000 0.631964 0.475424 0.036979 -0.400056 0.000000 0.632308 0.476009 0.032517 -0.435399 0.000000 
0.630413 0.473641 0.000000 -0.331613 0.000000 0.631029 0.474286 0.019046 -0.348625 0.000000 0.631545 0.474871 0.014099 -0.383761 0.000000 0.631964 0.475424 0.036979 -0.400056 0.000000 0.632308 0.476009 0.032517 -0.435399 0.000000 0.632357 0.476670 0.050938 -0.451625 0.000000 
0.631029 0.474286 0.019046 -0.348625 0.000000 0.631545 0.474871 0.014099 -0.383761 0.000000 0.631964 0.475424 0.036979 -0.400056 0.000000 0.632308 0.476009 0.032517 -0.435399 0.000000 0.632357 0.476670 0.050938 -0.451625 0.000000 0.632480 0.477454 0.053210 -0.469020 0.000000 
0.631545 0.474871 0.014099 -0.383761 0.000000 0.631964 0.475424 0.036979 -0.400056 0.000000 0.632308 0.476009 0.032517 -0.435399 0.000000 0.632357 0.476670 0.050938 -0.451625 0.000000 0.632480 0.477454 0.053210 -0.469020 0.000000 0.632603 0.478362 0.067451 -0.502979 0.000000 
0.631964 0.475424 0.036979 -0.400056 0.000000 0.632308 0.476009 0.032517 -0.435399 0.000000 0.632357 0.476670 0.050938 -0.451625 0.000000 0.632480 0.477454 0.053210 -0.469020 0.000000 0.632603 0.478362 0.067451 -0.502979 0.000000 0.632677 0.479454 0.067451 -0.502979 0.000000 
0.632308 0.476009 0.032517 -0.435399 0.000000 0.632357 0.476670 0.050938 -0.451625 0.000000 0.632480 0.477454 0.053210 -0.469020 0.000000 0.632603 0.478362 0.067451 -0.502979 0.000000 0.632677 0.479454 0.067451 -0.502979 0.000000 0.632899 0.480746 0.070246 -0.520365 0.000000 
0.632357 0.476670 0.050938 -0.451625 0.000000 0.632480 0.477454 0.053210 -0.469020 0.000000 0.632603 0.478362 0.067451 -0.502979 0.000000 0.632677 0.479454 0.067451 -0.502979 0.000000 0.632899 0.480746 0.070246 -0.520365 0.000000 0.633120 0.482253 0.070246 -0.520365 0.000000 
0.632480 0.477454 0.053210 -0.469020 0.000000 0.632603 0.478362 0.067451 -0.502979 0.000000 0.632677 0.479454 0.067451 -0.502979 0.000000 0.632899 0.480746 0.070246 -0.520365 0.000000 0.633120 0.482253 0.070246 -0.520365 0.000000 0.633268 0.483975 0.073096 -0.537755 0.000000 
0.632603 0.478362 0.067451 -0.502979 0.000000 0.632677 0.479454 0.067451 -0.502979 0.000000 0.632899 0.480746 0.070246 -0.520365 0.000000 0.633120 0.482253 0.070246 -0.520365 0.000000 0.633268 0.483975 0.073096 -0.537755 0.000000 0.633268 0.485928 0.070246 -0.520365 0.000000 
0.632677 0.479454 0.067451 -0.502979 0.000000 0.632899 0.480746 0.070246 -0.520365 0.000000 0.633120 0.482253 0.070246 -0.520365 0.000000 0.633268 0.483975 0.073096 -0.537755 0.000000 0.633268 0.485928 0.070246 -0.520365 0.000000 0.633268 0.488066 0.090073 -0.518251 0.000000 
0.632899 0.480746 0.070246 -0.520365 0.000000 0.633120 0.482253 0.070246 -0.520365 0.000000 0.633268 0.483975 0.073096 -0.537755 0.000000 0.633268 0.485928 0.070246 -0.520365 0.000000 0.633268 0.488066 0.090073 -0.518251 0.000000 0.632751 0.490357 0.086497 -0.500910 0.000000 
0.633120 0.482253 0.070246 -0.520365 0.000000 0.633268 0.483975 0.073096 -0.537755 0.000000 0.633268 0.485928 0.070246 -0.520365 0.000000 0.633268 0.488066 0.090073 -0.518251 0.000000 0.632751 0.490357 0.086497 -0.500910 0.000000 0.631718 0.492710 0.082987 -0.483575 0.000000 
0.633268 0.483975 0.073096 -0.537755 0.000000 0.633268 0.485928 0.070246 -0.520365 0.000000 0.633268 0.488066 0.090073 -0.518251 0.000000 0.632751 0.490357 0.086497 -0.500910 0.000000 0.631718 0.492710 0.082987 -0.483575 0.000000 0.630389 0.495033 0.088248 -0.465074 0.000000 
0.633268 0.485928 0.070246 -0.520365 0.000000 0.633268 0.488066 0.090073 -0.518251 0.000000 0.632751 0.490357 0.086497 -0.500910 0.000000 0.631718 0.492710 0.082987 -0.483575 0.000000 0.630389 0.495033 0.088248 -0.465074 0.000000 0.629405 0.497216 0.084492 -0.447782 0.000000 
