0.642963 0.503091 0.403607 -0.531390 0.941349 0.642963 0.502276 0.403607 -0.531390 0.945259 0.642938 0.501430 0.403607 -0.531390 0.948192 0.642938 0.500569 0.381904 -0.520764 0.954057 0.642938 0.499739 0.381904 -0.520764 0.956012 0.642938 0.498939 0.381904 -0.520764 0.958944 
0.642963 0.502276 0.403607 -0.531390 0.945259 0.642938 0.501430 0.403607 -0.531390 0.948192 0.642938 0.500569 0.381904 -0.520764 0.954057 0.642938 0.499739 0.381904 -0.520764 0.956012 0.642938 0.498939 0.381904 -0.520764 0.958944 0.642938 0.498155 0.381904 -0.520764 0.957967 
0.642938 0.501430 0.403607 -0.531390 0.948192 0.642938 0.500569 0.381904 -0.520764 0.954057 0.642938 0.499739 0.381904 -0.520764 0.956012 0.642938 0.498939 0.381904 -0.520764 0.958944 0.642938 0.498155 0.381904 -0.520764 0.957967 0.642938 0.497339 0.381904 -0.520764 0.958944 
0.642938 0.500569 0.381904 -0.520764 0.954057 0.642938 0.499739 0.381904 -0.520764 0.956012 0.642938 0.498939 0.381904 -0.520764 0.958944 0.642938 0.498155 0.381904 -0.520764 0.957967 0.642938 0.497339 0.381904 -0.520764 0.958944 0.642938 0.496570 0.381904 -0.520764 0.956012 
0.642938 0.499739 0.381904 -0.520764 0.956012 0.642938 0.498939 0.381904 -0.520764 0.958944 0.642938 0.498155 0.381904 -0.520764 0.957967 0.642938 0.497339 0.381904 -0.520764 0.958944 0.642938 0.496570 0.381904 -0.520764 0.956012 0.642913 0.494156 0.381904 -0.520764 0.959922 
0.642938 0.498939 0.381904 -0.520764 0.958944 0.642938 0.498155 0.381904 -0.520764 0.957967 0.642938 0.497339 0.381904 -0.520764 0.958944 0.642938 0.496570 0.381904 -0.520764 0.956012 0.642913 0.494156 0.381904 -0.520764 0.959922 0.642938 0.495771 0.381904 -0.520764 0.956012 
0.642938 0.498155 0.381904 -0.520764 0.957967 0.642938 0.497339 0.381904 -0.520764 0.958944 0.642938 0.496570 0.381904 -0.520764 0.956012 0.642913 0.494156 0.381904 -0.520764 0.959922 0.642938 0.495771 0.381904 -0.520764 0.956012 0.642938 0.494986 0.381904 -0.520764 0.955034 
0.642938 0.497339 0.381904 -0.520764 0.958944 0.642938 0.496570 0.381904 -0.520764 0.956012 0.642913 0.494156 0.381904 -0.520764 0.959922 0.642938 0.495771 0.381904 -0.520764 0.956012 0.642938 0.494986 0.381904 -0.520764 0.955034 0.642864 0.493356 0.381904 -0.520764 0.961877 
0.642938 0.496570 0.381904 -0.520764 0.956012 0.642913 0.494156 0.381904 -0.520764 0.959922 0.642938 0.495771 0.381904 -0.520764 0.956012 0.642938 0.494986 0.381904 -0.520764 0.955034 0.642864 0.493356 0.381904 -0.520764 0.961877 0.642790 0.491618 0.381904 -0.520764 0.965787 
0.642913 0.494156 0.381904 -0.520764 0.959922 0.642938 0.495771 0.381904 -0.520764 0.956012 0.642938 0.494986 0.381904 -0.520764 0.955034 0.642864 0.493356 0.381904 -0.520764 0.961877 0.642790 0.491618 0.381904 -0.520764 0.965787 0.642840 0.492495 0.381904 -0.520764 0.964809 
0.642938 0.495771 0.381904 -0.520764 0.956012 0.642938 0.494986 0.381904 -0.520764 0.955034 0.642864 0.493356 0.381904 -0.520764 0.961877 0.642790 0.491618 0.381904 -0.520764 0.965787 0.642840 0.492495 0.381904 -0.520764 0.964809 0.642790 0.490788 0.381904 -0.520764 0.969697 
0.642938 0.494986 0.381904 -0.520764 0.955034 0.642864 0.493356 0.381904 -0.520764 0.961877 0.642790 0.491618 0.381904 -0.520764 0.965787 0.642840 0.492495 0.381904 -0.520764 0.964809 0.642790 0.490788 0.381904 -0.520764 0.969697 0.642790 0.489911 0.381904 -0.520764 0.962854 
0.642864 0.493356 0.381904 -0.520764 0.961877 0.642790 0.491618 0.381904 -0.520764 0.965787 0.642840 0.492495 0.381904 -0.520764 0.964809 0.642790 0.490788 0.381904 -0.520764 0.969697 0.642790 0.489911 0.381904 -0.520764 0.962854 0.642766 0.489050 0.381904 -0.520764 0.964809 
0.642790 0.491618 0.381904 -0.520764 0.965787 0.642840 0.492495 0.381904 -0.520764 0.964809 0.642790 0.490788 0.381904 -0.520764 0.969697 0.642790 0.489911 0.381904 -0.520764 0.962854 0.642766 0.489050 0.381904 -0.520764 0.964809 0.642741 0.488204 0.381904 -0.520764 0.965787 
0.642840 0.492495 0.381904 -0.520764 0.964809 0.642790 0.490788 0.381904 -0.520764 0.969697 0.642790 0.489911 0.381904 -0.520764 0.962854 0.642766 0.489050 0.381904 -0.520764 0.964809 0.642741 0.488204 0.381904 -0.520764 0.965787 0.642643 0.486513 0.381904 -0.520764 0.970675 
0.642790 0.490788 0.381904 -0.520764 0.969697 0.642790 0.489911 0.381904 -0.520764 0.962854 0.642766 0.489050 0.381904 -0.520764 0.964809 0.642741 0.488204 0.381904 -0.520764 0.965787 0.642643 0.486513 0.381904 -0.520764 0.970675 0.642717 0.487359 0.381904 -0.520764 0.959922 
0.642790 0.489911 0.381904 -0.520764 0.962854 0.642766 0.489050 0.381904 -0.520764 0.964809 0.642741 0.488204 0.381904 -0.520764 0.965787 0.642643 0.486513 0.381904 -0.520764 0.970675 0.642717 0.487359 0.381904 -0.520764 0.959922 0.642593 0.485682 0.381904 -0.520764 0.964809 
0.642766 0.489050 0.381904 -0.520764 0.964809 0.642741 0.488204 0.381904 -0.520764 0.965787 0.642643 0.486513 0.381904 -0.520764 0.970675 0.642717 0.487359 0.381904 -0.520764 0.959922 0.642593 0.485682 0.381904 -0.520764 0.964809 0.642544 0.484867 0.381904 -0.520764 0.964809 
0.642741 0.488204 0.381904 -0.520764 0.965787 0.642643 0.486513 0.381904 -0.520764 0.970675 0.642717 0.487359 0.381904 -0.520764 0.959922 0.642593 0.485682 0.381904 -0.520764 0.964809 0.642544 0.484867 0.381904 -0.520764 0.964809 0.642446 0.484037 0.381904 -0.520764 0.967742 
0.642643 0.486513 0.381904 -0.520764 0.970675 0.642717 0.487359 0.381904 -0.520764 0.959922 0.642593 0.485682 0.381904 -0.520764 0.964809 0.642544 0.484867 0.381904 -0.520764 0.964809 0.642446 0.484037 0.381904 -0.520764 0.967742 0.642347 0.483268 0.381904 -0.520764 0.967742 
0.642717 0.487359 0.381904 -0.520764 0.959922 0.642593 0.485682 0.381904 -0.520764 0.964809 0.642544 0.484867 0.381904 -0.520764 0.964809 0.642446 0.484037 0.381904 -0.520764 0.967742 0.642347 0.483268 0.381904 -0.520764 0.967742 0.642298 0.482499 0.381904 -0.520764 0.969697 
0.642593 0.485682 0.381904 -0.520764 0.964809 0.642544 0.484867 0.381904 -0.520764 0.964809 0.642446 0.484037 0.381904 -0.520764 0.967742 0.642347 0.483268 0.381904 -0.520764 0.967742 0.642298 0.482499 0.381904 -0.520764 0.969697 0.642249 0.481714 0.381904 -0.520764 0.970675 
0.642544 0.484867 0.381904 -0.520764 0.964809 0.642446 0.484037 0.381904 -0.520764 0.967742 0.642347 0.483268 0.381904 -0.520764 0.967742 0.642298 0.482499 0.381904 -0.520764 0.969697 0.642249 0.481714 0.381904 -0.520764 0.970675 0.642200 0.480930 0.381904 -0.520764 0.979472 
0.642446 0.484037 0.381904 -0.520764 0.967742 0.642347 0.483268 0.381904 -0.520764 0.967742 0.642298 0.482499 0.381904 -0.520764 0.969697 0.642249 0.481714 0.381904 -0.520764 0.970675 0.642200 0.480930 0.381904 -0.520764 0.979472 0.642175 0.480130 0.381904 -0.520764 0.974585 
0.642347 0.483268 0.381904 -0.520764 0.967742 0.642298 0.482499 0.381904 -0.520764 0.969697 0.642249 0.481714 0.381904 -0.520764 0.970675 0.642200 0.480930 0.381904 -0.520764 0.979472 0.642175 0.480130 0.381904 -0.520764 0.974585 0.642151 0.479331 0.381904 -0.520764 0.975562 
0.642298 0.482499 0.381904 -0.520764 0.969697 0.642249 0.481714 0.381904 -0.520764 0.970675 0.642200 0.480930 0.381904 -0.520764 0.979472 0.642175 0.480130 0.381904 -0.520764 0.974585 0.642151 0.479331 0.381904 -0.520764 0.975562 0.642151 0.478500 0.373202 -0.525957 0.978495 
0.642249 0.481714 0.381904 -0.520764 0.970675 0.642200 0.480930 0.381904 -0.520764 0.979472 0.642175 0.480130 0.381904 -0.520764 0.974585 0.642151 0.479331 0.381904 -0.520764 0.975562 0.642151 0.478500 0.373202 -0.525957 0.978495 0.642151 0.477670 0.373202 -0.525957 0.984360 
0.642200 0.480930 0.381904 -0.520764 0.979472 0.642175 0.480130 0.381904 -0.520764 0.974585 0.642151 0.479331 0.381904 -0.520764 0.975562 0.642151 0.478500 0.373202 -0.525957 0.978495 0.642151 0.477670 0.373202 -0.525957 0.984360 0.642151 0.476855 0.373202 -0.525957 0.983382 
0.642175 0.480130 0.381904 -0.520764 0.974585 0.642151 0.479331 0.381904 -0.520764 0.975562 0.642151 0.478500 0.373202 -0.525957 0.978495 0.642151 0.477670 0.373202 -0.525957 0.984360 0.642151 0.476855 0.373202 -0.525957 0.983382 0.642151 0.476055 0.373202 -0.525957 0.987292 
0.642151 0.479331 0.381904 -0.520764 0.975562 0.642151 0.478500 0.373202 -0.525957 0.978495 0.642151 0.477670 0.373202 -0.525957 0.984360 0.642151 0.476855 0.373202 -0.525957 0.983382 0.642151 0.476055 0.373202 -0.525957 0.987292 0.642151 0.475301 0.373202 -0.525957 0.995112 
0.642151 0.478500 0.373202 -0.525957 0.978495 0.642151 0.477670 0.373202 -0.525957 0.984360 0.642151 0.476855 0.373202 -0.525957 0.983382 0.642151 0.476055 0.373202 -0.525957 0.987292 0.642151 0.475301 0.373202 -0.525957 0.995112 0.642151 0.474609 0.373202 -0.525957 0.993157 
0.642151 0.477670 0.373202 -0.525957 0.984360 0.642151 0.476855 0.373202 -0.525957 0.983382 0.642151 0.476055 0.373202 -0.525957 0.987292 0.642151 0.475301 0.373202 -0.525957 0.995112 0.642151 0.474609 0.373202 -0.525957 0.993157 0.642151 0.473933 0.373202 -0.525957 0.991202 
0.642151 0.476855 0.373202 -0.525957 0.983382 0.642151 0.476055 0.373202 -0.525957 0.987292 0.642151 0.475301 0.373202 -0.525957 0.995112 0.642151 0.474609 0.373202 -0.525957 0.993157 0.642151 0.473933 0.373202 -0.525957 0.991202 0.642151 0.473225 0.373202 -0.525957 0.989247 
0.642151 0.476055 0.373202 -0.525957 0.987292 0.642151 0.475301 0.373202 -0.525957 0.995112 0.642151 0.474609 0.373202 -0.525957 0.993157 0.642151 0.473933 0.373202 -0.525957 0.991202 0.642151 0.473225 0.373202 -0.525957 0.989247 0.642151 0.472549 0.373202 -0.525957 0.984360 
0.642151 0.475301 0.373202 -0.525957 0.995112 0.642151 0.474609 0.373202 -0.525957 0.993157 0.642151 0.473933 0.373202 -0.525957 0.991202 0.642151 0.473225 0.373202 -0.525957 0.989247 0.642151 0.472549 0.373202 -0.525957 0.984360 0.642151 0.471903 0.373202 -0.525957 0.984360 
0.642151 0.474609 0.373202 -0.525957 0.993157 0.642151 0.473933 0.373202 -0.525957 0.991202 0.642151 0.473225 0.373202 -0.525957 0.989247 0.642151 0.472549 0.373202 -0.525957 0.984360 0.642151 0.471903 0.373202 -0.525957 0.984360 0.642151 0.469750 0.343283 -0.519589 0.992180 
0.642151 0.473933 0.373202 -0.525957 0.991202 0.642151 0.473225 0.373202 -0.525957 0.989247 0.642151 0.472549 0.373202 -0.525957 0.984360 0.642151 0.471903 0.373202 -0.525957 0.984360 0.642151 0.469750 0.343283 -0.519589 0.992180 0.642151 0.471241 0.373202 -0.525957 0.986315 
0.642151 0.473225 0.373202 -0.525957 0.989247 0.642151 0.472549 0.373202 -0.525957 0.984360 0.642151 0.471903 0.373202 -0.525957 0.984360 0.642151 0.469750 0.343283 -0.519589 0.992180 0.642151 0.471241 0.373202 -0.525957 0.986315 0.642151 0.470534 0.373202 -0.525957 0.991202 
0.642151 0.472549 0.373202 -0.525957 0.984360 0.642151 0.471903 0.373202 -0.525957 0.984360 0.642151 0.469750 0.343283 -0.519589 0.992180 0.642151 0.471241 0.373202 -0.525957 0.986315 0.642151 0.470534 0.373202 -0.525957 0.991202 0.642151 0.468950 0.343283 -0.519589 0.988270 
0.642151 0.471903 0.373202 -0.525957 0.984360 0.642151 0.469750 0.343283 -0.519589 0.992180 0.642151 0.471241 0.373202 -0.525957 0.986315 0.642151 0.470534 0.373202 -0.525957 0.991202 0.642151 0.468950 0.343283 -0.519589 0.988270 0.642151 0.468135 0.343283 -0.519589 0.993157 
0.642151 0.469750 0.343283 -0.519589 0.992180 0.642151 0.471241 0.373202 -0.525957 0.986315 0.642151 0.470534 0.373202 -0.525957 0.991202 0.642151 0.468950 0.343283 -0.519589 0.988270 0.642151 0.468135 0.343283 -0.519589 0.993157 0.642151 0.467335 0.343283 -0.519589 0.990225 
0.642151 0.471241 0.373202 -0.525957 0.986315 0.642151 0.470534 0.373202 -0.525957 0.991202 0.642151 0.468950 0.343283 -0.519589 0.988270 0.642151 0.468135 0.343283 -0.519589 0.993157 0.642151 0.467335 0.343283 -0.519589 0.990225 0.642151 0.466520 0.343283 -0.519589 0.995112 
0.642151 0.470534 0.373202 -0.525957 0.991202 0.642151 0.468950 0.343283 -0.519589 0.988270 0.642151 0.468135 0.343283 -0.519589 0.993157 0.642151 0.467335 0.343283 -0.519589 0.990225 0.642151 0.466520 0.343283 -0.519589 0.995112 0.642151 0.465705 0.343283 -0.519589 0.993157 
0.642151 0.468950 0.343283 -0.519589 0.988270 0.642151 0.468135 0.343283 -0.519589 0.993157 0.642151 0.467335 0.343283 -0.519589 0.990225 0.642151 0.466520 0.343283 -0.519589 0.995112 0.642151 0.465705 0.343283 -0.519589 0.993157 0.642151 0.464859 0.343283 -0.519589 0.989247 
0.642151 0.468135 0.343283 -0.519589 0.993157 0.642151 0.467335 0.343283 -0.519589 0.990225 0.642151 0.466520 0.343283 -0.519589 0.995112 0.642151 0.465705 0.343283 -0.519589 0.993157 0.642151 0.464859 0.343283 -0.519589 0.989247 0.642151 0.464013 0.343283 -0.519589 0.990225 
0.642151 0.467335 0.343283 -0.519589 0.990225 0.642151 0.466520 0.343283 -0.519589 0.995112 0.642151 0.465705 0.343283 -0.519589 0.993157 0.642151 0.464859 0.343283 -0.519589 0.989247 0.642151 0.464013 0.343283 -0.519589 0.990225 0.642224 0.463229 0.343283 -0.519589 0.987292 
0.642151 0.466520 0.343283 -0.519589 0.995112 0.642151 0.465705 0.343283 -0.519589 0.993157 0.642151 0.464859 0.343283 -0.519589 0.989247 0.642151 0.464013 0.343283 -0.519589 0.990225 0.642224 0.463229 0.343283 -0.519589 0.987292 0.642323 0.462491 0.343283 -0.519589 0.985337 
0.642151 0.465705 0.343283 -0.519589 0.993157 0.642151 0.464859 0.343283 -0.519589 0.989247 0.642151 0.464013 0.343283 -0.519589 0.990225 0.642224 0.463229 0.343283 -0.519589 0.987292 0.642323 0.462491 0.343283 -0.519589 0.985337 0.642397 0.461768 0.343283 -0.519589 0.992180 
0.642151 0.464859 0.343283 -0.519589 0.989247 0.642151 0.464013 0.343283 -0.519589 0.990225 0.642224 0.463229 0.343283 -0.519589 0.987292 0.642323 0.462491 0.343283 -0.519589 0.985337 0.642397 0.461768 0.343283 -0.519589 0.992180 0.642470 0.461076 0.343283 -0.519589 0.991202 
0.642151 0.464013 0.343283 -0.519589 0.990225 0.642224 0.463229 0.343283 -0.519589 0.987292 0.642323 0.462491 0.343283 -0.519589 0.985337 0.642397 0.461768 0.343283 -0.519589 0.992180 0.642470 0.461076 0.343283 -0.519589 0.991202 0.642520 0.460399 0.343283 -0.519589 0.986315 
0.642224 0.463229 0.343283 -0.519589 0.987292 0.642323 0.462491 0.343283 -0.519589 0.985337 0.642397 0.461768 0.343283 -0.519589 0.992180 0.642470 0.461076 0.343283 -0.519589 0.991202 0.642520 0.460399 0.343283 -0.519589 0.986315 0.642618 0.459692 0.343283 -0.519589 0.984360 
0.642323 0.462491 0.343283 -0.519589 0.985337 0.642397 0.461768 0.343283 -0.519589 0.992180 0.642470 0.461076 0.343283 -0.519589 0.991202 0.642520 0.460399 0.343283 -0.519589 0.986315 0.642618 0.459692 0.343283 -0.519589 0.984360 0.642717 0.459031 0.343283 -0.519589 0.982405 
0.642397 0.461768 0.343283 -0.519589 0.992180 0.642470 0.461076 0.343283 -0.519589 0.991202 0.642520 0.460399 0.343283 -0.519589 0.986315 0.642618 0.459692 0.343283 -0.519589 0.984360 0.642717 0.459031 0.343283 -0.519589 0.982405 0.642790 0.458400 0.343283 -0.519589 0.981427 
0.642470 0.461076 0.343283 -0.519589 0.991202 0.642520 0.460399 0.343283 -0.519589 0.986315 0.642618 0.459692 0.343283 -0.519589 0.984360 0.642717 0.459031 0.343283 -0.519589 0.982405 0.642790 0.458400 0.343283 -0.519589 0.981427 0.642864 0.457754 0.343283 -0.519589 0.982405 
0.642520 0.460399 0.343283 -0.519589 0.986315 0.642618 0.459692 0.343283 -0.519589 0.984360 0.642717 0.459031 0.343283 -0.519589 0.982405 0.642790 0.458400 0.343283 -0.519589 0.981427 0.642864 0.457754 0.343283 -0.519589 0.982405 0.642938 0.457108 0.343283 -0.519589 0.986315 
0.642618 0.459692 0.343283 -0.519589 0.984360 0.642717 0.459031 0.343283 -0.519589 0.982405 0.642790 0.458400 0.343283 -0.519589 0.981427 0.642864 0.457754 0.343283 -0.519589 0.982405 0.642938 0.457108 0.343283 -0.519589 0.986315 0.642987 0.456478 0.343283 -0.519589 0.986315 
0.642717 0.459031 0.343283 -0.519589 0.982405 0.642790 0.458400 0.343283 -0.519589 0.981427 0.642864 0.457754 0.343283 -0.519589 0.982405 0.642938 0.457108 0.343283 -0.519589 0.986315 0.642987 0.456478 0.343283 -0.519589 0.986315 0.643061 0.455909 0.343283 -0.519589 0.986315 
0.642790 0.458400 0.343283 -0.519589 0.981427 0.642864 0.457754 0.343283 -0.519589 0.982405 0.642938 0.457108 0.343283 -0.519589 0.986315 0.642987 0.456478 0.343283 -0.519589 0.986315 0.643061 0.455909 0.343283 -0.519589 0.986315 0.643135 0.455386 0.343283 -0.519589 0.986315 
0.642864 0.457754 0.343283 -0.519589 0.982405 0.642938 0.457108 0.343283 -0.519589 0.986315 0.642987 0.456478 0.343283 -0.519589 0.986315 0.643061 0.455909 0.343283 -0.519589 0.986315 0.643135 0.455386 0.343283 -0.519589 0.986315 0.643209 0.454909 0.343283 -0.519589 0.985337 
0.642938 0.457108 0.343283 -0.519589 0.986315 0.642987 0.456478 0.343283 -0.519589 0.986315 0.643061 0.455909 0.343283 -0.519589 0.986315 0.643135 0.455386 0.343283 -0.519589 0.986315 0.643209 0.454909 0.343283 -0.519589 0.985337 0.643258 0.454432 0.343283 -0.519589 0.986315 
0.642987 0.456478 0.343283 -0.519589 0.986315 0.643061 0.455909 0.343283 -0.519589 0.986315 0.643135 0.455386 0.343283 -0.519589 0.986315 0.643209 0.454909 0.343283 -0.519589 0.985337 0.643258 0.454432 0.343283 -0.519589 0.986315 0.643307 0.454002 0.343283 -0.519589 0.981427 
0.643061 0.455909 0.343283 -0.519589 0.986315 0.643135 0.455386 0.343283 -0.519589 0.986315 0.643209 0.454909 0.343283 -0.519589 0.985337 0.643258 0.454432 0.343283 -0.519589 0.986315 0.643307 0.454002 0.343283 -0.519589 0.981427 0.643381 0.453617 0.343283 -0.519589 0.981427 
0.643135 0.455386 0.343283 -0.519589 0.986315 0.643209 0.454909 0.343283 -0.519589 0.985337 0.643258 0.454432 0.343283 -0.519589 0.986315 0.643307 0.454002 0.343283 -0.519589 0.981427 0.643381 0.453617 0.343283 -0.519589 0.981427 0.643430 0.453263 0.343283 -0.519589 0.982405 
0.643209 0.454909 0.343283 -0.519589 0.985337 0.643258 0.454432 0.343283 -0.519589 0.986315 0.643307 0.454002 0.343283 -0.519589 0.981427 0.643381 0.453617 0.343283 -0.519589 0.981427 0.643430 0.453263 0.343283 -0.519589 0.982405 0.643627 0.452310 0.343283 -0.519589 0.982405 
0.643258 0.454432 0.343283 -0.519589 0.986315 0.643307 0.454002 0.343283 -0.519589 0.981427 0.643381 0.453617 0.343283 -0.519589 0.981427 0.643430 0.453263 0.343283 -0.519589 0.982405 0.643627 0.452310 0.343283 -0.519589 0.982405 0.643504 0.452940 0.343283 -0.519589 0.982405 
0.643307 0.454002 0.343283 -0.519589 0.981427 0.643381 0.453617 0.343283 -0.519589 0.981427 0.643430 0.453263 0.343283 -0.519589 0.982405 0.643627 0.452310 0.343283 -0.519589 0.982405 0.643504 0.452940 0.343283 -0.519589 0.982405 0.643578 0.452633 0.343283 -0.519589 0.983382 
0.643381 0.453617 0.343283 -0.519589 0.981427 0.643430 0.453263 0.343283 -0.519589 0.982405 0.643627 0.452310 0.343283 -0.519589 0.982405 0.643504 0.452940 0.343283 -0.519589 0.982405 0.643578 0.452633 0.343283 -0.519589 0.983382 0.643701 0.452048 0.343283 -0.519589 0.985337 
0.643430 0.453263 0.343283 -0.519589 0.982405 0.643627 0.452310 0.343283 -0.519589 0.982405 0.643504 0.452940 0.343283 -0.519589 0.982405 0.643578 0.452633 0.343283 -0.519589 0.983382 0.643701 0.452048 0.343283 -0.519589 0.985337 0.643824 0.451464 0.343283 -0.519589 0.985337 
0.643627 0.452310 0.343283 -0.519589 0.982405 0.643504 0.452940 0.343283 -0.519589 0.982405 0.643578 0.452633 0.343283 -0.519589 0.983382 0.643701 0.452048 0.343283 -0.519589 0.985337 0.643824 0.451464 0.343283 -0.519589 0.985337 0.643750 0.451772 0.343283 -0.519589 0.982405 
0.643504 0.452940 0.343283 -0.519589 0.982405 0.643578 0.452633 0.343283 -0.519589 0.983382 0.643701 0.452048 0.343283 -0.519589 0.985337 0.643824 0.451464 0.343283 -0.519589 0.985337 0.643750 0.451772 0.343283 -0.519589 0.982405 0.643898 0.451095 0.343283 -0.519589 0.985337 
0.643578 0.452633 0.343283 -0.519589 0.983382 0.643701 0.452048 0.343283 -0.519589 0.985337 0.643824 0.451464 0.343283 -0.519589 0.985337 0.643750 0.451772 0.343283 -0.519589 0.982405 0.643898 0.451095 0.343283 -0.519589 0.985337 0.643996 0.450695 0.343283 -0.519589 0.987292 
0.643701 0.452048 0.343283 -0.519589 0.985337 0.643824 0.451464 0.343283 -0.519589 0.985337 0.643750 0.451772 0.343283 -0.519589 0.982405 0.643898 0.451095 0.343283 -0.519589 0.985337 0.643996 0.450695 0.343283 -0.519589 0.987292 0.644119 0.450249 0.346116 -0.540563 0.986315 
0.643824 0.451464 0.343283 -0.519589 0.985337 0.643750 0.451772 0.343283 -0.519589 0.982405 0.643898 0.451095 0.343283 -0.519589 0.985337 0.643996 0.450695 0.343283 -0.519589 0.987292 0.644119 0.450249 0.346116 -0.540563 0.986315 0.644242 0.449788 0.336767 -0.545110 0.991202 
0.643750 0.451772 0.343283 -0.519589 0.982405 0.643898 0.451095 0.343283 -0.519589 0.985337 0.643996 0.450695 0.343283 -0.519589 0.987292 0.644119 0.450249 0.346116 -0.540563 0.986315 0.644242 0.449788 0.336767 -0.545110 0.991202 0.644414 0.449311 0.336767 -0.545110 0.992180 
0.643898 0.451095 0.343283 -0.519589 0.985337 0.643996 0.450695 0.343283 -0.519589 0.987292 0.644119 0.450249 0.346116 -0.540563 0.986315 0.644242 0.449788 0.336767 -0.545110 0.991202 0.644414 0.449311 0.336767 -0.545110 0.992180 0.644562 0.448850 0.336767 -0.545110 0.989247 
0.643996 0.450695 0.343283 -0.519589 0.987292 0.644119 0.450249 0.346116 -0.540563 0.986315 0.644242 0.449788 0.336767 -0.545110 0.991202 0.644414 0.449311 0.336767 -0.545110 0.992180 0.644562 0.448850 0.336767 -0.545110 0.989247 0.644710 0.448434 0.336767 -0.545110 0.989247 
0.644119 0.450249 0.346116 -0.540563 0.986315 0.644242 0.449788 0.336767 -0.545110 0.991202 0.644414 0.449311 0.336767 -0.545110 0.992180 0.644562 0.448850 0.336767 -0.545110 0.989247 0.644710 0.448434 0.336767 -0.545110 0.989247 0.644907 0.448081 0.336767 -0.545110 0.988270 
0.644242 0.449788 0.336767 -0.545110 0.991202 0.644414 0.449311 0.336767 -0.545110 0.992180 0.644562 0.448850 0.336767 -0.545110 0.989247 0.644710 0.448434 0.336767 -0.545110 0.989247 0.644907 0.448081 0.336767 -0.545110 0.988270 0.645054 0.447773 0.336767 -0.545110 0.989247 
0.644414 0.449311 0.336767 -0.545110 0.992180 0.644562 0.448850 0.336767 -0.545110 0.989247 0.644710 0.448434 0.336767 -0.545110 0.989247 0.644907 0.448081 0.336767 -0.545110 0.988270 0.645054 0.447773 0.336767 -0.545110 0.989247 0.645202 0.447512 0.336767 -0.545110 0.985337 
0.644562 0.448850 0.336767 -0.545110 0.989247 0.644710 0.448434 0.336767 -0.545110 0.989247 0.644907 0.448081 0.336767 -0.545110 0.988270 0.645054 0.447773 0.336767 -0.545110 0.989247 0.645202 0.447512 0.336767 -0.545110 0.985337 0.645325 0.447266 0.336767 -0.545110 0.986315 
0.644710 0.448434 0.336767 -0.545110 0.989247 0.644907 0.448081 0.336767 -0.545110 0.988270 0.645054 0.447773 0.336767 -0.545110 0.989247 0.645202 0.447512 0.336767 -0.545110 0.985337 0.645325 0.447266 0.336767 -0.545110 0.986315 0.645448 0.447020 0.336767 -0.545110 0.981427 
0.644907 0.448081 0.336767 -0.545110 0.988270 0.645054 0.447773 0.336767 -0.545110 0.989247 0.645202 0.447512 0.336767 -0.545110 0.985337 0.645325 0.447266 0.336767 -0.545110 0.986315 0.645448 0.447020 0.336767 -0.545110 0.981427 0.645522 0.446773 0.336767 -0.545110 0.981427 
0.645054 0.447773 0.336767 -0.545110 0.989247 0.645202 0.447512 0.336767 -0.545110 0.985337 0.645325 0.447266 0.336767 -0.545110 0.986315 0.645448 0.447020 0.336767 -0.545110 0.981427 0.645522 0.446773 0.336767 -0.545110 0.981427 0.645620 0.446543 0.336767 -0.545110 0.979472 
0.645202 0.447512 0.336767 -0.545110 0.985337 0.645325 0.447266 0.336767 -0.545110 0.986315 0.645448 0.447020 0.336767 -0.545110 0.981427 0.645522 0.446773 0.336767 -0.545110 0.981427 0.645620 0.446543 0.336767 -0.545110 0.979472 0.645718 0.446297 0.336767 -0.545110 0.982405 
0.645325 0.447266 0.336767 -0.545110 0.986315 0.645448 0.447020 0.336767 -0.545110 0.981427 0.645522 0.446773 0.336767 -0.545110 0.981427 0.645620 0.446543 0.336767 -0.545110 0.979472 0.645718 0.446297 0.336767 -0.545110 0.982405 0.645792 0.446035 0.336767 -0.545110 0.981427 
0.645448 0.447020 0.336767 -0.545110 0.981427 0.645522 0.446773 0.336767 -0.545110 0.981427 0.645620 0.446543 0.336767 -0.545110 0.979472 0.645718 0.446297 0.336767 -0.545110 0.982405 0.645792 0.446035 0.336767 -0.545110 0.981427 0.645915 0.445758 0.336767 -0.545110 0.981427 
0.645522 0.446773 0.336767 -0.545110 0.981427 0.645620 0.446543 0.336767 -0.545110 0.979472 0.645718 0.446297 0.336767 -0.545110 0.982405 0.645792 0.446035 0.336767 -0.545110 0.981427 0.645915 0.445758 0.336767 -0.545110 0.981427 0.646014 0.445466 0.336767 -0.545110 0.981427 
0.645620 0.446543 0.336767 -0.545110 0.979472 0.645718 0.446297 0.336767 -0.545110 0.982405 0.645792 0.446035 0.336767 -0.545110 0.981427 0.645915 0.445758 0.336767 -0.545110 0.981427 0.646014 0.445466 0.336767 -0.545110 0.981427 0.646137 0.445205 0.336767 -0.545110 0.983382 
0.645718 0.446297 0.336767 -0.545110 0.982405 0.645792 0.446035 0.336767 -0.545110 0.981427 0.645915 0.445758 0.336767 -0.545110 0.981427 0.646014 0.445466 0.336767 -0.545110 0.981427 0.646137 0.445205 0.336767 -0.545110 0.983382 0.646235 0.444959 0.336767 -0.545110 0.981427 
0.645792 0.446035 0.336767 -0.545110 0.981427 0.645915 0.445758 0.336767 -0.545110 0.981427 0.646014 0.445466 0.336767 -0.545110 0.981427 0.646137 0.445205 0.336767 -0.545110 0.983382 0.646235 0.444959 0.336767 -0.545110 0.981427 0.646358 0.444728 0.336767 -0.545110 0.984360 
0.645915 0.445758 0.336767 -0.545110 0.981427 0.646014 0.445466 0.336767 -0.545110 0.981427 0.646137 0.445205 0.336767 -0.545110 0.983382 0.646235 0.444959 0.336767 -0.545110 0.981427 0.646358 0.444728 0.336767 -0.545110 0.984360 0.646457 0.444513 0.336767 -0.545110 0.985337 
0.646014 0.445466 0.336767 -0.545110 0.981427 0.646137 0.445205 0.336767 -0.545110 0.983382 0.646235 0.444959 0.336767 -0.545110 0.981427 0.646358 0.444728 0.336767 -0.545110 0.984360 0.646457 0.444513 0.336767 -0.545110 0.985337 0.646555 0.444313 0.336767 -0.545110 0.984360 
0.646137 0.445205 0.336767 -0.545110 0.983382 0.646235 0.444959 0.336767 -0.545110 0.981427 0.646358 0.444728 0.336767 -0.545110 0.984360 0.646457 0.444513 0.336767 -0.545110 0.985337 0.646555 0.444313 0.336767 -0.545110 0.984360 0.646654 0.444113 0.336767 -0.545110 0.983382 
0.646235 0.444959 0.336767 -0.545110 0.981427 0.646358 0.444728 0.336767 -0.545110 0.984360 0.646457 0.444513 0.336767 -0.545110 0.985337 0.646555 0.444313 0.336767 -0.545110 0.984360 0.646654 0.444113 0.336767 -0.545110 0.983382 0.646703 0.443944 0.336767 -0.545110 0.982405 
0.646358 0.444728 0.336767 -0.545110 0.984360 0.646457 0.444513 0.336767 -0.545110 0.985337 0.646555 0.444313 0.336767 -0.545110 0.984360 0.646654 0.444113 0.336767 -0.545110 0.983382 0.646703 0.443944 0.336767 -0.545110 0.982405 0.647023 0.443344 0.306673 -0.537145 0.979472 
0.646457 0.444513 0.336767 -0.545110 0.985337 0.646555 0.444313 0.336767 -0.545110 0.984360 0.646654 0.444113 0.336767 -0.545110 0.983382 0.646703 0.443944 0.336767 -0.545110 0.982405 0.647023 0.443344 0.306673 -0.537145 0.979472 0.646801 0.443775 0.306673 -0.537145 0.982405 
0.646555 0.444313 0.336767 -0.545110 0.984360 0.646654 0.444113 0.336767 -0.545110 0.983382 0.646703 0.443944 0.336767 -0.545110 0.982405 0.647023 0.443344 0.306673 -0.537145 0.979472 0.646801 0.443775 0.306673 -0.537145 0.982405 0.646900 0.443605 0.306673 -0.537145 0.980450 
0.646654 0.444113 0.336767 -0.545110 0.983382 0.646703 0.443944 0.336767 -0.545110 0.982405 0.647023 0.443344 0.306673 -0.537145 0.979472 0.646801 0.443775 0.306673 -0.537145 0.982405 0.646900 0.443605 0.306673 -0.537145 0.980450 0.647170 0.443067 0.306673 -0.537145 0.977517 
0.646703 0.443944 0.336767 -0.545110 0.982405 0.647023 0.443344 0.306673 -0.537145 0.979472 0.646801 0.443775 0.306673 -0.537145 0.982405 0.646900 0.443605 0.306673 -0.537145 0.980450 0.647170 0.443067 0.306673 -0.537145 0.977517 0.647466 0.442452 0.306673 -0.537145 0.975562 
0.647023 0.443344 0.306673 -0.537145 0.979472 0.646801 0.443775 0.306673 -0.537145 0.982405 0.646900 0.443605 0.306673 -0.537145 0.980450 0.647170 0.443067 0.306673 -0.537145 0.977517 0.647466 0.442452 0.306673 -0.537145 0.975562 0.647318 0.442775 0.306673 -0.537145 0.975562 
0.646801 0.443775 0.306673 -0.537145 0.982405 0.646900 0.443605 0.306673 -0.537145 0.980450 0.647170 0.443067 0.306673 -0.537145 0.977517 0.647466 0.442452 0.306673 -0.537145 0.975562 0.647318 0.442775 0.306673 -0.537145 0.975562 0.647613 0.442098 0.306673 -0.537145 0.975562 
0.646900 0.443605 0.306673 -0.537145 0.980450 0.647170 0.443067 0.306673 -0.537145 0.977517 0.647466 0.442452 0.306673 -0.537145 0.975562 0.647318 0.442775 0.306673 -0.537145 0.975562 0.647613 0.442098 0.306673 -0.537145 0.975562 0.647785 0.441698 0.306673 -0.537145 0.967742 
0.647170 0.443067 0.306673 -0.537145 0.977517 0.647466 0.442452 0.306673 -0.537145 0.975562 0.647318 0.442775 0.306673 -0.537145 0.975562 0.647613 0.442098 0.306673 -0.537145 0.975562 0.647785 0.441698 0.306673 -0.537145 0.967742 0.647933 0.441268 0.306673 -0.537145 0.965787 
0.647466 0.442452 0.306673 -0.537145 0.975562 0.647318 0.442775 0.306673 -0.537145 0.975562 0.647613 0.442098 0.306673 -0.537145 0.975562 0.647785 0.441698 0.306673 -0.537145 0.967742 0.647933 0.441268 0.306673 -0.537145 0.965787 0.648081 0.440899 0.307786 -0.557800 0.967742 
0.647318 0.442775 0.306673 -0.537145 0.975562 0.647613 0.442098 0.306673 -0.537145 0.975562 0.647785 0.441698 0.306673 -0.537145 0.967742 0.647933 0.441268 0.306673 -0.537145 0.965787 0.648081 0.440899 0.307786 -0.557800 0.967742 0.648204 0.440607 0.307786 -0.557800 0.966764 
0.647613 0.442098 0.306673 -0.537145 0.975562 0.647785 0.441698 0.306673 -0.537145 0.967742 0.647933 0.441268 0.306673 -0.537145 0.965787 0.648081 0.440899 0.307786 -0.557800 0.967742 0.648204 0.440607 0.307786 -0.557800 0.966764 0.648302 0.440361 0.307786 -0.557800 0.973607 
0.647785 0.441698 0.306673 -0.537145 0.967742 0.647933 0.441268 0.306673 -0.537145 0.965787 0.648081 0.440899 0.307786 -0.557800 0.967742 0.648204 0.440607 0.307786 -0.557800 0.966764 0.648302 0.440361 0.307786 -0.557800 0.973607 0.648376 0.440145 0.307786 -0.557800 0.969697 
0.647933 0.441268 0.306673 -0.537145 0.965787 0.648081 0.440899 0.307786 -0.557800 0.967742 0.648204 0.440607 0.307786 -0.557800 0.966764 0.648302 0.440361 0.307786 -0.557800 0.973607 0.648376 0.440145 0.307786 -0.557800 0.969697 0.648474 0.439976 0.307786 -0.557800 0.972630 
0.648081 0.440899 0.307786 -0.557800 0.967742 0.648204 0.440607 0.307786 -0.557800 0.966764 0.648302 0.440361 0.307786 -0.557800 0.973607 0.648376 0.440145 0.307786 -0.557800 0.969697 0.648474 0.439976 0.307786 -0.557800 0.972630 0.648548 0.439853 0.307786 -0.557800 0.975562 
0.648204 0.440607 0.307786 -0.557800 0.966764 0.648302 0.440361 0.307786 -0.557800 0.973607 0.648376 0.440145 0.307786 -0.557800 0.969697 0.648474 0.439976 0.307786 -0.557800 0.972630 0.648548 0.439853 0.307786 -0.557800 0.975562 0.648597 0.439822 0.307786 -0.557800 0.980450 
0.648302 0.440361 0.307786 -0.557800 0.973607 0.648376 0.440145 0.307786 -0.557800 0.969697 0.648474 0.439976 0.307786 -0.557800 0.972630 0.648548 0.439853 0.307786 -0.557800 0.975562 0.648597 0.439822 0.307786 -0.557800 0.980450 0.648622 0.439807 0.307786 -0.557800 0.986315 
0.648376 0.440145 0.307786 -0.557800 0.969697 0.648474 0.439976 0.307786 -0.557800 0.972630 0.648548 0.439853 0.307786 -0.557800 0.975562 0.648597 0.439822 0.307786 -0.557800 0.980450 0.648622 0.439807 0.307786 -0.557800 0.986315 0.648647 0.439807 0.307786 -0.557800 0.998045 
0.648474 0.439976 0.307786 -0.557800 0.972630 0.648548 0.439853 0.307786 -0.557800 0.975562 0.648597 0.439822 0.307786 -0.557800 0.980450 0.648622 0.439807 0.307786 -0.557800 0.986315 0.648647 0.439807 0.307786 -0.557800 0.998045 0.648671 0.439807 0.297821 -0.561716 1.000000 
0.648548 0.439853 0.307786 -0.557800 0.975562 0.648597 0.439822 0.307786 -0.557800 0.980450 0.648622 0.439807 0.307786 -0.557800 0.986315 0.648647 0.439807 0.307786 -0.557800 0.998045 0.648671 0.439807 0.297821 -0.561716 1.000000 0.648622 0.439807 0.338664 -0.566078 1.000000 
0.648597 0.439822 0.307786 -0.557800 0.980450 0.648622 0.439807 0.307786 -0.557800 0.986315 0.648647 0.439807 0.307786 -0.557800 0.998045 0.648671 0.439807 0.297821 -0.561716 1.000000 0.648622 0.439807 0.338664 -0.566078 1.000000 0.648597 0.439807 0.328716 -0.570376 1.000000 
0.648622 0.439807 0.307786 -0.557800 0.986315 0.648647 0.439807 0.307786 -0.557800 0.998045 0.648671 0.439807 0.297821 -0.561716 1.000000 0.648622 0.439807 0.338664 -0.566078 1.000000 0.648597 0.439807 0.328716 -0.570376 1.000000 0.648573 0.439807 0.328716 -0.570376 1.000000 
0.648647 0.439807 0.307786 -0.557800 0.998045 0.648671 0.439807 0.297821 -0.561716 1.000000 0.648622 0.439807 0.338664 -0.566078 1.000000 0.648597 0.439807 0.328716 -0.570376 1.000000 0.648573 0.439807 0.328716 -0.570376 1.000000 0.648548 0.439807 0.328716 -0.570376 1.000000 
0.648671 0.439807 0.297821 -0.561716 1.000000 0.648622 0.439807 0.338664 -0.566078 1.000000 0.648597 0.439807 0.328716 -0.570376 1.000000 0.648573 0.439807 0.328716 -0.570376 1.000000 0.648548 0.439807 0.328716 -0.570376 1.000000 0.648524 0.439807 0.328716 -0.570376 1.000000 
0.648622 0.439807 0.338664 -0.566078 1.000000 0.648597 0.439807 0.328716 -0.570376 1.000000 0.648573 0.439807 0.328716 -0.570376 1.000000 0.648548 0.439807 0.328716 -0.570376 1.000000 0.648524 0.439807 0.328716 -0.570376 1.000000 0.648499 0.439807 0.328716 -0.570376 1.000000 
0.648597 0.439807 0.328716 -0.570376 1.000000 0.648573 0.439807 0.328716 -0.570376 1.000000 0.648548 0.439807 0.328716 -0.570376 1.000000 0.648524 0.439807 0.328716 -0.570376 1.000000 0.648499 0.439807 0.328716 -0.570376 1.000000 0.648474 0.439807 0.328716 -0.570376 1.000000 
0.648573 0.439807 0.328716 -0.570376 1.000000 0.648548 0.439807 0.328716 -0.570376 1.000000 0.648524 0.439807 0.328716 -0.570376 1.000000 0.648499 0.439807 0.328716 -0.570376 1.000000 0.648474 0.439807 0.328716 -0.570376 1.000000 0.648450 0.439807 0.329625 -0.591287 1.000000 
0.648548 0.439807 0.328716 -0.570376 1.000000 0.648524 0.439807 0.328716 -0.570376 1.000000 0.648499 0.439807 0.328716 -0.570376 1.000000 0.648474 0.439807 0.328716 -0.570376 1.000000 0.648450 0.439807 0.329625 -0.591287 1.000000 0.648425 0.439807 0.329625 -0.591287 1.000000 
0.648524 0.439807 0.328716 -0.570376 1.000000 0.648499 0.439807 0.328716 -0.570376 1.000000 0.648474 0.439807 0.328716 -0.570376 1.000000 0.648450 0.439807 0.329625 -0.591287 1.000000 0.648425 0.439807 0.329625 -0.591287 1.000000 0.648401 0.439807 0.329625 -0.591287 1.000000 
0.648499 0.439807 0.328716 -0.570376 1.000000 0.648474 0.439807 0.328716 -0.570376 1.000000 0.648450 0.439807 0.329625 -0.591287 1.000000 0.648425 0.439807 0.329625 -0.591287 1.000000 0.648401 0.439807 0.329625 -0.591287 1.000000 0.648376 0.439807 0.340031 -0.587090 1.000000 
0.648474 0.439807 0.328716 -0.570376 1.000000 0.648450 0.439807 0.329625 -0.591287 1.000000 0.648425 0.439807 0.329625 -0.591287 1.000000 0.648401 0.439807 0.329625 -0.591287 1.000000 0.648376 0.439807 0.340031 -0.587090 1.000000 0.648351 0.439807 0.340852 -0.608124 1.000000 
0.648450 0.439807 0.329625 -0.591287 1.000000 0.648425 0.439807 0.329625 -0.591287 1.000000 0.648401 0.439807 0.329625 -0.591287 1.000000 0.648376 0.439807 0.340031 -0.587090 1.000000 0.648351 0.439807 0.340852 -0.608124 1.000000 0.648327 0.439807 0.340852 -0.608124 1.000000 
0.648425 0.439807 0.329625 -0.591287 1.000000 0.648401 0.439807 0.329625 -0.591287 1.000000 0.648376 0.439807 0.340031 -0.587090 1.000000 0.648351 0.439807 0.340852 -0.608124 1.000000 0.648327 0.439807 0.340852 -0.608124 1.000000 0.648302 0.439807 0.340852 -0.608124 1.000000 
0.648401 0.439807 0.329625 -0.591287 1.000000 0.648376 0.439807 0.340031 -0.587090 1.000000 0.648351 0.439807 0.340852 -0.608124 1.000000 0.648327 0.439807 0.340852 -0.608124 1.000000 0.648302 0.439807 0.340852 -0.608124 1.000000 0.648278 0.439807 0.340852 -0.608124 1.000000 
0.648376 0.439807 0.340031 -0.587090 1.000000 0.648351 0.439807 0.340852 -0.608124 1.000000 0.648327 0.439807 0.340852 -0.608124 1.000000 0.648302 0.439807 0.340852 -0.608124 1.000000 0.648278 0.439807 0.340852 -0.608124 1.000000 0.648228 0.439807 0.340852 -0.608124 1.000000 
0.648351 0.439807 0.340852 -0.608124 1.000000 0.648327 0.439807 0.340852 -0.608124 1.000000 0.648302 0.439807 0.340852 -0.608124 1.000000 0.648278 0.439807 0.340852 -0.608124 1.000000 0.648228 0.439807 0.340852 -0.608124 1.000000 0.648204 0.439807 0.340852 -0.608124 1.000000 
0.648327 0.439807 0.340852 -0.608124 1.000000 0.648302 0.439807 0.340852 -0.608124 1.000000 0.648278 0.439807 0.340852 -0.608124 1.000000 0.648228 0.439807 0.340852 -0.608124 1.000000 0.648204 0.439807 0.340852 -0.608124 1.000000 0.648154 0.439807 0.340852 -0.608124 0.994135 
0.648302 0.439807 0.340852 -0.608124 1.000000 0.648278 0.439807 0.340852 -0.608124 1.000000 0.648228 0.439807 0.340852 -0.608124 1.000000 0.648204 0.439807 0.340852 -0.608124 1.000000 0.648154 0.439807 0.340852 -0.608124 0.994135 0.648130 0.439807 0.340852 -0.608124 0.979472 
0.648278 0.439807 0.340852 -0.608124 1.000000 0.648228 0.439807 0.340852 -0.608124 1.000000 0.648204 0.439807 0.340852 -0.608124 1.000000 0.648154 0.439807 0.340852 -0.608124 0.994135 0.648130 0.439807 0.340852 -0.608124 0.979472 0.648105 0.439807 0.340852 -0.608124 0.956989 
0.648228 0.439807 0.340852 -0.608124 1.000000 0.648204 0.439807 0.340852 -0.608124 1.000000 0.648154 0.439807 0.340852 -0.608124 0.994135 0.648130 0.439807 0.340852 -0.608124 0.979472 0.648105 0.439807 0.340852 -0.608124 0.956989 0.648081 0.439807 0.352297 -0.625025 0.944282 
0.648204 0.439807 0.340852 -0.608124 1.000000 0.648154 0.439807 0.340852 -0.608124 0.994135 0.648130 0.439807 0.340852 -0.608124 0.979472 0.648105 0.439807 0.340852 -0.608124 0.956989 0.648081 0.439807 0.352297 -0.625025 0.944282 0.648056 0.439807 0.352297 -0.625025 0.942326 
0.648154 0.439807 0.340852 -0.608124 0.994135 0.648130 0.439807 0.340852 -0.608124 0.979472 0.648105 0.439807 0.340852 -0.608124 0.956989 0.648081 0.439807 0.352297 -0.625025 0.944282 0.648056 0.439807 0.352297 -0.625025 0.942326 0.648031 0.439807 0.352297 -0.625025 0.928641 
0.648130 0.439807 0.340852 -0.608124 0.979472 0.648105 0.439807 0.340852 -0.608124 0.956989 0.648081 0.439807 0.352297 -0.625025 0.944282 0.648056 0.439807 0.352297 -0.625025 0.942326 0.648031 0.439807 0.352297 -0.625025 0.928641 0.648007 0.439807 0.352297 -0.625025 0.925709 
0.648105 0.439807 0.340852 -0.608124 0.956989 0.648081 0.439807 0.352297 -0.625025 0.944282 0.648056 0.439807 0.352297 -0.625025 0.942326 0.648031 0.439807 0.352297 -0.625025 0.928641 0.648007 0.439807 0.352297 -0.625025 0.925709 0.647982 0.439807 0.352297 -0.625025 0.915934 
0.648081 0.439807 0.352297 -0.625025 0.944282 0.648056 0.439807 0.352297 -0.625025 0.942326 0.648031 0.439807 0.352297 -0.625025 0.928641 0.648007 0.439807 0.352297 -0.625025 0.925709 0.647982 0.439807 0.352297 -0.625025 0.915934 0.647933 0.439807 0.352297 -0.625025 0.913001 
0.648056 0.439807 0.352297 -0.625025 0.942326 0.648031 0.439807 0.352297 -0.625025 0.928641 0.648007 0.439807 0.352297 -0.625025 0.925709 0.647982 0.439807 0.352297 -0.625025 0.915934 0.647933 0.439807 0.352297 -0.625025 0.913001 0.647884 0.439807 0.352297 -0.625025 0.908113 
0.648031 0.439807 0.352297 -0.625025 0.928641 0.648007 0.439807 0.352297 -0.625025 0.925709 0.647982 0.439807 0.352297 -0.625025 0.915934 0.647933 0.439807 0.352297 -0.625025 0.913001 0.647884 0.439807 0.352297 -0.625025 0.908113 0.647835 0.439807 0.352297 -0.625025 0.905181 
0.648007 0.439807 0.352297 -0.625025 0.925709 0.647982 0.439807 0.352297 -0.625025 0.915934 0.647933 0.439807 0.352297 -0.625025 0.913001 0.647884 0.439807 0.352297 -0.625025 0.908113 0.647835 0.439807 0.352297 -0.625025 0.905181 0.647761 0.439807 0.352297 -0.625025 0.901271 
0.647982 0.439807 0.352297 -0.625025 0.915934 0.647933 0.439807 0.352297 -0.625025 0.913001 0.647884 0.439807 0.352297 -0.625025 0.908113 0.647835 0.439807 0.352297 -0.625025 0.905181 0.647761 0.439807 0.352297 -0.625025 0.901271 0.647687 0.439807 0.352297 -0.625025 0.898338 
0.647933 0.439807 0.352297 -0.625025 0.913001 0.647884 0.439807 0.352297 -0.625025 0.908113 0.647835 0.439807 0.352297 -0.625025 0.905181 0.647761 0.439807 0.352297 -0.625025 0.901271 0.647687 0.439807 0.352297 -0.625025 0.898338 0.647589 0.439807 0.352297 -0.625025 0.895406 
0.647884 0.439807 0.352297 -0.625025 0.908113 0.647835 0.439807 0.352297 -0.625025 0.905181 0.647761 0.439807 0.352297 -0.625025 0.901271 0.647687 0.439807 0.352297 -0.625025 0.898338 0.647589 0.439807 0.352297 -0.625025 0.895406 0.647490 0.439807 0.352297 -0.625025 0.892473 
0.647835 0.439807 0.352297 -0.625025 0.905181 0.647761 0.439807 0.352297 -0.625025 0.901271 0.647687 0.439807 0.352297 -0.625025 0.898338 0.647589 0.439807 0.352297 -0.625025 0.895406 0.647490 0.439807 0.352297 -0.625025 0.892473 0.647392 0.439807 0.352297 -0.625025 0.889541 
0.647761 0.439807 0.352297 -0.625025 0.901271 0.647687 0.439807 0.352297 -0.625025 0.898338 0.647589 0.439807 0.352297 -0.625025 0.895406 0.647490 0.439807 0.352297 -0.625025 0.892473 0.647392 0.439807 0.352297 -0.625025 0.889541 0.647244 0.439807 0.352297 -0.625025 0.886608 
0.647687 0.439807 0.352297 -0.625025 0.898338 0.647589 0.439807 0.352297 -0.625025 0.895406 0.647490 0.439807 0.352297 -0.625025 0.892473 0.647392 0.439807 0.352297 -0.625025 0.889541 0.647244 0.439807 0.352297 -0.625025 0.886608 0.647072 0.439807 0.352297 -0.625025 0.885630 
0.647589 0.439807 0.352297 -0.625025 0.895406 0.647490 0.439807 0.352297 -0.625025 0.892473 0.647392 0.439807 0.352297 -0.625025 0.889541 0.647244 0.439807 0.352297 -0.625025 0.886608 0.647072 0.439807 0.352297 -0.625025 0.885630 0.646850 0.439807 0.352297 -0.625025 0.884653 
0.647490 0.439807 0.352297 -0.625025 0.892473 0.647392 0.439807 0.352297 -0.625025 0.889541 0.647244 0.439807 0.352297 -0.625025 0.886608 0.647072 0.439807 0.352297 -0.625025 0.885630 0.646850 0.439807 0.352297 -0.625025 0.884653 0.646555 0.439807 0.352297 -0.625025 0.884653 
0.647392 0.439807 0.352297 -0.625025 0.889541 0.647244 0.439807 0.352297 -0.625025 0.886608 0.647072 0.439807 0.352297 -0.625025 0.885630 0.646850 0.439807 0.352297 -0.625025 0.884653 0.646555 0.439807 0.352297 -0.625025 0.884653 0.646186 0.439807 0.352297 -0.625025 0.881720 
0.647244 0.439807 0.352297 -0.625025 0.886608 0.647072 0.439807 0.352297 -0.625025 0.885630 0.646850 0.439807 0.352297 -0.625025 0.884653 0.646555 0.439807 0.352297 -0.625025 0.884653 0.646186 0.439807 0.352297 -0.625025 0.881720 0.645768 0.439807 0.352297 -0.625025 0.884653 
0.647072 0.439807 0.352297 -0.625025 0.885630 0.646850 0.439807 0.352297 -0.625025 0.884653 0.646555 0.439807 0.352297 -0.625025 0.884653 0.646186 0.439807 0.352297 -0.625025 0.881720 0.645768 0.439807 0.352297 -0.625025 0.884653 0.645325 0.439807 0.352297 -0.625025 0.888563 
0.646850 0.439807 0.352297 -0.625025 0.884653 0.646555 0.439807 0.352297 -0.625025 0.884653 0.646186 0.439807 0.352297 -0.625025 0.881720 0.645768 0.439807 0.352297 -0.625025 0.884653 0.645325 0.439807 0.352297 -0.625025 0.888563 0.644882 0.439807 0.352297 -0.625025 0.892473 
0.646555 0.439807 0.352297 -0.625025 0.884653 0.646186 0.439807 0.352297 -0.625025 0.881720 0.645768 0.439807 0.352297 -0.625025 0.884653 0.645325 0.439807 0.352297 -0.625025 0.888563 0.644882 0.439807 0.352297 -0.625025 0.892473 0.644414 0.439807 0.352297 -0.625025 0.899316 
0.646186 0.439807 0.352297 -0.625025 0.881720 0.645768 0.439807 0.352297 -0.625025 0.884653 0.645325 0.439807 0.352297 -0.625025 0.888563 0.644882 0.439807 0.352297 -0.625025 0.892473 0.644414 0.439807 0.352297 -0.625025 0.899316 0.643898 0.439807 0.352297 -0.625025 0.902248 
0.645768 0.439807 0.352297 -0.625025 0.884653 0.645325 0.439807 0.352297 -0.625025 0.888563 0.644882 0.439807 0.352297 -0.625025 0.892473 0.644414 0.439807 0.352297 -0.625025 0.899316 0.643898 0.439807 0.352297 -0.625025 0.902248 0.643381 0.439807 0.352297 -0.625025 0.898338 
0.645325 0.439807 0.352297 -0.625025 0.888563 0.644882 0.439807 0.352297 -0.625025 0.892473 0.644414 0.439807 0.352297 -0.625025 0.899316 0.643898 0.439807 0.352297 -0.625025 0.902248 0.643381 0.439807 0.352297 -0.625025 0.898338 0.642889 0.439807 0.352297 -0.625025 0.894428 
0.644882 0.439807 0.352297 -0.625025 0.892473 0.644414 0.439807 0.352297 -0.625025 0.899316 0.643898 0.439807 0.352297 -0.625025 0.902248 0.643381 0.439807 0.352297 -0.625025 0.898338 0.642889 0.439807 0.352297 -0.625025 0.894428 0.642397 0.439807 0.352297 -0.625025 0.890518 
0.644414 0.439807 0.352297 -0.625025 0.899316 0.643898 0.439807 0.352297 -0.625025 0.902248 0.643381 0.439807 0.352297 -0.625025 0.898338 0.642889 0.439807 0.352297 -0.625025 0.894428 0.642397 0.439807 0.352297 -0.625025 0.890518 0.641880 0.439807 0.352297 -0.625025 0.892473 
0.643898 0.439807 0.352297 -0.625025 0.902248 0.643381 0.439807 0.352297 -0.625025 0.898338 0.642889 0.439807 0.352297 -0.625025 0.894428 0.642397 0.439807 0.352297 -0.625025 0.890518 0.641880 0.439807 0.352297 -0.625025 0.892473 0.641314 0.439791 0.352297 -0.625025 0.896383 
0.643381 0.439807 0.352297 -0.625025 0.898338 0.642889 0.439807 0.352297 -0.625025 0.894428 0.642397 0.439807 0.352297 -0.625025 0.890518 0.641880 0.439807 0.352297 -0.625025 0.892473 0.641314 0.439791 0.352297 -0.625025 0.896383 0.640625 0.439776 0.352297 -0.625025 0.900293 
0.642889 0.439807 0.352297 -0.625025 0.894428 0.642397 0.439807 0.352297 -0.625025 0.890518 0.641880 0.439807 0.352297 -0.625025 0.892473 0.641314 0.439791 0.352297 -0.625025 0.896383 0.640625 0.439776 0.352297 -0.625025 0.900293 0.639838 0.439761 0.352297 -0.625025 0.897361 
0.642397 0.439807 0.352297 -0.625025 0.890518 0.641880 0.439807 0.352297 -0.625025 0.892473 0.641314 0.439791 0.352297 -0.625025 0.896383 0.640625 0.439776 0.352297 -0.625025 0.900293 0.639838 0.439761 0.352297 -0.625025 0.897361 0.639050 0.439745 0.352297 -0.625025 0.894428 
0.641880 0.439807 0.352297 -0.625025 0.892473 0.641314 0.439791 0.352297 -0.625025 0.896383 0.640625 0.439776 0.352297 -0.625025 0.900293 0.639838 0.439761 0.352297 -0.625025 0.897361 0.639050 0.439745 0.352297 -0.625025 0.894428 0.638238 0.439745 0.352297 -0.625025 0.896383 
0.641314 0.439791 0.352297 -0.625025 0.896383 0.640625 0.439776 0.352297 -0.625025 0.900293 0.639838 0.439761 0.352297 -0.625025 0.897361 0.639050 0.439745 0.352297 -0.625025 0.894428 0.638238 0.439745 0.352297 -0.625025 0.896383 0.637426 0.439730 0.352297 -0.625025 0.904203 
0.640625 0.439776 0.352297 -0.625025 0.900293 0.639838 0.439761 0.352297 -0.625025 0.897361 0.639050 0.439745 0.352297 -0.625025 0.894428 0.638238 0.439745 0.352297 -0.625025 0.896383 0.637426 0.439730 0.352297 -0.625025 0.904203 0.636565 0.439715 0.352297 -0.625025 0.908113 
0.639838 0.439761 0.352297 -0.625025 0.897361 0.639050 0.439745 0.352297 -0.625025 0.894428 0.638238 0.439745 0.352297 -0.625025 0.896383 0.637426 0.439730 0.352297 -0.625025 0.904203 0.636565 0.439715 0.352297 -0.625025 0.908113 0.635679 0.439699 0.352297 -0.625025 0.907136 
0.639050 0.439745 0.352297 -0.625025 0.894428 0.638238 0.439745 0.352297 -0.625025 0.896383 0.637426 0.439730 0.352297 -0.625025 0.904203 0.636565 0.439715 0.352297 -0.625025 0.908113 0.635679 0.439699 0.352297 -0.625025 0.907136 0.634744 0.439668 0.340852 -0.608124 0.908113 
0.638238 0.439745 0.352297 -0.625025 0.896383 0.637426 0.439730 0.352297 -0.625025 0.904203 0.636565 0.439715 0.352297 -0.625025 0.908113 0.635679 0.439699 0.352297 -0.625025 0.907136 0.634744 0.439668 0.340852 -0.608124 0.908113 0.633858 0.439638 0.340852 -0.608124 0.902248 
0.637426 0.439730 0.352297 -0.625025 0.904203 0.636565 0.439715 0.352297 -0.625025 0.908113 0.635679 0.439699 0.352297 -0.625025 0.907136 0.634744 0.439668 0.340852 -0.608124 0.908113 0.633858 0.439638 0.340852 -0.608124 0.902248 0.632948 0.439607 0.340852 -0.608124 0.902248 
0.636565 0.439715 0.352297 -0.625025 0.908113 0.635679 0.439699 0.352297 -0.625025 0.907136 0.634744 0.439668 0.340852 -0.608124 0.908113 0.633858 0.439638 0.340852 -0.608124 0.902248 0.632948 0.439607 0.340852 -0.608124 0.902248 0.631939 0.439576 0.340852 -0.608124 0.899316 
0.635679 0.439699 0.352297 -0.625025 0.907136 0.634744 0.439668 0.340852 -0.608124 0.908113 0.633858 0.439638 0.340852 -0.608124 0.902248 0.632948 0.439607 0.340852 -0.608124 0.902248 0.631939 0.439576 0.340852 -0.608124 0.899316 0.630905 0.439545 0.340852 -0.608124 0.900293 
0.634744 0.439668 0.340852 -0.608124 0.908113 0.633858 0.439638 0.340852 -0.608124 0.902248 0.632948 0.439607 0.340852 -0.608124 0.902248 0.631939 0.439576 0.340852 -0.608124 0.899316 0.630905 0.439545 0.340852 -0.608124 0.900293 0.629847 0.439515 0.340852 -0.608124 0.907136 
0.633858 0.439638 0.340852 -0.608124 0.902248 0.632948 0.439607 0.340852 -0.608124 0.902248 0.631939 0.439576 0.340852 -0.608124 0.899316 0.630905 0.439545 0.340852 -0.608124 0.900293 0.629847 0.439515 0.340852 -0.608124 0.907136 0.628789 0.439484 0.340852 -0.608124 0.911046 
0.632948 0.439607 0.340852 -0.608124 0.902248 0.631939 0.439576 0.340852 -0.608124 0.899316 0.630905 0.439545 0.340852 -0.608124 0.900293 0.629847 0.439515 0.340852 -0.608124 0.907136 0.628789 0.439484 0.340852 -0.608124 0.911046 0.627756 0.439453 0.340852 -0.608124 0.912023 
0.631939 0.439576 0.340852 -0.608124 0.899316 0.630905 0.439545 0.340852 -0.608124 0.900293 0.629847 0.439515 0.340852 -0.608124 0.907136 0.628789 0.439484 0.340852 -0.608124 0.911046 0.627756 0.439453 0.340852 -0.608124 0.912023 0.626649 0.439438 0.340852 -0.608124 0.922776 
0.630905 0.439545 0.340852 -0.608124 0.900293 0.629847 0.439515 0.340852 -0.608124 0.907136 0.628789 0.439484 0.340852 -0.608124 0.911046 0.627756 0.439453 0.340852 -0.608124 0.912023 0.626649 0.439438 0.340852 -0.608124 0.922776 0.625640 0.439407 0.340031 -0.587090 0.916911 
0.622761 0.452125 0.377456 -0.499527 1.000000 0.623253 0.451710 0.377456 -0.499527 1.000000 0.623770 0.451310 0.377456 -0.499527 1.000000 0.624237 0.450926 0.369147 -0.504780 1.000000 0.624729 0.450541 0.369147 -0.504780 1.000000 0.625246 0.450157 0.369147 -0.504780 1.000000 
0.623253 0.451710 0.377456 -0.499527 1.000000 0.623770 0.451310 0.377456 -0.499527 1.000000 0.624237 0.450926 0.369147 -0.504780 1.000000 0.624729 0.450541 0.369147 -0.504780 1.000000 0.625246 0.450157 0.369147 -0.504780 1.000000 0.625738 0.449757 0.369147 -0.504780 1.000000 
0.623770 0.451310 0.377456 -0.499527 1.000000 0.624237 0.450926 0.369147 -0.504780 1.000000 0.624729 0.450541 0.369147 -0.504780 1.000000 0.625246 0.450157 0.369147 -0.504780 1.000000 0.625738 0.449757 0.369147 -0.504780 1.000000 0.626206 0.449403 0.369147 -0.504780 1.000000 
0.624237 0.450926 0.369147 -0.504780 1.000000 0.624729 0.450541 0.369147 -0.504780 1.000000 0.625246 0.450157 0.369147 -0.504780 1.000000 0.625738 0.449757 0.369147 -0.504780 1.000000 0.626206 0.449403 0.369147 -0.504780 1.000000 0.626649 0.449065 0.369147 -0.504780 1.000000 
0.624729 0.450541 0.369147 -0.504780 1.000000 0.625246 0.450157 0.369147 -0.504780 1.000000 0.625738 0.449757 0.369147 -0.504780 1.000000 0.626206 0.449403 0.369147 -0.504780 1.000000 0.626649 0.449065 0.369147 -0.504780 1.000000 0.627190 0.448711 0.369147 -0.504780 1.000000 
0.625246 0.450157 0.369147 -0.504780 1.000000 0.625738 0.449757 0.369147 -0.504780 1.000000 0.626206 0.449403 0.369147 -0.504780 1.000000 0.626649 0.449065 0.369147 -0.504780 1.000000 0.627190 0.448711 0.369147 -0.504780 1.000000 0.627756 0.448358 0.369147 -0.504780 1.000000 
0.625738 0.449757 0.369147 -0.504780 1.000000 0.626206 0.449403 0.369147 -0.504780 1.000000 0.626649 0.449065 0.369147 -0.504780 1.000000 0.627190 0.448711 0.369147 -0.504780 1.000000 0.627756 0.448358 0.369147 -0.504780 1.000000 0.628346 0.448019 0.369147 -0.504780 1.000000 
0.626206 0.449403 0.369147 -0.504780 1.000000 0.626649 0.449065 0.369147 -0.504780 1.000000 0.627190 0.448711 0.369147 -0.504780 1.000000 0.627756 0.448358 0.369147 -0.504780 1.000000 0.628346 0.448019 0.369147 -0.504780 1.000000 0.628937 0.447681 0.352059 -0.514810 1.000000 
0.626649 0.449065 0.369147 -0.504780 1.000000 0.627190 0.448711 0.369147 -0.504780 1.000000 0.627756 0.448358 0.369147 -0.504780 1.000000 0.628346 0.448019 0.369147 -0.504780 1.000000 0.628937 0.447681 0.352059 -0.514810 1.000000 0.629503 0.447358 0.352059 -0.514810 1.000000 
0.627190 0.448711 0.369147 -0.504780 1.000000 0.627756 0.448358 0.369147 -0.504780 1.000000 0.628346 0.448019 0.369147 -0.504780 1.000000 0.628937 0.447681 0.352059 -0.514810 1.000000 0.629503 0.447358 0.352059 -0.514810 1.000000 0.630069 0.447035 0.352059 -0.514810 1.000000 
0.627756 0.448358 0.369147 -0.504780 1.000000 0.628346 0.448019 0.369147 -0.504780 1.000000 0.628937 0.447681 0.352059 -0.514810 1.000000 0.629503 0.447358 0.352059 -0.514810 1.000000 0.630069 0.447035 0.352059 -0.514810 1.000000 0.630684 0.446712 0.352059 -0.514810 1.000000 
0.628346 0.448019 0.369147 -0.504780 1.000000 0.628937 0.447681 0.352059 -0.514810 1.000000 0.629503 0.447358 0.352059 -0.514810 1.000000 0.630069 0.447035 0.352059 -0.514810 1.000000 0.630684 0.446712 0.352059 -0.514810 1.000000 0.631299 0.446389 0.352059 -0.514810 1.000000 
0.628937 0.447681 0.352059 -0.514810 1.000000 0.629503 0.447358 0.352059 -0.514810 1.000000 0.630069 0.447035 0.352059 -0.514810 1.000000 0.630684 0.446712 0.352059 -0.514810 1.000000 0.631299 0.446389 0.352059 -0.514810 1.000000 0.631816 0.446097 0.352059 -0.514810 1.000000 
0.629503 0.447358 0.352059 -0.514810 1.000000 0.630069 0.447035 0.352059 -0.514810 1.000000 0.630684 0.446712 0.352059 -0.514810 1.000000 0.631299 0.446389 0.352059 -0.514810 1.000000 0.631816 0.446097 0.352059 -0.514810 1.000000 0.632308 0.445835 0.352059 -0.514810 1.000000 
0.630069 0.447035 0.352059 -0.514810 1.000000 0.630684 0.446712 0.352059 -0.514810 1.000000 0.631299 0.446389 0.352059 -0.514810 1.000000 0.631816 0.446097 0.352059 -0.514810 1.000000 0.632308 0.445835 0.352059 -0.514810 1.000000 0.632751 0.445574 0.352059 -0.514810 1.000000 
0.630684 0.446712 0.352059 -0.514810 1.000000 0.631299 0.446389 0.352059 -0.514810 1.000000 0.631816 0.446097 0.352059 -0.514810 1.000000 0.632308 0.445835 0.352059 -0.514810 1.000000 0.632751 0.445574 0.352059 -0.514810 1.000000 0.633145 0.445359 0.352059 -0.514810 1.000000 
0.631299 0.446389 0.352059 -0.514810 1.000000 0.631816 0.446097 0.352059 -0.514810 1.000000 0.632308 0.445835 0.352059 -0.514810 1.000000 0.632751 0.445574 0.352059 -0.514810 1.000000 0.633145 0.445359 0.352059 -0.514810 1.000000 0.633538 0.445174 0.352059 -0.514810 1.000000 
0.631816 0.446097 0.352059 -0.514810 1.000000 0.632308 0.445835 0.352059 -0.514810 1.000000 0.632751 0.445574 0.352059 -0.514810 1.000000 0.633145 0.445359 0.352059 -0.514810 1.000000 0.633538 0.445174 0.352059 -0.514810 1.000000 0.633907 0.444974 0.352059 -0.514810 1.000000 
0.632308 0.445835 0.352059 -0.514810 1.000000 0.632751 0.445574 0.352059 -0.514810 1.000000 0.633145 0.445359 0.352059 -0.514810 1.000000 0.633538 0.445174 0.352059 -0.514810 1.000000 0.633907 0.444974 0.352059 -0.514810 1.000000 0.634227 0.444805 0.352059 -0.514810 1.000000 
0.632751 0.445574 0.352059 -0.514810 1.000000 0.633145 0.445359 0.352059 -0.514810 1.000000 0.633538 0.445174 0.352059 -0.514810 1.000000 0.633907 0.444974 0.352059 -0.514810 1.000000 0.634227 0.444805 0.352059 -0.514810 1.000000 0.634498 0.444651 0.343283 -0.519589 1.000000 
0.633145 0.445359 0.352059 -0.514810 1.000000 0.633538 0.445174 0.352059 -0.514810 1.000000 0.633907 0.444974 0.352059 -0.514810 1.000000 0.634227 0.444805 0.352059 -0.514810 1.000000 0.634498 0.444651 0.343283 -0.519589 1.000000 0.634744 0.444482 0.343283 -0.519589 1.000000 
0.633538 0.445174 0.352059 -0.514810 1.000000 0.633907 0.444974 0.352059 -0.514810 1.000000 0.634227 0.444805 0.352059 -0.514810 1.000000 0.634498 0.444651 0.343283 -0.519589 1.000000 0.634744 0.444482 0.343283 -0.519589 1.000000 0.634990 0.444344 0.343283 -0.519589 1.000000 
0.633907 0.444974 0.352059 -0.514810 1.000000 0.634227 0.444805 0.352059 -0.514810 1.000000 0.634498 0.444651 0.343283 -0.519589 1.000000 0.634744 0.444482 0.343283 -0.519589 1.000000 0.634990 0.444344 0.343283 -0.519589 1.000000 0.635261 0.444174 0.343283 -0.519589 1.000000 
0.634227 0.444805 0.352059 -0.514810 1.000000 0.634498 0.444651 0.343283 -0.519589 1.000000 0.634744 0.444482 0.343283 -0.519589 1.000000 0.634990 0.444344 0.343283 -0.519589 1.000000 0.635261 0.444174 0.343283 -0.519589 1.000000 0.635532 0.443990 0.343283 -0.519589 1.000000 
0.634498 0.444651 0.343283 -0.519589 1.000000 0.634744 0.444482 0.343283 -0.519589 1.000000 0.634990 0.444344 0.343283 -0.519589 1.000000 0.635261 0.444174 0.343283 -0.519589 1.000000 0.635532 0.443990 0.343283 -0.519589 1.000000 0.635827 0.443821 0.343283 -0.519589 1.000000 
0.634744 0.444482 0.343283 -0.519589 1.000000 0.634990 0.444344 0.343283 -0.519589 1.000000 0.635261 0.444174 0.343283 -0.519589 1.000000 0.635532 0.443990 0.343283 -0.519589 1.000000 0.635827 0.443821 0.343283 -0.519589 1.000000 0.636048 0.443652 0.334355 -0.524211 1.000000 
0.634990 0.444344 0.343283 -0.519589 1.000000 0.635261 0.444174 0.343283 -0.519589 1.000000 0.635532 0.443990 0.343283 -0.519589 1.000000 0.635827 0.443821 0.343283 -0.519589 1.000000 0.636048 0.443652 0.334355 -0.524211 1.000000 0.636319 0.443467 0.336767 -0.545110 1.000000 
0.635261 0.444174 0.343283 -0.519589 1.000000 0.635532 0.443990 0.343283 -0.519589 1.000000 0.635827 0.443821 0.343283 -0.519589 1.000000 0.636048 0.443652 0.334355 -0.524211 1.000000 0.636319 0.443467 0.336767 -0.545110 1.000000 0.636590 0.443283 0.336767 -0.545110 1.000000 
0.635532 0.443990 0.343283 -0.519589 1.000000 0.635827 0.443821 0.343283 -0.519589 1.000000 0.636048 0.443652 0.334355 -0.524211 1.000000 0.636319 0.443467 0.336767 -0.545110 1.000000 0.636590 0.443283 0.336767 -0.545110 1.000000 0.636934 0.443067 0.336767 -0.545110 1.000000 
0.635827 0.443821 0.343283 -0.519589 1.000000 0.636048 0.443652 0.334355 -0.524211 1.000000 0.636319 0.443467 0.336767 -0.545110 1.000000 0.636590 0.443283 0.336767 -0.545110 1.000000 0.636934 0.443067 0.336767 -0.545110 1.000000 0.637303 0.442806 0.336767 -0.545110 1.000000 
0.636048 0.443652 0.334355 -0.524211 1.000000 0.636319 0.443467 0.336767 -0.545110 1.000000 0.636590 0.443283 0.336767 -0.545110 1.000000 0.636934 0.443067 0.336767 -0.545110 1.000000 0.637303 0.442806 0.336767 -0.545110 1.000000 0.637721 0.442514 0.336767 -0.545110 1.000000 
0.636319 0.443467 0.336767 -0.545110 1.000000 0.636590 0.443283 0.336767 -0.545110 1.000000 0.636934 0.443067 0.336767 -0.545110 1.000000 0.637303 0.442806 0.336767 -0.545110 1.000000 0.637721 0.442514 0.336767 -0.545110 1.000000 0.639099 0.441499 0.336767 -0.545110 1.000000 
0.636590 0.443283 0.336767 -0.545110 1.000000 0.636934 0.443067 0.336767 -0.545110 1.000000 0.637303 0.442806 0.336767 -0.545110 1.000000 0.637721 0.442514 0.336767 -0.545110 1.000000 0.639099 0.441499 0.336767 -0.545110 1.000000 0.638140 0.442206 0.336767 -0.545110 1.000000 
0.636934 0.443067 0.336767 -0.545110 1.000000 0.637303 0.442806 0.336767 -0.545110 1.000000 0.637721 0.442514 0.336767 -0.545110 1.000000 0.639099 0.441499 0.336767 -0.545110 1.000000 0.638140 0.442206 0.336767 -0.545110 1.000000 0.638583 0.441883 0.336767 -0.545110 1.000000 
0.637303 0.442806 0.336767 -0.545110 1.000000 0.637721 0.442514 0.336767 -0.545110 1.000000 0.639099 0.441499 0.336767 -0.545110 1.000000 0.638140 0.442206 0.336767 -0.545110 1.000000 0.638583 0.441883 0.336767 -0.545110 1.000000 0.639641 0.441083 0.306673 -0.537145 1.000000 
0.637721 0.442514 0.336767 -0.545110 1.000000 0.639099 0.441499 0.336767 -0.545110 1.000000 0.638140 0.442206 0.336767 -0.545110 1.000000 0.638583 0.441883 0.336767 -0.545110 1.000000 0.639641 0.441083 0.306673 -0.537145 1.000000 0.640797 0.440330 0.307786 -0.557800 1.000000 
0.639099 0.441499 0.336767 -0.545110 1.000000 0.638140 0.442206 0.336767 -0.545110 1.000000 0.638583 0.441883 0.336767 -0.545110 1.000000 0.639641 0.441083 0.306673 -0.537145 1.000000 0.640797 0.440330 0.307786 -0.557800 1.000000 0.640231 0.440683 0.306673 -0.537145 1.000000 
0.638140 0.442206 0.336767 -0.545110 1.000000 0.638583 0.441883 0.336767 -0.545110 1.000000 0.639641 0.441083 0.306673 -0.537145 1.000000 0.640797 0.440330 0.307786 -0.557800 1.000000 0.640231 0.440683 0.306673 -0.537145 1.000000 0.641289 0.440007 0.307786 -0.557800 1.000000 
0.638583 0.441883 0.336767 -0.545110 1.000000 0.639641 0.441083 0.306673 -0.537145 1.000000 0.640797 0.440330 0.307786 -0.557800 1.000000 0.640231 0.440683 0.306673 -0.537145 1.000000 0.641289 0.440007 0.307786 -0.557800 1.000000 0.641757 0.439745 0.307786 -0.557800 1.000000 
0.639641 0.441083 0.306673 -0.537145 1.000000 0.640797 0.440330 0.307786 -0.557800 1.000000 0.640231 0.440683 0.306673 -0.537145 1.000000 0.641289 0.440007 0.307786 -0.557800 1.000000 0.641757 0.439745 0.307786 -0.557800 1.000000 0.642151 0.439515 0.307786 -0.557800 1.000000 
0.640797 0.440330 0.307786 -0.557800 1.000000 0.640231 0.440683 0.306673 -0.537145 1.000000 0.641289 0.440007 0.307786 -0.557800 1.000000 0.641757 0.439745 0.307786 -0.557800 1.000000 0.642151 0.439515 0.307786 -0.557800 1.000000 0.642544 0.439315 0.307786 -0.557800 1.000000 
0.640231 0.440683 0.306673 -0.537145 1.000000 0.641289 0.440007 0.307786 -0.557800 1.000000 0.641757 0.439745 0.307786 -0.557800 1.000000 0.642151 0.439515 0.307786 -0.557800 1.000000 0.642544 0.439315 0.307786 -0.557800 1.000000 0.642840 0.439161 0.307786 -0.557800 1.000000 
0.641289 0.440007 0.307786 -0.557800 1.000000 0.641757 0.439745 0.307786 -0.557800 1.000000 0.642151 0.439515 0.307786 -0.557800 1.000000 0.642544 0.439315 0.307786 -0.557800 1.000000 0.642840 0.439161 0.307786 -0.557800 1.000000 0.643086 0.439084 0.307786 -0.557800 1.000000 
0.641757 0.439745 0.307786 -0.557800 1.000000 0.642151 0.439515 0.307786 -0.557800 1.000000 0.642544 0.439315 0.307786 -0.557800 1.000000 0.642840 0.439161 0.307786 -0.557800 1.000000 0.643086 0.439084 0.307786 -0.557800 1.000000 0.643307 0.438992 0.307786 -0.557800 1.000000 
0.642151 0.439515 0.307786 -0.557800 1.000000 0.642544 0.439315 0.307786 -0.557800 1.000000 0.642840 0.439161 0.307786 -0.557800 1.000000 0.643086 0.439084 0.307786 -0.557800 1.000000 0.643307 0.438992 0.307786 -0.557800 1.000000 0.643479 0.438915 0.307786 -0.557800 1.000000 
0.642544 0.439315 0.307786 -0.557800 1.000000 0.642840 0.439161 0.307786 -0.557800 1.000000 0.643086 0.439084 0.307786 -0.557800 1.000000 0.643307 0.438992 0.307786 -0.557800 1.000000 0.643479 0.438915 0.307786 -0.557800 1.000000 0.643676 0.438823 0.307786 -0.557800 1.000000 
0.642840 0.439161 0.307786 -0.557800 1.000000 0.643086 0.439084 0.307786 -0.557800 1.000000 0.643307 0.438992 0.307786 -0.557800 1.000000 0.643479 0.438915 0.307786 -0.557800 1.000000 0.643676 0.438823 0.307786 -0.557800 1.000000 0.643873 0.438715 0.307786 -0.557800 1.000000 
0.643086 0.439084 0.307786 -0.557800 1.000000 0.643307 0.438992 0.307786 -0.557800 1.000000 0.643479 0.438915 0.307786 -0.557800 1.000000 0.643676 0.438823 0.307786 -0.557800 1.000000 0.643873 0.438715 0.307786 -0.557800 1.000000 0.644094 0.438607 0.307786 -0.557800 1.000000 
0.643307 0.438992 0.307786 -0.557800 1.000000 0.643479 0.438915 0.307786 -0.557800 1.000000 0.643676 0.438823 0.307786 -0.557800 1.000000 0.643873 0.438715 0.307786 -0.557800 1.000000 0.644094 0.438607 0.307786 -0.557800 1.000000 0.644291 0.438469 0.307786 -0.557800 1.000000 
0.643479 0.438915 0.307786 -0.557800 1.000000 0.643676 0.438823 0.307786 -0.557800 1.000000 0.643873 0.438715 0.307786 -0.557800 1.000000 0.644094 0.438607 0.307786 -0.557800 1.000000 0.644291 0.438469 0.307786 -0.557800 1.000000 0.644562 0.438330 0.318606 -0.574513 1.000000 
0.643676 0.438823 0.307786 -0.557800 1.000000 0.643873 0.438715 0.307786 -0.557800 1.000000 0.644094 0.438607 0.307786 -0.557800 1.000000 0.644291 0.438469 0.307786 -0.557800 1.000000 0.644562 0.438330 0.318606 -0.574513 1.000000 0.644759 0.438192 0.318606 -0.574513 1.000000 
0.643873 0.438715 0.307786 -0.557800 1.000000 0.644094 0.438607 0.307786 -0.557800 1.000000 0.644291 0.438469 0.307786 -0.557800 1.000000 0.644562 0.438330 0.318606 -0.574513 1.000000 0.644759 0.438192 0.318606 -0.574513 1.000000 0.644980 0.438069 0.318606 -0.574513 1.000000 
0.644094 0.438607 0.307786 -0.557800 1.000000 0.644291 0.438469 0.307786 -0.557800 1.000000 0.644562 0.438330 0.318606 -0.574513 1.000000 0.644759 0.438192 0.318606 -0.574513 1.000000 0.644980 0.438069 0.318606 -0.574513 1.000000 0.645153 0.437961 0.297912 -0.582307 1.000000 
0.644291 0.438469 0.307786 -0.557800 1.000000 0.644562 0.438330 0.318606 -0.574513 1.000000 0.644759 0.438192 0.318606 -0.574513 1.000000 0.644980 0.438069 0.318606 -0.574513 1.000000 0.645153 0.437961 0.297912 -0.582307 1.000000 0.645349 0.437854 0.297912 -0.582307 1.000000 
0.644562 0.438330 0.318606 -0.574513 1.000000 0.644759 0.438192 0.318606 -0.574513 1.000000 0.644980 0.438069 0.318606 -0.574513 1.000000 0.645153 0.437961 0.297912 -0.582307 1.000000 0.645349 0.437854 0.297912 -0.582307 1.000000 0.645522 0.437746 0.297912 -0.582307 1.000000 
0.644759 0.438192 0.318606 -0.574513 1.000000 0.644980 0.438069 0.318606 -0.574513 1.000000 0.645153 0.437961 0.297912 -0.582307 1.000000 0.645349 0.437854 0.297912 -0.582307 1.000000 0.645522 0.437746 0.297912 -0.582307 1.000000 0.645645 0.437669 0.297912 -0.582307 1.000000 
0.644980 0.438069 0.318606 -0.574513 1.000000 0.645153 0.437961 0.297912 -0.582307 1.000000 0.645349 0.437854 0.297912 -0.582307 1.000000 0.645522 0.437746 0.297912 -0.582307 1.000000 0.645645 0.437669 0.297912 -0.582307 1.000000 0.645965 0.437531 0.297912 -0.582307 1.000000 
0.645153 0.437961 0.297912 -0.582307 1.000000 0.645349 0.437854 0.297912 -0.582307 1.000000 0.645522 0.437746 0.297912 -0.582307 1.000000 0.645645 0.437669 0.297912 -0.582307 1.000000 0.645965 0.437531 0.297912 -0.582307 1.000000 0.645768 0.437623 0.297912 -0.582307 1.000000 
0.645349 0.437854 0.297912 -0.582307 1.000000 0.645522 0.437746 0.297912 -0.582307 1.000000 0.645645 0.437669 0.297912 -0.582307 1.000000 0.645965 0.437531 0.297912 -0.582307 1.000000 0.645768 0.437623 0.297912 -0.582307 1.000000 0.645866 0.437562 0.297912 -0.582307 1.000000 
0.645522 0.437746 0.297912 -0.582307 1.000000 0.645645 0.437669 0.297912 -0.582307 1.000000 0.645965 0.437531 0.297912 -0.582307 1.000000 0.645768 0.437623 0.297912 -0.582307 1.000000 0.645866 0.437562 0.297912 -0.582307 1.000000 0.646038 0.437485 0.297912 -0.582307 1.000000 
0.645645 0.437669 0.297912 -0.582307 1.000000 0.645965 0.437531 0.297912 -0.582307 1.000000 0.645768 0.437623 0.297912 -0.582307 1.000000 0.645866 0.437562 0.297912 -0.582307 1.000000 0.646038 0.437485 0.297912 -0.582307 1.000000 0.646161 0.437423 0.297912 -0.582307 1.000000 
0.645965 0.437531 0.297912 -0.582307 1.000000 0.645768 0.437623 0.297912 -0.582307 1.000000 0.645866 0.437562 0.297912 -0.582307 1.000000 0.646038 0.437485 0.297912 -0.582307 1.000000 0.646161 0.437423 0.297912 -0.582307 1.000000 0.646088 0.437454 0.297912 -0.582307 1.000000 
0.645768 0.437623 0.297912 -0.582307 1.000000 0.645866 0.437562 0.297912 -0.582307 1.000000 0.646038 0.437485 0.297912 -0.582307 1.000000 0.646161 0.437423 0.297912 -0.582307 1.000000 0.646088 0.437454 0.297912 -0.582307 1.000000 0.646186 0.437408 0.297912 -0.582307 1.000000 
0.645866 0.437562 0.297912 -0.582307 1.000000 0.646038 0.437485 0.297912 -0.582307 1.000000 0.646161 0.437423 0.297912 -0.582307 1.000000 0.646088 0.437454 0.297912 -0.582307 1.000000 0.646186 0.437408 0.297912 -0.582307 1.000000 0.646260 0.437377 0.297912 -0.582307 1.000000 
0.646038 0.437485 0.297912 -0.582307 1.000000 0.646161 0.437423 0.297912 -0.582307 1.000000 0.646088 0.437454 0.297912 -0.582307 1.000000 0.646186 0.437408 0.297912 -0.582307 1.000000 0.646260 0.437377 0.297912 -0.582307 1.000000 0.646309 0.437331 0.297912 -0.582307 1.000000 
0.646161 0.437423 0.297912 -0.582307 1.000000 0.646088 0.437454 0.297912 -0.582307 1.000000 0.646186 0.437408 0.297912 -0.582307 1.000000 0.646260 0.437377 0.297912 -0.582307 1.000000 0.646309 0.437331 0.297912 -0.582307 1.000000 0.646358 0.437300 0.297912 -0.582307 1.000000 
0.646088 0.437454 0.297912 -0.582307 1.000000 0.646186 0.437408 0.297912 -0.582307 1.000000 0.646260 0.437377 0.297912 -0.582307 1.000000 0.646309 0.437331 0.297912 -0.582307 1.000000 0.646358 0.437300 0.297912 -0.582307 1.000000 0.646407 0.437254 0.297912 -0.582307 1.000000 
0.646186 0.437408 0.297912 -0.582307 1.000000 0.646260 0.437377 0.297912 -0.582307 1.000000 0.646309 0.437331 0.297912 -0.582307 1.000000 0.646358 0.437300 0.297912 -0.582307 1.000000 0.646407 0.437254 0.297912 -0.582307 1.000000 0.646457 0.437208 0.297912 -0.582307 1.000000 
0.646260 0.437377 0.297912 -0.582307 1.000000 0.646309 0.437331 0.297912 -0.582307 1.000000 0.646358 0.437300 0.297912 -0.582307 1.000000 0.646407 0.437254 0.297912 -0.582307 1.000000 0.646457 0.437208 0.297912 -0.582307 1.000000 0.646530 0.437146 0.297912 -0.582307 1.000000 
0.646309 0.437331 0.297912 -0.582307 1.000000 0.646358 0.437300 0.297912 -0.582307 1.000000 0.646407 0.437254 0.297912 -0.582307 1.000000 0.646457 0.437208 0.297912 -0.582307 1.000000 0.646530 0.437146 0.297912 -0.582307 1.000000 0.646604 0.437100 0.297912 -0.582307 1.000000 
0.646358 0.437300 0.297912 -0.582307 1.000000 0.646407 0.437254 0.297912 -0.582307 1.000000 0.646457 0.437208 0.297912 -0.582307 1.000000 0.646530 0.437146 0.297912 -0.582307 1.000000 0.646604 0.437100 0.297912 -0.582307 1.000000 0.646678 0.437054 0.297912 -0.582307 1.000000 
0.646407 0.437254 0.297912 -0.582307 1.000000 0.646457 0.437208 0.297912 -0.582307 1.000000 0.646530 0.437146 0.297912 -0.582307 1.000000 0.646604 0.437100 0.297912 -0.582307 1.000000 0.646678 0.437054 0.297912 -0.582307 1.000000 0.646703 0.437023 0.297912 -0.582307 1.000000 
0.646457 0.437208 0.297912 -0.582307 1.000000 0.646530 0.437146 0.297912 -0.582307 1.000000 0.646604 0.437100 0.297912 -0.582307 1.000000 0.646678 0.437054 0.297912 -0.582307 1.000000 0.646703 0.437023 0.297912 -0.582307 1.000000 0.646752 0.436992 0.297912 -0.582307 1.000000 
0.646530 0.437146 0.297912 -0.582307 1.000000 0.646604 0.437100 0.297912 -0.582307 1.000000 0.646678 0.437054 0.297912 -0.582307 1.000000 0.646703 0.437023 0.297912 -0.582307 1.000000 0.646752 0.436992 0.297912 -0.582307 1.000000 0.646801 0.436962 0.297912 -0.582307 1.000000 
0.646604 0.437100 0.297912 -0.582307 1.000000 0.646678 0.437054 0.297912 -0.582307 1.000000 0.646703 0.437023 0.297912 -0.582307 1.000000 0.646752 0.436992 0.297912 -0.582307 1.000000 0.646801 0.436962 0.297912 -0.582307 1.000000 0.646826 0.436931 0.297912 -0.582307 1.000000 
0.646678 0.437054 0.297912 -0.582307 1.000000 0.646703 0.437023 0.297912 -0.582307 1.000000 0.646752 0.436992 0.297912 -0.582307 1.000000 0.646801 0.436962 0.297912 -0.582307 1.000000 0.646826 0.436931 0.297912 -0.582307 1.000000 0.646875 0.436916 0.297912 -0.582307 1.000000 
0.646703 0.437023 0.297912 -0.582307 1.000000 0.646752 0.436992 0.297912 -0.582307 1.000000 0.646801 0.436962 0.297912 -0.582307 1.000000 0.646826 0.436931 0.297912 -0.582307 1.000000 0.646875 0.436916 0.297912 -0.582307 1.000000 0.646900 0.436900 0.297912 -0.582307 1.000000 
0.646752 0.436992 0.297912 -0.582307 1.000000 0.646801 0.436962 0.297912 -0.582307 1.000000 0.646826 0.436931 0.297912 -0.582307 1.000000 0.646875 0.436916 0.297912 -0.582307 1.000000 0.646900 0.436900 0.297912 -0.582307 1.000000 0.646900 0.436885 0.297912 -0.582307 1.000000 
0.646801 0.436962 0.297912 -0.582307 1.000000 0.646826 0.436931 0.297912 -0.582307 1.000000 0.646875 0.436916 0.297912 -0.582307 1.000000 0.646900 0.436900 0.297912 -0.582307 1.000000 0.646900 0.436885 0.297912 -0.582307 1.000000 0.646900 0.436869 0.297912 -0.582307 1.000000 
0.646826 0.436931 0.297912 -0.582307 1.000000 0.646875 0.436916 0.297912 -0.582307 1.000000 0.646900 0.436900 0.297912 -0.582307 1.000000 0.646900 0.436885 0.297912 -0.582307 1.000000 0.646900 0.436869 0.297912 -0.582307 1.000000 0.646924 0.436869 0.297912 -0.582307 1.000000 
0.646875 0.436916 0.297912 -0.582307 1.000000 0.646900 0.436900 0.297912 -0.582307 1.000000 0.646900 0.436885 0.297912 -0.582307 1.000000 0.646900 0.436869 0.297912 -0.582307 1.000000 0.646924 0.436869 0.297912 -0.582307 1.000000 0.646924 0.436854 0.297912 -0.582307 1.000000 
0.646900 0.436900 0.297912 -0.582307 1.000000 0.646900 0.436885 0.297912 -0.582307 1.000000 0.646900 0.436869 0.297912 -0.582307 1.000000 0.646924 0.436869 0.297912 -0.582307 1.000000 0.646924 0.436854 0.297912 -0.582307 1.000000 0.646949 0.436839 0.297912 -0.582307 1.000000 
0.646900 0.436885 0.297912 -0.582307 1.000000 0.646900 0.436869 0.297912 -0.582307 1.000000 0.646924 0.436869 0.297912 -0.582307 1.000000 0.646924 0.436854 0.297912 -0.582307 1.000000 0.646949 0.436839 0.297912 -0.582307 1.000000 0.646973 0.436823 0.297912 -0.582307 1.000000 
0.646900 0.436869 0.297912 -0.582307 1.000000 0.646924 0.436869 0.297912 -0.582307 1.000000 0.646924 0.436854 0.297912 -0.582307 1.000000 0.646949 0.436839 0.297912 -0.582307 1.000000 0.646973 0.436823 0.297912 -0.582307 1.000000 0.646998 0.436808 0.297912 -0.582307 1.000000 
0.646924 0.436869 0.297912 -0.582307 1.000000 0.646924 0.436854 0.297912 -0.582307 1.000000 0.646949 0.436839 0.297912 -0.582307 1.000000 0.646973 0.436823 0.297912 -0.582307 1.000000 0.646998 0.436808 0.297912 -0.582307 1.000000 0.647023 0.436793 0.297912 -0.582307 1.000000 
0.646924 0.436854 0.297912 -0.582307 1.000000 0.646949 0.436839 0.297912 -0.582307 1.000000 0.646973 0.436823 0.297912 -0.582307 1.000000 0.646998 0.436808 0.297912 -0.582307 1.000000 0.647023 0.436793 0.297912 -0.582307 1.000000 0.647047 0.436777 0.297912 -0.582307 1.000000 
0.646949 0.436839 0.297912 -0.582307 1.000000 0.646973 0.436823 0.297912 -0.582307 1.000000 0.646998 0.436808 0.297912 -0.582307 1.000000 0.647023 0.436793 0.297912 -0.582307 1.000000 0.647047 0.436777 0.297912 -0.582307 1.000000 0.647047 0.436762 0.297912 -0.582307 1.000000 
0.646973 0.436823 0.297912 -0.582307 1.000000 0.646998 0.436808 0.297912 -0.582307 1.000000 0.647023 0.436793 0.297912 -0.582307 1.000000 0.647047 0.436777 0.297912 -0.582307 1.000000 0.647047 0.436762 0.297912 -0.582307 1.000000 0.647047 0.436746 0.297912 -0.582307 1.000000 
0.646998 0.436808 0.297912 -0.582307 1.000000 0.647023 0.436793 0.297912 -0.582307 1.000000 0.647047 0.436777 0.297912 -0.582307 1.000000 0.647047 0.436762 0.297912 -0.582307 1.000000 0.647047 0.436746 0.297912 -0.582307 1.000000 0.647047 0.436731 0.297912 -0.582307 1.000000 
0.647023 0.436793 0.297912 -0.582307 1.000000 0.647047 0.436777 0.297912 -0.582307 1.000000 0.647047 0.436762 0.297912 -0.582307 1.000000 0.647047 0.436746 0.297912 -0.582307 1.000000 0.647047 0.436731 0.297912 -0.582307 1.000000 0.647047 0.436716 0.297912 -0.582307 1.000000 
0.647047 0.436777 0.297912 -0.582307 1.000000 0.647047 0.436762 0.297912 -0.582307 1.000000 0.647047 0.436746 0.297912 -0.582307 1.000000 0.647047 0.436731 0.297912 -0.582307 1.000000 0.647047 0.436716 0.297912 -0.582307 1.000000 0.647047 0.436700 0.297912 -0.582307 1.000000 
0.647047 0.436762 0.297912 -0.582307 1.000000 0.647047 0.436746 0.297912 -0.582307 1.000000 0.647047 0.436731 0.297912 -0.582307 1.000000 0.647047 0.436716 0.297912 -0.582307 1.000000 0.647047 0.436700 0.297912 -0.582307 1.000000 0.647072 0.436700 0.318606 -0.574513 1.000000 
0.647047 0.436746 0.297912 -0.582307 1.000000 0.647047 0.436731 0.297912 -0.582307 1.000000 0.647047 0.436716 0.297912 -0.582307 1.000000 0.647047 0.436700 0.297912 -0.582307 1.000000 0.647072 0.436700 0.318606 -0.574513 1.000000 0.646777 0.436700 0.297912 -0.582307 0.870968 
0.647047 0.436731 0.297912 -0.582307 1.000000 0.647047 0.436716 0.297912 -0.582307 1.000000 0.647047 0.436700 0.297912 -0.582307 1.000000 0.647072 0.436700 0.318606 -0.574513 1.000000 0.646777 0.436700 0.297912 -0.582307 0.870968 0.646407 0.436700 0.297912 -0.582307 0.675464 
0.647047 0.436716 0.297912 -0.582307 1.000000 0.647047 0.436700 0.297912 -0.582307 1.000000 0.647072 0.436700 0.318606 -0.574513 1.000000 0.646777 0.436700 0.297912 -0.582307 0.870968 0.646407 0.436700 0.297912 -0.582307 0.675464 0.645989 0.436900 0.297912 -0.582307 0.373412 
0.647047 0.436700 0.297912 -0.582307 1.000000 0.647072 0.436700 0.318606 -0.574513 1.000000 0.646777 0.436700 0.297912 -0.582307 0.870968 0.646407 0.436700 0.297912 -0.582307 0.675464 0.645989 0.436900 0.297912 -0.582307 0.373412 0.645005 0.437746 0.297408 -0.602902 0.000000 
0.647072 0.436700 0.318606 -0.574513 1.000000 0.646777 0.436700 0.297912 -0.582307 0.870968 0.646407 0.436700 0.297912 -0.582307 0.675464 0.645989 0.436900 0.297912 -0.582307 0.373412 0.645005 0.437746 0.297408 -0.602902 0.000000 0.644414 0.438330 0.297408 -0.602902 0.000000 
0.646777 0.436700 0.297912 -0.582307 0.870968 0.646407 0.436700 0.297912 -0.582307 0.675464 0.645989 0.436900 0.297912 -0.582307 0.373412 0.645005 0.437746 0.297408 -0.602902 0.000000 0.644414 0.438330 0.297408 -0.602902 0.000000 0.643652 0.439053 0.275128 -0.609842 0.000000 
0.646407 0.436700 0.297912 -0.582307 0.675464 0.645989 0.436900 0.297912 -0.582307 0.373412 0.645005 0.437746 0.297408 -0.602902 0.000000 0.644414 0.438330 0.297408 -0.602902 0.000000 0.643652 0.439053 0.275128 -0.609842 0.000000 0.642815 0.439930 0.276606 -0.589468 0.000000 
0.645989 0.436900 0.297912 -0.582307 0.373412 0.645005 0.437746 0.297408 -0.602902 0.000000 0.644414 0.438330 0.297408 -0.602902 0.000000 0.643652 0.439053 0.275128 -0.609842 0.000000 0.642815 0.439930 0.276606 -0.589468 0.000000 0.641757 0.441037 0.276606 -0.589468 0.000000 
0.645005 0.437746 0.297408 -0.602902 0.000000 0.644414 0.438330 0.297408 -0.602902 0.000000 0.643652 0.439053 0.275128 -0.609842 0.000000 0.642815 0.439930 0.276606 -0.589468 0.000000 0.641757 0.441037 0.276606 -0.589468 0.000000 0.640502 0.442191 0.256523 -0.575827 0.000000 
0.644414 0.438330 0.297408 -0.602902 0.000000 0.643652 0.439053 0.275128 -0.609842 0.000000 0.642815 0.439930 0.276606 -0.589468 0.000000 0.641757 0.441037 0.276606 -0.589468 0.000000 0.640502 0.442191 0.256523 -0.575827 0.000000 0.638853 0.443390 0.248499 -0.538788 0.000000 
0.643652 0.439053 0.275128 -0.609842 0.000000 0.642815 0.439930 0.276606 -0.589468 0.000000 0.641757 0.441037 0.276606 -0.589468 0.000000 0.640502 0.442191 0.256523 -0.575827 0.000000 0.638853 0.443390 0.248499 -0.538788 0.000000 0.631127 0.447358 0.180224 -0.405455 0.000000 
0.642815 0.439930 0.276606 -0.589468 0.000000 0.641757 0.441037 0.276606 -0.589468 0.000000 0.640502 0.442191 0.256523 -0.575827 0.000000 0.638853 0.443390 0.248499 -0.538788 0.000000 0.631127 0.447358 0.180224 -0.405455 0.000000 0.636762 0.444605 0.230599 -0.505216 0.000000 
0.641757 0.441037 0.276606 -0.589468 0.000000 0.640502 0.442191 0.256523 -0.575827 0.000000 0.638853 0.443390 0.248499 -0.538788 0.000000 0.631127 0.447358 0.180224 -0.405455 0.000000 0.636762 0.444605 0.230599 -0.505216 0.000000 0.634178 0.445958 0.212986 -0.452175 0.000000 
0.640502 0.442191 0.256523 -0.575827 0.000000 0.638853 0.443390 0.248499 -0.538788 0.000000 0.631127 0.447358 0.180224 -0.405455 0.000000 0.636762 0.444605 0.230599 -0.505216 0.000000 0.634178 0.445958 0.212986 -0.452175 0.000000 0.627411 0.448927 0.160827 -0.334802 0.000000 
