0.643922 0.442083 0.512017 -0.497242 0.302053 0.644070 0.443083 0.512017 -0.497242 0.420332 0.643922 0.442621 0.512017 -0.497242 0.371457 0.644341 0.443482 0.503699 -0.474724 0.501466 0.644660 0.443821 0.503699 -0.474724 0.553275 0.644980 0.444098 0.503699 -0.474724 0.608993 
0.644070 0.443083 0.512017 -0.497242 0.420332 0.643922 0.442621 0.512017 -0.497242 0.371457 0.644341 0.443482 0.503699 -0.474724 0.501466 0.644660 0.443821 0.503699 -0.474724 0.553275 0.644980 0.444098 0.503699 -0.474724 0.608993 0.645325 0.444328 0.503699 -0.474724 0.652004 
0.643922 0.442621 0.512017 -0.497242 0.371457 0.644341 0.443482 0.503699 -0.474724 0.501466 0.644660 0.443821 0.503699 -0.474724 0.553275 0.644980 0.444098 0.503699 -0.474724 0.608993 0.645325 0.444328 0.503699 -0.474724 0.652004 0.645620 0.444513 0.503699 -0.474724 0.671554 
0.644341 0.443482 0.503699 -0.474724 0.501466 0.644660 0.443821 0.503699 -0.474724 0.553275 0.644980 0.444098 0.503699 -0.474724 0.608993 0.645325 0.444328 0.503699 -0.474724 0.652004 0.645620 0.444513 0.503699 -0.474724 0.671554 0.645891 0.444682 0.501559 -0.444798 0.684262 
0.644660 0.443821 0.503699 -0.474724 0.553275 0.644980 0.444098 0.503699 -0.474724 0.608993 0.645325 0.444328 0.503699 -0.474724 0.652004 0.645620 0.444513 0.503699 -0.474724 0.671554 0.645891 0.444682 0.501559 -0.444798 0.684262 0.646161 0.444805 0.501559 -0.444798 0.695992 
0.644980 0.444098 0.503699 -0.474724 0.608993 0.645325 0.444328 0.503699 -0.474724 0.652004 0.645620 0.444513 0.503699 -0.474724 0.671554 0.645891 0.444682 0.501559 -0.444798 0.684262 0.646161 0.444805 0.501559 -0.444798 0.695992 0.646383 0.444928 0.501559 -0.444798 0.709677 
0.645325 0.444328 0.503699 -0.474724 0.652004 0.645620 0.444513 0.503699 -0.474724 0.671554 0.645891 0.444682 0.501559 -0.444798 0.684262 0.646161 0.444805 0.501559 -0.444798 0.695992 0.646383 0.444928 0.501559 -0.444798 0.709677 0.646604 0.445036 0.501559 -0.444798 0.722385 
0.645620 0.444513 0.503699 -0.474724 0.671554 0.645891 0.444682 0.501559 -0.444798 0.684262 0.646161 0.444805 0.501559 -0.444798 0.695992 0.646383 0.444928 0.501559 -0.444798 0.709677 0.646604 0.445036 0.501559 -0.444798 0.722385 0.646727 0.445128 0.501559 -0.444798 0.737048 
0.645891 0.444682 0.501559 -0.444798 0.684262 0.646161 0.444805 0.501559 -0.444798 0.695992 0.646383 0.444928 0.501559 -0.444798 0.709677 0.646604 0.445036 0.501559 -0.444798 0.722385 0.646727 0.445128 0.501559 -0.444798 0.737048 0.646826 0.445205 0.501559 -0.444798 0.749756 
0.646161 0.444805 0.501559 -0.444798 0.695992 0.646383 0.444928 0.501559 -0.444798 0.709677 0.646604 0.445036 0.501559 -0.444798 0.722385 0.646727 0.445128 0.501559 -0.444798 0.737048 0.646826 0.445205 0.501559 -0.444798 0.749756 0.646875 0.445266 0.501559 -0.444798 0.766373 
0.646383 0.444928 0.501559 -0.444798 0.709677 0.646604 0.445036 0.501559 -0.444798 0.722385 0.646727 0.445128 0.501559 -0.444798 0.737048 0.646826 0.445205 0.501559 -0.444798 0.749756 0.646875 0.445266 0.501559 -0.444798 0.766373 0.646900 0.445312 0.501559 -0.444798 0.780059 
0.646604 0.445036 0.501559 -0.444798 0.722385 0.646727 0.445128 0.501559 -0.444798 0.737048 0.646826 0.445205 0.501559 -0.444798 0.749756 0.646875 0.445266 0.501559 -0.444798 0.766373 0.646900 0.445312 0.501559 -0.444798 0.780059 0.646924 0.445343 0.501559 -0.444798 0.789834 
0.646727 0.445128 0.501559 -0.444798 0.737048 0.646826 0.445205 0.501559 -0.444798 0.749756 0.646875 0.445266 0.501559 -0.444798 0.766373 0.646900 0.445312 0.501559 -0.444798 0.780059 0.646924 0.445343 0.501559 -0.444798 0.789834 0.646924 0.445374 0.501559 -0.444798 0.797654 
0.646826 0.445205 0.501559 -0.444798 0.749756 0.646875 0.445266 0.501559 -0.444798 0.766373 0.646900 0.445312 0.501559 -0.444798 0.780059 0.646924 0.445343 0.501559 -0.444798 0.789834 0.646924 0.445374 0.501559 -0.444798 0.797654 0.646924 0.445405 0.501559 -0.444798 0.799609 
0.646875 0.445266 0.501559 -0.444798 0.766373 0.646900 0.445312 0.501559 -0.444798 0.780059 0.646924 0.445343 0.501559 -0.444798 0.789834 0.646924 0.445374 0.501559 -0.444798 0.797654 0.646924 0.445405 0.501559 -0.444798 0.799609 0.646924 0.445420 0.523528 -0.451070 0.796676 
0.646900 0.445312 0.501559 -0.444798 0.780059 0.646924 0.445343 0.501559 -0.444798 0.789834 0.646924 0.445374 0.501559 -0.444798 0.797654 0.646924 0.445405 0.501559 -0.444798 0.799609 0.646924 0.445420 0.523528 -0.451070 0.796676 0.646924 0.445436 0.532770 -0.473653 0.850440 
0.646924 0.445343 0.501559 -0.444798 0.789834 0.646924 0.445374 0.501559 -0.444798 0.797654 0.646924 0.445405 0.501559 -0.444798 0.799609 0.646924 0.445420 0.523528 -0.451070 0.796676 0.646924 0.445436 0.532770 -0.473653 0.850440 0.646924 0.445451 0.532770 -0.473653 0.848485 
0.646924 0.445374 0.501559 -0.444798 0.797654 0.646924 0.445405 0.501559 -0.444798 0.799609 0.646924 0.445420 0.523528 -0.451070 0.796676 0.646924 0.445436 0.532770 -0.473653 0.850440 0.646924 0.445451 0.532770 -0.473653 0.848485 0.646924 0.445466 0.532770 -0.473653 0.843597 
0.646924 0.445405 0.501559 -0.444798 0.799609 0.646924 0.445420 0.523528 -0.451070 0.796676 0.646924 0.445436 0.532770 -0.473653 0.850440 0.646924 0.445451 0.532770 -0.473653 0.848485 0.646924 0.445466 0.532770 -0.473653 0.843597 0.646924 0.445312 0.532770 -0.473653 0.818182 
0.646924 0.445420 0.523528 -0.451070 0.796676 0.646924 0.445436 0.532770 -0.473653 0.850440 0.646924 0.445451 0.532770 -0.473653 0.848485 0.646924 0.445466 0.532770 -0.473653 0.843597 0.646924 0.445312 0.532770 -0.473653 0.818182 0.646924 0.444990 0.532770 -0.473653 0.812317 
0.646924 0.445436 0.532770 -0.473653 0.850440 0.646924 0.445451 0.532770 -0.473653 0.848485 0.646924 0.445466 0.532770 -0.473653 0.843597 0.646924 0.445312 0.532770 -0.473653 0.818182 0.646924 0.444990 0.532770 -0.473653 0.812317 0.646900 0.444482 0.532770 -0.473653 0.810362 
0.646924 0.445451 0.532770 -0.473653 0.848485 0.646924 0.445466 0.532770 -0.473653 0.843597 0.646924 0.445312 0.532770 -0.473653 0.818182 0.646924 0.444990 0.532770 -0.473653 0.812317 0.646900 0.444482 0.532770 -0.473653 0.810362 0.646801 0.441375 0.532770 -0.473653 0.805474 
0.646924 0.445466 0.532770 -0.473653 0.843597 0.646924 0.445312 0.532770 -0.473653 0.818182 0.646924 0.444990 0.532770 -0.473653 0.812317 0.646900 0.444482 0.532770 -0.473653 0.810362 0.646801 0.441375 0.532770 -0.473653 0.805474 0.646850 0.443744 0.532770 -0.473653 0.809384 
0.646924 0.445312 0.532770 -0.473653 0.818182 0.646924 0.444990 0.532770 -0.473653 0.812317 0.646900 0.444482 0.532770 -0.473653 0.810362 0.646801 0.441375 0.532770 -0.473653 0.805474 0.646850 0.443744 0.532770 -0.473653 0.809384 0.646801 0.442713 0.532770 -0.473653 0.805474 
0.646924 0.444990 0.532770 -0.473653 0.812317 0.646900 0.444482 0.532770 -0.473653 0.810362 0.646801 0.441375 0.532770 -0.473653 0.805474 0.646850 0.443744 0.532770 -0.473653 0.809384 0.646801 0.442713 0.532770 -0.473653 0.805474 0.646801 0.439715 0.532770 -0.473653 0.804497 
0.646900 0.444482 0.532770 -0.473653 0.810362 0.646801 0.441375 0.532770 -0.473653 0.805474 0.646850 0.443744 0.532770 -0.473653 0.809384 0.646801 0.442713 0.532770 -0.473653 0.805474 0.646801 0.439715 0.532770 -0.473653 0.804497 0.646801 0.437654 0.503699 -0.474724 0.804497 
0.646801 0.441375 0.532770 -0.473653 0.805474 0.646850 0.443744 0.532770 -0.473653 0.809384 0.646801 0.442713 0.532770 -0.473653 0.805474 0.646801 0.439715 0.532770 -0.473653 0.804497 0.646801 0.437654 0.503699 -0.474724 0.804497 0.646801 0.435239 0.503699 -0.474724 0.820137 
0.646850 0.443744 0.532770 -0.473653 0.809384 0.646801 0.442713 0.532770 -0.473653 0.805474 0.646801 0.439715 0.532770 -0.473653 0.804497 0.646801 0.437654 0.503699 -0.474724 0.804497 0.646801 0.435239 0.503699 -0.474724 0.820137 0.647589 0.426443 0.503699 -0.474724 0.825024 
0.646801 0.442713 0.532770 -0.473653 0.805474 0.646801 0.439715 0.532770 -0.473653 0.804497 0.646801 0.437654 0.503699 -0.474724 0.804497 0.646801 0.435239 0.503699 -0.474724 0.820137 0.647589 0.426443 0.503699 -0.474724 0.825024 0.646900 0.432502 0.503699 -0.474724 0.825024 
0.646801 0.439715 0.532770 -0.473653 0.804497 0.646801 0.437654 0.503699 -0.474724 0.804497 0.646801 0.435239 0.503699 -0.474724 0.820137 0.647589 0.426443 0.503699 -0.474724 0.825024 0.646900 0.432502 0.503699 -0.474724 0.825024 0.647219 0.429564 0.503699 -0.474724 0.820137 
0.646801 0.437654 0.503699 -0.474724 0.804497 0.646801 0.435239 0.503699 -0.474724 0.820137 0.647589 0.426443 0.503699 -0.474724 0.825024 0.646900 0.432502 0.503699 -0.474724 0.825024 0.647219 0.429564 0.503699 -0.474724 0.820137 0.648031 0.423213 0.503699 -0.474724 0.845552 
0.646801 0.435239 0.503699 -0.474724 0.820137 0.647589 0.426443 0.503699 -0.474724 0.825024 0.646900 0.432502 0.503699 -0.474724 0.825024 0.647219 0.429564 0.503699 -0.474724 0.820137 0.648031 0.423213 0.503699 -0.474724 0.845552 0.648425 0.419860 0.481588 -0.467400 0.859238 
0.647589 0.426443 0.503699 -0.474724 0.825024 0.646900 0.432502 0.503699 -0.474724 0.825024 0.647219 0.429564 0.503699 -0.474724 0.820137 0.648031 0.423213 0.503699 -0.474724 0.845552 0.648425 0.419860 0.481588 -0.467400 0.859238 0.648868 0.416431 0.481588 -0.467400 0.873900 
0.646900 0.432502 0.503699 -0.474724 0.825024 0.647219 0.429564 0.503699 -0.474724 0.820137 0.648031 0.423213 0.503699 -0.474724 0.845552 0.648425 0.419860 0.481588 -0.467400 0.859238 0.648868 0.416431 0.481588 -0.467400 0.873900 0.649336 0.413094 0.474582 -0.474582 0.899316 
0.647219 0.429564 0.503699 -0.474724 0.820137 0.648031 0.423213 0.503699 -0.474724 0.845552 0.648425 0.419860 0.481588 -0.467400 0.859238 0.648868 0.416431 0.481588 -0.467400 0.873900 0.649336 0.413094 0.474582 -0.474582 0.899316 0.649729 0.409787 0.474582 -0.474582 0.922776 
0.648031 0.423213 0.503699 -0.474724 0.845552 0.648425 0.419860 0.481588 -0.467400 0.859238 0.648868 0.416431 0.481588 -0.467400 0.873900 0.649336 0.413094 0.474582 -0.474582 0.899316 0.649729 0.409787 0.474582 -0.474582 0.922776 0.650049 0.406527 0.452713 -0.466593 0.955034 
0.648425 0.419860 0.481588 -0.467400 0.859238 0.648868 0.416431 0.481588 -0.467400 0.873900 0.649336 0.413094 0.474582 -0.474582 0.899316 0.649729 0.409787 0.474582 -0.474582 0.922776 0.650049 0.406527 0.452713 -0.466593 0.955034 0.650345 0.403282 0.460042 -0.488419 0.973607 
0.648868 0.416431 0.481588 -0.467400 0.873900 0.649336 0.413094 0.474582 -0.474582 0.899316 0.649729 0.409787 0.474582 -0.474582 0.922776 0.650049 0.406527 0.452713 -0.466593 0.955034 0.650345 0.403282 0.460042 -0.488419 0.973607 0.650517 0.400114 0.430625 -0.486150 0.972630 
0.617323 0.482683 0.607797 -0.438721 1.000000 0.619021 0.480515 0.607797 -0.438721 1.000000 0.620792 0.478316 0.602186 -0.448566 1.000000 0.622687 0.476086 0.596387 -0.458201 1.000000 0.624631 0.473840 0.596387 -0.458201 1.000000 0.626698 0.471626 0.574068 -0.453469 1.000000 
0.619021 0.480515 0.607797 -0.438721 1.000000 0.620792 0.478316 0.602186 -0.448566 1.000000 0.622687 0.476086 0.596387 -0.458201 1.000000 0.624631 0.473840 0.596387 -0.458201 1.000000 0.626698 0.471626 0.574068 -0.453469 1.000000 0.628888 0.469442 0.574068 -0.453469 1.000000 
0.620792 0.478316 0.602186 -0.448566 1.000000 0.622687 0.476086 0.596387 -0.458201 1.000000 0.624631 0.473840 0.596387 -0.458201 1.000000 0.626698 0.471626 0.574068 -0.453469 1.000000 0.628888 0.469442 0.574068 -0.453469 1.000000 0.631029 0.467366 0.551856 -0.448338 1.000000 
0.622687 0.476086 0.596387 -0.458201 1.000000 0.624631 0.473840 0.596387 -0.458201 1.000000 0.626698 0.471626 0.574068 -0.453469 1.000000 0.628888 0.469442 0.574068 -0.453469 1.000000 0.631029 0.467366 0.551856 -0.448338 1.000000 0.633046 0.465413 0.551856 -0.448338 1.000000 
0.624631 0.473840 0.596387 -0.458201 1.000000 0.626698 0.471626 0.574068 -0.453469 1.000000 0.628888 0.469442 0.574068 -0.453469 1.000000 0.631029 0.467366 0.551856 -0.448338 1.000000 0.633046 0.465413 0.551856 -0.448338 1.000000 0.634966 0.463567 0.545677 -0.456969 1.000000 
0.626698 0.471626 0.574068 -0.453469 1.000000 0.628888 0.469442 0.574068 -0.453469 1.000000 0.631029 0.467366 0.551856 -0.448338 1.000000 0.633046 0.465413 0.551856 -0.448338 1.000000 0.634966 0.463567 0.545677 -0.456969 1.000000 0.636713 0.461860 0.545677 -0.456969 1.000000 
0.628888 0.469442 0.574068 -0.453469 1.000000 0.631029 0.467366 0.551856 -0.448338 1.000000 0.633046 0.465413 0.551856 -0.448338 1.000000 0.634966 0.463567 0.545677 -0.456969 1.000000 0.636713 0.461860 0.545677 -0.456969 1.000000 0.638214 0.460292 0.539315 -0.465407 1.000000 
0.631029 0.467366 0.551856 -0.448338 1.000000 0.633046 0.465413 0.551856 -0.448338 1.000000 0.634966 0.463567 0.545677 -0.456969 1.000000 0.636713 0.461860 0.545677 -0.456969 1.000000 0.638214 0.460292 0.539315 -0.465407 1.000000 0.639493 0.458892 0.539315 -0.465407 1.000000 
0.633046 0.465413 0.551856 -0.448338 1.000000 0.634966 0.463567 0.545677 -0.456969 1.000000 0.636713 0.461860 0.545677 -0.456969 1.000000 0.638214 0.460292 0.539315 -0.465407 1.000000 0.639493 0.458892 0.539315 -0.465407 1.000000 0.640477 0.457631 0.539315 -0.465407 1.000000 
0.634966 0.463567 0.545677 -0.456969 1.000000 0.636713 0.461860 0.545677 -0.456969 1.000000 0.638214 0.460292 0.539315 -0.465407 1.000000 0.639493 0.458892 0.539315 -0.465407 1.000000 0.640477 0.457631 0.539315 -0.465407 1.000000 0.641166 0.456539 0.541732 -0.496565 1.000000 
0.636713 0.461860 0.545677 -0.456969 1.000000 0.638214 0.460292 0.539315 -0.465407 1.000000 0.639493 0.458892 0.539315 -0.465407 1.000000 0.640477 0.457631 0.539315 -0.465407 1.000000 0.641166 0.456539 0.541732 -0.496565 1.000000 0.641708 0.455524 0.541732 -0.496565 1.000000 
0.638214 0.460292 0.539315 -0.465407 1.000000 0.639493 0.458892 0.539315 -0.465407 1.000000 0.640477 0.457631 0.539315 -0.465407 1.000000 0.641166 0.456539 0.541732 -0.496565 1.000000 0.641708 0.455524 0.541732 -0.496565 1.000000 0.642101 0.454601 0.541732 -0.496565 1.000000 
0.639493 0.458892 0.539315 -0.465407 1.000000 0.640477 0.457631 0.539315 -0.465407 1.000000 0.641166 0.456539 0.541732 -0.496565 1.000000 0.641708 0.455524 0.541732 -0.496565 1.000000 0.642101 0.454601 0.541732 -0.496565 1.000000 0.642323 0.453848 0.541732 -0.496565 1.000000 
0.640477 0.457631 0.539315 -0.465407 1.000000 0.641166 0.456539 0.541732 -0.496565 1.000000 0.641708 0.455524 0.541732 -0.496565 1.000000 0.642101 0.454601 0.541732 -0.496565 1.000000 0.642323 0.453848 0.541732 -0.496565 1.000000 0.642397 0.453217 0.527460 -0.512407 1.000000 
0.641166 0.456539 0.541732 -0.496565 1.000000 0.641708 0.455524 0.541732 -0.496565 1.000000 0.642101 0.454601 0.541732 -0.496565 1.000000 0.642323 0.453848 0.541732 -0.496565 1.000000 0.642397 0.453217 0.527460 -0.512407 1.000000 0.642397 0.452710 0.527460 -0.512407 1.000000 
0.641708 0.455524 0.541732 -0.496565 1.000000 0.642101 0.454601 0.541732 -0.496565 1.000000 0.642323 0.453848 0.541732 -0.496565 1.000000 0.642397 0.453217 0.527460 -0.512407 1.000000 0.642397 0.452710 0.527460 -0.512407 1.000000 0.642397 0.451772 0.527460 -0.512407 1.000000 
0.642101 0.454601 0.541732 -0.496565 1.000000 0.642323 0.453848 0.541732 -0.496565 1.000000 0.642397 0.453217 0.527460 -0.512407 1.000000 0.642397 0.452710 0.527460 -0.512407 1.000000 0.642397 0.451772 0.527460 -0.512407 1.000000 0.642397 0.452233 0.527460 -0.512407 1.000000 
0.642323 0.453848 0.541732 -0.496565 1.000000 0.642397 0.453217 0.527460 -0.512407 1.000000 0.642397 0.452710 0.527460 -0.512407 1.000000 0.642397 0.451772 0.527460 -0.512407 1.000000 0.642397 0.452233 0.527460 -0.512407 1.000000 0.642397 0.451326 0.527460 -0.512407 1.000000 
0.642397 0.453217 0.527460 -0.512407 1.000000 0.642397 0.452710 0.527460 -0.512407 1.000000 0.642397 0.451772 0.527460 -0.512407 1.000000 0.642397 0.452233 0.527460 -0.512407 1.000000 0.642397 0.451326 0.527460 -0.512407 1.000000 0.642397 0.450941 0.527460 -0.512407 1.000000 
0.642397 0.452710 0.527460 -0.512407 1.000000 0.642397 0.451772 0.527460 -0.512407 1.000000 0.642397 0.452233 0.527460 -0.512407 1.000000 0.642397 0.451326 0.527460 -0.512407 1.000000 0.642397 0.450941 0.527460 -0.512407 1.000000 0.642397 0.450587 0.520032 -0.520032 1.000000 
0.642397 0.451772 0.527460 -0.512407 1.000000 0.642397 0.452233 0.527460 -0.512407 1.000000 0.642397 0.451326 0.527460 -0.512407 1.000000 0.642397 0.450941 0.527460 -0.512407 1.000000 0.642397 0.450587 0.520032 -0.520032 1.000000 0.642397 0.450234 0.520032 -0.520032 1.000000 
0.642397 0.452233 0.527460 -0.512407 1.000000 0.642397 0.451326 0.527460 -0.512407 1.000000 0.642397 0.450941 0.527460 -0.512407 1.000000 0.642397 0.450587 0.520032 -0.520032 1.000000 0.642397 0.450234 0.520032 -0.520032 1.000000 0.642421 0.449911 0.527460 -0.512407 1.000000 
0.642397 0.451326 0.527460 -0.512407 1.000000 0.642397 0.450941 0.527460 -0.512407 1.000000 0.642397 0.450587 0.520032 -0.520032 1.000000 0.642397 0.450234 0.520032 -0.520032 1.000000 0.642421 0.449911 0.527460 -0.512407 1.000000 0.642544 0.449572 0.504724 -0.504724 1.000000 
0.642397 0.450941 0.527460 -0.512407 1.000000 0.642397 0.450587 0.520032 -0.520032 1.000000 0.642397 0.450234 0.520032 -0.520032 1.000000 0.642421 0.449911 0.527460 -0.512407 1.000000 0.642544 0.449572 0.504724 -0.504724 1.000000 0.642717 0.449250 0.504724 -0.504724 1.000000 
0.642397 0.450587 0.520032 -0.520032 1.000000 0.642397 0.450234 0.520032 -0.520032 1.000000 0.642421 0.449911 0.527460 -0.512407 1.000000 0.642544 0.449572 0.504724 -0.504724 1.000000 0.642717 0.449250 0.504724 -0.504724 1.000000 0.642938 0.448911 0.504724 -0.504724 1.000000 
0.642397 0.450234 0.520032 -0.520032 1.000000 0.642421 0.449911 0.527460 -0.512407 1.000000 0.642544 0.449572 0.504724 -0.504724 1.000000 0.642717 0.449250 0.504724 -0.504724 1.000000 0.642938 0.448911 0.504724 -0.504724 1.000000 0.643233 0.448542 0.504724 -0.504724 1.000000 
0.642421 0.449911 0.527460 -0.512407 1.000000 0.642544 0.449572 0.504724 -0.504724 1.000000 0.642717 0.449250 0.504724 -0.504724 1.000000 0.642938 0.448911 0.504724 -0.504724 1.000000 0.643233 0.448542 0.504724 -0.504724 1.000000 0.643602 0.448096 0.504724 -0.504724 1.000000 
0.642544 0.449572 0.504724 -0.504724 1.000000 0.642717 0.449250 0.504724 -0.504724 1.000000 0.642938 0.448911 0.504724 -0.504724 1.000000 0.643233 0.448542 0.504724 -0.504724 1.000000 0.643602 0.448096 0.504724 -0.504724 1.000000 0.644094 0.447512 0.504724 -0.504724 1.000000 
0.642717 0.449250 0.504724 -0.504724 1.000000 0.642938 0.448911 0.504724 -0.504724 1.000000 0.643233 0.448542 0.504724 -0.504724 1.000000 0.643602 0.448096 0.504724 -0.504724 1.000000 0.644094 0.447512 0.504724 -0.504724 1.000000 0.644636 0.446927 0.504724 -0.504724 1.000000 
0.642938 0.448911 0.504724 -0.504724 1.000000 0.643233 0.448542 0.504724 -0.504724 1.000000 0.643602 0.448096 0.504724 -0.504724 1.000000 0.644094 0.447512 0.504724 -0.504724 1.000000 0.644636 0.446927 0.504724 -0.504724 1.000000 0.645079 0.446389 0.497242 -0.512017 1.000000 
0.643233 0.448542 0.504724 -0.504724 1.000000 0.643602 0.448096 0.504724 -0.504724 1.000000 0.644094 0.447512 0.504724 -0.504724 1.000000 0.644636 0.446927 0.504724 -0.504724 1.000000 0.645079 0.446389 0.497242 -0.512017 1.000000 0.645497 0.445928 0.497242 -0.512017 1.000000 
0.643602 0.448096 0.504724 -0.504724 1.000000 0.644094 0.447512 0.504724 -0.504724 1.000000 0.644636 0.446927 0.504724 -0.504724 1.000000 0.645079 0.446389 0.497242 -0.512017 1.000000 0.645497 0.445928 0.497242 -0.512017 1.000000 0.645866 0.445497 0.497242 -0.512017 1.000000 
0.644094 0.447512 0.504724 -0.504724 1.000000 0.644636 0.446927 0.504724 -0.504724 1.000000 0.645079 0.446389 0.497242 -0.512017 1.000000 0.645497 0.445928 0.497242 -0.512017 1.000000 0.645866 0.445497 0.497242 -0.512017 1.000000 0.646211 0.445143 0.489570 -0.519122 1.000000 
0.644636 0.446927 0.504724 -0.504724 1.000000 0.645079 0.446389 0.497242 -0.512017 1.000000 0.645497 0.445928 0.497242 -0.512017 1.000000 0.645866 0.445497 0.497242 -0.512017 1.000000 0.646211 0.445143 0.489570 -0.519122 1.000000 0.646457 0.444851 0.489570 -0.519122 1.000000 
0.645079 0.446389 0.497242 -0.512017 1.000000 0.645497 0.445928 0.497242 -0.512017 1.000000 0.645866 0.445497 0.497242 -0.512017 1.000000 0.646211 0.445143 0.489570 -0.519122 1.000000 0.646457 0.444851 0.489570 -0.519122 1.000000 0.646604 0.444651 0.489570 -0.519122 1.000000 
0.645497 0.445928 0.497242 -0.512017 1.000000 0.645866 0.445497 0.497242 -0.512017 1.000000 0.646211 0.445143 0.489570 -0.519122 1.000000 0.646457 0.444851 0.489570 -0.519122 1.000000 0.646604 0.444651 0.489570 -0.519122 1.000000 0.646629 0.444590 0.489570 -0.519122 1.000000 
0.645866 0.445497 0.497242 -0.512017 1.000000 0.646211 0.445143 0.489570 -0.519122 1.000000 0.646457 0.444851 0.489570 -0.519122 1.000000 0.646604 0.444651 0.489570 -0.519122 1.000000 0.646629 0.444590 0.489570 -0.519122 1.000000 0.646629 0.444559 0.489570 -0.519122 1.000000 
0.646211 0.445143 0.489570 -0.519122 1.000000 0.646457 0.444851 0.489570 -0.519122 1.000000 0.646604 0.444651 0.489570 -0.519122 1.000000 0.646629 0.444590 0.489570 -0.519122 1.000000 0.646629 0.444559 0.489570 -0.519122 1.000000 0.646629 0.444544 0.489570 -0.519122 1.000000 
0.646457 0.444851 0.489570 -0.519122 1.000000 0.646604 0.444651 0.489570 -0.519122 1.000000 0.646629 0.444590 0.489570 -0.519122 1.000000 0.646629 0.444559 0.489570 -0.519122 1.000000 0.646629 0.444544 0.489570 -0.519122 1.000000 0.646629 0.444513 0.489570 -0.519122 1.000000 
0.646604 0.444651 0.489570 -0.519122 1.000000 0.646629 0.444590 0.489570 -0.519122 1.000000 0.646629 0.444559 0.489570 -0.519122 1.000000 0.646629 0.444544 0.489570 -0.519122 1.000000 0.646629 0.444513 0.489570 -0.519122 1.000000 0.646629 0.444482 0.489570 -0.519122 1.000000 
0.646629 0.444590 0.489570 -0.519122 1.000000 0.646629 0.444559 0.489570 -0.519122 1.000000 0.646629 0.444544 0.489570 -0.519122 1.000000 0.646629 0.444513 0.489570 -0.519122 1.000000 0.646629 0.444482 0.489570 -0.519122 1.000000 0.646629 0.444451 0.489570 -0.519122 1.000000 
0.646629 0.444559 0.489570 -0.519122 1.000000 0.646629 0.444544 0.489570 -0.519122 1.000000 0.646629 0.444513 0.489570 -0.519122 1.000000 0.646629 0.444482 0.489570 -0.519122 1.000000 0.646629 0.444451 0.489570 -0.519122 1.000000 0.646629 0.444420 0.489570 -0.519122 1.000000 
0.646629 0.444544 0.489570 -0.519122 1.000000 0.646629 0.444513 0.489570 -0.519122 1.000000 0.646629 0.444482 0.489570 -0.519122 1.000000 0.646629 0.444451 0.489570 -0.519122 1.000000 0.646629 0.444420 0.489570 -0.519122 1.000000 0.646629 0.444405 0.489570 -0.519122 1.000000 
0.646629 0.444513 0.489570 -0.519122 1.000000 0.646629 0.444482 0.489570 -0.519122 1.000000 0.646629 0.444451 0.489570 -0.519122 1.000000 0.646629 0.444420 0.489570 -0.519122 1.000000 0.646629 0.444405 0.489570 -0.519122 1.000000 0.646629 0.444390 0.489570 -0.519122 1.000000 
0.646629 0.444482 0.489570 -0.519122 1.000000 0.646629 0.444451 0.489570 -0.519122 1.000000 0.646629 0.444420 0.489570 -0.519122 1.000000 0.646629 0.444405 0.489570 -0.519122 1.000000 0.646629 0.444390 0.489570 -0.519122 1.000000 0.646629 0.444374 0.489570 -0.519122 1.000000 
0.646629 0.444451 0.489570 -0.519122 1.000000 0.646629 0.444420 0.489570 -0.519122 1.000000 0.646629 0.444405 0.489570 -0.519122 1.000000 0.646629 0.444390 0.489570 -0.519122 1.000000 0.646629 0.444374 0.489570 -0.519122 1.000000 0.646629 0.444359 0.489570 -0.519122 1.000000 
0.646629 0.444420 0.489570 -0.519122 1.000000 0.646629 0.444405 0.489570 -0.519122 1.000000 0.646629 0.444390 0.489570 -0.519122 1.000000 0.646629 0.444374 0.489570 -0.519122 1.000000 0.646629 0.444359 0.489570 -0.519122 1.000000 0.646629 0.444344 0.489570 -0.519122 1.000000 
0.646629 0.444405 0.489570 -0.519122 1.000000 0.646629 0.444390 0.489570 -0.519122 1.000000 0.646629 0.444374 0.489570 -0.519122 1.000000 0.646629 0.444359 0.489570 -0.519122 1.000000 0.646629 0.444344 0.489570 -0.519122 1.000000 0.646629 0.444267 0.489570 -0.519122 1.000000 
0.646629 0.444390 0.489570 -0.519122 1.000000 0.646629 0.444374 0.489570 -0.519122 1.000000 0.646629 0.444359 0.489570 -0.519122 1.000000 0.646629 0.444344 0.489570 -0.519122 1.000000 0.646629 0.444267 0.489570 -0.519122 1.000000 0.646629 0.444082 0.489570 -0.519122 1.000000 
0.646629 0.444374 0.489570 -0.519122 1.000000 0.646629 0.444359 0.489570 -0.519122 1.000000 0.646629 0.444344 0.489570 -0.519122 1.000000 0.646629 0.444267 0.489570 -0.519122 1.000000 0.646629 0.444082 0.489570 -0.519122 1.000000 0.646580 0.443775 0.489570 -0.519122 1.000000 
0.646629 0.444359 0.489570 -0.519122 1.000000 0.646629 0.444344 0.489570 -0.519122 1.000000 0.646629 0.444267 0.489570 -0.519122 1.000000 0.646629 0.444082 0.489570 -0.519122 1.000000 0.646580 0.443775 0.489570 -0.519122 1.000000 0.646334 0.443452 0.473653 -0.532770 0.975562 
0.646629 0.444344 0.489570 -0.519122 1.000000 0.646629 0.444267 0.489570 -0.519122 1.000000 0.646629 0.444082 0.489570 -0.519122 1.000000 0.646580 0.443775 0.489570 -0.519122 1.000000 0.646334 0.443452 0.473653 -0.532770 0.975562 0.646038 0.443329 0.473653 -0.532770 0.845552 
0.646629 0.444267 0.489570 -0.519122 1.000000 0.646629 0.444082 0.489570 -0.519122 1.000000 0.646580 0.443775 0.489570 -0.519122 1.000000 0.646334 0.443452 0.473653 -0.532770 0.975562 0.646038 0.443329 0.473653 -0.532770 0.845552 0.645792 0.443329 0.473653 -0.532770 0.664712 
0.646629 0.444082 0.489570 -0.519122 1.000000 0.646580 0.443775 0.489570 -0.519122 1.000000 0.646334 0.443452 0.473653 -0.532770 0.975562 0.646038 0.443329 0.473653 -0.532770 0.845552 0.645792 0.443329 0.473653 -0.532770 0.664712 0.645571 0.443775 0.473653 -0.532770 0.379277 
0.646580 0.443775 0.489570 -0.519122 1.000000 0.646334 0.443452 0.473653 -0.532770 0.975562 0.646038 0.443329 0.473653 -0.532770 0.845552 0.645792 0.443329 0.473653 -0.532770 0.664712 0.645571 0.443775 0.473653 -0.532770 0.379277 0.645054 0.446620 0.465407 -0.539315 0.000000 
0.646334 0.443452 0.473653 -0.532770 0.975562 0.646038 0.443329 0.473653 -0.532770 0.845552 0.645792 0.443329 0.473653 -0.532770 0.664712 0.645571 0.443775 0.473653 -0.532770 0.379277 0.645054 0.446620 0.465407 -0.539315 0.000000 0.644587 0.449111 0.471309 -0.561700 0.000000 
0.646038 0.443329 0.473653 -0.532770 0.845552 0.645792 0.443329 0.473653 -0.532770 0.664712 0.645571 0.443775 0.473653 -0.532770 0.379277 0.645054 0.446620 0.465407 -0.539315 0.000000 0.644587 0.449111 0.471309 -0.561700 0.000000 0.643725 0.452172 0.448338 -0.551856 0.000000 
0.645792 0.443329 0.473653 -0.532770 0.664712 0.645571 0.443775 0.473653 -0.532770 0.379277 0.645054 0.446620 0.465407 -0.539315 0.000000 0.644587 0.449111 0.471309 -0.561700 0.000000 0.643725 0.452172 0.448338 -0.551856 0.000000 0.642470 0.455539 0.434381 -0.535855 0.000000 
0.645571 0.443775 0.473653 -0.532770 0.379277 0.645054 0.446620 0.465407 -0.539315 0.000000 0.644587 0.449111 0.471309 -0.561700 0.000000 0.643725 0.452172 0.448338 -0.551856 0.000000 0.642470 0.455539 0.434381 -0.535855 0.000000 0.640748 0.458969 0.420610 -0.519971 0.000000 
0.645054 0.446620 0.465407 -0.539315 0.000000 0.644587 0.449111 0.471309 -0.561700 0.000000 0.643725 0.452172 0.448338 -0.551856 0.000000 0.642470 0.455539 0.434381 -0.535855 0.000000 0.640748 0.458969 0.420610 -0.519971 0.000000 0.638410 0.462275 0.398814 -0.509887 0.000000 
0.644587 0.449111 0.471309 -0.561700 0.000000 0.643725 0.452172 0.448338 -0.551856 0.000000 0.642470 0.455539 0.434381 -0.535855 0.000000 0.640748 0.458969 0.420610 -0.519971 0.000000 0.638410 0.462275 0.398814 -0.509887 0.000000 0.635433 0.465367 0.372570 -0.478448 0.000000 
0.643725 0.452172 0.448338 -0.551856 0.000000 0.642470 0.455539 0.434381 -0.535855 0.000000 0.640748 0.458969 0.420610 -0.519971 0.000000 0.638410 0.462275 0.398814 -0.509887 0.000000 0.635433 0.465367 0.372570 -0.478448 0.000000 0.631939 0.468089 0.327163 -0.436972 0.000000 
0.642470 0.455539 0.434381 -0.535855 0.000000 0.640748 0.458969 0.420610 -0.519971 0.000000 0.638410 0.462275 0.398814 -0.509887 0.000000 0.635433 0.465367 0.372570 -0.478448 0.000000 0.631939 0.468089 0.327163 -0.436972 0.000000 0.627780 0.470365 0.297537 -0.386462 0.000000 
0.617077 0.448142 0.474724 -0.503699 1.000000 0.619636 0.447804 0.474724 -0.503699 1.000000 0.621777 0.447512 0.474724 -0.503699 1.000000 0.623401 0.447235 0.473653 -0.532770 1.000000 0.624582 0.447035 0.473653 -0.532770 1.000000 0.625418 0.446897 0.474724 -0.503699 1.000000 
0.619636 0.447804 0.474724 -0.503699 1.000000 0.621777 0.447512 0.474724 -0.503699 1.000000 0.623401 0.447235 0.473653 -0.532770 1.000000 0.624582 0.447035 0.473653 -0.532770 1.000000 0.625418 0.446897 0.474724 -0.503699 1.000000 0.625960 0.446804 0.474724 -0.503699 1.000000 
0.621777 0.447512 0.474724 -0.503699 1.000000 0.623401 0.447235 0.473653 -0.532770 1.000000 0.624582 0.447035 0.473653 -0.532770 1.000000 0.625418 0.446897 0.474724 -0.503699 1.000000 0.625960 0.446804 0.474724 -0.503699 1.000000 0.626353 0.446743 0.474724 -0.503699 1.000000 
0.623401 0.447235 0.473653 -0.532770 1.000000 0.624582 0.447035 0.473653 -0.532770 1.000000 0.625418 0.446897 0.474724 -0.503699 1.000000 0.625960 0.446804 0.474724 -0.503699 1.000000 0.626353 0.446743 0.474724 -0.503699 1.000000 0.626599 0.446743 0.474724 -0.503699 1.000000 
0.624582 0.447035 0.473653 -0.532770 1.000000 0.625418 0.446897 0.474724 -0.503699 1.000000 0.625960 0.446804 0.474724 -0.503699 1.000000 0.626353 0.446743 0.474724 -0.503699 1.000000 0.626599 0.446743 0.474724 -0.503699 1.000000 0.626772 0.446727 0.474724 -0.503699 1.000000 
0.625418 0.446897 0.474724 -0.503699 1.000000 0.625960 0.446804 0.474724 -0.503699 1.000000 0.626353 0.446743 0.474724 -0.503699 1.000000 0.626599 0.446743 0.474724 -0.503699 1.000000 0.626772 0.446727 0.474724 -0.503699 1.000000 0.626845 0.446727 0.474724 -0.503699 1.000000 
0.625960 0.446804 0.474724 -0.503699 1.000000 0.626353 0.446743 0.474724 -0.503699 1.000000 0.626599 0.446743 0.474724 -0.503699 1.000000 0.626772 0.446727 0.474724 -0.503699 1.000000 0.626845 0.446727 0.474724 -0.503699 1.000000 0.626895 0.446727 0.467400 -0.481588 1.000000 
0.626353 0.446743 0.474724 -0.503699 1.000000 0.626599 0.446743 0.474724 -0.503699 1.000000 0.626772 0.446727 0.474724 -0.503699 1.000000 0.626845 0.446727 0.474724 -0.503699 1.000000 0.626895 0.446727 0.467400 -0.481588 1.000000 0.626919 0.446727 0.467400 -0.481588 1.000000 
0.626599 0.446743 0.474724 -0.503699 1.000000 0.626772 0.446727 0.474724 -0.503699 1.000000 0.626845 0.446727 0.474724 -0.503699 1.000000 0.626895 0.446727 0.467400 -0.481588 1.000000 0.626919 0.446727 0.467400 -0.481588 1.000000 0.626968 0.446727 0.467400 -0.481588 1.000000 
0.626772 0.446727 0.474724 -0.503699 1.000000 0.626845 0.446727 0.474724 -0.503699 1.000000 0.626895 0.446727 0.467400 -0.481588 1.000000 0.626919 0.446727 0.467400 -0.481588 1.000000 0.626968 0.446727 0.467400 -0.481588 1.000000 0.627018 0.446758 0.467400 -0.481588 1.000000 
0.626845 0.446727 0.474724 -0.503699 1.000000 0.626895 0.446727 0.467400 -0.481588 1.000000 0.626919 0.446727 0.467400 -0.481588 1.000000 0.626968 0.446727 0.467400 -0.481588 1.000000 0.627018 0.446758 0.467400 -0.481588 1.000000 0.627092 0.446850 0.467400 -0.481588 1.000000 
0.626895 0.446727 0.467400 -0.481588 1.000000 0.626919 0.446727 0.467400 -0.481588 1.000000 0.626968 0.446727 0.467400 -0.481588 1.000000 0.627018 0.446758 0.467400 -0.481588 1.000000 0.627092 0.446850 0.467400 -0.481588 1.000000 0.627141 0.446943 0.467400 -0.481588 1.000000 
0.626919 0.446727 0.467400 -0.481588 1.000000 0.626968 0.446727 0.467400 -0.481588 1.000000 0.627018 0.446758 0.467400 -0.481588 1.000000 0.627092 0.446850 0.467400 -0.481588 1.000000 0.627141 0.446943 0.467400 -0.481588 1.000000 0.627239 0.447066 0.467400 -0.481588 1.000000 
0.626968 0.446727 0.467400 -0.481588 1.000000 0.627018 0.446758 0.467400 -0.481588 1.000000 0.627092 0.446850 0.467400 -0.481588 1.000000 0.627141 0.446943 0.467400 -0.481588 1.000000 0.627239 0.447066 0.467400 -0.481588 1.000000 0.627338 0.447173 0.467400 -0.481588 1.000000 
0.627018 0.446758 0.467400 -0.481588 1.000000 0.627092 0.446850 0.467400 -0.481588 1.000000 0.627141 0.446943 0.467400 -0.481588 1.000000 0.627239 0.447066 0.467400 -0.481588 1.000000 0.627338 0.447173 0.467400 -0.481588 1.000000 0.627411 0.447281 0.467400 -0.481588 1.000000 
0.627092 0.446850 0.467400 -0.481588 1.000000 0.627141 0.446943 0.467400 -0.481588 1.000000 0.627239 0.447066 0.467400 -0.481588 1.000000 0.627338 0.447173 0.467400 -0.481588 1.000000 0.627411 0.447281 0.467400 -0.481588 1.000000 0.627534 0.447373 0.467400 -0.481588 1.000000 
0.627141 0.446943 0.467400 -0.481588 1.000000 0.627239 0.447066 0.467400 -0.481588 1.000000 0.627338 0.447173 0.467400 -0.481588 1.000000 0.627411 0.447281 0.467400 -0.481588 1.000000 0.627534 0.447373 0.467400 -0.481588 1.000000 0.627608 0.447450 0.467400 -0.481588 1.000000 
0.627239 0.447066 0.467400 -0.481588 1.000000 0.627338 0.447173 0.467400 -0.481588 1.000000 0.627411 0.447281 0.467400 -0.481588 1.000000 0.627534 0.447373 0.467400 -0.481588 1.000000 0.627608 0.447450 0.467400 -0.481588 1.000000 0.627707 0.447496 0.467400 -0.481588 1.000000 
0.627338 0.447173 0.467400 -0.481588 1.000000 0.627411 0.447281 0.467400 -0.481588 1.000000 0.627534 0.447373 0.467400 -0.481588 1.000000 0.627608 0.447450 0.467400 -0.481588 1.000000 0.627707 0.447496 0.467400 -0.481588 1.000000 0.627805 0.447527 0.467400 -0.481588 1.000000 
0.627411 0.447281 0.467400 -0.481588 1.000000 0.627534 0.447373 0.467400 -0.481588 1.000000 0.627608 0.447450 0.467400 -0.481588 1.000000 0.627707 0.447496 0.467400 -0.481588 1.000000 0.627805 0.447527 0.467400 -0.481588 1.000000 0.627879 0.447527 0.467400 -0.481588 1.000000 
0.627534 0.447373 0.467400 -0.481588 1.000000 0.627608 0.447450 0.467400 -0.481588 1.000000 0.627707 0.447496 0.467400 -0.481588 1.000000 0.627805 0.447527 0.467400 -0.481588 1.000000 0.627879 0.447527 0.467400 -0.481588 1.000000 0.628002 0.447527 0.467400 -0.481588 1.000000 
0.627608 0.447450 0.467400 -0.481588 1.000000 0.627707 0.447496 0.467400 -0.481588 1.000000 0.627805 0.447527 0.467400 -0.481588 1.000000 0.627879 0.447527 0.467400 -0.481588 1.000000 0.628002 0.447527 0.467400 -0.481588 1.000000 0.628273 0.447527 0.467400 -0.481588 1.000000 
0.627707 0.447496 0.467400 -0.481588 1.000000 0.627805 0.447527 0.467400 -0.481588 1.000000 0.627879 0.447527 0.467400 -0.481588 1.000000 0.628002 0.447527 0.467400 -0.481588 1.000000 0.628273 0.447527 0.467400 -0.481588 1.000000 0.628716 0.447204 0.467400 -0.481588 0.998045 
0.627805 0.447527 0.467400 -0.481588 1.000000 0.627879 0.447527 0.467400 -0.481588 1.000000 0.628002 0.447527 0.467400 -0.481588 1.000000 0.628273 0.447527 0.467400 -0.481588 1.000000 0.628716 0.447204 0.467400 -0.481588 0.998045 0.629306 0.446650 0.467400 -0.481588 0.911046 
0.627879 0.447527 0.467400 -0.481588 1.000000 0.628002 0.447527 0.467400 -0.481588 1.000000 0.628273 0.447527 0.467400 -0.481588 1.000000 0.628716 0.447204 0.467400 -0.481588 0.998045 0.629306 0.446650 0.467400 -0.481588 0.911046 0.630020 0.445928 0.467400 -0.481588 0.795699 
0.628002 0.447527 0.467400 -0.481588 1.000000 0.628273 0.447527 0.467400 -0.481588 1.000000 0.628716 0.447204 0.467400 -0.481588 0.998045 0.629306 0.446650 0.467400 -0.481588 0.911046 0.630020 0.445928 0.467400 -0.481588 0.795699 0.630709 0.445128 0.474724 -0.503699 0.688172 
0.628273 0.447527 0.467400 -0.481588 1.000000 0.628716 0.447204 0.467400 -0.481588 0.998045 0.629306 0.446650 0.467400 -0.481588 0.911046 0.630020 0.445928 0.467400 -0.481588 0.795699 0.630709 0.445128 0.474724 -0.503699 0.688172 0.631275 0.444267 0.474724 -0.503699 0.504399 
0.628716 0.447204 0.467400 -0.481588 0.998045 0.629306 0.446650 0.467400 -0.481588 0.911046 0.630020 0.445928 0.467400 -0.481588 0.795699 0.630709 0.445128 0.474724 -0.503699 0.688172 0.631275 0.444267 0.474724 -0.503699 0.504399 0.631668 0.443406 0.497242 -0.512017 0.288368 
0.629306 0.446650 0.467400 -0.481588 0.911046 0.630020 0.445928 0.467400 -0.481588 0.795699 0.630709 0.445128 0.474724 -0.503699 0.688172 0.631275 0.444267 0.474724 -0.503699 0.504399 0.631668 0.443406 0.497242 -0.512017 0.288368 0.631841 0.442590 0.497242 -0.512017 0.143695 
0.630020 0.445928 0.467400 -0.481588 0.795699 0.630709 0.445128 0.474724 -0.503699 0.688172 0.631275 0.444267 0.474724 -0.503699 0.504399 0.631668 0.443406 0.497242 -0.512017 0.288368 0.631841 0.442590 0.497242 -0.512017 0.143695 0.631373 0.441683 0.489570 -0.519122 0.000000 
0.630709 0.445128 0.474724 -0.503699 0.688172 0.631275 0.444267 0.474724 -0.503699 0.504399 0.631668 0.443406 0.497242 -0.512017 0.288368 0.631841 0.442590 0.497242 -0.512017 0.143695 0.631373 0.441683 0.489570 -0.519122 0.000000 0.629970 0.441683 0.489570 -0.519122 0.000000 
0.631275 0.444267 0.474724 -0.503699 0.504399 0.631668 0.443406 0.497242 -0.512017 0.288368 0.631841 0.442590 0.497242 -0.512017 0.143695 0.631373 0.441683 0.489570 -0.519122 0.000000 0.629970 0.441683 0.489570 -0.519122 0.000000 0.627780 0.441991 0.496565 -0.541732 0.000000 
