0.652534 0.504245 0.011771 -0.593341 0.878788 0.652707 0.501661 0.011771 -0.593341 0.879765 0.652559 0.503399 0.011771 -0.593341 0.879765 0.652633 0.502568 0.011771 -0.593341 0.877810 0.652805 0.500784 0.000000 -0.593412 0.878788 0.652977 0.498939 0.000000 -0.593412 0.880743 
0.652559 0.503399 0.011771 -0.593341 0.879765 0.652633 0.502568 0.011771 -0.593341 0.877810 0.652805 0.500784 0.000000 -0.593412 0.878788 0.652977 0.498939 0.000000 -0.593412 0.880743 0.652879 0.499877 0.000000 -0.593412 0.879765 0.653076 0.498062 0.000000 -0.593412 0.876833 
0.652633 0.502568 0.011771 -0.593341 0.877810 0.652805 0.500784 0.000000 -0.593412 0.878788 0.652977 0.498939 0.000000 -0.593412 0.880743 0.652879 0.499877 0.000000 -0.593412 0.879765 0.653076 0.498062 0.000000 -0.593412 0.876833 0.653199 0.497140 0.000000 -0.593412 0.877810 
0.652805 0.500784 0.000000 -0.593412 0.878788 0.652977 0.498939 0.000000 -0.593412 0.880743 0.652879 0.499877 0.000000 -0.593412 0.879765 0.653076 0.498062 0.000000 -0.593412 0.876833 0.653199 0.497140 0.000000 -0.593412 0.877810 0.653297 0.496201 0.000000 -0.593412 0.873900 
0.652977 0.498939 0.000000 -0.593412 0.880743 0.652879 0.499877 0.000000 -0.593412 0.879765 0.653076 0.498062 0.000000 -0.593412 0.876833 0.653199 0.497140 0.000000 -0.593412 0.877810 0.653297 0.496201 0.000000 -0.593412 0.873900 0.653420 0.495233 0.000000 -0.593412 0.873900 
0.652879 0.499877 0.000000 -0.593412 0.879765 0.653076 0.498062 0.000000 -0.593412 0.876833 0.653199 0.497140 0.000000 -0.593412 0.877810 0.653297 0.496201 0.000000 -0.593412 0.873900 0.653420 0.495233 0.000000 -0.593412 0.873900 0.653666 0.493295 0.000000 -0.593412 0.874878 
0.653076 0.498062 0.000000 -0.593412 0.876833 0.653199 0.497140 0.000000 -0.593412 0.877810 0.653297 0.496201 0.000000 -0.593412 0.873900 0.653420 0.495233 0.000000 -0.593412 0.873900 0.653666 0.493295 0.000000 -0.593412 0.874878 0.653543 0.494310 0.000000 -0.593412 0.870968 
0.653199 0.497140 0.000000 -0.593412 0.877810 0.653297 0.496201 0.000000 -0.593412 0.873900 0.653420 0.495233 0.000000 -0.593412 0.873900 0.653666 0.493295 0.000000 -0.593412 0.874878 0.653543 0.494310 0.000000 -0.593412 0.870968 0.653814 0.492326 0.000000 -0.593412 0.871945 
0.653297 0.496201 0.000000 -0.593412 0.873900 0.653420 0.495233 0.000000 -0.593412 0.873900 0.653666 0.493295 0.000000 -0.593412 0.874878 0.653543 0.494310 0.000000 -0.593412 0.870968 0.653814 0.492326 0.000000 -0.593412 0.871945 0.653962 0.491419 0.000000 -0.593412 0.871945 
0.653420 0.495233 0.000000 -0.593412 0.873900 0.653666 0.493295 0.000000 -0.593412 0.874878 0.653543 0.494310 0.000000 -0.593412 0.870968 0.653814 0.492326 0.000000 -0.593412 0.871945 0.653962 0.491419 0.000000 -0.593412 0.871945 0.654134 0.490450 0.000000 -0.575959 0.873900 
0.653666 0.493295 0.000000 -0.593412 0.874878 0.653543 0.494310 0.000000 -0.593412 0.870968 0.653814 0.492326 0.000000 -0.593412 0.871945 0.653962 0.491419 0.000000 -0.593412 0.871945 0.654134 0.490450 0.000000 -0.575959 0.873900 0.654306 0.489496 0.000000 -0.575959 0.869990 
0.653543 0.494310 0.000000 -0.593412 0.870968 0.653814 0.492326 0.000000 -0.593412 0.871945 0.653962 0.491419 0.000000 -0.593412 0.871945 0.654134 0.490450 0.000000 -0.575959 0.873900 0.654306 0.489496 0.000000 -0.575959 0.869990 0.654454 0.488558 -0.022660 -0.575680 0.871945 
0.653814 0.492326 0.000000 -0.593412 0.871945 0.653962 0.491419 0.000000 -0.593412 0.871945 0.654134 0.490450 0.000000 -0.575959 0.873900 0.654306 0.489496 0.000000 -0.575959 0.869990 0.654454 0.488558 -0.022660 -0.575680 0.871945 0.654749 0.486620 -0.022660 -0.575680 0.869013 
0.653962 0.491419 0.000000 -0.593412 0.871945 0.654134 0.490450 0.000000 -0.575959 0.873900 0.654306 0.489496 0.000000 -0.575959 0.869990 0.654454 0.488558 -0.022660 -0.575680 0.871945 0.654749 0.486620 -0.022660 -0.575680 0.869013 0.654601 0.487574 -0.022660 -0.575680 0.875855 
0.654134 0.490450 0.000000 -0.575959 0.873900 0.654306 0.489496 0.000000 -0.575959 0.869990 0.654454 0.488558 -0.022660 -0.575680 0.871945 0.654749 0.486620 -0.022660 -0.575680 0.869013 0.654601 0.487574 -0.022660 -0.575680 0.875855 0.654897 0.485728 -0.022660 -0.575680 0.874878 
0.654306 0.489496 0.000000 -0.575959 0.869990 0.654454 0.488558 -0.022660 -0.575680 0.871945 0.654749 0.486620 -0.022660 -0.575680 0.869013 0.654601 0.487574 -0.022660 -0.575680 0.875855 0.654897 0.485728 -0.022660 -0.575680 0.874878 0.655044 0.484759 -0.022660 -0.575680 0.870968 
0.654454 0.488558 -0.022660 -0.575680 0.871945 0.654749 0.486620 -0.022660 -0.575680 0.869013 0.654601 0.487574 -0.022660 -0.575680 0.875855 0.654897 0.485728 -0.022660 -0.575680 0.874878 0.655044 0.484759 -0.022660 -0.575680 0.870968 0.655192 0.483729 -0.022660 -0.575680 0.874878 
0.654749 0.486620 -0.022660 -0.575680 0.869013 0.654601 0.487574 -0.022660 -0.575680 0.875855 0.654897 0.485728 -0.022660 -0.575680 0.874878 0.655044 0.484759 -0.022660 -0.575680 0.870968 0.655192 0.483729 -0.022660 -0.575680 0.874878 0.655315 0.482760 -0.022660 -0.575680 0.869013 
0.654601 0.487574 -0.022660 -0.575680 0.875855 0.654897 0.485728 -0.022660 -0.575680 0.874878 0.655044 0.484759 -0.022660 -0.575680 0.870968 0.655192 0.483729 -0.022660 -0.575680 0.874878 0.655315 0.482760 -0.022660 -0.575680 0.869013 0.655438 0.481807 -0.022660 -0.575680 0.877810 
0.654897 0.485728 -0.022660 -0.575680 0.874878 0.655044 0.484759 -0.022660 -0.575680 0.870968 0.655192 0.483729 -0.022660 -0.575680 0.874878 0.655315 0.482760 -0.022660 -0.575680 0.869013 0.655438 0.481807 -0.022660 -0.575680 0.877810 0.655561 0.480884 -0.011771 -0.593341 0.866080 
0.655044 0.484759 -0.022660 -0.575680 0.870968 0.655192 0.483729 -0.022660 -0.575680 0.874878 0.655315 0.482760 -0.022660 -0.575680 0.869013 0.655438 0.481807 -0.022660 -0.575680 0.877810 0.655561 0.480884 -0.011771 -0.593341 0.866080 0.655709 0.479977 -0.011771 -0.593341 0.870968 
0.655192 0.483729 -0.022660 -0.575680 0.874878 0.655315 0.482760 -0.022660 -0.575680 0.869013 0.655438 0.481807 -0.022660 -0.575680 0.877810 0.655561 0.480884 -0.011771 -0.593341 0.866080 0.655709 0.479977 -0.011771 -0.593341 0.870968 0.655807 0.479023 -0.011771 -0.593341 0.869990 
0.655315 0.482760 -0.022660 -0.575680 0.869013 0.655438 0.481807 -0.022660 -0.575680 0.877810 0.655561 0.480884 -0.011771 -0.593341 0.866080 0.655709 0.479977 -0.011771 -0.593341 0.870968 0.655807 0.479023 -0.011771 -0.593341 0.869990 0.655881 0.478070 -0.011771 -0.593341 0.872923 
0.655438 0.481807 -0.022660 -0.575680 0.877810 0.655561 0.480884 -0.011771 -0.593341 0.866080 0.655709 0.479977 -0.011771 -0.593341 0.870968 0.655807 0.479023 -0.011771 -0.593341 0.869990 0.655881 0.478070 -0.011771 -0.593341 0.872923 0.655930 0.477132 -0.011771 -0.593341 0.872923 
0.655561 0.480884 -0.011771 -0.593341 0.866080 0.655709 0.479977 -0.011771 -0.593341 0.870968 0.655807 0.479023 -0.011771 -0.593341 0.869990 0.655881 0.478070 -0.011771 -0.593341 0.872923 0.655930 0.477132 -0.011771 -0.593341 0.872923 0.655979 0.476240 -0.011771 -0.593341 0.869990 
0.655709 0.479977 -0.011771 -0.593341 0.870968 0.655807 0.479023 -0.011771 -0.593341 0.869990 0.655881 0.478070 -0.011771 -0.593341 0.872923 0.655930 0.477132 -0.011771 -0.593341 0.872923 0.655979 0.476240 -0.011771 -0.593341 0.869990 0.656029 0.475301 -0.011771 -0.593341 0.876833 
0.655807 0.479023 -0.011771 -0.593341 0.869990 0.655881 0.478070 -0.011771 -0.593341 0.872923 0.655930 0.477132 -0.011771 -0.593341 0.872923 0.655979 0.476240 -0.011771 -0.593341 0.869990 0.656029 0.475301 -0.011771 -0.593341 0.876833 0.656053 0.474348 -0.011771 -0.593341 0.877810 
0.655881 0.478070 -0.011771 -0.593341 0.872923 0.655930 0.477132 -0.011771 -0.593341 0.872923 0.655979 0.476240 -0.011771 -0.593341 0.869990 0.656029 0.475301 -0.011771 -0.593341 0.876833 0.656053 0.474348 -0.011771 -0.593341 0.877810 0.656053 0.473394 -0.011771 -0.593341 0.875855 
0.655930 0.477132 -0.011771 -0.593341 0.872923 0.655979 0.476240 -0.011771 -0.593341 0.869990 0.656029 0.475301 -0.011771 -0.593341 0.876833 0.656053 0.474348 -0.011771 -0.593341 0.877810 0.656053 0.473394 -0.011771 -0.593341 0.875855 0.656053 0.472487 0.000000 -0.593412 0.877810 
0.655979 0.476240 -0.011771 -0.593341 0.869990 0.656029 0.475301 -0.011771 -0.593341 0.876833 0.656053 0.474348 -0.011771 -0.593341 0.877810 0.656053 0.473394 -0.011771 -0.593341 0.875855 0.656053 0.472487 0.000000 -0.593412 0.877810 0.656053 0.471580 0.000000 -0.593412 0.873900 
0.656029 0.475301 -0.011771 -0.593341 0.876833 0.656053 0.474348 -0.011771 -0.593341 0.877810 0.656053 0.473394 -0.011771 -0.593341 0.875855 0.656053 0.472487 0.000000 -0.593412 0.877810 0.656053 0.471580 0.000000 -0.593412 0.873900 0.656102 0.470626 0.000000 -0.593412 0.874878 
0.656053 0.474348 -0.011771 -0.593341 0.877810 0.656053 0.473394 -0.011771 -0.593341 0.875855 0.656053 0.472487 0.000000 -0.593412 0.877810 0.656053 0.471580 0.000000 -0.593412 0.873900 0.656102 0.470626 0.000000 -0.593412 0.874878 0.656127 0.469703 0.000000 -0.593412 0.876833 
0.656053 0.473394 -0.011771 -0.593341 0.875855 0.656053 0.472487 0.000000 -0.593412 0.877810 0.656053 0.471580 0.000000 -0.593412 0.873900 0.656102 0.470626 0.000000 -0.593412 0.874878 0.656127 0.469703 0.000000 -0.593412 0.876833 0.656176 0.468765 0.000000 -0.593412 0.882698 
0.656053 0.472487 0.000000 -0.593412 0.877810 0.656053 0.471580 0.000000 -0.593412 0.873900 0.656102 0.470626 0.000000 -0.593412 0.874878 0.656127 0.469703 0.000000 -0.593412 0.876833 0.656176 0.468765 0.000000 -0.593412 0.882698 0.656250 0.467873 0.000000 -0.593412 0.877810 
0.656053 0.471580 0.000000 -0.593412 0.873900 0.656102 0.470626 0.000000 -0.593412 0.874878 0.656127 0.469703 0.000000 -0.593412 0.876833 0.656176 0.468765 0.000000 -0.593412 0.882698 0.656250 0.467873 0.000000 -0.593412 0.877810 0.656324 0.466997 0.000000 -0.593412 0.879765 
0.656102 0.470626 0.000000 -0.593412 0.874878 0.656127 0.469703 0.000000 -0.593412 0.876833 0.656176 0.468765 0.000000 -0.593412 0.882698 0.656250 0.467873 0.000000 -0.593412 0.877810 0.656324 0.466997 0.000000 -0.593412 0.879765 0.656398 0.466136 0.000000 -0.593412 0.873900 
0.656127 0.469703 0.000000 -0.593412 0.876833 0.656176 0.468765 0.000000 -0.593412 0.882698 0.656250 0.467873 0.000000 -0.593412 0.877810 0.656324 0.466997 0.000000 -0.593412 0.879765 0.656398 0.466136 0.000000 -0.593412 0.873900 0.656496 0.465213 -0.011771 -0.593341 0.874878 
0.656176 0.468765 0.000000 -0.593412 0.882698 0.656250 0.467873 0.000000 -0.593412 0.877810 0.656324 0.466997 0.000000 -0.593412 0.879765 0.656398 0.466136 0.000000 -0.593412 0.873900 0.656496 0.465213 -0.011771 -0.593341 0.874878 0.656570 0.464290 -0.011771 -0.593341 0.874878 
0.656250 0.467873 0.000000 -0.593412 0.877810 0.656324 0.466997 0.000000 -0.593412 0.879765 0.656398 0.466136 0.000000 -0.593412 0.873900 0.656496 0.465213 -0.011771 -0.593341 0.874878 0.656570 0.464290 -0.011771 -0.593341 0.874878 0.656619 0.463414 -0.011771 -0.593341 0.871945 
0.656324 0.466997 0.000000 -0.593412 0.879765 0.656398 0.466136 0.000000 -0.593412 0.873900 0.656496 0.465213 -0.011771 -0.593341 0.874878 0.656570 0.464290 -0.011771 -0.593341 0.874878 0.656619 0.463414 -0.011771 -0.593341 0.871945 0.656668 0.462506 -0.011771 -0.593341 0.870968 
0.656398 0.466136 0.000000 -0.593412 0.873900 0.656496 0.465213 -0.011771 -0.593341 0.874878 0.656570 0.464290 -0.011771 -0.593341 0.874878 0.656619 0.463414 -0.011771 -0.593341 0.871945 0.656668 0.462506 -0.011771 -0.593341 0.870968 0.656668 0.461614 -0.011771 -0.593341 0.873900 
0.656496 0.465213 -0.011771 -0.593341 0.874878 0.656570 0.464290 -0.011771 -0.593341 0.874878 0.656619 0.463414 -0.011771 -0.593341 0.871945 0.656668 0.462506 -0.011771 -0.593341 0.870968 0.656668 0.461614 -0.011771 -0.593341 0.873900 0.656668 0.460691 -0.035286 -0.592776 0.870968 
0.656570 0.464290 -0.011771 -0.593341 0.874878 0.656619 0.463414 -0.011771 -0.593341 0.871945 0.656668 0.462506 -0.011771 -0.593341 0.870968 0.656668 0.461614 -0.011771 -0.593341 0.873900 0.656668 0.460691 -0.035286 -0.592776 0.870968 0.656668 0.459769 -0.035286 -0.592776 0.871945 
0.656619 0.463414 -0.011771 -0.593341 0.871945 0.656668 0.462506 -0.011771 -0.593341 0.870968 0.656668 0.461614 -0.011771 -0.593341 0.873900 0.656668 0.460691 -0.035286 -0.592776 0.870968 0.656668 0.459769 -0.035286 -0.592776 0.871945 0.656668 0.458815 -0.035286 -0.592776 0.867058 
0.656668 0.462506 -0.011771 -0.593341 0.870968 0.656668 0.461614 -0.011771 -0.593341 0.873900 0.656668 0.460691 -0.035286 -0.592776 0.870968 0.656668 0.459769 -0.035286 -0.592776 0.871945 0.656668 0.458815 -0.035286 -0.592776 0.867058 0.656668 0.457908 -0.035286 -0.592776 0.869013 
0.656668 0.461614 -0.011771 -0.593341 0.873900 0.656668 0.460691 -0.035286 -0.592776 0.870968 0.656668 0.459769 -0.035286 -0.592776 0.871945 0.656668 0.458815 -0.035286 -0.592776 0.867058 0.656668 0.457908 -0.035286 -0.592776 0.869013 0.656668 0.457031 -0.035286 -0.592776 0.875855 
0.656668 0.460691 -0.035286 -0.592776 0.870968 0.656668 0.459769 -0.035286 -0.592776 0.871945 0.656668 0.458815 -0.035286 -0.592776 0.867058 0.656668 0.457908 -0.035286 -0.592776 0.869013 0.656668 0.457031 -0.035286 -0.592776 0.875855 0.656668 0.456139 -0.035286 -0.592776 0.869990 
0.656668 0.459769 -0.035286 -0.592776 0.871945 0.656668 0.458815 -0.035286 -0.592776 0.867058 0.656668 0.457908 -0.035286 -0.592776 0.869013 0.656668 0.457031 -0.035286 -0.592776 0.875855 0.656668 0.456139 -0.035286 -0.592776 0.869990 0.656668 0.455309 -0.035286 -0.592776 0.874878 
0.656668 0.458815 -0.035286 -0.592776 0.867058 0.656668 0.457908 -0.035286 -0.592776 0.869013 0.656668 0.457031 -0.035286 -0.592776 0.875855 0.656668 0.456139 -0.035286 -0.592776 0.869990 0.656668 0.455309 -0.035286 -0.592776 0.874878 0.656668 0.454432 -0.035286 -0.592776 0.874878 
0.656668 0.457908 -0.035286 -0.592776 0.869013 0.656668 0.457031 -0.035286 -0.592776 0.875855 0.656668 0.456139 -0.035286 -0.592776 0.869990 0.656668 0.455309 -0.035286 -0.592776 0.874878 0.656668 0.454432 -0.035286 -0.592776 0.874878 0.656718 0.453509 -0.035286 -0.592776 0.871945 
0.656668 0.457031 -0.035286 -0.592776 0.875855 0.656668 0.456139 -0.035286 -0.592776 0.869990 0.656668 0.455309 -0.035286 -0.592776 0.874878 0.656668 0.454432 -0.035286 -0.592776 0.874878 0.656718 0.453509 -0.035286 -0.592776 0.871945 0.656791 0.452602 -0.035286 -0.592776 0.869013 
0.656668 0.456139 -0.035286 -0.592776 0.869990 0.656668 0.455309 -0.035286 -0.592776 0.874878 0.656668 0.454432 -0.035286 -0.592776 0.874878 0.656718 0.453509 -0.035286 -0.592776 0.871945 0.656791 0.452602 -0.035286 -0.592776 0.869013 0.656841 0.451679 -0.035286 -0.592776 0.869013 
0.656668 0.455309 -0.035286 -0.592776 0.874878 0.656668 0.454432 -0.035286 -0.592776 0.874878 0.656718 0.453509 -0.035286 -0.592776 0.871945 0.656791 0.452602 -0.035286 -0.592776 0.869013 0.656841 0.451679 -0.035286 -0.592776 0.869013 0.656939 0.449819 -0.035286 -0.592776 0.872923 
0.656668 0.454432 -0.035286 -0.592776 0.874878 0.656718 0.453509 -0.035286 -0.592776 0.871945 0.656791 0.452602 -0.035286 -0.592776 0.869013 0.656841 0.451679 -0.035286 -0.592776 0.869013 0.656939 0.449819 -0.035286 -0.592776 0.872923 0.656890 0.450757 -0.035286 -0.592776 0.873900 
0.656718 0.453509 -0.035286 -0.592776 0.871945 0.656791 0.452602 -0.035286 -0.592776 0.869013 0.656841 0.451679 -0.035286 -0.592776 0.869013 0.656939 0.449819 -0.035286 -0.592776 0.872923 0.656890 0.450757 -0.035286 -0.592776 0.873900 0.656964 0.448880 -0.035286 -0.592776 0.867058 
0.656791 0.452602 -0.035286 -0.592776 0.869013 0.656841 0.451679 -0.035286 -0.592776 0.869013 0.656939 0.449819 -0.035286 -0.592776 0.872923 0.656890 0.450757 -0.035286 -0.592776 0.873900 0.656964 0.448880 -0.035286 -0.592776 0.867058 0.656988 0.447912 -0.035286 -0.592776 0.871945 
0.656841 0.451679 -0.035286 -0.592776 0.869013 0.656939 0.449819 -0.035286 -0.592776 0.872923 0.656890 0.450757 -0.035286 -0.592776 0.873900 0.656964 0.448880 -0.035286 -0.592776 0.867058 0.656988 0.447912 -0.035286 -0.592776 0.871945 0.657037 0.447004 -0.035286 -0.592776 0.872923 
0.656939 0.449819 -0.035286 -0.592776 0.872923 0.656890 0.450757 -0.035286 -0.592776 0.873900 0.656964 0.448880 -0.035286 -0.592776 0.867058 0.656988 0.447912 -0.035286 -0.592776 0.871945 0.657037 0.447004 -0.035286 -0.592776 0.872923 0.657062 0.446112 -0.035286 -0.592776 0.871945 
0.656890 0.450757 -0.035286 -0.592776 0.873900 0.656964 0.448880 -0.035286 -0.592776 0.867058 0.656988 0.447912 -0.035286 -0.592776 0.871945 0.657037 0.447004 -0.035286 -0.592776 0.872923 0.657062 0.446112 -0.035286 -0.592776 0.871945 0.657111 0.445251 -0.035286 -0.592776 0.875855 
0.656964 0.448880 -0.035286 -0.592776 0.867058 0.656988 0.447912 -0.035286 -0.592776 0.871945 0.657037 0.447004 -0.035286 -0.592776 0.872923 0.657062 0.446112 -0.035286 -0.592776 0.871945 0.657111 0.445251 -0.035286 -0.592776 0.875855 0.657234 0.444390 -0.035286 -0.592776 0.872923 
0.656988 0.447912 -0.035286 -0.592776 0.871945 0.657037 0.447004 -0.035286 -0.592776 0.872923 0.657062 0.446112 -0.035286 -0.592776 0.871945 0.657111 0.445251 -0.035286 -0.592776 0.875855 0.657234 0.444390 -0.035286 -0.592776 0.872923 0.657308 0.443498 -0.035286 -0.592776 0.872923 
0.657037 0.447004 -0.035286 -0.592776 0.872923 0.657062 0.446112 -0.035286 -0.592776 0.871945 0.657111 0.445251 -0.035286 -0.592776 0.875855 0.657234 0.444390 -0.035286 -0.592776 0.872923 0.657308 0.443498 -0.035286 -0.592776 0.872923 0.657431 0.442621 -0.035286 -0.592776 0.874878 
0.657062 0.446112 -0.035286 -0.592776 0.871945 0.657111 0.445251 -0.035286 -0.592776 0.875855 0.657234 0.444390 -0.035286 -0.592776 0.872923 0.657308 0.443498 -0.035286 -0.592776 0.872923 0.657431 0.442621 -0.035286 -0.592776 0.874878 0.657554 0.441791 -0.035286 -0.592776 0.873900 
0.657111 0.445251 -0.035286 -0.592776 0.875855 0.657234 0.444390 -0.035286 -0.592776 0.872923 0.657308 0.443498 -0.035286 -0.592776 0.872923 0.657431 0.442621 -0.035286 -0.592776 0.874878 0.657554 0.441791 -0.035286 -0.592776 0.873900 0.657677 0.440976 -0.035286 -0.592776 0.868035 
0.657234 0.444390 -0.035286 -0.592776 0.872923 0.657308 0.443498 -0.035286 -0.592776 0.872923 0.657431 0.442621 -0.035286 -0.592776 0.874878 0.657554 0.441791 -0.035286 -0.592776 0.873900 0.657677 0.440976 -0.035286 -0.592776 0.868035 0.657825 0.440145 -0.035286 -0.592776 0.872923 
0.657308 0.443498 -0.035286 -0.592776 0.872923 0.657431 0.442621 -0.035286 -0.592776 0.874878 0.657554 0.441791 -0.035286 -0.592776 0.873900 0.657677 0.440976 -0.035286 -0.592776 0.868035 0.657825 0.440145 -0.035286 -0.592776 0.872923 0.658022 0.439330 -0.035286 -0.592776 0.873900 
0.657431 0.442621 -0.035286 -0.592776 0.874878 0.657554 0.441791 -0.035286 -0.592776 0.873900 0.657677 0.440976 -0.035286 -0.592776 0.868035 0.657825 0.440145 -0.035286 -0.592776 0.872923 0.658022 0.439330 -0.035286 -0.592776 0.873900 0.658169 0.438515 -0.036630 -0.610221 0.875855 
0.657554 0.441791 -0.035286 -0.592776 0.873900 0.657677 0.440976 -0.035286 -0.592776 0.868035 0.657825 0.440145 -0.035286 -0.592776 0.872923 0.658022 0.439330 -0.035286 -0.592776 0.873900 0.658169 0.438515 -0.036630 -0.610221 0.875855 0.658268 0.437715 -0.036630 -0.610221 0.874878 
0.657677 0.440976 -0.035286 -0.592776 0.868035 0.657825 0.440145 -0.035286 -0.592776 0.872923 0.658022 0.439330 -0.035286 -0.592776 0.873900 0.658169 0.438515 -0.036630 -0.610221 0.875855 0.658268 0.437715 -0.036630 -0.610221 0.874878 0.658415 0.436992 -0.035286 -0.592776 0.875855 
0.657825 0.440145 -0.035286 -0.592776 0.872923 0.658022 0.439330 -0.035286 -0.592776 0.873900 0.658169 0.438515 -0.036630 -0.610221 0.875855 0.658268 0.437715 -0.036630 -0.610221 0.874878 0.658415 0.436992 -0.035286 -0.592776 0.875855 0.658538 0.436270 -0.035286 -0.592776 0.873900 
0.658022 0.439330 -0.035286 -0.592776 0.873900 0.658169 0.438515 -0.036630 -0.610221 0.875855 0.658268 0.437715 -0.036630 -0.610221 0.874878 0.658415 0.436992 -0.035286 -0.592776 0.875855 0.658538 0.436270 -0.035286 -0.592776 0.873900 0.658637 0.435501 -0.035286 -0.592776 0.873900 
0.658169 0.438515 -0.036630 -0.610221 0.875855 0.658268 0.437715 -0.036630 -0.610221 0.874878 0.658415 0.436992 -0.035286 -0.592776 0.875855 0.658538 0.436270 -0.035286 -0.592776 0.873900 0.658637 0.435501 -0.035286 -0.592776 0.873900 0.658735 0.434763 -0.035286 -0.592776 0.871945 
0.658268 0.437715 -0.036630 -0.610221 0.874878 0.658415 0.436992 -0.035286 -0.592776 0.875855 0.658538 0.436270 -0.035286 -0.592776 0.873900 0.658637 0.435501 -0.035286 -0.592776 0.873900 0.658735 0.434763 -0.035286 -0.592776 0.871945 0.658809 0.434024 -0.035286 -0.592776 0.877810 
0.658415 0.436992 -0.035286 -0.592776 0.875855 0.658538 0.436270 -0.035286 -0.592776 0.873900 0.658637 0.435501 -0.035286 -0.592776 0.873900 0.658735 0.434763 -0.035286 -0.592776 0.871945 0.658809 0.434024 -0.035286 -0.592776 0.877810 0.658883 0.433332 -0.035286 -0.592776 0.872923 
0.658538 0.436270 -0.035286 -0.592776 0.873900 0.658637 0.435501 -0.035286 -0.592776 0.873900 0.658735 0.434763 -0.035286 -0.592776 0.871945 0.658809 0.434024 -0.035286 -0.592776 0.877810 0.658883 0.433332 -0.035286 -0.592776 0.872923 0.658957 0.432717 -0.035286 -0.592776 0.871945 
0.658637 0.435501 -0.035286 -0.592776 0.873900 0.658735 0.434763 -0.035286 -0.592776 0.871945 0.658809 0.434024 -0.035286 -0.592776 0.877810 0.658883 0.433332 -0.035286 -0.592776 0.872923 0.658957 0.432717 -0.035286 -0.592776 0.871945 0.659030 0.432164 -0.035286 -0.592776 0.872923 
0.658735 0.434763 -0.035286 -0.592776 0.871945 0.658809 0.434024 -0.035286 -0.592776 0.877810 0.658883 0.433332 -0.035286 -0.592776 0.872923 0.658957 0.432717 -0.035286 -0.592776 0.871945 0.659030 0.432164 -0.035286 -0.592776 0.872923 0.659080 0.431625 -0.035286 -0.592776 0.869990 
0.658809 0.434024 -0.035286 -0.592776 0.877810 0.658883 0.433332 -0.035286 -0.592776 0.872923 0.658957 0.432717 -0.035286 -0.592776 0.871945 0.659030 0.432164 -0.035286 -0.592776 0.872923 0.659080 0.431625 -0.035286 -0.592776 0.869990 0.659129 0.431102 -0.035286 -0.592776 0.869013 
0.658883 0.433332 -0.035286 -0.592776 0.872923 0.658957 0.432717 -0.035286 -0.592776 0.871945 0.659030 0.432164 -0.035286 -0.592776 0.872923 0.659080 0.431625 -0.035286 -0.592776 0.869990 0.659129 0.431102 -0.035286 -0.592776 0.869013 0.659178 0.430626 -0.035286 -0.592776 0.875855 
0.658957 0.432717 -0.035286 -0.592776 0.871945 0.659030 0.432164 -0.035286 -0.592776 0.872923 0.659080 0.431625 -0.035286 -0.592776 0.869990 0.659129 0.431102 -0.035286 -0.592776 0.869013 0.659178 0.430626 -0.035286 -0.592776 0.875855 0.659277 0.429257 -0.047017 -0.592282 0.870968 
0.659030 0.432164 -0.035286 -0.592776 0.872923 0.659080 0.431625 -0.035286 -0.592776 0.869990 0.659129 0.431102 -0.035286 -0.592776 0.869013 0.659178 0.430626 -0.035286 -0.592776 0.875855 0.659277 0.429257 -0.047017 -0.592282 0.870968 0.659227 0.430164 -0.047017 -0.592282 0.870968 
0.659080 0.431625 -0.035286 -0.592776 0.869990 0.659129 0.431102 -0.035286 -0.592776 0.869013 0.659178 0.430626 -0.035286 -0.592776 0.875855 0.659277 0.429257 -0.047017 -0.592282 0.870968 0.659227 0.430164 -0.047017 -0.592282 0.870968 0.659252 0.429718 -0.047017 -0.592282 0.872923 
0.659129 0.431102 -0.035286 -0.592776 0.869013 0.659178 0.430626 -0.035286 -0.592776 0.875855 0.659277 0.429257 -0.047017 -0.592282 0.870968 0.659227 0.430164 -0.047017 -0.592282 0.870968 0.659252 0.429718 -0.047017 -0.592282 0.872923 0.659301 0.428765 -0.047017 -0.592282 0.870968 
0.659178 0.430626 -0.035286 -0.592776 0.875855 0.659277 0.429257 -0.047017 -0.592282 0.870968 0.659227 0.430164 -0.047017 -0.592282 0.870968 0.659252 0.429718 -0.047017 -0.592282 0.872923 0.659301 0.428765 -0.047017 -0.592282 0.870968 0.659400 0.427796 -0.047017 -0.592282 0.867058 
0.659277 0.429257 -0.047017 -0.592282 0.870968 0.659227 0.430164 -0.047017 -0.592282 0.870968 0.659252 0.429718 -0.047017 -0.592282 0.872923 0.659301 0.428765 -0.047017 -0.592282 0.870968 0.659400 0.427796 -0.047017 -0.592282 0.867058 0.659350 0.428273 -0.047017 -0.592282 0.868035 
0.659227 0.430164 -0.047017 -0.592282 0.870968 0.659252 0.429718 -0.047017 -0.592282 0.872923 0.659301 0.428765 -0.047017 -0.592282 0.870968 0.659400 0.427796 -0.047017 -0.592282 0.867058 0.659350 0.428273 -0.047017 -0.592282 0.868035 0.659473 0.427365 -0.047017 -0.592282 0.863148 
0.659252 0.429718 -0.047017 -0.592282 0.872923 0.659301 0.428765 -0.047017 -0.592282 0.870968 0.659400 0.427796 -0.047017 -0.592282 0.867058 0.659350 0.428273 -0.047017 -0.592282 0.868035 0.659473 0.427365 -0.047017 -0.592282 0.863148 0.659523 0.426981 -0.047017 -0.592282 0.865103 
0.659301 0.428765 -0.047017 -0.592282 0.870968 0.659400 0.427796 -0.047017 -0.592282 0.867058 0.659350 0.428273 -0.047017 -0.592282 0.868035 0.659473 0.427365 -0.047017 -0.592282 0.863148 0.659523 0.426981 -0.047017 -0.592282 0.865103 0.659596 0.426658 -0.047017 -0.592282 0.866080 
0.659400 0.427796 -0.047017 -0.592282 0.867058 0.659350 0.428273 -0.047017 -0.592282 0.868035 0.659473 0.427365 -0.047017 -0.592282 0.863148 0.659523 0.426981 -0.047017 -0.592282 0.865103 0.659596 0.426658 -0.047017 -0.592282 0.866080 0.659646 0.426396 -0.047017 -0.592282 0.866080 
0.659350 0.428273 -0.047017 -0.592282 0.868035 0.659473 0.427365 -0.047017 -0.592282 0.863148 0.659523 0.426981 -0.047017 -0.592282 0.865103 0.659596 0.426658 -0.047017 -0.592282 0.866080 0.659646 0.426396 -0.047017 -0.592282 0.866080 0.659670 0.426166 -0.047017 -0.592282 0.865103 
0.659473 0.427365 -0.047017 -0.592282 0.863148 0.659523 0.426981 -0.047017 -0.592282 0.865103 0.659596 0.426658 -0.047017 -0.592282 0.866080 0.659646 0.426396 -0.047017 -0.592282 0.866080 0.659670 0.426166 -0.047017 -0.592282 0.865103 0.659719 0.425966 -0.047017 -0.592282 0.865103 
0.659523 0.426981 -0.047017 -0.592282 0.865103 0.659596 0.426658 -0.047017 -0.592282 0.866080 0.659646 0.426396 -0.047017 -0.592282 0.866080 0.659670 0.426166 -0.047017 -0.592282 0.865103 0.659719 0.425966 -0.047017 -0.592282 0.865103 0.659744 0.425812 -0.047017 -0.592282 0.864125 
0.659596 0.426658 -0.047017 -0.592282 0.866080 0.659646 0.426396 -0.047017 -0.592282 0.866080 0.659670 0.426166 -0.047017 -0.592282 0.865103 0.659719 0.425966 -0.047017 -0.592282 0.865103 0.659744 0.425812 -0.047017 -0.592282 0.864125 0.659769 0.425627 -0.047017 -0.592282 0.866080 
0.659646 0.426396 -0.047017 -0.592282 0.866080 0.659670 0.426166 -0.047017 -0.592282 0.865103 0.659719 0.425966 -0.047017 -0.592282 0.865103 0.659744 0.425812 -0.047017 -0.592282 0.864125 0.659769 0.425627 -0.047017 -0.592282 0.866080 0.659769 0.425458 -0.047017 -0.592282 0.865103 
0.659670 0.426166 -0.047017 -0.592282 0.865103 0.659719 0.425966 -0.047017 -0.592282 0.865103 0.659744 0.425812 -0.047017 -0.592282 0.864125 0.659769 0.425627 -0.047017 -0.592282 0.866080 0.659769 0.425458 -0.047017 -0.592282 0.865103 0.659769 0.425289 -0.047017 -0.592282 0.863148 
0.659719 0.425966 -0.047017 -0.592282 0.865103 0.659744 0.425812 -0.047017 -0.592282 0.864125 0.659769 0.425627 -0.047017 -0.592282 0.866080 0.659769 0.425458 -0.047017 -0.592282 0.865103 0.659769 0.425289 -0.047017 -0.592282 0.863148 0.659769 0.425135 -0.047017 -0.592282 0.864125 
0.659744 0.425812 -0.047017 -0.592282 0.864125 0.659769 0.425627 -0.047017 -0.592282 0.866080 0.659769 0.425458 -0.047017 -0.592282 0.865103 0.659769 0.425289 -0.047017 -0.592282 0.863148 0.659769 0.425135 -0.047017 -0.592282 0.864125 0.659769 0.424982 -0.047017 -0.592282 0.862170 
0.659769 0.425627 -0.047017 -0.592282 0.866080 0.659769 0.425458 -0.047017 -0.592282 0.865103 0.659769 0.425289 -0.047017 -0.592282 0.863148 0.659769 0.425135 -0.047017 -0.592282 0.864125 0.659769 0.424982 -0.047017 -0.592282 0.862170 0.659793 0.424843 -0.047017 -0.592282 0.863148 
0.659769 0.425458 -0.047017 -0.592282 0.865103 0.659769 0.425289 -0.047017 -0.592282 0.863148 0.659769 0.425135 -0.047017 -0.592282 0.864125 0.659769 0.424982 -0.047017 -0.592282 0.862170 0.659793 0.424843 -0.047017 -0.592282 0.863148 0.659842 0.424720 -0.047017 -0.592282 0.862170 
0.659769 0.425289 -0.047017 -0.592282 0.863148 0.659769 0.425135 -0.047017 -0.592282 0.864125 0.659769 0.424982 -0.047017 -0.592282 0.862170 0.659793 0.424843 -0.047017 -0.592282 0.863148 0.659842 0.424720 -0.047017 -0.592282 0.862170 0.659867 0.424597 -0.047017 -0.592282 0.865103 
0.659769 0.425135 -0.047017 -0.592282 0.864125 0.659769 0.424982 -0.047017 -0.592282 0.862170 0.659793 0.424843 -0.047017 -0.592282 0.863148 0.659842 0.424720 -0.047017 -0.592282 0.862170 0.659867 0.424597 -0.047017 -0.592282 0.865103 0.659867 0.424520 -0.047017 -0.592282 0.863148 
0.659769 0.424982 -0.047017 -0.592282 0.862170 0.659793 0.424843 -0.047017 -0.592282 0.863148 0.659842 0.424720 -0.047017 -0.592282 0.862170 0.659867 0.424597 -0.047017 -0.592282 0.865103 0.659867 0.424520 -0.047017 -0.592282 0.863148 0.659892 0.424428 -0.047017 -0.592282 0.864125 
0.659793 0.424843 -0.047017 -0.592282 0.863148 0.659842 0.424720 -0.047017 -0.592282 0.862170 0.659867 0.424597 -0.047017 -0.592282 0.865103 0.659867 0.424520 -0.047017 -0.592282 0.863148 0.659892 0.424428 -0.047017 -0.592282 0.864125 0.659892 0.424382 -0.047017 -0.592282 0.862170 
0.659842 0.424720 -0.047017 -0.592282 0.862170 0.659867 0.424597 -0.047017 -0.592282 0.865103 0.659867 0.424520 -0.047017 -0.592282 0.863148 0.659892 0.424428 -0.047017 -0.592282 0.864125 0.659892 0.424382 -0.047017 -0.592282 0.862170 0.659916 0.424336 -0.047017 -0.592282 0.863148 
0.659867 0.424597 -0.047017 -0.592282 0.865103 0.659867 0.424520 -0.047017 -0.592282 0.863148 0.659892 0.424428 -0.047017 -0.592282 0.864125 0.659892 0.424382 -0.047017 -0.592282 0.862170 0.659916 0.424336 -0.047017 -0.592282 0.863148 0.659916 0.424289 -0.047017 -0.592282 0.862170 
0.659867 0.424520 -0.047017 -0.592282 0.863148 0.659892 0.424428 -0.047017 -0.592282 0.864125 0.659892 0.424382 -0.047017 -0.592282 0.862170 0.659916 0.424336 -0.047017 -0.592282 0.863148 0.659916 0.424289 -0.047017 -0.592282 0.862170 0.659916 0.424259 -0.047017 -0.592282 0.861193 
0.659892 0.424428 -0.047017 -0.592282 0.864125 0.659892 0.424382 -0.047017 -0.592282 0.862170 0.659916 0.424336 -0.047017 -0.592282 0.863148 0.659916 0.424289 -0.047017 -0.592282 0.862170 0.659916 0.424259 -0.047017 -0.592282 0.861193 0.659916 0.424228 -0.047017 -0.592282 0.861193 
0.659892 0.424382 -0.047017 -0.592282 0.862170 0.659916 0.424336 -0.047017 -0.592282 0.863148 0.659916 0.424289 -0.047017 -0.592282 0.862170 0.659916 0.424259 -0.047017 -0.592282 0.861193 0.659916 0.424228 -0.047017 -0.592282 0.861193 0.659916 0.424197 -0.047017 -0.592282 0.862170 
0.659916 0.424336 -0.047017 -0.592282 0.863148 0.659916 0.424289 -0.047017 -0.592282 0.862170 0.659916 0.424259 -0.047017 -0.592282 0.861193 0.659916 0.424228 -0.047017 -0.592282 0.861193 0.659916 0.424197 -0.047017 -0.592282 0.862170 0.659916 0.424182 -0.047017 -0.592282 0.861193 
0.659916 0.424289 -0.047017 -0.592282 0.862170 0.659916 0.424259 -0.047017 -0.592282 0.861193 0.659916 0.424228 -0.047017 -0.592282 0.861193 0.659916 0.424197 -0.047017 -0.592282 0.862170 0.659916 0.424182 -0.047017 -0.592282 0.861193 0.659916 0.424120 -0.047017 -0.592282 0.859238 
0.659916 0.424259 -0.047017 -0.592282 0.861193 0.659916 0.424228 -0.047017 -0.592282 0.861193 0.659916 0.424197 -0.047017 -0.592282 0.862170 0.659916 0.424182 -0.047017 -0.592282 0.861193 0.659916 0.424120 -0.047017 -0.592282 0.859238 0.659916 0.424166 -0.047017 -0.592282 0.858260 
0.659916 0.424228 -0.047017 -0.592282 0.861193 0.659916 0.424197 -0.047017 -0.592282 0.862170 0.659916 0.424182 -0.047017 -0.592282 0.861193 0.659916 0.424120 -0.047017 -0.592282 0.859238 0.659916 0.424166 -0.047017 -0.592282 0.858260 0.659916 0.424151 -0.047017 -0.592282 0.859238 
0.659916 0.424197 -0.047017 -0.592282 0.862170 0.659916 0.424182 -0.047017 -0.592282 0.861193 0.659916 0.424120 -0.047017 -0.592282 0.859238 0.659916 0.424166 -0.047017 -0.592282 0.858260 0.659916 0.424151 -0.047017 -0.592282 0.859238 0.659916 0.424136 -0.047017 -0.592282 0.859238 
0.659916 0.424182 -0.047017 -0.592282 0.861193 0.659916 0.424120 -0.047017 -0.592282 0.859238 0.659916 0.424166 -0.047017 -0.592282 0.858260 0.659916 0.424151 -0.047017 -0.592282 0.859238 0.659916 0.424136 -0.047017 -0.592282 0.859238 0.659916 0.424105 -0.047017 -0.592282 0.858260 
0.659916 0.424120 -0.047017 -0.592282 0.859238 0.659916 0.424166 -0.047017 -0.592282 0.858260 0.659916 0.424151 -0.047017 -0.592282 0.859238 0.659916 0.424136 -0.047017 -0.592282 0.859238 0.659916 0.424105 -0.047017 -0.592282 0.858260 0.659916 0.424090 -0.047017 -0.592282 0.859238 
0.659916 0.424166 -0.047017 -0.592282 0.858260 0.659916 0.424151 -0.047017 -0.592282 0.859238 0.659916 0.424136 -0.047017 -0.592282 0.859238 0.659916 0.424105 -0.047017 -0.592282 0.858260 0.659916 0.424090 -0.047017 -0.592282 0.859238 0.659916 0.424059 -0.047017 -0.592282 0.857283 
0.659916 0.424151 -0.047017 -0.592282 0.859238 0.659916 0.424136 -0.047017 -0.592282 0.859238 0.659916 0.424105 -0.047017 -0.592282 0.858260 0.659916 0.424090 -0.047017 -0.592282 0.859238 0.659916 0.424059 -0.047017 -0.592282 0.857283 0.659916 0.424028 -0.047017 -0.592282 0.860215 
0.659916 0.424136 -0.047017 -0.592282 0.859238 0.659916 0.424105 -0.047017 -0.592282 0.858260 0.659916 0.424090 -0.047017 -0.592282 0.859238 0.659916 0.424059 -0.047017 -0.592282 0.857283 0.659916 0.424028 -0.047017 -0.592282 0.860215 0.659916 0.423997 -0.047017 -0.592282 0.857283 
0.659916 0.424105 -0.047017 -0.592282 0.858260 0.659916 0.424090 -0.047017 -0.592282 0.859238 0.659916 0.424059 -0.047017 -0.592282 0.857283 0.659916 0.424028 -0.047017 -0.592282 0.860215 0.659916 0.423997 -0.047017 -0.592282 0.857283 0.659916 0.423982 -0.047017 -0.592282 0.860215 
0.659916 0.424090 -0.047017 -0.592282 0.859238 0.659916 0.424059 -0.047017 -0.592282 0.857283 0.659916 0.424028 -0.047017 -0.592282 0.860215 0.659916 0.423997 -0.047017 -0.592282 0.857283 0.659916 0.423982 -0.047017 -0.592282 0.860215 0.659916 0.423951 -0.047017 -0.592282 0.858260 
0.659916 0.424059 -0.047017 -0.592282 0.857283 0.659916 0.424028 -0.047017 -0.592282 0.860215 0.659916 0.423997 -0.047017 -0.592282 0.857283 0.659916 0.423982 -0.047017 -0.592282 0.860215 0.659916 0.423951 -0.047017 -0.592282 0.858260 0.659916 0.423936 -0.047017 -0.592282 0.859238 
0.659916 0.424028 -0.047017 -0.592282 0.860215 0.659916 0.423997 -0.047017 -0.592282 0.857283 0.659916 0.423982 -0.047017 -0.592282 0.860215 0.659916 0.423951 -0.047017 -0.592282 0.858260 0.659916 0.423936 -0.047017 -0.592282 0.859238 0.659916 0.423905 -0.047017 -0.592282 0.857283 
0.659916 0.423997 -0.047017 -0.592282 0.857283 0.659916 0.423982 -0.047017 -0.592282 0.860215 0.659916 0.423951 -0.047017 -0.592282 0.858260 0.659916 0.423936 -0.047017 -0.592282 0.859238 0.659916 0.423905 -0.047017 -0.592282 0.857283 0.659916 0.423874 -0.047017 -0.592282 0.860215 
0.659916 0.423982 -0.047017 -0.592282 0.860215 0.659916 0.423951 -0.047017 -0.592282 0.858260 0.659916 0.423936 -0.047017 -0.592282 0.859238 0.659916 0.423905 -0.047017 -0.592282 0.857283 0.659916 0.423874 -0.047017 -0.592282 0.860215 0.659916 0.423859 -0.047017 -0.592282 0.858260 
0.659916 0.423951 -0.047017 -0.592282 0.858260 0.659916 0.423936 -0.047017 -0.592282 0.859238 0.659916 0.423905 -0.047017 -0.592282 0.857283 0.659916 0.423874 -0.047017 -0.592282 0.860215 0.659916 0.423859 -0.047017 -0.592282 0.858260 0.659916 0.423844 -0.047017 -0.592282 0.860215 
0.659916 0.423936 -0.047017 -0.592282 0.859238 0.659916 0.423905 -0.047017 -0.592282 0.857283 0.659916 0.423874 -0.047017 -0.592282 0.860215 0.659916 0.423859 -0.047017 -0.592282 0.858260 0.659916 0.423844 -0.047017 -0.592282 0.860215 0.659916 0.423813 -0.047017 -0.592282 0.859238 
0.659916 0.423905 -0.047017 -0.592282 0.857283 0.659916 0.423874 -0.047017 -0.592282 0.860215 0.659916 0.423859 -0.047017 -0.592282 0.858260 0.659916 0.423844 -0.047017 -0.592282 0.860215 0.659916 0.423813 -0.047017 -0.592282 0.859238 0.659916 0.423797 -0.047017 -0.592282 0.860215 
0.659916 0.423874 -0.047017 -0.592282 0.860215 0.659916 0.423859 -0.047017 -0.592282 0.858260 0.659916 0.423844 -0.047017 -0.592282 0.860215 0.659916 0.423813 -0.047017 -0.592282 0.859238 0.659916 0.423797 -0.047017 -0.592282 0.860215 0.659941 0.423797 -0.047017 -0.592282 0.873900 
0.659916 0.423859 -0.047017 -0.592282 0.858260 0.659916 0.423844 -0.047017 -0.592282 0.860215 0.659916 0.423813 -0.047017 -0.592282 0.859238 0.659916 0.423797 -0.047017 -0.592282 0.860215 0.659941 0.423797 -0.047017 -0.592282 0.873900 0.659941 0.423782 -0.035286 -0.592776 0.855327 
0.659916 0.423844 -0.047017 -0.592282 0.860215 0.659916 0.423813 -0.047017 -0.592282 0.859238 0.659916 0.423797 -0.047017 -0.592282 0.860215 0.659941 0.423797 -0.047017 -0.592282 0.873900 0.659941 0.423782 -0.035286 -0.592776 0.855327 0.659916 0.423782 -0.035286 -0.592776 0.844575 
0.659916 0.423813 -0.047017 -0.592282 0.859238 0.659916 0.423797 -0.047017 -0.592282 0.860215 0.659941 0.423797 -0.047017 -0.592282 0.873900 0.659941 0.423782 -0.035286 -0.592776 0.855327 0.659916 0.423782 -0.035286 -0.592776 0.844575 0.659818 0.423782 -0.035286 -0.592776 0.842620 
0.659916 0.423797 -0.047017 -0.592282 0.860215 0.659941 0.423797 -0.047017 -0.592282 0.873900 0.659941 0.423782 -0.035286 -0.592776 0.855327 0.659916 0.423782 -0.035286 -0.592776 0.844575 0.659818 0.423782 -0.035286 -0.592776 0.842620 0.659769 0.423782 -0.035286 -0.592776 0.843597 
0.659941 0.423797 -0.047017 -0.592282 0.873900 0.659941 0.423782 -0.035286 -0.592776 0.855327 0.659916 0.423782 -0.035286 -0.592776 0.844575 0.659818 0.423782 -0.035286 -0.592776 0.842620 0.659769 0.423782 -0.035286 -0.592776 0.843597 0.659719 0.423782 -0.035286 -0.592776 0.843597 
0.659941 0.423782 -0.035286 -0.592776 0.855327 0.659916 0.423782 -0.035286 -0.592776 0.844575 0.659818 0.423782 -0.035286 -0.592776 0.842620 0.659769 0.423782 -0.035286 -0.592776 0.843597 0.659719 0.423782 -0.035286 -0.592776 0.843597 0.659646 0.423782 -0.035286 -0.592776 0.844575 
0.659916 0.423782 -0.035286 -0.592776 0.844575 0.659818 0.423782 -0.035286 -0.592776 0.842620 0.659769 0.423782 -0.035286 -0.592776 0.843597 0.659719 0.423782 -0.035286 -0.592776 0.843597 0.659646 0.423782 -0.035286 -0.592776 0.844575 0.659572 0.423828 -0.035286 -0.592776 0.844575 
0.659818 0.423782 -0.035286 -0.592776 0.842620 0.659769 0.423782 -0.035286 -0.592776 0.843597 0.659719 0.423782 -0.035286 -0.592776 0.843597 0.659646 0.423782 -0.035286 -0.592776 0.844575 0.659572 0.423828 -0.035286 -0.592776 0.844575 0.659523 0.423859 -0.035286 -0.592776 0.844575 
0.659769 0.423782 -0.035286 -0.592776 0.843597 0.659719 0.423782 -0.035286 -0.592776 0.843597 0.659646 0.423782 -0.035286 -0.592776 0.844575 0.659572 0.423828 -0.035286 -0.592776 0.844575 0.659523 0.423859 -0.035286 -0.592776 0.844575 0.659400 0.423905 -0.035286 -0.592776 0.844575 
0.659719 0.423782 -0.035286 -0.592776 0.843597 0.659646 0.423782 -0.035286 -0.592776 0.844575 0.659572 0.423828 -0.035286 -0.592776 0.844575 0.659523 0.423859 -0.035286 -0.592776 0.844575 0.659400 0.423905 -0.035286 -0.592776 0.844575 0.659277 0.423967 -0.035286 -0.592776 0.846530 
0.659646 0.423782 -0.035286 -0.592776 0.844575 0.659572 0.423828 -0.035286 -0.592776 0.844575 0.659523 0.423859 -0.035286 -0.592776 0.844575 0.659400 0.423905 -0.035286 -0.592776 0.844575 0.659277 0.423967 -0.035286 -0.592776 0.846530 0.659154 0.424043 -0.035286 -0.592776 0.844575 
0.659572 0.423828 -0.035286 -0.592776 0.844575 0.659523 0.423859 -0.035286 -0.592776 0.844575 0.659400 0.423905 -0.035286 -0.592776 0.844575 0.659277 0.423967 -0.035286 -0.592776 0.846530 0.659154 0.424043 -0.035286 -0.592776 0.844575 0.658957 0.424120 -0.035286 -0.592776 0.846530 
0.659523 0.423859 -0.035286 -0.592776 0.844575 0.659400 0.423905 -0.035286 -0.592776 0.844575 0.659277 0.423967 -0.035286 -0.592776 0.846530 0.659154 0.424043 -0.035286 -0.592776 0.844575 0.658957 0.424120 -0.035286 -0.592776 0.846530 0.658735 0.424228 -0.035286 -0.592776 0.844575 
0.659400 0.423905 -0.035286 -0.592776 0.844575 0.659277 0.423967 -0.035286 -0.592776 0.846530 0.659154 0.424043 -0.035286 -0.592776 0.844575 0.658957 0.424120 -0.035286 -0.592776 0.846530 0.658735 0.424228 -0.035286 -0.592776 0.844575 0.658465 0.424351 -0.035286 -0.592776 0.847507 
0.659277 0.423967 -0.035286 -0.592776 0.846530 0.659154 0.424043 -0.035286 -0.592776 0.844575 0.658957 0.424120 -0.035286 -0.592776 0.846530 0.658735 0.424228 -0.035286 -0.592776 0.844575 0.658465 0.424351 -0.035286 -0.592776 0.847507 0.658169 0.424474 -0.035286 -0.592776 0.851417 
0.659154 0.424043 -0.035286 -0.592776 0.844575 0.658957 0.424120 -0.035286 -0.592776 0.846530 0.658735 0.424228 -0.035286 -0.592776 0.844575 0.658465 0.424351 -0.035286 -0.592776 0.847507 0.658169 0.424474 -0.035286 -0.592776 0.851417 0.657800 0.424643 -0.035286 -0.592776 0.851417 
0.658957 0.424120 -0.035286 -0.592776 0.846530 0.658735 0.424228 -0.035286 -0.592776 0.844575 0.658465 0.424351 -0.035286 -0.592776 0.847507 0.658169 0.424474 -0.035286 -0.592776 0.851417 0.657800 0.424643 -0.035286 -0.592776 0.851417 0.657431 0.424812 -0.035286 -0.592776 0.853372 
0.658735 0.424228 -0.035286 -0.592776 0.844575 0.658465 0.424351 -0.035286 -0.592776 0.847507 0.658169 0.424474 -0.035286 -0.592776 0.851417 0.657800 0.424643 -0.035286 -0.592776 0.851417 0.657431 0.424812 -0.035286 -0.592776 0.853372 0.657037 0.425028 -0.035286 -0.592776 0.854350 
0.658465 0.424351 -0.035286 -0.592776 0.847507 0.658169 0.424474 -0.035286 -0.592776 0.851417 0.657800 0.424643 -0.035286 -0.592776 0.851417 0.657431 0.424812 -0.035286 -0.592776 0.853372 0.657037 0.425028 -0.035286 -0.592776 0.854350 0.656619 0.425243 -0.035286 -0.592776 0.854350 
0.658169 0.424474 -0.035286 -0.592776 0.851417 0.657800 0.424643 -0.035286 -0.592776 0.851417 0.657431 0.424812 -0.035286 -0.592776 0.853372 0.657037 0.425028 -0.035286 -0.592776 0.854350 0.656619 0.425243 -0.035286 -0.592776 0.854350 0.655266 0.426104 -0.033974 -0.575332 0.860215 
0.657800 0.424643 -0.035286 -0.592776 0.851417 0.657431 0.424812 -0.035286 -0.592776 0.853372 0.657037 0.425028 -0.035286 -0.592776 0.854350 0.656619 0.425243 -0.035286 -0.592776 0.854350 0.655266 0.426104 -0.033974 -0.575332 0.860215 0.656176 0.425504 -0.035286 -0.592776 0.858260 
0.657431 0.424812 -0.035286 -0.592776 0.853372 0.657037 0.425028 -0.035286 -0.592776 0.854350 0.656619 0.425243 -0.035286 -0.592776 0.854350 0.655266 0.426104 -0.033974 -0.575332 0.860215 0.656176 0.425504 -0.035286 -0.592776 0.858260 0.655733 0.425797 -0.033974 -0.575332 0.861193 
0.657037 0.425028 -0.035286 -0.592776 0.854350 0.656619 0.425243 -0.035286 -0.592776 0.854350 0.655266 0.426104 -0.033974 -0.575332 0.860215 0.656176 0.425504 -0.035286 -0.592776 0.858260 0.655733 0.425797 -0.033974 -0.575332 0.861193 0.654774 0.426443 -0.033974 -0.575332 0.863148 
0.656619 0.425243 -0.035286 -0.592776 0.854350 0.655266 0.426104 -0.033974 -0.575332 0.860215 0.656176 0.425504 -0.035286 -0.592776 0.858260 0.655733 0.425797 -0.033974 -0.575332 0.861193 0.654774 0.426443 -0.033974 -0.575332 0.863148 0.653912 0.427058 -0.033974 -0.575332 0.866080 
0.655266 0.426104 -0.033974 -0.575332 0.860215 0.656176 0.425504 -0.035286 -0.592776 0.858260 0.655733 0.425797 -0.033974 -0.575332 0.861193 0.654774 0.426443 -0.033974 -0.575332 0.863148 0.653912 0.427058 -0.033974 -0.575332 0.866080 0.654355 0.426750 -0.033974 -0.575332 0.863148 
0.656176 0.425504 -0.035286 -0.592776 0.858260 0.655733 0.425797 -0.033974 -0.575332 0.861193 0.654774 0.426443 -0.033974 -0.575332 0.863148 0.653912 0.427058 -0.033974 -0.575332 0.866080 0.654355 0.426750 -0.033974 -0.575332 0.863148 0.653494 0.427319 -0.033974 -0.575332 0.866080 
0.655733 0.425797 -0.033974 -0.575332 0.861193 0.654774 0.426443 -0.033974 -0.575332 0.863148 0.653912 0.427058 -0.033974 -0.575332 0.866080 0.654355 0.426750 -0.033974 -0.575332 0.863148 0.653494 0.427319 -0.033974 -0.575332 0.866080 0.653100 0.427581 -0.033974 -0.575332 0.869990 
0.654774 0.426443 -0.033974 -0.575332 0.863148 0.653912 0.427058 -0.033974 -0.575332 0.866080 0.654355 0.426750 -0.033974 -0.575332 0.863148 0.653494 0.427319 -0.033974 -0.575332 0.866080 0.653100 0.427581 -0.033974 -0.575332 0.869990 0.652707 0.427811 -0.033974 -0.575332 0.866080 
0.653912 0.427058 -0.033974 -0.575332 0.866080 0.654355 0.426750 -0.033974 -0.575332 0.863148 0.653494 0.427319 -0.033974 -0.575332 0.866080 0.653100 0.427581 -0.033974 -0.575332 0.869990 0.652707 0.427811 -0.033974 -0.575332 0.866080 0.652313 0.428027 -0.033974 -0.575332 0.865103 
0.654355 0.426750 -0.033974 -0.575332 0.863148 0.653494 0.427319 -0.033974 -0.575332 0.866080 0.653100 0.427581 -0.033974 -0.575332 0.869990 0.652707 0.427811 -0.033974 -0.575332 0.866080 0.652313 0.428027 -0.033974 -0.575332 0.865103 0.651919 0.428227 -0.033974 -0.575332 0.866080 
0.653494 0.427319 -0.033974 -0.575332 0.866080 0.653100 0.427581 -0.033974 -0.575332 0.869990 0.652707 0.427811 -0.033974 -0.575332 0.866080 0.652313 0.428027 -0.033974 -0.575332 0.865103 0.651919 0.428227 -0.033974 -0.575332 0.866080 0.651526 0.428457 -0.033974 -0.575332 0.867058 
0.653100 0.427581 -0.033974 -0.575332 0.869990 0.652707 0.427811 -0.033974 -0.575332 0.866080 0.652313 0.428027 -0.033974 -0.575332 0.865103 0.651919 0.428227 -0.033974 -0.575332 0.866080 0.651526 0.428457 -0.033974 -0.575332 0.867058 0.651107 0.428688 -0.033974 -0.575332 0.871945 
0.652707 0.427811 -0.033974 -0.575332 0.866080 0.652313 0.428027 -0.033974 -0.575332 0.865103 0.651919 0.428227 -0.033974 -0.575332 0.866080 0.651526 0.428457 -0.033974 -0.575332 0.867058 0.651107 0.428688 -0.033974 -0.575332 0.871945 0.650689 0.428934 -0.033974 -0.575332 0.874878 
0.652313 0.428027 -0.033974 -0.575332 0.865103 0.651919 0.428227 -0.033974 -0.575332 0.866080 0.651526 0.428457 -0.033974 -0.575332 0.867058 0.651107 0.428688 -0.033974 -0.575332 0.871945 0.650689 0.428934 -0.033974 -0.575332 0.874878 0.650221 0.429211 -0.033974 -0.575332 0.878788 
0.651919 0.428227 -0.033974 -0.575332 0.866080 0.651526 0.428457 -0.033974 -0.575332 0.867058 0.651107 0.428688 -0.033974 -0.575332 0.871945 0.650689 0.428934 -0.033974 -0.575332 0.874878 0.650221 0.429211 -0.033974 -0.575332 0.878788 0.649803 0.429488 -0.033974 -0.575332 0.877810 
0.651526 0.428457 -0.033974 -0.575332 0.867058 0.651107 0.428688 -0.033974 -0.575332 0.871945 0.650689 0.428934 -0.033974 -0.575332 0.874878 0.650221 0.429211 -0.033974 -0.575332 0.878788 0.649803 0.429488 -0.033974 -0.575332 0.877810 0.649360 0.429764 -0.032691 -0.557889 0.879765 
0.651107 0.428688 -0.033974 -0.575332 0.871945 0.650689 0.428934 -0.033974 -0.575332 0.874878 0.650221 0.429211 -0.033974 -0.575332 0.878788 0.649803 0.429488 -0.033974 -0.575332 0.877810 0.649360 0.429764 -0.032691 -0.557889 0.879765 0.648942 0.430041 -0.032691 -0.557889 0.876833 
0.650689 0.428934 -0.033974 -0.575332 0.874878 0.650221 0.429211 -0.033974 -0.575332 0.878788 0.649803 0.429488 -0.033974 -0.575332 0.877810 0.649360 0.429764 -0.032691 -0.557889 0.879765 0.648942 0.430041 -0.032691 -0.557889 0.876833 0.648524 0.430303 -0.032691 -0.557889 0.878788 
0.650221 0.429211 -0.033974 -0.575332 0.878788 0.649803 0.429488 -0.033974 -0.575332 0.877810 0.649360 0.429764 -0.032691 -0.557889 0.879765 0.648942 0.430041 -0.032691 -0.557889 0.876833 0.648524 0.430303 -0.032691 -0.557889 0.878788 0.648154 0.430564 -0.032691 -0.557889 0.876833 
0.649803 0.429488 -0.033974 -0.575332 0.877810 0.649360 0.429764 -0.032691 -0.557889 0.879765 0.648942 0.430041 -0.032691 -0.557889 0.876833 0.648524 0.430303 -0.032691 -0.557889 0.878788 0.648154 0.430564 -0.032691 -0.557889 0.876833 0.647785 0.430810 -0.032691 -0.557889 0.883675 
0.649360 0.429764 -0.032691 -0.557889 0.879765 0.648942 0.430041 -0.032691 -0.557889 0.876833 0.648524 0.430303 -0.032691 -0.557889 0.878788 0.648154 0.430564 -0.032691 -0.557889 0.876833 0.647785 0.430810 -0.032691 -0.557889 0.883675 0.647392 0.431056 -0.032691 -0.557889 0.884653 
0.648942 0.430041 -0.032691 -0.557889 0.876833 0.648524 0.430303 -0.032691 -0.557889 0.878788 0.648154 0.430564 -0.032691 -0.557889 0.876833 0.647785 0.430810 -0.032691 -0.557889 0.883675 0.647392 0.431056 -0.032691 -0.557889 0.884653 0.646998 0.431318 -0.032691 -0.557889 0.883675 
0.648524 0.430303 -0.032691 -0.557889 0.878788 0.648154 0.430564 -0.032691 -0.557889 0.876833 0.647785 0.430810 -0.032691 -0.557889 0.883675 0.647392 0.431056 -0.032691 -0.557889 0.884653 0.646998 0.431318 -0.032691 -0.557889 0.883675 0.646580 0.431564 -0.032691 -0.557889 0.882698 
0.648154 0.430564 -0.032691 -0.557889 0.876833 0.647785 0.430810 -0.032691 -0.557889 0.883675 0.647392 0.431056 -0.032691 -0.557889 0.884653 0.646998 0.431318 -0.032691 -0.557889 0.883675 0.646580 0.431564 -0.032691 -0.557889 0.882698 0.646161 0.431810 -0.032691 -0.557889 0.881720 
0.647785 0.430810 -0.032691 -0.557889 0.883675 0.647392 0.431056 -0.032691 -0.557889 0.884653 0.646998 0.431318 -0.032691 -0.557889 0.883675 0.646580 0.431564 -0.032691 -0.557889 0.882698 0.646161 0.431810 -0.032691 -0.557889 0.881720 0.645768 0.432071 -0.032691 -0.557889 0.884653 
0.647392 0.431056 -0.032691 -0.557889 0.884653 0.646998 0.431318 -0.032691 -0.557889 0.883675 0.646580 0.431564 -0.032691 -0.557889 0.882698 0.646161 0.431810 -0.032691 -0.557889 0.881720 0.645768 0.432071 -0.032691 -0.557889 0.884653 0.645399 0.432333 -0.032691 -0.557889 0.885630 
0.646998 0.431318 -0.032691 -0.557889 0.883675 0.646580 0.431564 -0.032691 -0.557889 0.882698 0.646161 0.431810 -0.032691 -0.557889 0.881720 0.645768 0.432071 -0.032691 -0.557889 0.884653 0.645399 0.432333 -0.032691 -0.557889 0.885630 0.644980 0.432594 -0.032691 -0.557889 0.884653 
0.646580 0.431564 -0.032691 -0.557889 0.882698 0.646161 0.431810 -0.032691 -0.557889 0.881720 0.645768 0.432071 -0.032691 -0.557889 0.884653 0.645399 0.432333 -0.032691 -0.557889 0.885630 0.644980 0.432594 -0.032691 -0.557889 0.884653 0.644562 0.432856 -0.032691 -0.557889 0.883675 
0.646161 0.431810 -0.032691 -0.557889 0.881720 0.645768 0.432071 -0.032691 -0.557889 0.884653 0.645399 0.432333 -0.032691 -0.557889 0.885630 0.644980 0.432594 -0.032691 -0.557889 0.884653 0.644562 0.432856 -0.032691 -0.557889 0.883675 0.644168 0.433132 -0.032691 -0.557889 0.883675 
0.645768 0.432071 -0.032691 -0.557889 0.884653 0.645399 0.432333 -0.032691 -0.557889 0.885630 0.644980 0.432594 -0.032691 -0.557889 0.884653 0.644562 0.432856 -0.032691 -0.557889 0.883675 0.644168 0.433132 -0.032691 -0.557889 0.883675 0.643775 0.433425 -0.032691 -0.557889 0.885630 
0.645399 0.432333 -0.032691 -0.557889 0.885630 0.644980 0.432594 -0.032691 -0.557889 0.884653 0.644562 0.432856 -0.032691 -0.557889 0.883675 0.644168 0.433132 -0.032691 -0.557889 0.883675 0.643775 0.433425 -0.032691 -0.557889 0.885630 0.643356 0.433732 -0.032691 -0.557889 0.884653 
0.644980 0.432594 -0.032691 -0.557889 0.884653 0.644562 0.432856 -0.032691 -0.557889 0.883675 0.644168 0.433132 -0.032691 -0.557889 0.883675 0.643775 0.433425 -0.032691 -0.557889 0.885630 0.643356 0.433732 -0.032691 -0.557889 0.884653 0.642963 0.434040 -0.032691 -0.557889 0.884653 
0.644562 0.432856 -0.032691 -0.557889 0.883675 0.644168 0.433132 -0.032691 -0.557889 0.883675 0.643775 0.433425 -0.032691 -0.557889 0.885630 0.643356 0.433732 -0.032691 -0.557889 0.884653 0.642963 0.434040 -0.032691 -0.557889 0.884653 0.642569 0.434347 -0.032691 -0.557889 0.885630 
0.644168 0.433132 -0.032691 -0.557889 0.883675 0.643775 0.433425 -0.032691 -0.557889 0.885630 0.643356 0.433732 -0.032691 -0.557889 0.884653 0.642963 0.434040 -0.032691 -0.557889 0.884653 0.642569 0.434347 -0.032691 -0.557889 0.885630 0.642151 0.434639 -0.032691 -0.557889 0.887586 
0.643775 0.433425 -0.032691 -0.557889 0.885630 0.643356 0.433732 -0.032691 -0.557889 0.884653 0.642963 0.434040 -0.032691 -0.557889 0.884653 0.642569 0.434347 -0.032691 -0.557889 0.885630 0.642151 0.434639 -0.032691 -0.557889 0.887586 0.641782 0.434901 -0.032691 -0.557889 0.890518 
0.643356 0.433732 -0.032691 -0.557889 0.884653 0.642963 0.434040 -0.032691 -0.557889 0.884653 0.642569 0.434347 -0.032691 -0.557889 0.885630 0.642151 0.434639 -0.032691 -0.557889 0.887586 0.641782 0.434901 -0.032691 -0.557889 0.890518 0.641412 0.435147 -0.032691 -0.557889 0.891496 
0.642963 0.434040 -0.032691 -0.557889 0.884653 0.642569 0.434347 -0.032691 -0.557889 0.885630 0.642151 0.434639 -0.032691 -0.557889 0.887586 0.641782 0.434901 -0.032691 -0.557889 0.890518 0.641412 0.435147 -0.032691 -0.557889 0.891496 0.641019 0.435362 -0.021804 -0.558232 0.892473 
0.642569 0.434347 -0.032691 -0.557889 0.885630 0.642151 0.434639 -0.032691 -0.557889 0.887586 0.641782 0.434901 -0.032691 -0.557889 0.890518 0.641412 0.435147 -0.032691 -0.557889 0.891496 0.641019 0.435362 -0.021804 -0.558232 0.892473 0.640650 0.435578 -0.021804 -0.558232 0.891496 
0.642151 0.434639 -0.032691 -0.557889 0.887586 0.641782 0.434901 -0.032691 -0.557889 0.890518 0.641412 0.435147 -0.032691 -0.557889 0.891496 0.641019 0.435362 -0.021804 -0.558232 0.892473 0.640650 0.435578 -0.021804 -0.558232 0.891496 0.640305 0.435762 -0.021804 -0.558232 0.889541 
0.641782 0.434901 -0.032691 -0.557889 0.890518 0.641412 0.435147 -0.032691 -0.557889 0.891496 0.641019 0.435362 -0.021804 -0.558232 0.892473 0.640650 0.435578 -0.021804 -0.558232 0.891496 0.640305 0.435762 -0.021804 -0.558232 0.889541 0.639961 0.435962 -0.021804 -0.558232 0.892473 
0.641412 0.435147 -0.032691 -0.557889 0.891496 0.641019 0.435362 -0.021804 -0.558232 0.892473 0.640650 0.435578 -0.021804 -0.558232 0.891496 0.640305 0.435762 -0.021804 -0.558232 0.889541 0.639961 0.435962 -0.021804 -0.558232 0.892473 0.639592 0.436162 -0.021804 -0.558232 0.898338 
0.641019 0.435362 -0.021804 -0.558232 0.892473 0.640650 0.435578 -0.021804 -0.558232 0.891496 0.640305 0.435762 -0.021804 -0.558232 0.889541 0.639961 0.435962 -0.021804 -0.558232 0.892473 0.639592 0.436162 -0.021804 -0.558232 0.898338 0.639198 0.436377 -0.021804 -0.558232 0.897361 
0.640650 0.435578 -0.021804 -0.558232 0.891496 0.640305 0.435762 -0.021804 -0.558232 0.889541 0.639961 0.435962 -0.021804 -0.558232 0.892473 0.639592 0.436162 -0.021804 -0.558232 0.898338 0.639198 0.436377 -0.021804 -0.558232 0.897361 0.638780 0.436639 -0.021804 -0.558232 0.896383 
0.640305 0.435762 -0.021804 -0.558232 0.889541 0.639961 0.435962 -0.021804 -0.558232 0.892473 0.639592 0.436162 -0.021804 -0.558232 0.898338 0.639198 0.436377 -0.021804 -0.558232 0.897361 0.638780 0.436639 -0.021804 -0.558232 0.896383 0.638361 0.436916 -0.021804 -0.558232 0.897361 
0.639961 0.435962 -0.021804 -0.558232 0.892473 0.639592 0.436162 -0.021804 -0.558232 0.898338 0.639198 0.436377 -0.021804 -0.558232 0.897361 0.638780 0.436639 -0.021804 -0.558232 0.896383 0.638361 0.436916 -0.021804 -0.558232 0.897361 0.637894 0.437223 -0.021804 -0.558232 0.897361 
0.639592 0.436162 -0.021804 -0.558232 0.898338 0.639198 0.436377 -0.021804 -0.558232 0.897361 0.638780 0.436639 -0.021804 -0.558232 0.896383 0.638361 0.436916 -0.021804 -0.558232 0.897361 0.637894 0.437223 -0.021804 -0.558232 0.897361 0.637402 0.437515 0.000000 -0.558505 0.898338 
0.639198 0.436377 -0.021804 -0.558232 0.897361 0.638780 0.436639 -0.021804 -0.558232 0.896383 0.638361 0.436916 -0.021804 -0.558232 0.897361 0.637894 0.437223 -0.021804 -0.558232 0.897361 0.637402 0.437515 0.000000 -0.558505 0.898338 0.636885 0.437838 0.000000 -0.558505 0.898338 
0.638780 0.436639 -0.021804 -0.558232 0.896383 0.638361 0.436916 -0.021804 -0.558232 0.897361 0.637894 0.437223 -0.021804 -0.558232 0.897361 0.637402 0.437515 0.000000 -0.558505 0.898338 0.636885 0.437838 0.000000 -0.558505 0.898338 0.636343 0.438161 0.000000 -0.558505 0.895406 
0.638361 0.436916 -0.021804 -0.558232 0.897361 0.637894 0.437223 -0.021804 -0.558232 0.897361 0.637402 0.437515 0.000000 -0.558505 0.898338 0.636885 0.437838 0.000000 -0.558505 0.898338 0.636343 0.438161 0.000000 -0.558505 0.895406 0.635851 0.438453 0.000000 -0.558505 0.898338 
0.637894 0.437223 -0.021804 -0.558232 0.897361 0.637402 0.437515 0.000000 -0.558505 0.898338 0.636885 0.437838 0.000000 -0.558505 0.898338 0.636343 0.438161 0.000000 -0.558505 0.895406 0.635851 0.438453 0.000000 -0.558505 0.898338 0.635359 0.438761 0.000000 -0.541052 0.896383 
0.637402 0.437515 0.000000 -0.558505 0.898338 0.636885 0.437838 0.000000 -0.558505 0.898338 0.636343 0.438161 0.000000 -0.558505 0.895406 0.635851 0.438453 0.000000 -0.558505 0.898338 0.635359 0.438761 0.000000 -0.541052 0.896383 0.634843 0.439023 0.000000 -0.541052 0.896383 
0.636885 0.437838 0.000000 -0.558505 0.898338 0.636343 0.438161 0.000000 -0.558505 0.895406 0.635851 0.438453 0.000000 -0.558505 0.898338 0.635359 0.438761 0.000000 -0.541052 0.896383 0.634843 0.439023 0.000000 -0.541052 0.896383 0.634375 0.439253 0.000000 -0.541052 0.900293 
0.636343 0.438161 0.000000 -0.558505 0.895406 0.635851 0.438453 0.000000 -0.558505 0.898338 0.635359 0.438761 0.000000 -0.541052 0.896383 0.634843 0.439023 0.000000 -0.541052 0.896383 0.634375 0.439253 0.000000 -0.541052 0.900293 0.633907 0.439484 0.000000 -0.541052 0.894428 
0.635851 0.438453 0.000000 -0.558505 0.898338 0.635359 0.438761 0.000000 -0.541052 0.896383 0.634843 0.439023 0.000000 -0.541052 0.896383 0.634375 0.439253 0.000000 -0.541052 0.900293 0.633907 0.439484 0.000000 -0.541052 0.894428 0.633465 0.439684 0.000000 -0.541052 0.891496 
0.635359 0.438761 0.000000 -0.541052 0.896383 0.634843 0.439023 0.000000 -0.541052 0.896383 0.634375 0.439253 0.000000 -0.541052 0.900293 0.633907 0.439484 0.000000 -0.541052 0.894428 0.633465 0.439684 0.000000 -0.541052 0.891496 0.633046 0.439899 0.000000 -0.541052 0.894428 
0.634843 0.439023 0.000000 -0.541052 0.896383 0.634375 0.439253 0.000000 -0.541052 0.900293 0.633907 0.439484 0.000000 -0.541052 0.894428 0.633465 0.439684 0.000000 -0.541052 0.891496 0.633046 0.439899 0.000000 -0.541052 0.894428 0.631865 0.440499 0.000000 -0.523599 0.897361 
0.634375 0.439253 0.000000 -0.541052 0.900293 0.633907 0.439484 0.000000 -0.541052 0.894428 0.633465 0.439684 0.000000 -0.541052 0.891496 0.633046 0.439899 0.000000 -0.541052 0.894428 0.631865 0.440499 0.000000 -0.523599 0.897361 0.632653 0.440099 0.000000 -0.541052 0.896383 
0.633907 0.439484 0.000000 -0.541052 0.894428 0.633465 0.439684 0.000000 -0.541052 0.891496 0.633046 0.439899 0.000000 -0.541052 0.894428 0.631865 0.440499 0.000000 -0.523599 0.897361 0.632653 0.440099 0.000000 -0.541052 0.896383 0.632234 0.440299 0.000000 -0.541052 0.897361 
0.633465 0.439684 0.000000 -0.541052 0.891496 0.633046 0.439899 0.000000 -0.541052 0.894428 0.631865 0.440499 0.000000 -0.523599 0.897361 0.632653 0.440099 0.000000 -0.541052 0.896383 0.632234 0.440299 0.000000 -0.541052 0.897361 0.631471 0.440730 0.000000 -0.523599 0.897361 
0.633046 0.439899 0.000000 -0.541052 0.894428 0.631865 0.440499 0.000000 -0.523599 0.897361 0.632653 0.440099 0.000000 -0.541052 0.896383 0.632234 0.440299 0.000000 -0.541052 0.897361 0.631471 0.440730 0.000000 -0.523599 0.897361 0.631102 0.440960 0.000000 -0.523599 0.898338 
0.631865 0.440499 0.000000 -0.523599 0.897361 0.632653 0.440099 0.000000 -0.541052 0.896383 0.632234 0.440299 0.000000 -0.541052 0.897361 0.631471 0.440730 0.000000 -0.523599 0.897361 0.631102 0.440960 0.000000 -0.523599 0.898338 0.630733 0.441191 0.000000 -0.523599 0.895406 
0.632653 0.440099 0.000000 -0.541052 0.896383 0.632234 0.440299 0.000000 -0.541052 0.897361 0.631471 0.440730 0.000000 -0.523599 0.897361 0.631102 0.440960 0.000000 -0.523599 0.898338 0.630733 0.441191 0.000000 -0.523599 0.895406 0.630389 0.441422 0.000000 -0.523599 0.897361 
0.632234 0.440299 0.000000 -0.541052 0.897361 0.631471 0.440730 0.000000 -0.523599 0.897361 0.631102 0.440960 0.000000 -0.523599 0.898338 0.630733 0.441191 0.000000 -0.523599 0.895406 0.630389 0.441422 0.000000 -0.523599 0.897361 0.629724 0.441821 0.000000 -0.523599 0.898338 
0.631471 0.440730 0.000000 -0.523599 0.897361 0.631102 0.440960 0.000000 -0.523599 0.898338 0.630733 0.441191 0.000000 -0.523599 0.895406 0.630389 0.441422 0.000000 -0.523599 0.897361 0.629724 0.441821 0.000000 -0.523599 0.898338 0.630044 0.441622 0.000000 -0.523599 0.895406 
0.631102 0.440960 0.000000 -0.523599 0.898338 0.630733 0.441191 0.000000 -0.523599 0.895406 0.630389 0.441422 0.000000 -0.523599 0.897361 0.629724 0.441821 0.000000 -0.523599 0.898338 0.630044 0.441622 0.000000 -0.523599 0.895406 0.629405 0.442021 0.000000 -0.523599 0.895406 
0.630733 0.441191 0.000000 -0.523599 0.895406 0.630389 0.441422 0.000000 -0.523599 0.897361 0.629724 0.441821 0.000000 -0.523599 0.898338 0.630044 0.441622 0.000000 -0.523599 0.895406 0.629405 0.442021 0.000000 -0.523599 0.895406 0.629060 0.442221 0.000000 -0.523599 0.895406 
0.630389 0.441422 0.000000 -0.523599 0.897361 0.629724 0.441821 0.000000 -0.523599 0.898338 0.630044 0.441622 0.000000 -0.523599 0.895406 0.629405 0.442021 0.000000 -0.523599 0.895406 0.629060 0.442221 0.000000 -0.523599 0.895406 0.628716 0.442437 0.000000 -0.523599 0.893451 
0.629724 0.441821 0.000000 -0.523599 0.898338 0.630044 0.441622 0.000000 -0.523599 0.895406 0.629405 0.442021 0.000000 -0.523599 0.895406 0.629060 0.442221 0.000000 -0.523599 0.895406 0.628716 0.442437 0.000000 -0.523599 0.893451 0.628346 0.442652 0.000000 -0.523599 0.892473 
0.630044 0.441622 0.000000 -0.523599 0.895406 0.629405 0.442021 0.000000 -0.523599 0.895406 0.629060 0.442221 0.000000 -0.523599 0.895406 0.628716 0.442437 0.000000 -0.523599 0.893451 0.628346 0.442652 0.000000 -0.523599 0.892473 0.627977 0.442898 0.000000 -0.523599 0.893451 
0.629405 0.442021 0.000000 -0.523599 0.895406 0.629060 0.442221 0.000000 -0.523599 0.895406 0.628716 0.442437 0.000000 -0.523599 0.893451 0.628346 0.442652 0.000000 -0.523599 0.892473 0.627977 0.442898 0.000000 -0.523599 0.893451 0.627559 0.443159 0.000000 -0.523599 0.893451 
0.629060 0.442221 0.000000 -0.523599 0.895406 0.628716 0.442437 0.000000 -0.523599 0.893451 0.628346 0.442652 0.000000 -0.523599 0.892473 0.627977 0.442898 0.000000 -0.523599 0.893451 0.627559 0.443159 0.000000 -0.523599 0.893451 0.627116 0.443452 0.000000 -0.523599 0.893451 
0.628716 0.442437 0.000000 -0.523599 0.893451 0.628346 0.442652 0.000000 -0.523599 0.892473 0.627977 0.442898 0.000000 -0.523599 0.893451 0.627559 0.443159 0.000000 -0.523599 0.893451 0.627116 0.443452 0.000000 -0.523599 0.893451 0.626673 0.443744 0.000000 -0.523599 0.890518 
0.628346 0.442652 0.000000 -0.523599 0.892473 0.627977 0.442898 0.000000 -0.523599 0.893451 0.627559 0.443159 0.000000 -0.523599 0.893451 0.627116 0.443452 0.000000 -0.523599 0.893451 0.626673 0.443744 0.000000 -0.523599 0.890518 0.626206 0.444067 0.000000 -0.523599 0.892473 
0.627977 0.442898 0.000000 -0.523599 0.893451 0.627559 0.443159 0.000000 -0.523599 0.893451 0.627116 0.443452 0.000000 -0.523599 0.893451 0.626673 0.443744 0.000000 -0.523599 0.890518 0.626206 0.444067 0.000000 -0.523599 0.892473 0.625714 0.444390 0.000000 -0.523599 0.891496 
0.627559 0.443159 0.000000 -0.523599 0.893451 0.627116 0.443452 0.000000 -0.523599 0.893451 0.626673 0.443744 0.000000 -0.523599 0.890518 0.626206 0.444067 0.000000 -0.523599 0.892473 0.625714 0.444390 0.000000 -0.523599 0.891496 0.625221 0.444713 0.000000 -0.523599 0.894428 
0.622416 0.459738 -0.037073 -0.487682 0.000000 0.622318 0.464121 -0.035199 -0.382650 0.000000 0.623130 0.466720 -0.033950 -0.312548 0.000000 0.624016 0.469457 -0.034686 -0.242060 0.000000 0.624434 0.472287 -0.033632 -0.171389 0.000000 0.625148 0.475163 -0.017087 -0.120996 0.000000 
0.622318 0.464121 -0.035199 -0.382650 0.000000 0.623130 0.466720 -0.033950 -0.312548 0.000000 0.624016 0.469457 -0.034686 -0.242060 0.000000 0.624434 0.472287 -0.033632 -0.171389 0.000000 0.625148 0.475163 -0.017087 -0.120996 0.000000 0.625148 0.478116 -0.016915 -0.067746 0.000000 
0.618159 0.430749 0.000000 -0.820305 0.000000 0.619833 0.431056 0.000000 -0.820305 0.000000 0.621408 0.431118 0.000000 -0.820305 0.000000 0.622884 0.431118 0.000000 -0.802851 0.000000 0.624286 0.430841 0.000000 -0.802851 0.000000 0.625615 0.430456 0.000000 -0.785398 0.000000 
0.619833 0.431056 0.000000 -0.820305 0.000000 0.621408 0.431118 0.000000 -0.820305 0.000000 0.622884 0.431118 0.000000 -0.802851 0.000000 0.624286 0.430841 0.000000 -0.802851 0.000000 0.625615 0.430456 0.000000 -0.785398 0.000000 0.626845 0.430057 0.000000 -0.767945 0.000000 
0.621408 0.431118 0.000000 -0.820305 0.000000 0.622884 0.431118 0.000000 -0.802851 0.000000 0.624286 0.430841 0.000000 -0.802851 0.000000 0.625615 0.430456 0.000000 -0.785398 0.000000 0.626845 0.430057 0.000000 -0.767945 0.000000 0.630167 0.428919 0.000000 -0.715585 0.000000 
0.622884 0.431118 0.000000 -0.802851 0.000000 0.624286 0.430841 0.000000 -0.802851 0.000000 0.625615 0.430456 0.000000 -0.785398 0.000000 0.626845 0.430057 0.000000 -0.767945 0.000000 0.630167 0.428919 0.000000 -0.715585 0.000000 0.628002 0.429657 0.000000 -0.750492 0.000000 
0.624286 0.430841 0.000000 -0.802851 0.000000 0.625615 0.430456 0.000000 -0.785398 0.000000 0.626845 0.430057 0.000000 -0.767945 0.000000 0.630167 0.428919 0.000000 -0.715585 0.000000 0.628002 0.429657 0.000000 -0.750492 0.000000 0.629109 0.429272 0.000000 -0.733038 0.000000 
0.625615 0.430456 0.000000 -0.785398 0.000000 0.626845 0.430057 0.000000 -0.767945 0.000000 0.630167 0.428919 0.000000 -0.715585 0.000000 0.628002 0.429657 0.000000 -0.750492 0.000000 0.629109 0.429272 0.000000 -0.733038 0.000000 0.631152 0.428611 0.000000 -0.698132 0.000000 
0.626845 0.430057 0.000000 -0.767945 0.000000 0.630167 0.428919 0.000000 -0.715585 0.000000 0.628002 0.429657 0.000000 -0.750492 0.000000 0.629109 0.429272 0.000000 -0.733038 0.000000 0.631152 0.428611 0.000000 -0.698132 0.000000 0.632923 0.428042 0.000000 -0.680678 0.000000 
0.630167 0.428919 0.000000 -0.715585 0.000000 0.628002 0.429657 0.000000 -0.750492 0.000000 0.629109 0.429272 0.000000 -0.733038 0.000000 0.631152 0.428611 0.000000 -0.698132 0.000000 0.632923 0.428042 0.000000 -0.680678 0.000000 0.632087 0.428319 0.000000 -0.698132 0.000000 
0.628002 0.429657 0.000000 -0.750492 0.000000 0.629109 0.429272 0.000000 -0.733038 0.000000 0.631152 0.428611 0.000000 -0.698132 0.000000 0.632923 0.428042 0.000000 -0.680678 0.000000 0.632087 0.428319 0.000000 -0.698132 0.000000 0.633735 0.427765 -0.014132 -0.680604 0.000000 
0.629109 0.429272 0.000000 -0.733038 0.000000 0.631152 0.428611 0.000000 -0.698132 0.000000 0.632923 0.428042 0.000000 -0.680678 0.000000 0.632087 0.428319 0.000000 -0.698132 0.000000 0.633735 0.427765 -0.014132 -0.680604 0.000000 0.634498 0.427473 -0.013634 -0.663151 0.000000 
0.631152 0.428611 0.000000 -0.698132 0.000000 0.632923 0.428042 0.000000 -0.680678 0.000000 0.632087 0.428319 0.000000 -0.698132 0.000000 0.633735 0.427765 -0.014132 -0.680604 0.000000 0.634498 0.427473 -0.013634 -0.663151 0.000000 0.635261 0.427196 -0.013634 -0.663151 0.000000 
0.632923 0.428042 0.000000 -0.680678 0.000000 0.632087 0.428319 0.000000 -0.698132 0.000000 0.633735 0.427765 -0.014132 -0.680604 0.000000 0.634498 0.427473 -0.013634 -0.663151 0.000000 0.635261 0.427196 -0.013634 -0.663151 0.000000 0.635999 0.426919 -0.013634 -0.663151 0.000000 
0.632087 0.428319 0.000000 -0.698132 0.000000 0.633735 0.427765 -0.014132 -0.680604 0.000000 0.634498 0.427473 -0.013634 -0.663151 0.000000 0.635261 0.427196 -0.013634 -0.663151 0.000000 0.635999 0.426919 -0.013634 -0.663151 0.000000 0.636786 0.426673 -0.013634 -0.663151 0.000000 
0.633735 0.427765 -0.014132 -0.680604 0.000000 0.634498 0.427473 -0.013634 -0.663151 0.000000 0.635261 0.427196 -0.013634 -0.663151 0.000000 0.635999 0.426919 -0.013634 -0.663151 0.000000 0.636786 0.426673 -0.013634 -0.663151 0.000000 0.637623 0.426566 -0.013634 -0.663151 0.000000 
0.634498 0.427473 -0.013634 -0.663151 0.000000 0.635261 0.427196 -0.013634 -0.663151 0.000000 0.635999 0.426919 -0.013634 -0.663151 0.000000 0.636786 0.426673 -0.013634 -0.663151 0.000000 0.637623 0.426566 -0.013634 -0.663151 0.000000 0.638509 0.426196 -0.013634 -0.663151 0.000000 
0.635261 0.427196 -0.013634 -0.663151 0.000000 0.635999 0.426919 -0.013634 -0.663151 0.000000 0.636786 0.426673 -0.013634 -0.663151 0.000000 0.637623 0.426566 -0.013634 -0.663151 0.000000 0.638509 0.426196 -0.013634 -0.663151 0.000000 0.639468 0.425966 -0.013634 -0.663151 0.000000 
0.635999 0.426919 -0.013634 -0.663151 0.000000 0.636786 0.426673 -0.013634 -0.663151 0.000000 0.637623 0.426566 -0.013634 -0.663151 0.000000 0.638509 0.426196 -0.013634 -0.663151 0.000000 0.639468 0.425966 -0.013634 -0.663151 0.000000 0.640428 0.425735 -0.014132 -0.680604 0.000000 
0.636786 0.426673 -0.013634 -0.663151 0.000000 0.637623 0.426566 -0.013634 -0.663151 0.000000 0.638509 0.426196 -0.013634 -0.663151 0.000000 0.639468 0.425966 -0.013634 -0.663151 0.000000 0.640428 0.425735 -0.014132 -0.680604 0.000000 0.641437 0.425551 -0.014132 -0.680604 0.000000 
0.637623 0.426566 -0.013634 -0.663151 0.000000 0.638509 0.426196 -0.013634 -0.663151 0.000000 0.639468 0.425966 -0.013634 -0.663151 0.000000 0.640428 0.425735 -0.014132 -0.680604 0.000000 0.641437 0.425551 -0.014132 -0.680604 0.000000 0.642421 0.425474 -0.014132 -0.680604 0.000000 
0.638509 0.426196 -0.013634 -0.663151 0.000000 0.639468 0.425966 -0.013634 -0.663151 0.000000 0.640428 0.425735 -0.014132 -0.680604 0.000000 0.641437 0.425551 -0.014132 -0.680604 0.000000 0.642421 0.425474 -0.014132 -0.680604 0.000000 0.643455 0.425428 -0.014132 -0.680604 0.000000 
0.639468 0.425966 -0.013634 -0.663151 0.000000 0.640428 0.425735 -0.014132 -0.680604 0.000000 0.641437 0.425551 -0.014132 -0.680604 0.000000 0.642421 0.425474 -0.014132 -0.680604 0.000000 0.643455 0.425428 -0.014132 -0.680604 0.000000 0.644464 0.425397 -0.014643 -0.698057 0.000000 
0.640428 0.425735 -0.014132 -0.680604 0.000000 0.641437 0.425551 -0.014132 -0.680604 0.000000 0.642421 0.425474 -0.014132 -0.680604 0.000000 0.643455 0.425428 -0.014132 -0.680604 0.000000 0.644464 0.425397 -0.014643 -0.698057 0.000000 0.645399 0.425289 -0.014643 -0.698057 0.000000 
0.641437 0.425551 -0.014132 -0.680604 0.000000 0.642421 0.425474 -0.014132 -0.680604 0.000000 0.643455 0.425428 -0.014132 -0.680604 0.000000 0.644464 0.425397 -0.014643 -0.698057 0.000000 0.645399 0.425289 -0.014643 -0.698057 0.000000 0.646284 0.425212 -0.014643 -0.698057 0.000000 
0.642421 0.425474 -0.014132 -0.680604 0.000000 0.643455 0.425428 -0.014132 -0.680604 0.000000 0.644464 0.425397 -0.014643 -0.698057 0.000000 0.645399 0.425289 -0.014643 -0.698057 0.000000 0.646284 0.425212 -0.014643 -0.698057 0.000000 0.647146 0.425120 -0.014643 -0.698057 0.000000 
0.643455 0.425428 -0.014132 -0.680604 0.000000 0.644464 0.425397 -0.014643 -0.698057 0.000000 0.645399 0.425289 -0.014643 -0.698057 0.000000 0.646284 0.425212 -0.014643 -0.698057 0.000000 0.647146 0.425120 -0.014643 -0.698057 0.000000 0.647933 0.425058 -0.014643 -0.698057 0.000000 
0.644464 0.425397 -0.014643 -0.698057 0.000000 0.645399 0.425289 -0.014643 -0.698057 0.000000 0.646284 0.425212 -0.014643 -0.698057 0.000000 0.647146 0.425120 -0.014643 -0.698057 0.000000 0.647933 0.425058 -0.014643 -0.698057 0.000000 0.648696 0.425028 -0.014643 -0.698057 0.000000 
0.645399 0.425289 -0.014643 -0.698057 0.000000 0.646284 0.425212 -0.014643 -0.698057 0.000000 0.647146 0.425120 -0.014643 -0.698057 0.000000 0.647933 0.425058 -0.014643 -0.698057 0.000000 0.648696 0.425028 -0.014643 -0.698057 0.000000 0.649385 0.425028 -0.015170 -0.715510 0.000000 
0.646284 0.425212 -0.014643 -0.698057 0.000000 0.647146 0.425120 -0.014643 -0.698057 0.000000 0.647933 0.425058 -0.014643 -0.698057 0.000000 0.648696 0.425028 -0.014643 -0.698057 0.000000 0.649385 0.425028 -0.015170 -0.715510 0.000000 0.650025 0.425028 -0.015170 -0.715510 0.000000 
0.647146 0.425120 -0.014643 -0.698057 0.000000 0.647933 0.425058 -0.014643 -0.698057 0.000000 0.648696 0.425028 -0.014643 -0.698057 0.000000 0.649385 0.425028 -0.015170 -0.715510 0.000000 0.650025 0.425028 -0.015170 -0.715510 0.000000 0.650640 0.425028 -0.015170 -0.715510 0.000000 
0.647933 0.425058 -0.014643 -0.698057 0.000000 0.648696 0.425028 -0.014643 -0.698057 0.000000 0.649385 0.425028 -0.015170 -0.715510 0.000000 0.650025 0.425028 -0.015170 -0.715510 0.000000 0.650640 0.425028 -0.015170 -0.715510 0.000000 0.651230 0.425028 -0.015170 -0.715510 0.000000 
0.648696 0.425028 -0.014643 -0.698057 0.000000 0.649385 0.425028 -0.015170 -0.715510 0.000000 0.650025 0.425028 -0.015170 -0.715510 0.000000 0.650640 0.425028 -0.015170 -0.715510 0.000000 0.651230 0.425028 -0.015170 -0.715510 0.000000 0.651796 0.425028 -0.015170 -0.715510 0.000000 
0.649385 0.425028 -0.015170 -0.715510 0.000000 0.650025 0.425028 -0.015170 -0.715510 0.000000 0.650640 0.425028 -0.015170 -0.715510 0.000000 0.651230 0.425028 -0.015170 -0.715510 0.000000 0.651796 0.425028 -0.015170 -0.715510 0.000000 0.652338 0.425028 -0.015713 -0.732963 0.000000 
0.650025 0.425028 -0.015170 -0.715510 0.000000 0.650640 0.425028 -0.015170 -0.715510 0.000000 0.651230 0.425028 -0.015170 -0.715510 0.000000 0.651796 0.425028 -0.015170 -0.715510 0.000000 0.652338 0.425028 -0.015713 -0.732963 0.000000 0.654331 0.425028 -0.016273 -0.750416 0.000000 
0.650640 0.425028 -0.015170 -0.715510 0.000000 0.651230 0.425028 -0.015170 -0.715510 0.000000 0.651796 0.425028 -0.015170 -0.715510 0.000000 0.652338 0.425028 -0.015713 -0.732963 0.000000 0.654331 0.425028 -0.016273 -0.750416 0.000000 0.652879 0.425028 -0.015713 -0.732963 0.000000 
0.651230 0.425028 -0.015170 -0.715510 0.000000 0.651796 0.425028 -0.015170 -0.715510 0.000000 0.652338 0.425028 -0.015713 -0.732963 0.000000 0.654331 0.425028 -0.016273 -0.750416 0.000000 0.652879 0.425028 -0.015713 -0.732963 0.000000 0.653396 0.425028 -0.015713 -0.732963 0.000000 
0.651796 0.425028 -0.015170 -0.715510 0.000000 0.652338 0.425028 -0.015713 -0.732963 0.000000 0.654331 0.425028 -0.016273 -0.750416 0.000000 0.652879 0.425028 -0.015713 -0.732963 0.000000 0.653396 0.425028 -0.015713 -0.732963 0.000000 0.653888 0.425028 -0.016273 -0.750416 0.000000 
0.652338 0.425028 -0.015713 -0.732963 0.000000 0.654331 0.425028 -0.016273 -0.750416 0.000000 0.652879 0.425028 -0.015713 -0.732963 0.000000 0.653396 0.425028 -0.015713 -0.732963 0.000000 0.653888 0.425028 -0.016273 -0.750416 0.000000 0.654774 0.425028 -0.016273 -0.750416 0.000000 
0.654331 0.425028 -0.016273 -0.750416 0.000000 0.652879 0.425028 -0.015713 -0.732963 0.000000 0.653396 0.425028 -0.015713 -0.732963 0.000000 0.653888 0.425028 -0.016273 -0.750416 0.000000 0.654774 0.425028 -0.016273 -0.750416 0.000000 0.655192 0.424828 -0.016852 -0.767869 0.000000 
0.652879 0.425028 -0.015713 -0.732963 0.000000 0.653396 0.425028 -0.015713 -0.732963 0.000000 0.653888 0.425028 -0.016273 -0.750416 0.000000 0.654774 0.425028 -0.016273 -0.750416 0.000000 0.655192 0.424828 -0.016852 -0.767869 0.000000 0.655364 0.424566 -0.016852 -0.767869 0.000000 
0.653396 0.425028 -0.015713 -0.732963 0.000000 0.653888 0.425028 -0.016273 -0.750416 0.000000 0.654774 0.425028 -0.016273 -0.750416 0.000000 0.655192 0.424828 -0.016852 -0.767869 0.000000 0.655364 0.424566 -0.016852 -0.767869 0.000000 0.655930 0.424228 -0.016852 -0.767869 0.000000 
0.653888 0.425028 -0.016273 -0.750416 0.000000 0.654774 0.425028 -0.016273 -0.750416 0.000000 0.655192 0.424828 -0.016852 -0.767869 0.000000 0.655364 0.424566 -0.016852 -0.767869 0.000000 0.655930 0.424228 -0.016852 -0.767869 0.000000 0.656225 0.423874 -0.016852 -0.767869 0.000000 
0.654774 0.425028 -0.016273 -0.750416 0.000000 0.655192 0.424828 -0.016852 -0.767869 0.000000 0.655364 0.424566 -0.016852 -0.767869 0.000000 0.655930 0.424228 -0.016852 -0.767869 0.000000 0.656225 0.423874 -0.016852 -0.767869 0.000000 0.656348 0.423521 -0.016852 -0.767869 0.000000 
0.655192 0.424828 -0.016852 -0.767869 0.000000 0.655364 0.424566 -0.016852 -0.767869 0.000000 0.655930 0.424228 -0.016852 -0.767869 0.000000 0.656225 0.423874 -0.016852 -0.767869 0.000000 0.656348 0.423521 -0.016852 -0.767869 0.000000 0.656693 0.423182 -0.017451 -0.785322 0.000000 
0.655364 0.424566 -0.016852 -0.767869 0.000000 0.655930 0.424228 -0.016852 -0.767869 0.000000 0.656225 0.423874 -0.016852 -0.767869 0.000000 0.656348 0.423521 -0.016852 -0.767869 0.000000 0.656693 0.423182 -0.017451 -0.785322 0.000000 0.656816 0.423075 -0.017451 -0.785322 0.000000 
0.655930 0.424228 -0.016852 -0.767869 0.000000 0.656225 0.423874 -0.016852 -0.767869 0.000000 0.656348 0.423521 -0.016852 -0.767869 0.000000 0.656693 0.423182 -0.017451 -0.785322 0.000000 0.656816 0.423075 -0.017451 -0.785322 0.000000 0.656865 0.422982 -0.017451 -0.785322 0.000000 
0.656225 0.423874 -0.016852 -0.767869 0.000000 0.656348 0.423521 -0.016852 -0.767869 0.000000 0.656693 0.423182 -0.017451 -0.785322 0.000000 0.656816 0.423075 -0.017451 -0.785322 0.000000 0.656865 0.422982 -0.017451 -0.785322 0.000000 0.656865 0.422921 -0.017451 -0.785322 0.000000 
0.656348 0.423521 -0.016852 -0.767869 0.000000 0.656693 0.423182 -0.017451 -0.785322 0.000000 0.656816 0.423075 -0.017451 -0.785322 0.000000 0.656865 0.422982 -0.017451 -0.785322 0.000000 0.656865 0.422921 -0.017451 -0.785322 0.000000 0.656865 0.422721 -0.017451 -0.785322 0.000000 
0.656693 0.423182 -0.017451 -0.785322 0.000000 0.656816 0.423075 -0.017451 -0.785322 0.000000 0.656865 0.422982 -0.017451 -0.785322 0.000000 0.656865 0.422921 -0.017451 -0.785322 0.000000 0.656865 0.422721 -0.017451 -0.785322 0.000000 0.656914 0.422567 -0.016852 -0.767869 0.000000 
0.656816 0.423075 -0.017451 -0.785322 0.000000 0.656865 0.422982 -0.017451 -0.785322 0.000000 0.656865 0.422921 -0.017451 -0.785322 0.000000 0.656865 0.422721 -0.017451 -0.785322 0.000000 0.656914 0.422567 -0.016852 -0.767869 0.000000 0.656939 0.422413 -0.016852 -0.767869 0.000000 
0.656865 0.422982 -0.017451 -0.785322 0.000000 0.656865 0.422921 -0.017451 -0.785322 0.000000 0.656865 0.422721 -0.017451 -0.785322 0.000000 0.656914 0.422567 -0.016852 -0.767869 0.000000 0.656939 0.422413 -0.016852 -0.767869 0.000000 0.656939 0.422429 0.000000 -0.767945 0.000000 
0.656865 0.422921 -0.017451 -0.785322 0.000000 0.656865 0.422721 -0.017451 -0.785322 0.000000 0.656914 0.422567 -0.016852 -0.767869 0.000000 0.656939 0.422413 -0.016852 -0.767869 0.000000 0.656939 0.422429 0.000000 -0.767945 0.000000 0.656939 0.422644 0.000000 -0.767945 0.000000 
0.656865 0.422721 -0.017451 -0.785322 0.000000 0.656914 0.422567 -0.016852 -0.767869 0.000000 0.656939 0.422413 -0.016852 -0.767869 0.000000 0.656939 0.422429 0.000000 -0.767945 0.000000 0.656939 0.422644 0.000000 -0.767945 0.000000 0.656939 0.422875 0.000000 -0.750492 0.000000 
0.656914 0.422567 -0.016852 -0.767869 0.000000 0.656939 0.422413 -0.016852 -0.767869 0.000000 0.656939 0.422429 0.000000 -0.767945 0.000000 0.656939 0.422644 0.000000 -0.767945 0.000000 0.656939 0.422875 0.000000 -0.750492 0.000000 0.656939 0.423121 0.000000 -0.750492 0.000000 
0.656939 0.422413 -0.016852 -0.767869 0.000000 0.656939 0.422429 0.000000 -0.767945 0.000000 0.656939 0.422644 0.000000 -0.767945 0.000000 0.656939 0.422875 0.000000 -0.750492 0.000000 0.656939 0.423121 0.000000 -0.750492 0.000000 0.656939 0.423351 0.000000 -0.750492 0.000000 
0.656939 0.422429 0.000000 -0.767945 0.000000 0.656939 0.422644 0.000000 -0.767945 0.000000 0.656939 0.422875 0.000000 -0.750492 0.000000 0.656939 0.423121 0.000000 -0.750492 0.000000 0.656939 0.423351 0.000000 -0.750492 0.000000 0.656939 0.423582 0.000000 -0.750492 0.000000 
0.656939 0.422644 0.000000 -0.767945 0.000000 0.656939 0.422875 0.000000 -0.750492 0.000000 0.656939 0.423121 0.000000 -0.750492 0.000000 0.656939 0.423351 0.000000 -0.750492 0.000000 0.656939 0.423582 0.000000 -0.750492 0.000000 0.656939 0.423782 0.000000 -0.733038 0.000000 
0.656939 0.422875 0.000000 -0.750492 0.000000 0.656939 0.423121 0.000000 -0.750492 0.000000 0.656939 0.423351 0.000000 -0.750492 0.000000 0.656939 0.423582 0.000000 -0.750492 0.000000 0.656939 0.423782 0.000000 -0.733038 0.000000 0.656914 0.424182 0.000000 -0.715585 0.000000 
0.656939 0.423121 0.000000 -0.750492 0.000000 0.656939 0.423351 0.000000 -0.750492 0.000000 0.656939 0.423582 0.000000 -0.750492 0.000000 0.656939 0.423782 0.000000 -0.733038 0.000000 0.656914 0.424182 0.000000 -0.715585 0.000000 0.656939 0.423951 0.000000 -0.733038 0.000000 
0.656939 0.423351 0.000000 -0.750492 0.000000 0.656939 0.423582 0.000000 -0.750492 0.000000 0.656939 0.423782 0.000000 -0.733038 0.000000 0.656914 0.424182 0.000000 -0.715585 0.000000 0.656939 0.423951 0.000000 -0.733038 0.000000 0.656914 0.424090 0.000000 -0.733038 0.000000 
0.656939 0.423582 0.000000 -0.750492 0.000000 0.656939 0.423782 0.000000 -0.733038 0.000000 0.656914 0.424182 0.000000 -0.715585 0.000000 0.656939 0.423951 0.000000 -0.733038 0.000000 0.656914 0.424090 0.000000 -0.733038 0.000000 0.656914 0.424259 0.000000 -0.715585 0.000000 
0.656939 0.423782 0.000000 -0.733038 0.000000 0.656914 0.424182 0.000000 -0.715585 0.000000 0.656939 0.423951 0.000000 -0.733038 0.000000 0.656914 0.424090 0.000000 -0.733038 0.000000 0.656914 0.424259 0.000000 -0.715585 0.000000 0.656914 0.424305 0.000000 -0.715585 0.000000 
0.656914 0.424182 0.000000 -0.715585 0.000000 0.656939 0.423951 0.000000 -0.733038 0.000000 0.656914 0.424090 0.000000 -0.733038 0.000000 0.656914 0.424259 0.000000 -0.715585 0.000000 0.656914 0.424305 0.000000 -0.715585 0.000000 0.656914 0.424351 0.000000 -0.698132 0.000000 
0.656939 0.423951 0.000000 -0.733038 0.000000 0.656914 0.424090 0.000000 -0.733038 0.000000 0.656914 0.424259 0.000000 -0.715585 0.000000 0.656914 0.424305 0.000000 -0.715585 0.000000 0.656914 0.424351 0.000000 -0.698132 0.000000 0.656914 0.424382 0.000000 -0.698132 0.000000 
0.656914 0.424090 0.000000 -0.733038 0.000000 0.656914 0.424259 0.000000 -0.715585 0.000000 0.656914 0.424305 0.000000 -0.715585 0.000000 0.656914 0.424351 0.000000 -0.698132 0.000000 0.656914 0.424382 0.000000 -0.698132 0.000000 0.656914 0.424397 0.000000 -0.698132 0.000000 
0.656914 0.424259 0.000000 -0.715585 0.000000 0.656914 0.424305 0.000000 -0.715585 0.000000 0.656914 0.424351 0.000000 -0.698132 0.000000 0.656914 0.424382 0.000000 -0.698132 0.000000 0.656914 0.424397 0.000000 -0.698132 0.000000 0.656914 0.424413 0.000000 -0.680678 0.000000 
0.656914 0.424305 0.000000 -0.715585 0.000000 0.656914 0.424351 0.000000 -0.698132 0.000000 0.656914 0.424382 0.000000 -0.698132 0.000000 0.656914 0.424397 0.000000 -0.698132 0.000000 0.656914 0.424413 0.000000 -0.680678 0.000000 0.656988 0.424428 0.000000 -0.680678 0.043011 
0.656914 0.424351 0.000000 -0.698132 0.000000 0.656914 0.424382 0.000000 -0.698132 0.000000 0.656914 0.424397 0.000000 -0.698132 0.000000 0.656914 0.424413 0.000000 -0.680678 0.000000 0.656988 0.424428 0.000000 -0.680678 0.043011 0.657185 0.424459 0.000000 -0.680678 0.140762 
0.656914 0.424382 0.000000 -0.698132 0.000000 0.656914 0.424397 0.000000 -0.698132 0.000000 0.656914 0.424413 0.000000 -0.680678 0.000000 0.656988 0.424428 0.000000 -0.680678 0.043011 0.657185 0.424459 0.000000 -0.680678 0.140762 0.657111 0.424459 0.000000 -0.680678 0.099707 
0.656914 0.424397 0.000000 -0.698132 0.000000 0.656914 0.424413 0.000000 -0.680678 0.000000 0.656988 0.424428 0.000000 -0.680678 0.043011 0.657185 0.424459 0.000000 -0.680678 0.140762 0.657111 0.424459 0.000000 -0.680678 0.099707 0.657259 0.424474 0.000000 -0.663225 0.177908 
0.656914 0.424413 0.000000 -0.680678 0.000000 0.656988 0.424428 0.000000 -0.680678 0.043011 0.657185 0.424459 0.000000 -0.680678 0.140762 0.657111 0.424459 0.000000 -0.680678 0.099707 0.657259 0.424474 0.000000 -0.663225 0.177908 0.657308 0.424474 0.000000 -0.663225 0.209189 
0.656988 0.424428 0.000000 -0.680678 0.043011 0.657185 0.424459 0.000000 -0.680678 0.140762 0.657111 0.424459 0.000000 -0.680678 0.099707 0.657259 0.424474 0.000000 -0.663225 0.177908 0.657308 0.424474 0.000000 -0.663225 0.209189 0.657308 0.424489 0.000000 -0.663225 0.278592 
0.657185 0.424459 0.000000 -0.680678 0.140762 0.657111 0.424459 0.000000 -0.680678 0.099707 0.657259 0.424474 0.000000 -0.663225 0.177908 0.657308 0.424474 0.000000 -0.663225 0.209189 0.657308 0.424489 0.000000 -0.663225 0.278592 0.657308 0.424505 0.000000 -0.663225 0.313783 
0.657111 0.424459 0.000000 -0.680678 0.099707 0.657259 0.424474 0.000000 -0.663225 0.177908 0.657308 0.424474 0.000000 -0.663225 0.209189 0.657308 0.424489 0.000000 -0.663225 0.278592 0.657308 0.424505 0.000000 -0.663225 0.313783 0.657308 0.424520 0.000000 -0.663225 0.347019 
0.657259 0.424474 0.000000 -0.663225 0.177908 0.657308 0.424474 0.000000 -0.663225 0.209189 0.657308 0.424489 0.000000 -0.663225 0.278592 0.657308 0.424505 0.000000 -0.663225 0.313783 0.657308 0.424520 0.000000 -0.663225 0.347019 0.657308 0.424536 0.000000 -0.663225 0.381232 
0.657308 0.424474 0.000000 -0.663225 0.209189 0.657308 0.424489 0.000000 -0.663225 0.278592 0.657308 0.424505 0.000000 -0.663225 0.313783 0.657308 0.424520 0.000000 -0.663225 0.347019 0.657308 0.424536 0.000000 -0.663225 0.381232 0.657308 0.424566 0.000000 -0.663225 0.412512 
0.657308 0.424489 0.000000 -0.663225 0.278592 0.657308 0.424505 0.000000 -0.663225 0.313783 0.657308 0.424520 0.000000 -0.663225 0.347019 0.657308 0.424536 0.000000 -0.663225 0.381232 0.657308 0.424566 0.000000 -0.663225 0.412512 0.657308 0.424582 0.000000 -0.663225 0.440860 
0.657308 0.424505 0.000000 -0.663225 0.313783 0.657308 0.424520 0.000000 -0.663225 0.347019 0.657308 0.424536 0.000000 -0.663225 0.381232 0.657308 0.424566 0.000000 -0.663225 0.412512 0.657308 0.424582 0.000000 -0.663225 0.440860 0.657308 0.424597 0.000000 -0.663225 0.463343 
0.657308 0.424520 0.000000 -0.663225 0.347019 0.657308 0.424536 0.000000 -0.663225 0.381232 0.657308 0.424566 0.000000 -0.663225 0.412512 0.657308 0.424582 0.000000 -0.663225 0.440860 0.657308 0.424597 0.000000 -0.663225 0.463343 0.657308 0.424612 0.000000 -0.663225 0.478983 
0.657308 0.424536 0.000000 -0.663225 0.381232 0.657308 0.424566 0.000000 -0.663225 0.412512 0.657308 0.424582 0.000000 -0.663225 0.440860 0.657308 0.424597 0.000000 -0.663225 0.463343 0.657308 0.424612 0.000000 -0.663225 0.478983 0.657308 0.424628 0.000000 -0.663225 0.508309 
0.657308 0.424566 0.000000 -0.663225 0.412512 0.657308 0.424582 0.000000 -0.663225 0.440860 0.657308 0.424597 0.000000 -0.663225 0.463343 0.657308 0.424612 0.000000 -0.663225 0.478983 0.657308 0.424628 0.000000 -0.663225 0.508309 0.657308 0.424643 0.000000 -0.663225 0.548387 
0.657308 0.424582 0.000000 -0.663225 0.440860 0.657308 0.424597 0.000000 -0.663225 0.463343 0.657308 0.424612 0.000000 -0.663225 0.478983 0.657308 0.424628 0.000000 -0.663225 0.508309 0.657308 0.424643 0.000000 -0.663225 0.548387 0.657259 0.424643 0.000000 -0.663225 0.560117 
0.657308 0.424597 0.000000 -0.663225 0.463343 0.657308 0.424612 0.000000 -0.663225 0.478983 0.657308 0.424628 0.000000 -0.663225 0.508309 0.657308 0.424643 0.000000 -0.663225 0.548387 0.657259 0.424643 0.000000 -0.663225 0.560117 0.657111 0.424643 0.000000 -0.663225 0.572825 
0.657308 0.424612 0.000000 -0.663225 0.478983 0.657308 0.424628 0.000000 -0.663225 0.508309 0.657308 0.424643 0.000000 -0.663225 0.548387 0.657259 0.424643 0.000000 -0.663225 0.560117 0.657111 0.424643 0.000000 -0.663225 0.572825 0.656964 0.424643 0.000000 -0.663225 0.581623 
0.657308 0.424628 0.000000 -0.663225 0.508309 0.657308 0.424643 0.000000 -0.663225 0.548387 0.657259 0.424643 0.000000 -0.663225 0.560117 0.657111 0.424643 0.000000 -0.663225 0.572825 0.656964 0.424643 0.000000 -0.663225 0.581623 0.656816 0.424643 0.000000 -0.663225 0.591398 
0.657308 0.424643 0.000000 -0.663225 0.548387 0.657259 0.424643 0.000000 -0.663225 0.560117 0.657111 0.424643 0.000000 -0.663225 0.572825 0.656964 0.424643 0.000000 -0.663225 0.581623 0.656816 0.424643 0.000000 -0.663225 0.591398 0.656619 0.424643 0.000000 -0.663225 0.600196 
0.657259 0.424643 0.000000 -0.663225 0.560117 0.657111 0.424643 0.000000 -0.663225 0.572825 0.656964 0.424643 0.000000 -0.663225 0.581623 0.656816 0.424643 0.000000 -0.663225 0.591398 0.656619 0.424643 0.000000 -0.663225 0.600196 0.656422 0.424643 0.000000 -0.663225 0.608016 
0.657111 0.424643 0.000000 -0.663225 0.572825 0.656964 0.424643 0.000000 -0.663225 0.581623 0.656816 0.424643 0.000000 -0.663225 0.591398 0.656619 0.424643 0.000000 -0.663225 0.600196 0.656422 0.424643 0.000000 -0.663225 0.608016 0.655536 0.424643 0.000000 -0.645772 0.624633 
0.656964 0.424643 0.000000 -0.663225 0.581623 0.656816 0.424643 0.000000 -0.663225 0.591398 0.656619 0.424643 0.000000 -0.663225 0.600196 0.656422 0.424643 0.000000 -0.663225 0.608016 0.655536 0.424643 0.000000 -0.645772 0.624633 0.656152 0.424643 0.000000 -0.663225 0.611926 
0.656816 0.424643 0.000000 -0.663225 0.591398 0.656619 0.424643 0.000000 -0.663225 0.600196 0.656422 0.424643 0.000000 -0.663225 0.608016 0.655536 0.424643 0.000000 -0.645772 0.624633 0.656152 0.424643 0.000000 -0.663225 0.611926 0.655881 0.424643 0.000000 -0.645772 0.618768 
0.656619 0.424643 0.000000 -0.663225 0.600196 0.656422 0.424643 0.000000 -0.663225 0.608016 0.655536 0.424643 0.000000 -0.645772 0.624633 0.656152 0.424643 0.000000 -0.663225 0.611926 0.655881 0.424643 0.000000 -0.645772 0.618768 0.655143 0.424643 0.000000 -0.645772 0.627566 
0.656422 0.424643 0.000000 -0.663225 0.608016 0.655536 0.424643 0.000000 -0.645772 0.624633 0.656152 0.424643 0.000000 -0.663225 0.611926 0.655881 0.424643 0.000000 -0.645772 0.618768 0.655143 0.424643 0.000000 -0.645772 0.627566 0.654749 0.424643 0.000000 -0.645772 0.631476 
0.655536 0.424643 0.000000 -0.645772 0.624633 0.656152 0.424643 0.000000 -0.663225 0.611926 0.655881 0.424643 0.000000 -0.645772 0.618768 0.655143 0.424643 0.000000 -0.645772 0.627566 0.654749 0.424643 0.000000 -0.645772 0.631476 0.654282 0.424643 0.000000 -0.645772 0.635386 
0.656152 0.424643 0.000000 -0.663225 0.611926 0.655881 0.424643 0.000000 -0.645772 0.618768 0.655143 0.424643 0.000000 -0.645772 0.627566 0.654749 0.424643 0.000000 -0.645772 0.631476 0.654282 0.424643 0.000000 -0.645772 0.635386 0.653740 0.424612 0.000000 -0.645772 0.645161 
0.655881 0.424643 0.000000 -0.645772 0.618768 0.655143 0.424643 0.000000 -0.645772 0.627566 0.654749 0.424643 0.000000 -0.645772 0.631476 0.654282 0.424643 0.000000 -0.645772 0.635386 0.653740 0.424612 0.000000 -0.645772 0.645161 0.653100 0.424536 0.000000 -0.645772 0.649071 
0.655143 0.424643 0.000000 -0.645772 0.627566 0.654749 0.424643 0.000000 -0.645772 0.631476 0.654282 0.424643 0.000000 -0.645772 0.635386 0.653740 0.424612 0.000000 -0.645772 0.645161 0.653100 0.424536 0.000000 -0.645772 0.649071 0.652461 0.424459 0.000000 -0.645772 0.648094 
0.654749 0.424643 0.000000 -0.645772 0.631476 0.654282 0.424643 0.000000 -0.645772 0.635386 0.653740 0.424612 0.000000 -0.645772 0.645161 0.653100 0.424536 0.000000 -0.645772 0.649071 0.652461 0.424459 0.000000 -0.645772 0.648094 0.651772 0.424413 0.000000 -0.645772 0.649071 
0.654282 0.424643 0.000000 -0.645772 0.635386 0.653740 0.424612 0.000000 -0.645772 0.645161 0.653100 0.424536 0.000000 -0.645772 0.649071 0.652461 0.424459 0.000000 -0.645772 0.648094 0.651772 0.424413 0.000000 -0.645772 0.649071 0.651033 0.424351 0.000000 -0.645772 0.670577 
0.653740 0.424612 0.000000 -0.645772 0.645161 0.653100 0.424536 0.000000 -0.645772 0.649071 0.652461 0.424459 0.000000 -0.645772 0.648094 0.651772 0.424413 0.000000 -0.645772 0.649071 0.651033 0.424351 0.000000 -0.645772 0.670577 0.650271 0.424305 0.000000 -0.645772 0.678397 
0.653100 0.424536 0.000000 -0.645772 0.649071 0.652461 0.424459 0.000000 -0.645772 0.648094 0.651772 0.424413 0.000000 -0.645772 0.649071 0.651033 0.424351 0.000000 -0.645772 0.670577 0.650271 0.424305 0.000000 -0.645772 0.678397 0.649409 0.424259 -0.013151 -0.645699 0.672532 
0.652461 0.424459 0.000000 -0.645772 0.648094 0.651772 0.424413 0.000000 -0.645772 0.649071 0.651033 0.424351 0.000000 -0.645772 0.670577 0.650271 0.424305 0.000000 -0.645772 0.678397 0.649409 0.424259 -0.013151 -0.645699 0.672532 0.648499 0.424213 -0.013151 -0.645699 0.670577 
0.651772 0.424413 0.000000 -0.645772 0.649071 0.651033 0.424351 0.000000 -0.645772 0.670577 0.650271 0.424305 0.000000 -0.645772 0.678397 0.649409 0.424259 -0.013151 -0.645699 0.672532 0.648499 0.424213 -0.013151 -0.645699 0.670577 0.647515 0.424182 -0.013151 -0.645699 0.680352 
0.651033 0.424351 0.000000 -0.645772 0.670577 0.650271 0.424305 0.000000 -0.645772 0.678397 0.649409 0.424259 -0.013151 -0.645699 0.672532 0.648499 0.424213 -0.013151 -0.645699 0.670577 0.647515 0.424182 -0.013151 -0.645699 0.680352 0.646530 0.424151 -0.013151 -0.645699 0.688172 
0.650271 0.424305 0.000000 -0.645772 0.678397 0.649409 0.424259 -0.013151 -0.645699 0.672532 0.648499 0.424213 -0.013151 -0.645699 0.670577 0.647515 0.424182 -0.013151 -0.645699 0.680352 0.646530 0.424151 -0.013151 -0.645699 0.688172 0.645472 0.424136 -0.013151 -0.645699 0.693060 
0.649409 0.424259 -0.013151 -0.645699 0.672532 0.648499 0.424213 -0.013151 -0.645699 0.670577 0.647515 0.424182 -0.013151 -0.645699 0.680352 0.646530 0.424151 -0.013151 -0.645699 0.688172 0.645472 0.424136 -0.013151 -0.645699 0.693060 0.644365 0.424105 -0.013151 -0.645699 0.693060 
0.648499 0.424213 -0.013151 -0.645699 0.670577 0.647515 0.424182 -0.013151 -0.645699 0.680352 0.646530 0.424151 -0.013151 -0.645699 0.688172 0.645472 0.424136 -0.013151 -0.645699 0.693060 0.644365 0.424105 -0.013151 -0.645699 0.693060 0.643184 0.424090 -0.012679 -0.628246 0.695992 
0.647515 0.424182 -0.013151 -0.645699 0.680352 0.646530 0.424151 -0.013151 -0.645699 0.688172 0.645472 0.424136 -0.013151 -0.645699 0.693060 0.644365 0.424105 -0.013151 -0.645699 0.693060 0.643184 0.424090 -0.012679 -0.628246 0.695992 0.642003 0.424090 -0.012679 -0.628246 0.703812 
0.646530 0.424151 -0.013151 -0.645699 0.688172 0.645472 0.424136 -0.013151 -0.645699 0.693060 0.644365 0.424105 -0.013151 -0.645699 0.693060 0.643184 0.424090 -0.012679 -0.628246 0.695992 0.642003 0.424090 -0.012679 -0.628246 0.703812 0.640773 0.424090 -0.012679 -0.628246 0.701857 
0.645472 0.424136 -0.013151 -0.645699 0.693060 0.644365 0.424105 -0.013151 -0.645699 0.693060 0.643184 0.424090 -0.012679 -0.628246 0.695992 0.642003 0.424090 -0.012679 -0.628246 0.703812 0.640773 0.424090 -0.012679 -0.628246 0.701857 0.639567 0.424090 -0.012679 -0.628246 0.701857 
0.644365 0.424105 -0.013151 -0.645699 0.693060 0.643184 0.424090 -0.012679 -0.628246 0.695992 0.642003 0.424090 -0.012679 -0.628246 0.703812 0.640773 0.424090 -0.012679 -0.628246 0.701857 0.639567 0.424090 -0.012679 -0.628246 0.701857 0.638312 0.424090 -0.012679 -0.628246 0.702835 
0.643184 0.424090 -0.012679 -0.628246 0.695992 0.642003 0.424090 -0.012679 -0.628246 0.703812 0.640773 0.424090 -0.012679 -0.628246 0.701857 0.639567 0.424090 -0.012679 -0.628246 0.701857 0.638312 0.424090 -0.012679 -0.628246 0.702835 0.637033 0.424090 -0.012679 -0.628246 0.710655 
0.642003 0.424090 -0.012679 -0.628246 0.703812 0.640773 0.424090 -0.012679 -0.628246 0.701857 0.639567 0.424090 -0.012679 -0.628246 0.701857 0.638312 0.424090 -0.012679 -0.628246 0.702835 0.637033 0.424090 -0.012679 -0.628246 0.710655 0.635679 0.424090 -0.012679 -0.628246 0.711632 
0.640773 0.424090 -0.012679 -0.628246 0.701857 0.639567 0.424090 -0.012679 -0.628246 0.701857 0.638312 0.424090 -0.012679 -0.628246 0.702835 0.637033 0.424090 -0.012679 -0.628246 0.710655 0.635679 0.424090 -0.012679 -0.628246 0.711632 0.631668 0.424090 -0.036630 -0.610221 0.734115 
0.639567 0.424090 -0.012679 -0.628246 0.701857 0.638312 0.424090 -0.012679 -0.628246 0.702835 0.637033 0.424090 -0.012679 -0.628246 0.710655 0.635679 0.424090 -0.012679 -0.628246 0.711632 0.631668 0.424090 -0.036630 -0.610221 0.734115 0.634326 0.424090 -0.012220 -0.610794 0.715542 
0.638312 0.424090 -0.012679 -0.628246 0.702835 0.637033 0.424090 -0.012679 -0.628246 0.710655 0.635679 0.424090 -0.012679 -0.628246 0.711632 0.631668 0.424090 -0.036630 -0.610221 0.734115 0.634326 0.424090 -0.012220 -0.610794 0.715542 0.632972 0.424090 -0.036630 -0.610221 0.726295 
0.637033 0.424090 -0.012679 -0.628246 0.710655 0.635679 0.424090 -0.012679 -0.628246 0.711632 0.631668 0.424090 -0.036630 -0.610221 0.734115 0.634326 0.424090 -0.012220 -0.610794 0.715542 0.632972 0.424090 -0.036630 -0.610221 0.726295 0.630364 0.424090 -0.036630 -0.610221 0.736070 
0.635679 0.424090 -0.012679 -0.628246 0.711632 0.631668 0.424090 -0.036630 -0.610221 0.734115 0.634326 0.424090 -0.012220 -0.610794 0.715542 0.632972 0.424090 -0.036630 -0.610221 0.726295 0.630364 0.424090 -0.036630 -0.610221 0.736070 0.627953 0.424090 -0.035286 -0.592776 0.745846 
0.631668 0.424090 -0.036630 -0.610221 0.734115 0.634326 0.424090 -0.012220 -0.610794 0.715542 0.632972 0.424090 -0.036630 -0.610221 0.726295 0.630364 0.424090 -0.036630 -0.610221 0.736070 0.627953 0.424090 -0.035286 -0.592776 0.745846 0.629109 0.424090 -0.036630 -0.610221 0.743891 
0.634326 0.424090 -0.012220 -0.610794 0.715542 0.632972 0.424090 -0.036630 -0.610221 0.726295 0.630364 0.424090 -0.036630 -0.610221 0.736070 0.627953 0.424090 -0.035286 -0.592776 0.745846 0.629109 0.424090 -0.036630 -0.610221 0.743891 0.626821 0.424074 -0.035286 -0.592776 0.742913 
0.632972 0.424090 -0.036630 -0.610221 0.726295 0.630364 0.424090 -0.036630 -0.610221 0.736070 0.627953 0.424090 -0.035286 -0.592776 0.745846 0.629109 0.424090 -0.036630 -0.610221 0.743891 0.626821 0.424074 -0.035286 -0.592776 0.742913 0.625763 0.424043 -0.035286 -0.592776 0.739003 
