0.614690 0.477516 0.273695 -0.256048 0.000000 0.617077 0.476962 0.273695 -0.256048 0.000000 0.619488 0.476962 0.295967 -0.259107 0.000000 0.621777 0.477024 0.304239 -0.248986 0.000000 0.623917 0.477270 0.281986 -0.246707 0.000000 0.625935 0.477562 0.254244 -0.222170 0.000000 
0.617077 0.476962 0.273695 -0.256048 0.000000 0.619488 0.476962 0.295967 -0.259107 0.000000 0.621777 0.477024 0.304239 -0.248986 0.000000 0.623917 0.477270 0.281986 -0.246707 0.000000 0.625935 0.477562 0.254244 -0.222170 0.000000 0.627780 0.477132 0.243946 -0.205895 0.000000 
0.619488 0.476962 0.295967 -0.259107 0.000000 0.621777 0.477024 0.304239 -0.248986 0.000000 0.623917 0.477270 0.281986 -0.246707 0.000000 0.625935 0.477562 0.254244 -0.222170 0.000000 0.627780 0.477132 0.243946 -0.205895 0.000000 0.629503 0.476655 0.230057 -0.194047 0.000000 
0.621777 0.477024 0.304239 -0.248986 0.000000 0.623917 0.477270 0.281986 -0.246707 0.000000 0.625935 0.477562 0.254244 -0.222170 0.000000 0.627780 0.477132 0.243946 -0.205895 0.000000 0.629503 0.476655 0.230057 -0.194047 0.000000 0.631053 0.476439 0.202449 -0.170561 0.000000 
0.623917 0.477270 0.281986 -0.246707 0.000000 0.625935 0.477562 0.254244 -0.222170 0.000000 0.627780 0.477132 0.243946 -0.205895 0.000000 0.629503 0.476655 0.230057 -0.194047 0.000000 0.631053 0.476439 0.202449 -0.170561 0.000000 0.632406 0.476439 0.191393 -0.155638 0.000000 
0.625935 0.477562 0.254244 -0.222170 0.000000 0.627780 0.477132 0.243946 -0.205895 0.000000 0.629503 0.476655 0.230057 -0.194047 0.000000 0.631053 0.476439 0.202449 -0.170561 0.000000 0.632406 0.476439 0.191393 -0.155638 0.000000 0.633563 0.476547 0.177529 -0.144280 0.000000 
0.627780 0.477132 0.243946 -0.205895 0.000000 0.629503 0.476655 0.230057 -0.194047 0.000000 0.631053 0.476439 0.202449 -0.170561 0.000000 0.632406 0.476439 0.191393 -0.155638 0.000000 0.633563 0.476547 0.177529 -0.144280 0.000000 0.634720 0.477178 0.151992 -0.119106 0.000000 
0.629503 0.476655 0.230057 -0.194047 0.000000 0.631053 0.476439 0.202449 -0.170561 0.000000 0.632406 0.476439 0.191393 -0.155638 0.000000 0.633563 0.476547 0.177529 -0.144280 0.000000 0.634720 0.477178 0.151992 -0.119106 0.000000 0.635851 0.478070 0.145662 -0.126840 0.000000 
0.631053 0.476439 0.202449 -0.170561 0.000000 0.632406 0.476439 0.191393 -0.155638 0.000000 0.633563 0.476547 0.177529 -0.144280 0.000000 0.634720 0.477178 0.151992 -0.119106 0.000000 0.635851 0.478070 0.145662 -0.126840 0.000000 0.636983 0.479192 0.124042 -0.124042 0.000000 
0.632406 0.476439 0.191393 -0.155638 0.000000 0.633563 0.476547 0.177529 -0.144280 0.000000 0.634720 0.477178 0.151992 -0.119106 0.000000 0.635851 0.478070 0.145662 -0.126840 0.000000 0.636983 0.479192 0.124042 -0.124042 0.000000 0.638140 0.480115 0.124042 -0.124042 0.000000 
0.633563 0.476547 0.177529 -0.144280 0.000000 0.634720 0.477178 0.151992 -0.119106 0.000000 0.635851 0.478070 0.145662 -0.126840 0.000000 0.636983 0.479192 0.124042 -0.124042 0.000000 0.638140 0.480115 0.124042 -0.124042 0.000000 0.639370 0.481130 0.124042 -0.124042 0.000000 
0.634720 0.477178 0.151992 -0.119106 0.000000 0.635851 0.478070 0.145662 -0.126840 0.000000 0.636983 0.479192 0.124042 -0.124042 0.000000 0.638140 0.480115 0.124042 -0.124042 0.000000 0.639370 0.481130 0.124042 -0.124042 0.000000 0.640625 0.482207 0.124042 -0.124042 0.000000 
0.635851 0.478070 0.145662 -0.126840 0.000000 0.636983 0.479192 0.124042 -0.124042 0.000000 0.638140 0.480115 0.124042 -0.124042 0.000000 0.639370 0.481130 0.124042 -0.124042 0.000000 0.640625 0.482207 0.124042 -0.124042 0.000000 0.641929 0.483314 0.126840 -0.145662 0.000000 
0.636983 0.479192 0.124042 -0.124042 0.000000 0.638140 0.480115 0.124042 -0.124042 0.000000 0.639370 0.481130 0.124042 -0.124042 0.000000 0.640625 0.482207 0.124042 -0.124042 0.000000 0.641929 0.483314 0.126840 -0.145662 0.000000 0.643332 0.484406 0.126840 -0.145662 0.000000 
0.638140 0.480115 0.124042 -0.124042 0.000000 0.639370 0.481130 0.124042 -0.124042 0.000000 0.640625 0.482207 0.124042 -0.124042 0.000000 0.641929 0.483314 0.126840 -0.145662 0.000000 0.643332 0.484406 0.126840 -0.145662 0.000000 0.644783 0.485482 0.126840 -0.145662 0.000000 
0.639370 0.481130 0.124042 -0.124042 0.000000 0.640625 0.482207 0.124042 -0.124042 0.000000 0.641929 0.483314 0.126840 -0.145662 0.000000 0.643332 0.484406 0.126840 -0.145662 0.000000 0.644783 0.485482 0.126840 -0.145662 0.000000 0.646284 0.486559 0.119106 -0.151992 0.000000 
0.640625 0.482207 0.124042 -0.124042 0.000000 0.641929 0.483314 0.126840 -0.145662 0.000000 0.643332 0.484406 0.126840 -0.145662 0.000000 0.644783 0.485482 0.126840 -0.145662 0.000000 0.646284 0.486559 0.119106 -0.151992 0.000000 0.647835 0.487574 0.119106 -0.151992 0.000000 
0.641929 0.483314 0.126840 -0.145662 0.000000 0.643332 0.484406 0.126840 -0.145662 0.000000 0.644783 0.485482 0.126840 -0.145662 0.000000 0.646284 0.486559 0.119106 -0.151992 0.000000 0.647835 0.487574 0.119106 -0.151992 0.000000 0.649434 0.488573 0.144280 -0.177529 0.000000 
0.643332 0.484406 0.126840 -0.145662 0.000000 0.644783 0.485482 0.126840 -0.145662 0.000000 0.646284 0.486559 0.119106 -0.151992 0.000000 0.647835 0.487574 0.119106 -0.151992 0.000000 0.649434 0.488573 0.144280 -0.177529 0.000000 0.651083 0.489558 0.134877 -0.184649 0.000000 
0.644783 0.485482 0.126840 -0.145662 0.000000 0.646284 0.486559 0.119106 -0.151992 0.000000 0.647835 0.487574 0.119106 -0.151992 0.000000 0.649434 0.488573 0.144280 -0.177529 0.000000 0.651083 0.489558 0.134877 -0.184649 0.000000 0.652781 0.490511 0.159880 -0.210814 0.000000 
0.646284 0.486559 0.119106 -0.151992 0.000000 0.647835 0.487574 0.119106 -0.151992 0.000000 0.649434 0.488573 0.144280 -0.177529 0.000000 0.651083 0.489558 0.134877 -0.184649 0.000000 0.652781 0.490511 0.159880 -0.210814 0.000000 0.654503 0.491480 0.170561 -0.202449 0.000000 
0.647835 0.487574 0.119106 -0.151992 0.000000 0.649434 0.488573 0.144280 -0.177529 0.000000 0.651083 0.489558 0.134877 -0.184649 0.000000 0.652781 0.490511 0.159880 -0.210814 0.000000 0.654503 0.491480 0.170561 -0.202449 0.000000 0.656152 0.492526 0.194047 -0.230057 0.000000 
0.649434 0.488573 0.144280 -0.177529 0.000000 0.651083 0.489558 0.134877 -0.184649 0.000000 0.652781 0.490511 0.159880 -0.210814 0.000000 0.654503 0.491480 0.170561 -0.202449 0.000000 0.656152 0.492526 0.194047 -0.230057 0.000000 0.657776 0.493587 0.205895 -0.243946 0.000000 
0.651083 0.489558 0.134877 -0.184649 0.000000 0.652781 0.490511 0.159880 -0.210814 0.000000 0.654503 0.491480 0.170561 -0.202449 0.000000 0.656152 0.492526 0.194047 -0.230057 0.000000 0.657776 0.493587 0.205895 -0.243946 0.000000 0.659277 0.494694 0.222170 -0.254244 0.000000 
0.652781 0.490511 0.159880 -0.210814 0.000000 0.654503 0.491480 0.170561 -0.202449 0.000000 0.656152 0.492526 0.194047 -0.230057 0.000000 0.657776 0.493587 0.205895 -0.243946 0.000000 0.659277 0.494694 0.222170 -0.254244 0.000000 0.660753 0.495878 0.246707 -0.281986 0.000000 
0.654503 0.491480 0.170561 -0.202449 0.000000 0.656152 0.492526 0.194047 -0.230057 0.000000 0.657776 0.493587 0.205895 -0.243946 0.000000 0.659277 0.494694 0.222170 -0.254244 0.000000 0.660753 0.495878 0.246707 -0.281986 0.000000 0.662057 0.497047 0.259107 -0.295967 0.000000 
0.656152 0.492526 0.194047 -0.230057 0.000000 0.657776 0.493587 0.205895 -0.243946 0.000000 0.659277 0.494694 0.222170 -0.254244 0.000000 0.660753 0.495878 0.246707 -0.281986 0.000000 0.662057 0.497047 0.259107 -0.295967 0.000000 0.663164 0.498231 0.271599 -0.310025 0.000000 
0.643750 0.500384 0.438175 -0.451738 0.000000 0.644021 0.499985 0.438175 -0.451738 0.000000 0.644021 0.499969 0.423782 -0.437020 0.000000 0.643529 0.499523 0.396028 -0.434738 0.000000 0.642840 0.499077 0.396028 -0.434738 0.000000 0.642840 0.498739 0.396028 -0.434738 0.000000 
0.644021 0.499985 0.438175 -0.451738 0.000000 0.644021 0.499969 0.423782 -0.437020 0.000000 0.643529 0.499523 0.396028 -0.434738 0.000000 0.642840 0.499077 0.396028 -0.434738 0.000000 0.642840 0.498739 0.396028 -0.434738 0.000000 0.642495 0.498416 0.396028 -0.434738 0.000000 
0.644021 0.499969 0.423782 -0.437020 0.000000 0.643529 0.499523 0.396028 -0.434738 0.000000 0.642840 0.499077 0.396028 -0.434738 0.000000 0.642840 0.498739 0.396028 -0.434738 0.000000 0.642495 0.498416 0.396028 -0.434738 0.000000 0.642323 0.498093 0.423782 -0.437020 0.000000 
0.643529 0.499523 0.396028 -0.434738 0.000000 0.642840 0.499077 0.396028 -0.434738 0.000000 0.642840 0.498739 0.396028 -0.434738 0.000000 0.642495 0.498416 0.396028 -0.434738 0.000000 0.642323 0.498093 0.423782 -0.437020 0.000000 0.642495 0.498093 0.467400 -0.481588 0.000000 
0.642840 0.499077 0.396028 -0.434738 0.000000 0.642840 0.498739 0.396028 -0.434738 0.000000 0.642495 0.498416 0.396028 -0.434738 0.000000 0.642323 0.498093 0.423782 -0.437020 0.000000 0.642495 0.498093 0.467400 -0.481588 0.000000 0.642889 0.498093 0.497242 -0.512017 0.000000 
0.642840 0.498739 0.396028 -0.434738 0.000000 0.642495 0.498416 0.396028 -0.434738 0.000000 0.642323 0.498093 0.423782 -0.437020 0.000000 0.642495 0.498093 0.467400 -0.481588 0.000000 0.642889 0.498093 0.497242 -0.512017 0.000000 0.643061 0.498093 0.512407 -0.527460 0.000000 
0.642495 0.498416 0.396028 -0.434738 0.000000 0.642323 0.498093 0.423782 -0.437020 0.000000 0.642495 0.498093 0.467400 -0.481588 0.000000 0.642889 0.498093 0.497242 -0.512017 0.000000 0.643061 0.498093 0.512407 -0.527460 0.000000 0.643209 0.498047 0.520032 -0.520032 0.000000 
0.642323 0.498093 0.423782 -0.437020 0.000000 0.642495 0.498093 0.467400 -0.481588 0.000000 0.642889 0.498093 0.497242 -0.512017 0.000000 0.643061 0.498093 0.512407 -0.527460 0.000000 0.643209 0.498047 0.520032 -0.520032 0.000000 0.643332 0.497878 0.535503 -0.535503 0.000000 
0.642495 0.498093 0.467400 -0.481588 0.000000 0.642889 0.498093 0.497242 -0.512017 0.000000 0.643061 0.498093 0.512407 -0.527460 0.000000 0.643209 0.498047 0.520032 -0.520032 0.000000 0.643332 0.497878 0.535503 -0.535503 0.000000 0.643627 0.497709 0.551143 -0.551143 0.000000 
0.642889 0.498093 0.497242 -0.512017 0.000000 0.643061 0.498093 0.512407 -0.527460 0.000000 0.643209 0.498047 0.520032 -0.520032 0.000000 0.643332 0.497878 0.535503 -0.535503 0.000000 0.643627 0.497709 0.551143 -0.551143 0.000000 0.644094 0.497462 0.582946 -0.582946 0.000000 
0.643061 0.498093 0.512407 -0.527460 0.000000 0.643209 0.498047 0.520032 -0.520032 0.000000 0.643332 0.497878 0.535503 -0.535503 0.000000 0.643627 0.497709 0.551143 -0.551143 0.000000 0.644094 0.497462 0.582946 -0.582946 0.000000 0.644390 0.497339 0.599120 -0.599120 0.000000 
0.643209 0.498047 0.520032 -0.520032 0.000000 0.643332 0.497878 0.535503 -0.535503 0.000000 0.643627 0.497709 0.551143 -0.551143 0.000000 0.644094 0.497462 0.582946 -0.582946 0.000000 0.644390 0.497339 0.599120 -0.599120 0.000000 0.644660 0.497232 0.615480 -0.615480 0.000000 
0.643332 0.497878 0.535503 -0.535503 0.000000 0.643627 0.497709 0.551143 -0.551143 0.000000 0.644094 0.497462 0.582946 -0.582946 0.000000 0.644390 0.497339 0.599120 -0.599120 0.000000 0.644660 0.497232 0.615480 -0.615480 0.000000 0.644931 0.497155 0.623588 -0.607132 0.000000 
0.643627 0.497709 0.551143 -0.551143 0.000000 0.644094 0.497462 0.582946 -0.582946 0.000000 0.644390 0.497339 0.599120 -0.599120 0.000000 0.644660 0.497232 0.615480 -0.615480 0.000000 0.644931 0.497155 0.623588 -0.607132 0.000000 0.645349 0.497063 0.640228 -0.623588 0.000000 
0.644094 0.497462 0.582946 -0.582946 0.000000 0.644390 0.497339 0.599120 -0.599120 0.000000 0.644660 0.497232 0.615480 -0.615480 0.000000 0.644931 0.497155 0.623588 -0.607132 0.000000 0.645349 0.497063 0.640228 -0.623588 0.000000 0.645595 0.497047 0.657055 -0.640248 0.000000 
0.644390 0.497339 0.599120 -0.599120 0.000000 0.644660 0.497232 0.615480 -0.615480 0.000000 0.644931 0.497155 0.623588 -0.607132 0.000000 0.645349 0.497063 0.640228 -0.623588 0.000000 0.645595 0.497047 0.657055 -0.640248 0.000000 0.645940 0.497047 0.674075 -0.657117 0.000000 
0.644660 0.497232 0.615480 -0.615480 0.000000 0.644931 0.497155 0.623588 -0.607132 0.000000 0.645349 0.497063 0.640228 -0.623588 0.000000 0.645595 0.497047 0.657055 -0.640248 0.000000 0.645940 0.497047 0.674075 -0.657117 0.000000 0.646235 0.497047 0.682878 -0.682878 0.000000 
0.644931 0.497155 0.623588 -0.607132 0.000000 0.645349 0.497063 0.640228 -0.623588 0.000000 0.645595 0.497047 0.657055 -0.640248 0.000000 0.645940 0.497047 0.674075 -0.657117 0.000000 0.646235 0.497047 0.682878 -0.682878 0.000000 0.646555 0.497047 0.700239 -0.700239 0.000000 
0.645349 0.497063 0.640228 -0.623588 0.000000 0.645595 0.497047 0.657055 -0.640248 0.000000 0.645940 0.497047 0.674075 -0.657117 0.000000 0.646235 0.497047 0.682878 -0.682878 0.000000 0.646555 0.497047 0.700239 -0.700239 0.000000 0.646900 0.497047 0.717812 -0.717812 0.000000 
0.645595 0.497047 0.657055 -0.640248 0.000000 0.645940 0.497047 0.674075 -0.657117 0.000000 0.646235 0.497047 0.682878 -0.682878 0.000000 0.646555 0.497047 0.700239 -0.700239 0.000000 0.646900 0.497047 0.717812 -0.717812 0.000000 0.647367 0.497078 0.717812 -0.717812 0.000000 
0.645940 0.497047 0.674075 -0.657117 0.000000 0.646235 0.497047 0.682878 -0.682878 0.000000 0.646555 0.497047 0.700239 -0.700239 0.000000 0.646900 0.497047 0.717812 -0.717812 0.000000 0.647367 0.497078 0.717812 -0.717812 0.000000 0.647958 0.497247 0.735601 -0.735601 0.000000 
0.646235 0.497047 0.682878 -0.682878 0.000000 0.646555 0.497047 0.700239 -0.700239 0.000000 0.646900 0.497047 0.717812 -0.717812 0.000000 0.647367 0.497078 0.717812 -0.717812 0.000000 0.647958 0.497247 0.735601 -0.735601 0.000000 0.648696 0.497478 0.735601 -0.735601 0.000000 
0.646555 0.497047 0.700239 -0.700239 0.000000 0.646900 0.497047 0.717812 -0.717812 0.000000 0.647367 0.497078 0.717812 -0.717812 0.000000 0.647958 0.497247 0.735601 -0.735601 0.000000 0.648696 0.497478 0.735601 -0.735601 0.000000 0.649582 0.497770 0.735601 -0.735601 0.000000 
0.646900 0.497047 0.717812 -0.717812 0.000000 0.647367 0.497078 0.717812 -0.717812 0.000000 0.647958 0.497247 0.735601 -0.735601 0.000000 0.648696 0.497478 0.735601 -0.735601 0.000000 0.649582 0.497770 0.735601 -0.735601 0.000000 0.650615 0.498185 0.735601 -0.735601 0.000000 
0.647367 0.497078 0.717812 -0.717812 0.000000 0.647958 0.497247 0.735601 -0.735601 0.000000 0.648696 0.497478 0.735601 -0.735601 0.000000 0.649582 0.497770 0.735601 -0.735601 0.000000 0.650615 0.498185 0.735601 -0.735601 0.000000 0.651378 0.498754 0.735601 -0.735601 0.000000 
0.656742 0.501599 0.614915 -0.582396 0.505376 0.656742 0.500969 0.614915 -0.582396 0.504399 0.656742 0.500369 0.590855 -0.574813 0.504399 0.656718 0.499754 0.590855 -0.574813 0.509286 0.656668 0.499108 0.590855 -0.574813 0.515152 0.656668 0.498431 0.590855 -0.574813 0.524927 
0.656742 0.500969 0.614915 -0.582396 0.504399 0.656742 0.500369 0.590855 -0.574813 0.504399 0.656718 0.499754 0.590855 -0.574813 0.509286 0.656668 0.499108 0.590855 -0.574813 0.515152 0.656668 0.498431 0.590855 -0.574813 0.524927 0.656668 0.497724 0.590855 -0.574813 0.512219 
0.656742 0.500369 0.590855 -0.574813 0.504399 0.656718 0.499754 0.590855 -0.574813 0.509286 0.656668 0.499108 0.590855 -0.574813 0.515152 0.656668 0.498431 0.590855 -0.574813 0.524927 0.656668 0.497724 0.590855 -0.574813 0.512219 0.656668 0.497001 0.590855 -0.574813 0.511241 
0.656718 0.499754 0.590855 -0.574813 0.509286 0.656668 0.499108 0.590855 -0.574813 0.515152 0.656668 0.498431 0.590855 -0.574813 0.524927 0.656668 0.497724 0.590855 -0.574813 0.512219 0.656668 0.497001 0.590855 -0.574813 0.511241 0.656644 0.496294 0.590855 -0.574813 0.521994 
0.656668 0.499108 0.590855 -0.574813 0.515152 0.656668 0.498431 0.590855 -0.574813 0.524927 0.656668 0.497724 0.590855 -0.574813 0.512219 0.656668 0.497001 0.590855 -0.574813 0.511241 0.656644 0.496294 0.590855 -0.574813 0.521994 0.656644 0.495571 0.590855 -0.574813 0.533724 
0.656668 0.498431 0.590855 -0.574813 0.524927 0.656668 0.497724 0.590855 -0.574813 0.512219 0.656668 0.497001 0.590855 -0.574813 0.511241 0.656644 0.496294 0.590855 -0.574813 0.521994 0.656644 0.495571 0.590855 -0.574813 0.533724 0.656644 0.494771 0.590855 -0.574813 0.534702 
0.656668 0.497724 0.590855 -0.574813 0.512219 0.656668 0.497001 0.590855 -0.574813 0.511241 0.656644 0.496294 0.590855 -0.574813 0.521994 0.656644 0.495571 0.590855 -0.574813 0.533724 0.656644 0.494771 0.590855 -0.574813 0.534702 0.656644 0.493971 0.590855 -0.574813 0.534702 
0.656668 0.497001 0.590855 -0.574813 0.511241 0.656644 0.496294 0.590855 -0.574813 0.521994 0.656644 0.495571 0.590855 -0.574813 0.533724 0.656644 0.494771 0.590855 -0.574813 0.534702 0.656644 0.493971 0.590855 -0.574813 0.534702 0.656644 0.493172 0.590855 -0.574813 0.533724 
0.656644 0.496294 0.590855 -0.574813 0.521994 0.656644 0.495571 0.590855 -0.574813 0.533724 0.656644 0.494771 0.590855 -0.574813 0.534702 0.656644 0.493971 0.590855 -0.574813 0.534702 0.656644 0.493172 0.590855 -0.574813 0.533724 0.656644 0.492357 0.590855 -0.574813 0.533724 
0.656644 0.495571 0.590855 -0.574813 0.533724 0.656644 0.494771 0.590855 -0.574813 0.534702 0.656644 0.493971 0.590855 -0.574813 0.534702 0.656644 0.493172 0.590855 -0.574813 0.533724 0.656644 0.492357 0.590855 -0.574813 0.533724 0.656644 0.491542 0.590855 -0.574813 0.538612 
0.656644 0.494771 0.590855 -0.574813 0.534702 0.656644 0.493971 0.590855 -0.574813 0.534702 0.656644 0.493172 0.590855 -0.574813 0.533724 0.656644 0.492357 0.590855 -0.574813 0.533724 0.656644 0.491542 0.590855 -0.574813 0.538612 0.656644 0.490696 0.590855 -0.574813 0.534702 
0.656644 0.493971 0.590855 -0.574813 0.534702 0.656644 0.493172 0.590855 -0.574813 0.533724 0.656644 0.492357 0.590855 -0.574813 0.533724 0.656644 0.491542 0.590855 -0.574813 0.538612 0.656644 0.490696 0.590855 -0.574813 0.534702 0.656644 0.489850 0.590855 -0.574813 0.534702 
0.656644 0.493172 0.590855 -0.574813 0.533724 0.656644 0.492357 0.590855 -0.574813 0.533724 0.656644 0.491542 0.590855 -0.574813 0.538612 0.656644 0.490696 0.590855 -0.574813 0.534702 0.656644 0.489850 0.590855 -0.574813 0.534702 0.656644 0.489004 0.590855 -0.574813 0.540567 
0.656644 0.492357 0.590855 -0.574813 0.533724 0.656644 0.491542 0.590855 -0.574813 0.538612 0.656644 0.490696 0.590855 -0.574813 0.534702 0.656644 0.489850 0.590855 -0.574813 0.534702 0.656644 0.489004 0.590855 -0.574813 0.540567 0.656644 0.488189 0.590855 -0.574813 0.542522 
0.656644 0.491542 0.590855 -0.574813 0.538612 0.656644 0.490696 0.590855 -0.574813 0.534702 0.656644 0.489850 0.590855 -0.574813 0.534702 0.656644 0.489004 0.590855 -0.574813 0.540567 0.656644 0.488189 0.590855 -0.574813 0.542522 0.656595 0.487374 0.614915 -0.582396 0.538612 
0.656644 0.490696 0.590855 -0.574813 0.534702 0.656644 0.489850 0.590855 -0.574813 0.534702 0.656644 0.489004 0.590855 -0.574813 0.540567 0.656644 0.488189 0.590855 -0.574813 0.542522 0.656595 0.487374 0.614915 -0.582396 0.538612 0.656521 0.486590 0.614915 -0.582396 0.543500 
0.656644 0.489850 0.590855 -0.574813 0.534702 0.656644 0.489004 0.590855 -0.574813 0.540567 0.656644 0.488189 0.590855 -0.574813 0.542522 0.656595 0.487374 0.614915 -0.582396 0.538612 0.656521 0.486590 0.614915 -0.582396 0.543500 0.656422 0.485851 0.614915 -0.582396 0.547410 
0.656644 0.489004 0.590855 -0.574813 0.540567 0.656644 0.488189 0.590855 -0.574813 0.542522 0.656595 0.487374 0.614915 -0.582396 0.538612 0.656521 0.486590 0.614915 -0.582396 0.543500 0.656422 0.485851 0.614915 -0.582396 0.547410 0.656348 0.485082 0.614915 -0.582396 0.539589 
0.656644 0.488189 0.590855 -0.574813 0.542522 0.656595 0.487374 0.614915 -0.582396 0.538612 0.656521 0.486590 0.614915 -0.582396 0.543500 0.656422 0.485851 0.614915 -0.582396 0.547410 0.656348 0.485082 0.614915 -0.582396 0.539589 0.656250 0.484329 0.614915 -0.582396 0.532747 
0.656595 0.487374 0.614915 -0.582396 0.538612 0.656521 0.486590 0.614915 -0.582396 0.543500 0.656422 0.485851 0.614915 -0.582396 0.547410 0.656348 0.485082 0.614915 -0.582396 0.539589 0.656250 0.484329 0.614915 -0.582396 0.532747 0.656102 0.483606 0.614915 -0.582396 0.532747 
0.656521 0.486590 0.614915 -0.582396 0.543500 0.656422 0.485851 0.614915 -0.582396 0.547410 0.656348 0.485082 0.614915 -0.582396 0.539589 0.656250 0.484329 0.614915 -0.582396 0.532747 0.656102 0.483606 0.614915 -0.582396 0.532747 0.655979 0.482914 0.614915 -0.582396 0.533724 
0.656422 0.485851 0.614915 -0.582396 0.547410 0.656348 0.485082 0.614915 -0.582396 0.539589 0.656250 0.484329 0.614915 -0.582396 0.532747 0.656102 0.483606 0.614915 -0.582396 0.532747 0.655979 0.482914 0.614915 -0.582396 0.533724 0.655856 0.482207 0.614915 -0.582396 0.552297 
0.656348 0.485082 0.614915 -0.582396 0.539589 0.656250 0.484329 0.614915 -0.582396 0.532747 0.656102 0.483606 0.614915 -0.582396 0.532747 0.655979 0.482914 0.614915 -0.582396 0.533724 0.655856 0.482207 0.614915 -0.582396 0.552297 0.655733 0.481484 0.614915 -0.582396 0.549365 
0.656250 0.484329 0.614915 -0.582396 0.532747 0.656102 0.483606 0.614915 -0.582396 0.532747 0.655979 0.482914 0.614915 -0.582396 0.533724 0.655856 0.482207 0.614915 -0.582396 0.552297 0.655733 0.481484 0.614915 -0.582396 0.549365 0.655586 0.480746 0.590855 -0.574813 0.536657 
0.656102 0.483606 0.614915 -0.582396 0.532747 0.655979 0.482914 0.614915 -0.582396 0.533724 0.655856 0.482207 0.614915 -0.582396 0.552297 0.655733 0.481484 0.614915 -0.582396 0.549365 0.655586 0.480746 0.590855 -0.574813 0.536657 0.655487 0.479992 0.590855 -0.574813 0.530792 
0.655979 0.482914 0.614915 -0.582396 0.533724 0.655856 0.482207 0.614915 -0.582396 0.552297 0.655733 0.481484 0.614915 -0.582396 0.549365 0.655586 0.480746 0.590855 -0.574813 0.536657 0.655487 0.479992 0.590855 -0.574813 0.530792 0.655340 0.479285 0.590855 -0.574813 0.538612 
0.655856 0.482207 0.614915 -0.582396 0.552297 0.655733 0.481484 0.614915 -0.582396 0.549365 0.655586 0.480746 0.590855 -0.574813 0.536657 0.655487 0.479992 0.590855 -0.574813 0.530792 0.655340 0.479285 0.590855 -0.574813 0.538612 0.655167 0.478608 0.590855 -0.574813 0.538612 
0.655733 0.481484 0.614915 -0.582396 0.549365 0.655586 0.480746 0.590855 -0.574813 0.536657 0.655487 0.479992 0.590855 -0.574813 0.530792 0.655340 0.479285 0.590855 -0.574813 0.538612 0.655167 0.478608 0.590855 -0.574813 0.538612 0.655069 0.477900 0.590855 -0.574813 0.540567 
0.655586 0.480746 0.590855 -0.574813 0.536657 0.655487 0.479992 0.590855 -0.574813 0.530792 0.655340 0.479285 0.590855 -0.574813 0.538612 0.655167 0.478608 0.590855 -0.574813 0.538612 0.655069 0.477900 0.590855 -0.574813 0.540567 0.654897 0.477178 0.590855 -0.574813 0.546432 
0.655487 0.479992 0.590855 -0.574813 0.530792 0.655340 0.479285 0.590855 -0.574813 0.538612 0.655167 0.478608 0.590855 -0.574813 0.538612 0.655069 0.477900 0.590855 -0.574813 0.540567 0.654897 0.477178 0.590855 -0.574813 0.546432 0.654774 0.476455 0.590855 -0.574813 0.545455 
0.655340 0.479285 0.590855 -0.574813 0.538612 0.655167 0.478608 0.590855 -0.574813 0.538612 0.655069 0.477900 0.590855 -0.574813 0.540567 0.654897 0.477178 0.590855 -0.574813 0.546432 0.654774 0.476455 0.590855 -0.574813 0.545455 0.654651 0.475747 0.590855 -0.574813 0.541544 
0.655167 0.478608 0.590855 -0.574813 0.538612 0.655069 0.477900 0.590855 -0.574813 0.540567 0.654897 0.477178 0.590855 -0.574813 0.546432 0.654774 0.476455 0.590855 -0.574813 0.545455 0.654651 0.475747 0.590855 -0.574813 0.541544 0.654503 0.475055 0.590855 -0.574813 0.546432 
0.655069 0.477900 0.590855 -0.574813 0.540567 0.654897 0.477178 0.590855 -0.574813 0.546432 0.654774 0.476455 0.590855 -0.574813 0.545455 0.654651 0.475747 0.590855 -0.574813 0.541544 0.654503 0.475055 0.590855 -0.574813 0.546432 0.654355 0.474333 0.590855 -0.574813 0.545455 
0.654897 0.477178 0.590855 -0.574813 0.546432 0.654774 0.476455 0.590855 -0.574813 0.545455 0.654651 0.475747 0.590855 -0.574813 0.541544 0.654503 0.475055 0.590855 -0.574813 0.546432 0.654355 0.474333 0.590855 -0.574813 0.545455 0.654282 0.473594 0.582946 -0.582946 0.548387 
0.654774 0.476455 0.590855 -0.574813 0.545455 0.654651 0.475747 0.590855 -0.574813 0.541544 0.654503 0.475055 0.590855 -0.574813 0.546432 0.654355 0.474333 0.590855 -0.574813 0.545455 0.654282 0.473594 0.582946 -0.582946 0.548387 0.654232 0.472825 0.582946 -0.582946 0.547410 
0.654651 0.475747 0.590855 -0.574813 0.541544 0.654503 0.475055 0.590855 -0.574813 0.546432 0.654355 0.474333 0.590855 -0.574813 0.545455 0.654282 0.473594 0.582946 -0.582946 0.548387 0.654232 0.472825 0.582946 -0.582946 0.547410 0.654158 0.472087 0.582946 -0.582946 0.543500 
0.654503 0.475055 0.590855 -0.574813 0.546432 0.654355 0.474333 0.590855 -0.574813 0.545455 0.654282 0.473594 0.582946 -0.582946 0.548387 0.654232 0.472825 0.582946 -0.582946 0.547410 0.654158 0.472087 0.582946 -0.582946 0.543500 0.654109 0.471364 0.582946 -0.582946 0.558162 
0.654355 0.474333 0.590855 -0.574813 0.545455 0.654282 0.473594 0.582946 -0.582946 0.548387 0.654232 0.472825 0.582946 -0.582946 0.547410 0.654158 0.472087 0.582946 -0.582946 0.543500 0.654109 0.471364 0.582946 -0.582946 0.558162 0.654060 0.470626 0.582946 -0.582946 0.565982 
0.654282 0.473594 0.582946 -0.582946 0.548387 0.654232 0.472825 0.582946 -0.582946 0.547410 0.654158 0.472087 0.582946 -0.582946 0.543500 0.654109 0.471364 0.582946 -0.582946 0.558162 0.654060 0.470626 0.582946 -0.582946 0.565982 0.654011 0.469873 0.582946 -0.582946 0.571847 
0.654232 0.472825 0.582946 -0.582946 0.547410 0.654158 0.472087 0.582946 -0.582946 0.543500 0.654109 0.471364 0.582946 -0.582946 0.558162 0.654060 0.470626 0.582946 -0.582946 0.565982 0.654011 0.469873 0.582946 -0.582946 0.571847 0.654011 0.469104 0.582946 -0.582946 0.562072 
0.654158 0.472087 0.582946 -0.582946 0.543500 0.654109 0.471364 0.582946 -0.582946 0.558162 0.654060 0.470626 0.582946 -0.582946 0.565982 0.654011 0.469873 0.582946 -0.582946 0.571847 0.654011 0.469104 0.582946 -0.582946 0.562072 0.653986 0.468350 0.582946 -0.582946 0.561095 
0.654109 0.471364 0.582946 -0.582946 0.558162 0.654060 0.470626 0.582946 -0.582946 0.565982 0.654011 0.469873 0.582946 -0.582946 0.571847 0.654011 0.469104 0.582946 -0.582946 0.562072 0.653986 0.468350 0.582946 -0.582946 0.561095 0.653986 0.467535 0.558940 -0.574754 0.563050 
0.654060 0.470626 0.582946 -0.582946 0.565982 0.654011 0.469873 0.582946 -0.582946 0.571847 0.654011 0.469104 0.582946 -0.582946 0.562072 0.653986 0.468350 0.582946 -0.582946 0.561095 0.653986 0.467535 0.558940 -0.574754 0.563050 0.653986 0.466705 0.558940 -0.574754 0.565982 
0.654011 0.469873 0.582946 -0.582946 0.571847 0.654011 0.469104 0.582946 -0.582946 0.562072 0.653986 0.468350 0.582946 -0.582946 0.561095 0.653986 0.467535 0.558940 -0.574754 0.563050 0.653986 0.466705 0.558940 -0.574754 0.565982 0.653986 0.465843 0.558940 -0.574754 0.561095 
0.654011 0.469104 0.582946 -0.582946 0.562072 0.653986 0.468350 0.582946 -0.582946 0.561095 0.653986 0.467535 0.558940 -0.574754 0.563050 0.653986 0.466705 0.558940 -0.574754 0.565982 0.653986 0.465843 0.558940 -0.574754 0.561095 0.653986 0.464998 0.558940 -0.574754 0.565982 
0.653986 0.468350 0.582946 -0.582946 0.561095 0.653986 0.467535 0.558940 -0.574754 0.563050 0.653986 0.466705 0.558940 -0.574754 0.565982 0.653986 0.465843 0.558940 -0.574754 0.561095 0.653986 0.464998 0.558940 -0.574754 0.565982 0.653986 0.464152 0.558940 -0.574754 0.577713 
0.653986 0.467535 0.558940 -0.574754 0.563050 0.653986 0.466705 0.558940 -0.574754 0.565982 0.653986 0.465843 0.558940 -0.574754 0.561095 0.653986 0.464998 0.558940 -0.574754 0.565982 0.653986 0.464152 0.558940 -0.574754 0.577713 0.653986 0.463306 0.558940 -0.574754 0.583578 
0.653986 0.466705 0.558940 -0.574754 0.565982 0.653986 0.465843 0.558940 -0.574754 0.561095 0.653986 0.464998 0.558940 -0.574754 0.565982 0.653986 0.464152 0.558940 -0.574754 0.577713 0.653986 0.463306 0.558940 -0.574754 0.583578 0.653986 0.462398 0.558940 -0.574754 0.571847 
0.653986 0.465843 0.558940 -0.574754 0.561095 0.653986 0.464998 0.558940 -0.574754 0.565982 0.653986 0.464152 0.558940 -0.574754 0.577713 0.653986 0.463306 0.558940 -0.574754 0.583578 0.653986 0.462398 0.558940 -0.574754 0.571847 0.653986 0.461507 0.558940 -0.574754 0.575758 
0.653986 0.464998 0.558940 -0.574754 0.565982 0.653986 0.464152 0.558940 -0.574754 0.577713 0.653986 0.463306 0.558940 -0.574754 0.583578 0.653986 0.462398 0.558940 -0.574754 0.571847 0.653986 0.461507 0.558940 -0.574754 0.575758 0.653986 0.460676 0.558940 -0.574754 0.558162 
0.653986 0.464152 0.558940 -0.574754 0.577713 0.653986 0.463306 0.558940 -0.574754 0.583578 0.653986 0.462398 0.558940 -0.574754 0.571847 0.653986 0.461507 0.558940 -0.574754 0.575758 0.653986 0.460676 0.558940 -0.574754 0.558162 0.653986 0.459799 0.558940 -0.574754 0.557185 
0.653986 0.463306 0.558940 -0.574754 0.583578 0.653986 0.462398 0.558940 -0.574754 0.571847 0.653986 0.461507 0.558940 -0.574754 0.575758 0.653986 0.460676 0.558940 -0.574754 0.558162 0.653986 0.459799 0.558940 -0.574754 0.557185 0.653986 0.458861 0.582946 -0.582946 0.570870 
0.653986 0.462398 0.558940 -0.574754 0.571847 0.653986 0.461507 0.558940 -0.574754 0.575758 0.653986 0.460676 0.558940 -0.574754 0.558162 0.653986 0.459799 0.558940 -0.574754 0.557185 0.653986 0.458861 0.582946 -0.582946 0.570870 0.653986 0.457877 0.582946 -0.582946 0.573803 
0.653986 0.461507 0.558940 -0.574754 0.575758 0.653986 0.460676 0.558940 -0.574754 0.558162 0.653986 0.459799 0.558940 -0.574754 0.557185 0.653986 0.458861 0.582946 -0.582946 0.570870 0.653986 0.457877 0.582946 -0.582946 0.573803 0.653986 0.456862 0.582946 -0.582946 0.571847 
0.653986 0.460676 0.558940 -0.574754 0.558162 0.653986 0.459799 0.558940 -0.574754 0.557185 0.653986 0.458861 0.582946 -0.582946 0.570870 0.653986 0.457877 0.582946 -0.582946 0.573803 0.653986 0.456862 0.582946 -0.582946 0.571847 0.653986 0.455847 0.582946 -0.582946 0.570870 
0.653986 0.459799 0.558940 -0.574754 0.557185 0.653986 0.458861 0.582946 -0.582946 0.570870 0.653986 0.457877 0.582946 -0.582946 0.573803 0.653986 0.456862 0.582946 -0.582946 0.571847 0.653986 0.455847 0.582946 -0.582946 0.570870 0.653986 0.454863 0.582946 -0.582946 0.575758 
0.653986 0.458861 0.582946 -0.582946 0.570870 0.653986 0.457877 0.582946 -0.582946 0.573803 0.653986 0.456862 0.582946 -0.582946 0.571847 0.653986 0.455847 0.582946 -0.582946 0.570870 0.653986 0.454863 0.582946 -0.582946 0.575758 0.653986 0.453863 0.582946 -0.582946 0.575758 
0.653986 0.457877 0.582946 -0.582946 0.573803 0.653986 0.456862 0.582946 -0.582946 0.571847 0.653986 0.455847 0.582946 -0.582946 0.570870 0.653986 0.454863 0.582946 -0.582946 0.575758 0.653986 0.453863 0.582946 -0.582946 0.575758 0.653986 0.452894 0.582946 -0.582946 0.573803 
0.653986 0.456862 0.582946 -0.582946 0.571847 0.653986 0.455847 0.582946 -0.582946 0.570870 0.653986 0.454863 0.582946 -0.582946 0.575758 0.653986 0.453863 0.582946 -0.582946 0.575758 0.653986 0.452894 0.582946 -0.582946 0.573803 0.653986 0.451925 0.590855 -0.574813 0.567937 
0.653986 0.455847 0.582946 -0.582946 0.570870 0.653986 0.454863 0.582946 -0.582946 0.575758 0.653986 0.453863 0.582946 -0.582946 0.575758 0.653986 0.452894 0.582946 -0.582946 0.573803 0.653986 0.451925 0.590855 -0.574813 0.567937 0.654035 0.450987 0.590855 -0.574813 0.577713 
0.653986 0.454863 0.582946 -0.582946 0.575758 0.653986 0.453863 0.582946 -0.582946 0.575758 0.653986 0.452894 0.582946 -0.582946 0.573803 0.653986 0.451925 0.590855 -0.574813 0.567937 0.654035 0.450987 0.590855 -0.574813 0.577713 0.654134 0.450034 0.599120 -0.599120 0.573803 
0.653986 0.453863 0.582946 -0.582946 0.575758 0.653986 0.452894 0.582946 -0.582946 0.573803 0.653986 0.451925 0.590855 -0.574813 0.567937 0.654035 0.450987 0.590855 -0.574813 0.577713 0.654134 0.450034 0.599120 -0.599120 0.573803 0.654257 0.449126 0.599120 -0.599120 0.570870 
0.653986 0.452894 0.582946 -0.582946 0.573803 0.653986 0.451925 0.590855 -0.574813 0.567937 0.654035 0.450987 0.590855 -0.574813 0.577713 0.654134 0.450034 0.599120 -0.599120 0.573803 0.654257 0.449126 0.599120 -0.599120 0.570870 0.654380 0.448234 0.599120 -0.599120 0.566960 
0.653986 0.451925 0.590855 -0.574813 0.567937 0.654035 0.450987 0.590855 -0.574813 0.577713 0.654134 0.450034 0.599120 -0.599120 0.573803 0.654257 0.449126 0.599120 -0.599120 0.570870 0.654380 0.448234 0.599120 -0.599120 0.566960 0.654503 0.447327 0.599120 -0.599120 0.581623 
0.654035 0.450987 0.590855 -0.574813 0.577713 0.654134 0.450034 0.599120 -0.599120 0.573803 0.654257 0.449126 0.599120 -0.599120 0.570870 0.654380 0.448234 0.599120 -0.599120 0.566960 0.654503 0.447327 0.599120 -0.599120 0.581623 0.654651 0.446404 0.599120 -0.599120 0.591398 
0.654134 0.450034 0.599120 -0.599120 0.573803 0.654257 0.449126 0.599120 -0.599120 0.570870 0.654380 0.448234 0.599120 -0.599120 0.566960 0.654503 0.447327 0.599120 -0.599120 0.581623 0.654651 0.446404 0.599120 -0.599120 0.591398 0.654823 0.445436 0.599120 -0.599120 0.575758 
0.654257 0.449126 0.599120 -0.599120 0.570870 0.654380 0.448234 0.599120 -0.599120 0.566960 0.654503 0.447327 0.599120 -0.599120 0.581623 0.654651 0.446404 0.599120 -0.599120 0.591398 0.654823 0.445436 0.599120 -0.599120 0.575758 0.655044 0.444451 0.599120 -0.599120 0.576735 
0.654380 0.448234 0.599120 -0.599120 0.566960 0.654503 0.447327 0.599120 -0.599120 0.581623 0.654651 0.446404 0.599120 -0.599120 0.591398 0.654823 0.445436 0.599120 -0.599120 0.575758 0.655044 0.444451 0.599120 -0.599120 0.576735 0.655290 0.443482 0.574813 -0.590855 0.582600 
0.654503 0.447327 0.599120 -0.599120 0.581623 0.654651 0.446404 0.599120 -0.599120 0.591398 0.654823 0.445436 0.599120 -0.599120 0.575758 0.655044 0.444451 0.599120 -0.599120 0.576735 0.655290 0.443482 0.574813 -0.590855 0.582600 0.655512 0.442544 0.574813 -0.590855 0.584555 
0.654651 0.446404 0.599120 -0.599120 0.591398 0.654823 0.445436 0.599120 -0.599120 0.575758 0.655044 0.444451 0.599120 -0.599120 0.576735 0.655290 0.443482 0.574813 -0.590855 0.582600 0.655512 0.442544 0.574813 -0.590855 0.584555 0.655758 0.441575 0.574813 -0.590855 0.588465 
0.654823 0.445436 0.599120 -0.599120 0.575758 0.655044 0.444451 0.599120 -0.599120 0.576735 0.655290 0.443482 0.574813 -0.590855 0.582600 0.655512 0.442544 0.574813 -0.590855 0.584555 0.655758 0.441575 0.574813 -0.590855 0.588465 0.656078 0.440576 0.574813 -0.590855 0.594330 
0.655044 0.444451 0.599120 -0.599120 0.576735 0.655290 0.443482 0.574813 -0.590855 0.582600 0.655512 0.442544 0.574813 -0.590855 0.584555 0.655758 0.441575 0.574813 -0.590855 0.588465 0.656078 0.440576 0.574813 -0.590855 0.594330 0.656422 0.439592 0.574813 -0.590855 0.597263 
0.655290 0.443482 0.574813 -0.590855 0.582600 0.655512 0.442544 0.574813 -0.590855 0.584555 0.655758 0.441575 0.574813 -0.590855 0.588465 0.656078 0.440576 0.574813 -0.590855 0.594330 0.656422 0.439592 0.574813 -0.590855 0.597263 0.656767 0.438638 0.574813 -0.590855 0.595308 
0.655512 0.442544 0.574813 -0.590855 0.584555 0.655758 0.441575 0.574813 -0.590855 0.588465 0.656078 0.440576 0.574813 -0.590855 0.594330 0.656422 0.439592 0.574813 -0.590855 0.597263 0.656767 0.438638 0.574813 -0.590855 0.595308 0.657062 0.437715 0.574813 -0.590855 0.596285 
0.655758 0.441575 0.574813 -0.590855 0.588465 0.656078 0.440576 0.574813 -0.590855 0.594330 0.656422 0.439592 0.574813 -0.590855 0.597263 0.656767 0.438638 0.574813 -0.590855 0.595308 0.657062 0.437715 0.574813 -0.590855 0.596285 0.657357 0.436839 0.574813 -0.590855 0.597263 
0.656078 0.440576 0.574813 -0.590855 0.594330 0.656422 0.439592 0.574813 -0.590855 0.597263 0.656767 0.438638 0.574813 -0.590855 0.595308 0.657062 0.437715 0.574813 -0.590855 0.596285 0.657357 0.436839 0.574813 -0.590855 0.597263 0.657653 0.435947 0.566452 -0.598542 0.600196 
0.656422 0.439592 0.574813 -0.590855 0.597263 0.656767 0.438638 0.574813 -0.590855 0.595308 0.657062 0.437715 0.574813 -0.590855 0.596285 0.657357 0.436839 0.574813 -0.590855 0.597263 0.657653 0.435947 0.566452 -0.598542 0.600196 0.657923 0.435070 0.566452 -0.598542 0.595308 
0.656767 0.438638 0.574813 -0.590855 0.595308 0.657062 0.437715 0.574813 -0.590855 0.596285 0.657357 0.436839 0.574813 -0.590855 0.597263 0.657653 0.435947 0.566452 -0.598542 0.600196 0.657923 0.435070 0.566452 -0.598542 0.595308 0.658218 0.434163 0.566452 -0.598542 0.593353 
0.657062 0.437715 0.574813 -0.590855 0.596285 0.657357 0.436839 0.574813 -0.590855 0.597263 0.657653 0.435947 0.566452 -0.598542 0.600196 0.657923 0.435070 0.566452 -0.598542 0.595308 0.658218 0.434163 0.566452 -0.598542 0.593353 0.658514 0.433255 0.566452 -0.598542 0.596285 
0.657357 0.436839 0.574813 -0.590855 0.597263 0.657653 0.435947 0.566452 -0.598542 0.600196 0.657923 0.435070 0.566452 -0.598542 0.595308 0.658218 0.434163 0.566452 -0.598542 0.593353 0.658514 0.433255 0.566452 -0.598542 0.596285 0.658784 0.432363 0.566452 -0.598542 0.596285 
0.657653 0.435947 0.566452 -0.598542 0.600196 0.657923 0.435070 0.566452 -0.598542 0.595308 0.658218 0.434163 0.566452 -0.598542 0.593353 0.658514 0.433255 0.566452 -0.598542 0.596285 0.658784 0.432363 0.566452 -0.598542 0.596285 0.659055 0.431487 0.558940 -0.574754 0.593353 
0.657923 0.435070 0.566452 -0.598542 0.595308 0.658218 0.434163 0.566452 -0.598542 0.593353 0.658514 0.433255 0.566452 -0.598542 0.596285 0.658784 0.432363 0.566452 -0.598542 0.596285 0.659055 0.431487 0.558940 -0.574754 0.593353 0.659326 0.430595 0.558940 -0.574754 0.595308 
0.658218 0.434163 0.566452 -0.598542 0.593353 0.658514 0.433255 0.566452 -0.598542 0.596285 0.658784 0.432363 0.566452 -0.598542 0.596285 0.659055 0.431487 0.558940 -0.574754 0.593353 0.659326 0.430595 0.558940 -0.574754 0.595308 0.659547 0.429688 0.558940 -0.574754 0.604106 
0.658514 0.433255 0.566452 -0.598542 0.596285 0.658784 0.432363 0.566452 -0.598542 0.596285 0.659055 0.431487 0.558940 -0.574754 0.593353 0.659326 0.430595 0.558940 -0.574754 0.595308 0.659547 0.429688 0.558940 -0.574754 0.604106 0.659793 0.428780 0.558940 -0.574754 0.604106 
0.658784 0.432363 0.566452 -0.598542 0.596285 0.659055 0.431487 0.558940 -0.574754 0.593353 0.659326 0.430595 0.558940 -0.574754 0.595308 0.659547 0.429688 0.558940 -0.574754 0.604106 0.659793 0.428780 0.558940 -0.574754 0.604106 0.660039 0.427842 0.558940 -0.574754 0.594330 
0.659055 0.431487 0.558940 -0.574754 0.593353 0.659326 0.430595 0.558940 -0.574754 0.595308 0.659547 0.429688 0.558940 -0.574754 0.604106 0.659793 0.428780 0.558940 -0.574754 0.604106 0.660039 0.427842 0.558940 -0.574754 0.594330 0.660261 0.426950 0.558940 -0.574754 0.597263 
0.659326 0.430595 0.558940 -0.574754 0.595308 0.659547 0.429688 0.558940 -0.574754 0.604106 0.659793 0.428780 0.558940 -0.574754 0.604106 0.660039 0.427842 0.558940 -0.574754 0.594330 0.660261 0.426950 0.558940 -0.574754 0.597263 0.660458 0.426073 0.582946 -0.582946 0.597263 
0.659547 0.429688 0.558940 -0.574754 0.604106 0.659793 0.428780 0.558940 -0.574754 0.604106 0.660039 0.427842 0.558940 -0.574754 0.594330 0.660261 0.426950 0.558940 -0.574754 0.597263 0.660458 0.426073 0.582946 -0.582946 0.597263 0.660605 0.425197 0.582946 -0.582946 0.596285 
0.659793 0.428780 0.558940 -0.574754 0.604106 0.660039 0.427842 0.558940 -0.574754 0.594330 0.660261 0.426950 0.558940 -0.574754 0.597263 0.660458 0.426073 0.582946 -0.582946 0.597263 0.660605 0.425197 0.582946 -0.582946 0.596285 0.660753 0.424289 0.582946 -0.582946 0.595308 
0.660039 0.427842 0.558940 -0.574754 0.594330 0.660261 0.426950 0.558940 -0.574754 0.597263 0.660458 0.426073 0.582946 -0.582946 0.597263 0.660605 0.425197 0.582946 -0.582946 0.596285 0.660753 0.424289 0.582946 -0.582946 0.595308 0.660925 0.423413 0.582946 -0.582946 0.597263 
0.660261 0.426950 0.558940 -0.574754 0.597263 0.660458 0.426073 0.582946 -0.582946 0.597263 0.660605 0.425197 0.582946 -0.582946 0.596285 0.660753 0.424289 0.582946 -0.582946 0.595308 0.660925 0.423413 0.582946 -0.582946 0.597263 0.661048 0.422582 0.582946 -0.582946 0.600196 
0.660458 0.426073 0.582946 -0.582946 0.597263 0.660605 0.425197 0.582946 -0.582946 0.596285 0.660753 0.424289 0.582946 -0.582946 0.595308 0.660925 0.423413 0.582946 -0.582946 0.597263 0.661048 0.422582 0.582946 -0.582946 0.600196 0.661122 0.421798 0.590855 -0.574813 0.591398 
0.660605 0.425197 0.582946 -0.582946 0.596285 0.660753 0.424289 0.582946 -0.582946 0.595308 0.660925 0.423413 0.582946 -0.582946 0.597263 0.661048 0.422582 0.582946 -0.582946 0.600196 0.661122 0.421798 0.590855 -0.574813 0.591398 0.661196 0.420998 0.590855 -0.574813 0.600196 
0.660753 0.424289 0.582946 -0.582946 0.595308 0.660925 0.423413 0.582946 -0.582946 0.597263 0.661048 0.422582 0.582946 -0.582946 0.600196 0.661122 0.421798 0.590855 -0.574813 0.591398 0.661196 0.420998 0.590855 -0.574813 0.600196 0.661270 0.420214 0.590855 -0.574813 0.586510 
0.660925 0.423413 0.582946 -0.582946 0.597263 0.661048 0.422582 0.582946 -0.582946 0.600196 0.661122 0.421798 0.590855 -0.574813 0.591398 0.661196 0.420998 0.590855 -0.574813 0.600196 0.661270 0.420214 0.590855 -0.574813 0.586510 0.661319 0.419399 0.590855 -0.574813 0.579668 
0.661048 0.422582 0.582946 -0.582946 0.600196 0.661122 0.421798 0.590855 -0.574813 0.591398 0.661196 0.420998 0.590855 -0.574813 0.600196 0.661270 0.420214 0.590855 -0.574813 0.586510 0.661319 0.419399 0.590855 -0.574813 0.579668 0.661393 0.418599 0.590855 -0.574813 0.587488 
0.661122 0.421798 0.590855 -0.574813 0.591398 0.661196 0.420998 0.590855 -0.574813 0.600196 0.661270 0.420214 0.590855 -0.574813 0.586510 0.661319 0.419399 0.590855 -0.574813 0.579668 0.661393 0.418599 0.590855 -0.574813 0.587488 0.661467 0.417815 0.590855 -0.574813 0.591398 
0.661196 0.420998 0.590855 -0.574813 0.600196 0.661270 0.420214 0.590855 -0.574813 0.586510 0.661319 0.419399 0.590855 -0.574813 0.579668 0.661393 0.418599 0.590855 -0.574813 0.587488 0.661467 0.417815 0.590855 -0.574813 0.591398 0.661516 0.417000 0.590855 -0.574813 0.592375 
0.661270 0.420214 0.590855 -0.574813 0.586510 0.661319 0.419399 0.590855 -0.574813 0.579668 0.661393 0.418599 0.590855 -0.574813 0.587488 0.661467 0.417815 0.590855 -0.574813 0.591398 0.661516 0.417000 0.590855 -0.574813 0.592375 0.661590 0.416154 0.590855 -0.574813 0.600196 
0.661319 0.419399 0.590855 -0.574813 0.579668 0.661393 0.418599 0.590855 -0.574813 0.587488 0.661467 0.417815 0.590855 -0.574813 0.591398 0.661516 0.417000 0.590855 -0.574813 0.592375 0.661590 0.416154 0.590855 -0.574813 0.600196 0.661688 0.415277 0.590855 -0.574813 0.597263 
0.661393 0.418599 0.590855 -0.574813 0.587488 0.661467 0.417815 0.590855 -0.574813 0.591398 0.661516 0.417000 0.590855 -0.574813 0.592375 0.661590 0.416154 0.590855 -0.574813 0.600196 0.661688 0.415277 0.590855 -0.574813 0.597263 0.661762 0.414432 0.590855 -0.574813 0.596285 
0.661467 0.417815 0.590855 -0.574813 0.591398 0.661516 0.417000 0.590855 -0.574813 0.592375 0.661590 0.416154 0.590855 -0.574813 0.600196 0.661688 0.415277 0.590855 -0.574813 0.597263 0.661762 0.414432 0.590855 -0.574813 0.596285 0.661811 0.413586 0.582946 -0.582946 0.594330 
0.661516 0.417000 0.590855 -0.574813 0.592375 0.661590 0.416154 0.590855 -0.574813 0.600196 0.661688 0.415277 0.590855 -0.574813 0.597263 0.661762 0.414432 0.590855 -0.574813 0.596285 0.661811 0.413586 0.582946 -0.582946 0.594330 0.661885 0.412755 0.582946 -0.582946 0.597263 
0.661590 0.416154 0.590855 -0.574813 0.600196 0.661688 0.415277 0.590855 -0.574813 0.597263 0.661762 0.414432 0.590855 -0.574813 0.596285 0.661811 0.413586 0.582946 -0.582946 0.594330 0.661885 0.412755 0.582946 -0.582946 0.597263 0.661909 0.411909 0.582946 -0.582946 0.593353 
0.661688 0.415277 0.590855 -0.574813 0.597263 0.661762 0.414432 0.590855 -0.574813 0.596285 0.661811 0.413586 0.582946 -0.582946 0.594330 0.661885 0.412755 0.582946 -0.582946 0.597263 0.661909 0.411909 0.582946 -0.582946 0.593353 0.661959 0.411064 0.582946 -0.582946 0.598240 
0.661762 0.414432 0.590855 -0.574813 0.596285 0.661811 0.413586 0.582946 -0.582946 0.594330 0.661885 0.412755 0.582946 -0.582946 0.597263 0.661909 0.411909 0.582946 -0.582946 0.593353 0.661959 0.411064 0.582946 -0.582946 0.598240 0.661983 0.410202 0.582946 -0.582946 0.594330 
0.661811 0.413586 0.582946 -0.582946 0.594330 0.661885 0.412755 0.582946 -0.582946 0.597263 0.661909 0.411909 0.582946 -0.582946 0.593353 0.661959 0.411064 0.582946 -0.582946 0.598240 0.661983 0.410202 0.582946 -0.582946 0.594330 0.661983 0.409357 0.582946 -0.582946 0.595308 
0.661885 0.412755 0.582946 -0.582946 0.597263 0.661909 0.411909 0.582946 -0.582946 0.593353 0.661959 0.411064 0.582946 -0.582946 0.598240 0.661983 0.410202 0.582946 -0.582946 0.594330 0.661983 0.409357 0.582946 -0.582946 0.595308 0.661983 0.408541 0.582946 -0.582946 0.597263 
0.661909 0.411909 0.582946 -0.582946 0.593353 0.661959 0.411064 0.582946 -0.582946 0.598240 0.661983 0.410202 0.582946 -0.582946 0.594330 0.661983 0.409357 0.582946 -0.582946 0.595308 0.661983 0.408541 0.582946 -0.582946 0.597263 0.661983 0.407680 0.582946 -0.582946 0.600196 
0.661959 0.411064 0.582946 -0.582946 0.598240 0.661983 0.410202 0.582946 -0.582946 0.594330 0.661983 0.409357 0.582946 -0.582946 0.595308 0.661983 0.408541 0.582946 -0.582946 0.597263 0.661983 0.407680 0.582946 -0.582946 0.600196 0.661983 0.406804 0.558940 -0.574754 0.594330 
0.661983 0.410202 0.582946 -0.582946 0.594330 0.661983 0.409357 0.582946 -0.582946 0.595308 0.661983 0.408541 0.582946 -0.582946 0.597263 0.661983 0.407680 0.582946 -0.582946 0.600196 0.661983 0.406804 0.558940 -0.574754 0.594330 0.662032 0.405927 0.558940 -0.574754 0.591398 
0.661983 0.409357 0.582946 -0.582946 0.595308 0.661983 0.408541 0.582946 -0.582946 0.597263 0.661983 0.407680 0.582946 -0.582946 0.600196 0.661983 0.406804 0.558940 -0.574754 0.594330 0.662032 0.405927 0.558940 -0.574754 0.591398 0.662032 0.405050 0.566452 -0.598542 0.592375 
0.661983 0.408541 0.582946 -0.582946 0.597263 0.661983 0.407680 0.582946 -0.582946 0.600196 0.661983 0.406804 0.558940 -0.574754 0.594330 0.662032 0.405927 0.558940 -0.574754 0.591398 0.662032 0.405050 0.566452 -0.598542 0.592375 0.662032 0.404205 0.566452 -0.598542 0.596285 
0.661983 0.407680 0.582946 -0.582946 0.600196 0.661983 0.406804 0.558940 -0.574754 0.594330 0.662032 0.405927 0.558940 -0.574754 0.591398 0.662032 0.405050 0.566452 -0.598542 0.592375 0.662032 0.404205 0.566452 -0.598542 0.596285 0.662032 0.403343 0.566452 -0.598542 0.598240 
0.661983 0.406804 0.558940 -0.574754 0.594330 0.662032 0.405927 0.558940 -0.574754 0.591398 0.662032 0.405050 0.566452 -0.598542 0.592375 0.662032 0.404205 0.566452 -0.598542 0.596285 0.662032 0.403343 0.566452 -0.598542 0.598240 0.662057 0.402451 0.566452 -0.598542 0.592375 
0.662032 0.405927 0.558940 -0.574754 0.591398 0.662032 0.405050 0.566452 -0.598542 0.592375 0.662032 0.404205 0.566452 -0.598542 0.596285 0.662032 0.403343 0.566452 -0.598542 0.598240 0.662057 0.402451 0.566452 -0.598542 0.592375 0.662082 0.401575 0.566452 -0.598542 0.598240 
0.662032 0.405050 0.566452 -0.598542 0.592375 0.662032 0.404205 0.566452 -0.598542 0.596285 0.662032 0.403343 0.566452 -0.598542 0.598240 0.662057 0.402451 0.566452 -0.598542 0.592375 0.662082 0.401575 0.566452 -0.598542 0.598240 0.662106 0.400714 0.566452 -0.598542 0.598240 
0.662032 0.404205 0.566452 -0.598542 0.596285 0.662032 0.403343 0.566452 -0.598542 0.598240 0.662057 0.402451 0.566452 -0.598542 0.592375 0.662082 0.401575 0.566452 -0.598542 0.598240 0.662106 0.400714 0.566452 -0.598542 0.598240 0.662106 0.399883 0.566452 -0.598542 0.601173 
0.622392 0.406619 0.641237 -0.466443 0.621701 0.623007 0.406281 0.641237 -0.466443 0.619746 0.623597 0.405958 0.635497 -0.476721 0.620723 0.624237 0.405604 0.635497 -0.476721 0.621701 0.624877 0.405235 0.635497 -0.476721 0.622678 0.625566 0.404866 0.635497 -0.476721 0.619746 
0.623007 0.406281 0.641237 -0.466443 0.619746 0.623597 0.405958 0.635497 -0.476721 0.620723 0.624237 0.405604 0.635497 -0.476721 0.621701 0.624877 0.405235 0.635497 -0.476721 0.622678 0.625566 0.404866 0.635497 -0.476721 0.619746 0.626255 0.404481 0.635497 -0.476721 0.620723 
0.623597 0.405958 0.635497 -0.476721 0.620723 0.624237 0.405604 0.635497 -0.476721 0.621701 0.624877 0.405235 0.635497 -0.476721 0.622678 0.625566 0.404866 0.635497 -0.476721 0.619746 0.626255 0.404481 0.635497 -0.476721 0.620723 0.626944 0.404097 0.635497 -0.476721 0.622678 
0.624237 0.405604 0.635497 -0.476721 0.621701 0.624877 0.405235 0.635497 -0.476721 0.622678 0.625566 0.404866 0.635497 -0.476721 0.619746 0.626255 0.404481 0.635497 -0.476721 0.620723 0.626944 0.404097 0.635497 -0.476721 0.622678 0.627559 0.403759 0.635497 -0.476721 0.620723 
0.624877 0.405235 0.635497 -0.476721 0.622678 0.625566 0.404866 0.635497 -0.476721 0.619746 0.626255 0.404481 0.635497 -0.476721 0.620723 0.626944 0.404097 0.635497 -0.476721 0.622678 0.627559 0.403759 0.635497 -0.476721 0.620723 0.628150 0.403436 0.635497 -0.476721 0.619746 
0.625566 0.404866 0.635497 -0.476721 0.619746 0.626255 0.404481 0.635497 -0.476721 0.620723 0.626944 0.404097 0.635497 -0.476721 0.622678 0.627559 0.403759 0.635497 -0.476721 0.620723 0.628150 0.403436 0.635497 -0.476721 0.619746 0.628740 0.403097 0.635497 -0.476721 0.617791 
0.626255 0.404481 0.635497 -0.476721 0.620723 0.626944 0.404097 0.635497 -0.476721 0.622678 0.627559 0.403759 0.635497 -0.476721 0.620723 0.628150 0.403436 0.635497 -0.476721 0.619746 0.628740 0.403097 0.635497 -0.476721 0.617791 0.629306 0.402774 0.635497 -0.476721 0.616813 
0.626944 0.404097 0.635497 -0.476721 0.622678 0.627559 0.403759 0.635497 -0.476721 0.620723 0.628150 0.403436 0.635497 -0.476721 0.619746 0.628740 0.403097 0.635497 -0.476721 0.617791 0.629306 0.402774 0.635497 -0.476721 0.616813 0.629897 0.402451 0.635497 -0.476721 0.618768 
0.627559 0.403759 0.635497 -0.476721 0.620723 0.628150 0.403436 0.635497 -0.476721 0.619746 0.628740 0.403097 0.635497 -0.476721 0.617791 0.629306 0.402774 0.635497 -0.476721 0.616813 0.629897 0.402451 0.635497 -0.476721 0.618768 0.630463 0.402144 0.635497 -0.476721 0.623656 
0.628150 0.403436 0.635497 -0.476721 0.619746 0.628740 0.403097 0.635497 -0.476721 0.617791 0.629306 0.402774 0.635497 -0.476721 0.616813 0.629897 0.402451 0.635497 -0.476721 0.618768 0.630463 0.402144 0.635497 -0.476721 0.623656 0.631004 0.401882 0.635497 -0.476721 0.624633 
0.628740 0.403097 0.635497 -0.476721 0.617791 0.629306 0.402774 0.635497 -0.476721 0.616813 0.629897 0.402451 0.635497 -0.476721 0.618768 0.630463 0.402144 0.635497 -0.476721 0.623656 0.631004 0.401882 0.635497 -0.476721 0.624633 0.631496 0.401636 0.635497 -0.476721 0.625611 
0.629306 0.402774 0.635497 -0.476721 0.616813 0.629897 0.402451 0.635497 -0.476721 0.618768 0.630463 0.402144 0.635497 -0.476721 0.623656 0.631004 0.401882 0.635497 -0.476721 0.624633 0.631496 0.401636 0.635497 -0.476721 0.625611 0.631988 0.401390 0.635497 -0.476721 0.626588 
0.629897 0.402451 0.635497 -0.476721 0.618768 0.630463 0.402144 0.635497 -0.476721 0.623656 0.631004 0.401882 0.635497 -0.476721 0.624633 0.631496 0.401636 0.635497 -0.476721 0.625611 0.631988 0.401390 0.635497 -0.476721 0.626588 0.632480 0.401144 0.635497 -0.476721 0.629521 
0.630463 0.402144 0.635497 -0.476721 0.623656 0.631004 0.401882 0.635497 -0.476721 0.624633 0.631496 0.401636 0.635497 -0.476721 0.625611 0.631988 0.401390 0.635497 -0.476721 0.626588 0.632480 0.401144 0.635497 -0.476721 0.629521 0.632948 0.400929 0.635497 -0.476721 0.626588 
0.631004 0.401882 0.635497 -0.476721 0.624633 0.631496 0.401636 0.635497 -0.476721 0.625611 0.631988 0.401390 0.635497 -0.476721 0.626588 0.632480 0.401144 0.635497 -0.476721 0.629521 0.632948 0.400929 0.635497 -0.476721 0.626588 0.633415 0.400714 0.635497 -0.476721 0.629521 
0.631496 0.401636 0.635497 -0.476721 0.625611 0.631988 0.401390 0.635497 -0.476721 0.626588 0.632480 0.401144 0.635497 -0.476721 0.629521 0.632948 0.400929 0.635497 -0.476721 0.626588 0.633415 0.400714 0.635497 -0.476721 0.629521 0.633834 0.400514 0.635497 -0.476721 0.632454 
0.631988 0.401390 0.635497 -0.476721 0.626588 0.632480 0.401144 0.635497 -0.476721 0.629521 0.632948 0.400929 0.635497 -0.476721 0.626588 0.633415 0.400714 0.635497 -0.476721 0.629521 0.633834 0.400514 0.635497 -0.476721 0.632454 0.634301 0.400314 0.635497 -0.476721 0.633431 
0.632480 0.401144 0.635497 -0.476721 0.629521 0.632948 0.400929 0.635497 -0.476721 0.626588 0.633415 0.400714 0.635497 -0.476721 0.629521 0.633834 0.400514 0.635497 -0.476721 0.632454 0.634301 0.400314 0.635497 -0.476721 0.633431 0.634744 0.400083 0.635497 -0.476721 0.632454 
0.632948 0.400929 0.635497 -0.476721 0.626588 0.633415 0.400714 0.635497 -0.476721 0.629521 0.633834 0.400514 0.635497 -0.476721 0.632454 0.634301 0.400314 0.635497 -0.476721 0.633431 0.634744 0.400083 0.635497 -0.476721 0.632454 0.635285 0.399852 0.635497 -0.476721 0.633431 
0.633415 0.400714 0.635497 -0.476721 0.629521 0.633834 0.400514 0.635497 -0.476721 0.632454 0.634301 0.400314 0.635497 -0.476721 0.633431 0.634744 0.400083 0.635497 -0.476721 0.632454 0.635285 0.399852 0.635497 -0.476721 0.633431 0.635802 0.399622 0.635497 -0.476721 0.631476 
0.633834 0.400514 0.635497 -0.476721 0.632454 0.634301 0.400314 0.635497 -0.476721 0.633431 0.634744 0.400083 0.635497 -0.476721 0.632454 0.635285 0.399852 0.635497 -0.476721 0.633431 0.635802 0.399622 0.635497 -0.476721 0.631476 0.636319 0.399391 0.641237 -0.466443 0.630499 
0.656521 0.392594 0.677636 -0.577556 0.000000 0.655610 0.394055 0.677636 -0.577556 0.000000 0.654577 0.395608 0.653691 -0.571288 0.000000 0.653716 0.397269 0.646508 -0.580623 0.000000 0.652707 0.399037 0.629804 -0.564723 0.000000 0.651747 0.401067 0.596864 -0.533567 0.000000 
0.655610 0.394055 0.677636 -0.577556 0.000000 0.654577 0.395608 0.653691 -0.571288 0.000000 0.653716 0.397269 0.646508 -0.580623 0.000000 0.652707 0.399037 0.629804 -0.564723 0.000000 0.651747 0.401067 0.596864 -0.533567 0.000000 0.651722 0.403205 0.541732 -0.496565 0.000000 
0.654577 0.395608 0.653691 -0.571288 0.000000 0.653716 0.397269 0.646508 -0.580623 0.000000 0.652707 0.399037 0.629804 -0.564723 0.000000 0.651747 0.401067 0.596864 -0.533567 0.000000 0.651722 0.403205 0.541732 -0.496565 0.000000 0.650148 0.405420 0.479799 -0.438156 0.000000 
0.653716 0.397269 0.646508 -0.580623 0.000000 0.652707 0.399037 0.629804 -0.564723 0.000000 0.651747 0.401067 0.596864 -0.533567 0.000000 0.651722 0.403205 0.541732 -0.496565 0.000000 0.650148 0.405420 0.479799 -0.438156 0.000000 0.648302 0.407649 0.419962 -0.382276 0.000000 
0.652707 0.399037 0.629804 -0.564723 0.000000 0.651747 0.401067 0.596864 -0.533567 0.000000 0.651722 0.403205 0.541732 -0.496565 0.000000 0.650148 0.405420 0.479799 -0.438156 0.000000 0.648302 0.407649 0.419962 -0.382276 0.000000 0.646973 0.409849 0.356703 -0.334442 0.000000 
0.651747 0.401067 0.596864 -0.533567 0.000000 0.651722 0.403205 0.541732 -0.496565 0.000000 0.650148 0.405420 0.479799 -0.438156 0.000000 0.648302 0.407649 0.419962 -0.382276 0.000000 0.646973 0.409849 0.356703 -0.334442 0.000000 0.645423 0.412033 0.278277 -0.278277 0.000000 
0.651722 0.403205 0.541732 -0.496565 0.000000 0.650148 0.405420 0.479799 -0.438156 0.000000 0.648302 0.407649 0.419962 -0.382276 0.000000 0.646973 0.409849 0.356703 -0.334442 0.000000 0.645423 0.412033 0.278277 -0.278277 0.000000 0.643750 0.414201 0.205563 -0.219979 0.000000 
0.650148 0.405420 0.479799 -0.438156 0.000000 0.648302 0.407649 0.419962 -0.382276 0.000000 0.646973 0.409849 0.356703 -0.334442 0.000000 0.645423 0.412033 0.278277 -0.278277 0.000000 0.643750 0.414201 0.205563 -0.219979 0.000000 0.642003 0.416369 0.153269 -0.169914 0.000000 
0.648302 0.407649 0.419962 -0.382276 0.000000 0.646973 0.409849 0.356703 -0.334442 0.000000 0.645423 0.412033 0.278277 -0.278277 0.000000 0.643750 0.414201 0.205563 -0.219979 0.000000 0.642003 0.416369 0.153269 -0.169914 0.000000 0.639936 0.418369 0.105721 -0.139901 0.000000 
0.646973 0.409849 0.356703 -0.334442 0.000000 0.645423 0.412033 0.278277 -0.278277 0.000000 0.643750 0.414201 0.205563 -0.219979 0.000000 0.642003 0.416369 0.153269 -0.169914 0.000000 0.639936 0.418369 0.105721 -0.139901 0.000000 0.637894 0.420306 0.068553 -0.101444 0.000000 
0.645423 0.412033 0.278277 -0.278277 0.000000 0.643750 0.414201 0.205563 -0.219979 0.000000 0.642003 0.416369 0.153269 -0.169914 0.000000 0.639936 0.418369 0.105721 -0.139901 0.000000 0.637894 0.420306 0.068553 -0.101444 0.000000 0.635704 0.422229 0.031735 -0.062225 0.000000 
0.643750 0.414201 0.205563 -0.219979 0.000000 0.642003 0.416369 0.153269 -0.169914 0.000000 0.639936 0.418369 0.105721 -0.139901 0.000000 0.637894 0.420306 0.068553 -0.101444 0.000000 0.635704 0.422229 0.031735 -0.062225 0.000000 0.633637 0.424151 0.016193 -0.049802 0.000000 
0.642003 0.416369 0.153269 -0.169914 0.000000 0.639936 0.418369 0.105721 -0.139901 0.000000 0.637894 0.420306 0.068553 -0.101444 0.000000 0.635704 0.422229 0.031735 -0.062225 0.000000 0.633637 0.424151 0.016193 -0.049802 0.000000 0.631570 0.426058 0.000000 -0.034907 0.000000 
0.639936 0.418369 0.105721 -0.139901 0.000000 0.637894 0.420306 0.068553 -0.101444 0.000000 0.635704 0.422229 0.031735 -0.062225 0.000000 0.633637 0.424151 0.016193 -0.049802 0.000000 0.631570 0.426058 0.000000 -0.034907 0.000000 0.629577 0.427950 0.000000 -0.017453 0.000000 
0.637894 0.420306 0.068553 -0.101444 0.000000 0.635704 0.422229 0.031735 -0.062225 0.000000 0.633637 0.424151 0.016193 -0.049802 0.000000 0.631570 0.426058 0.000000 -0.034907 0.000000 0.629577 0.427950 0.000000 -0.017453 0.000000 0.627756 0.429795 0.000000 -0.017453 0.000000 
0.635704 0.422229 0.031735 -0.062225 0.000000 0.633637 0.424151 0.016193 -0.049802 0.000000 0.631570 0.426058 0.000000 -0.034907 0.000000 0.629577 0.427950 0.000000 -0.017453 0.000000 0.627756 0.429795 0.000000 -0.017453 0.000000 0.626033 0.431579 -0.012342 -0.012342 0.000000 
0.622933 0.484667 0.172962 -0.085005 0.000000 0.623155 0.486590 0.180220 -0.109040 0.000000 0.623647 0.488604 0.180220 -0.109040 0.000000 0.624114 0.490742 0.180220 -0.109040 0.000000 0.624557 0.492880 0.159775 -0.108271 0.000000 0.625295 0.495048 0.159775 -0.108271 0.000000 
0.623155 0.486590 0.180220 -0.109040 0.000000 0.623647 0.488604 0.180220 -0.109040 0.000000 0.624114 0.490742 0.180220 -0.109040 0.000000 0.624557 0.492880 0.159775 -0.108271 0.000000 0.625295 0.495048 0.159775 -0.108271 0.000000 0.626009 0.497170 0.139901 -0.105721 0.000000 
0.622662 0.503845 0.656953 -0.526456 0.450635 0.623228 0.502414 0.633723 -0.521168 0.452590 0.623794 0.500953 0.633723 -0.521168 0.449658 0.624385 0.499539 0.633723 -0.521168 0.447703 0.624926 0.498155 0.623427 -0.496585 0.453568 0.625517 0.496755 0.623427 -0.496585 0.455523 
0.623228 0.502414 0.633723 -0.521168 0.452590 0.623794 0.500953 0.633723 -0.521168 0.449658 0.624385 0.499539 0.633723 -0.521168 0.447703 0.624926 0.498155 0.623427 -0.496585 0.453568 0.625517 0.496755 0.623427 -0.496585 0.455523 0.626083 0.495386 0.623427 -0.496585 0.441838 
0.623794 0.500953 0.633723 -0.521168 0.449658 0.624385 0.499539 0.633723 -0.521168 0.447703 0.624926 0.498155 0.623427 -0.496585 0.453568 0.625517 0.496755 0.623427 -0.496585 0.455523 0.626083 0.495386 0.623427 -0.496585 0.441838 0.626624 0.494002 0.623427 -0.496585 0.435973 
0.624385 0.499539 0.633723 -0.521168 0.447703 0.624926 0.498155 0.623427 -0.496585 0.453568 0.625517 0.496755 0.623427 -0.496585 0.455523 0.626083 0.495386 0.623427 -0.496585 0.441838 0.626624 0.494002 0.623427 -0.496585 0.435973 0.627165 0.492603 0.623427 -0.496585 0.436950 
0.624926 0.498155 0.623427 -0.496585 0.453568 0.625517 0.496755 0.623427 -0.496585 0.455523 0.626083 0.495386 0.623427 -0.496585 0.441838 0.626624 0.494002 0.623427 -0.496585 0.435973 0.627165 0.492603 0.623427 -0.496585 0.436950 0.627707 0.491188 0.623427 -0.496585 0.439883 
0.625517 0.496755 0.623427 -0.496585 0.455523 0.626083 0.495386 0.623427 -0.496585 0.441838 0.626624 0.494002 0.623427 -0.496585 0.435973 0.627165 0.492603 0.623427 -0.496585 0.436950 0.627707 0.491188 0.623427 -0.496585 0.439883 0.628223 0.489758 0.623427 -0.496585 0.433040 
0.626083 0.495386 0.623427 -0.496585 0.441838 0.626624 0.494002 0.623427 -0.496585 0.435973 0.627165 0.492603 0.623427 -0.496585 0.436950 0.627707 0.491188 0.623427 -0.496585 0.439883 0.628223 0.489758 0.623427 -0.496585 0.433040 0.628691 0.488343 0.623427 -0.496585 0.447703 
0.626624 0.494002 0.623427 -0.496585 0.435973 0.627165 0.492603 0.623427 -0.496585 0.436950 0.627707 0.491188 0.623427 -0.496585 0.439883 0.628223 0.489758 0.623427 -0.496585 0.433040 0.628691 0.488343 0.623427 -0.496585 0.447703 0.629134 0.486913 0.623427 -0.496585 0.442815 
0.627165 0.492603 0.623427 -0.496585 0.436950 0.627707 0.491188 0.623427 -0.496585 0.439883 0.628223 0.489758 0.623427 -0.496585 0.433040 0.628691 0.488343 0.623427 -0.496585 0.447703 0.629134 0.486913 0.623427 -0.496585 0.442815 0.629503 0.485528 0.623427 -0.496585 0.435973 
0.627707 0.491188 0.623427 -0.496585 0.439883 0.628223 0.489758 0.623427 -0.496585 0.433040 0.628691 0.488343 0.623427 -0.496585 0.447703 0.629134 0.486913 0.623427 -0.496585 0.442815 0.629503 0.485528 0.623427 -0.496585 0.435973 0.629847 0.484129 0.623427 -0.496585 0.444770 
0.628223 0.489758 0.623427 -0.496585 0.433040 0.628691 0.488343 0.623427 -0.496585 0.447703 0.629134 0.486913 0.623427 -0.496585 0.442815 0.629503 0.485528 0.623427 -0.496585 0.435973 0.629847 0.484129 0.623427 -0.496585 0.444770 0.630167 0.482760 0.623427 -0.496585 0.437928 
0.628691 0.488343 0.623427 -0.496585 0.447703 0.629134 0.486913 0.623427 -0.496585 0.442815 0.629503 0.485528 0.623427 -0.496585 0.435973 0.629847 0.484129 0.623427 -0.496585 0.444770 0.630167 0.482760 0.623427 -0.496585 0.437928 0.630413 0.481438 0.623427 -0.496585 0.434018 
0.629134 0.486913 0.623427 -0.496585 0.442815 0.629503 0.485528 0.623427 -0.496585 0.435973 0.629847 0.484129 0.623427 -0.496585 0.444770 0.630167 0.482760 0.623427 -0.496585 0.437928 0.630413 0.481438 0.623427 -0.496585 0.434018 0.630659 0.480115 0.623427 -0.496585 0.440860 
0.629503 0.485528 0.623427 -0.496585 0.435973 0.629847 0.484129 0.623427 -0.496585 0.444770 0.630167 0.482760 0.623427 -0.496585 0.437928 0.630413 0.481438 0.623427 -0.496585 0.434018 0.630659 0.480115 0.623427 -0.496585 0.440860 0.630881 0.478823 0.623427 -0.496585 0.438905 
0.629847 0.484129 0.623427 -0.496585 0.444770 0.630167 0.482760 0.623427 -0.496585 0.437928 0.630413 0.481438 0.623427 -0.496585 0.434018 0.630659 0.480115 0.623427 -0.496585 0.440860 0.630881 0.478823 0.623427 -0.496585 0.438905 0.631053 0.477501 0.623427 -0.496585 0.429130 
0.630167 0.482760 0.623427 -0.496585 0.437928 0.630413 0.481438 0.623427 -0.496585 0.434018 0.630659 0.480115 0.623427 -0.496585 0.440860 0.630881 0.478823 0.623427 -0.496585 0.438905 0.631053 0.477501 0.623427 -0.496585 0.429130 0.631225 0.476163 0.633723 -0.521168 0.439883 
0.630413 0.481438 0.623427 -0.496585 0.434018 0.630659 0.480115 0.623427 -0.496585 0.440860 0.630881 0.478823 0.623427 -0.496585 0.438905 0.631053 0.477501 0.623427 -0.496585 0.429130 0.631225 0.476163 0.633723 -0.521168 0.439883 0.631398 0.474855 0.603813 -0.524662 0.447703 
0.630659 0.480115 0.623427 -0.496585 0.440860 0.630881 0.478823 0.623427 -0.496585 0.438905 0.631053 0.477501 0.623427 -0.496585 0.429130 0.631225 0.476163 0.633723 -0.521168 0.439883 0.631398 0.474855 0.603813 -0.524662 0.447703 0.631545 0.473564 0.603813 -0.524662 0.441838 
0.630881 0.478823 0.623427 -0.496585 0.438905 0.631053 0.477501 0.623427 -0.496585 0.429130 0.631225 0.476163 0.633723 -0.521168 0.439883 0.631398 0.474855 0.603813 -0.524662 0.447703 0.631545 0.473564 0.603813 -0.524662 0.441838 0.631693 0.472287 0.603813 -0.524662 0.445748 
0.631053 0.477501 0.623427 -0.496585 0.429130 0.631225 0.476163 0.633723 -0.521168 0.439883 0.631398 0.474855 0.603813 -0.524662 0.447703 0.631545 0.473564 0.603813 -0.524662 0.441838 0.631693 0.472287 0.603813 -0.524662 0.445748 0.631816 0.471041 0.603813 -0.524662 0.444770 
0.631225 0.476163 0.633723 -0.521168 0.439883 0.631398 0.474855 0.603813 -0.524662 0.447703 0.631545 0.473564 0.603813 -0.524662 0.441838 0.631693 0.472287 0.603813 -0.524662 0.445748 0.631816 0.471041 0.603813 -0.524662 0.444770 0.631914 0.469827 0.603813 -0.524662 0.444770 
0.631398 0.474855 0.603813 -0.524662 0.447703 0.631545 0.473564 0.603813 -0.524662 0.441838 0.631693 0.472287 0.603813 -0.524662 0.445748 0.631816 0.471041 0.603813 -0.524662 0.444770 0.631914 0.469827 0.603813 -0.524662 0.444770 0.632013 0.468642 0.603813 -0.524662 0.436950 
0.631545 0.473564 0.603813 -0.524662 0.441838 0.631693 0.472287 0.603813 -0.524662 0.445748 0.631816 0.471041 0.603813 -0.524662 0.444770 0.631914 0.469827 0.603813 -0.524662 0.444770 0.632013 0.468642 0.603813 -0.524662 0.436950 0.632136 0.467474 0.596864 -0.533567 0.438905 
0.631693 0.472287 0.603813 -0.524662 0.445748 0.631816 0.471041 0.603813 -0.524662 0.444770 0.631914 0.469827 0.603813 -0.524662 0.444770 0.632013 0.468642 0.603813 -0.524662 0.436950 0.632136 0.467474 0.596864 -0.533567 0.438905 0.632259 0.466336 0.596864 -0.533567 0.434018 
0.631816 0.471041 0.603813 -0.524662 0.444770 0.631914 0.469827 0.603813 -0.524662 0.444770 0.632013 0.468642 0.603813 -0.524662 0.436950 0.632136 0.467474 0.596864 -0.533567 0.438905 0.632259 0.466336 0.596864 -0.533567 0.434018 0.632382 0.465213 0.596864 -0.533567 0.435973 
0.631914 0.469827 0.603813 -0.524662 0.444770 0.632013 0.468642 0.603813 -0.524662 0.436950 0.632136 0.467474 0.596864 -0.533567 0.438905 0.632259 0.466336 0.596864 -0.533567 0.434018 0.632382 0.465213 0.596864 -0.533567 0.435973 0.632480 0.464075 0.596864 -0.533567 0.434018 
0.632013 0.468642 0.603813 -0.524662 0.436950 0.632136 0.467474 0.596864 -0.533567 0.438905 0.632259 0.466336 0.596864 -0.533567 0.434018 0.632382 0.465213 0.596864 -0.533567 0.435973 0.632480 0.464075 0.596864 -0.533567 0.434018 0.632579 0.462983 0.596864 -0.533567 0.441838 
0.632136 0.467474 0.596864 -0.533567 0.438905 0.632259 0.466336 0.596864 -0.533567 0.434018 0.632382 0.465213 0.596864 -0.533567 0.435973 0.632480 0.464075 0.596864 -0.533567 0.434018 0.632579 0.462983 0.596864 -0.533567 0.441838 0.632677 0.461891 0.596864 -0.533567 0.436950 
0.632259 0.466336 0.596864 -0.533567 0.434018 0.632382 0.465213 0.596864 -0.533567 0.435973 0.632480 0.464075 0.596864 -0.533567 0.434018 0.632579 0.462983 0.596864 -0.533567 0.441838 0.632677 0.461891 0.596864 -0.533567 0.436950 0.632726 0.460784 0.596864 -0.533567 0.425220 
0.632382 0.465213 0.596864 -0.533567 0.435973 0.632480 0.464075 0.596864 -0.533567 0.434018 0.632579 0.462983 0.596864 -0.533567 0.441838 0.632677 0.461891 0.596864 -0.533567 0.436950 0.632726 0.460784 0.596864 -0.533567 0.425220 0.632776 0.459707 0.596864 -0.533567 0.432063 
0.632480 0.464075 0.596864 -0.533567 0.434018 0.632579 0.462983 0.596864 -0.533567 0.441838 0.632677 0.461891 0.596864 -0.533567 0.436950 0.632726 0.460784 0.596864 -0.533567 0.425220 0.632776 0.459707 0.596864 -0.533567 0.432063 0.632776 0.458615 0.596864 -0.533567 0.434018 
0.632579 0.462983 0.596864 -0.533567 0.441838 0.632677 0.461891 0.596864 -0.533567 0.436950 0.632726 0.460784 0.596864 -0.533567 0.425220 0.632776 0.459707 0.596864 -0.533567 0.432063 0.632776 0.458615 0.596864 -0.533567 0.434018 0.632776 0.457539 0.603813 -0.524662 0.430108 
0.632677 0.461891 0.596864 -0.533567 0.436950 0.632726 0.460784 0.596864 -0.533567 0.425220 0.632776 0.459707 0.596864 -0.533567 0.432063 0.632776 0.458615 0.596864 -0.533567 0.434018 0.632776 0.457539 0.603813 -0.524662 0.430108 0.632776 0.456447 0.603813 -0.524662 0.436950 
0.632726 0.460784 0.596864 -0.533567 0.425220 0.632776 0.459707 0.596864 -0.533567 0.432063 0.632776 0.458615 0.596864 -0.533567 0.434018 0.632776 0.457539 0.603813 -0.524662 0.430108 0.632776 0.456447 0.603813 -0.524662 0.436950 0.632776 0.455370 0.603813 -0.524662 0.431085 
0.632776 0.459707 0.596864 -0.533567 0.432063 0.632776 0.458615 0.596864 -0.533567 0.434018 0.632776 0.457539 0.603813 -0.524662 0.430108 0.632776 0.456447 0.603813 -0.524662 0.436950 0.632776 0.455370 0.603813 -0.524662 0.431085 0.632776 0.454325 0.603813 -0.524662 0.424242 
0.632776 0.458615 0.596864 -0.533567 0.434018 0.632776 0.457539 0.603813 -0.524662 0.430108 0.632776 0.456447 0.603813 -0.524662 0.436950 0.632776 0.455370 0.603813 -0.524662 0.431085 0.632776 0.454325 0.603813 -0.524662 0.424242 0.632776 0.453294 0.603813 -0.524662 0.430108 
0.632776 0.457539 0.603813 -0.524662 0.430108 0.632776 0.456447 0.603813 -0.524662 0.436950 0.632776 0.455370 0.603813 -0.524662 0.431085 0.632776 0.454325 0.603813 -0.524662 0.424242 0.632776 0.453294 0.603813 -0.524662 0.430108 0.632776 0.452310 0.603813 -0.524662 0.429130 
0.632776 0.456447 0.603813 -0.524662 0.436950 0.632776 0.455370 0.603813 -0.524662 0.431085 0.632776 0.454325 0.603813 -0.524662 0.424242 0.632776 0.453294 0.603813 -0.524662 0.430108 0.632776 0.452310 0.603813 -0.524662 0.429130 0.632776 0.451326 0.633723 -0.521168 0.429130 
0.632776 0.455370 0.603813 -0.524662 0.431085 0.632776 0.454325 0.603813 -0.524662 0.424242 0.632776 0.453294 0.603813 -0.524662 0.430108 0.632776 0.452310 0.603813 -0.524662 0.429130 0.632776 0.451326 0.633723 -0.521168 0.429130 0.632776 0.450357 0.620291 -0.539985 0.430108 
0.632776 0.454325 0.603813 -0.524662 0.424242 0.632776 0.453294 0.603813 -0.524662 0.430108 0.632776 0.452310 0.603813 -0.524662 0.429130 0.632776 0.451326 0.633723 -0.521168 0.429130 0.632776 0.450357 0.620291 -0.539985 0.430108 0.632751 0.449419 0.620291 -0.539985 0.431085 
0.632776 0.453294 0.603813 -0.524662 0.430108 0.632776 0.452310 0.603813 -0.524662 0.429130 0.632776 0.451326 0.633723 -0.521168 0.429130 0.632776 0.450357 0.620291 -0.539985 0.430108 0.632751 0.449419 0.620291 -0.539985 0.431085 0.632702 0.448496 0.620291 -0.539985 0.428153 
0.632776 0.452310 0.603813 -0.524662 0.429130 0.632776 0.451326 0.633723 -0.521168 0.429130 0.632776 0.450357 0.620291 -0.539985 0.430108 0.632751 0.449419 0.620291 -0.539985 0.431085 0.632702 0.448496 0.620291 -0.539985 0.428153 0.632628 0.447589 0.620291 -0.539985 0.435973 
0.632776 0.451326 0.633723 -0.521168 0.429130 0.632776 0.450357 0.620291 -0.539985 0.430108 0.632751 0.449419 0.620291 -0.539985 0.431085 0.632702 0.448496 0.620291 -0.539985 0.428153 0.632628 0.447589 0.620291 -0.539985 0.435973 0.632603 0.446650 0.613257 -0.549040 0.435973 
0.632776 0.450357 0.620291 -0.539985 0.430108 0.632751 0.449419 0.620291 -0.539985 0.431085 0.632702 0.448496 0.620291 -0.539985 0.428153 0.632628 0.447589 0.620291 -0.539985 0.435973 0.632603 0.446650 0.613257 -0.549040 0.435973 0.632603 0.445697 0.613257 -0.549040 0.425220 
0.632751 0.449419 0.620291 -0.539985 0.431085 0.632702 0.448496 0.620291 -0.539985 0.428153 0.632628 0.447589 0.620291 -0.539985 0.435973 0.632603 0.446650 0.613257 -0.549040 0.435973 0.632603 0.445697 0.613257 -0.549040 0.425220 0.632603 0.444713 0.613257 -0.549040 0.429130 
0.632702 0.448496 0.620291 -0.539985 0.428153 0.632628 0.447589 0.620291 -0.539985 0.435973 0.632603 0.446650 0.613257 -0.549040 0.435973 0.632603 0.445697 0.613257 -0.549040 0.425220 0.632603 0.444713 0.613257 -0.549040 0.429130 0.632603 0.443775 0.613257 -0.549040 0.434995 
0.632628 0.447589 0.620291 -0.539985 0.435973 0.632603 0.446650 0.613257 -0.549040 0.435973 0.632603 0.445697 0.613257 -0.549040 0.425220 0.632603 0.444713 0.613257 -0.549040 0.429130 0.632603 0.443775 0.613257 -0.549040 0.434995 0.632603 0.442821 0.613257 -0.549040 0.429130 
0.632603 0.446650 0.613257 -0.549040 0.435973 0.632603 0.445697 0.613257 -0.549040 0.425220 0.632603 0.444713 0.613257 -0.549040 0.429130 0.632603 0.443775 0.613257 -0.549040 0.434995 0.632603 0.442821 0.613257 -0.549040 0.429130 0.632603 0.441868 0.613257 -0.549040 0.433040 
0.632603 0.445697 0.613257 -0.549040 0.425220 0.632603 0.444713 0.613257 -0.549040 0.429130 0.632603 0.443775 0.613257 -0.549040 0.434995 0.632603 0.442821 0.613257 -0.549040 0.429130 0.632603 0.441868 0.613257 -0.549040 0.433040 0.632603 0.440945 0.613257 -0.549040 0.447703 
0.632603 0.444713 0.613257 -0.549040 0.429130 0.632603 0.443775 0.613257 -0.549040 0.434995 0.632603 0.442821 0.613257 -0.549040 0.429130 0.632603 0.441868 0.613257 -0.549040 0.433040 0.632603 0.440945 0.613257 -0.549040 0.447703 0.632603 0.440038 0.589706 -0.542247 0.435973 
0.632603 0.443775 0.613257 -0.549040 0.434995 0.632603 0.442821 0.613257 -0.549040 0.429130 0.632603 0.441868 0.613257 -0.549040 0.433040 0.632603 0.440945 0.613257 -0.549040 0.447703 0.632603 0.440038 0.589706 -0.542247 0.435973 0.632603 0.439115 0.589706 -0.542247 0.434018 
0.632603 0.442821 0.613257 -0.549040 0.429130 0.632603 0.441868 0.613257 -0.549040 0.433040 0.632603 0.440945 0.613257 -0.549040 0.447703 0.632603 0.440038 0.589706 -0.542247 0.435973 0.632603 0.439115 0.589706 -0.542247 0.434018 0.632603 0.438238 0.589706 -0.542247 0.431085 
0.632603 0.441868 0.613257 -0.549040 0.433040 0.632603 0.440945 0.613257 -0.549040 0.447703 0.632603 0.440038 0.589706 -0.542247 0.435973 0.632603 0.439115 0.589706 -0.542247 0.434018 0.632603 0.438238 0.589706 -0.542247 0.431085 0.632554 0.437377 0.589706 -0.542247 0.426197 
0.632603 0.440945 0.613257 -0.549040 0.447703 0.632603 0.440038 0.589706 -0.542247 0.435973 0.632603 0.439115 0.589706 -0.542247 0.434018 0.632603 0.438238 0.589706 -0.542247 0.431085 0.632554 0.437377 0.589706 -0.542247 0.426197 0.632431 0.436500 0.589706 -0.542247 0.429130 
0.632603 0.440038 0.589706 -0.542247 0.435973 0.632603 0.439115 0.589706 -0.542247 0.434018 0.632603 0.438238 0.589706 -0.542247 0.431085 0.632554 0.437377 0.589706 -0.542247 0.426197 0.632431 0.436500 0.589706 -0.542247 0.429130 0.632308 0.435685 0.589706 -0.542247 0.431085 
0.632603 0.439115 0.589706 -0.542247 0.434018 0.632603 0.438238 0.589706 -0.542247 0.431085 0.632554 0.437377 0.589706 -0.542247 0.426197 0.632431 0.436500 0.589706 -0.542247 0.429130 0.632308 0.435685 0.589706 -0.542247 0.431085 0.632160 0.434855 0.589706 -0.542247 0.438905 
0.632603 0.438238 0.589706 -0.542247 0.431085 0.632554 0.437377 0.589706 -0.542247 0.426197 0.632431 0.436500 0.589706 -0.542247 0.429130 0.632308 0.435685 0.589706 -0.542247 0.431085 0.632160 0.434855 0.589706 -0.542247 0.438905 0.631988 0.434055 0.589706 -0.542247 0.437928 
0.632554 0.437377 0.589706 -0.542247 0.426197 0.632431 0.436500 0.589706 -0.542247 0.429130 0.632308 0.435685 0.589706 -0.542247 0.431085 0.632160 0.434855 0.589706 -0.542247 0.438905 0.631988 0.434055 0.589706 -0.542247 0.437928 0.631841 0.433255 0.589706 -0.542247 0.439883 
0.632431 0.436500 0.589706 -0.542247 0.429130 0.632308 0.435685 0.589706 -0.542247 0.431085 0.632160 0.434855 0.589706 -0.542247 0.438905 0.631988 0.434055 0.589706 -0.542247 0.437928 0.631841 0.433255 0.589706 -0.542247 0.439883 0.631644 0.432471 0.589706 -0.542247 0.434995 
0.632308 0.435685 0.589706 -0.542247 0.431085 0.632160 0.434855 0.589706 -0.542247 0.438905 0.631988 0.434055 0.589706 -0.542247 0.437928 0.631841 0.433255 0.589706 -0.542247 0.439883 0.631644 0.432471 0.589706 -0.542247 0.434995 0.631471 0.431717 0.589706 -0.542247 0.441838 
0.632160 0.434855 0.589706 -0.542247 0.438905 0.631988 0.434055 0.589706 -0.542247 0.437928 0.631841 0.433255 0.589706 -0.542247 0.439883 0.631644 0.432471 0.589706 -0.542247 0.434995 0.631471 0.431717 0.589706 -0.542247 0.441838 0.631275 0.430995 0.589706 -0.542247 0.437928 
0.631988 0.434055 0.589706 -0.542247 0.437928 0.631841 0.433255 0.589706 -0.542247 0.439883 0.631644 0.432471 0.589706 -0.542247 0.434995 0.631471 0.431717 0.589706 -0.542247 0.441838 0.631275 0.430995 0.589706 -0.542247 0.437928 0.631078 0.430272 0.589706 -0.542247 0.434018 
0.631841 0.433255 0.589706 -0.542247 0.439883 0.631644 0.432471 0.589706 -0.542247 0.434995 0.631471 0.431717 0.589706 -0.542247 0.441838 0.631275 0.430995 0.589706 -0.542247 0.437928 0.631078 0.430272 0.589706 -0.542247 0.434018 0.630856 0.429503 0.596864 -0.533567 0.445748 
0.631644 0.432471 0.589706 -0.542247 0.434995 0.631471 0.431717 0.589706 -0.542247 0.441838 0.631275 0.430995 0.589706 -0.542247 0.437928 0.631078 0.430272 0.589706 -0.542247 0.434018 0.630856 0.429503 0.596864 -0.533567 0.445748 0.630659 0.428749 0.596864 -0.533567 0.439883 
0.631471 0.431717 0.589706 -0.542247 0.441838 0.631275 0.430995 0.589706 -0.542247 0.437928 0.631078 0.430272 0.589706 -0.542247 0.434018 0.630856 0.429503 0.596864 -0.533567 0.445748 0.630659 0.428749 0.596864 -0.533567 0.439883 0.630487 0.428011 0.596864 -0.533567 0.434995 
0.631275 0.430995 0.589706 -0.542247 0.437928 0.631078 0.430272 0.589706 -0.542247 0.434018 0.630856 0.429503 0.596864 -0.533567 0.445748 0.630659 0.428749 0.596864 -0.533567 0.439883 0.630487 0.428011 0.596864 -0.533567 0.434995 0.630290 0.427273 0.596864 -0.533567 0.443793 
0.631078 0.430272 0.589706 -0.542247 0.434018 0.630856 0.429503 0.596864 -0.533567 0.445748 0.630659 0.428749 0.596864 -0.533567 0.439883 0.630487 0.428011 0.596864 -0.533567 0.434995 0.630290 0.427273 0.596864 -0.533567 0.443793 0.630093 0.426550 0.603813 -0.524662 0.452590 
0.630856 0.429503 0.596864 -0.533567 0.445748 0.630659 0.428749 0.596864 -0.533567 0.439883 0.630487 0.428011 0.596864 -0.533567 0.434995 0.630290 0.427273 0.596864 -0.533567 0.443793 0.630093 0.426550 0.603813 -0.524662 0.452590 0.629872 0.425843 0.603813 -0.524662 0.451613 
0.630659 0.428749 0.596864 -0.533567 0.439883 0.630487 0.428011 0.596864 -0.533567 0.434995 0.630290 0.427273 0.596864 -0.533567 0.443793 0.630093 0.426550 0.603813 -0.524662 0.452590 0.629872 0.425843 0.603813 -0.524662 0.451613 0.629651 0.425120 0.603813 -0.524662 0.437928 
0.630487 0.428011 0.596864 -0.533567 0.434995 0.630290 0.427273 0.596864 -0.533567 0.443793 0.630093 0.426550 0.603813 -0.524662 0.452590 0.629872 0.425843 0.603813 -0.524662 0.451613 0.629651 0.425120 0.603813 -0.524662 0.437928 0.629454 0.424397 0.603813 -0.524662 0.437928 
0.630290 0.427273 0.596864 -0.533567 0.443793 0.630093 0.426550 0.603813 -0.524662 0.452590 0.629872 0.425843 0.603813 -0.524662 0.451613 0.629651 0.425120 0.603813 -0.524662 0.437928 0.629454 0.424397 0.603813 -0.524662 0.437928 0.629257 0.423736 0.603813 -0.524662 0.437928 
0.630093 0.426550 0.603813 -0.524662 0.452590 0.629872 0.425843 0.603813 -0.524662 0.451613 0.629651 0.425120 0.603813 -0.524662 0.437928 0.629454 0.424397 0.603813 -0.524662 0.437928 0.629257 0.423736 0.603813 -0.524662 0.437928 0.629060 0.423075 0.603813 -0.524662 0.446725 
0.629872 0.425843 0.603813 -0.524662 0.451613 0.629651 0.425120 0.603813 -0.524662 0.437928 0.629454 0.424397 0.603813 -0.524662 0.437928 0.629257 0.423736 0.603813 -0.524662 0.437928 0.629060 0.423075 0.603813 -0.524662 0.446725 0.628863 0.422429 0.633723 -0.521168 0.439883 
0.629651 0.425120 0.603813 -0.524662 0.437928 0.629454 0.424397 0.603813 -0.524662 0.437928 0.629257 0.423736 0.603813 -0.524662 0.437928 0.629060 0.423075 0.603813 -0.524662 0.446725 0.628863 0.422429 0.633723 -0.521168 0.439883 0.628691 0.421798 0.633723 -0.521168 0.446725 
0.629454 0.424397 0.603813 -0.524662 0.437928 0.629257 0.423736 0.603813 -0.524662 0.437928 0.629060 0.423075 0.603813 -0.524662 0.446725 0.628863 0.422429 0.633723 -0.521168 0.439883 0.628691 0.421798 0.633723 -0.521168 0.446725 0.628519 0.421168 0.633723 -0.521168 0.449658 
0.629257 0.423736 0.603813 -0.524662 0.437928 0.629060 0.423075 0.603813 -0.524662 0.446725 0.628863 0.422429 0.633723 -0.521168 0.439883 0.628691 0.421798 0.633723 -0.521168 0.446725 0.628519 0.421168 0.633723 -0.521168 0.449658 0.628396 0.420506 0.633723 -0.521168 0.441838 
0.629060 0.423075 0.603813 -0.524662 0.446725 0.628863 0.422429 0.633723 -0.521168 0.439883 0.628691 0.421798 0.633723 -0.521168 0.446725 0.628519 0.421168 0.633723 -0.521168 0.449658 0.628396 0.420506 0.633723 -0.521168 0.441838 0.628297 0.419876 0.633723 -0.521168 0.443793 
0.628863 0.422429 0.633723 -0.521168 0.439883 0.628691 0.421798 0.633723 -0.521168 0.446725 0.628519 0.421168 0.633723 -0.521168 0.449658 0.628396 0.420506 0.633723 -0.521168 0.441838 0.628297 0.419876 0.633723 -0.521168 0.443793 0.628174 0.419261 0.633723 -0.521168 0.443793 
0.628691 0.421798 0.633723 -0.521168 0.446725 0.628519 0.421168 0.633723 -0.521168 0.449658 0.628396 0.420506 0.633723 -0.521168 0.441838 0.628297 0.419876 0.633723 -0.521168 0.443793 0.628174 0.419261 0.633723 -0.521168 0.443793 0.628051 0.418661 0.633723 -0.521168 0.448680 
0.628519 0.421168 0.633723 -0.521168 0.449658 0.628396 0.420506 0.633723 -0.521168 0.441838 0.628297 0.419876 0.633723 -0.521168 0.443793 0.628174 0.419261 0.633723 -0.521168 0.443793 0.628051 0.418661 0.633723 -0.521168 0.448680 0.627879 0.418046 0.633723 -0.521168 0.458456 
0.628396 0.420506 0.633723 -0.521168 0.441838 0.628297 0.419876 0.633723 -0.521168 0.443793 0.628174 0.419261 0.633723 -0.521168 0.443793 0.628051 0.418661 0.633723 -0.521168 0.448680 0.627879 0.418046 0.633723 -0.521168 0.458456 0.627707 0.417400 0.633723 -0.521168 0.449658 
0.628297 0.419876 0.633723 -0.521168 0.443793 0.628174 0.419261 0.633723 -0.521168 0.443793 0.628051 0.418661 0.633723 -0.521168 0.448680 0.627879 0.418046 0.633723 -0.521168 0.458456 0.627707 0.417400 0.633723 -0.521168 0.449658 0.627534 0.416738 0.603813 -0.524662 0.443793 
0.628174 0.419261 0.633723 -0.521168 0.443793 0.628051 0.418661 0.633723 -0.521168 0.448680 0.627879 0.418046 0.633723 -0.521168 0.458456 0.627707 0.417400 0.633723 -0.521168 0.449658 0.627534 0.416738 0.603813 -0.524662 0.443793 0.627387 0.416123 0.603813 -0.524662 0.446725 
0.628051 0.418661 0.633723 -0.521168 0.448680 0.627879 0.418046 0.633723 -0.521168 0.458456 0.627707 0.417400 0.633723 -0.521168 0.449658 0.627534 0.416738 0.603813 -0.524662 0.443793 0.627387 0.416123 0.603813 -0.524662 0.446725 0.627190 0.415523 0.603813 -0.524662 0.443793 
0.627879 0.418046 0.633723 -0.521168 0.458456 0.627707 0.417400 0.633723 -0.521168 0.449658 0.627534 0.416738 0.603813 -0.524662 0.443793 0.627387 0.416123 0.603813 -0.524662 0.446725 0.627190 0.415523 0.603813 -0.524662 0.443793 0.626944 0.414908 0.603813 -0.524662 0.446725 
0.627707 0.417400 0.633723 -0.521168 0.449658 0.627534 0.416738 0.603813 -0.524662 0.443793 0.627387 0.416123 0.603813 -0.524662 0.446725 0.627190 0.415523 0.603813 -0.524662 0.443793 0.626944 0.414908 0.603813 -0.524662 0.446725 0.626747 0.414293 0.603813 -0.524662 0.450635 
0.627534 0.416738 0.603813 -0.524662 0.443793 0.627387 0.416123 0.603813 -0.524662 0.446725 0.627190 0.415523 0.603813 -0.524662 0.443793 0.626944 0.414908 0.603813 -0.524662 0.446725 0.626747 0.414293 0.603813 -0.524662 0.450635 0.626575 0.413709 0.603813 -0.524662 0.447703 
0.627387 0.416123 0.603813 -0.524662 0.446725 0.627190 0.415523 0.603813 -0.524662 0.443793 0.626944 0.414908 0.603813 -0.524662 0.446725 0.626747 0.414293 0.603813 -0.524662 0.450635 0.626575 0.413709 0.603813 -0.524662 0.447703 0.626403 0.413140 0.603813 -0.524662 0.445748 
0.627190 0.415523 0.603813 -0.524662 0.443793 0.626944 0.414908 0.603813 -0.524662 0.446725 0.626747 0.414293 0.603813 -0.524662 0.450635 0.626575 0.413709 0.603813 -0.524662 0.447703 0.626403 0.413140 0.603813 -0.524662 0.445748 0.626230 0.412602 0.603813 -0.524662 0.452590 
0.626944 0.414908 0.603813 -0.524662 0.446725 0.626747 0.414293 0.603813 -0.524662 0.450635 0.626575 0.413709 0.603813 -0.524662 0.447703 0.626403 0.413140 0.603813 -0.524662 0.445748 0.626230 0.412602 0.603813 -0.524662 0.452590 0.626058 0.412079 0.603813 -0.524662 0.454545 
0.626747 0.414293 0.603813 -0.524662 0.450635 0.626575 0.413709 0.603813 -0.524662 0.447703 0.626403 0.413140 0.603813 -0.524662 0.445748 0.626230 0.412602 0.603813 -0.524662 0.452590 0.626058 0.412079 0.603813 -0.524662 0.454545 0.625886 0.411556 0.603813 -0.524662 0.444770 
0.626575 0.413709 0.603813 -0.524662 0.447703 0.626403 0.413140 0.603813 -0.524662 0.445748 0.626230 0.412602 0.603813 -0.524662 0.452590 0.626058 0.412079 0.603813 -0.524662 0.454545 0.625886 0.411556 0.603813 -0.524662 0.444770 0.625714 0.411079 0.603813 -0.524662 0.451613 
0.626403 0.413140 0.603813 -0.524662 0.445748 0.626230 0.412602 0.603813 -0.524662 0.452590 0.626058 0.412079 0.603813 -0.524662 0.454545 0.625886 0.411556 0.603813 -0.524662 0.444770 0.625714 0.411079 0.603813 -0.524662 0.451613 0.625615 0.410633 0.603813 -0.524662 0.461388 
0.626230 0.412602 0.603813 -0.524662 0.452590 0.626058 0.412079 0.603813 -0.524662 0.454545 0.625886 0.411556 0.603813 -0.524662 0.444770 0.625714 0.411079 0.603813 -0.524662 0.451613 0.625615 0.410633 0.603813 -0.524662 0.461388 0.625492 0.410233 0.603813 -0.524662 0.468231 
0.626058 0.412079 0.603813 -0.524662 0.454545 0.625886 0.411556 0.603813 -0.524662 0.444770 0.625714 0.411079 0.603813 -0.524662 0.451613 0.625615 0.410633 0.603813 -0.524662 0.461388 0.625492 0.410233 0.603813 -0.524662 0.468231 0.625345 0.409849 0.603813 -0.524662 0.468231 
0.625886 0.411556 0.603813 -0.524662 0.444770 0.625714 0.411079 0.603813 -0.524662 0.451613 0.625615 0.410633 0.603813 -0.524662 0.461388 0.625492 0.410233 0.603813 -0.524662 0.468231 0.625345 0.409849 0.603813 -0.524662 0.468231 0.625246 0.409510 0.603813 -0.524662 0.471163 
0.625714 0.411079 0.603813 -0.524662 0.451613 0.625615 0.410633 0.603813 -0.524662 0.461388 0.625492 0.410233 0.603813 -0.524662 0.468231 0.625345 0.409849 0.603813 -0.524662 0.468231 0.625246 0.409510 0.603813 -0.524662 0.471163 0.625172 0.409218 0.603813 -0.524662 0.470186 
0.625615 0.410633 0.603813 -0.524662 0.461388 0.625492 0.410233 0.603813 -0.524662 0.468231 0.625345 0.409849 0.603813 -0.524662 0.468231 0.625246 0.409510 0.603813 -0.524662 0.471163 0.625172 0.409218 0.603813 -0.524662 0.470186 0.625098 0.408972 0.603813 -0.524662 0.471163 
0.624902 0.408449 0.613257 -0.549040 0.478006 0.624902 0.408403 0.613257 -0.549040 0.489736 0.624877 0.408403 0.613257 -0.549040 0.512219 0.624877 0.408418 0.589706 -0.542247 0.687195 0.624926 0.408511 0.589706 -0.542247 0.695992 0.625074 0.408603 0.589706 -0.542247 0.694037 
0.624902 0.408403 0.613257 -0.549040 0.489736 0.624877 0.408403 0.613257 -0.549040 0.512219 0.624877 0.408418 0.589706 -0.542247 0.687195 0.624926 0.408511 0.589706 -0.542247 0.695992 0.625074 0.408603 0.589706 -0.542247 0.694037 0.625246 0.408680 0.589706 -0.542247 0.687195 
0.624877 0.408403 0.613257 -0.549040 0.512219 0.624877 0.408418 0.589706 -0.542247 0.687195 0.624926 0.408511 0.589706 -0.542247 0.695992 0.625074 0.408603 0.589706 -0.542247 0.694037 0.625246 0.408680 0.589706 -0.542247 0.687195 0.625443 0.408726 0.589706 -0.542247 0.671554 
0.624877 0.408418 0.589706 -0.542247 0.687195 0.624926 0.408511 0.589706 -0.542247 0.695992 0.625074 0.408603 0.589706 -0.542247 0.694037 0.625246 0.408680 0.589706 -0.542247 0.687195 0.625443 0.408726 0.589706 -0.542247 0.671554 0.625837 0.408803 0.589706 -0.542247 0.644184 
0.624926 0.408511 0.589706 -0.542247 0.695992 0.625074 0.408603 0.589706 -0.542247 0.694037 0.625246 0.408680 0.589706 -0.542247 0.687195 0.625443 0.408726 0.589706 -0.542247 0.671554 0.625837 0.408803 0.589706 -0.542247 0.644184 0.626427 0.408957 0.589706 -0.542247 0.572825 
0.625074 0.408603 0.589706 -0.542247 0.694037 0.625246 0.408680 0.589706 -0.542247 0.687195 0.625443 0.408726 0.589706 -0.542247 0.671554 0.625837 0.408803 0.589706 -0.542247 0.644184 0.626427 0.408957 0.589706 -0.542247 0.572825 0.627165 0.409264 0.589706 -0.542247 0.402737 
