0.468898 0.491788 0.225413 0.364575 0.000000 0.473376 0.494664 0.193427 0.339673 0.000000 0.627780 0.504445 0.016193 -0.049802 0.000000 0.633637 0.501261 -0.031735 -0.062225 0.000000 0.633194 0.499354 -0.031735 -0.062225 0.000000 0.632923 0.498908 -0.031735 -0.062225 0.000000 
0.473376 0.494664 0.193427 0.339673 0.000000 0.627780 0.504445 0.016193 -0.049802 0.000000 0.633637 0.501261 -0.031735 -0.062225 0.000000 0.633194 0.499354 -0.031735 -0.062225 0.000000 0.632923 0.498908 -0.031735 -0.062225 0.000000 0.631816 0.498477 -0.039083 -0.057907 0.000000 
0.627780 0.504445 0.016193 -0.049802 0.000000 0.633637 0.501261 -0.031735 -0.062225 0.000000 0.633194 0.499354 -0.031735 -0.062225 0.000000 0.632923 0.498908 -0.031735 -0.062225 0.000000 0.631816 0.498477 -0.039083 -0.057907 0.000000 0.630733 0.498093 -0.039083 -0.057907 0.000000 
0.633637 0.501261 -0.031735 -0.062225 0.000000 0.633194 0.499354 -0.031735 -0.062225 0.000000 0.632923 0.498908 -0.031735 -0.062225 0.000000 0.631816 0.498477 -0.039083 -0.057907 0.000000 0.630733 0.498093 -0.039083 -0.057907 0.000000 0.629503 0.497739 -0.039083 -0.057907 0.000000 
0.633194 0.499354 -0.031735 -0.062225 0.000000 0.632923 0.498908 -0.031735 -0.062225 0.000000 0.631816 0.498477 -0.039083 -0.057907 0.000000 0.630733 0.498093 -0.039083 -0.057907 0.000000 0.629503 0.497739 -0.039083 -0.057907 0.000000 0.628199 0.497432 -0.039083 -0.057907 0.000000 
0.632923 0.498908 -0.031735 -0.062225 0.000000 0.631816 0.498477 -0.039083 -0.057907 0.000000 0.630733 0.498093 -0.039083 -0.057907 0.000000 0.629503 0.497739 -0.039083 -0.057907 0.000000 0.628199 0.497432 -0.039083 -0.057907 0.000000 0.626772 0.497155 -0.039083 -0.057907 0.000000 
0.631816 0.498477 -0.039083 -0.057907 0.000000 0.630733 0.498093 -0.039083 -0.057907 0.000000 0.629503 0.497739 -0.039083 -0.057907 0.000000 0.628199 0.497432 -0.039083 -0.057907 0.000000 0.626772 0.497155 -0.039083 -0.057907 0.000000 0.625320 0.496893 -0.037041 -0.037041 0.000000 
0.615748 0.487743 0.379417 0.367557 0.799609 0.617815 0.487928 0.390750 0.355176 0.807429 0.619808 0.488097 0.390750 0.355176 0.814272 0.621777 0.488266 0.390750 0.355176 0.821114 0.623696 0.488435 0.390750 0.355176 0.819159 0.625566 0.488620 0.390750 0.355176 0.821114 
0.617815 0.487928 0.390750 0.355176 0.807429 0.619808 0.488097 0.390750 0.355176 0.814272 0.621777 0.488266 0.390750 0.355176 0.821114 0.623696 0.488435 0.390750 0.355176 0.819159 0.625566 0.488620 0.390750 0.355176 0.821114 0.627362 0.488789 0.390750 0.355176 0.816227 
0.619808 0.488097 0.390750 0.355176 0.814272 0.621777 0.488266 0.390750 0.355176 0.821114 0.623696 0.488435 0.390750 0.355176 0.819159 0.625566 0.488620 0.390750 0.355176 0.821114 0.627362 0.488789 0.390750 0.355176 0.816227 0.629085 0.488943 0.390750 0.355176 0.826002 
0.621777 0.488266 0.390750 0.355176 0.821114 0.623696 0.488435 0.390750 0.355176 0.819159 0.625566 0.488620 0.390750 0.355176 0.821114 0.627362 0.488789 0.390750 0.355176 0.816227 0.629085 0.488943 0.390750 0.355176 0.826002 0.630733 0.489096 0.390750 0.355176 0.826979 
0.623696 0.488435 0.390750 0.355176 0.819159 0.625566 0.488620 0.390750 0.355176 0.821114 0.627362 0.488789 0.390750 0.355176 0.816227 0.629085 0.488943 0.390750 0.355176 0.826002 0.630733 0.489096 0.390750 0.355176 0.826979 0.632357 0.489235 0.390750 0.355176 0.824047 
0.625566 0.488620 0.390750 0.355176 0.821114 0.627362 0.488789 0.390750 0.355176 0.816227 0.629085 0.488943 0.390750 0.355176 0.826002 0.630733 0.489096 0.390750 0.355176 0.826979 0.632357 0.489235 0.390750 0.355176 0.824047 0.633932 0.489373 0.390750 0.355176 0.824047 
0.627362 0.488789 0.390750 0.355176 0.816227 0.629085 0.488943 0.390750 0.355176 0.826002 0.630733 0.489096 0.390750 0.355176 0.826979 0.632357 0.489235 0.390750 0.355176 0.824047 0.633932 0.489373 0.390750 0.355176 0.824047 0.635482 0.489481 0.390750 0.355176 0.825024 
0.629085 0.488943 0.390750 0.355176 0.826002 0.630733 0.489096 0.390750 0.355176 0.826979 0.632357 0.489235 0.390750 0.355176 0.824047 0.633932 0.489373 0.390750 0.355176 0.824047 0.635482 0.489481 0.390750 0.355176 0.825024 0.636959 0.489604 0.390750 0.355176 0.821114 
0.630733 0.489096 0.390750 0.355176 0.826979 0.632357 0.489235 0.390750 0.355176 0.824047 0.633932 0.489373 0.390750 0.355176 0.824047 0.635482 0.489481 0.390750 0.355176 0.825024 0.636959 0.489604 0.390750 0.355176 0.821114 0.638386 0.489696 0.390750 0.355176 0.821114 
0.632357 0.489235 0.390750 0.355176 0.824047 0.633932 0.489373 0.390750 0.355176 0.824047 0.635482 0.489481 0.390750 0.355176 0.825024 0.636959 0.489604 0.390750 0.355176 0.821114 0.638386 0.489696 0.390750 0.355176 0.821114 0.639641 0.489788 0.390750 0.355176 0.821114 
0.633932 0.489373 0.390750 0.355176 0.824047 0.635482 0.489481 0.390750 0.355176 0.825024 0.636959 0.489604 0.390750 0.355176 0.821114 0.638386 0.489696 0.390750 0.355176 0.821114 0.639641 0.489788 0.390750 0.355176 0.821114 0.640896 0.489850 0.390750 0.355176 0.820137 
0.635482 0.489481 0.390750 0.355176 0.825024 0.636959 0.489604 0.390750 0.355176 0.821114 0.638386 0.489696 0.390750 0.355176 0.821114 0.639641 0.489788 0.390750 0.355176 0.821114 0.640896 0.489850 0.390750 0.355176 0.820137 0.642077 0.489911 0.390750 0.355176 0.820137 
0.636959 0.489604 0.390750 0.355176 0.821114 0.638386 0.489696 0.390750 0.355176 0.821114 0.639641 0.489788 0.390750 0.355176 0.821114 0.640896 0.489850 0.390750 0.355176 0.820137 0.642077 0.489911 0.390750 0.355176 0.820137 0.643135 0.489973 0.390750 0.355176 0.822092 
0.638386 0.489696 0.390750 0.355176 0.821114 0.639641 0.489788 0.390750 0.355176 0.821114 0.640896 0.489850 0.390750 0.355176 0.820137 0.642077 0.489911 0.390750 0.355176 0.820137 0.643135 0.489973 0.390750 0.355176 0.822092 0.644144 0.490004 0.390750 0.355176 0.820137 
0.639641 0.489788 0.390750 0.355176 0.821114 0.640896 0.489850 0.390750 0.355176 0.820137 0.642077 0.489911 0.390750 0.355176 0.820137 0.643135 0.489973 0.390750 0.355176 0.822092 0.644144 0.490004 0.390750 0.355176 0.820137 0.645079 0.490034 0.390750 0.355176 0.827957 
0.640896 0.489850 0.390750 0.355176 0.820137 0.642077 0.489911 0.390750 0.355176 0.820137 0.643135 0.489973 0.390750 0.355176 0.822092 0.644144 0.490004 0.390750 0.355176 0.820137 0.645079 0.490034 0.390750 0.355176 0.827957 0.645940 0.490050 0.390750 0.355176 0.829912 
0.642077 0.489911 0.390750 0.355176 0.820137 0.643135 0.489973 0.390750 0.355176 0.822092 0.644144 0.490004 0.390750 0.355176 0.820137 0.645079 0.490034 0.390750 0.355176 0.827957 0.645940 0.490050 0.390750 0.355176 0.829912 0.646727 0.490065 0.390750 0.355176 0.826979 
0.643135 0.489973 0.390750 0.355176 0.822092 0.644144 0.490004 0.390750 0.355176 0.820137 0.645079 0.490034 0.390750 0.355176 0.827957 0.645940 0.490050 0.390750 0.355176 0.829912 0.646727 0.490065 0.390750 0.355176 0.826979 0.647466 0.490065 0.390750 0.355176 0.831867 
0.644144 0.490004 0.390750 0.355176 0.820137 0.645079 0.490034 0.390750 0.355176 0.827957 0.645940 0.490050 0.390750 0.355176 0.829912 0.646727 0.490065 0.390750 0.355176 0.826979 0.647466 0.490065 0.390750 0.355176 0.831867 0.648031 0.490065 0.390750 0.355176 0.836755 
0.645079 0.490034 0.390750 0.355176 0.827957 0.645940 0.490050 0.390750 0.355176 0.829912 0.646727 0.490065 0.390750 0.355176 0.826979 0.647466 0.490065 0.390750 0.355176 0.831867 0.648031 0.490065 0.390750 0.355176 0.836755 0.648524 0.490065 0.390750 0.355176 0.837732 
0.645940 0.490050 0.390750 0.355176 0.829912 0.646727 0.490065 0.390750 0.355176 0.826979 0.647466 0.490065 0.390750 0.355176 0.831867 0.648031 0.490065 0.390750 0.355176 0.836755 0.648524 0.490065 0.390750 0.355176 0.837732 0.648942 0.490065 0.390750 0.355176 0.839687 
0.646727 0.490065 0.390750 0.355176 0.826979 0.647466 0.490065 0.390750 0.355176 0.831867 0.648031 0.490065 0.390750 0.355176 0.836755 0.648524 0.490065 0.390750 0.355176 0.837732 0.648942 0.490065 0.390750 0.355176 0.839687 0.649286 0.490065 0.390750 0.355176 0.841642 
0.647466 0.490065 0.390750 0.355176 0.831867 0.648031 0.490065 0.390750 0.355176 0.836755 0.648524 0.490065 0.390750 0.355176 0.837732 0.648942 0.490065 0.390750 0.355176 0.839687 0.649286 0.490065 0.390750 0.355176 0.841642 0.649557 0.490065 0.390750 0.355176 0.842620 
0.648031 0.490065 0.390750 0.355176 0.836755 0.648524 0.490065 0.390750 0.355176 0.837732 0.648942 0.490065 0.390750 0.355176 0.839687 0.649286 0.490065 0.390750 0.355176 0.841642 0.649557 0.490065 0.390750 0.355176 0.842620 0.649754 0.490065 0.379417 0.367557 0.847507 
0.648524 0.490065 0.390750 0.355176 0.837732 0.648942 0.490065 0.390750 0.355176 0.839687 0.649286 0.490065 0.390750 0.355176 0.841642 0.649557 0.490065 0.390750 0.355176 0.842620 0.649754 0.490065 0.379417 0.367557 0.847507 0.649902 0.490065 0.379417 0.367557 0.848485 
0.648942 0.490065 0.390750 0.355176 0.839687 0.649286 0.490065 0.390750 0.355176 0.841642 0.649557 0.490065 0.390750 0.355176 0.842620 0.649754 0.490065 0.379417 0.367557 0.847507 0.649902 0.490065 0.379417 0.367557 0.848485 0.650000 0.490065 0.379417 0.367557 0.852395 
0.649286 0.490065 0.390750 0.355176 0.841642 0.649557 0.490065 0.390750 0.355176 0.842620 0.649754 0.490065 0.379417 0.367557 0.847507 0.649902 0.490065 0.379417 0.367557 0.848485 0.650000 0.490065 0.379417 0.367557 0.852395 0.650074 0.490065 0.379417 0.367557 0.853372 
0.649557 0.490065 0.390750 0.355176 0.842620 0.649754 0.490065 0.379417 0.367557 0.847507 0.649902 0.490065 0.379417 0.367557 0.848485 0.650000 0.490065 0.379417 0.367557 0.852395 0.650074 0.490065 0.379417 0.367557 0.853372 0.650148 0.490065 0.379417 0.367557 0.857283 
0.649754 0.490065 0.379417 0.367557 0.847507 0.649902 0.490065 0.379417 0.367557 0.848485 0.650000 0.490065 0.379417 0.367557 0.852395 0.650074 0.490065 0.379417 0.367557 0.853372 0.650148 0.490065 0.379417 0.367557 0.857283 0.650221 0.490065 0.379417 0.367557 0.858260 
0.649902 0.490065 0.379417 0.367557 0.848485 0.650000 0.490065 0.379417 0.367557 0.852395 0.650074 0.490065 0.379417 0.367557 0.853372 0.650148 0.490065 0.379417 0.367557 0.857283 0.650221 0.490065 0.379417 0.367557 0.858260 0.650295 0.490065 0.379417 0.367557 0.859238 
0.650000 0.490065 0.379417 0.367557 0.852395 0.650074 0.490065 0.379417 0.367557 0.853372 0.650148 0.490065 0.379417 0.367557 0.857283 0.650221 0.490065 0.379417 0.367557 0.858260 0.650295 0.490065 0.379417 0.367557 0.859238 0.650369 0.490065 0.379417 0.367557 0.860215 
0.650074 0.490065 0.379417 0.367557 0.853372 0.650148 0.490065 0.379417 0.367557 0.857283 0.650221 0.490065 0.379417 0.367557 0.858260 0.650295 0.490065 0.379417 0.367557 0.859238 0.650369 0.490065 0.379417 0.367557 0.860215 0.650468 0.490065 0.379417 0.367557 0.859238 
0.650148 0.490065 0.379417 0.367557 0.857283 0.650221 0.490065 0.379417 0.367557 0.858260 0.650295 0.490065 0.379417 0.367557 0.859238 0.650369 0.490065 0.379417 0.367557 0.860215 0.650468 0.490065 0.379417 0.367557 0.859238 0.650591 0.490065 0.379417 0.367557 0.858260 
0.650221 0.490065 0.379417 0.367557 0.858260 0.650295 0.490065 0.379417 0.367557 0.859238 0.650369 0.490065 0.379417 0.367557 0.860215 0.650468 0.490065 0.379417 0.367557 0.859238 0.650591 0.490065 0.379417 0.367557 0.858260 0.650714 0.490050 0.379417 0.367557 0.857283 
0.650295 0.490065 0.379417 0.367557 0.859238 0.650369 0.490065 0.379417 0.367557 0.860215 0.650468 0.490065 0.379417 0.367557 0.859238 0.650591 0.490065 0.379417 0.367557 0.858260 0.650714 0.490050 0.379417 0.367557 0.857283 0.650837 0.490034 0.379417 0.367557 0.856305 
0.650369 0.490065 0.379417 0.367557 0.860215 0.650468 0.490065 0.379417 0.367557 0.859238 0.650591 0.490065 0.379417 0.367557 0.858260 0.650714 0.490050 0.379417 0.367557 0.857283 0.650837 0.490034 0.379417 0.367557 0.856305 0.650984 0.490004 0.379417 0.367557 0.855327 
0.650468 0.490065 0.379417 0.367557 0.859238 0.650591 0.490065 0.379417 0.367557 0.858260 0.650714 0.490050 0.379417 0.367557 0.857283 0.650837 0.490034 0.379417 0.367557 0.856305 0.650984 0.490004 0.379417 0.367557 0.855327 0.651107 0.489988 0.379417 0.367557 0.849462 
0.650591 0.490065 0.379417 0.367557 0.858260 0.650714 0.490050 0.379417 0.367557 0.857283 0.650837 0.490034 0.379417 0.367557 0.856305 0.650984 0.490004 0.379417 0.367557 0.855327 0.651107 0.489988 0.379417 0.367557 0.849462 0.651230 0.489958 0.379417 0.367557 0.845552 
0.650714 0.490050 0.379417 0.367557 0.857283 0.650837 0.490034 0.379417 0.367557 0.856305 0.650984 0.490004 0.379417 0.367557 0.855327 0.651107 0.489988 0.379417 0.367557 0.849462 0.651230 0.489958 0.379417 0.367557 0.845552 0.651329 0.489927 0.379417 0.367557 0.841642 
0.650837 0.490034 0.379417 0.367557 0.856305 0.650984 0.490004 0.379417 0.367557 0.855327 0.651107 0.489988 0.379417 0.367557 0.849462 0.651230 0.489958 0.379417 0.367557 0.845552 0.651329 0.489927 0.379417 0.367557 0.841642 0.651427 0.489896 0.379417 0.367557 0.836755 
0.650984 0.490004 0.379417 0.367557 0.855327 0.651107 0.489988 0.379417 0.367557 0.849462 0.651230 0.489958 0.379417 0.367557 0.845552 0.651329 0.489927 0.379417 0.367557 0.841642 0.651427 0.489896 0.379417 0.367557 0.836755 0.651501 0.489865 0.379417 0.367557 0.829912 
0.651107 0.489988 0.379417 0.367557 0.849462 0.651230 0.489958 0.379417 0.367557 0.845552 0.651329 0.489927 0.379417 0.367557 0.841642 0.651427 0.489896 0.379417 0.367557 0.836755 0.651501 0.489865 0.379417 0.367557 0.829912 0.651575 0.489850 0.379417 0.367557 0.824047 
0.651230 0.489958 0.379417 0.367557 0.845552 0.651329 0.489927 0.379417 0.367557 0.841642 0.651427 0.489896 0.379417 0.367557 0.836755 0.651501 0.489865 0.379417 0.367557 0.829912 0.651575 0.489850 0.379417 0.367557 0.824047 0.651624 0.489835 0.379417 0.367557 0.818182 
0.651329 0.489927 0.379417 0.367557 0.841642 0.651427 0.489896 0.379417 0.367557 0.836755 0.651501 0.489865 0.379417 0.367557 0.829912 0.651575 0.489850 0.379417 0.367557 0.824047 0.651624 0.489835 0.379417 0.367557 0.818182 0.651673 0.489819 0.379417 0.367557 0.814272 
0.651427 0.489896 0.379417 0.367557 0.836755 0.651501 0.489865 0.379417 0.367557 0.829912 0.651575 0.489850 0.379417 0.367557 0.824047 0.651624 0.489835 0.379417 0.367557 0.818182 0.651673 0.489819 0.379417 0.367557 0.814272 0.651698 0.489819 0.379417 0.367557 0.810362 
0.651501 0.489865 0.379417 0.367557 0.829912 0.651575 0.489850 0.379417 0.367557 0.824047 0.651624 0.489835 0.379417 0.367557 0.818182 0.651673 0.489819 0.379417 0.367557 0.814272 0.651698 0.489819 0.379417 0.367557 0.810362 0.651722 0.489804 0.379417 0.367557 0.806452 
0.651575 0.489850 0.379417 0.367557 0.824047 0.651624 0.489835 0.379417 0.367557 0.818182 0.651673 0.489819 0.379417 0.367557 0.814272 0.651698 0.489819 0.379417 0.367557 0.810362 0.651722 0.489804 0.379417 0.367557 0.806452 0.651747 0.489804 0.379417 0.367557 0.801564 
0.651624 0.489835 0.379417 0.367557 0.818182 0.651673 0.489819 0.379417 0.367557 0.814272 0.651698 0.489819 0.379417 0.367557 0.810362 0.651722 0.489804 0.379417 0.367557 0.806452 0.651747 0.489804 0.379417 0.367557 0.801564 0.651575 0.489804 0.405300 0.368660 0.649071 
0.651673 0.489819 0.379417 0.367557 0.814272 0.651698 0.489819 0.379417 0.367557 0.810362 0.651722 0.489804 0.379417 0.367557 0.806452 0.651747 0.489804 0.379417 0.367557 0.801564 0.651575 0.489804 0.405300 0.368660 0.649071 0.651230 0.489804 0.405300 0.368660 0.598240 
0.651698 0.489819 0.379417 0.367557 0.810362 0.651722 0.489804 0.379417 0.367557 0.806452 0.651747 0.489804 0.379417 0.367557 0.801564 0.651575 0.489804 0.405300 0.368660 0.649071 0.651230 0.489804 0.405300 0.368660 0.598240 0.650837 0.489804 0.405300 0.368660 0.524927 
0.651722 0.489804 0.379417 0.367557 0.806452 0.651747 0.489804 0.379417 0.367557 0.801564 0.651575 0.489804 0.405300 0.368660 0.649071 0.651230 0.489804 0.405300 0.368660 0.598240 0.650837 0.489804 0.405300 0.368660 0.524927 0.650418 0.489804 0.405300 0.368660 0.416422 
0.651747 0.489804 0.379417 0.367557 0.801564 0.651575 0.489804 0.405300 0.368660 0.649071 0.651230 0.489804 0.405300 0.368660 0.598240 0.650837 0.489804 0.405300 0.368660 0.524927 0.650418 0.489804 0.405300 0.368660 0.416422 0.649975 0.489865 0.405300 0.368660 0.327468 
0.651575 0.489804 0.405300 0.368660 0.649071 0.651230 0.489804 0.405300 0.368660 0.598240 0.650837 0.489804 0.405300 0.368660 0.524927 0.650418 0.489804 0.405300 0.368660 0.416422 0.649975 0.489865 0.405300 0.368660 0.327468 0.649508 0.489988 0.405300 0.368660 0.234604 
0.651230 0.489804 0.405300 0.368660 0.598240 0.650837 0.489804 0.405300 0.368660 0.524927 0.650418 0.489804 0.405300 0.368660 0.416422 0.649975 0.489865 0.405300 0.368660 0.327468 0.649508 0.489988 0.405300 0.368660 0.234604 0.649090 0.490173 0.405300 0.368660 0.114370 
0.650837 0.489804 0.405300 0.368660 0.524927 0.650418 0.489804 0.405300 0.368660 0.416422 0.649975 0.489865 0.405300 0.368660 0.327468 0.649508 0.489988 0.405300 0.368660 0.234604 0.649090 0.490173 0.405300 0.368660 0.114370 0.648671 0.490404 0.405300 0.368660 0.032258 
0.650418 0.489804 0.405300 0.368660 0.416422 0.649975 0.489865 0.405300 0.368660 0.327468 0.649508 0.489988 0.405300 0.368660 0.234604 0.649090 0.490173 0.405300 0.368660 0.114370 0.648671 0.490404 0.405300 0.368660 0.032258 0.647982 0.491019 0.405300 0.368660 0.000000 
0.649975 0.489865 0.405300 0.368660 0.327468 0.649508 0.489988 0.405300 0.368660 0.234604 0.649090 0.490173 0.405300 0.368660 0.114370 0.648671 0.490404 0.405300 0.368660 0.032258 0.647982 0.491019 0.405300 0.368660 0.000000 0.647736 0.491388 0.405300 0.368660 0.000000 
0.649508 0.489988 0.405300 0.368660 0.234604 0.649090 0.490173 0.405300 0.368660 0.114370 0.648671 0.490404 0.405300 0.368660 0.032258 0.647982 0.491019 0.405300 0.368660 0.000000 0.647736 0.491388 0.405300 0.368660 0.000000 0.647466 0.491788 0.393635 0.381421 0.000000 
0.649090 0.490173 0.405300 0.368660 0.114370 0.648671 0.490404 0.405300 0.368660 0.032258 0.647982 0.491019 0.405300 0.368660 0.000000 0.647736 0.491388 0.405300 0.368660 0.000000 0.647466 0.491788 0.393635 0.381421 0.000000 0.647195 0.492203 0.393635 0.381421 0.000000 
0.648671 0.490404 0.405300 0.368660 0.032258 0.647982 0.491019 0.405300 0.368660 0.000000 0.647736 0.491388 0.405300 0.368660 0.000000 0.647466 0.491788 0.393635 0.381421 0.000000 0.647195 0.492203 0.393635 0.381421 0.000000 0.646924 0.492633 0.393635 0.381421 0.000000 
0.647982 0.491019 0.405300 0.368660 0.000000 0.647736 0.491388 0.405300 0.368660 0.000000 0.647466 0.491788 0.393635 0.381421 0.000000 0.647195 0.492203 0.393635 0.381421 0.000000 0.646924 0.492633 0.393635 0.381421 0.000000 0.646654 0.493018 0.393635 0.381421 0.000000 
0.647736 0.491388 0.405300 0.368660 0.000000 0.647466 0.491788 0.393635 0.381421 0.000000 0.647195 0.492203 0.393635 0.381421 0.000000 0.646924 0.492633 0.393635 0.381421 0.000000 0.646654 0.493018 0.393635 0.381421 0.000000 0.646358 0.493387 0.393635 0.381421 0.000000 
0.647466 0.491788 0.393635 0.381421 0.000000 0.647195 0.492203 0.393635 0.381421 0.000000 0.646924 0.492633 0.393635 0.381421 0.000000 0.646654 0.493018 0.393635 0.381421 0.000000 0.646358 0.493387 0.393635 0.381421 0.000000 0.646088 0.493710 0.401763 0.401763 0.000000 
0.647195 0.492203 0.393635 0.381421 0.000000 0.646924 0.492633 0.393635 0.381421 0.000000 0.646654 0.493018 0.393635 0.381421 0.000000 0.646358 0.493387 0.393635 0.381421 0.000000 0.646088 0.493710 0.401763 0.401763 0.000000 0.645743 0.494018 0.401763 0.401763 0.000000 
0.646924 0.492633 0.393635 0.381421 0.000000 0.646654 0.493018 0.393635 0.381421 0.000000 0.646358 0.493387 0.393635 0.381421 0.000000 0.646088 0.493710 0.401763 0.401763 0.000000 0.645743 0.494018 0.401763 0.401763 0.000000 0.645374 0.494310 0.422433 0.409528 0.000000 
0.646654 0.493018 0.393635 0.381421 0.000000 0.646358 0.493387 0.393635 0.381421 0.000000 0.646088 0.493710 0.401763 0.401763 0.000000 0.645743 0.494018 0.401763 0.401763 0.000000 0.645374 0.494310 0.422433 0.409528 0.000000 0.644980 0.494587 0.422433 0.409528 0.000000 
0.646358 0.493387 0.393635 0.381421 0.000000 0.646088 0.493710 0.401763 0.401763 0.000000 0.645743 0.494018 0.401763 0.401763 0.000000 0.645374 0.494310 0.422433 0.409528 0.000000 0.644980 0.494587 0.422433 0.409528 0.000000 0.644587 0.494848 0.422433 0.409528 0.000000 
0.646088 0.493710 0.401763 0.401763 0.000000 0.645743 0.494018 0.401763 0.401763 0.000000 0.645374 0.494310 0.422433 0.409528 0.000000 0.644980 0.494587 0.422433 0.409528 0.000000 0.644587 0.494848 0.422433 0.409528 0.000000 0.644144 0.495079 0.422433 0.409528 0.000000 
0.645743 0.494018 0.401763 0.401763 0.000000 0.645374 0.494310 0.422433 0.409528 0.000000 0.644980 0.494587 0.422433 0.409528 0.000000 0.644587 0.494848 0.422433 0.409528 0.000000 0.644144 0.495079 0.422433 0.409528 0.000000 0.643701 0.495294 0.416055 0.416055 0.000000 
0.645374 0.494310 0.422433 0.409528 0.000000 0.644980 0.494587 0.422433 0.409528 0.000000 0.644587 0.494848 0.422433 0.409528 0.000000 0.644144 0.495079 0.422433 0.409528 0.000000 0.643701 0.495294 0.416055 0.416055 0.000000 0.643258 0.495402 0.416055 0.416055 0.000000 
0.644980 0.494587 0.422433 0.409528 0.000000 0.644587 0.494848 0.422433 0.409528 0.000000 0.644144 0.495079 0.422433 0.409528 0.000000 0.643701 0.495294 0.416055 0.416055 0.000000 0.643258 0.495402 0.416055 0.416055 0.000000 0.642790 0.495740 0.437020 0.423782 0.000000 
0.644587 0.494848 0.422433 0.409528 0.000000 0.644144 0.495079 0.422433 0.409528 0.000000 0.643701 0.495294 0.416055 0.416055 0.000000 0.643258 0.495402 0.416055 0.416055 0.000000 0.642790 0.495740 0.437020 0.423782 0.000000 0.642323 0.495940 0.437020 0.423782 0.000000 
0.644144 0.495079 0.422433 0.409528 0.000000 0.643701 0.495294 0.416055 0.416055 0.000000 0.643258 0.495402 0.416055 0.416055 0.000000 0.642790 0.495740 0.437020 0.423782 0.000000 0.642323 0.495940 0.437020 0.423782 0.000000 0.641855 0.496140 0.437020 0.423782 0.000000 
0.643701 0.495294 0.416055 0.416055 0.000000 0.643258 0.495402 0.416055 0.416055 0.000000 0.642790 0.495740 0.437020 0.423782 0.000000 0.642323 0.495940 0.437020 0.423782 0.000000 0.641855 0.496140 0.437020 0.423782 0.000000 0.641437 0.496355 0.437020 0.423782 0.000000 
0.643258 0.495402 0.416055 0.416055 0.000000 0.642790 0.495740 0.437020 0.423782 0.000000 0.642323 0.495940 0.437020 0.423782 0.000000 0.641855 0.496140 0.437020 0.423782 0.000000 0.641437 0.496355 0.437020 0.423782 0.000000 0.641043 0.496601 0.437020 0.423782 0.000000 
0.642790 0.495740 0.437020 0.423782 0.000000 0.642323 0.495940 0.437020 0.423782 0.000000 0.641855 0.496140 0.437020 0.423782 0.000000 0.641437 0.496355 0.437020 0.423782 0.000000 0.641043 0.496601 0.437020 0.423782 0.000000 0.640871 0.496863 0.437020 0.423782 0.000000 
0.642323 0.495940 0.437020 0.423782 0.000000 0.641855 0.496140 0.437020 0.423782 0.000000 0.641437 0.496355 0.437020 0.423782 0.000000 0.641043 0.496601 0.437020 0.423782 0.000000 0.640871 0.496863 0.437020 0.423782 0.000000 0.640305 0.497170 0.437020 0.423782 0.000000 
0.641855 0.496140 0.437020 0.423782 0.000000 0.641437 0.496355 0.437020 0.423782 0.000000 0.641043 0.496601 0.437020 0.423782 0.000000 0.640871 0.496863 0.437020 0.423782 0.000000 0.640305 0.497170 0.437020 0.423782 0.000000 0.639961 0.497509 0.437020 0.423782 0.000000 
0.641437 0.496355 0.437020 0.423782 0.000000 0.641043 0.496601 0.437020 0.423782 0.000000 0.640871 0.496863 0.437020 0.423782 0.000000 0.640305 0.497170 0.437020 0.423782 0.000000 0.639961 0.497509 0.437020 0.423782 0.000000 0.639690 0.497847 0.437020 0.423782 0.000000 
0.641043 0.496601 0.437020 0.423782 0.000000 0.640871 0.496863 0.437020 0.423782 0.000000 0.640305 0.497170 0.437020 0.423782 0.000000 0.639961 0.497509 0.437020 0.423782 0.000000 0.639690 0.497847 0.437020 0.423782 0.000000 0.639419 0.498216 0.416055 0.416055 0.000000 
0.640871 0.496863 0.437020 0.423782 0.000000 0.640305 0.497170 0.437020 0.423782 0.000000 0.639961 0.497509 0.437020 0.423782 0.000000 0.639690 0.497847 0.437020 0.423782 0.000000 0.639419 0.498216 0.416055 0.416055 0.000000 0.639198 0.498616 0.416055 0.416055 0.000000 
0.639149 0.500185 0.379417 0.367557 0.654936 0.639567 0.499923 0.379417 0.367557 0.652981 0.640034 0.499646 0.379417 0.367557 0.654936 0.640527 0.499339 0.379417 0.367557 0.659824 0.641068 0.499016 0.379417 0.367557 0.667644 0.641683 0.498677 0.379417 0.367557 0.673509 
0.639567 0.499923 0.379417 0.367557 0.652981 0.640034 0.499646 0.379417 0.367557 0.654936 0.640527 0.499339 0.379417 0.367557 0.659824 0.641068 0.499016 0.379417 0.367557 0.667644 0.641683 0.498677 0.379417 0.367557 0.673509 0.642372 0.498278 0.379417 0.367557 0.687195 
0.640034 0.499646 0.379417 0.367557 0.654936 0.640527 0.499339 0.379417 0.367557 0.659824 0.641068 0.499016 0.379417 0.367557 0.667644 0.641683 0.498677 0.379417 0.367557 0.673509 0.642372 0.498278 0.379417 0.367557 0.687195 0.643110 0.497847 0.379417 0.367557 0.687195 
0.640527 0.499339 0.379417 0.367557 0.659824 0.641068 0.499016 0.379417 0.367557 0.667644 0.641683 0.498677 0.379417 0.367557 0.673509 0.642372 0.498278 0.379417 0.367557 0.687195 0.643110 0.497847 0.379417 0.367557 0.687195 0.643947 0.497386 0.379417 0.367557 0.695015 
0.641068 0.499016 0.379417 0.367557 0.667644 0.641683 0.498677 0.379417 0.367557 0.673509 0.642372 0.498278 0.379417 0.367557 0.687195 0.643110 0.497847 0.379417 0.367557 0.687195 0.643947 0.497386 0.379417 0.367557 0.695015 0.644783 0.496909 0.379417 0.367557 0.694037 
0.641683 0.498677 0.379417 0.367557 0.673509 0.642372 0.498278 0.379417 0.367557 0.687195 0.643110 0.497847 0.379417 0.367557 0.687195 0.643947 0.497386 0.379417 0.367557 0.695015 0.644783 0.496909 0.379417 0.367557 0.694037 0.645620 0.496447 0.379417 0.367557 0.697947 
0.642372 0.498278 0.379417 0.367557 0.687195 0.643110 0.497847 0.379417 0.367557 0.687195 0.643947 0.497386 0.379417 0.367557 0.695015 0.644783 0.496909 0.379417 0.367557 0.694037 0.645620 0.496447 0.379417 0.367557 0.697947 0.646432 0.496001 0.379417 0.367557 0.708700 
0.643110 0.497847 0.379417 0.367557 0.687195 0.643947 0.497386 0.379417 0.367557 0.695015 0.644783 0.496909 0.379417 0.367557 0.694037 0.645620 0.496447 0.379417 0.367557 0.697947 0.646432 0.496001 0.379417 0.367557 0.708700 0.647293 0.495509 0.379417 0.367557 0.716520 
0.643947 0.497386 0.379417 0.367557 0.695015 0.644783 0.496909 0.379417 0.367557 0.694037 0.645620 0.496447 0.379417 0.367557 0.697947 0.646432 0.496001 0.379417 0.367557 0.708700 0.647293 0.495509 0.379417 0.367557 0.716520 0.648154 0.495033 0.379417 0.367557 0.716520 
0.644783 0.496909 0.379417 0.367557 0.694037 0.645620 0.496447 0.379417 0.367557 0.697947 0.646432 0.496001 0.379417 0.367557 0.708700 0.647293 0.495509 0.379417 0.367557 0.716520 0.648154 0.495033 0.379417 0.367557 0.716520 0.648991 0.494556 0.379417 0.367557 0.711632 
0.645620 0.496447 0.379417 0.367557 0.697947 0.646432 0.496001 0.379417 0.367557 0.708700 0.647293 0.495509 0.379417 0.367557 0.716520 0.648154 0.495033 0.379417 0.367557 0.716520 0.648991 0.494556 0.379417 0.367557 0.711632 0.649754 0.494141 0.379417 0.367557 0.717498 
0.646432 0.496001 0.379417 0.367557 0.708700 0.647293 0.495509 0.379417 0.367557 0.716520 0.648154 0.495033 0.379417 0.367557 0.716520 0.648991 0.494556 0.379417 0.367557 0.711632 0.649754 0.494141 0.379417 0.367557 0.717498 0.650443 0.493772 0.379417 0.367557 0.736070 
0.647293 0.495509 0.379417 0.367557 0.716520 0.648154 0.495033 0.379417 0.367557 0.716520 0.648991 0.494556 0.379417 0.367557 0.711632 0.649754 0.494141 0.379417 0.367557 0.717498 0.650443 0.493772 0.379417 0.367557 0.736070 0.651083 0.493418 0.379417 0.367557 0.739003 
0.648154 0.495033 0.379417 0.367557 0.716520 0.648991 0.494556 0.379417 0.367557 0.711632 0.649754 0.494141 0.379417 0.367557 0.717498 0.650443 0.493772 0.379417 0.367557 0.736070 0.651083 0.493418 0.379417 0.367557 0.739003 0.651673 0.493079 0.379417 0.367557 0.744868 
0.648991 0.494556 0.379417 0.367557 0.711632 0.649754 0.494141 0.379417 0.367557 0.717498 0.650443 0.493772 0.379417 0.367557 0.736070 0.651083 0.493418 0.379417 0.367557 0.739003 0.651673 0.493079 0.379417 0.367557 0.744868 0.652215 0.492757 0.379417 0.367557 0.747801 
0.649754 0.494141 0.379417 0.367557 0.717498 0.650443 0.493772 0.379417 0.367557 0.736070 0.651083 0.493418 0.379417 0.367557 0.739003 0.651673 0.493079 0.379417 0.367557 0.744868 0.652215 0.492757 0.379417 0.367557 0.747801 0.652658 0.492510 0.379417 0.367557 0.747801 
0.650443 0.493772 0.379417 0.367557 0.736070 0.651083 0.493418 0.379417 0.367557 0.739003 0.651673 0.493079 0.379417 0.367557 0.744868 0.652215 0.492757 0.379417 0.367557 0.747801 0.652658 0.492510 0.379417 0.367557 0.747801 0.653027 0.492311 0.379417 0.367557 0.751711 
0.651083 0.493418 0.379417 0.367557 0.739003 0.651673 0.493079 0.379417 0.367557 0.744868 0.652215 0.492757 0.379417 0.367557 0.747801 0.652658 0.492510 0.379417 0.367557 0.747801 0.653027 0.492311 0.379417 0.367557 0.751711 0.653297 0.492141 0.379417 0.367557 0.754643 
0.651673 0.493079 0.379417 0.367557 0.744868 0.652215 0.492757 0.379417 0.367557 0.747801 0.652658 0.492510 0.379417 0.367557 0.747801 0.653027 0.492311 0.379417 0.367557 0.751711 0.653297 0.492141 0.379417 0.367557 0.754643 0.653543 0.492003 0.379417 0.367557 0.754643 
0.652215 0.492757 0.379417 0.367557 0.747801 0.652658 0.492510 0.379417 0.367557 0.747801 0.653027 0.492311 0.379417 0.367557 0.751711 0.653297 0.492141 0.379417 0.367557 0.754643 0.653543 0.492003 0.379417 0.367557 0.754643 0.653740 0.491895 0.379417 0.367557 0.757576 
0.652658 0.492510 0.379417 0.367557 0.747801 0.653027 0.492311 0.379417 0.367557 0.751711 0.653297 0.492141 0.379417 0.367557 0.754643 0.653543 0.492003 0.379417 0.367557 0.754643 0.653740 0.491895 0.379417 0.367557 0.757576 0.653888 0.491803 0.379417 0.367557 0.760508 
0.653027 0.492311 0.379417 0.367557 0.751711 0.653297 0.492141 0.379417 0.367557 0.754643 0.653543 0.492003 0.379417 0.367557 0.754643 0.653740 0.491895 0.379417 0.367557 0.757576 0.653888 0.491803 0.379417 0.367557 0.760508 0.653986 0.491726 0.379417 0.367557 0.767351 
0.653297 0.492141 0.379417 0.367557 0.754643 0.653543 0.492003 0.379417 0.367557 0.754643 0.653740 0.491895 0.379417 0.367557 0.757576 0.653888 0.491803 0.379417 0.367557 0.760508 0.653986 0.491726 0.379417 0.367557 0.767351 0.654085 0.491695 0.379417 0.367557 0.776149 
0.653543 0.492003 0.379417 0.367557 0.754643 0.653740 0.491895 0.379417 0.367557 0.757576 0.653888 0.491803 0.379417 0.367557 0.760508 0.653986 0.491726 0.379417 0.367557 0.767351 0.654085 0.491695 0.379417 0.367557 0.776149 0.654158 0.491649 0.379417 0.367557 0.782014 
0.653740 0.491895 0.379417 0.367557 0.757576 0.653888 0.491803 0.379417 0.367557 0.760508 0.653986 0.491726 0.379417 0.367557 0.767351 0.654085 0.491695 0.379417 0.367557 0.776149 0.654158 0.491649 0.379417 0.367557 0.782014 0.654183 0.491618 0.379417 0.367557 0.792766 
0.653888 0.491803 0.379417 0.367557 0.760508 0.653986 0.491726 0.379417 0.367557 0.767351 0.654085 0.491695 0.379417 0.367557 0.776149 0.654158 0.491649 0.379417 0.367557 0.782014 0.654183 0.491618 0.379417 0.367557 0.792766 0.654208 0.491588 0.379417 0.367557 0.806452 
0.653986 0.491726 0.379417 0.367557 0.767351 0.654085 0.491695 0.379417 0.367557 0.776149 0.654158 0.491649 0.379417 0.367557 0.782014 0.654183 0.491618 0.379417 0.367557 0.792766 0.654208 0.491588 0.379417 0.367557 0.806452 0.654208 0.491572 0.379417 0.367557 0.824047 
0.654085 0.491695 0.379417 0.367557 0.776149 0.654158 0.491649 0.379417 0.367557 0.782014 0.654183 0.491618 0.379417 0.367557 0.792766 0.654208 0.491588 0.379417 0.367557 0.806452 0.654208 0.491572 0.379417 0.367557 0.824047 0.654208 0.491557 0.379417 0.367557 0.836755 
0.654158 0.491649 0.379417 0.367557 0.782014 0.654183 0.491618 0.379417 0.367557 0.792766 0.654208 0.491588 0.379417 0.367557 0.806452 0.654208 0.491572 0.379417 0.367557 0.824047 0.654208 0.491557 0.379417 0.367557 0.836755 0.654208 0.491542 0.379417 0.367557 0.850440 
0.654183 0.491618 0.379417 0.367557 0.792766 0.654208 0.491588 0.379417 0.367557 0.806452 0.654208 0.491572 0.379417 0.367557 0.824047 0.654208 0.491557 0.379417 0.367557 0.836755 0.654208 0.491542 0.379417 0.367557 0.850440 0.654208 0.491526 0.379417 0.367557 0.862170 
0.654208 0.491588 0.379417 0.367557 0.806452 0.654208 0.491572 0.379417 0.367557 0.824047 0.654208 0.491557 0.379417 0.367557 0.836755 0.654208 0.491542 0.379417 0.367557 0.850440 0.654208 0.491526 0.379417 0.367557 0.862170 0.654208 0.491511 0.379417 0.367557 0.875855 
0.654208 0.491572 0.379417 0.367557 0.824047 0.654208 0.491557 0.379417 0.367557 0.836755 0.654208 0.491542 0.379417 0.367557 0.850440 0.654208 0.491526 0.379417 0.367557 0.862170 0.654208 0.491511 0.379417 0.367557 0.875855 0.654208 0.491495 0.379417 0.367557 0.888563 
0.654208 0.491557 0.379417 0.367557 0.836755 0.654208 0.491542 0.379417 0.367557 0.850440 0.654208 0.491526 0.379417 0.367557 0.862170 0.654208 0.491511 0.379417 0.367557 0.875855 0.654208 0.491495 0.379417 0.367557 0.888563 0.654208 0.491480 0.379417 0.367557 0.910068 
0.654208 0.491542 0.379417 0.367557 0.850440 0.654208 0.491526 0.379417 0.367557 0.862170 0.654208 0.491511 0.379417 0.367557 0.875855 0.654208 0.491495 0.379417 0.367557 0.888563 0.654208 0.491480 0.379417 0.367557 0.910068 0.654208 0.491465 0.379417 0.367557 0.918866 
0.654208 0.491526 0.379417 0.367557 0.862170 0.654208 0.491511 0.379417 0.367557 0.875855 0.654208 0.491495 0.379417 0.367557 0.888563 0.654208 0.491480 0.379417 0.367557 0.910068 0.654208 0.491465 0.379417 0.367557 0.918866 0.654208 0.491449 0.379417 0.367557 0.930596 
0.654208 0.491511 0.379417 0.367557 0.875855 0.654208 0.491495 0.379417 0.367557 0.888563 0.654208 0.491480 0.379417 0.367557 0.910068 0.654208 0.491465 0.379417 0.367557 0.918866 0.654208 0.491449 0.379417 0.367557 0.930596 0.654208 0.491434 0.390750 0.355176 0.934506 
0.654208 0.491495 0.379417 0.367557 0.888563 0.654208 0.491480 0.379417 0.367557 0.910068 0.654208 0.491465 0.379417 0.367557 0.918866 0.654208 0.491449 0.379417 0.367557 0.930596 0.654208 0.491434 0.390750 0.355176 0.934506 0.654208 0.491419 0.390750 0.355176 0.931574 
0.654208 0.491480 0.379417 0.367557 0.910068 0.654208 0.491465 0.379417 0.367557 0.918866 0.654208 0.491449 0.379417 0.367557 0.930596 0.654208 0.491434 0.390750 0.355176 0.934506 0.654208 0.491419 0.390750 0.355176 0.931574 0.654208 0.491403 0.390750 0.355176 0.921799 
0.654208 0.491465 0.379417 0.367557 0.918866 0.654208 0.491449 0.379417 0.367557 0.930596 0.654208 0.491434 0.390750 0.355176 0.934506 0.654208 0.491419 0.390750 0.355176 0.931574 0.654208 0.491403 0.390750 0.355176 0.921799 0.653986 0.491342 0.390750 0.355176 0.902248 
0.654208 0.491449 0.379417 0.367557 0.930596 0.654208 0.491434 0.390750 0.355176 0.934506 0.654208 0.491419 0.390750 0.355176 0.931574 0.654208 0.491403 0.390750 0.355176 0.921799 0.653986 0.491342 0.390750 0.355176 0.902248 0.653519 0.491219 0.390750 0.355176 0.868035 
0.654208 0.491434 0.390750 0.355176 0.934506 0.654208 0.491419 0.390750 0.355176 0.931574 0.654208 0.491403 0.390750 0.355176 0.921799 0.653986 0.491342 0.390750 0.355176 0.902248 0.653519 0.491219 0.390750 0.355176 0.868035 0.652830 0.491096 0.390750 0.355176 0.804497 
0.654208 0.491419 0.390750 0.355176 0.931574 0.654208 0.491403 0.390750 0.355176 0.921799 0.653986 0.491342 0.390750 0.355176 0.902248 0.653519 0.491219 0.390750 0.355176 0.868035 0.652830 0.491096 0.390750 0.355176 0.804497 0.652018 0.491096 0.390750 0.355176 0.700880 
0.654208 0.491403 0.390750 0.355176 0.921799 0.653986 0.491342 0.390750 0.355176 0.902248 0.653519 0.491219 0.390750 0.355176 0.868035 0.652830 0.491096 0.390750 0.355176 0.804497 0.652018 0.491096 0.390750 0.355176 0.700880 0.651033 0.491096 0.396218 0.348791 0.531769 
0.653986 0.491342 0.390750 0.355176 0.902248 0.653519 0.491219 0.390750 0.355176 0.868035 0.652830 0.491096 0.390750 0.355176 0.804497 0.652018 0.491096 0.390750 0.355176 0.700880 0.651033 0.491096 0.396218 0.348791 0.531769 0.650074 0.491449 0.396218 0.348791 0.187683 
0.653519 0.491219 0.390750 0.355176 0.868035 0.652830 0.491096 0.390750 0.355176 0.804497 0.652018 0.491096 0.390750 0.355176 0.700880 0.651033 0.491096 0.396218 0.348791 0.531769 0.650074 0.491449 0.396218 0.348791 0.187683 0.648450 0.493110 0.405300 0.368660 0.000000 
0.652830 0.491096 0.390750 0.355176 0.804497 0.652018 0.491096 0.390750 0.355176 0.700880 0.651033 0.491096 0.396218 0.348791 0.531769 0.650074 0.491449 0.396218 0.348791 0.187683 0.648450 0.493110 0.405300 0.368660 0.000000 0.648007 0.494433 0.405300 0.368660 0.000000 
0.652018 0.491096 0.390750 0.355176 0.700880 0.651033 0.491096 0.396218 0.348791 0.531769 0.650074 0.491449 0.396218 0.348791 0.187683 0.648450 0.493110 0.405300 0.368660 0.000000 0.648007 0.494433 0.405300 0.368660 0.000000 0.647908 0.496171 0.405300 0.368660 0.000000 
0.651033 0.491096 0.396218 0.348791 0.531769 0.650074 0.491449 0.396218 0.348791 0.187683 0.648450 0.493110 0.405300 0.368660 0.000000 0.648007 0.494433 0.405300 0.368660 0.000000 0.647908 0.496171 0.405300 0.368660 0.000000 0.647908 0.498247 0.405300 0.368660 0.000000 
0.642987 0.505706 0.037041 -0.037041 0.000000 0.644291 0.504537 0.037041 -0.037041 0.000000 0.645448 0.503291 0.037041 -0.037041 0.000000 0.646481 0.501953 0.015852 -0.031105 0.000000 0.648696 0.499492 0.015852 -0.031105 0.000000 0.650763 0.496847 0.015852 -0.031105 0.000000 
0.644291 0.504537 0.037041 -0.037041 0.000000 0.645448 0.503291 0.037041 -0.037041 0.000000 0.646481 0.501953 0.015852 -0.031105 0.000000 0.648696 0.499492 0.015852 -0.031105 0.000000 0.650763 0.496847 0.015852 -0.031105 0.000000 0.652682 0.494110 0.000000 -0.034907 0.000000 
0.645448 0.503291 0.037041 -0.037041 0.000000 0.646481 0.501953 0.015852 -0.031105 0.000000 0.648696 0.499492 0.015852 -0.031105 0.000000 0.650763 0.496847 0.015852 -0.031105 0.000000 0.652682 0.494110 0.000000 -0.034907 0.000000 0.654577 0.491372 0.000000 -0.017453 0.000000 
0.646481 0.501953 0.015852 -0.031105 0.000000 0.648696 0.499492 0.015852 -0.031105 0.000000 0.650763 0.496847 0.015852 -0.031105 0.000000 0.652682 0.494110 0.000000 -0.034907 0.000000 0.654577 0.491372 0.000000 -0.017453 0.000000 0.656201 0.488681 0.000000 0.000000 0.000000 
0.648696 0.499492 0.015852 -0.031105 0.000000 0.650763 0.496847 0.015852 -0.031105 0.000000 0.652682 0.494110 0.000000 -0.034907 0.000000 0.654577 0.491372 0.000000 -0.017453 0.000000 0.656201 0.488681 0.000000 0.000000 0.000000 0.657726 0.485990 0.000000 0.000000 0.000000 
0.650763 0.496847 0.015852 -0.031105 0.000000 0.652682 0.494110 0.000000 -0.034907 0.000000 0.654577 0.491372 0.000000 -0.017453 0.000000 0.656201 0.488681 0.000000 0.000000 0.000000 0.657726 0.485990 0.000000 0.000000 0.000000 0.659252 0.483406 0.000000 0.000000 0.000000 
0.652682 0.494110 0.000000 -0.034907 0.000000 0.654577 0.491372 0.000000 -0.017453 0.000000 0.656201 0.488681 0.000000 0.000000 0.000000 0.657726 0.485990 0.000000 0.000000 0.000000 0.659252 0.483406 0.000000 0.000000 0.000000 0.660778 0.480961 0.000000 0.034907 0.000000 
0.654577 0.491372 0.000000 -0.017453 0.000000 0.656201 0.488681 0.000000 0.000000 0.000000 0.657726 0.485990 0.000000 0.000000 0.000000 0.659252 0.483406 0.000000 0.000000 0.000000 0.660778 0.480961 0.000000 0.034907 0.000000 0.662205 0.478608 0.016193 0.049802 0.000000 
0.656201 0.488681 0.000000 0.000000 0.000000 0.657726 0.485990 0.000000 0.000000 0.000000 0.659252 0.483406 0.000000 0.000000 0.000000 0.660778 0.480961 0.000000 0.034907 0.000000 0.662205 0.478608 0.016193 0.049802 0.000000 0.663632 0.476363 0.031735 0.062225 0.000000 
0.657726 0.485990 0.000000 0.000000 0.000000 0.659252 0.483406 0.000000 0.000000 0.000000 0.660778 0.480961 0.000000 0.034907 0.000000 0.662205 0.478608 0.016193 0.049802 0.000000 0.663632 0.476363 0.031735 0.062225 0.000000 0.664961 0.474271 0.055685 0.108968 0.000000 
0.659252 0.483406 0.000000 0.000000 0.000000 0.660778 0.480961 0.000000 0.034907 0.000000 0.662205 0.478608 0.016193 0.049802 0.000000 0.663632 0.476363 0.031735 0.062225 0.000000 0.664961 0.474271 0.055685 0.108968 0.000000 0.666216 0.472256 0.090597 0.129020 0.000000 
0.660778 0.480961 0.000000 0.034907 0.000000 0.662205 0.478608 0.016193 0.049802 0.000000 0.663632 0.476363 0.031735 0.062225 0.000000 0.664961 0.474271 0.055685 0.108968 0.000000 0.666216 0.472256 0.090597 0.129020 0.000000 0.667347 0.470365 0.108271 0.159775 0.000000 
0.662205 0.478608 0.016193 0.049802 0.000000 0.663632 0.476363 0.031735 0.062225 0.000000 0.664961 0.474271 0.055685 0.108968 0.000000 0.666216 0.472256 0.090597 0.129020 0.000000 0.667347 0.470365 0.108271 0.159775 0.000000 0.668430 0.468565 0.121737 0.193342 0.000000 
0.663632 0.476363 0.031735 0.062225 0.000000 0.664961 0.474271 0.055685 0.108968 0.000000 0.666216 0.472256 0.090597 0.129020 0.000000 0.667347 0.470365 0.108271 0.159775 0.000000 0.668430 0.468565 0.121737 0.193342 0.000000 0.669341 0.466905 0.134968 0.206134 0.000000 
0.664961 0.474271 0.055685 0.108968 0.000000 0.666216 0.472256 0.090597 0.129020 0.000000 0.667347 0.470365 0.108271 0.159775 0.000000 0.668430 0.468565 0.121737 0.193342 0.000000 0.669341 0.466905 0.134968 0.206134 0.000000 0.669341 0.465367 0.158993 0.233391 0.000000 
0.666216 0.472256 0.090597 0.129020 0.000000 0.667347 0.470365 0.108271 0.159775 0.000000 0.668430 0.468565 0.121737 0.193342 0.000000 0.669341 0.466905 0.134968 0.206134 0.000000 0.669341 0.465367 0.158993 0.233391 0.000000 0.670349 0.463967 0.173595 0.245393 0.000000 
0.667347 0.470365 0.108271 0.159775 0.000000 0.668430 0.468565 0.121737 0.193342 0.000000 0.669341 0.466905 0.134968 0.206134 0.000000 0.669341 0.465367 0.158993 0.233391 0.000000 0.670349 0.463967 0.173595 0.245393 0.000000 0.670349 0.462737 0.188711 0.257050 0.000000 
0.668430 0.468565 0.121737 0.193342 0.000000 0.669341 0.466905 0.134968 0.206134 0.000000 0.669341 0.465367 0.158993 0.233391 0.000000 0.670349 0.463967 0.173595 0.245393 0.000000 0.670349 0.462737 0.188711 0.257050 0.000000 0.670349 0.461630 0.190218 0.278065 0.000000 
0.669341 0.466905 0.134968 0.206134 0.000000 0.669341 0.465367 0.158993 0.233391 0.000000 0.670349 0.463967 0.173595 0.245393 0.000000 0.670349 0.462737 0.188711 0.257050 0.000000 0.670349 0.461630 0.190218 0.278065 0.000000 0.670054 0.460661 0.205809 0.289756 0.000000 
0.669341 0.465367 0.158993 0.233391 0.000000 0.670349 0.463967 0.173595 0.245393 0.000000 0.670349 0.462737 0.188711 0.257050 0.000000 0.670349 0.461630 0.190218 0.278065 0.000000 0.670054 0.460661 0.205809 0.289756 0.000000 0.670054 0.459830 0.205809 0.289756 0.000000 
0.670349 0.463967 0.173595 0.245393 0.000000 0.670349 0.462737 0.188711 0.257050 0.000000 0.670349 0.461630 0.190218 0.278065 0.000000 0.670054 0.460661 0.205809 0.289756 0.000000 0.670054 0.459830 0.205809 0.289756 0.000000 0.670054 0.459154 0.227720 0.319612 0.000000 
0.670349 0.462737 0.188711 0.257050 0.000000 0.670349 0.461630 0.190218 0.278065 0.000000 0.670054 0.460661 0.205809 0.289756 0.000000 0.670054 0.459830 0.205809 0.289756 0.000000 0.670054 0.459154 0.227720 0.319612 0.000000 0.670620 0.458600 0.243796 0.308230 0.000000 
0.670349 0.461630 0.190218 0.278065 0.000000 0.670054 0.460661 0.205809 0.289756 0.000000 0.670054 0.459830 0.205809 0.289756 0.000000 0.670054 0.459154 0.227720 0.319612 0.000000 0.670620 0.458600 0.243796 0.308230 0.000000 0.671038 0.458139 0.244508 0.330790 0.000000 
0.670054 0.460661 0.205809 0.289756 0.000000 0.670054 0.459830 0.205809 0.289756 0.000000 0.670054 0.459154 0.227720 0.319612 0.000000 0.670620 0.458600 0.243796 0.308230 0.000000 0.671038 0.458139 0.244508 0.330790 0.000000 0.671186 0.458092 0.267539 0.337427 0.000000 
0.670054 0.459830 0.205809 0.289756 0.000000 0.670054 0.459154 0.227720 0.319612 0.000000 0.670620 0.458600 0.243796 0.308230 0.000000 0.671038 0.458139 0.244508 0.330790 0.000000 0.671186 0.458092 0.267539 0.337427 0.000000 0.671063 0.458154 0.267539 0.337427 0.000000 
0.670054 0.459154 0.227720 0.319612 0.000000 0.670620 0.458600 0.243796 0.308230 0.000000 0.671038 0.458139 0.244508 0.330790 0.000000 0.671186 0.458092 0.267539 0.337427 0.000000 0.671063 0.458154 0.267539 0.337427 0.000000 0.670423 0.458492 0.267539 0.337427 0.000000 
0.670620 0.458600 0.243796 0.308230 0.000000 0.671038 0.458139 0.244508 0.330790 0.000000 0.671186 0.458092 0.267539 0.337427 0.000000 0.671063 0.458154 0.267539 0.337427 0.000000 0.670423 0.458492 0.267539 0.337427 0.000000 0.669562 0.458908 0.255959 0.345730 0.000000 
0.671038 0.458139 0.244508 0.330790 0.000000 0.671186 0.458092 0.267539 0.337427 0.000000 0.671063 0.458154 0.267539 0.337427 0.000000 0.670423 0.458492 0.267539 0.337427 0.000000 0.669562 0.458908 0.255959 0.345730 0.000000 0.668553 0.459384 0.279569 0.352140 0.000000 
0.671186 0.458092 0.267539 0.337427 0.000000 0.671063 0.458154 0.267539 0.337427 0.000000 0.670423 0.458492 0.267539 0.337427 0.000000 0.669562 0.458908 0.255959 0.345730 0.000000 0.668553 0.459384 0.279569 0.352140 0.000000 0.667347 0.459892 0.279569 0.352140 0.000000 
0.671063 0.458154 0.267539 0.337427 0.000000 0.670423 0.458492 0.267539 0.337427 0.000000 0.669562 0.458908 0.255959 0.345730 0.000000 0.668553 0.459384 0.279569 0.352140 0.000000 0.667347 0.459892 0.279569 0.352140 0.000000 0.666166 0.460445 0.279569 0.352140 0.000000 
0.670423 0.458492 0.267539 0.337427 0.000000 0.669562 0.458908 0.255959 0.345730 0.000000 0.668553 0.459384 0.279569 0.352140 0.000000 0.667347 0.459892 0.279569 0.352140 0.000000 0.666166 0.460445 0.279569 0.352140 0.000000 0.665404 0.461030 0.279569 0.352140 0.000000 
0.669562 0.458908 0.255959 0.345730 0.000000 0.668553 0.459384 0.279569 0.352140 0.000000 0.667347 0.459892 0.279569 0.352140 0.000000 0.666166 0.460445 0.279569 0.352140 0.000000 0.665404 0.461030 0.279569 0.352140 0.000000 0.664715 0.461660 0.285506 0.371440 0.000000 
0.668553 0.459384 0.279569 0.352140 0.000000 0.667347 0.459892 0.279569 0.352140 0.000000 0.666166 0.460445 0.279569 0.352140 0.000000 0.665404 0.461030 0.279569 0.352140 0.000000 0.664715 0.461660 0.285506 0.371440 0.000000 0.664026 0.462337 0.297812 0.362307 0.000000 
0.667347 0.459892 0.279569 0.352140 0.000000 0.666166 0.460445 0.279569 0.352140 0.000000 0.665404 0.461030 0.279569 0.352140 0.000000 0.664715 0.461660 0.285506 0.371440 0.000000 0.664026 0.462337 0.297812 0.362307 0.000000 0.663361 0.463075 0.297537 0.386462 0.000000 
0.666166 0.460445 0.279569 0.352140 0.000000 0.665404 0.461030 0.279569 0.352140 0.000000 0.664715 0.461660 0.285506 0.371440 0.000000 0.664026 0.462337 0.297812 0.362307 0.000000 0.663361 0.463075 0.297537 0.386462 0.000000 0.662721 0.463859 0.310297 0.377032 0.000000 
0.665404 0.461030 0.279569 0.352140 0.000000 0.664715 0.461660 0.285506 0.371440 0.000000 0.664026 0.462337 0.297812 0.362307 0.000000 0.663361 0.463075 0.297537 0.386462 0.000000 0.662721 0.463859 0.310297 0.377032 0.000000 0.662721 0.464659 0.309695 0.401567 0.000000 
0.664715 0.461660 0.285506 0.371440 0.000000 0.664026 0.462337 0.297812 0.362307 0.000000 0.663361 0.463075 0.297537 0.386462 0.000000 0.662721 0.463859 0.310297 0.377032 0.000000 0.662721 0.464659 0.309695 0.401567 0.000000 0.661909 0.465505 0.314969 0.421560 0.000000 
0.664026 0.462337 0.297812 0.362307 0.000000 0.663361 0.463075 0.297537 0.386462 0.000000 0.662721 0.463859 0.310297 0.377032 0.000000 0.662721 0.464659 0.309695 0.401567 0.000000 0.661909 0.465505 0.314969 0.421560 0.000000 0.661171 0.466382 0.328874 0.411824 0.000000 
0.663361 0.463075 0.297537 0.386462 0.000000 0.662721 0.463859 0.310297 0.377032 0.000000 0.662721 0.464659 0.309695 0.401567 0.000000 0.661909 0.465505 0.314969 0.421560 0.000000 0.661171 0.466382 0.328874 0.411824 0.000000 0.661171 0.467274 0.354315 0.442211 0.000000 
0.662721 0.463859 0.310297 0.377032 0.000000 0.662721 0.464659 0.309695 0.401567 0.000000 0.661909 0.465505 0.314969 0.421560 0.000000 0.661171 0.466382 0.328874 0.411824 0.000000 0.661171 0.467274 0.354315 0.442211 0.000000 0.661171 0.468150 0.354315 0.442211 0.000000 
0.662721 0.464659 0.309695 0.401567 0.000000 0.661909 0.465505 0.314969 0.421560 0.000000 0.661171 0.466382 0.328874 0.411824 0.000000 0.661171 0.467274 0.354315 0.442211 0.000000 0.661171 0.468150 0.354315 0.442211 0.000000 0.660901 0.469027 0.367254 0.457552 0.000000 
0.661909 0.465505 0.314969 0.421560 0.000000 0.661171 0.466382 0.328874 0.411824 0.000000 0.661171 0.467274 0.354315 0.442211 0.000000 0.661171 0.468150 0.354315 0.442211 0.000000 0.660901 0.469027 0.367254 0.457552 0.000000 0.660901 0.469873 0.367254 0.457552 0.000000 
0.661171 0.466382 0.328874 0.411824 0.000000 0.661171 0.467274 0.354315 0.442211 0.000000 0.661171 0.468150 0.354315 0.442211 0.000000 0.660901 0.469027 0.367254 0.457552 0.000000 0.660901 0.469873 0.367254 0.457552 0.000000 0.660802 0.470719 0.380347 0.472996 0.000000 
0.661171 0.467274 0.354315 0.442211 0.000000 0.661171 0.468150 0.354315 0.442211 0.000000 0.660901 0.469027 0.367254 0.457552 0.000000 0.660901 0.469873 0.367254 0.457552 0.000000 0.660802 0.470719 0.380347 0.472996 0.000000 0.660778 0.471534 0.380347 0.472996 0.000000 
0.661171 0.468150 0.354315 0.442211 0.000000 0.660901 0.469027 0.367254 0.457552 0.000000 0.660901 0.469873 0.367254 0.457552 0.000000 0.660802 0.470719 0.380347 0.472996 0.000000 0.660778 0.471534 0.380347 0.472996 0.000000 0.660778 0.472318 0.409103 0.476921 0.000000 
0.660901 0.469027 0.367254 0.457552 0.000000 0.660901 0.469873 0.367254 0.457552 0.000000 0.660802 0.470719 0.380347 0.472996 0.000000 0.660778 0.471534 0.380347 0.472996 0.000000 0.660778 0.472318 0.409103 0.476921 0.000000 0.661220 0.473041 0.401432 0.482813 0.000000 
0.660901 0.469873 0.367254 0.457552 0.000000 0.660802 0.470719 0.380347 0.472996 0.000000 0.660778 0.471534 0.380347 0.472996 0.000000 0.660778 0.472318 0.409103 0.476921 0.000000 0.661220 0.473041 0.401432 0.482813 0.000000 0.662328 0.473733 0.422924 0.492334 0.000000 
0.660802 0.470719 0.380347 0.472996 0.000000 0.660778 0.471534 0.380347 0.472996 0.000000 0.660778 0.472318 0.409103 0.476921 0.000000 0.661220 0.473041 0.401432 0.482813 0.000000 0.662328 0.473733 0.422924 0.492334 0.000000 0.663361 0.474363 0.430625 0.486150 0.000000 
0.660778 0.471534 0.380347 0.472996 0.000000 0.660778 0.472318 0.409103 0.476921 0.000000 0.661220 0.473041 0.401432 0.482813 0.000000 0.662328 0.473733 0.422924 0.492334 0.000000 0.663361 0.474363 0.430625 0.486150 0.000000 0.664567 0.474978 0.436911 0.507869 0.000000 
0.660778 0.472318 0.409103 0.476921 0.000000 0.661220 0.473041 0.401432 0.482813 0.000000 0.662328 0.473733 0.422924 0.492334 0.000000 0.663361 0.474363 0.430625 0.486150 0.000000 0.664567 0.474978 0.436911 0.507869 0.000000 0.665896 0.475548 0.444798 0.501559 0.000000 
0.661220 0.473041 0.401432 0.482813 0.000000 0.662328 0.473733 0.422924 0.492334 0.000000 0.663361 0.474363 0.430625 0.486150 0.000000 0.664567 0.474978 0.436911 0.507869 0.000000 0.665896 0.475548 0.444798 0.501559 0.000000 0.667224 0.476086 0.444798 0.501559 0.000000 
0.662328 0.473733 0.422924 0.492334 0.000000 0.663361 0.474363 0.430625 0.486150 0.000000 0.664567 0.474978 0.436911 0.507869 0.000000 0.665896 0.475548 0.444798 0.501559 0.000000 0.667224 0.476086 0.444798 0.501559 0.000000 0.668553 0.476578 0.474724 0.503699 0.000000 
0.663361 0.474363 0.430625 0.486150 0.000000 0.664567 0.474978 0.436911 0.507869 0.000000 0.665896 0.475548 0.444798 0.501559 0.000000 0.667224 0.476086 0.444798 0.501559 0.000000 0.668553 0.476578 0.474724 0.503699 0.000000 0.669833 0.477024 0.474724 0.503699 0.000000 
0.664567 0.474978 0.436911 0.507869 0.000000 0.665896 0.475548 0.444798 0.501559 0.000000 0.667224 0.476086 0.444798 0.501559 0.000000 0.668553 0.476578 0.474724 0.503699 0.000000 0.669833 0.477024 0.474724 0.503699 0.000000 0.671014 0.477454 0.474724 0.503699 0.000000 
0.665896 0.475548 0.444798 0.501559 0.000000 0.667224 0.476086 0.444798 0.501559 0.000000 0.668553 0.476578 0.474724 0.503699 0.000000 0.669833 0.477024 0.474724 0.503699 0.000000 0.671014 0.477454 0.474724 0.503699 0.000000 0.672023 0.477839 0.474724 0.503699 0.000000 
0.667224 0.476086 0.444798 0.501559 0.000000 0.668553 0.476578 0.474724 0.503699 0.000000 0.669833 0.477024 0.474724 0.503699 0.000000 0.671014 0.477454 0.474724 0.503699 0.000000 0.672023 0.477839 0.474724 0.503699 0.000000 0.672023 0.478177 0.489576 0.489576 0.000000 
0.668553 0.476578 0.474724 0.503699 0.000000 0.669833 0.477024 0.474724 0.503699 0.000000 0.671014 0.477454 0.474724 0.503699 0.000000 0.672023 0.477839 0.474724 0.503699 0.000000 0.672023 0.478177 0.489576 0.489576 0.000000 0.672195 0.478177 0.489576 0.489576 0.000000 
0.669833 0.477024 0.474724 0.503699 0.000000 0.671014 0.477454 0.474724 0.503699 0.000000 0.672023 0.477839 0.474724 0.503699 0.000000 0.672023 0.478177 0.489576 0.489576 0.000000 0.672195 0.478177 0.489576 0.489576 0.000000 0.673302 0.478516 0.481588 0.467400 0.000000 
0.671014 0.477454 0.474724 0.503699 0.000000 0.672023 0.477839 0.474724 0.503699 0.000000 0.672023 0.478177 0.489576 0.489576 0.000000 0.672195 0.478177 0.489576 0.489576 0.000000 0.673302 0.478516 0.481588 0.467400 0.000000 0.673327 0.478516 0.474582 0.474582 0.000000 
0.672023 0.477839 0.474724 0.503699 0.000000 0.672023 0.478177 0.489576 0.489576 0.000000 0.672195 0.478177 0.489576 0.489576 0.000000 0.673302 0.478516 0.481588 0.467400 0.000000 0.673327 0.478516 0.474582 0.474582 0.000000 0.673868 0.478685 0.466593 0.452713 0.000000 
0.672023 0.478177 0.489576 0.489576 0.000000 0.672195 0.478177 0.489576 0.489576 0.000000 0.673302 0.478516 0.481588 0.467400 0.000000 0.673327 0.478516 0.474582 0.474582 0.000000 0.673868 0.478685 0.466593 0.452713 0.000000 0.673967 0.478716 0.466593 0.452713 0.000000 
0.672195 0.478177 0.489576 0.489576 0.000000 0.673302 0.478516 0.481588 0.467400 0.000000 0.673327 0.478516 0.474582 0.474582 0.000000 0.673868 0.478685 0.466593 0.452713 0.000000 0.673967 0.478716 0.466593 0.452713 0.000000 0.673671 0.478716 0.466593 0.452713 0.000000 
0.673302 0.478516 0.481588 0.467400 0.000000 0.673327 0.478516 0.474582 0.474582 0.000000 0.673868 0.478685 0.466593 0.452713 0.000000 0.673967 0.478716 0.466593 0.452713 0.000000 0.673671 0.478716 0.466593 0.452713 0.000000 0.673155 0.478516 0.479799 0.438156 0.000000 
0.673327 0.478516 0.474582 0.474582 0.000000 0.673868 0.478685 0.466593 0.452713 0.000000 0.673967 0.478716 0.466593 0.452713 0.000000 0.673671 0.478716 0.466593 0.452713 0.000000 0.673155 0.478516 0.479799 0.438156 0.000000 0.672638 0.478300 0.451738 0.438175 0.000000 
0.673868 0.478685 0.466593 0.452713 0.000000 0.673967 0.478716 0.466593 0.452713 0.000000 0.673671 0.478716 0.466593 0.452713 0.000000 0.673155 0.478516 0.479799 0.438156 0.000000 0.672638 0.478300 0.451738 0.438175 0.000000 0.672047 0.478070 0.451738 0.438175 0.000000 
0.673967 0.478716 0.466593 0.452713 0.000000 0.673671 0.478716 0.466593 0.452713 0.000000 0.673155 0.478516 0.479799 0.438156 0.000000 0.672638 0.478300 0.451738 0.438175 0.000000 0.672047 0.478070 0.451738 0.438175 0.000000 0.671457 0.477824 0.451738 0.438175 0.000000 
0.673671 0.478716 0.466593 0.452713 0.000000 0.673155 0.478516 0.479799 0.438156 0.000000 0.672638 0.478300 0.451738 0.438175 0.000000 0.672047 0.478070 0.451738 0.438175 0.000000 0.671457 0.477824 0.451738 0.438175 0.000000 0.670915 0.477547 0.451738 0.438175 0.000000 
0.673155 0.478516 0.479799 0.438156 0.000000 0.672638 0.478300 0.451738 0.438175 0.000000 0.672047 0.478070 0.451738 0.438175 0.000000 0.671457 0.477824 0.451738 0.438175 0.000000 0.670915 0.477547 0.451738 0.438175 0.000000 0.670448 0.477255 0.451738 0.438175 0.000000 
0.672638 0.478300 0.451738 0.438175 0.000000 0.672047 0.478070 0.451738 0.438175 0.000000 0.671457 0.477824 0.451738 0.438175 0.000000 0.670915 0.477547 0.451738 0.438175 0.000000 0.670448 0.477255 0.451738 0.438175 0.000000 0.670276 0.476947 0.430479 0.430479 0.000000 
0.672047 0.478070 0.451738 0.438175 0.000000 0.671457 0.477824 0.451738 0.438175 0.000000 0.670915 0.477547 0.451738 0.438175 0.000000 0.670448 0.477255 0.451738 0.438175 0.000000 0.670276 0.476947 0.430479 0.430479 0.000000 0.670128 0.476639 0.430479 0.430479 0.000000 
0.671457 0.477824 0.451738 0.438175 0.000000 0.670915 0.477547 0.451738 0.438175 0.000000 0.670448 0.477255 0.451738 0.438175 0.000000 0.670276 0.476947 0.430479 0.430479 0.000000 0.670128 0.476639 0.430479 0.430479 0.000000 0.669783 0.476332 0.430479 0.430479 0.000000 
0.670915 0.477547 0.451738 0.438175 0.000000 0.670448 0.477255 0.451738 0.438175 0.000000 0.670276 0.476947 0.430479 0.430479 0.000000 0.670128 0.476639 0.430479 0.430479 0.000000 0.669783 0.476332 0.430479 0.430479 0.000000 0.669513 0.476009 0.430479 0.430479 0.000000 
0.670448 0.477255 0.451738 0.438175 0.000000 0.670276 0.476947 0.430479 0.430479 0.000000 0.670128 0.476639 0.430479 0.430479 0.000000 0.669783 0.476332 0.430479 0.430479 0.000000 0.669513 0.476009 0.430479 0.430479 0.000000 0.669168 0.475717 0.430479 0.430479 0.000000 
0.670276 0.476947 0.430479 0.430479 0.000000 0.670128 0.476639 0.430479 0.430479 0.000000 0.669783 0.476332 0.430479 0.430479 0.000000 0.669513 0.476009 0.430479 0.430479 0.000000 0.669168 0.475717 0.430479 0.430479 0.000000 0.669045 0.475424 0.430479 0.430479 0.000000 
0.670128 0.476639 0.430479 0.430479 0.000000 0.669783 0.476332 0.430479 0.430479 0.000000 0.669513 0.476009 0.430479 0.430479 0.000000 0.669168 0.475717 0.430479 0.430479 0.000000 0.669045 0.475424 0.430479 0.430479 0.000000 0.669021 0.475163 0.423782 0.437020 0.000000 
0.669783 0.476332 0.430479 0.430479 0.000000 0.669513 0.476009 0.430479 0.430479 0.000000 0.669168 0.475717 0.430479 0.430479 0.000000 0.669045 0.475424 0.430479 0.430479 0.000000 0.669021 0.475163 0.423782 0.437020 0.000000 0.669021 0.474932 0.423782 0.437020 0.000000 
0.669513 0.476009 0.430479 0.430479 0.000000 0.669168 0.475717 0.430479 0.430479 0.000000 0.669045 0.475424 0.430479 0.430479 0.000000 0.669021 0.475163 0.423782 0.437020 0.000000 0.669021 0.474932 0.423782 0.437020 0.000000 0.669021 0.474871 0.423782 0.437020 0.000000 
0.669168 0.475717 0.430479 0.430479 0.000000 0.669045 0.475424 0.430479 0.430479 0.000000 0.669021 0.475163 0.423782 0.437020 0.000000 0.669021 0.474932 0.423782 0.437020 0.000000 0.669021 0.474871 0.423782 0.437020 0.000000 0.669021 0.474563 0.423782 0.437020 0.000000 
0.669045 0.475424 0.430479 0.430479 0.000000 0.669021 0.475163 0.423782 0.437020 0.000000 0.669021 0.474932 0.423782 0.437020 0.000000 0.669021 0.474871 0.423782 0.437020 0.000000 0.669021 0.474563 0.423782 0.437020 0.000000 0.669021 0.474425 0.423782 0.437020 0.000000 
0.669021 0.475163 0.423782 0.437020 0.000000 0.669021 0.474932 0.423782 0.437020 0.000000 0.669021 0.474871 0.423782 0.437020 0.000000 0.669021 0.474563 0.423782 0.437020 0.000000 0.669021 0.474425 0.423782 0.437020 0.000000 0.668996 0.474302 0.396028 0.434738 0.000000 
0.669021 0.474932 0.423782 0.437020 0.000000 0.669021 0.474871 0.423782 0.437020 0.000000 0.669021 0.474563 0.423782 0.437020 0.000000 0.669021 0.474425 0.423782 0.437020 0.000000 0.668996 0.474302 0.396028 0.434738 0.000000 0.668898 0.474194 0.409528 0.422433 0.000000 
0.669021 0.474871 0.423782 0.437020 0.000000 0.669021 0.474563 0.423782 0.437020 0.000000 0.669021 0.474425 0.423782 0.437020 0.000000 0.668996 0.474302 0.396028 0.434738 0.000000 0.668898 0.474194 0.409528 0.422433 0.000000 0.668775 0.474117 0.409528 0.422433 0.000000 
0.669021 0.474563 0.423782 0.437020 0.000000 0.669021 0.474425 0.423782 0.437020 0.000000 0.668996 0.474302 0.396028 0.434738 0.000000 0.668898 0.474194 0.409528 0.422433 0.000000 0.668775 0.474117 0.409528 0.422433 0.000000 0.668578 0.474056 0.409528 0.422433 0.000000 
0.669021 0.474425 0.423782 0.437020 0.000000 0.668996 0.474302 0.396028 0.434738 0.000000 0.668898 0.474194 0.409528 0.422433 0.000000 0.668775 0.474117 0.409528 0.422433 0.000000 0.668578 0.474056 0.409528 0.422433 0.000000 0.668356 0.474010 0.409528 0.422433 0.000000 
0.668996 0.474302 0.396028 0.434738 0.000000 0.668898 0.474194 0.409528 0.422433 0.000000 0.668775 0.474117 0.409528 0.422433 0.000000 0.668578 0.474056 0.409528 0.422433 0.000000 0.668356 0.474010 0.409528 0.422433 0.000000 0.668061 0.473948 0.409528 0.422433 0.000000 
0.668898 0.474194 0.409528 0.422433 0.000000 0.668775 0.474117 0.409528 0.422433 0.000000 0.668578 0.474056 0.409528 0.422433 0.000000 0.668356 0.474010 0.409528 0.422433 0.000000 0.668061 0.473948 0.409528 0.422433 0.000000 0.667766 0.473902 0.409528 0.422433 0.000000 
0.668775 0.474117 0.409528 0.422433 0.000000 0.668578 0.474056 0.409528 0.422433 0.000000 0.668356 0.474010 0.409528 0.422433 0.000000 0.668061 0.473948 0.409528 0.422433 0.000000 0.667766 0.473902 0.409528 0.422433 0.000000 0.667446 0.473871 0.409528 0.422433 0.000000 
0.668578 0.474056 0.409528 0.422433 0.000000 0.668356 0.474010 0.409528 0.422433 0.000000 0.668061 0.473948 0.409528 0.422433 0.000000 0.667766 0.473902 0.409528 0.422433 0.000000 0.667446 0.473871 0.409528 0.422433 0.000000 0.667151 0.473856 0.409528 0.422433 0.000000 
0.668356 0.474010 0.409528 0.422433 0.000000 0.668061 0.473948 0.409528 0.422433 0.000000 0.667766 0.473902 0.409528 0.422433 0.000000 0.667446 0.473871 0.409528 0.422433 0.000000 0.667151 0.473856 0.409528 0.422433 0.000000 0.666831 0.473825 0.409528 0.422433 0.000000 
0.668061 0.473948 0.409528 0.422433 0.000000 0.667766 0.473902 0.409528 0.422433 0.000000 0.667446 0.473871 0.409528 0.422433 0.000000 0.667151 0.473856 0.409528 0.422433 0.000000 0.666831 0.473825 0.409528 0.422433 0.000000 0.666462 0.473825 0.409528 0.422433 0.000000 
0.667766 0.473902 0.409528 0.422433 0.000000 0.667446 0.473871 0.409528 0.422433 0.000000 0.667151 0.473856 0.409528 0.422433 0.000000 0.666831 0.473825 0.409528 0.422433 0.000000 0.666462 0.473825 0.409528 0.422433 0.000000 0.666117 0.473825 0.409528 0.422433 0.000000 
0.667446 0.473871 0.409528 0.422433 0.000000 0.667151 0.473856 0.409528 0.422433 0.000000 0.666831 0.473825 0.409528 0.422433 0.000000 0.666462 0.473825 0.409528 0.422433 0.000000 0.666117 0.473825 0.409528 0.422433 0.000000 0.665748 0.473825 0.409528 0.422433 0.000000 
0.667151 0.473856 0.409528 0.422433 0.000000 0.666831 0.473825 0.409528 0.422433 0.000000 0.666462 0.473825 0.409528 0.422433 0.000000 0.666117 0.473825 0.409528 0.422433 0.000000 0.665748 0.473825 0.409528 0.422433 0.000000 0.665428 0.473825 0.409528 0.422433 0.000000 
0.666831 0.473825 0.409528 0.422433 0.000000 0.666462 0.473825 0.409528 0.422433 0.000000 0.666117 0.473825 0.409528 0.422433 0.000000 0.665748 0.473825 0.409528 0.422433 0.000000 0.665428 0.473825 0.409528 0.422433 0.000000 0.665133 0.473825 0.409528 0.422433 0.000000 
0.666462 0.473825 0.409528 0.422433 0.000000 0.666117 0.473825 0.409528 0.422433 0.000000 0.665748 0.473825 0.409528 0.422433 0.000000 0.665428 0.473825 0.409528 0.422433 0.000000 0.665133 0.473825 0.409528 0.422433 0.000000 0.664813 0.473825 0.409528 0.422433 0.000000 
0.666117 0.473825 0.409528 0.422433 0.000000 0.665748 0.473825 0.409528 0.422433 0.000000 0.665428 0.473825 0.409528 0.422433 0.000000 0.665133 0.473825 0.409528 0.422433 0.000000 0.664813 0.473825 0.409528 0.422433 0.000000 0.664469 0.473825 0.409528 0.422433 0.000000 
0.665748 0.473825 0.409528 0.422433 0.000000 0.665428 0.473825 0.409528 0.422433 0.000000 0.665133 0.473825 0.409528 0.422433 0.000000 0.664813 0.473825 0.409528 0.422433 0.000000 0.664469 0.473825 0.409528 0.422433 0.000000 0.664173 0.473948 0.409528 0.422433 0.000000 
0.665428 0.473825 0.409528 0.422433 0.000000 0.665133 0.473825 0.409528 0.422433 0.000000 0.664813 0.473825 0.409528 0.422433 0.000000 0.664469 0.473825 0.409528 0.422433 0.000000 0.664173 0.473948 0.409528 0.422433 0.000000 0.663927 0.474102 0.409528 0.422433 0.000000 
0.665133 0.473825 0.409528 0.422433 0.000000 0.664813 0.473825 0.409528 0.422433 0.000000 0.664469 0.473825 0.409528 0.422433 0.000000 0.664173 0.473948 0.409528 0.422433 0.000000 0.663927 0.474102 0.409528 0.422433 0.000000 0.663706 0.474286 0.409528 0.422433 0.000000 
0.664813 0.473825 0.409528 0.422433 0.000000 0.664469 0.473825 0.409528 0.422433 0.000000 0.664173 0.473948 0.409528 0.422433 0.000000 0.663927 0.474102 0.409528 0.422433 0.000000 0.663706 0.474286 0.409528 0.422433 0.000000 0.663484 0.474502 0.409528 0.422433 0.000000 
0.664469 0.473825 0.409528 0.422433 0.000000 0.664173 0.473948 0.409528 0.422433 0.000000 0.663927 0.474102 0.409528 0.422433 0.000000 0.663706 0.474286 0.409528 0.422433 0.000000 0.663484 0.474502 0.409528 0.422433 0.000000 0.663287 0.474763 0.409528 0.422433 0.000000 
0.664173 0.473948 0.409528 0.422433 0.000000 0.663927 0.474102 0.409528 0.422433 0.000000 0.663706 0.474286 0.409528 0.422433 0.000000 0.663484 0.474502 0.409528 0.422433 0.000000 0.663287 0.474763 0.409528 0.422433 0.000000 0.663091 0.475055 0.409528 0.422433 0.000000 
0.663927 0.474102 0.409528 0.422433 0.000000 0.663706 0.474286 0.409528 0.422433 0.000000 0.663484 0.474502 0.409528 0.422433 0.000000 0.663287 0.474763 0.409528 0.422433 0.000000 0.663091 0.475055 0.409528 0.422433 0.000000 0.662869 0.475394 0.409528 0.422433 0.000000 
0.663706 0.474286 0.409528 0.422433 0.000000 0.663484 0.474502 0.409528 0.422433 0.000000 0.663287 0.474763 0.409528 0.422433 0.000000 0.663091 0.475055 0.409528 0.422433 0.000000 0.662869 0.475394 0.409528 0.422433 0.000000 0.662672 0.475747 0.409528 0.422433 0.000000 
0.663484 0.474502 0.409528 0.422433 0.000000 0.663287 0.474763 0.409528 0.422433 0.000000 0.663091 0.475055 0.409528 0.422433 0.000000 0.662869 0.475394 0.409528 0.422433 0.000000 0.662672 0.475747 0.409528 0.422433 0.000000 0.662426 0.476132 0.409528 0.422433 0.000000 
0.663287 0.474763 0.409528 0.422433 0.000000 0.663091 0.475055 0.409528 0.422433 0.000000 0.662869 0.475394 0.409528 0.422433 0.000000 0.662672 0.475747 0.409528 0.422433 0.000000 0.662426 0.476132 0.409528 0.422433 0.000000 0.662155 0.476547 0.409528 0.422433 0.000000 
0.663091 0.475055 0.409528 0.422433 0.000000 0.662869 0.475394 0.409528 0.422433 0.000000 0.662672 0.475747 0.409528 0.422433 0.000000 0.662426 0.476132 0.409528 0.422433 0.000000 0.662155 0.476547 0.409528 0.422433 0.000000 0.661786 0.476962 0.409528 0.422433 0.000000 
0.662869 0.475394 0.409528 0.422433 0.000000 0.662672 0.475747 0.409528 0.422433 0.000000 0.662426 0.476132 0.409528 0.422433 0.000000 0.662155 0.476547 0.409528 0.422433 0.000000 0.661786 0.476962 0.409528 0.422433 0.000000 0.661393 0.477408 0.409528 0.422433 0.000000 
0.662672 0.475747 0.409528 0.422433 0.000000 0.662426 0.476132 0.409528 0.422433 0.000000 0.662155 0.476547 0.409528 0.422433 0.000000 0.661786 0.476962 0.409528 0.422433 0.000000 0.661393 0.477408 0.409528 0.422433 0.000000 0.660925 0.477854 0.396028 0.434738 0.000000 
0.662426 0.476132 0.409528 0.422433 0.000000 0.662155 0.476547 0.409528 0.422433 0.000000 0.661786 0.476962 0.409528 0.422433 0.000000 0.661393 0.477408 0.409528 0.422433 0.000000 0.660925 0.477854 0.396028 0.434738 0.000000 0.660433 0.478316 0.423782 0.437020 0.000000 
0.662155 0.476547 0.409528 0.422433 0.000000 0.661786 0.476962 0.409528 0.422433 0.000000 0.661393 0.477408 0.409528 0.422433 0.000000 0.660925 0.477854 0.396028 0.434738 0.000000 0.660433 0.478316 0.423782 0.437020 0.000000 0.659916 0.478746 0.423782 0.437020 0.000000 
0.661786 0.476962 0.409528 0.422433 0.000000 0.661393 0.477408 0.409528 0.422433 0.000000 0.660925 0.477854 0.396028 0.434738 0.000000 0.660433 0.478316 0.423782 0.437020 0.000000 0.659916 0.478746 0.423782 0.437020 0.000000 0.659375 0.479192 0.423782 0.437020 0.000000 
0.661393 0.477408 0.409528 0.422433 0.000000 0.660925 0.477854 0.396028 0.434738 0.000000 0.660433 0.478316 0.423782 0.437020 0.000000 0.659916 0.478746 0.423782 0.437020 0.000000 0.659375 0.479192 0.423782 0.437020 0.000000 0.658834 0.479638 0.423782 0.437020 0.000000 
0.660925 0.477854 0.396028 0.434738 0.000000 0.660433 0.478316 0.423782 0.437020 0.000000 0.659916 0.478746 0.423782 0.437020 0.000000 0.659375 0.479192 0.423782 0.437020 0.000000 0.658834 0.479638 0.423782 0.437020 0.000000 0.658292 0.480054 0.423782 0.437020 0.000000 
0.660433 0.478316 0.423782 0.437020 0.000000 0.659916 0.478746 0.423782 0.437020 0.000000 0.659375 0.479192 0.423782 0.437020 0.000000 0.658834 0.479638 0.423782 0.437020 0.000000 0.658292 0.480054 0.423782 0.437020 0.000000 0.657825 0.480484 0.430479 0.430479 0.000000 
0.659916 0.478746 0.423782 0.437020 0.000000 0.659375 0.479192 0.423782 0.437020 0.000000 0.658834 0.479638 0.423782 0.437020 0.000000 0.658292 0.480054 0.423782 0.437020 0.000000 0.657825 0.480484 0.430479 0.430479 0.000000 0.657653 0.480884 0.430479 0.430479 0.000000 
0.659375 0.479192 0.423782 0.437020 0.000000 0.658834 0.479638 0.423782 0.437020 0.000000 0.658292 0.480054 0.423782 0.437020 0.000000 0.657825 0.480484 0.430479 0.430479 0.000000 0.657653 0.480884 0.430479 0.430479 0.000000 0.657505 0.481299 0.430479 0.430479 0.000000 
0.658834 0.479638 0.423782 0.437020 0.000000 0.658292 0.480054 0.423782 0.437020 0.000000 0.657825 0.480484 0.430479 0.430479 0.000000 0.657653 0.480884 0.430479 0.430479 0.000000 0.657505 0.481299 0.430479 0.430479 0.000000 0.656939 0.481699 0.430479 0.430479 0.000000 
0.658292 0.480054 0.423782 0.437020 0.000000 0.657825 0.480484 0.430479 0.430479 0.000000 0.657653 0.480884 0.430479 0.430479 0.000000 0.657505 0.481299 0.430479 0.430479 0.000000 0.656939 0.481699 0.430479 0.430479 0.000000 0.656841 0.482099 0.438175 0.451738 0.000000 
0.657825 0.480484 0.430479 0.430479 0.000000 0.657653 0.480884 0.430479 0.430479 0.000000 0.657505 0.481299 0.430479 0.430479 0.000000 0.656939 0.481699 0.430479 0.430479 0.000000 0.656841 0.482099 0.438175 0.451738 0.000000 0.656619 0.482499 0.438175 0.451738 0.000000 
0.657653 0.480884 0.430479 0.430479 0.000000 0.657505 0.481299 0.430479 0.430479 0.000000 0.656939 0.481699 0.430479 0.430479 0.000000 0.656841 0.482099 0.438175 0.451738 0.000000 0.656619 0.482499 0.438175 0.451738 0.000000 0.656422 0.482914 0.459737 0.459737 0.000000 
0.657505 0.481299 0.430479 0.430479 0.000000 0.656939 0.481699 0.430479 0.430479 0.000000 0.656841 0.482099 0.438175 0.451738 0.000000 0.656619 0.482499 0.438175 0.451738 0.000000 0.656422 0.482914 0.459737 0.459737 0.000000 0.656250 0.483329 0.459737 0.459737 0.000000 
0.656939 0.481699 0.430479 0.430479 0.000000 0.656841 0.482099 0.438175 0.451738 0.000000 0.656619 0.482499 0.438175 0.451738 0.000000 0.656422 0.482914 0.459737 0.459737 0.000000 0.656250 0.483329 0.459737 0.459737 0.000000 0.656053 0.483744 0.459737 0.459737 0.000000 
0.656841 0.482099 0.438175 0.451738 0.000000 0.656619 0.482499 0.438175 0.451738 0.000000 0.656422 0.482914 0.459737 0.459737 0.000000 0.656250 0.483329 0.459737 0.459737 0.000000 0.656053 0.483744 0.459737 0.459737 0.000000 0.655905 0.484160 0.459737 0.459737 0.000000 
0.656619 0.482499 0.438175 0.451738 0.000000 0.656422 0.482914 0.459737 0.459737 0.000000 0.656250 0.483329 0.459737 0.459737 0.000000 0.656053 0.483744 0.459737 0.459737 0.000000 0.655905 0.484160 0.459737 0.459737 0.000000 0.655856 0.484575 0.459737 0.459737 0.000000 
0.656422 0.482914 0.459737 0.459737 0.000000 0.656250 0.483329 0.459737 0.459737 0.000000 0.656053 0.483744 0.459737 0.459737 0.000000 0.655905 0.484160 0.459737 0.459737 0.000000 0.655856 0.484575 0.459737 0.459737 0.000000 0.655782 0.484990 0.451738 0.438175 0.000000 
0.656250 0.483329 0.459737 0.459737 0.000000 0.656053 0.483744 0.459737 0.459737 0.000000 0.655905 0.484160 0.459737 0.459737 0.000000 0.655856 0.484575 0.459737 0.459737 0.000000 0.655782 0.484990 0.451738 0.438175 0.000000 0.655709 0.485421 0.451738 0.438175 0.000000 
0.656053 0.483744 0.459737 0.459737 0.000000 0.655905 0.484160 0.459737 0.459737 0.000000 0.655856 0.484575 0.459737 0.459737 0.000000 0.655782 0.484990 0.451738 0.438175 0.000000 0.655709 0.485421 0.451738 0.438175 0.000000 0.655659 0.485821 0.479799 0.438156 0.000000 
0.655905 0.484160 0.459737 0.459737 0.000000 0.655856 0.484575 0.459737 0.459737 0.000000 0.655782 0.484990 0.451738 0.438175 0.000000 0.655709 0.485421 0.451738 0.438175 0.000000 0.655659 0.485821 0.479799 0.438156 0.000000 0.655512 0.486236 0.479799 0.438156 0.000000 
0.655856 0.484575 0.459737 0.459737 0.000000 0.655782 0.484990 0.451738 0.438175 0.000000 0.655709 0.485421 0.451738 0.438175 0.000000 0.655659 0.485821 0.479799 0.438156 0.000000 0.655512 0.486236 0.479799 0.438156 0.000000 0.655438 0.486636 0.479799 0.438156 0.000000 
0.655782 0.484990 0.451738 0.438175 0.000000 0.655709 0.485421 0.451738 0.438175 0.000000 0.655659 0.485821 0.479799 0.438156 0.000000 0.655512 0.486236 0.479799 0.438156 0.000000 0.655438 0.486636 0.479799 0.438156 0.000000 0.655364 0.487036 0.479799 0.438156 0.000000 
0.655709 0.485421 0.451738 0.438175 0.000000 0.655659 0.485821 0.479799 0.438156 0.000000 0.655512 0.486236 0.479799 0.438156 0.000000 0.655438 0.486636 0.479799 0.438156 0.000000 0.655364 0.487036 0.479799 0.438156 0.000000 0.655290 0.487405 0.479799 0.438156 0.000000 
0.655659 0.485821 0.479799 0.438156 0.000000 0.655512 0.486236 0.479799 0.438156 0.000000 0.655438 0.486636 0.479799 0.438156 0.000000 0.655364 0.487036 0.479799 0.438156 0.000000 0.655290 0.487405 0.479799 0.438156 0.000000 0.655192 0.487758 0.470868 0.416614 0.000000 
0.655512 0.486236 0.479799 0.438156 0.000000 0.655438 0.486636 0.479799 0.438156 0.000000 0.655364 0.487036 0.479799 0.438156 0.000000 0.655290 0.487405 0.479799 0.438156 0.000000 0.655192 0.487758 0.470868 0.416614 0.000000 0.655069 0.488097 0.470868 0.416614 0.000000 
0.655438 0.486636 0.479799 0.438156 0.000000 0.655364 0.487036 0.479799 0.438156 0.000000 0.655290 0.487405 0.479799 0.438156 0.000000 0.655192 0.487758 0.470868 0.416614 0.000000 0.655069 0.488097 0.470868 0.416614 0.000000 0.654921 0.488389 0.470868 0.416614 0.000000 
0.655364 0.487036 0.479799 0.438156 0.000000 0.655290 0.487405 0.479799 0.438156 0.000000 0.655192 0.487758 0.470868 0.416614 0.000000 0.655069 0.488097 0.470868 0.416614 0.000000 0.654921 0.488389 0.470868 0.416614 0.000000 0.654774 0.488666 0.449634 0.409922 0.000000 
0.655290 0.487405 0.479799 0.438156 0.000000 0.655192 0.487758 0.470868 0.416614 0.000000 0.655069 0.488097 0.470868 0.416614 0.000000 0.654921 0.488389 0.470868 0.416614 0.000000 0.654774 0.488666 0.449634 0.409922 0.000000 0.654601 0.488896 0.449634 0.409922 0.108504 
0.655192 0.487758 0.470868 0.416614 0.000000 0.655069 0.488097 0.470868 0.416614 0.000000 0.654921 0.488389 0.470868 0.416614 0.000000 0.654774 0.488666 0.449634 0.409922 0.000000 0.654601 0.488896 0.449634 0.409922 0.108504 0.654405 0.489096 0.449634 0.409922 0.143695 
0.655069 0.488097 0.470868 0.416614 0.000000 0.654921 0.488389 0.470868 0.416614 0.000000 0.654774 0.488666 0.449634 0.409922 0.000000 0.654601 0.488896 0.449634 0.409922 0.108504 0.654405 0.489096 0.449634 0.409922 0.143695 0.654208 0.489266 0.455708 0.402759 0.216031 
0.654921 0.488389 0.470868 0.416614 0.000000 0.654774 0.488666 0.449634 0.409922 0.000000 0.654601 0.488896 0.449634 0.409922 0.108504 0.654405 0.489096 0.449634 0.409922 0.143695 0.654208 0.489266 0.455708 0.402759 0.216031 0.654011 0.489389 0.455708 0.402759 0.303030 
0.654774 0.488666 0.449634 0.409922 0.000000 0.654601 0.488896 0.449634 0.409922 0.108504 0.654405 0.489096 0.449634 0.409922 0.143695 0.654208 0.489266 0.455708 0.402759 0.216031 0.654011 0.489389 0.455708 0.402759 0.303030 0.653789 0.489496 0.455708 0.402759 0.356794 
0.654601 0.488896 0.449634 0.409922 0.108504 0.654405 0.489096 0.449634 0.409922 0.143695 0.654208 0.489266 0.455708 0.402759 0.216031 0.654011 0.489389 0.455708 0.402759 0.303030 0.653789 0.489496 0.455708 0.402759 0.356794 0.653642 0.489558 0.455708 0.402759 0.397849 
0.654405 0.489096 0.449634 0.409922 0.143695 0.654208 0.489266 0.455708 0.402759 0.216031 0.654011 0.489389 0.455708 0.402759 0.303030 0.653789 0.489496 0.455708 0.402759 0.356794 0.653642 0.489558 0.455708 0.402759 0.397849 0.653470 0.489604 0.455708 0.402759 0.430108 
0.654208 0.489266 0.455708 0.402759 0.216031 0.654011 0.489389 0.455708 0.402759 0.303030 0.653789 0.489496 0.455708 0.402759 0.356794 0.653642 0.489558 0.455708 0.402759 0.397849 0.653470 0.489604 0.455708 0.402759 0.430108 0.653322 0.489650 0.455708 0.402759 0.466276 
0.654011 0.489389 0.455708 0.402759 0.303030 0.653789 0.489496 0.455708 0.402759 0.356794 0.653642 0.489558 0.455708 0.402759 0.397849 0.653470 0.489604 0.455708 0.402759 0.430108 0.653322 0.489650 0.455708 0.402759 0.466276 0.653199 0.489650 0.455708 0.402759 0.502444 
0.653789 0.489496 0.455708 0.402759 0.356794 0.653642 0.489558 0.455708 0.402759 0.397849 0.653470 0.489604 0.455708 0.402759 0.430108 0.653322 0.489650 0.455708 0.402759 0.466276 0.653199 0.489650 0.455708 0.402759 0.502444 0.653150 0.489650 0.455708 0.402759 0.533724 
0.653642 0.489558 0.455708 0.402759 0.397849 0.653470 0.489604 0.455708 0.402759 0.430108 0.653322 0.489650 0.455708 0.402759 0.466276 0.653199 0.489650 0.455708 0.402759 0.502444 0.653150 0.489650 0.455708 0.402759 0.533724 0.653051 0.489650 0.455708 0.402759 0.553275 
0.653470 0.489604 0.455708 0.402759 0.430108 0.653322 0.489650 0.455708 0.402759 0.466276 0.653199 0.489650 0.455708 0.402759 0.502444 0.653150 0.489650 0.455708 0.402759 0.533724 0.653051 0.489650 0.455708 0.402759 0.553275 0.653002 0.489650 0.455708 0.402759 0.561095 
0.653322 0.489650 0.455708 0.402759 0.466276 0.653199 0.489650 0.455708 0.402759 0.502444 0.653150 0.489650 0.455708 0.402759 0.533724 0.653051 0.489650 0.455708 0.402759 0.553275 0.653002 0.489650 0.455708 0.402759 0.561095 0.652928 0.489650 0.455708 0.402759 0.566960 
0.653199 0.489650 0.455708 0.402759 0.502444 0.653150 0.489650 0.455708 0.402759 0.533724 0.653051 0.489650 0.455708 0.402759 0.553275 0.653002 0.489650 0.455708 0.402759 0.561095 0.652928 0.489650 0.455708 0.402759 0.566960 0.652854 0.489650 0.455708 0.402759 0.569892 
0.653150 0.489650 0.455708 0.402759 0.533724 0.653051 0.489650 0.455708 0.402759 0.553275 0.653002 0.489650 0.455708 0.402759 0.561095 0.652928 0.489650 0.455708 0.402759 0.566960 0.652854 0.489650 0.455708 0.402759 0.569892 0.652781 0.489650 0.455708 0.402759 0.571847 
0.653051 0.489650 0.455708 0.402759 0.553275 0.653002 0.489650 0.455708 0.402759 0.561095 0.652928 0.489650 0.455708 0.402759 0.566960 0.652854 0.489650 0.455708 0.402759 0.569892 0.652781 0.489650 0.455708 0.402759 0.571847 0.652731 0.489558 0.455708 0.402759 0.572825 
0.653002 0.489650 0.455708 0.402759 0.561095 0.652928 0.489650 0.455708 0.402759 0.566960 0.652854 0.489650 0.455708 0.402759 0.569892 0.652781 0.489650 0.455708 0.402759 0.571847 0.652731 0.489558 0.455708 0.402759 0.572825 0.652658 0.489342 0.455708 0.402759 0.569892 
0.652928 0.489650 0.455708 0.402759 0.566960 0.652854 0.489650 0.455708 0.402759 0.569892 0.652781 0.489650 0.455708 0.402759 0.571847 0.652731 0.489558 0.455708 0.402759 0.572825 0.652658 0.489342 0.455708 0.402759 0.569892 0.652584 0.489081 0.455708 0.402759 0.565982 
0.652854 0.489650 0.455708 0.402759 0.569892 0.652781 0.489650 0.455708 0.402759 0.571847 0.652731 0.489558 0.455708 0.402759 0.572825 0.652658 0.489342 0.455708 0.402759 0.569892 0.652584 0.489081 0.455708 0.402759 0.565982 0.652559 0.488727 0.455708 0.402759 0.563050 
0.652781 0.489650 0.455708 0.402759 0.571847 0.652731 0.489558 0.455708 0.402759 0.572825 0.652658 0.489342 0.455708 0.402759 0.569892 0.652584 0.489081 0.455708 0.402759 0.565982 0.652559 0.488727 0.455708 0.402759 0.563050 0.652534 0.488189 0.455708 0.402759 0.563050 
0.652731 0.489558 0.455708 0.402759 0.572825 0.652658 0.489342 0.455708 0.402759 0.569892 0.652584 0.489081 0.455708 0.402759 0.565982 0.652559 0.488727 0.455708 0.402759 0.563050 0.652534 0.488189 0.455708 0.402759 0.563050 0.652510 0.487528 0.455708 0.402759 0.571847 
0.652658 0.489342 0.455708 0.402759 0.569892 0.652584 0.489081 0.455708 0.402759 0.565982 0.652559 0.488727 0.455708 0.402759 0.563050 0.652534 0.488189 0.455708 0.402759 0.563050 0.652510 0.487528 0.455708 0.402759 0.571847 0.652436 0.486759 0.455708 0.402759 0.575758 
0.652584 0.489081 0.455708 0.402759 0.565982 0.652559 0.488727 0.455708 0.402759 0.563050 0.652534 0.488189 0.455708 0.402759 0.563050 0.652510 0.487528 0.455708 0.402759 0.571847 0.652436 0.486759 0.455708 0.402759 0.575758 0.652362 0.485898 0.455708 0.402759 0.575758 
0.652559 0.488727 0.455708 0.402759 0.563050 0.652534 0.488189 0.455708 0.402759 0.563050 0.652510 0.487528 0.455708 0.402759 0.571847 0.652436 0.486759 0.455708 0.402759 0.575758 0.652362 0.485898 0.455708 0.402759 0.575758 0.652239 0.484913 0.455708 0.402759 0.596285 
0.652534 0.488189 0.455708 0.402759 0.563050 0.652510 0.487528 0.455708 0.402759 0.571847 0.652436 0.486759 0.455708 0.402759 0.575758 0.652362 0.485898 0.455708 0.402759 0.575758 0.652239 0.484913 0.455708 0.402759 0.596285 0.652190 0.483837 0.434738 0.396028 0.611926 
0.652510 0.487528 0.455708 0.402759 0.571847 0.652436 0.486759 0.455708 0.402759 0.575758 0.652362 0.485898 0.455708 0.402759 0.575758 0.652239 0.484913 0.455708 0.402759 0.596285 0.652190 0.483837 0.434738 0.396028 0.611926 0.652116 0.482653 0.434738 0.396028 0.620723 
0.652436 0.486759 0.455708 0.402759 0.575758 0.652362 0.485898 0.455708 0.402759 0.575758 0.652239 0.484913 0.455708 0.402759 0.596285 0.652190 0.483837 0.434738 0.396028 0.611926 0.652116 0.482653 0.434738 0.396028 0.620723 0.652018 0.481391 0.434738 0.396028 0.611926 
0.652362 0.485898 0.455708 0.402759 0.575758 0.652239 0.484913 0.455708 0.402759 0.596285 0.652190 0.483837 0.434738 0.396028 0.611926 0.652116 0.482653 0.434738 0.396028 0.620723 0.652018 0.481391 0.434738 0.396028 0.611926 0.651919 0.480161 0.434738 0.396028 0.634409 
0.652239 0.484913 0.455708 0.402759 0.596285 0.652190 0.483837 0.434738 0.396028 0.611926 0.652116 0.482653 0.434738 0.396028 0.620723 0.652018 0.481391 0.434738 0.396028 0.611926 0.651919 0.480161 0.434738 0.396028 0.634409 0.651845 0.478915 0.434738 0.396028 0.640274 
0.652190 0.483837 0.434738 0.396028 0.611926 0.652116 0.482653 0.434738 0.396028 0.620723 0.652018 0.481391 0.434738 0.396028 0.611926 0.651919 0.480161 0.434738 0.396028 0.634409 0.651845 0.478915 0.434738 0.396028 0.640274 0.651821 0.477608 0.422433 0.409528 0.666667 
0.652116 0.482653 0.434738 0.396028 0.620723 0.652018 0.481391 0.434738 0.396028 0.611926 0.651919 0.480161 0.434738 0.396028 0.634409 0.651845 0.478915 0.434738 0.396028 0.640274 0.651821 0.477608 0.422433 0.409528 0.666667 0.651772 0.476255 0.422433 0.409528 0.664712 
0.652018 0.481391 0.434738 0.396028 0.611926 0.651919 0.480161 0.434738 0.396028 0.634409 0.651845 0.478915 0.434738 0.396028 0.640274 0.651821 0.477608 0.422433 0.409528 0.666667 0.651772 0.476255 0.422433 0.409528 0.664712 0.651698 0.474932 0.422433 0.409528 0.676442 
0.651919 0.480161 0.434738 0.396028 0.634409 0.651845 0.478915 0.434738 0.396028 0.640274 0.651821 0.477608 0.422433 0.409528 0.666667 0.651772 0.476255 0.422433 0.409528 0.664712 0.651698 0.474932 0.422433 0.409528 0.676442 0.651599 0.473517 0.401763 0.401763 0.693060 
0.651845 0.478915 0.434738 0.396028 0.640274 0.651821 0.477608 0.422433 0.409528 0.666667 0.651772 0.476255 0.422433 0.409528 0.664712 0.651698 0.474932 0.422433 0.409528 0.676442 0.651599 0.473517 0.401763 0.401763 0.693060 0.651501 0.472087 0.401763 0.401763 0.693060 
0.651821 0.477608 0.422433 0.409528 0.666667 0.651772 0.476255 0.422433 0.409528 0.664712 0.651698 0.474932 0.422433 0.409528 0.676442 0.651599 0.473517 0.401763 0.401763 0.693060 0.651501 0.472087 0.401763 0.401763 0.693060 0.651378 0.470642 0.401763 0.401763 0.701857 
0.651772 0.476255 0.422433 0.409528 0.664712 0.651698 0.474932 0.422433 0.409528 0.676442 0.651599 0.473517 0.401763 0.401763 0.693060 0.651501 0.472087 0.401763 0.401763 0.693060 0.651378 0.470642 0.401763 0.401763 0.701857 0.651206 0.469196 0.381421 0.393635 0.707722 
0.651698 0.474932 0.422433 0.409528 0.676442 0.651599 0.473517 0.401763 0.401763 0.693060 0.651501 0.472087 0.401763 0.401763 0.693060 0.651378 0.470642 0.401763 0.401763 0.701857 0.651206 0.469196 0.381421 0.393635 0.707722 0.651083 0.467720 0.381421 0.393635 0.719453 
0.651599 0.473517 0.401763 0.401763 0.693060 0.651501 0.472087 0.401763 0.401763 0.693060 0.651378 0.470642 0.401763 0.401763 0.701857 0.651206 0.469196 0.381421 0.393635 0.707722 0.651083 0.467720 0.381421 0.393635 0.719453 0.650910 0.466197 0.381421 0.393635 0.725318 
0.651501 0.472087 0.401763 0.401763 0.693060 0.651378 0.470642 0.401763 0.401763 0.701857 0.651206 0.469196 0.381421 0.393635 0.707722 0.651083 0.467720 0.381421 0.393635 0.719453 0.650910 0.466197 0.381421 0.393635 0.725318 0.650763 0.464644 0.368660 0.405300 0.736070 
0.651378 0.470642 0.401763 0.401763 0.701857 0.651206 0.469196 0.381421 0.393635 0.707722 0.651083 0.467720 0.381421 0.393635 0.719453 0.650910 0.466197 0.381421 0.393635 0.725318 0.650763 0.464644 0.368660 0.405300 0.736070 0.650541 0.463014 0.368660 0.405300 0.731183 
0.651206 0.469196 0.381421 0.393635 0.707722 0.651083 0.467720 0.381421 0.393635 0.719453 0.650910 0.466197 0.381421 0.393635 0.725318 0.650763 0.464644 0.368660 0.405300 0.736070 0.650541 0.463014 0.368660 0.405300 0.731183 0.650345 0.461430 0.368660 0.405300 0.737048 
0.651083 0.467720 0.381421 0.393635 0.719453 0.650910 0.466197 0.381421 0.393635 0.725318 0.650763 0.464644 0.368660 0.405300 0.736070 0.650541 0.463014 0.368660 0.405300 0.731183 0.650345 0.461430 0.368660 0.405300 0.737048 0.650172 0.459753 0.348791 0.396218 0.739003 
0.650910 0.466197 0.381421 0.393635 0.725318 0.650763 0.464644 0.368660 0.405300 0.736070 0.650541 0.463014 0.368660 0.405300 0.731183 0.650345 0.461430 0.368660 0.405300 0.737048 0.650172 0.459753 0.348791 0.396218 0.739003 0.649975 0.458031 0.348791 0.396218 0.739003 
0.650763 0.464644 0.368660 0.405300 0.736070 0.650541 0.463014 0.368660 0.405300 0.731183 0.650345 0.461430 0.368660 0.405300 0.737048 0.650172 0.459753 0.348791 0.396218 0.739003 0.649975 0.458031 0.348791 0.396218 0.739003 0.649705 0.456170 0.348791 0.396218 0.734115 
0.650541 0.463014 0.368660 0.405300 0.731183 0.650345 0.461430 0.368660 0.405300 0.737048 0.650172 0.459753 0.348791 0.396218 0.739003 0.649975 0.458031 0.348791 0.396218 0.739003 0.649705 0.456170 0.348791 0.396218 0.734115 0.649385 0.454232 0.348508 0.421760 0.744868 
0.650345 0.461430 0.368660 0.405300 0.737048 0.650172 0.459753 0.348791 0.396218 0.739003 0.649975 0.458031 0.348791 0.396218 0.739003 0.649705 0.456170 0.348791 0.396218 0.734115 0.649385 0.454232 0.348508 0.421760 0.744868 0.649016 0.452218 0.328874 0.411824 0.749756 
0.650172 0.459753 0.348791 0.396218 0.739003 0.649975 0.458031 0.348791 0.396218 0.739003 0.649705 0.456170 0.348791 0.396218 0.734115 0.649385 0.454232 0.348508 0.421760 0.744868 0.649016 0.452218 0.328874 0.411824 0.749756 0.648647 0.450126 0.328874 0.411824 0.747801 
0.649975 0.458031 0.348791 0.396218 0.739003 0.649705 0.456170 0.348791 0.396218 0.734115 0.649385 0.454232 0.348508 0.421760 0.744868 0.649016 0.452218 0.328874 0.411824 0.749756 0.648647 0.450126 0.328874 0.411824 0.747801 0.648327 0.448004 0.328874 0.411824 0.744868 
0.649705 0.456170 0.348791 0.396218 0.734115 0.649385 0.454232 0.348508 0.421760 0.744868 0.649016 0.452218 0.328874 0.411824 0.749756 0.648647 0.450126 0.328874 0.411824 0.747801 0.648327 0.448004 0.328874 0.411824 0.744868 0.647982 0.445866 0.314969 0.421560 0.750733 
0.649385 0.454232 0.348508 0.421760 0.744868 0.649016 0.452218 0.328874 0.411824 0.749756 0.648647 0.450126 0.328874 0.411824 0.747801 0.648327 0.448004 0.328874 0.411824 0.744868 0.647982 0.445866 0.314969 0.421560 0.750733 0.647613 0.443775 0.314969 0.421560 0.755621 
0.649016 0.452218 0.328874 0.411824 0.749756 0.648647 0.450126 0.328874 0.411824 0.747801 0.648327 0.448004 0.328874 0.411824 0.744868 0.647982 0.445866 0.314969 0.421560 0.750733 0.647613 0.443775 0.314969 0.421560 0.755621 0.647343 0.441775 0.289004 0.415183 0.761486 
0.648647 0.450126 0.328874 0.411824 0.747801 0.648327 0.448004 0.328874 0.411824 0.744868 0.647982 0.445866 0.314969 0.421560 0.750733 0.647613 0.443775 0.314969 0.421560 0.755621 0.647343 0.441775 0.289004 0.415183 0.761486 0.647146 0.439791 0.289004 0.415183 0.753666 
0.648327 0.448004 0.328874 0.411824 0.744868 0.647982 0.445866 0.314969 0.421560 0.750733 0.647613 0.443775 0.314969 0.421560 0.755621 0.647343 0.441775 0.289004 0.415183 0.761486 0.647146 0.439791 0.289004 0.415183 0.753666 0.646949 0.437946 0.289004 0.415183 0.767351 
0.647982 0.445866 0.314969 0.421560 0.750733 0.647613 0.443775 0.314969 0.421560 0.755621 0.647343 0.441775 0.289004 0.415183 0.761486 0.647146 0.439791 0.289004 0.415183 0.753666 0.646949 0.437946 0.289004 0.415183 0.767351 0.646752 0.436254 0.281879 0.419463 0.761486 
0.647613 0.443775 0.314969 0.421560 0.755621 0.647343 0.441775 0.289004 0.415183 0.761486 0.647146 0.439791 0.289004 0.415183 0.753666 0.646949 0.437946 0.289004 0.415183 0.767351 0.646752 0.436254 0.281879 0.419463 0.761486 0.646629 0.434593 0.281879 0.419463 0.772238 
0.647343 0.441775 0.289004 0.415183 0.761486 0.647146 0.439791 0.289004 0.415183 0.753666 0.646949 0.437946 0.289004 0.415183 0.767351 0.646752 0.436254 0.281879 0.419463 0.761486 0.646629 0.434593 0.281879 0.419463 0.772238 0.646481 0.433009 0.256638 0.411780 0.767351 
0.647146 0.439791 0.289004 0.415183 0.753666 0.646949 0.437946 0.289004 0.415183 0.767351 0.646752 0.436254 0.281879 0.419463 0.761486 0.646629 0.434593 0.281879 0.419463 0.772238 0.646481 0.433009 0.256638 0.411780 0.767351 0.646358 0.431502 0.256638 0.411780 0.765396 
0.646949 0.437946 0.289004 0.415183 0.767351 0.646752 0.436254 0.281879 0.419463 0.761486 0.646629 0.434593 0.281879 0.419463 0.772238 0.646481 0.433009 0.256638 0.411780 0.767351 0.646358 0.431502 0.256638 0.411780 0.765396 0.646284 0.430041 0.242175 0.419223 0.761486 
0.646752 0.436254 0.281879 0.419463 0.761486 0.646629 0.434593 0.281879 0.419463 0.772238 0.646481 0.433009 0.256638 0.411780 0.767351 0.646358 0.431502 0.256638 0.411780 0.765396 0.646284 0.430041 0.242175 0.419223 0.761486 0.646186 0.428611 0.242175 0.419223 0.767351 
0.646629 0.434593 0.281879 0.419463 0.772238 0.646481 0.433009 0.256638 0.411780 0.767351 0.646358 0.431502 0.256638 0.411780 0.765396 0.646284 0.430041 0.242175 0.419223 0.761486 0.646186 0.428611 0.242175 0.419223 0.767351 0.646088 0.427258 0.227321 0.426167 0.767351 
0.646481 0.433009 0.256638 0.411780 0.767351 0.646358 0.431502 0.256638 0.411780 0.765396 0.646284 0.430041 0.242175 0.419223 0.761486 0.646186 0.428611 0.242175 0.419223 0.767351 0.646088 0.427258 0.227321 0.426167 0.767351 0.646014 0.425904 0.227321 0.426167 0.765396 
0.646358 0.431502 0.256638 0.411780 0.765396 0.646284 0.430041 0.242175 0.419223 0.761486 0.646186 0.428611 0.242175 0.419223 0.767351 0.646088 0.427258 0.227321 0.426167 0.767351 0.646014 0.425904 0.227321 0.426167 0.765396 0.645989 0.424566 0.227321 0.426167 0.777126 
0.646284 0.430041 0.242175 0.419223 0.761486 0.646186 0.428611 0.242175 0.419223 0.767351 0.646088 0.427258 0.227321 0.426167 0.767351 0.646014 0.425904 0.227321 0.426167 0.765396 0.645989 0.424566 0.227321 0.426167 0.777126 0.645891 0.423382 0.227321 0.426167 0.777126 
0.646186 0.428611 0.242175 0.419223 0.767351 0.646088 0.427258 0.227321 0.426167 0.767351 0.646014 0.425904 0.227321 0.426167 0.765396 0.645989 0.424566 0.227321 0.426167 0.777126 0.645891 0.423382 0.227321 0.426167 0.777126 0.645891 0.422213 0.227321 0.426167 0.782991 
0.646088 0.427258 0.227321 0.426167 0.767351 0.646014 0.425904 0.227321 0.426167 0.765396 0.645989 0.424566 0.227321 0.426167 0.777126 0.645891 0.423382 0.227321 0.426167 0.777126 0.645891 0.422213 0.227321 0.426167 0.782991 0.645891 0.421029 0.210636 0.413141 0.784946 
0.646014 0.425904 0.227321 0.426167 0.765396 0.645989 0.424566 0.227321 0.426167 0.777126 0.645891 0.423382 0.227321 0.426167 0.777126 0.645891 0.422213 0.227321 0.426167 0.782991 0.645891 0.421029 0.210636 0.413141 0.784946 0.645891 0.419983 0.210636 0.413141 0.789834 
0.645989 0.424566 0.227321 0.426167 0.777126 0.645891 0.423382 0.227321 0.426167 0.777126 0.645891 0.422213 0.227321 0.426167 0.782991 0.645891 0.421029 0.210636 0.413141 0.784946 0.645891 0.419983 0.210636 0.413141 0.789834 0.645891 0.419014 0.210636 0.413141 0.796676 
0.645891 0.423382 0.227321 0.426167 0.777126 0.645891 0.422213 0.227321 0.426167 0.782991 0.645891 0.421029 0.210636 0.413141 0.784946 0.645891 0.419983 0.210636 0.413141 0.789834 0.645891 0.419014 0.210636 0.413141 0.796676 0.645891 0.418092 0.210636 0.413141 0.813294 
0.645891 0.422213 0.227321 0.426167 0.782991 0.645891 0.421029 0.210636 0.413141 0.784946 0.645891 0.419983 0.210636 0.413141 0.789834 0.645891 0.419014 0.210636 0.413141 0.796676 0.645891 0.418092 0.210636 0.413141 0.813294 0.645891 0.417184 0.210636 0.413141 0.823069 
0.645891 0.421029 0.210636 0.413141 0.784946 0.645891 0.419983 0.210636 0.413141 0.789834 0.645891 0.419014 0.210636 0.413141 0.796676 0.645891 0.418092 0.210636 0.413141 0.813294 0.645891 0.417184 0.210636 0.413141 0.823069 0.645891 0.416308 0.210636 0.413141 0.826979 
0.645891 0.419983 0.210636 0.413141 0.789834 0.645891 0.419014 0.210636 0.413141 0.796676 0.645891 0.418092 0.210636 0.413141 0.813294 0.645891 0.417184 0.210636 0.413141 0.823069 0.645891 0.416308 0.210636 0.413141 0.826979 0.645891 0.415447 0.195836 0.419160 0.826979 
0.645891 0.419014 0.210636 0.413141 0.796676 0.645891 0.418092 0.210636 0.413141 0.813294 0.645891 0.417184 0.210636 0.413141 0.823069 0.645891 0.416308 0.210636 0.413141 0.826979 0.645891 0.415447 0.195836 0.419160 0.826979 0.645891 0.414585 0.195836 0.419160 0.830890 
0.645891 0.418092 0.210636 0.413141 0.813294 0.645891 0.417184 0.210636 0.413141 0.823069 0.645891 0.416308 0.210636 0.413141 0.826979 0.645891 0.415447 0.195836 0.419160 0.826979 0.645891 0.414585 0.195836 0.419160 0.830890 0.645891 0.413724 0.195836 0.419160 0.843597 
0.645891 0.417184 0.210636 0.413141 0.823069 0.645891 0.416308 0.210636 0.413141 0.826979 0.645891 0.415447 0.195836 0.419160 0.826979 0.645891 0.414585 0.195836 0.419160 0.830890 0.645891 0.413724 0.195836 0.419160 0.843597 0.645891 0.412878 0.195836 0.419160 0.842620 
0.645891 0.416308 0.210636 0.413141 0.826979 0.645891 0.415447 0.195836 0.419160 0.826979 0.645891 0.414585 0.195836 0.419160 0.830890 0.645891 0.413724 0.195836 0.419160 0.843597 0.645891 0.412878 0.195836 0.419160 0.842620 0.645891 0.411986 0.195836 0.419160 0.841642 
0.645891 0.415447 0.195836 0.419160 0.826979 0.645891 0.414585 0.195836 0.419160 0.830890 0.645891 0.413724 0.195836 0.419160 0.843597 0.645891 0.412878 0.195836 0.419160 0.842620 0.645891 0.411986 0.195836 0.419160 0.841642 0.645891 0.411141 0.195836 0.419160 0.848485 
0.645891 0.414585 0.195836 0.419160 0.830890 0.645891 0.413724 0.195836 0.419160 0.843597 0.645891 0.412878 0.195836 0.419160 0.842620 0.645891 0.411986 0.195836 0.419160 0.841642 0.645891 0.411141 0.195836 0.419160 0.848485 0.645891 0.410310 0.180715 0.424697 0.855327 
0.645891 0.413724 0.195836 0.419160 0.843597 0.645891 0.412878 0.195836 0.419160 0.842620 0.645891 0.411986 0.195836 0.419160 0.841642 0.645891 0.411141 0.195836 0.419160 0.848485 0.645891 0.410310 0.180715 0.424697 0.855327 0.645891 0.409464 0.180715 0.424697 0.854350 
0.645891 0.412878 0.195836 0.419160 0.842620 0.645891 0.411986 0.195836 0.419160 0.841642 0.645891 0.411141 0.195836 0.419160 0.848485 0.645891 0.410310 0.180715 0.424697 0.855327 0.645891 0.409464 0.180715 0.424697 0.854350 0.645891 0.408634 0.180715 0.424697 0.852395 
0.645891 0.411986 0.195836 0.419160 0.841642 0.645891 0.411141 0.195836 0.419160 0.848485 0.645891 0.410310 0.180715 0.424697 0.855327 0.645891 0.409464 0.180715 0.424697 0.854350 0.645891 0.408634 0.180715 0.424697 0.852395 0.645891 0.407911 0.180715 0.424697 0.862170 
0.645891 0.411141 0.195836 0.419160 0.848485 0.645891 0.410310 0.180715 0.424697 0.855327 0.645891 0.409464 0.180715 0.424697 0.854350 0.645891 0.408634 0.180715 0.424697 0.852395 0.645891 0.407911 0.180715 0.424697 0.862170 0.645891 0.407188 0.180715 0.424697 0.864125 
0.645891 0.410310 0.180715 0.424697 0.855327 0.645891 0.409464 0.180715 0.424697 0.854350 0.645891 0.408634 0.180715 0.424697 0.852395 0.645891 0.407911 0.180715 0.424697 0.862170 0.645891 0.407188 0.180715 0.424697 0.864125 0.645891 0.406465 0.158155 0.412986 0.871945 
0.645891 0.409464 0.180715 0.424697 0.854350 0.645891 0.408634 0.180715 0.424697 0.852395 0.645891 0.407911 0.180715 0.424697 0.862170 0.645891 0.407188 0.180715 0.424697 0.864125 0.645891 0.406465 0.158155 0.412986 0.871945 0.645891 0.405696 0.158155 0.412986 0.873900 
0.645891 0.408634 0.180715 0.424697 0.852395 0.645891 0.407911 0.180715 0.424697 0.862170 0.645891 0.407188 0.180715 0.424697 0.864125 0.645891 0.406465 0.158155 0.412986 0.871945 0.645891 0.405696 0.158155 0.412986 0.873900 0.645891 0.404851 0.158155 0.412986 0.874878 
0.645891 0.407911 0.180715 0.424697 0.862170 0.645891 0.407188 0.180715 0.424697 0.864125 0.645891 0.406465 0.158155 0.412986 0.871945 0.645891 0.405696 0.158155 0.412986 0.873900 0.645891 0.404851 0.158155 0.412986 0.874878 0.645891 0.404005 0.158155 0.412986 0.884653 
0.645891 0.407188 0.180715 0.424697 0.864125 0.645891 0.406465 0.158155 0.412986 0.871945 0.645891 0.405696 0.158155 0.412986 0.873900 0.645891 0.404851 0.158155 0.412986 0.874878 0.645891 0.404005 0.158155 0.412986 0.884653 0.645891 0.403174 0.158155 0.412986 0.887586 
0.645891 0.406465 0.158155 0.412986 0.871945 0.645891 0.405696 0.158155 0.412986 0.873900 0.645891 0.404851 0.158155 0.412986 0.874878 0.645891 0.404005 0.158155 0.412986 0.884653 0.645891 0.403174 0.158155 0.412986 0.887586 0.645866 0.402298 0.143112 0.417423 0.892473 
0.645891 0.405696 0.158155 0.412986 0.873900 0.645891 0.404851 0.158155 0.412986 0.874878 0.645891 0.404005 0.158155 0.412986 0.884653 0.645891 0.403174 0.158155 0.412986 0.887586 0.645866 0.402298 0.143112 0.417423 0.892473 0.645718 0.401406 0.143112 0.417423 0.893451 
0.645891 0.404851 0.158155 0.412986 0.874878 0.645891 0.404005 0.158155 0.412986 0.884653 0.645891 0.403174 0.158155 0.412986 0.887586 0.645866 0.402298 0.143112 0.417423 0.892473 0.645718 0.401406 0.143112 0.417423 0.893451 0.645571 0.400514 0.143112 0.417423 0.890518 
0.645891 0.404005 0.158155 0.412986 0.884653 0.645891 0.403174 0.158155 0.412986 0.887586 0.645866 0.402298 0.143112 0.417423 0.892473 0.645718 0.401406 0.143112 0.417423 0.893451 0.645571 0.400514 0.143112 0.417423 0.890518 0.645423 0.399622 0.120108 0.423202 0.897361 
0.642741 0.391717 0.109279 0.443638 0.093842 0.639788 0.393747 0.109279 0.443638 0.000000 0.637771 0.395131 0.109279 0.443638 0.000000 0.635458 0.396746 0.109279 0.443638 0.000000 0.632849 0.398499 0.109279 0.443638 0.000000 0.630093 0.400344 0.109279 0.443638 0.000000 
0.639788 0.393747 0.109279 0.443638 0.000000 0.637771 0.395131 0.109279 0.443638 0.000000 0.635458 0.396746 0.109279 0.443638 0.000000 0.632849 0.398499 0.109279 0.443638 0.000000 0.630093 0.400344 0.109279 0.443638 0.000000 0.627239 0.402267 0.104514 0.426471 0.000000 
