0.655807 0.502584 0.476921 0.409103 0.697947 0.655832 0.501692 0.476921 0.409103 0.698925 0.655856 0.500846 0.476921 0.409103 0.707722 0.655930 0.500046 0.476921 0.409103 0.714565 0.656029 0.499200 0.455708 0.402759 0.709677 0.656152 0.498401 0.455708 0.402759 0.712610 
0.655832 0.501692 0.476921 0.409103 0.698925 0.655856 0.500846 0.476921 0.409103 0.707722 0.655930 0.500046 0.476921 0.409103 0.714565 0.656029 0.499200 0.455708 0.402759 0.709677 0.656152 0.498401 0.455708 0.402759 0.712610 0.656225 0.497662 0.455708 0.402759 0.702835 
0.655856 0.500846 0.476921 0.409103 0.707722 0.655930 0.500046 0.476921 0.409103 0.714565 0.656029 0.499200 0.455708 0.402759 0.709677 0.656152 0.498401 0.455708 0.402759 0.712610 0.656225 0.497662 0.455708 0.402759 0.702835 0.656299 0.496940 0.455708 0.402759 0.702835 
0.655930 0.500046 0.476921 0.409103 0.714565 0.656029 0.499200 0.455708 0.402759 0.709677 0.656152 0.498401 0.455708 0.402759 0.712610 0.656225 0.497662 0.455708 0.402759 0.702835 0.656299 0.496940 0.455708 0.402759 0.702835 0.656398 0.496263 0.455708 0.402759 0.713587 
0.656029 0.499200 0.455708 0.402759 0.709677 0.656152 0.498401 0.455708 0.402759 0.712610 0.656225 0.497662 0.455708 0.402759 0.702835 0.656299 0.496940 0.455708 0.402759 0.702835 0.656398 0.496263 0.455708 0.402759 0.713587 0.656521 0.495571 0.455708 0.402759 0.703812 
0.656152 0.498401 0.455708 0.402759 0.712610 0.656225 0.497662 0.455708 0.402759 0.702835 0.656299 0.496940 0.455708 0.402759 0.702835 0.656398 0.496263 0.455708 0.402759 0.713587 0.656521 0.495571 0.455708 0.402759 0.703812 0.656595 0.494863 0.455708 0.402759 0.704790 
0.656225 0.497662 0.455708 0.402759 0.702835 0.656299 0.496940 0.455708 0.402759 0.702835 0.656398 0.496263 0.455708 0.402759 0.713587 0.656521 0.495571 0.455708 0.402759 0.703812 0.656595 0.494863 0.455708 0.402759 0.704790 0.656693 0.494187 0.455708 0.402759 0.708700 
0.656299 0.496940 0.455708 0.402759 0.702835 0.656398 0.496263 0.455708 0.402759 0.713587 0.656521 0.495571 0.455708 0.402759 0.703812 0.656595 0.494863 0.455708 0.402759 0.704790 0.656693 0.494187 0.455708 0.402759 0.708700 0.656791 0.493525 0.455708 0.402759 0.710655 
0.656398 0.496263 0.455708 0.402759 0.713587 0.656521 0.495571 0.455708 0.402759 0.703812 0.656595 0.494863 0.455708 0.402759 0.704790 0.656693 0.494187 0.455708 0.402759 0.708700 0.656791 0.493525 0.455708 0.402759 0.710655 0.656841 0.492864 0.455708 0.402759 0.715542 
0.656521 0.495571 0.455708 0.402759 0.703812 0.656595 0.494863 0.455708 0.402759 0.704790 0.656693 0.494187 0.455708 0.402759 0.708700 0.656791 0.493525 0.455708 0.402759 0.710655 0.656841 0.492864 0.455708 0.402759 0.715542 0.656939 0.492172 0.455708 0.402759 0.711632 
0.656595 0.494863 0.455708 0.402759 0.704790 0.656693 0.494187 0.455708 0.402759 0.708700 0.656791 0.493525 0.455708 0.402759 0.710655 0.656841 0.492864 0.455708 0.402759 0.715542 0.656939 0.492172 0.455708 0.402759 0.711632 0.657013 0.491434 0.455708 0.402759 0.709677 
0.656693 0.494187 0.455708 0.402759 0.708700 0.656791 0.493525 0.455708 0.402759 0.710655 0.656841 0.492864 0.455708 0.402759 0.715542 0.656939 0.492172 0.455708 0.402759 0.711632 0.657013 0.491434 0.455708 0.402759 0.709677 0.657087 0.490680 0.455708 0.402759 0.710655 
0.656791 0.493525 0.455708 0.402759 0.710655 0.656841 0.492864 0.455708 0.402759 0.715542 0.656939 0.492172 0.455708 0.402759 0.711632 0.657013 0.491434 0.455708 0.402759 0.709677 0.657087 0.490680 0.455708 0.402759 0.710655 0.657087 0.489927 0.455708 0.402759 0.713587 
0.656841 0.492864 0.455708 0.402759 0.715542 0.656939 0.492172 0.455708 0.402759 0.711632 0.657013 0.491434 0.455708 0.402759 0.709677 0.657087 0.490680 0.455708 0.402759 0.710655 0.657087 0.489927 0.455708 0.402759 0.713587 0.657087 0.489189 0.455708 0.402759 0.711632 
0.656939 0.492172 0.455708 0.402759 0.711632 0.657013 0.491434 0.455708 0.402759 0.709677 0.657087 0.490680 0.455708 0.402759 0.710655 0.657087 0.489927 0.455708 0.402759 0.713587 0.657087 0.489189 0.455708 0.402759 0.711632 0.657087 0.488435 0.455708 0.402759 0.716520 
0.657013 0.491434 0.455708 0.402759 0.709677 0.657087 0.490680 0.455708 0.402759 0.710655 0.657087 0.489927 0.455708 0.402759 0.713587 0.657087 0.489189 0.455708 0.402759 0.711632 0.657087 0.488435 0.455708 0.402759 0.716520 0.657087 0.487635 0.476921 0.409103 0.716520 
0.657087 0.490680 0.455708 0.402759 0.710655 0.657087 0.489927 0.455708 0.402759 0.713587 0.657087 0.489189 0.455708 0.402759 0.711632 0.657087 0.488435 0.455708 0.402759 0.716520 0.657087 0.487635 0.476921 0.409103 0.716520 0.657087 0.486820 0.476921 0.409103 0.712610 
0.657087 0.489927 0.455708 0.402759 0.713587 0.657087 0.489189 0.455708 0.402759 0.711632 0.657087 0.488435 0.455708 0.402759 0.716520 0.657087 0.487635 0.476921 0.409103 0.716520 0.657087 0.486820 0.476921 0.409103 0.712610 0.657087 0.486005 0.455708 0.402759 0.708700 
0.657087 0.489189 0.455708 0.402759 0.711632 0.657087 0.488435 0.455708 0.402759 0.716520 0.657087 0.487635 0.476921 0.409103 0.716520 0.657087 0.486820 0.476921 0.409103 0.712610 0.657087 0.486005 0.455708 0.402759 0.708700 0.656964 0.485221 0.455708 0.402759 0.710655 
0.657087 0.488435 0.455708 0.402759 0.716520 0.657087 0.487635 0.476921 0.409103 0.716520 0.657087 0.486820 0.476921 0.409103 0.712610 0.657087 0.486005 0.455708 0.402759 0.708700 0.656964 0.485221 0.455708 0.402759 0.710655 0.656791 0.484467 0.455708 0.402759 0.708700 
0.657087 0.487635 0.476921 0.409103 0.716520 0.657087 0.486820 0.476921 0.409103 0.712610 0.657087 0.486005 0.455708 0.402759 0.708700 0.656964 0.485221 0.455708 0.402759 0.710655 0.656791 0.484467 0.455708 0.402759 0.708700 0.656619 0.483652 0.455708 0.402759 0.713587 
0.657087 0.486820 0.476921 0.409103 0.712610 0.657087 0.486005 0.455708 0.402759 0.708700 0.656964 0.485221 0.455708 0.402759 0.710655 0.656791 0.484467 0.455708 0.402759 0.708700 0.656619 0.483652 0.455708 0.402759 0.713587 0.656422 0.482776 0.455708 0.402759 0.716520 
0.657087 0.486005 0.455708 0.402759 0.708700 0.656964 0.485221 0.455708 0.402759 0.710655 0.656791 0.484467 0.455708 0.402759 0.708700 0.656619 0.483652 0.455708 0.402759 0.713587 0.656422 0.482776 0.455708 0.402759 0.716520 0.656201 0.481884 0.455708 0.402759 0.715542 
0.656964 0.485221 0.455708 0.402759 0.710655 0.656791 0.484467 0.455708 0.402759 0.708700 0.656619 0.483652 0.455708 0.402759 0.713587 0.656422 0.482776 0.455708 0.402759 0.716520 0.656201 0.481884 0.455708 0.402759 0.715542 0.655930 0.480992 0.455708 0.402759 0.712610 
0.656791 0.484467 0.455708 0.402759 0.708700 0.656619 0.483652 0.455708 0.402759 0.713587 0.656422 0.482776 0.455708 0.402759 0.716520 0.656201 0.481884 0.455708 0.402759 0.715542 0.655930 0.480992 0.455708 0.402759 0.712610 0.655659 0.480100 0.455708 0.402759 0.715542 
0.656619 0.483652 0.455708 0.402759 0.713587 0.656422 0.482776 0.455708 0.402759 0.716520 0.656201 0.481884 0.455708 0.402759 0.715542 0.655930 0.480992 0.455708 0.402759 0.712610 0.655659 0.480100 0.455708 0.402759 0.715542 0.655389 0.479192 0.455708 0.402759 0.718475 
0.656422 0.482776 0.455708 0.402759 0.716520 0.656201 0.481884 0.455708 0.402759 0.715542 0.655930 0.480992 0.455708 0.402759 0.712610 0.655659 0.480100 0.455708 0.402759 0.715542 0.655389 0.479192 0.455708 0.402759 0.718475 0.655069 0.478270 0.455708 0.402759 0.717498 
0.656201 0.481884 0.455708 0.402759 0.715542 0.655930 0.480992 0.455708 0.402759 0.712610 0.655659 0.480100 0.455708 0.402759 0.715542 0.655389 0.479192 0.455708 0.402759 0.718475 0.655069 0.478270 0.455708 0.402759 0.717498 0.654749 0.477316 0.449634 0.409922 0.719453 
0.655930 0.480992 0.455708 0.402759 0.712610 0.655659 0.480100 0.455708 0.402759 0.715542 0.655389 0.479192 0.455708 0.402759 0.718475 0.655069 0.478270 0.455708 0.402759 0.717498 0.654749 0.477316 0.449634 0.409922 0.719453 0.654478 0.476409 0.437020 0.423782 0.717498 
0.655659 0.480100 0.455708 0.402759 0.715542 0.655389 0.479192 0.455708 0.402759 0.718475 0.655069 0.478270 0.455708 0.402759 0.717498 0.654749 0.477316 0.449634 0.409922 0.719453 0.654478 0.476409 0.437020 0.423782 0.717498 0.654208 0.475517 0.437020 0.423782 0.721408 
0.655389 0.479192 0.455708 0.402759 0.718475 0.655069 0.478270 0.455708 0.402759 0.717498 0.654749 0.477316 0.449634 0.409922 0.719453 0.654478 0.476409 0.437020 0.423782 0.717498 0.654208 0.475517 0.437020 0.423782 0.721408 0.654011 0.474625 0.437020 0.423782 0.719453 
0.655069 0.478270 0.455708 0.402759 0.717498 0.654749 0.477316 0.449634 0.409922 0.719453 0.654478 0.476409 0.437020 0.423782 0.717498 0.654208 0.475517 0.437020 0.423782 0.721408 0.654011 0.474625 0.437020 0.423782 0.719453 0.653814 0.473733 0.437020 0.423782 0.721408 
0.654749 0.477316 0.449634 0.409922 0.719453 0.654478 0.476409 0.437020 0.423782 0.717498 0.654208 0.475517 0.437020 0.423782 0.721408 0.654011 0.474625 0.437020 0.423782 0.719453 0.653814 0.473733 0.437020 0.423782 0.721408 0.653617 0.472810 0.437020 0.423782 0.720430 
0.654478 0.476409 0.437020 0.423782 0.717498 0.654208 0.475517 0.437020 0.423782 0.721408 0.654011 0.474625 0.437020 0.423782 0.719453 0.653814 0.473733 0.437020 0.423782 0.721408 0.653617 0.472810 0.437020 0.423782 0.720430 0.653470 0.471857 0.437020 0.423782 0.719453 
0.654208 0.475517 0.437020 0.423782 0.721408 0.654011 0.474625 0.437020 0.423782 0.719453 0.653814 0.473733 0.437020 0.423782 0.721408 0.653617 0.472810 0.437020 0.423782 0.720430 0.653470 0.471857 0.437020 0.423782 0.719453 0.653297 0.470842 0.437020 0.423782 0.720430 
0.654011 0.474625 0.437020 0.423782 0.719453 0.653814 0.473733 0.437020 0.423782 0.721408 0.653617 0.472810 0.437020 0.423782 0.720430 0.653470 0.471857 0.437020 0.423782 0.719453 0.653297 0.470842 0.437020 0.423782 0.720430 0.653150 0.469827 0.416055 0.416055 0.721408 
0.653814 0.473733 0.437020 0.423782 0.721408 0.653617 0.472810 0.437020 0.423782 0.720430 0.653470 0.471857 0.437020 0.423782 0.719453 0.653297 0.470842 0.437020 0.423782 0.720430 0.653150 0.469827 0.416055 0.416055 0.721408 0.653002 0.468781 0.416055 0.416055 0.723363 
0.653617 0.472810 0.437020 0.423782 0.720430 0.653470 0.471857 0.437020 0.423782 0.719453 0.653297 0.470842 0.437020 0.423782 0.720430 0.653150 0.469827 0.416055 0.416055 0.721408 0.653002 0.468781 0.416055 0.416055 0.723363 0.652854 0.467689 0.416055 0.416055 0.722385 
0.653470 0.471857 0.437020 0.423782 0.719453 0.653297 0.470842 0.437020 0.423782 0.720430 0.653150 0.469827 0.416055 0.416055 0.721408 0.653002 0.468781 0.416055 0.416055 0.723363 0.652854 0.467689 0.416055 0.416055 0.722385 0.652682 0.466612 0.416055 0.416055 0.726295 
0.653297 0.470842 0.437020 0.423782 0.720430 0.653150 0.469827 0.416055 0.416055 0.721408 0.653002 0.468781 0.416055 0.416055 0.723363 0.652854 0.467689 0.416055 0.416055 0.722385 0.652682 0.466612 0.416055 0.416055 0.726295 0.652510 0.465536 0.416055 0.416055 0.726295 
0.653150 0.469827 0.416055 0.416055 0.721408 0.653002 0.468781 0.416055 0.416055 0.723363 0.652854 0.467689 0.416055 0.416055 0.722385 0.652682 0.466612 0.416055 0.416055 0.726295 0.652510 0.465536 0.416055 0.416055 0.726295 0.652411 0.464475 0.416055 0.416055 0.721408 
0.653002 0.468781 0.416055 0.416055 0.723363 0.652854 0.467689 0.416055 0.416055 0.722385 0.652682 0.466612 0.416055 0.416055 0.726295 0.652510 0.465536 0.416055 0.416055 0.726295 0.652411 0.464475 0.416055 0.416055 0.721408 0.652313 0.463383 0.416055 0.416055 0.726295 
0.652854 0.467689 0.416055 0.416055 0.722385 0.652682 0.466612 0.416055 0.416055 0.726295 0.652510 0.465536 0.416055 0.416055 0.726295 0.652411 0.464475 0.416055 0.416055 0.721408 0.652313 0.463383 0.416055 0.416055 0.726295 0.652264 0.462260 0.416055 0.416055 0.716520 
0.652682 0.466612 0.416055 0.416055 0.726295 0.652510 0.465536 0.416055 0.416055 0.726295 0.652411 0.464475 0.416055 0.416055 0.721408 0.652313 0.463383 0.416055 0.416055 0.726295 0.652264 0.462260 0.416055 0.416055 0.716520 0.652215 0.461091 0.416055 0.416055 0.715542 
0.652510 0.465536 0.416055 0.416055 0.726295 0.652411 0.464475 0.416055 0.416055 0.721408 0.652313 0.463383 0.416055 0.416055 0.726295 0.652264 0.462260 0.416055 0.416055 0.716520 0.652215 0.461091 0.416055 0.416055 0.715542 0.652165 0.459907 0.416055 0.416055 0.715542 
0.652411 0.464475 0.416055 0.416055 0.721408 0.652313 0.463383 0.416055 0.416055 0.726295 0.652264 0.462260 0.416055 0.416055 0.716520 0.652215 0.461091 0.416055 0.416055 0.715542 0.652165 0.459907 0.416055 0.416055 0.715542 0.652165 0.458708 0.416055 0.416055 0.715542 
0.652313 0.463383 0.416055 0.416055 0.726295 0.652264 0.462260 0.416055 0.416055 0.716520 0.652215 0.461091 0.416055 0.416055 0.715542 0.652165 0.459907 0.416055 0.416055 0.715542 0.652165 0.458708 0.416055 0.416055 0.715542 0.652141 0.457477 0.416055 0.416055 0.710655 
0.652264 0.462260 0.416055 0.416055 0.716520 0.652215 0.461091 0.416055 0.416055 0.715542 0.652165 0.459907 0.416055 0.416055 0.715542 0.652165 0.458708 0.416055 0.416055 0.715542 0.652141 0.457477 0.416055 0.416055 0.710655 0.652141 0.456201 0.416055 0.416055 0.715542 
0.652215 0.461091 0.416055 0.416055 0.715542 0.652165 0.459907 0.416055 0.416055 0.715542 0.652165 0.458708 0.416055 0.416055 0.715542 0.652141 0.457477 0.416055 0.416055 0.710655 0.652141 0.456201 0.416055 0.416055 0.715542 0.652141 0.454909 0.416055 0.416055 0.724340 
0.652165 0.459907 0.416055 0.416055 0.715542 0.652165 0.458708 0.416055 0.416055 0.715542 0.652141 0.457477 0.416055 0.416055 0.710655 0.652141 0.456201 0.416055 0.416055 0.715542 0.652141 0.454909 0.416055 0.416055 0.724340 0.652092 0.453648 0.416055 0.416055 0.725318 
0.652165 0.458708 0.416055 0.416055 0.715542 0.652141 0.457477 0.416055 0.416055 0.710655 0.652141 0.456201 0.416055 0.416055 0.715542 0.652141 0.454909 0.416055 0.416055 0.724340 0.652092 0.453648 0.416055 0.416055 0.725318 0.652042 0.452448 0.416055 0.416055 0.723363 
0.652141 0.457477 0.416055 0.416055 0.710655 0.652141 0.456201 0.416055 0.416055 0.715542 0.652141 0.454909 0.416055 0.416055 0.724340 0.652092 0.453648 0.416055 0.416055 0.725318 0.652042 0.452448 0.416055 0.416055 0.723363 0.652018 0.451249 0.416055 0.416055 0.721408 
0.652141 0.456201 0.416055 0.416055 0.715542 0.652141 0.454909 0.416055 0.416055 0.724340 0.652092 0.453648 0.416055 0.416055 0.725318 0.652042 0.452448 0.416055 0.416055 0.723363 0.652018 0.451249 0.416055 0.416055 0.721408 0.652018 0.450080 0.416055 0.416055 0.725318 
0.652141 0.454909 0.416055 0.416055 0.724340 0.652092 0.453648 0.416055 0.416055 0.725318 0.652042 0.452448 0.416055 0.416055 0.723363 0.652018 0.451249 0.416055 0.416055 0.721408 0.652018 0.450080 0.416055 0.416055 0.725318 0.651993 0.448911 0.416055 0.416055 0.727273 
0.652092 0.453648 0.416055 0.416055 0.725318 0.652042 0.452448 0.416055 0.416055 0.723363 0.652018 0.451249 0.416055 0.416055 0.721408 0.652018 0.450080 0.416055 0.416055 0.725318 0.651993 0.448911 0.416055 0.416055 0.727273 0.651993 0.447742 0.416055 0.416055 0.725318 
0.652042 0.452448 0.416055 0.416055 0.723363 0.652018 0.451249 0.416055 0.416055 0.721408 0.652018 0.450080 0.416055 0.416055 0.725318 0.651993 0.448911 0.416055 0.416055 0.727273 0.651993 0.447742 0.416055 0.416055 0.725318 0.651993 0.446620 0.416055 0.416055 0.730205 
0.652018 0.451249 0.416055 0.416055 0.721408 0.652018 0.450080 0.416055 0.416055 0.725318 0.651993 0.448911 0.416055 0.416055 0.727273 0.651993 0.447742 0.416055 0.416055 0.725318 0.651993 0.446620 0.416055 0.416055 0.730205 0.651993 0.445528 0.416055 0.416055 0.728250 
0.652018 0.450080 0.416055 0.416055 0.725318 0.651993 0.448911 0.416055 0.416055 0.727273 0.651993 0.447742 0.416055 0.416055 0.725318 0.651993 0.446620 0.416055 0.416055 0.730205 0.651993 0.445528 0.416055 0.416055 0.728250 0.651993 0.444390 0.416055 0.416055 0.734115 
0.651993 0.448911 0.416055 0.416055 0.727273 0.651993 0.447742 0.416055 0.416055 0.725318 0.651993 0.446620 0.416055 0.416055 0.730205 0.651993 0.445528 0.416055 0.416055 0.728250 0.651993 0.444390 0.416055 0.416055 0.734115 0.651993 0.443298 0.416055 0.416055 0.739003 
0.651993 0.447742 0.416055 0.416055 0.725318 0.651993 0.446620 0.416055 0.416055 0.730205 0.651993 0.445528 0.416055 0.416055 0.728250 0.651993 0.444390 0.416055 0.416055 0.734115 0.651993 0.443298 0.416055 0.416055 0.739003 0.651993 0.442221 0.409528 0.422433 0.731183 
0.651993 0.446620 0.416055 0.416055 0.730205 0.651993 0.445528 0.416055 0.416055 0.728250 0.651993 0.444390 0.416055 0.416055 0.734115 0.651993 0.443298 0.416055 0.416055 0.739003 0.651993 0.442221 0.409528 0.422433 0.731183 0.651993 0.441129 0.409528 0.422433 0.739003 
0.651993 0.445528 0.416055 0.416055 0.728250 0.651993 0.444390 0.416055 0.416055 0.734115 0.651993 0.443298 0.416055 0.416055 0.739003 0.651993 0.442221 0.409528 0.422433 0.731183 0.651993 0.441129 0.409528 0.422433 0.739003 0.651993 0.440038 0.409528 0.422433 0.740958 
0.651993 0.444390 0.416055 0.416055 0.734115 0.651993 0.443298 0.416055 0.416055 0.739003 0.651993 0.442221 0.409528 0.422433 0.731183 0.651993 0.441129 0.409528 0.422433 0.739003 0.651993 0.440038 0.409528 0.422433 0.740958 0.651993 0.438946 0.409528 0.422433 0.736070 
0.651993 0.443298 0.416055 0.416055 0.739003 0.651993 0.442221 0.409528 0.422433 0.731183 0.651993 0.441129 0.409528 0.422433 0.739003 0.651993 0.440038 0.409528 0.422433 0.740958 0.651993 0.438946 0.409528 0.422433 0.736070 0.651993 0.437823 0.409528 0.422433 0.735093 
0.651993 0.442221 0.409528 0.422433 0.731183 0.651993 0.441129 0.409528 0.422433 0.739003 0.651993 0.440038 0.409528 0.422433 0.740958 0.651993 0.438946 0.409528 0.422433 0.736070 0.651993 0.437823 0.409528 0.422433 0.735093 0.651993 0.436685 0.409528 0.422433 0.741935 
0.651993 0.441129 0.409528 0.422433 0.739003 0.651993 0.440038 0.409528 0.422433 0.740958 0.651993 0.438946 0.409528 0.422433 0.736070 0.651993 0.437823 0.409528 0.422433 0.735093 0.651993 0.436685 0.409528 0.422433 0.741935 0.651993 0.435562 0.382276 0.419962 0.741935 
0.651993 0.440038 0.409528 0.422433 0.740958 0.651993 0.438946 0.409528 0.422433 0.736070 0.651993 0.437823 0.409528 0.422433 0.735093 0.651993 0.436685 0.409528 0.422433 0.741935 0.651993 0.435562 0.382276 0.419962 0.741935 0.652042 0.434424 0.382276 0.419962 0.743891 
0.651993 0.438946 0.409528 0.422433 0.736070 0.651993 0.437823 0.409528 0.422433 0.735093 0.651993 0.436685 0.409528 0.422433 0.741935 0.651993 0.435562 0.382276 0.419962 0.741935 0.652042 0.434424 0.382276 0.419962 0.743891 0.652092 0.433317 0.382276 0.419962 0.741935 
0.651993 0.437823 0.409528 0.422433 0.735093 0.651993 0.436685 0.409528 0.422433 0.741935 0.651993 0.435562 0.382276 0.419962 0.741935 0.652042 0.434424 0.382276 0.419962 0.743891 0.652092 0.433317 0.382276 0.419962 0.741935 0.652165 0.432194 0.382276 0.419962 0.729228 
0.651993 0.436685 0.409528 0.422433 0.741935 0.651993 0.435562 0.382276 0.419962 0.741935 0.652042 0.434424 0.382276 0.419962 0.743891 0.652092 0.433317 0.382276 0.419962 0.741935 0.652165 0.432194 0.382276 0.419962 0.729228 0.652215 0.431133 0.382276 0.419962 0.747801 
0.651993 0.435562 0.382276 0.419962 0.741935 0.652042 0.434424 0.382276 0.419962 0.743891 0.652092 0.433317 0.382276 0.419962 0.741935 0.652165 0.432194 0.382276 0.419962 0.729228 0.652215 0.431133 0.382276 0.419962 0.747801 0.652313 0.430072 0.382276 0.419962 0.743891 
0.652042 0.434424 0.382276 0.419962 0.743891 0.652092 0.433317 0.382276 0.419962 0.741935 0.652165 0.432194 0.382276 0.419962 0.729228 0.652215 0.431133 0.382276 0.419962 0.747801 0.652313 0.430072 0.382276 0.419962 0.743891 0.652436 0.429026 0.382276 0.419962 0.740958 
0.652092 0.433317 0.382276 0.419962 0.741935 0.652165 0.432194 0.382276 0.419962 0.729228 0.652215 0.431133 0.382276 0.419962 0.747801 0.652313 0.430072 0.382276 0.419962 0.743891 0.652436 0.429026 0.382276 0.419962 0.740958 0.652534 0.428042 0.382276 0.419962 0.749756 
0.652165 0.432194 0.382276 0.419962 0.729228 0.652215 0.431133 0.382276 0.419962 0.747801 0.652313 0.430072 0.382276 0.419962 0.743891 0.652436 0.429026 0.382276 0.419962 0.740958 0.652534 0.428042 0.382276 0.419962 0.749756 0.652633 0.427104 0.382276 0.419962 0.735093 
0.652215 0.431133 0.382276 0.419962 0.747801 0.652313 0.430072 0.382276 0.419962 0.743891 0.652436 0.429026 0.382276 0.419962 0.740958 0.652534 0.428042 0.382276 0.419962 0.749756 0.652633 0.427104 0.382276 0.419962 0.735093 0.652707 0.426135 0.382276 0.419962 0.735093 
0.652313 0.430072 0.382276 0.419962 0.743891 0.652436 0.429026 0.382276 0.419962 0.740958 0.652534 0.428042 0.382276 0.419962 0.749756 0.652633 0.427104 0.382276 0.419962 0.735093 0.652707 0.426135 0.382276 0.419962 0.735093 0.652781 0.425181 0.382276 0.419962 0.734115 
0.652436 0.429026 0.382276 0.419962 0.740958 0.652534 0.428042 0.382276 0.419962 0.749756 0.652633 0.427104 0.382276 0.419962 0.735093 0.652707 0.426135 0.382276 0.419962 0.735093 0.652781 0.425181 0.382276 0.419962 0.734115 0.652854 0.424259 0.382276 0.419962 0.739003 
0.652534 0.428042 0.382276 0.419962 0.749756 0.652633 0.427104 0.382276 0.419962 0.735093 0.652707 0.426135 0.382276 0.419962 0.735093 0.652781 0.425181 0.382276 0.419962 0.734115 0.652854 0.424259 0.382276 0.419962 0.739003 0.652904 0.423351 0.382276 0.419962 0.738025 
0.652633 0.427104 0.382276 0.419962 0.735093 0.652707 0.426135 0.382276 0.419962 0.735093 0.652781 0.425181 0.382276 0.419962 0.734115 0.652854 0.424259 0.382276 0.419962 0.739003 0.652904 0.423351 0.382276 0.419962 0.738025 0.652904 0.422506 0.382276 0.419962 0.741935 
0.652707 0.426135 0.382276 0.419962 0.735093 0.652781 0.425181 0.382276 0.419962 0.734115 0.652854 0.424259 0.382276 0.419962 0.739003 0.652904 0.423351 0.382276 0.419962 0.738025 0.652904 0.422506 0.382276 0.419962 0.741935 0.652904 0.421675 0.409528 0.422433 0.744868 
0.652781 0.425181 0.382276 0.419962 0.734115 0.652854 0.424259 0.382276 0.419962 0.739003 0.652904 0.423351 0.382276 0.419962 0.738025 0.652904 0.422506 0.382276 0.419962 0.741935 0.652904 0.421675 0.409528 0.422433 0.744868 0.652928 0.420860 0.409528 0.422433 0.743891 
0.652854 0.424259 0.382276 0.419962 0.739003 0.652904 0.423351 0.382276 0.419962 0.738025 0.652904 0.422506 0.382276 0.419962 0.741935 0.652904 0.421675 0.409528 0.422433 0.744868 0.652928 0.420860 0.409528 0.422433 0.743891 0.652953 0.420045 0.409528 0.422433 0.744868 
0.652904 0.423351 0.382276 0.419962 0.738025 0.652904 0.422506 0.382276 0.419962 0.741935 0.652904 0.421675 0.409528 0.422433 0.744868 0.652928 0.420860 0.409528 0.422433 0.743891 0.652953 0.420045 0.409528 0.422433 0.744868 0.652953 0.419307 0.409528 0.422433 0.745846 
0.652904 0.422506 0.382276 0.419962 0.741935 0.652904 0.421675 0.409528 0.422433 0.744868 0.652928 0.420860 0.409528 0.422433 0.743891 0.652953 0.420045 0.409528 0.422433 0.744868 0.652953 0.419307 0.409528 0.422433 0.745846 0.652977 0.418615 0.409528 0.422433 0.748778 
0.652904 0.421675 0.409528 0.422433 0.744868 0.652928 0.420860 0.409528 0.422433 0.743891 0.652953 0.420045 0.409528 0.422433 0.744868 0.652953 0.419307 0.409528 0.422433 0.745846 0.652977 0.418615 0.409528 0.422433 0.748778 0.653002 0.417969 0.409528 0.422433 0.746823 
0.652928 0.420860 0.409528 0.422433 0.743891 0.652953 0.420045 0.409528 0.422433 0.744868 0.652953 0.419307 0.409528 0.422433 0.745846 0.652977 0.418615 0.409528 0.422433 0.748778 0.653002 0.417969 0.409528 0.422433 0.746823 0.653051 0.417323 0.409528 0.422433 0.753666 
0.652953 0.420045 0.409528 0.422433 0.744868 0.652953 0.419307 0.409528 0.422433 0.745846 0.652977 0.418615 0.409528 0.422433 0.748778 0.653002 0.417969 0.409528 0.422433 0.746823 0.653051 0.417323 0.409528 0.422433 0.753666 0.653150 0.416692 0.382276 0.419962 0.752688 
0.652953 0.419307 0.409528 0.422433 0.745846 0.652977 0.418615 0.409528 0.422433 0.748778 0.653002 0.417969 0.409528 0.422433 0.746823 0.653051 0.417323 0.409528 0.422433 0.753666 0.653150 0.416692 0.382276 0.419962 0.752688 0.653273 0.416016 0.382276 0.419962 0.750733 
0.652977 0.418615 0.409528 0.422433 0.748778 0.653002 0.417969 0.409528 0.422433 0.746823 0.653051 0.417323 0.409528 0.422433 0.753666 0.653150 0.416692 0.382276 0.419962 0.752688 0.653273 0.416016 0.382276 0.419962 0.750733 0.653371 0.415324 0.382276 0.419962 0.752688 
0.653002 0.417969 0.409528 0.422433 0.746823 0.653051 0.417323 0.409528 0.422433 0.753666 0.653150 0.416692 0.382276 0.419962 0.752688 0.653273 0.416016 0.382276 0.419962 0.750733 0.653371 0.415324 0.382276 0.419962 0.752688 0.653470 0.414678 0.382276 0.419962 0.744868 
0.653051 0.417323 0.409528 0.422433 0.753666 0.653150 0.416692 0.382276 0.419962 0.752688 0.653273 0.416016 0.382276 0.419962 0.750733 0.653371 0.415324 0.382276 0.419962 0.752688 0.653470 0.414678 0.382276 0.419962 0.744868 0.653543 0.414016 0.382276 0.419962 0.748778 
0.653150 0.416692 0.382276 0.419962 0.752688 0.653273 0.416016 0.382276 0.419962 0.750733 0.653371 0.415324 0.382276 0.419962 0.752688 0.653470 0.414678 0.382276 0.419962 0.744868 0.653543 0.414016 0.382276 0.419962 0.748778 0.653642 0.413355 0.382276 0.419962 0.757576 
0.653273 0.416016 0.382276 0.419962 0.750733 0.653371 0.415324 0.382276 0.419962 0.752688 0.653470 0.414678 0.382276 0.419962 0.744868 0.653543 0.414016 0.382276 0.419962 0.748778 0.653642 0.413355 0.382276 0.419962 0.757576 0.653740 0.412648 0.382276 0.419962 0.757576 
0.653371 0.415324 0.382276 0.419962 0.752688 0.653470 0.414678 0.382276 0.419962 0.744868 0.653543 0.414016 0.382276 0.419962 0.748778 0.653642 0.413355 0.382276 0.419962 0.757576 0.653740 0.412648 0.382276 0.419962 0.757576 0.653839 0.411956 0.382276 0.419962 0.753666 
0.653470 0.414678 0.382276 0.419962 0.744868 0.653543 0.414016 0.382276 0.419962 0.748778 0.653642 0.413355 0.382276 0.419962 0.757576 0.653740 0.412648 0.382276 0.419962 0.757576 0.653839 0.411956 0.382276 0.419962 0.753666 0.653888 0.411310 0.382276 0.419962 0.751711 
0.653543 0.414016 0.382276 0.419962 0.748778 0.653642 0.413355 0.382276 0.419962 0.757576 0.653740 0.412648 0.382276 0.419962 0.757576 0.653839 0.411956 0.382276 0.419962 0.753666 0.653888 0.411310 0.382276 0.419962 0.751711 0.653937 0.410710 0.382276 0.419962 0.753666 
0.653642 0.413355 0.382276 0.419962 0.757576 0.653740 0.412648 0.382276 0.419962 0.757576 0.653839 0.411956 0.382276 0.419962 0.753666 0.653888 0.411310 0.382276 0.419962 0.751711 0.653937 0.410710 0.382276 0.419962 0.753666 0.653986 0.410110 0.382276 0.419962 0.757576 
0.653740 0.412648 0.382276 0.419962 0.757576 0.653839 0.411956 0.382276 0.419962 0.753666 0.653888 0.411310 0.382276 0.419962 0.751711 0.653937 0.410710 0.382276 0.419962 0.753666 0.653986 0.410110 0.382276 0.419962 0.757576 0.654011 0.409480 0.382276 0.419962 0.751711 
0.653839 0.411956 0.382276 0.419962 0.753666 0.653888 0.411310 0.382276 0.419962 0.751711 0.653937 0.410710 0.382276 0.419962 0.753666 0.653986 0.410110 0.382276 0.419962 0.757576 0.654011 0.409480 0.382276 0.419962 0.751711 0.654085 0.408818 0.382276 0.419962 0.747801 
0.653888 0.411310 0.382276 0.419962 0.751711 0.653937 0.410710 0.382276 0.419962 0.753666 0.653986 0.410110 0.382276 0.419962 0.757576 0.654011 0.409480 0.382276 0.419962 0.751711 0.654085 0.408818 0.382276 0.419962 0.747801 0.654109 0.408172 0.382276 0.419962 0.746823 
0.653937 0.410710 0.382276 0.419962 0.753666 0.653986 0.410110 0.382276 0.419962 0.757576 0.654011 0.409480 0.382276 0.419962 0.751711 0.654085 0.408818 0.382276 0.419962 0.747801 0.654109 0.408172 0.382276 0.419962 0.746823 0.654109 0.407526 0.382276 0.419962 0.751711 
0.653986 0.410110 0.382276 0.419962 0.757576 0.654011 0.409480 0.382276 0.419962 0.751711 0.654085 0.408818 0.382276 0.419962 0.747801 0.654109 0.408172 0.382276 0.419962 0.746823 0.654109 0.407526 0.382276 0.419962 0.751711 0.654109 0.406865 0.362077 0.410925 0.754643 
0.654011 0.409480 0.382276 0.419962 0.751711 0.654085 0.408818 0.382276 0.419962 0.747801 0.654109 0.408172 0.382276 0.419962 0.746823 0.654109 0.407526 0.382276 0.419962 0.751711 0.654109 0.406865 0.362077 0.410925 0.754643 0.654158 0.406188 0.362077 0.410925 0.754643 
0.654085 0.408818 0.382276 0.419962 0.747801 0.654109 0.408172 0.382276 0.419962 0.746823 0.654109 0.407526 0.382276 0.419962 0.751711 0.654109 0.406865 0.362077 0.410925 0.754643 0.654158 0.406188 0.362077 0.410925 0.754643 0.654158 0.405496 0.362077 0.410925 0.756598 
0.654109 0.408172 0.382276 0.419962 0.746823 0.654109 0.407526 0.382276 0.419962 0.751711 0.654109 0.406865 0.362077 0.410925 0.754643 0.654158 0.406188 0.362077 0.410925 0.754643 0.654158 0.405496 0.362077 0.410925 0.756598 0.654183 0.404835 0.362077 0.410925 0.755621 
0.654109 0.407526 0.382276 0.419962 0.751711 0.654109 0.406865 0.362077 0.410925 0.754643 0.654158 0.406188 0.362077 0.410925 0.754643 0.654158 0.405496 0.362077 0.410925 0.756598 0.654183 0.404835 0.362077 0.410925 0.755621 0.654183 0.404205 0.362077 0.410925 0.754643 
0.654109 0.406865 0.362077 0.410925 0.754643 0.654158 0.406188 0.362077 0.410925 0.754643 0.654158 0.405496 0.362077 0.410925 0.756598 0.654183 0.404835 0.362077 0.410925 0.755621 0.654183 0.404205 0.362077 0.410925 0.754643 0.654208 0.403559 0.362077 0.410925 0.751711 
0.654158 0.406188 0.362077 0.410925 0.754643 0.654158 0.405496 0.362077 0.410925 0.756598 0.654183 0.404835 0.362077 0.410925 0.755621 0.654183 0.404205 0.362077 0.410925 0.754643 0.654208 0.403559 0.362077 0.410925 0.751711 0.654232 0.402897 0.362077 0.410925 0.755621 
0.654158 0.405496 0.362077 0.410925 0.756598 0.654183 0.404835 0.362077 0.410925 0.755621 0.654183 0.404205 0.362077 0.410925 0.754643 0.654208 0.403559 0.362077 0.410925 0.751711 0.654232 0.402897 0.362077 0.410925 0.755621 0.654257 0.402251 0.362077 0.410925 0.747801 
0.654183 0.404835 0.362077 0.410925 0.755621 0.654183 0.404205 0.362077 0.410925 0.754643 0.654208 0.403559 0.362077 0.410925 0.751711 0.654232 0.402897 0.362077 0.410925 0.755621 0.654257 0.402251 0.362077 0.410925 0.747801 0.654257 0.401559 0.348508 0.421760 0.750733 
0.654183 0.404205 0.362077 0.410925 0.754643 0.654208 0.403559 0.362077 0.410925 0.751711 0.654232 0.402897 0.362077 0.410925 0.755621 0.654257 0.402251 0.362077 0.410925 0.747801 0.654257 0.401559 0.348508 0.421760 0.750733 0.654257 0.400852 0.348508 0.421760 0.750733 
0.654208 0.403559 0.362077 0.410925 0.751711 0.654232 0.402897 0.362077 0.410925 0.755621 0.654257 0.402251 0.362077 0.410925 0.747801 0.654257 0.401559 0.348508 0.421760 0.750733 0.654257 0.400852 0.348508 0.421760 0.750733 0.654257 0.400160 0.348508 0.421760 0.753666 
0.654232 0.402897 0.362077 0.410925 0.755621 0.654257 0.402251 0.362077 0.410925 0.747801 0.654257 0.401559 0.348508 0.421760 0.750733 0.654257 0.400852 0.348508 0.421760 0.750733 0.654257 0.400160 0.348508 0.421760 0.753666 0.654257 0.399422 0.348508 0.421760 0.754643 
0.623720 0.488312 0.229940 0.525111 0.000000 0.624090 0.488558 0.229940 0.525111 0.000000 0.624409 0.488650 0.229940 0.525111 0.000000 0.624729 0.488973 0.229940 0.525111 0.000000 0.625000 0.489035 0.229940 0.525111 0.000000 0.625074 0.489081 0.229940 0.525111 0.000000 
0.624090 0.488558 0.229940 0.525111 0.000000 0.624409 0.488650 0.229940 0.525111 0.000000 0.624729 0.488973 0.229940 0.525111 0.000000 0.625000 0.489035 0.229940 0.525111 0.000000 0.625074 0.489081 0.229940 0.525111 0.000000 0.625172 0.489219 0.229940 0.525111 0.000000 
0.624409 0.488650 0.229940 0.525111 0.000000 0.624729 0.488973 0.229940 0.525111 0.000000 0.625000 0.489035 0.229940 0.525111 0.000000 0.625074 0.489081 0.229940 0.525111 0.000000 0.625172 0.489219 0.229940 0.525111 0.000000 0.625369 0.489312 0.229940 0.525111 0.000000 
0.624729 0.488973 0.229940 0.525111 0.000000 0.625000 0.489035 0.229940 0.525111 0.000000 0.625074 0.489081 0.229940 0.525111 0.000000 0.625172 0.489219 0.229940 0.525111 0.000000 0.625369 0.489312 0.229940 0.525111 0.000000 0.625492 0.489373 0.229940 0.525111 0.000000 
0.625000 0.489035 0.229940 0.525111 0.000000 0.625074 0.489081 0.229940 0.525111 0.000000 0.625172 0.489219 0.229940 0.525111 0.000000 0.625369 0.489312 0.229940 0.525111 0.000000 0.625492 0.489373 0.229940 0.525111 0.000000 0.625714 0.489419 0.239471 0.521981 0.000000 
0.625074 0.489081 0.229940 0.525111 0.000000 0.625172 0.489219 0.229940 0.525111 0.000000 0.625369 0.489312 0.229940 0.525111 0.000000 0.625492 0.489373 0.229940 0.525111 0.000000 0.625714 0.489419 0.239471 0.521981 0.000000 0.625714 0.489435 0.239471 0.521981 0.000000 
0.625172 0.489219 0.229940 0.525111 0.000000 0.625369 0.489312 0.229940 0.525111 0.000000 0.625492 0.489373 0.229940 0.525111 0.000000 0.625714 0.489419 0.239471 0.521981 0.000000 0.625714 0.489435 0.239471 0.521981 0.000000 0.625763 0.489435 0.239471 0.521981 0.000000 
0.625369 0.489312 0.229940 0.525111 0.000000 0.625492 0.489373 0.229940 0.525111 0.000000 0.625714 0.489419 0.239471 0.521981 0.000000 0.625714 0.489435 0.239471 0.521981 0.000000 0.625763 0.489435 0.239471 0.521981 0.000000 0.625837 0.489435 0.248499 0.538788 0.000000 
0.625492 0.489373 0.229940 0.525111 0.000000 0.625714 0.489419 0.239471 0.521981 0.000000 0.625714 0.489435 0.239471 0.521981 0.000000 0.625763 0.489435 0.239471 0.521981 0.000000 0.625837 0.489435 0.248499 0.538788 0.000000 0.625886 0.489435 0.248499 0.538788 0.000000 
0.625714 0.489419 0.239471 0.521981 0.000000 0.625714 0.489435 0.239471 0.521981 0.000000 0.625763 0.489435 0.239471 0.521981 0.000000 0.625837 0.489435 0.248499 0.538788 0.000000 0.625886 0.489435 0.248499 0.538788 0.000000 0.625960 0.489435 0.248499 0.538788 0.000000 
0.625714 0.489435 0.239471 0.521981 0.000000 0.625763 0.489435 0.239471 0.521981 0.000000 0.625837 0.489435 0.248499 0.538788 0.000000 0.625886 0.489435 0.248499 0.538788 0.000000 0.625960 0.489435 0.248499 0.538788 0.000000 0.626058 0.489435 0.248499 0.538788 0.000000 
0.625763 0.489435 0.239471 0.521981 0.000000 0.625837 0.489435 0.248499 0.538788 0.000000 0.625886 0.489435 0.248499 0.538788 0.000000 0.625960 0.489435 0.248499 0.538788 0.000000 0.626058 0.489435 0.248499 0.538788 0.000000 0.626083 0.489435 0.247495 0.558882 0.000000 
0.625837 0.489435 0.248499 0.538788 0.000000 0.625886 0.489435 0.248499 0.538788 0.000000 0.625960 0.489435 0.248499 0.538788 0.000000 0.626058 0.489435 0.248499 0.538788 0.000000 0.626083 0.489435 0.247495 0.558882 0.000000 0.626132 0.489435 0.247495 0.558882 0.000000 
0.625886 0.489435 0.248499 0.538788 0.000000 0.625960 0.489435 0.248499 0.538788 0.000000 0.626058 0.489435 0.248499 0.538788 0.000000 0.626083 0.489435 0.247495 0.558882 0.000000 0.626132 0.489435 0.247495 0.558882 0.000000 0.626181 0.489435 0.247495 0.558882 0.000000 
0.625960 0.489435 0.248499 0.538788 0.000000 0.626058 0.489435 0.248499 0.538788 0.000000 0.626083 0.489435 0.247495 0.558882 0.000000 0.626132 0.489435 0.247495 0.558882 0.000000 0.626181 0.489435 0.247495 0.558882 0.000000 0.626230 0.489435 0.226729 0.564924 0.000000 
0.626058 0.489435 0.248499 0.538788 0.000000 0.626083 0.489435 0.247495 0.558882 0.000000 0.626132 0.489435 0.247495 0.558882 0.000000 0.626181 0.489435 0.247495 0.558882 0.000000 0.626230 0.489435 0.226729 0.564924 0.000000 0.626230 0.489450 0.226729 0.564924 0.000000 
0.626083 0.489435 0.247495 0.558882 0.000000 0.626132 0.489435 0.247495 0.558882 0.000000 0.626181 0.489435 0.247495 0.558882 0.000000 0.626230 0.489435 0.226729 0.564924 0.000000 0.626230 0.489450 0.226729 0.564924 0.000000 0.626230 0.489465 0.226729 0.564924 0.000000 
0.626132 0.489435 0.247495 0.558882 0.000000 0.626181 0.489435 0.247495 0.558882 0.000000 0.626230 0.489435 0.226729 0.564924 0.000000 0.626230 0.489450 0.226729 0.564924 0.000000 0.626230 0.489465 0.226729 0.564924 0.000000 0.626230 0.489481 0.226729 0.564924 0.000000 
0.626181 0.489435 0.247495 0.558882 0.000000 0.626230 0.489435 0.226729 0.564924 0.000000 0.626230 0.489450 0.226729 0.564924 0.000000 0.626230 0.489465 0.226729 0.564924 0.000000 0.626230 0.489481 0.226729 0.564924 0.000000 0.626230 0.489512 0.226729 0.564924 0.000000 
0.626230 0.489435 0.226729 0.564924 0.000000 0.626230 0.489450 0.226729 0.564924 0.000000 0.626230 0.489465 0.226729 0.564924 0.000000 0.626230 0.489481 0.226729 0.564924 0.000000 0.626230 0.489512 0.226729 0.564924 0.000000 0.626230 0.489527 0.226729 0.564924 0.000000 
0.626230 0.489450 0.226729 0.564924 0.000000 0.626230 0.489465 0.226729 0.564924 0.000000 0.626230 0.489481 0.226729 0.564924 0.000000 0.626230 0.489512 0.226729 0.564924 0.000000 0.626230 0.489527 0.226729 0.564924 0.000000 0.626230 0.489573 0.226729 0.564924 0.000000 
0.626230 0.489465 0.226729 0.564924 0.000000 0.626230 0.489481 0.226729 0.564924 0.000000 0.626230 0.489512 0.226729 0.564924 0.000000 0.626230 0.489527 0.226729 0.564924 0.000000 0.626230 0.489573 0.226729 0.564924 0.000000 0.626230 0.489635 0.226729 0.564924 0.000000 
0.626230 0.489481 0.226729 0.564924 0.000000 0.626230 0.489512 0.226729 0.564924 0.000000 0.626230 0.489527 0.226729 0.564924 0.000000 0.626230 0.489573 0.226729 0.564924 0.000000 0.626230 0.489635 0.226729 0.564924 0.000000 0.626230 0.489742 0.226729 0.564924 0.000000 
0.626230 0.489512 0.226729 0.564924 0.000000 0.626230 0.489527 0.226729 0.564924 0.000000 0.626230 0.489573 0.226729 0.564924 0.000000 0.626230 0.489635 0.226729 0.564924 0.000000 0.626230 0.489742 0.226729 0.564924 0.000000 0.626230 0.489911 0.247495 0.558882 0.000000 
0.626230 0.489527 0.226729 0.564924 0.000000 0.626230 0.489573 0.226729 0.564924 0.000000 0.626230 0.489635 0.226729 0.564924 0.000000 0.626230 0.489742 0.226729 0.564924 0.000000 0.626230 0.489911 0.247495 0.558882 0.000000 0.626230 0.490065 0.245856 0.578972 0.000000 
0.626230 0.489573 0.226729 0.564924 0.000000 0.626230 0.489635 0.226729 0.564924 0.000000 0.626230 0.489742 0.226729 0.564924 0.000000 0.626230 0.489911 0.247495 0.558882 0.000000 0.626230 0.490065 0.245856 0.578972 0.000000 0.626230 0.490219 0.245856 0.578972 0.000000 
0.626230 0.489635 0.226729 0.564924 0.000000 0.626230 0.489742 0.226729 0.564924 0.000000 0.626230 0.489911 0.247495 0.558882 0.000000 0.626230 0.490065 0.245856 0.578972 0.000000 0.626230 0.490219 0.245856 0.578972 0.000000 0.626230 0.490404 0.245856 0.578972 0.000000 
0.626230 0.489742 0.226729 0.564924 0.000000 0.626230 0.489911 0.247495 0.558882 0.000000 0.626230 0.490065 0.245856 0.578972 0.000000 0.626230 0.490219 0.245856 0.578972 0.000000 0.626230 0.490404 0.245856 0.578972 0.000000 0.626230 0.490619 0.245856 0.578972 0.000000 
0.626230 0.489911 0.247495 0.558882 0.000000 0.626230 0.490065 0.245856 0.578972 0.000000 0.626230 0.490219 0.245856 0.578972 0.000000 0.626230 0.490404 0.245856 0.578972 0.000000 0.626230 0.490619 0.245856 0.578972 0.000000 0.626230 0.490850 0.245856 0.578972 0.000000 
0.626230 0.490065 0.245856 0.578972 0.000000 0.626230 0.490219 0.245856 0.578972 0.000000 0.626230 0.490404 0.245856 0.578972 0.000000 0.626230 0.490619 0.245856 0.578972 0.000000 0.626230 0.490850 0.245856 0.578972 0.000000 0.626230 0.491096 0.245856 0.578972 0.000000 
0.626230 0.490219 0.245856 0.578972 0.000000 0.626230 0.490404 0.245856 0.578972 0.000000 0.626230 0.490619 0.245856 0.578972 0.000000 0.626230 0.490850 0.245856 0.578972 0.000000 0.626230 0.491096 0.245856 0.578972 0.000000 0.626304 0.491372 0.245856 0.578972 0.000000 
0.626230 0.490404 0.245856 0.578972 0.000000 0.626230 0.490619 0.245856 0.578972 0.000000 0.626230 0.490850 0.245856 0.578972 0.000000 0.626230 0.491096 0.245856 0.578972 0.000000 0.626304 0.491372 0.245856 0.578972 0.000000 0.626476 0.491665 0.245856 0.578972 0.000000 
0.626230 0.490619 0.245856 0.578972 0.000000 0.626230 0.490850 0.245856 0.578972 0.000000 0.626230 0.491096 0.245856 0.578972 0.000000 0.626304 0.491372 0.245856 0.578972 0.000000 0.626476 0.491665 0.245856 0.578972 0.000000 0.626575 0.491941 0.245856 0.578972 0.000000 
0.626230 0.490850 0.245856 0.578972 0.000000 0.626230 0.491096 0.245856 0.578972 0.000000 0.626304 0.491372 0.245856 0.578972 0.000000 0.626476 0.491665 0.245856 0.578972 0.000000 0.626575 0.491941 0.245856 0.578972 0.000000 0.626796 0.492249 0.245856 0.578972 0.000000 
0.626230 0.491096 0.245856 0.578972 0.000000 0.626304 0.491372 0.245856 0.578972 0.000000 0.626476 0.491665 0.245856 0.578972 0.000000 0.626575 0.491941 0.245856 0.578972 0.000000 0.626796 0.492249 0.245856 0.578972 0.000000 0.627092 0.492557 0.245856 0.578972 0.000000 
0.626304 0.491372 0.245856 0.578972 0.000000 0.626476 0.491665 0.245856 0.578972 0.000000 0.626575 0.491941 0.245856 0.578972 0.000000 0.626796 0.492249 0.245856 0.578972 0.000000 0.627092 0.492557 0.245856 0.578972 0.000000 0.627485 0.492849 0.243559 0.599039 0.000000 
0.626476 0.491665 0.245856 0.578972 0.000000 0.626575 0.491941 0.245856 0.578972 0.000000 0.626796 0.492249 0.245856 0.578972 0.000000 0.627092 0.492557 0.245856 0.578972 0.000000 0.627485 0.492849 0.243559 0.599039 0.000000 0.627904 0.493110 0.243559 0.599039 0.000000 
0.626575 0.491941 0.245856 0.578972 0.000000 0.626796 0.492249 0.245856 0.578972 0.000000 0.627092 0.492557 0.245856 0.578972 0.000000 0.627485 0.492849 0.243559 0.599039 0.000000 0.627904 0.493110 0.243559 0.599039 0.000000 0.628199 0.493372 0.243559 0.599039 0.000000 
0.626796 0.492249 0.245856 0.578972 0.000000 0.627092 0.492557 0.245856 0.578972 0.000000 0.627485 0.492849 0.243559 0.599039 0.000000 0.627904 0.493110 0.243559 0.599039 0.000000 0.628199 0.493372 0.243559 0.599039 0.000000 0.628346 0.493495 0.243559 0.599039 0.000000 
0.627092 0.492557 0.245856 0.578972 0.000000 0.627485 0.492849 0.243559 0.599039 0.000000 0.627904 0.493110 0.243559 0.599039 0.000000 0.628199 0.493372 0.243559 0.599039 0.000000 0.628346 0.493495 0.243559 0.599039 0.000000 0.628839 0.493848 0.243559 0.599039 0.000000 
0.627485 0.492849 0.243559 0.599039 0.000000 0.627904 0.493110 0.243559 0.599039 0.000000 0.628199 0.493372 0.243559 0.599039 0.000000 0.628346 0.493495 0.243559 0.599039 0.000000 0.628839 0.493848 0.243559 0.599039 0.000000 0.629183 0.494064 0.243559 0.599039 0.000000 
0.627904 0.493110 0.243559 0.599039 0.000000 0.628199 0.493372 0.243559 0.599039 0.000000 0.628346 0.493495 0.243559 0.599039 0.000000 0.628839 0.493848 0.243559 0.599039 0.000000 0.629183 0.494064 0.243559 0.599039 0.000000 0.629503 0.494264 0.243559 0.599039 0.000000 
0.628199 0.493372 0.243559 0.599039 0.000000 0.628346 0.493495 0.243559 0.599039 0.000000 0.628839 0.493848 0.243559 0.599039 0.000000 0.629183 0.494064 0.243559 0.599039 0.000000 0.629503 0.494264 0.243559 0.599039 0.000000 0.629847 0.494371 0.252241 0.616148 0.000000 
0.628346 0.493495 0.243559 0.599039 0.000000 0.628839 0.493848 0.243559 0.599039 0.000000 0.629183 0.494064 0.243559 0.599039 0.000000 0.629503 0.494264 0.243559 0.599039 0.000000 0.629847 0.494371 0.252241 0.616148 0.000000 0.629995 0.494664 0.252241 0.616148 0.000000 
0.628839 0.493848 0.243559 0.599039 0.000000 0.629183 0.494064 0.243559 0.599039 0.000000 0.629503 0.494264 0.243559 0.599039 0.000000 0.629847 0.494371 0.252241 0.616148 0.000000 0.629995 0.494664 0.252241 0.616148 0.000000 0.630438 0.494848 0.252241 0.616148 0.000000 
0.629183 0.494064 0.243559 0.599039 0.000000 0.629503 0.494264 0.243559 0.599039 0.000000 0.629847 0.494371 0.252241 0.616148 0.000000 0.629995 0.494664 0.252241 0.616148 0.000000 0.630438 0.494848 0.252241 0.616148 0.000000 0.630561 0.495033 0.252241 0.616148 0.000000 
0.629503 0.494264 0.243559 0.599039 0.000000 0.629847 0.494371 0.252241 0.616148 0.000000 0.629995 0.494664 0.252241 0.616148 0.000000 0.630438 0.494848 0.252241 0.616148 0.000000 0.630561 0.495033 0.252241 0.616148 0.000000 0.631004 0.495109 0.252241 0.616148 0.000000 
0.629847 0.494371 0.252241 0.616148 0.000000 0.629995 0.494664 0.252241 0.616148 0.000000 0.630438 0.494848 0.252241 0.616148 0.000000 0.630561 0.495033 0.252241 0.616148 0.000000 0.631004 0.495109 0.252241 0.616148 0.000000 0.631078 0.495371 0.252241 0.616148 0.000000 
0.629995 0.494664 0.252241 0.616148 0.000000 0.630438 0.494848 0.252241 0.616148 0.000000 0.630561 0.495033 0.252241 0.616148 0.000000 0.631004 0.495109 0.252241 0.616148 0.000000 0.631078 0.495371 0.252241 0.616148 0.000000 0.631176 0.495417 0.252241 0.616148 0.000000 
0.630438 0.494848 0.252241 0.616148 0.000000 0.630561 0.495033 0.252241 0.616148 0.000000 0.631004 0.495109 0.252241 0.616148 0.000000 0.631078 0.495371 0.252241 0.616148 0.000000 0.631176 0.495417 0.252241 0.616148 0.000000 0.631275 0.495463 0.252241 0.616148 0.000000 
0.630561 0.495033 0.252241 0.616148 0.000000 0.631004 0.495109 0.252241 0.616148 0.000000 0.631078 0.495371 0.252241 0.616148 0.000000 0.631176 0.495417 0.252241 0.616148 0.000000 0.631275 0.495463 0.252241 0.616148 0.000000 0.631594 0.495509 0.252241 0.616148 0.000000 
0.631004 0.495109 0.252241 0.616148 0.000000 0.631078 0.495371 0.252241 0.616148 0.000000 0.631176 0.495417 0.252241 0.616148 0.000000 0.631275 0.495463 0.252241 0.616148 0.000000 0.631594 0.495509 0.252241 0.616148 0.000000 0.631668 0.495540 0.252241 0.616148 0.000000 
0.631078 0.495371 0.252241 0.616148 0.000000 0.631176 0.495417 0.252241 0.616148 0.000000 0.631275 0.495463 0.252241 0.616148 0.000000 0.631594 0.495509 0.252241 0.616148 0.000000 0.631668 0.495540 0.252241 0.616148 0.000000 0.631718 0.495632 0.252241 0.616148 0.000000 
0.631176 0.495417 0.252241 0.616148 0.000000 0.631275 0.495463 0.252241 0.616148 0.000000 0.631594 0.495509 0.252241 0.616148 0.000000 0.631668 0.495540 0.252241 0.616148 0.000000 0.631718 0.495632 0.252241 0.616148 0.000000 0.631841 0.495709 0.252241 0.616148 0.000000 
0.631275 0.495463 0.252241 0.616148 0.000000 0.631594 0.495509 0.252241 0.616148 0.000000 0.631668 0.495540 0.252241 0.616148 0.000000 0.631718 0.495632 0.252241 0.616148 0.000000 0.631841 0.495709 0.252241 0.616148 0.000000 0.631865 0.495709 0.252241 0.616148 0.000000 
0.631594 0.495509 0.252241 0.616148 0.000000 0.631668 0.495540 0.252241 0.616148 0.000000 0.631718 0.495632 0.252241 0.616148 0.000000 0.631841 0.495709 0.252241 0.616148 0.000000 0.631865 0.495709 0.252241 0.616148 0.000000 0.631964 0.495755 0.249080 0.636243 0.000000 
0.631668 0.495540 0.252241 0.616148 0.000000 0.631718 0.495632 0.252241 0.616148 0.000000 0.631841 0.495709 0.252241 0.616148 0.000000 0.631865 0.495709 0.252241 0.616148 0.000000 0.631964 0.495755 0.249080 0.636243 0.000000 0.632013 0.495771 0.249080 0.636243 0.000000 
0.631718 0.495632 0.252241 0.616148 0.000000 0.631841 0.495709 0.252241 0.616148 0.000000 0.631865 0.495709 0.252241 0.616148 0.000000 0.631964 0.495755 0.249080 0.636243 0.000000 0.632013 0.495771 0.249080 0.636243 0.000000 0.632087 0.495771 0.249080 0.636243 0.000000 
0.631841 0.495709 0.252241 0.616148 0.000000 0.631865 0.495709 0.252241 0.616148 0.000000 0.631964 0.495755 0.249080 0.636243 0.000000 0.632013 0.495771 0.249080 0.636243 0.000000 0.632087 0.495771 0.249080 0.636243 0.000000 0.632136 0.495771 0.249080 0.636243 0.000000 
0.631865 0.495709 0.252241 0.616148 0.000000 0.631964 0.495755 0.249080 0.636243 0.000000 0.632013 0.495771 0.249080 0.636243 0.000000 0.632087 0.495771 0.249080 0.636243 0.000000 0.632136 0.495771 0.249080 0.636243 0.000000 0.632160 0.495771 0.249080 0.636243 0.000000 
0.631964 0.495755 0.249080 0.636243 0.000000 0.632013 0.495771 0.249080 0.636243 0.000000 0.632087 0.495771 0.249080 0.636243 0.000000 0.632136 0.495771 0.249080 0.636243 0.000000 0.632160 0.495771 0.249080 0.636243 0.000000 0.632185 0.495771 0.236897 0.639036 0.000000 
0.632013 0.495771 0.249080 0.636243 0.000000 0.632087 0.495771 0.249080 0.636243 0.000000 0.632136 0.495771 0.249080 0.636243 0.000000 0.632160 0.495771 0.249080 0.636243 0.000000 0.632185 0.495771 0.236897 0.639036 0.000000 0.632185 0.495617 0.236897 0.639036 0.000000 
0.632087 0.495771 0.249080 0.636243 0.000000 0.632136 0.495771 0.249080 0.636243 0.000000 0.632160 0.495771 0.249080 0.636243 0.000000 0.632185 0.495771 0.236897 0.639036 0.000000 0.632185 0.495617 0.236897 0.639036 0.000000 0.632185 0.495356 0.236897 0.639036 0.000000 
0.632136 0.495771 0.249080 0.636243 0.000000 0.632160 0.495771 0.249080 0.636243 0.000000 0.632185 0.495771 0.236897 0.639036 0.000000 0.632185 0.495617 0.236897 0.639036 0.000000 0.632185 0.495356 0.236897 0.639036 0.000000 0.632185 0.495125 0.236897 0.639036 0.000000 
0.632160 0.495771 0.249080 0.636243 0.000000 0.632185 0.495771 0.236897 0.639036 0.000000 0.632185 0.495617 0.236897 0.639036 0.000000 0.632185 0.495356 0.236897 0.639036 0.000000 0.632185 0.495125 0.236897 0.639036 0.000000 0.632185 0.494848 0.236897 0.639036 0.000000 
0.632185 0.495771 0.236897 0.639036 0.000000 0.632185 0.495617 0.236897 0.639036 0.000000 0.632185 0.495356 0.236897 0.639036 0.000000 0.632185 0.495125 0.236897 0.639036 0.000000 0.632185 0.494848 0.236897 0.639036 0.000000 0.632185 0.494556 0.236897 0.639036 0.000000 
0.632185 0.495617 0.236897 0.639036 0.000000 0.632185 0.495356 0.236897 0.639036 0.000000 0.632185 0.495125 0.236897 0.639036 0.000000 0.632185 0.494848 0.236897 0.639036 0.000000 0.632185 0.494556 0.236897 0.639036 0.000000 0.632185 0.494233 0.236897 0.639036 0.000000 
0.632185 0.495356 0.236897 0.639036 0.000000 0.632185 0.495125 0.236897 0.639036 0.000000 0.632185 0.494848 0.236897 0.639036 0.000000 0.632185 0.494556 0.236897 0.639036 0.000000 0.632185 0.494233 0.236897 0.639036 0.000000 0.632185 0.493879 0.236897 0.639036 0.000000 
0.632185 0.495125 0.236897 0.639036 0.000000 0.632185 0.494848 0.236897 0.639036 0.000000 0.632185 0.494556 0.236897 0.639036 0.000000 0.632185 0.494233 0.236897 0.639036 0.000000 0.632185 0.493879 0.236897 0.639036 0.000000 0.632185 0.493510 0.236897 0.639036 0.000000 
0.632185 0.494848 0.236897 0.639036 0.000000 0.632185 0.494556 0.236897 0.639036 0.000000 0.632185 0.494233 0.236897 0.639036 0.000000 0.632185 0.493879 0.236897 0.639036 0.000000 0.632185 0.493510 0.236897 0.639036 0.000000 0.632185 0.493156 0.249080 0.636243 0.000000 
0.632185 0.494556 0.236897 0.639036 0.000000 0.632185 0.494233 0.236897 0.639036 0.000000 0.632185 0.493879 0.236897 0.639036 0.000000 0.632185 0.493510 0.236897 0.639036 0.000000 0.632185 0.493156 0.249080 0.636243 0.000000 0.632087 0.492787 0.249080 0.636243 0.000000 
0.632185 0.494233 0.236897 0.639036 0.000000 0.632185 0.493879 0.236897 0.639036 0.000000 0.632185 0.493510 0.236897 0.639036 0.000000 0.632185 0.493156 0.249080 0.636243 0.000000 0.632087 0.492787 0.249080 0.636243 0.000000 0.631988 0.492418 0.249080 0.636243 0.000000 
0.632185 0.493879 0.236897 0.639036 0.000000 0.632185 0.493510 0.236897 0.639036 0.000000 0.632185 0.493156 0.249080 0.636243 0.000000 0.632087 0.492787 0.249080 0.636243 0.000000 0.631988 0.492418 0.249080 0.636243 0.000000 0.631890 0.492034 0.249080 0.636243 0.000000 
0.632185 0.493510 0.236897 0.639036 0.000000 0.632185 0.493156 0.249080 0.636243 0.000000 0.632087 0.492787 0.249080 0.636243 0.000000 0.631988 0.492418 0.249080 0.636243 0.000000 0.631890 0.492034 0.249080 0.636243 0.000000 0.631693 0.491649 0.252241 0.616148 0.000000 
0.632185 0.493156 0.249080 0.636243 0.000000 0.632087 0.492787 0.249080 0.636243 0.000000 0.631988 0.492418 0.249080 0.636243 0.000000 0.631890 0.492034 0.249080 0.636243 0.000000 0.631693 0.491649 0.252241 0.616148 0.000000 0.631471 0.491234 0.252241 0.616148 0.000000 
0.632087 0.492787 0.249080 0.636243 0.000000 0.631988 0.492418 0.249080 0.636243 0.000000 0.631890 0.492034 0.249080 0.636243 0.000000 0.631693 0.491649 0.252241 0.616148 0.000000 0.631471 0.491234 0.252241 0.616148 0.000000 0.631250 0.490834 0.252241 0.616148 0.000000 
0.631988 0.492418 0.249080 0.636243 0.000000 0.631890 0.492034 0.249080 0.636243 0.000000 0.631693 0.491649 0.252241 0.616148 0.000000 0.631471 0.491234 0.252241 0.616148 0.000000 0.631250 0.490834 0.252241 0.616148 0.000000 0.631127 0.490404 0.252241 0.616148 0.000000 
0.631890 0.492034 0.249080 0.636243 0.000000 0.631693 0.491649 0.252241 0.616148 0.000000 0.631471 0.491234 0.252241 0.616148 0.000000 0.631250 0.490834 0.252241 0.616148 0.000000 0.631127 0.490404 0.252241 0.616148 0.000000 0.630832 0.489958 0.252241 0.616148 0.000000 
0.631693 0.491649 0.252241 0.616148 0.000000 0.631471 0.491234 0.252241 0.616148 0.000000 0.631250 0.490834 0.252241 0.616148 0.000000 0.631127 0.490404 0.252241 0.616148 0.000000 0.630832 0.489958 0.252241 0.616148 0.000000 0.630463 0.489481 0.224135 0.584806 0.000000 
0.631471 0.491234 0.252241 0.616148 0.000000 0.631250 0.490834 0.252241 0.616148 0.000000 0.631127 0.490404 0.252241 0.616148 0.000000 0.630832 0.489958 0.252241 0.616148 0.000000 0.630463 0.489481 0.224135 0.584806 0.000000 0.630093 0.488973 0.224135 0.584806 0.000000 
0.631250 0.490834 0.252241 0.616148 0.000000 0.631127 0.490404 0.252241 0.616148 0.000000 0.630832 0.489958 0.252241 0.616148 0.000000 0.630463 0.489481 0.224135 0.584806 0.000000 0.630093 0.488973 0.224135 0.584806 0.000000 0.629700 0.488466 0.224135 0.584806 0.000000 
0.631127 0.490404 0.252241 0.616148 0.000000 0.630832 0.489958 0.252241 0.616148 0.000000 0.630463 0.489481 0.224135 0.584806 0.000000 0.630093 0.488973 0.224135 0.584806 0.000000 0.629700 0.488466 0.224135 0.584806 0.000000 0.629257 0.487943 0.224135 0.584806 0.000000 
0.630832 0.489958 0.252241 0.616148 0.000000 0.630463 0.489481 0.224135 0.584806 0.000000 0.630093 0.488973 0.224135 0.584806 0.000000 0.629700 0.488466 0.224135 0.584806 0.000000 0.629257 0.487943 0.224135 0.584806 0.000000 0.628789 0.487405 0.235058 0.581965 0.000000 
0.630463 0.489481 0.224135 0.584806 0.000000 0.630093 0.488973 0.224135 0.584806 0.000000 0.629700 0.488466 0.224135 0.584806 0.000000 0.629257 0.487943 0.224135 0.584806 0.000000 0.628789 0.487405 0.235058 0.581965 0.000000 0.628273 0.486897 0.235058 0.581965 0.000000 
0.630093 0.488973 0.224135 0.584806 0.000000 0.629700 0.488466 0.224135 0.584806 0.000000 0.629257 0.487943 0.224135 0.584806 0.000000 0.628789 0.487405 0.235058 0.581965 0.000000 0.628273 0.486897 0.235058 0.581965 0.000000 0.627707 0.486390 0.235058 0.581965 0.000000 
0.629700 0.488466 0.224135 0.584806 0.000000 0.629257 0.487943 0.224135 0.584806 0.000000 0.628789 0.487405 0.235058 0.581965 0.000000 0.628273 0.486897 0.235058 0.581965 0.000000 0.627707 0.486390 0.235058 0.581965 0.000000 0.627141 0.485913 0.235058 0.581965 0.000000 
0.629257 0.487943 0.224135 0.584806 0.000000 0.628789 0.487405 0.235058 0.581965 0.000000 0.628273 0.486897 0.235058 0.581965 0.000000 0.627707 0.486390 0.235058 0.581965 0.000000 0.627141 0.485913 0.235058 0.581965 0.000000 0.626550 0.485498 0.235058 0.581965 0.000000 
0.628789 0.487405 0.235058 0.581965 0.000000 0.628273 0.486897 0.235058 0.581965 0.000000 0.627707 0.486390 0.235058 0.581965 0.000000 0.627141 0.485913 0.235058 0.581965 0.000000 0.626550 0.485498 0.235058 0.581965 0.000000 0.626009 0.485113 0.226729 0.564924 0.000000 
0.628273 0.486897 0.235058 0.581965 0.000000 0.627707 0.486390 0.235058 0.581965 0.000000 0.627141 0.485913 0.235058 0.581965 0.000000 0.626550 0.485498 0.235058 0.581965 0.000000 0.626009 0.485113 0.226729 0.564924 0.000000 0.625492 0.484775 0.226729 0.564924 0.000000 
0.621826 0.483391 0.259844 0.431530 0.687195 0.622490 0.483391 0.259844 0.431530 0.689150 0.623179 0.483391 0.259844 0.431530 0.692082 0.623917 0.483391 0.259844 0.431530 0.692082 0.624655 0.483391 0.259844 0.431530 0.687195 0.625394 0.483391 0.259844 0.431530 0.689150 
0.622490 0.483391 0.259844 0.431530 0.689150 0.623179 0.483391 0.259844 0.431530 0.692082 0.623917 0.483391 0.259844 0.431530 0.692082 0.624655 0.483391 0.259844 0.431530 0.687195 0.625394 0.483391 0.259844 0.431530 0.689150 0.626107 0.483391 0.259844 0.431530 0.689150 
0.623179 0.483391 0.259844 0.431530 0.692082 0.623917 0.483391 0.259844 0.431530 0.692082 0.624655 0.483391 0.259844 0.431530 0.687195 0.625394 0.483391 0.259844 0.431530 0.689150 0.626107 0.483391 0.259844 0.431530 0.689150 0.626919 0.483391 0.259844 0.431530 0.691105 
0.623917 0.483391 0.259844 0.431530 0.692082 0.624655 0.483391 0.259844 0.431530 0.687195 0.625394 0.483391 0.259844 0.431530 0.689150 0.626107 0.483391 0.259844 0.431530 0.689150 0.626919 0.483391 0.259844 0.431530 0.691105 0.627756 0.483391 0.259844 0.431530 0.688172 
0.624655 0.483391 0.259844 0.431530 0.687195 0.625394 0.483391 0.259844 0.431530 0.689150 0.626107 0.483391 0.259844 0.431530 0.689150 0.626919 0.483391 0.259844 0.431530 0.691105 0.627756 0.483391 0.259844 0.431530 0.688172 0.628642 0.483422 0.259844 0.431530 0.687195 
0.625394 0.483391 0.259844 0.431530 0.689150 0.626107 0.483391 0.259844 0.431530 0.689150 0.626919 0.483391 0.259844 0.431530 0.691105 0.627756 0.483391 0.259844 0.431530 0.688172 0.628642 0.483422 0.259844 0.431530 0.687195 0.629552 0.483468 0.259844 0.431530 0.687195 
0.626107 0.483391 0.259844 0.431530 0.689150 0.626919 0.483391 0.259844 0.431530 0.691105 0.627756 0.483391 0.259844 0.431530 0.688172 0.628642 0.483422 0.259844 0.431530 0.687195 0.629552 0.483468 0.259844 0.431530 0.687195 0.630512 0.483514 0.259844 0.431530 0.693060 
0.626919 0.483391 0.259844 0.431530 0.691105 0.627756 0.483391 0.259844 0.431530 0.688172 0.628642 0.483422 0.259844 0.431530 0.687195 0.629552 0.483468 0.259844 0.431530 0.687195 0.630512 0.483514 0.259844 0.431530 0.693060 0.631471 0.483545 0.259844 0.431530 0.694037 
0.627756 0.483391 0.259844 0.431530 0.688172 0.628642 0.483422 0.259844 0.431530 0.687195 0.629552 0.483468 0.259844 0.431530 0.687195 0.630512 0.483514 0.259844 0.431530 0.693060 0.631471 0.483545 0.259844 0.431530 0.694037 0.632431 0.483606 0.259844 0.431530 0.697947 
0.628642 0.483422 0.259844 0.431530 0.687195 0.629552 0.483468 0.259844 0.431530 0.687195 0.630512 0.483514 0.259844 0.431530 0.693060 0.631471 0.483545 0.259844 0.431530 0.694037 0.632431 0.483606 0.259844 0.431530 0.697947 0.633366 0.483652 0.259844 0.431530 0.697947 
0.629552 0.483468 0.259844 0.431530 0.687195 0.630512 0.483514 0.259844 0.431530 0.693060 0.631471 0.483545 0.259844 0.431530 0.694037 0.632431 0.483606 0.259844 0.431530 0.697947 0.633366 0.483652 0.259844 0.431530 0.697947 0.634252 0.483714 0.259844 0.431530 0.698925 
0.630512 0.483514 0.259844 0.431530 0.693060 0.631471 0.483545 0.259844 0.431530 0.694037 0.632431 0.483606 0.259844 0.431530 0.697947 0.633366 0.483652 0.259844 0.431530 0.697947 0.634252 0.483714 0.259844 0.431530 0.698925 0.635113 0.483760 0.259844 0.431530 0.699902 
0.631471 0.483545 0.259844 0.431530 0.694037 0.632431 0.483606 0.259844 0.431530 0.697947 0.633366 0.483652 0.259844 0.431530 0.697947 0.634252 0.483714 0.259844 0.431530 0.698925 0.635113 0.483760 0.259844 0.431530 0.699902 0.635901 0.483791 0.259844 0.431530 0.696970 
0.632431 0.483606 0.259844 0.431530 0.697947 0.633366 0.483652 0.259844 0.431530 0.697947 0.634252 0.483714 0.259844 0.431530 0.698925 0.635113 0.483760 0.259844 0.431530 0.699902 0.635901 0.483791 0.259844 0.431530 0.696970 0.636639 0.483806 0.259844 0.431530 0.697947 
0.633366 0.483652 0.259844 0.431530 0.697947 0.634252 0.483714 0.259844 0.431530 0.698925 0.635113 0.483760 0.259844 0.431530 0.699902 0.635901 0.483791 0.259844 0.431530 0.696970 0.636639 0.483806 0.259844 0.431530 0.697947 0.637377 0.483837 0.259844 0.431530 0.701857 
0.634252 0.483714 0.259844 0.431530 0.698925 0.635113 0.483760 0.259844 0.431530 0.699902 0.635901 0.483791 0.259844 0.431530 0.696970 0.636639 0.483806 0.259844 0.431530 0.697947 0.637377 0.483837 0.259844 0.431530 0.701857 0.638091 0.483852 0.259844 0.431530 0.701857 
0.635113 0.483760 0.259844 0.431530 0.699902 0.635901 0.483791 0.259844 0.431530 0.696970 0.636639 0.483806 0.259844 0.431530 0.697947 0.637377 0.483837 0.259844 0.431530 0.701857 0.638091 0.483852 0.259844 0.431530 0.701857 0.638804 0.483867 0.259844 0.431530 0.701857 
0.635901 0.483791 0.259844 0.431530 0.696970 0.636639 0.483806 0.259844 0.431530 0.697947 0.637377 0.483837 0.259844 0.431530 0.701857 0.638091 0.483852 0.259844 0.431530 0.701857 0.638804 0.483867 0.259844 0.431530 0.701857 0.639542 0.483883 0.259844 0.431530 0.701857 
0.636639 0.483806 0.259844 0.431530 0.697947 0.637377 0.483837 0.259844 0.431530 0.701857 0.638091 0.483852 0.259844 0.431530 0.701857 0.638804 0.483867 0.259844 0.431530 0.701857 0.639542 0.483883 0.259844 0.431530 0.701857 0.640305 0.483914 0.259844 0.431530 0.701857 
0.637377 0.483837 0.259844 0.431530 0.701857 0.638091 0.483852 0.259844 0.431530 0.701857 0.638804 0.483867 0.259844 0.431530 0.701857 0.639542 0.483883 0.259844 0.431530 0.701857 0.640305 0.483914 0.259844 0.431530 0.701857 0.641019 0.483944 0.259844 0.431530 0.702835 
0.638091 0.483852 0.259844 0.431530 0.701857 0.638804 0.483867 0.259844 0.431530 0.701857 0.639542 0.483883 0.259844 0.431530 0.701857 0.640305 0.483914 0.259844 0.431530 0.701857 0.641019 0.483944 0.259844 0.431530 0.702835 0.641732 0.483975 0.259844 0.431530 0.699902 
0.638804 0.483867 0.259844 0.431530 0.701857 0.639542 0.483883 0.259844 0.431530 0.701857 0.640305 0.483914 0.259844 0.431530 0.701857 0.641019 0.483944 0.259844 0.431530 0.702835 0.641732 0.483975 0.259844 0.431530 0.699902 0.642397 0.484021 0.259844 0.431530 0.700880 
0.639542 0.483883 0.259844 0.431530 0.701857 0.640305 0.483914 0.259844 0.431530 0.701857 0.641019 0.483944 0.259844 0.431530 0.702835 0.641732 0.483975 0.259844 0.431530 0.699902 0.642397 0.484021 0.259844 0.431530 0.700880 0.642963 0.484052 0.259844 0.431530 0.704790 
0.640305 0.483914 0.259844 0.431530 0.701857 0.641019 0.483944 0.259844 0.431530 0.702835 0.641732 0.483975 0.259844 0.431530 0.699902 0.642397 0.484021 0.259844 0.431530 0.700880 0.642963 0.484052 0.259844 0.431530 0.704790 0.643529 0.484098 0.259844 0.431530 0.700880 
0.641019 0.483944 0.259844 0.431530 0.702835 0.641732 0.483975 0.259844 0.431530 0.699902 0.642397 0.484021 0.259844 0.431530 0.700880 0.642963 0.484052 0.259844 0.431530 0.704790 0.643529 0.484098 0.259844 0.431530 0.700880 0.644094 0.484114 0.259844 0.431530 0.697947 
0.641732 0.483975 0.259844 0.431530 0.699902 0.642397 0.484021 0.259844 0.431530 0.700880 0.642963 0.484052 0.259844 0.431530 0.704790 0.643529 0.484098 0.259844 0.431530 0.700880 0.644094 0.484114 0.259844 0.431530 0.697947 0.644587 0.484114 0.259844 0.431530 0.697947 
0.642397 0.484021 0.259844 0.431530 0.700880 0.642963 0.484052 0.259844 0.431530 0.704790 0.643529 0.484098 0.259844 0.431530 0.700880 0.644094 0.484114 0.259844 0.431530 0.697947 0.644587 0.484114 0.259844 0.431530 0.697947 0.645128 0.484129 0.259844 0.431530 0.698925 
0.642963 0.484052 0.259844 0.431530 0.704790 0.643529 0.484098 0.259844 0.431530 0.700880 0.644094 0.484114 0.259844 0.431530 0.697947 0.644587 0.484114 0.259844 0.431530 0.697947 0.645128 0.484129 0.259844 0.431530 0.698925 0.645669 0.484129 0.259844 0.431530 0.697947 
0.643529 0.484098 0.259844 0.431530 0.700880 0.644094 0.484114 0.259844 0.431530 0.697947 0.644587 0.484114 0.259844 0.431530 0.697947 0.645128 0.484129 0.259844 0.431530 0.698925 0.645669 0.484129 0.259844 0.431530 0.697947 0.646260 0.484129 0.259844 0.431530 0.696970 
0.644094 0.484114 0.259844 0.431530 0.697947 0.644587 0.484114 0.259844 0.431530 0.697947 0.645128 0.484129 0.259844 0.431530 0.698925 0.645669 0.484129 0.259844 0.431530 0.697947 0.646260 0.484129 0.259844 0.431530 0.696970 0.646900 0.484129 0.259844 0.431530 0.699902 
0.644587 0.484114 0.259844 0.431530 0.697947 0.645128 0.484129 0.259844 0.431530 0.698925 0.645669 0.484129 0.259844 0.431530 0.697947 0.646260 0.484129 0.259844 0.431530 0.696970 0.646900 0.484129 0.259844 0.431530 0.699902 0.647613 0.484129 0.259844 0.431530 0.702835 
0.645128 0.484129 0.259844 0.431530 0.698925 0.645669 0.484129 0.259844 0.431530 0.697947 0.646260 0.484129 0.259844 0.431530 0.696970 0.646900 0.484129 0.259844 0.431530 0.699902 0.647613 0.484129 0.259844 0.431530 0.702835 0.648327 0.484129 0.259844 0.431530 0.705767 
0.645669 0.484129 0.259844 0.431530 0.697947 0.646260 0.484129 0.259844 0.431530 0.696970 0.646900 0.484129 0.259844 0.431530 0.699902 0.647613 0.484129 0.259844 0.431530 0.702835 0.648327 0.484129 0.259844 0.431530 0.705767 0.649065 0.484129 0.259844 0.431530 0.705767 
0.646260 0.484129 0.259844 0.431530 0.696970 0.646900 0.484129 0.259844 0.431530 0.699902 0.647613 0.484129 0.259844 0.431530 0.702835 0.648327 0.484129 0.259844 0.431530 0.705767 0.649065 0.484129 0.259844 0.431530 0.705767 0.649828 0.484129 0.259844 0.431530 0.706745 
0.646900 0.484129 0.259844 0.431530 0.699902 0.647613 0.484129 0.259844 0.431530 0.702835 0.648327 0.484129 0.259844 0.431530 0.705767 0.649065 0.484129 0.259844 0.431530 0.705767 0.649828 0.484129 0.259844 0.431530 0.706745 0.650492 0.484129 0.256638 0.411780 0.704790 
0.647613 0.484129 0.259844 0.431530 0.702835 0.648327 0.484129 0.259844 0.431530 0.705767 0.649065 0.484129 0.259844 0.431530 0.705767 0.649828 0.484129 0.259844 0.431530 0.706745 0.650492 0.484129 0.256638 0.411780 0.704790 0.651157 0.484129 0.256638 0.411780 0.704790 
0.648327 0.484129 0.259844 0.431530 0.705767 0.649065 0.484129 0.259844 0.431530 0.705767 0.649828 0.484129 0.259844 0.431530 0.706745 0.650492 0.484129 0.256638 0.411780 0.704790 0.651157 0.484129 0.256638 0.411780 0.704790 0.651747 0.484144 0.256638 0.411780 0.704790 
0.649065 0.484129 0.259844 0.431530 0.705767 0.649828 0.484129 0.259844 0.431530 0.706745 0.650492 0.484129 0.256638 0.411780 0.704790 0.651157 0.484129 0.256638 0.411780 0.704790 0.651747 0.484144 0.256638 0.411780 0.704790 0.652313 0.484175 0.256638 0.411780 0.705767 
0.649828 0.484129 0.259844 0.431530 0.706745 0.650492 0.484129 0.256638 0.411780 0.704790 0.651157 0.484129 0.256638 0.411780 0.704790 0.651747 0.484144 0.256638 0.411780 0.704790 0.652313 0.484175 0.256638 0.411780 0.705767 0.652805 0.484221 0.256638 0.411780 0.703812 
0.650492 0.484129 0.256638 0.411780 0.704790 0.651157 0.484129 0.256638 0.411780 0.704790 0.651747 0.484144 0.256638 0.411780 0.704790 0.652313 0.484175 0.256638 0.411780 0.705767 0.652805 0.484221 0.256638 0.411780 0.703812 0.653273 0.484252 0.256638 0.411780 0.703812 
0.651157 0.484129 0.256638 0.411780 0.704790 0.651747 0.484144 0.256638 0.411780 0.704790 0.652313 0.484175 0.256638 0.411780 0.705767 0.652805 0.484221 0.256638 0.411780 0.703812 0.653273 0.484252 0.256638 0.411780 0.703812 0.653642 0.484298 0.256638 0.411780 0.705767 
0.651747 0.484144 0.256638 0.411780 0.704790 0.652313 0.484175 0.256638 0.411780 0.705767 0.652805 0.484221 0.256638 0.411780 0.703812 0.653273 0.484252 0.256638 0.411780 0.703812 0.653642 0.484298 0.256638 0.411780 0.705767 0.653937 0.484344 0.256638 0.411780 0.707722 
0.652313 0.484175 0.256638 0.411780 0.705767 0.652805 0.484221 0.256638 0.411780 0.703812 0.653273 0.484252 0.256638 0.411780 0.703812 0.653642 0.484298 0.256638 0.411780 0.705767 0.653937 0.484344 0.256638 0.411780 0.707722 0.654232 0.484375 0.256638 0.411780 0.707722 
0.652805 0.484221 0.256638 0.411780 0.703812 0.653273 0.484252 0.256638 0.411780 0.703812 0.653642 0.484298 0.256638 0.411780 0.705767 0.653937 0.484344 0.256638 0.411780 0.707722 0.654232 0.484375 0.256638 0.411780 0.707722 0.654429 0.484406 0.256638 0.411780 0.706745 
0.653273 0.484252 0.256638 0.411780 0.703812 0.653642 0.484298 0.256638 0.411780 0.705767 0.653937 0.484344 0.256638 0.411780 0.707722 0.654232 0.484375 0.256638 0.411780 0.707722 0.654429 0.484406 0.256638 0.411780 0.706745 0.654601 0.484406 0.256638 0.411780 0.708700 
0.653642 0.484298 0.256638 0.411780 0.705767 0.653937 0.484344 0.256638 0.411780 0.707722 0.654232 0.484375 0.256638 0.411780 0.707722 0.654429 0.484406 0.256638 0.411780 0.706745 0.654601 0.484406 0.256638 0.411780 0.708700 0.654724 0.484406 0.256638 0.411780 0.710655 
0.653937 0.484344 0.256638 0.411780 0.707722 0.654232 0.484375 0.256638 0.411780 0.707722 0.654429 0.484406 0.256638 0.411780 0.706745 0.654601 0.484406 0.256638 0.411780 0.708700 0.654724 0.484406 0.256638 0.411780 0.710655 0.654872 0.484406 0.256638 0.411780 0.712610 
0.654232 0.484375 0.256638 0.411780 0.707722 0.654429 0.484406 0.256638 0.411780 0.706745 0.654601 0.484406 0.256638 0.411780 0.708700 0.654724 0.484406 0.256638 0.411780 0.710655 0.654872 0.484406 0.256638 0.411780 0.712610 0.654970 0.484406 0.256638 0.411780 0.714565 
0.654429 0.484406 0.256638 0.411780 0.706745 0.654601 0.484406 0.256638 0.411780 0.708700 0.654724 0.484406 0.256638 0.411780 0.710655 0.654872 0.484406 0.256638 0.411780 0.712610 0.654970 0.484406 0.256638 0.411780 0.714565 0.655069 0.484406 0.256638 0.411780 0.717498 
0.654601 0.484406 0.256638 0.411780 0.708700 0.654724 0.484406 0.256638 0.411780 0.710655 0.654872 0.484406 0.256638 0.411780 0.712610 0.654970 0.484406 0.256638 0.411780 0.714565 0.655069 0.484406 0.256638 0.411780 0.717498 0.655167 0.484406 0.256638 0.411780 0.721408 
0.654724 0.484406 0.256638 0.411780 0.710655 0.654872 0.484406 0.256638 0.411780 0.712610 0.654970 0.484406 0.256638 0.411780 0.714565 0.655069 0.484406 0.256638 0.411780 0.717498 0.655167 0.484406 0.256638 0.411780 0.721408 0.655266 0.484406 0.256638 0.411780 0.727273 
0.654872 0.484406 0.256638 0.411780 0.712610 0.654970 0.484406 0.256638 0.411780 0.714565 0.655069 0.484406 0.256638 0.411780 0.717498 0.655167 0.484406 0.256638 0.411780 0.721408 0.655266 0.484406 0.256638 0.411780 0.727273 0.655340 0.484406 0.256638 0.411780 0.733138 
0.654970 0.484406 0.256638 0.411780 0.714565 0.655069 0.484406 0.256638 0.411780 0.717498 0.655167 0.484406 0.256638 0.411780 0.721408 0.655266 0.484406 0.256638 0.411780 0.727273 0.655340 0.484406 0.256638 0.411780 0.733138 0.655413 0.484406 0.256638 0.411780 0.739980 
0.655069 0.484406 0.256638 0.411780 0.717498 0.655167 0.484406 0.256638 0.411780 0.721408 0.655266 0.484406 0.256638 0.411780 0.727273 0.655340 0.484406 0.256638 0.411780 0.733138 0.655413 0.484406 0.256638 0.411780 0.739980 0.655463 0.484406 0.256638 0.411780 0.743891 
0.655167 0.484406 0.256638 0.411780 0.721408 0.655266 0.484406 0.256638 0.411780 0.727273 0.655340 0.484406 0.256638 0.411780 0.733138 0.655413 0.484406 0.256638 0.411780 0.739980 0.655463 0.484406 0.256638 0.411780 0.743891 0.655487 0.484406 0.256638 0.411780 0.750733 
0.655266 0.484406 0.256638 0.411780 0.727273 0.655340 0.484406 0.256638 0.411780 0.733138 0.655413 0.484406 0.256638 0.411780 0.739980 0.655463 0.484406 0.256638 0.411780 0.743891 0.655487 0.484406 0.256638 0.411780 0.750733 0.655512 0.484406 0.256638 0.411780 0.755621 
0.655340 0.484406 0.256638 0.411780 0.733138 0.655413 0.484406 0.256638 0.411780 0.739980 0.655463 0.484406 0.256638 0.411780 0.743891 0.655487 0.484406 0.256638 0.411780 0.750733 0.655512 0.484406 0.256638 0.411780 0.755621 0.655536 0.484406 0.256638 0.411780 0.762463 
0.655413 0.484406 0.256638 0.411780 0.739980 0.655463 0.484406 0.256638 0.411780 0.743891 0.655487 0.484406 0.256638 0.411780 0.750733 0.655512 0.484406 0.256638 0.411780 0.755621 0.655536 0.484406 0.256638 0.411780 0.762463 0.655561 0.484406 0.256638 0.411780 0.766373 
0.655463 0.484406 0.256638 0.411780 0.743891 0.655487 0.484406 0.256638 0.411780 0.750733 0.655512 0.484406 0.256638 0.411780 0.755621 0.655536 0.484406 0.256638 0.411780 0.762463 0.655561 0.484406 0.256638 0.411780 0.766373 0.655586 0.484406 0.256638 0.411780 0.766373 
0.655487 0.484406 0.256638 0.411780 0.750733 0.655512 0.484406 0.256638 0.411780 0.755621 0.655536 0.484406 0.256638 0.411780 0.762463 0.655561 0.484406 0.256638 0.411780 0.766373 0.655586 0.484406 0.256638 0.411780 0.766373 0.655610 0.484406 0.256638 0.411780 0.766373 
0.655512 0.484406 0.256638 0.411780 0.755621 0.655536 0.484406 0.256638 0.411780 0.762463 0.655561 0.484406 0.256638 0.411780 0.766373 0.655586 0.484406 0.256638 0.411780 0.766373 0.655610 0.484406 0.256638 0.411780 0.766373 0.655635 0.484421 0.256638 0.411780 0.766373 
0.655536 0.484406 0.256638 0.411780 0.762463 0.655561 0.484406 0.256638 0.411780 0.766373 0.655586 0.484406 0.256638 0.411780 0.766373 0.655610 0.484406 0.256638 0.411780 0.766373 0.655635 0.484421 0.256638 0.411780 0.766373 0.655659 0.484421 0.256638 0.411780 0.765396 
0.655561 0.484406 0.256638 0.411780 0.766373 0.655586 0.484406 0.256638 0.411780 0.766373 0.655610 0.484406 0.256638 0.411780 0.766373 0.655635 0.484421 0.256638 0.411780 0.766373 0.655659 0.484421 0.256638 0.411780 0.765396 0.655659 0.484437 0.256638 0.411780 0.763441 
0.655586 0.484406 0.256638 0.411780 0.766373 0.655610 0.484406 0.256638 0.411780 0.766373 0.655635 0.484421 0.256638 0.411780 0.766373 0.655659 0.484421 0.256638 0.411780 0.765396 0.655659 0.484437 0.256638 0.411780 0.763441 0.655487 0.484437 0.242175 0.419223 0.737048 
0.655610 0.484406 0.256638 0.411780 0.766373 0.655635 0.484421 0.256638 0.411780 0.766373 0.655659 0.484421 0.256638 0.411780 0.765396 0.655659 0.484437 0.256638 0.411780 0.763441 0.655487 0.484437 0.242175 0.419223 0.737048 0.655266 0.484452 0.242175 0.419223 0.736070 
0.655635 0.484421 0.256638 0.411780 0.766373 0.655659 0.484421 0.256638 0.411780 0.765396 0.655659 0.484437 0.256638 0.411780 0.763441 0.655487 0.484437 0.242175 0.419223 0.737048 0.655266 0.484452 0.242175 0.419223 0.736070 0.655069 0.484452 0.242175 0.419223 0.732160 
0.655659 0.484421 0.256638 0.411780 0.765396 0.655659 0.484437 0.256638 0.411780 0.763441 0.655487 0.484437 0.242175 0.419223 0.737048 0.655266 0.484452 0.242175 0.419223 0.736070 0.655069 0.484452 0.242175 0.419223 0.732160 0.654823 0.484452 0.242175 0.419223 0.726295 
0.655659 0.484437 0.256638 0.411780 0.763441 0.655487 0.484437 0.242175 0.419223 0.737048 0.655266 0.484452 0.242175 0.419223 0.736070 0.655069 0.484452 0.242175 0.419223 0.732160 0.654823 0.484452 0.242175 0.419223 0.726295 0.654577 0.484452 0.242175 0.419223 0.721408 
0.655487 0.484437 0.242175 0.419223 0.737048 0.655266 0.484452 0.242175 0.419223 0.736070 0.655069 0.484452 0.242175 0.419223 0.732160 0.654823 0.484452 0.242175 0.419223 0.726295 0.654577 0.484452 0.242175 0.419223 0.721408 0.654331 0.484452 0.242175 0.419223 0.720430 
0.655266 0.484452 0.242175 0.419223 0.736070 0.655069 0.484452 0.242175 0.419223 0.732160 0.654823 0.484452 0.242175 0.419223 0.726295 0.654577 0.484452 0.242175 0.419223 0.721408 0.654331 0.484452 0.242175 0.419223 0.720430 0.654011 0.484452 0.242175 0.419223 0.720430 
0.655069 0.484452 0.242175 0.419223 0.732160 0.654823 0.484452 0.242175 0.419223 0.726295 0.654577 0.484452 0.242175 0.419223 0.721408 0.654331 0.484452 0.242175 0.419223 0.720430 0.654011 0.484452 0.242175 0.419223 0.720430 0.653691 0.484452 0.242175 0.419223 0.718475 
0.654823 0.484452 0.242175 0.419223 0.726295 0.654577 0.484452 0.242175 0.419223 0.721408 0.654331 0.484452 0.242175 0.419223 0.720430 0.654011 0.484452 0.242175 0.419223 0.720430 0.653691 0.484452 0.242175 0.419223 0.718475 0.653297 0.484452 0.242175 0.419223 0.716520 
0.654577 0.484452 0.242175 0.419223 0.721408 0.654331 0.484452 0.242175 0.419223 0.720430 0.654011 0.484452 0.242175 0.419223 0.720430 0.653691 0.484452 0.242175 0.419223 0.718475 0.653297 0.484452 0.242175 0.419223 0.716520 0.652854 0.484452 0.242175 0.419223 0.714565 
0.654331 0.484452 0.242175 0.419223 0.720430 0.654011 0.484452 0.242175 0.419223 0.720430 0.653691 0.484452 0.242175 0.419223 0.718475 0.653297 0.484452 0.242175 0.419223 0.716520 0.652854 0.484452 0.242175 0.419223 0.714565 0.652338 0.484452 0.242175 0.419223 0.702835 
0.654011 0.484452 0.242175 0.419223 0.720430 0.653691 0.484452 0.242175 0.419223 0.718475 0.653297 0.484452 0.242175 0.419223 0.716520 0.652854 0.484452 0.242175 0.419223 0.714565 0.652338 0.484452 0.242175 0.419223 0.702835 0.651796 0.484452 0.242175 0.419223 0.700880 
0.653691 0.484452 0.242175 0.419223 0.718475 0.653297 0.484452 0.242175 0.419223 0.716520 0.652854 0.484452 0.242175 0.419223 0.714565 0.652338 0.484452 0.242175 0.419223 0.702835 0.651796 0.484452 0.242175 0.419223 0.700880 0.651181 0.484452 0.242175 0.419223 0.694037 
0.653297 0.484452 0.242175 0.419223 0.716520 0.652854 0.484452 0.242175 0.419223 0.714565 0.652338 0.484452 0.242175 0.419223 0.702835 0.651796 0.484452 0.242175 0.419223 0.700880 0.651181 0.484452 0.242175 0.419223 0.694037 0.650517 0.484390 0.242175 0.419223 0.693060 
0.652854 0.484452 0.242175 0.419223 0.714565 0.652338 0.484452 0.242175 0.419223 0.702835 0.651796 0.484452 0.242175 0.419223 0.700880 0.651181 0.484452 0.242175 0.419223 0.694037 0.650517 0.484390 0.242175 0.419223 0.693060 0.649902 0.484329 0.242175 0.419223 0.679374 
0.652338 0.484452 0.242175 0.419223 0.702835 0.651796 0.484452 0.242175 0.419223 0.700880 0.651181 0.484452 0.242175 0.419223 0.694037 0.650517 0.484390 0.242175 0.419223 0.693060 0.649902 0.484329 0.242175 0.419223 0.679374 0.649262 0.484267 0.244623 0.438928 0.673509 
0.651796 0.484452 0.242175 0.419223 0.700880 0.651181 0.484452 0.242175 0.419223 0.694037 0.650517 0.484390 0.242175 0.419223 0.693060 0.649902 0.484329 0.242175 0.419223 0.679374 0.649262 0.484267 0.244623 0.438928 0.673509 0.648671 0.484206 0.244623 0.438928 0.674487 
0.651181 0.484452 0.242175 0.419223 0.694037 0.650517 0.484390 0.242175 0.419223 0.693060 0.649902 0.484329 0.242175 0.419223 0.679374 0.649262 0.484267 0.244623 0.438928 0.673509 0.648671 0.484206 0.244623 0.438928 0.674487 0.648081 0.484160 0.244623 0.438928 0.669599 
0.650517 0.484390 0.242175 0.419223 0.693060 0.649902 0.484329 0.242175 0.419223 0.679374 0.649262 0.484267 0.244623 0.438928 0.673509 0.648671 0.484206 0.244623 0.438928 0.674487 0.648081 0.484160 0.244623 0.438928 0.669599 0.647466 0.484098 0.244623 0.438928 0.659824 
0.649902 0.484329 0.242175 0.419223 0.679374 0.649262 0.484267 0.244623 0.438928 0.673509 0.648671 0.484206 0.244623 0.438928 0.674487 0.648081 0.484160 0.244623 0.438928 0.669599 0.647466 0.484098 0.244623 0.438928 0.659824 0.646850 0.484037 0.244623 0.438928 0.661779 
0.649262 0.484267 0.244623 0.438928 0.673509 0.648671 0.484206 0.244623 0.438928 0.674487 0.648081 0.484160 0.244623 0.438928 0.669599 0.647466 0.484098 0.244623 0.438928 0.659824 0.646850 0.484037 0.244623 0.438928 0.661779 0.646161 0.484006 0.244623 0.438928 0.660802 
0.648671 0.484206 0.244623 0.438928 0.674487 0.648081 0.484160 0.244623 0.438928 0.669599 0.647466 0.484098 0.244623 0.438928 0.659824 0.646850 0.484037 0.244623 0.438928 0.661779 0.646161 0.484006 0.244623 0.438928 0.660802 0.645522 0.483975 0.244623 0.438928 0.654936 
0.648081 0.484160 0.244623 0.438928 0.669599 0.647466 0.484098 0.244623 0.438928 0.659824 0.646850 0.484037 0.244623 0.438928 0.661779 0.646161 0.484006 0.244623 0.438928 0.660802 0.645522 0.483975 0.244623 0.438928 0.654936 0.644833 0.483944 0.244623 0.438928 0.646139 
0.647466 0.484098 0.244623 0.438928 0.659824 0.646850 0.484037 0.244623 0.438928 0.661779 0.646161 0.484006 0.244623 0.438928 0.660802 0.645522 0.483975 0.244623 0.438928 0.654936 0.644833 0.483944 0.244623 0.438928 0.646139 0.644144 0.483929 0.244623 0.438928 0.645161 
0.646850 0.484037 0.244623 0.438928 0.661779 0.646161 0.484006 0.244623 0.438928 0.660802 0.645522 0.483975 0.244623 0.438928 0.654936 0.644833 0.483944 0.244623 0.438928 0.646139 0.644144 0.483929 0.244623 0.438928 0.645161 0.643405 0.483898 0.246532 0.458750 0.633431 
0.646161 0.484006 0.244623 0.438928 0.660802 0.645522 0.483975 0.244623 0.438928 0.654936 0.644833 0.483944 0.244623 0.438928 0.646139 0.644144 0.483929 0.244623 0.438928 0.645161 0.643405 0.483898 0.246532 0.458750 0.633431 0.642643 0.483867 0.246532 0.458750 0.634409 
0.645522 0.483975 0.244623 0.438928 0.654936 0.644833 0.483944 0.244623 0.438928 0.646139 0.644144 0.483929 0.244623 0.438928 0.645161 0.643405 0.483898 0.246532 0.458750 0.633431 0.642643 0.483867 0.246532 0.458750 0.634409 0.641880 0.483852 0.246532 0.458750 0.644184 
0.644833 0.483944 0.244623 0.438928 0.646139 0.644144 0.483929 0.244623 0.438928 0.645161 0.643405 0.483898 0.246532 0.458750 0.633431 0.642643 0.483867 0.246532 0.458750 0.634409 0.641880 0.483852 0.246532 0.458750 0.644184 0.641117 0.483821 0.246532 0.458750 0.644184 
0.644144 0.483929 0.244623 0.438928 0.645161 0.643405 0.483898 0.246532 0.458750 0.633431 0.642643 0.483867 0.246532 0.458750 0.634409 0.641880 0.483852 0.246532 0.458750 0.644184 0.641117 0.483821 0.246532 0.458750 0.644184 0.640428 0.483775 0.246532 0.458750 0.633431 
0.643405 0.483898 0.246532 0.458750 0.633431 0.642643 0.483867 0.246532 0.458750 0.634409 0.641880 0.483852 0.246532 0.458750 0.644184 0.641117 0.483821 0.246532 0.458750 0.644184 0.640428 0.483775 0.246532 0.458750 0.633431 0.639715 0.483729 0.244623 0.438928 0.631476 
0.642643 0.483867 0.246532 0.458750 0.634409 0.641880 0.483852 0.246532 0.458750 0.644184 0.641117 0.483821 0.246532 0.458750 0.644184 0.640428 0.483775 0.246532 0.458750 0.633431 0.639715 0.483729 0.244623 0.438928 0.631476 0.639001 0.483683 0.244623 0.438928 0.637341 
0.641880 0.483852 0.246532 0.458750 0.644184 0.641117 0.483821 0.246532 0.458750 0.644184 0.640428 0.483775 0.246532 0.458750 0.633431 0.639715 0.483729 0.244623 0.438928 0.631476 0.639001 0.483683 0.244623 0.438928 0.637341 0.638312 0.483621 0.244623 0.438928 0.637341 
0.641117 0.483821 0.246532 0.458750 0.644184 0.640428 0.483775 0.246532 0.458750 0.633431 0.639715 0.483729 0.244623 0.438928 0.631476 0.639001 0.483683 0.244623 0.438928 0.637341 0.638312 0.483621 0.244623 0.438928 0.637341 0.637574 0.483591 0.244623 0.438928 0.639296 
0.640428 0.483775 0.246532 0.458750 0.633431 0.639715 0.483729 0.244623 0.438928 0.631476 0.639001 0.483683 0.244623 0.438928 0.637341 0.638312 0.483621 0.244623 0.438928 0.637341 0.637574 0.483591 0.244623 0.438928 0.639296 0.636860 0.483560 0.244623 0.438928 0.642229 
0.639715 0.483729 0.244623 0.438928 0.631476 0.639001 0.483683 0.244623 0.438928 0.637341 0.638312 0.483621 0.244623 0.438928 0.637341 0.637574 0.483591 0.244623 0.438928 0.639296 0.636860 0.483560 0.244623 0.438928 0.642229 0.636147 0.483545 0.244623 0.438928 0.645161 
0.639001 0.483683 0.244623 0.438928 0.637341 0.638312 0.483621 0.244623 0.438928 0.637341 0.637574 0.483591 0.244623 0.438928 0.639296 0.636860 0.483560 0.244623 0.438928 0.642229 0.636147 0.483545 0.244623 0.438928 0.645161 0.635408 0.483529 0.244623 0.438928 0.647116 
0.638312 0.483621 0.244623 0.438928 0.637341 0.637574 0.483591 0.244623 0.438928 0.639296 0.636860 0.483560 0.244623 0.438928 0.642229 0.636147 0.483545 0.244623 0.438928 0.645161 0.635408 0.483529 0.244623 0.438928 0.647116 0.634695 0.483529 0.244623 0.438928 0.635386 
0.637574 0.483591 0.244623 0.438928 0.639296 0.636860 0.483560 0.244623 0.438928 0.642229 0.636147 0.483545 0.244623 0.438928 0.645161 0.635408 0.483529 0.244623 0.438928 0.647116 0.634695 0.483529 0.244623 0.438928 0.635386 0.634006 0.483529 0.244623 0.438928 0.644184 
0.636860 0.483560 0.244623 0.438928 0.642229 0.636147 0.483545 0.244623 0.438928 0.645161 0.635408 0.483529 0.244623 0.438928 0.647116 0.634695 0.483529 0.244623 0.438928 0.635386 0.634006 0.483529 0.244623 0.438928 0.644184 0.633292 0.483529 0.244623 0.438928 0.644184 
0.636147 0.483545 0.244623 0.438928 0.645161 0.635408 0.483529 0.244623 0.438928 0.647116 0.634695 0.483529 0.244623 0.438928 0.635386 0.634006 0.483529 0.244623 0.438928 0.644184 0.633292 0.483529 0.244623 0.438928 0.644184 0.632603 0.483529 0.244623 0.438928 0.639296 
0.635408 0.483529 0.244623 0.438928 0.647116 0.634695 0.483529 0.244623 0.438928 0.635386 0.634006 0.483529 0.244623 0.438928 0.644184 0.633292 0.483529 0.244623 0.438928 0.644184 0.632603 0.483529 0.244623 0.438928 0.639296 0.631939 0.483529 0.244623 0.438928 0.647116 
0.634695 0.483529 0.244623 0.438928 0.635386 0.634006 0.483529 0.244623 0.438928 0.644184 0.633292 0.483529 0.244623 0.438928 0.644184 0.632603 0.483529 0.244623 0.438928 0.639296 0.631939 0.483529 0.244623 0.438928 0.647116 0.631299 0.483529 0.244623 0.438928 0.649071 
0.634006 0.483529 0.244623 0.438928 0.644184 0.633292 0.483529 0.244623 0.438928 0.644184 0.632603 0.483529 0.244623 0.438928 0.639296 0.631939 0.483529 0.244623 0.438928 0.647116 0.631299 0.483529 0.244623 0.438928 0.649071 0.630709 0.483483 0.244623 0.438928 0.650049 
0.633292 0.483529 0.244623 0.438928 0.644184 0.632603 0.483529 0.244623 0.438928 0.639296 0.631939 0.483529 0.244623 0.438928 0.647116 0.631299 0.483529 0.244623 0.438928 0.649071 0.630709 0.483483 0.244623 0.438928 0.650049 0.630118 0.483422 0.244623 0.438928 0.646139 
0.632603 0.483529 0.244623 0.438928 0.639296 0.631939 0.483529 0.244623 0.438928 0.647116 0.631299 0.483529 0.244623 0.438928 0.649071 0.630709 0.483483 0.244623 0.438928 0.650049 0.630118 0.483422 0.244623 0.438928 0.646139 0.629478 0.483375 0.244623 0.438928 0.648094 
0.631939 0.483529 0.244623 0.438928 0.647116 0.631299 0.483529 0.244623 0.438928 0.649071 0.630709 0.483483 0.244623 0.438928 0.650049 0.630118 0.483422 0.244623 0.438928 0.646139 0.629478 0.483375 0.244623 0.438928 0.648094 0.628863 0.483298 0.244623 0.438928 0.649071 
0.631299 0.483529 0.244623 0.438928 0.649071 0.630709 0.483483 0.244623 0.438928 0.650049 0.630118 0.483422 0.244623 0.438928 0.646139 0.629478 0.483375 0.244623 0.438928 0.648094 0.628863 0.483298 0.244623 0.438928 0.649071 0.628223 0.483237 0.244623 0.438928 0.645161 
0.630709 0.483483 0.244623 0.438928 0.650049 0.630118 0.483422 0.244623 0.438928 0.646139 0.629478 0.483375 0.244623 0.438928 0.648094 0.628863 0.483298 0.244623 0.438928 0.649071 0.628223 0.483237 0.244623 0.438928 0.645161 0.627608 0.483175 0.244623 0.438928 0.646139 
0.630118 0.483422 0.244623 0.438928 0.646139 0.629478 0.483375 0.244623 0.438928 0.648094 0.628863 0.483298 0.244623 0.438928 0.649071 0.628223 0.483237 0.244623 0.438928 0.645161 0.627608 0.483175 0.244623 0.438928 0.646139 0.627018 0.483129 0.244623 0.438928 0.644184 
0.629478 0.483375 0.244623 0.438928 0.648094 0.628863 0.483298 0.244623 0.438928 0.649071 0.628223 0.483237 0.244623 0.438928 0.645161 0.627608 0.483175 0.244623 0.438928 0.646139 0.627018 0.483129 0.244623 0.438928 0.644184 0.626452 0.483099 0.244623 0.438928 0.644184 
0.628863 0.483298 0.244623 0.438928 0.649071 0.628223 0.483237 0.244623 0.438928 0.645161 0.627608 0.483175 0.244623 0.438928 0.646139 0.627018 0.483129 0.244623 0.438928 0.644184 0.626452 0.483099 0.244623 0.438928 0.644184 0.625861 0.483068 0.244623 0.438928 0.642229 
0.628223 0.483237 0.244623 0.438928 0.645161 0.627608 0.483175 0.244623 0.438928 0.646139 0.627018 0.483129 0.244623 0.438928 0.644184 0.626452 0.483099 0.244623 0.438928 0.644184 0.625861 0.483068 0.244623 0.438928 0.642229 0.625320 0.483037 0.244623 0.438928 0.643206 
0.413410 0.397638 0.208358 0.550670 0.000000 0.414592 0.399099 0.193182 0.516652 0.000000 0.416043 0.400760 0.160667 0.487428 0.000000 0.418159 0.402590 0.141644 0.436425 0.000000 0.420645 0.404558 0.104191 0.372081 0.000000 0.662574 0.410172 0.049405 0.049405 0.000000 
0.414592 0.399099 0.193182 0.516652 0.000000 0.416043 0.400760 0.160667 0.487428 0.000000 0.418159 0.402590 0.141644 0.436425 0.000000 0.420645 0.404558 0.104191 0.372081 0.000000 0.662574 0.410172 0.049405 0.049405 0.000000 0.662574 0.410049 0.049405 0.049405 0.000000 
0.416043 0.400760 0.160667 0.487428 0.000000 0.418159 0.402590 0.141644 0.436425 0.000000 0.420645 0.404558 0.104191 0.372081 0.000000 0.662574 0.410172 0.049405 0.049405 0.000000 0.662574 0.410049 0.049405 0.049405 0.000000 0.662279 0.408941 0.039083 0.057907 0.000000 
0.418159 0.402590 0.141644 0.436425 0.000000 0.420645 0.404558 0.104191 0.372081 0.000000 0.662574 0.410172 0.049405 0.049405 0.000000 0.662574 0.410049 0.049405 0.049405 0.000000 0.662279 0.408941 0.039083 0.057907 0.000000 0.660408 0.405158 0.015852 0.031105 0.000000 
0.420645 0.404558 0.104191 0.372081 0.000000 0.662574 0.410172 0.049405 0.049405 0.000000 0.662574 0.410049 0.049405 0.049405 0.000000 0.662279 0.408941 0.039083 0.057907 0.000000 0.660408 0.405158 0.015852 0.031105 0.000000 0.659400 0.402867 0.000000 0.034907 0.000000 
0.662574 0.410172 0.049405 0.049405 0.000000 0.662574 0.410049 0.049405 0.049405 0.000000 0.662279 0.408941 0.039083 0.057907 0.000000 0.660408 0.405158 0.015852 0.031105 0.000000 0.659400 0.402867 0.000000 0.034907 0.000000 0.658735 0.402251 0.000000 0.034907 0.000000 
0.662574 0.410049 0.049405 0.049405 0.000000 0.662279 0.408941 0.039083 0.057907 0.000000 0.660408 0.405158 0.015852 0.031105 0.000000 0.659400 0.402867 0.000000 0.034907 0.000000 0.658735 0.402251 0.000000 0.034907 0.000000 0.658514 0.401805 0.000000 0.034907 0.000000 
0.662279 0.408941 0.039083 0.057907 0.000000 0.660408 0.405158 0.015852 0.031105 0.000000 0.659400 0.402867 0.000000 0.034907 0.000000 0.658735 0.402251 0.000000 0.034907 0.000000 0.658514 0.401805 0.000000 0.034907 0.000000 0.658071 0.401160 -0.015852 0.031105 0.000000 
0.660408 0.405158 0.015852 0.031105 0.000000 0.659400 0.402867 0.000000 0.034907 0.000000 0.658735 0.402251 0.000000 0.034907 0.000000 0.658514 0.401805 0.000000 0.034907 0.000000 0.658071 0.401160 -0.015852 0.031105 0.000000 0.657874 0.400437 -0.015852 0.031105 0.000000 
0.659400 0.402867 0.000000 0.034907 0.000000 0.658735 0.402251 0.000000 0.034907 0.000000 0.658514 0.401805 0.000000 0.034907 0.000000 0.658071 0.401160 -0.015852 0.031105 0.000000 0.657874 0.400437 -0.015852 0.031105 0.000000 0.657505 0.399791 -0.012342 0.012342 0.000000 
0.658735 0.402251 0.000000 0.034907 0.000000 0.658514 0.401805 0.000000 0.034907 0.000000 0.658071 0.401160 -0.015852 0.031105 0.000000 0.657874 0.400437 -0.015852 0.031105 0.000000 0.657505 0.399791 -0.012342 0.012342 0.000000 0.657210 0.399191 -0.012342 0.012342 0.000000 
