0.625763 0.503322 0.142806 -0.636882 0.761486 0.625960 0.502461 0.142806 -0.636882 0.759531 0.626132 0.501584 0.117340 -0.639828 0.760508 0.626304 0.500661 0.117340 -0.639828 0.762463 0.626476 0.499723 0.117340 -0.639828 0.760508 0.626624 0.498770 0.117340 -0.639828 0.762463 
0.625960 0.502461 0.142806 -0.636882 0.759531 0.626132 0.501584 0.117340 -0.639828 0.760508 0.626304 0.500661 0.117340 -0.639828 0.762463 0.626476 0.499723 0.117340 -0.639828 0.760508 0.626624 0.498770 0.117340 -0.639828 0.762463 0.626772 0.497801 0.117340 -0.639828 0.759531 
0.626132 0.501584 0.117340 -0.639828 0.760508 0.626304 0.500661 0.117340 -0.639828 0.762463 0.626476 0.499723 0.117340 -0.639828 0.760508 0.626624 0.498770 0.117340 -0.639828 0.762463 0.626772 0.497801 0.117340 -0.639828 0.759531 0.626895 0.496832 0.117340 -0.639828 0.757576 
0.626304 0.500661 0.117340 -0.639828 0.762463 0.626476 0.499723 0.117340 -0.639828 0.760508 0.626624 0.498770 0.117340 -0.639828 0.762463 0.626772 0.497801 0.117340 -0.639828 0.759531 0.626895 0.496832 0.117340 -0.639828 0.757576 0.626993 0.495848 0.104492 -0.641078 0.753666 
0.626476 0.499723 0.117340 -0.639828 0.760508 0.626624 0.498770 0.117340 -0.639828 0.762463 0.626772 0.497801 0.117340 -0.639828 0.759531 0.626895 0.496832 0.117340 -0.639828 0.757576 0.626993 0.495848 0.104492 -0.641078 0.753666 0.627042 0.494879 0.104492 -0.641078 0.752688 
0.626624 0.498770 0.117340 -0.639828 0.762463 0.626772 0.497801 0.117340 -0.639828 0.759531 0.626895 0.496832 0.117340 -0.639828 0.757576 0.626993 0.495848 0.104492 -0.641078 0.753666 0.627042 0.494879 0.104492 -0.641078 0.752688 0.627042 0.493895 0.104492 -0.641078 0.747801 
0.626772 0.497801 0.117340 -0.639828 0.759531 0.626895 0.496832 0.117340 -0.639828 0.757576 0.626993 0.495848 0.104492 -0.641078 0.753666 0.627042 0.494879 0.104492 -0.641078 0.752688 0.627042 0.493895 0.104492 -0.641078 0.747801 0.627042 0.492956 0.104492 -0.641078 0.745846 
0.626895 0.496832 0.117340 -0.639828 0.757576 0.626993 0.495848 0.104492 -0.641078 0.753666 0.627042 0.494879 0.104492 -0.641078 0.752688 0.627042 0.493895 0.104492 -0.641078 0.747801 0.627042 0.492956 0.104492 -0.641078 0.745846 0.627042 0.492080 0.091578 -0.642180 0.738025 
0.626993 0.495848 0.104492 -0.641078 0.753666 0.627042 0.494879 0.104492 -0.641078 0.752688 0.627042 0.493895 0.104492 -0.641078 0.747801 0.627042 0.492956 0.104492 -0.641078 0.745846 0.627042 0.492080 0.091578 -0.642180 0.738025 0.627042 0.491249 0.091578 -0.642180 0.727273 
0.627042 0.494879 0.104492 -0.641078 0.752688 0.627042 0.493895 0.104492 -0.641078 0.747801 0.627042 0.492956 0.104492 -0.641078 0.745846 0.627042 0.492080 0.091578 -0.642180 0.738025 0.627042 0.491249 0.091578 -0.642180 0.727273 0.627042 0.490496 0.091578 -0.642180 0.728250 
0.627042 0.493895 0.104492 -0.641078 0.747801 0.627042 0.492956 0.104492 -0.641078 0.745846 0.627042 0.492080 0.091578 -0.642180 0.738025 0.627042 0.491249 0.091578 -0.642180 0.727273 0.627042 0.490496 0.091578 -0.642180 0.728250 0.627042 0.489742 0.091578 -0.642180 0.720430 
0.627042 0.492956 0.104492 -0.641078 0.745846 0.627042 0.492080 0.091578 -0.642180 0.738025 0.627042 0.491249 0.091578 -0.642180 0.727273 0.627042 0.490496 0.091578 -0.642180 0.728250 0.627042 0.489742 0.091578 -0.642180 0.720430 0.626895 0.489050 0.091578 -0.642180 0.715542 
0.627042 0.492080 0.091578 -0.642180 0.738025 0.627042 0.491249 0.091578 -0.642180 0.727273 0.627042 0.490496 0.091578 -0.642180 0.728250 0.627042 0.489742 0.091578 -0.642180 0.720430 0.626895 0.489050 0.091578 -0.642180 0.715542 0.626747 0.488389 0.091578 -0.642180 0.715542 
0.627042 0.491249 0.091578 -0.642180 0.727273 0.627042 0.490496 0.091578 -0.642180 0.728250 0.627042 0.489742 0.091578 -0.642180 0.720430 0.626895 0.489050 0.091578 -0.642180 0.715542 0.626747 0.488389 0.091578 -0.642180 0.715542 0.626624 0.487789 0.091578 -0.642180 0.719453 
0.627042 0.490496 0.091578 -0.642180 0.728250 0.627042 0.489742 0.091578 -0.642180 0.720430 0.626895 0.489050 0.091578 -0.642180 0.715542 0.626747 0.488389 0.091578 -0.642180 0.715542 0.626624 0.487789 0.091578 -0.642180 0.719453 0.626501 0.487220 0.091578 -0.642180 0.721408 
0.627042 0.489742 0.091578 -0.642180 0.720430 0.626895 0.489050 0.091578 -0.642180 0.715542 0.626747 0.488389 0.091578 -0.642180 0.715542 0.626624 0.487789 0.091578 -0.642180 0.719453 0.626501 0.487220 0.091578 -0.642180 0.721408 0.626452 0.486666 0.091578 -0.642180 0.721408 
0.626895 0.489050 0.091578 -0.642180 0.715542 0.626747 0.488389 0.091578 -0.642180 0.715542 0.626624 0.487789 0.091578 -0.642180 0.719453 0.626501 0.487220 0.091578 -0.642180 0.721408 0.626452 0.486666 0.091578 -0.642180 0.721408 0.626403 0.486113 0.091578 -0.642180 0.727273 
0.626747 0.488389 0.091578 -0.642180 0.715542 0.626624 0.487789 0.091578 -0.642180 0.719453 0.626501 0.487220 0.091578 -0.642180 0.721408 0.626452 0.486666 0.091578 -0.642180 0.721408 0.626403 0.486113 0.091578 -0.642180 0.727273 0.626403 0.485513 0.091578 -0.642180 0.724340 
0.626624 0.487789 0.091578 -0.642180 0.719453 0.626501 0.487220 0.091578 -0.642180 0.721408 0.626452 0.486666 0.091578 -0.642180 0.721408 0.626403 0.486113 0.091578 -0.642180 0.727273 0.626403 0.485513 0.091578 -0.642180 0.724340 0.626403 0.484883 0.091578 -0.642180 0.727273 
0.626501 0.487220 0.091578 -0.642180 0.721408 0.626452 0.486666 0.091578 -0.642180 0.721408 0.626403 0.486113 0.091578 -0.642180 0.727273 0.626403 0.485513 0.091578 -0.642180 0.724340 0.626403 0.484883 0.091578 -0.642180 0.727273 0.626403 0.484221 0.091578 -0.642180 0.731183 
0.626452 0.486666 0.091578 -0.642180 0.721408 0.626403 0.486113 0.091578 -0.642180 0.727273 0.626403 0.485513 0.091578 -0.642180 0.724340 0.626403 0.484883 0.091578 -0.642180 0.727273 0.626403 0.484221 0.091578 -0.642180 0.731183 0.626403 0.483560 0.091578 -0.642180 0.736070 
0.626403 0.486113 0.091578 -0.642180 0.727273 0.626403 0.485513 0.091578 -0.642180 0.724340 0.626403 0.484883 0.091578 -0.642180 0.727273 0.626403 0.484221 0.091578 -0.642180 0.731183 0.626403 0.483560 0.091578 -0.642180 0.736070 0.626403 0.482899 0.091578 -0.642180 0.739003 
0.626403 0.485513 0.091578 -0.642180 0.724340 0.626403 0.484883 0.091578 -0.642180 0.727273 0.626403 0.484221 0.091578 -0.642180 0.731183 0.626403 0.483560 0.091578 -0.642180 0.736070 0.626403 0.482899 0.091578 -0.642180 0.739003 0.626403 0.482222 0.091578 -0.642180 0.739980 
0.626403 0.484883 0.091578 -0.642180 0.727273 0.626403 0.484221 0.091578 -0.642180 0.731183 0.626403 0.483560 0.091578 -0.642180 0.736070 0.626403 0.482899 0.091578 -0.642180 0.739003 0.626403 0.482222 0.091578 -0.642180 0.739980 0.626403 0.481499 0.091578 -0.642180 0.744868 
0.626403 0.484221 0.091578 -0.642180 0.731183 0.626403 0.483560 0.091578 -0.642180 0.736070 0.626403 0.482899 0.091578 -0.642180 0.739003 0.626403 0.482222 0.091578 -0.642180 0.739980 0.626403 0.481499 0.091578 -0.642180 0.744868 0.626403 0.480776 0.091578 -0.642180 0.760508 
0.626403 0.483560 0.091578 -0.642180 0.736070 0.626403 0.482899 0.091578 -0.642180 0.739003 0.626403 0.482222 0.091578 -0.642180 0.739980 0.626403 0.481499 0.091578 -0.642180 0.744868 0.626403 0.480776 0.091578 -0.642180 0.760508 0.626403 0.480038 0.091578 -0.642180 0.765396 
0.626403 0.482899 0.091578 -0.642180 0.739003 0.626403 0.482222 0.091578 -0.642180 0.739980 0.626403 0.481499 0.091578 -0.642180 0.744868 0.626403 0.480776 0.091578 -0.642180 0.760508 0.626403 0.480038 0.091578 -0.642180 0.765396 0.626403 0.479331 0.091578 -0.642180 0.767351 
0.626403 0.482222 0.091578 -0.642180 0.739980 0.626403 0.481499 0.091578 -0.642180 0.744868 0.626403 0.480776 0.091578 -0.642180 0.760508 0.626403 0.480038 0.091578 -0.642180 0.765396 0.626403 0.479331 0.091578 -0.642180 0.767351 0.626403 0.478577 0.091578 -0.642180 0.767351 
0.626403 0.481499 0.091578 -0.642180 0.744868 0.626403 0.480776 0.091578 -0.642180 0.760508 0.626403 0.480038 0.091578 -0.642180 0.765396 0.626403 0.479331 0.091578 -0.642180 0.767351 0.626403 0.478577 0.091578 -0.642180 0.767351 0.626403 0.477747 0.091578 -0.642180 0.770283 
0.626403 0.480776 0.091578 -0.642180 0.760508 0.626403 0.480038 0.091578 -0.642180 0.765396 0.626403 0.479331 0.091578 -0.642180 0.767351 0.626403 0.478577 0.091578 -0.642180 0.767351 0.626403 0.477747 0.091578 -0.642180 0.770283 0.626403 0.476870 0.091578 -0.642180 0.777126 
0.626403 0.480038 0.091578 -0.642180 0.765396 0.626403 0.479331 0.091578 -0.642180 0.767351 0.626403 0.478577 0.091578 -0.642180 0.767351 0.626403 0.477747 0.091578 -0.642180 0.770283 0.626403 0.476870 0.091578 -0.642180 0.777126 0.626427 0.475947 0.091578 -0.642180 0.780059 
0.626403 0.479331 0.091578 -0.642180 0.767351 0.626403 0.478577 0.091578 -0.642180 0.767351 0.626403 0.477747 0.091578 -0.642180 0.770283 0.626403 0.476870 0.091578 -0.642180 0.777126 0.626427 0.475947 0.091578 -0.642180 0.780059 0.626427 0.474978 0.091578 -0.642180 0.779081 
0.626403 0.478577 0.091578 -0.642180 0.767351 0.626403 0.477747 0.091578 -0.642180 0.770283 0.626403 0.476870 0.091578 -0.642180 0.777126 0.626427 0.475947 0.091578 -0.642180 0.780059 0.626427 0.474978 0.091578 -0.642180 0.779081 0.626452 0.473963 0.091578 -0.642180 0.778104 
0.626403 0.477747 0.091578 -0.642180 0.770283 0.626403 0.476870 0.091578 -0.642180 0.777126 0.626427 0.475947 0.091578 -0.642180 0.780059 0.626427 0.474978 0.091578 -0.642180 0.779081 0.626452 0.473963 0.091578 -0.642180 0.778104 0.626452 0.472918 0.091578 -0.642180 0.780059 
0.626403 0.476870 0.091578 -0.642180 0.777126 0.626427 0.475947 0.091578 -0.642180 0.780059 0.626427 0.474978 0.091578 -0.642180 0.779081 0.626452 0.473963 0.091578 -0.642180 0.778104 0.626452 0.472918 0.091578 -0.642180 0.780059 0.626452 0.471872 0.091578 -0.642180 0.780059 
0.626427 0.475947 0.091578 -0.642180 0.780059 0.626427 0.474978 0.091578 -0.642180 0.779081 0.626452 0.473963 0.091578 -0.642180 0.778104 0.626452 0.472918 0.091578 -0.642180 0.780059 0.626452 0.471872 0.091578 -0.642180 0.780059 0.626452 0.470826 0.065582 -0.643940 0.781036 
0.626427 0.474978 0.091578 -0.642180 0.779081 0.626452 0.473963 0.091578 -0.642180 0.778104 0.626452 0.472918 0.091578 -0.642180 0.780059 0.626452 0.471872 0.091578 -0.642180 0.780059 0.626452 0.470826 0.065582 -0.643940 0.781036 0.626452 0.469842 0.065582 -0.643940 0.776149 
0.626452 0.473963 0.091578 -0.642180 0.778104 0.626452 0.472918 0.091578 -0.642180 0.780059 0.626452 0.471872 0.091578 -0.642180 0.780059 0.626452 0.470826 0.065582 -0.643940 0.781036 0.626452 0.469842 0.065582 -0.643940 0.776149 0.626452 0.468904 0.065582 -0.643940 0.775171 
0.626452 0.472918 0.091578 -0.642180 0.780059 0.626452 0.471872 0.091578 -0.642180 0.780059 0.626452 0.470826 0.065582 -0.643940 0.781036 0.626452 0.469842 0.065582 -0.643940 0.776149 0.626452 0.468904 0.065582 -0.643940 0.775171 0.626452 0.467996 0.065582 -0.643940 0.773216 
0.626452 0.471872 0.091578 -0.642180 0.780059 0.626452 0.470826 0.065582 -0.643940 0.781036 0.626452 0.469842 0.065582 -0.643940 0.776149 0.626452 0.468904 0.065582 -0.643940 0.775171 0.626452 0.467996 0.065582 -0.643940 0.773216 0.626353 0.467135 0.065582 -0.643940 0.768328 
0.626452 0.470826 0.065582 -0.643940 0.781036 0.626452 0.469842 0.065582 -0.643940 0.776149 0.626452 0.468904 0.065582 -0.643940 0.775171 0.626452 0.467996 0.065582 -0.643940 0.773216 0.626353 0.467135 0.065582 -0.643940 0.768328 0.626157 0.466305 0.065582 -0.643940 0.761486 
0.626452 0.469842 0.065582 -0.643940 0.776149 0.626452 0.468904 0.065582 -0.643940 0.775171 0.626452 0.467996 0.065582 -0.643940 0.773216 0.626353 0.467135 0.065582 -0.643940 0.768328 0.626157 0.466305 0.065582 -0.643940 0.761486 0.626009 0.465505 0.052517 -0.644600 0.757576 
0.626452 0.468904 0.065582 -0.643940 0.775171 0.626452 0.467996 0.065582 -0.643940 0.773216 0.626353 0.467135 0.065582 -0.643940 0.768328 0.626157 0.466305 0.065582 -0.643940 0.761486 0.626009 0.465505 0.052517 -0.644600 0.757576 0.625837 0.464721 0.052517 -0.644600 0.749756 
0.626452 0.467996 0.065582 -0.643940 0.773216 0.626353 0.467135 0.065582 -0.643940 0.768328 0.626157 0.466305 0.065582 -0.643940 0.761486 0.626009 0.465505 0.052517 -0.644600 0.757576 0.625837 0.464721 0.052517 -0.644600 0.749756 0.625664 0.463952 0.052517 -0.644600 0.743891 
0.626353 0.467135 0.065582 -0.643940 0.768328 0.626157 0.466305 0.065582 -0.643940 0.761486 0.626009 0.465505 0.052517 -0.644600 0.757576 0.625837 0.464721 0.052517 -0.644600 0.749756 0.625664 0.463952 0.052517 -0.644600 0.743891 0.625517 0.463137 0.052517 -0.644600 0.746823 
0.626157 0.466305 0.065582 -0.643940 0.761486 0.626009 0.465505 0.052517 -0.644600 0.757576 0.625837 0.464721 0.052517 -0.644600 0.749756 0.625664 0.463952 0.052517 -0.644600 0.743891 0.625517 0.463137 0.052517 -0.644600 0.746823 0.625394 0.462306 0.052517 -0.644600 0.742913 
0.626009 0.465505 0.052517 -0.644600 0.757576 0.625837 0.464721 0.052517 -0.644600 0.749756 0.625664 0.463952 0.052517 -0.644600 0.743891 0.625517 0.463137 0.052517 -0.644600 0.746823 0.625394 0.462306 0.052517 -0.644600 0.742913 0.625295 0.461491 0.052517 -0.644600 0.747801 
0.625837 0.464721 0.052517 -0.644600 0.749756 0.625664 0.463952 0.052517 -0.644600 0.743891 0.625517 0.463137 0.052517 -0.644600 0.746823 0.625394 0.462306 0.052517 -0.644600 0.742913 0.625295 0.461491 0.052517 -0.644600 0.747801 0.625246 0.460645 0.052517 -0.644600 0.753666 
0.625664 0.463952 0.052517 -0.644600 0.743891 0.625517 0.463137 0.052517 -0.644600 0.746823 0.625394 0.462306 0.052517 -0.644600 0.742913 0.625295 0.461491 0.052517 -0.644600 0.747801 0.625246 0.460645 0.052517 -0.644600 0.753666 0.625221 0.459830 0.052517 -0.644600 0.745846 
0.625517 0.463137 0.052517 -0.644600 0.746823 0.625394 0.462306 0.052517 -0.644600 0.742913 0.625295 0.461491 0.052517 -0.644600 0.747801 0.625246 0.460645 0.052517 -0.644600 0.753666 0.625221 0.459830 0.052517 -0.644600 0.745846 0.625172 0.459046 0.052517 -0.644600 0.750733 
0.625394 0.462306 0.052517 -0.644600 0.742913 0.625295 0.461491 0.052517 -0.644600 0.747801 0.625246 0.460645 0.052517 -0.644600 0.753666 0.625221 0.459830 0.052517 -0.644600 0.745846 0.625172 0.459046 0.052517 -0.644600 0.750733 0.625172 0.458277 0.052517 -0.644600 0.751711 
0.625295 0.461491 0.052517 -0.644600 0.747801 0.625246 0.460645 0.052517 -0.644600 0.753666 0.625221 0.459830 0.052517 -0.644600 0.745846 0.625172 0.459046 0.052517 -0.644600 0.750733 0.625172 0.458277 0.052517 -0.644600 0.751711 0.625172 0.457523 0.052517 -0.644600 0.753666 
0.625246 0.460645 0.052517 -0.644600 0.753666 0.625221 0.459830 0.052517 -0.644600 0.745846 0.625172 0.459046 0.052517 -0.644600 0.750733 0.625172 0.458277 0.052517 -0.644600 0.751711 0.625172 0.457523 0.052517 -0.644600 0.753666 0.625172 0.456816 0.052517 -0.644600 0.754643 
0.625221 0.459830 0.052517 -0.644600 0.745846 0.625172 0.459046 0.052517 -0.644600 0.750733 0.625172 0.458277 0.052517 -0.644600 0.751711 0.625172 0.457523 0.052517 -0.644600 0.753666 0.625172 0.456816 0.052517 -0.644600 0.754643 0.625172 0.456078 0.052517 -0.644600 0.759531 
0.625172 0.459046 0.052517 -0.644600 0.750733 0.625172 0.458277 0.052517 -0.644600 0.751711 0.625172 0.457523 0.052517 -0.644600 0.753666 0.625172 0.456816 0.052517 -0.644600 0.754643 0.625172 0.456078 0.052517 -0.644600 0.759531 0.625172 0.455340 0.052517 -0.644600 0.760508 
0.625172 0.458277 0.052517 -0.644600 0.751711 0.625172 0.457523 0.052517 -0.644600 0.753666 0.625172 0.456816 0.052517 -0.644600 0.754643 0.625172 0.456078 0.052517 -0.644600 0.759531 0.625172 0.455340 0.052517 -0.644600 0.760508 0.625172 0.454586 0.052517 -0.644600 0.764418 
0.625172 0.457523 0.052517 -0.644600 0.753666 0.625172 0.456816 0.052517 -0.644600 0.754643 0.625172 0.456078 0.052517 -0.644600 0.759531 0.625172 0.455340 0.052517 -0.644600 0.760508 0.625172 0.454586 0.052517 -0.644600 0.764418 0.625172 0.453802 0.052517 -0.644600 0.768328 
0.625172 0.456816 0.052517 -0.644600 0.754643 0.625172 0.456078 0.052517 -0.644600 0.759531 0.625172 0.455340 0.052517 -0.644600 0.760508 0.625172 0.454586 0.052517 -0.644600 0.764418 0.625172 0.453802 0.052517 -0.644600 0.768328 0.625172 0.452971 0.052517 -0.644600 0.777126 
0.625172 0.456078 0.052517 -0.644600 0.759531 0.625172 0.455340 0.052517 -0.644600 0.760508 0.625172 0.454586 0.052517 -0.644600 0.764418 0.625172 0.453802 0.052517 -0.644600 0.768328 0.625172 0.452971 0.052517 -0.644600 0.777126 0.625172 0.452110 0.052517 -0.644600 0.774194 
0.625172 0.455340 0.052517 -0.644600 0.760508 0.625172 0.454586 0.052517 -0.644600 0.764418 0.625172 0.453802 0.052517 -0.644600 0.768328 0.625172 0.452971 0.052517 -0.644600 0.777126 0.625172 0.452110 0.052517 -0.644600 0.774194 0.625172 0.451233 0.052517 -0.644600 0.775171 
0.625172 0.454586 0.052517 -0.644600 0.764418 0.625172 0.453802 0.052517 -0.644600 0.768328 0.625172 0.452971 0.052517 -0.644600 0.777126 0.625172 0.452110 0.052517 -0.644600 0.774194 0.625172 0.451233 0.052517 -0.644600 0.775171 0.625172 0.450311 0.065582 -0.643940 0.782014 
0.625172 0.453802 0.052517 -0.644600 0.768328 0.625172 0.452971 0.052517 -0.644600 0.777126 0.625172 0.452110 0.052517 -0.644600 0.774194 0.625172 0.451233 0.052517 -0.644600 0.775171 0.625172 0.450311 0.065582 -0.643940 0.782014 0.625172 0.449419 0.065582 -0.643940 0.781036 
0.625172 0.452971 0.052517 -0.644600 0.777126 0.625172 0.452110 0.052517 -0.644600 0.774194 0.625172 0.451233 0.052517 -0.644600 0.775171 0.625172 0.450311 0.065582 -0.643940 0.782014 0.625172 0.449419 0.065582 -0.643940 0.781036 0.625172 0.448511 0.065582 -0.643940 0.782991 
0.625172 0.452110 0.052517 -0.644600 0.774194 0.625172 0.451233 0.052517 -0.644600 0.775171 0.625172 0.450311 0.065582 -0.643940 0.782014 0.625172 0.449419 0.065582 -0.643940 0.781036 0.625172 0.448511 0.065582 -0.643940 0.782991 0.625172 0.447589 0.052517 -0.644600 0.782014 
0.625172 0.451233 0.052517 -0.644600 0.775171 0.625172 0.450311 0.065582 -0.643940 0.782014 0.625172 0.449419 0.065582 -0.643940 0.781036 0.625172 0.448511 0.065582 -0.643940 0.782991 0.625172 0.447589 0.052517 -0.644600 0.782014 0.625172 0.446681 0.052517 -0.644600 0.777126 
0.625172 0.450311 0.065582 -0.643940 0.782014 0.625172 0.449419 0.065582 -0.643940 0.781036 0.625172 0.448511 0.065582 -0.643940 0.782991 0.625172 0.447589 0.052517 -0.644600 0.782014 0.625172 0.446681 0.052517 -0.644600 0.777126 0.625172 0.445835 0.052517 -0.644600 0.783969 
0.625172 0.449419 0.065582 -0.643940 0.781036 0.625172 0.448511 0.065582 -0.643940 0.782991 0.625172 0.447589 0.052517 -0.644600 0.782014 0.625172 0.446681 0.052517 -0.644600 0.777126 0.625172 0.445835 0.052517 -0.644600 0.783969 0.625172 0.445005 0.052517 -0.644600 0.782014 
0.625172 0.448511 0.065582 -0.643940 0.782991 0.625172 0.447589 0.052517 -0.644600 0.782014 0.625172 0.446681 0.052517 -0.644600 0.777126 0.625172 0.445835 0.052517 -0.644600 0.783969 0.625172 0.445005 0.052517 -0.644600 0.782014 0.625172 0.444236 0.052517 -0.644600 0.776149 
0.625172 0.447589 0.052517 -0.644600 0.782014 0.625172 0.446681 0.052517 -0.644600 0.777126 0.625172 0.445835 0.052517 -0.644600 0.783969 0.625172 0.445005 0.052517 -0.644600 0.782014 0.625172 0.444236 0.052517 -0.644600 0.776149 0.625172 0.443513 0.052517 -0.644600 0.775171 
0.625172 0.446681 0.052517 -0.644600 0.777126 0.625172 0.445835 0.052517 -0.644600 0.783969 0.625172 0.445005 0.052517 -0.644600 0.782014 0.625172 0.444236 0.052517 -0.644600 0.776149 0.625172 0.443513 0.052517 -0.644600 0.775171 0.625172 0.442836 0.052517 -0.644600 0.773216 
0.625172 0.445835 0.052517 -0.644600 0.783969 0.625172 0.445005 0.052517 -0.644600 0.782014 0.625172 0.444236 0.052517 -0.644600 0.776149 0.625172 0.443513 0.052517 -0.644600 0.775171 0.625172 0.442836 0.052517 -0.644600 0.773216 0.625172 0.442252 0.052517 -0.644600 0.766373 
0.625172 0.445005 0.052517 -0.644600 0.782014 0.625172 0.444236 0.052517 -0.644600 0.776149 0.625172 0.443513 0.052517 -0.644600 0.775171 0.625172 0.442836 0.052517 -0.644600 0.773216 0.625172 0.442252 0.052517 -0.644600 0.766373 0.625172 0.441791 0.052517 -0.644600 0.764418 
0.625172 0.444236 0.052517 -0.644600 0.776149 0.625172 0.443513 0.052517 -0.644600 0.775171 0.625172 0.442836 0.052517 -0.644600 0.773216 0.625172 0.442252 0.052517 -0.644600 0.766373 0.625172 0.441791 0.052517 -0.644600 0.764418 0.625172 0.441406 0.052517 -0.644600 0.758553 
0.625172 0.443513 0.052517 -0.644600 0.775171 0.625172 0.442836 0.052517 -0.644600 0.773216 0.625172 0.442252 0.052517 -0.644600 0.766373 0.625172 0.441791 0.052517 -0.644600 0.764418 0.625172 0.441406 0.052517 -0.644600 0.758553 0.625172 0.441068 0.052517 -0.644600 0.746823 
0.625172 0.442836 0.052517 -0.644600 0.773216 0.625172 0.442252 0.052517 -0.644600 0.766373 0.625172 0.441791 0.052517 -0.644600 0.764418 0.625172 0.441406 0.052517 -0.644600 0.758553 0.625172 0.441068 0.052517 -0.644600 0.746823 0.625172 0.440791 0.052517 -0.644600 0.733138 
0.625172 0.442252 0.052517 -0.644600 0.766373 0.625172 0.441791 0.052517 -0.644600 0.764418 0.625172 0.441406 0.052517 -0.644600 0.758553 0.625172 0.441068 0.052517 -0.644600 0.746823 0.625172 0.440791 0.052517 -0.644600 0.733138 0.625148 0.440591 0.052517 -0.644600 0.710655 
0.625172 0.441791 0.052517 -0.644600 0.764418 0.625172 0.441406 0.052517 -0.644600 0.758553 0.625172 0.441068 0.052517 -0.644600 0.746823 0.625172 0.440791 0.052517 -0.644600 0.733138 0.625148 0.440591 0.052517 -0.644600 0.710655 0.625098 0.440468 0.052517 -0.644600 0.683284 
0.624951 0.440330 0.052517 -0.644600 0.628543 0.624926 0.440314 0.052517 -0.644600 0.611926 0.624926 0.440453 0.052517 -0.644600 0.340176 0.624926 0.440699 0.052517 -0.644600 0.203324 0.624975 0.441022 0.054446 -0.662042 0.041056 0.625468 0.442021 0.054446 -0.662042 0.000000 
0.624926 0.440314 0.052517 -0.644600 0.611926 0.624926 0.440453 0.052517 -0.644600 0.340176 0.624926 0.440699 0.052517 -0.644600 0.203324 0.624975 0.441022 0.054446 -0.662042 0.041056 0.625468 0.442021 0.054446 -0.662042 0.000000 0.625714 0.442713 0.054446 -0.662042 0.000000 
0.624926 0.440453 0.052517 -0.644600 0.340176 0.624926 0.440699 0.052517 -0.644600 0.203324 0.624975 0.441022 0.054446 -0.662042 0.041056 0.625468 0.442021 0.054446 -0.662042 0.000000 0.625714 0.442713 0.054446 -0.662042 0.000000 0.626058 0.443529 0.054446 -0.662042 0.000000 
0.624926 0.440699 0.052517 -0.644600 0.203324 0.624975 0.441022 0.054446 -0.662042 0.041056 0.625468 0.442021 0.054446 -0.662042 0.000000 0.625714 0.442713 0.054446 -0.662042 0.000000 0.626058 0.443529 0.054446 -0.662042 0.000000 0.626452 0.444467 0.054446 -0.662042 0.000000 
0.624975 0.441022 0.054446 -0.662042 0.041056 0.625468 0.442021 0.054446 -0.662042 0.000000 0.625714 0.442713 0.054446 -0.662042 0.000000 0.626058 0.443529 0.054446 -0.662042 0.000000 0.626452 0.444467 0.054446 -0.662042 0.000000 0.626895 0.445605 0.056428 -0.679486 0.000000 
0.625468 0.442021 0.054446 -0.662042 0.000000 0.625714 0.442713 0.054446 -0.662042 0.000000 0.626058 0.443529 0.054446 -0.662042 0.000000 0.626452 0.444467 0.054446 -0.662042 0.000000 0.626895 0.445605 0.056428 -0.679486 0.000000 0.627387 0.446912 0.056428 -0.679486 0.000000 
0.625714 0.442713 0.054446 -0.662042 0.000000 0.626058 0.443529 0.054446 -0.662042 0.000000 0.626452 0.444467 0.054446 -0.662042 0.000000 0.626895 0.445605 0.056428 -0.679486 0.000000 0.627387 0.446912 0.056428 -0.679486 0.000000 0.627854 0.448388 0.029276 -0.697832 0.000000 
0.626058 0.443529 0.054446 -0.662042 0.000000 0.626452 0.444467 0.054446 -0.662042 0.000000 0.626895 0.445605 0.056428 -0.679486 0.000000 0.627387 0.446912 0.056428 -0.679486 0.000000 0.627854 0.448388 0.029276 -0.697832 0.000000 0.627879 0.450095 0.029276 -0.697832 0.000000 
0.626452 0.444467 0.054446 -0.662042 0.000000 0.626895 0.445605 0.056428 -0.679486 0.000000 0.627387 0.446912 0.056428 -0.679486 0.000000 0.627854 0.448388 0.029276 -0.697832 0.000000 0.627879 0.450095 0.029276 -0.697832 0.000000 0.628543 0.452064 0.030328 -0.715283 0.000000 
0.626895 0.445605 0.056428 -0.679486 0.000000 0.627387 0.446912 0.056428 -0.679486 0.000000 0.627854 0.448388 0.029276 -0.697832 0.000000 0.627879 0.450095 0.029276 -0.697832 0.000000 0.628543 0.452064 0.030328 -0.715283 0.000000 0.628543 0.454294 0.030328 -0.715283 0.000000 
0.627387 0.446912 0.056428 -0.679486 0.000000 0.627854 0.448388 0.029276 -0.697832 0.000000 0.627879 0.450095 0.029276 -0.697832 0.000000 0.628543 0.452064 0.030328 -0.715283 0.000000 0.628543 0.454294 0.030328 -0.715283 0.000000 0.628543 0.456831 0.030328 -0.715283 0.000000 
0.627854 0.448388 0.029276 -0.697832 0.000000 0.627879 0.450095 0.029276 -0.697832 0.000000 0.628543 0.452064 0.030328 -0.715283 0.000000 0.628543 0.454294 0.030328 -0.715283 0.000000 0.628543 0.456831 0.030328 -0.715283 0.000000 0.628716 0.459692 0.029276 -0.697832 0.000000 
0.627879 0.450095 0.029276 -0.697832 0.000000 0.628543 0.452064 0.030328 -0.715283 0.000000 0.628543 0.454294 0.030328 -0.715283 0.000000 0.628543 0.456831 0.030328 -0.715283 0.000000 0.628716 0.459692 0.029276 -0.697832 0.000000 0.628937 0.462798 0.028254 -0.680380 0.000000 
0.628543 0.452064 0.030328 -0.715283 0.000000 0.628543 0.454294 0.030328 -0.715283 0.000000 0.628543 0.456831 0.030328 -0.715283 0.000000 0.628716 0.459692 0.029276 -0.697832 0.000000 0.628937 0.462798 0.028254 -0.680380 0.000000 0.628937 0.466074 0.039418 -0.645113 0.000000 
0.628543 0.454294 0.030328 -0.715283 0.000000 0.628543 0.456831 0.030328 -0.715283 0.000000 0.628716 0.459692 0.029276 -0.697832 0.000000 0.628937 0.462798 0.028254 -0.680380 0.000000 0.628937 0.466074 0.039418 -0.645113 0.000000 0.628716 0.469519 0.036630 -0.610221 0.000000 
0.628543 0.456831 0.030328 -0.715283 0.000000 0.628716 0.459692 0.029276 -0.697832 0.000000 0.628937 0.462798 0.028254 -0.680380 0.000000 0.628937 0.466074 0.039418 -0.645113 0.000000 0.628716 0.469519 0.036630 -0.610221 0.000000 0.627436 0.473025 0.033974 -0.575332 0.000000 
0.628716 0.459692 0.029276 -0.697832 0.000000 0.628937 0.462798 0.028254 -0.680380 0.000000 0.628937 0.466074 0.039418 -0.645113 0.000000 0.628716 0.469519 0.036630 -0.610221 0.000000 0.627436 0.473025 0.033974 -0.575332 0.000000 0.626083 0.476593 0.030207 -0.523005 0.000000 
0.620620 0.434732 0.091578 -0.642180 0.746823 0.621629 0.434732 0.091578 -0.642180 0.747801 0.622564 0.434732 0.091578 -0.642180 0.756598 0.623450 0.434732 0.091578 -0.642180 0.751711 0.624286 0.434716 0.091578 -0.642180 0.757576 0.625074 0.434639 0.088313 -0.624765 0.772238 
0.621629 0.434732 0.091578 -0.642180 0.747801 0.622564 0.434732 0.091578 -0.642180 0.756598 0.623450 0.434732 0.091578 -0.642180 0.751711 0.624286 0.434716 0.091578 -0.642180 0.757576 0.625074 0.434639 0.088313 -0.624765 0.772238 0.625812 0.434563 0.088313 -0.624765 0.777126 
0.622564 0.434732 0.091578 -0.642180 0.756598 0.623450 0.434732 0.091578 -0.642180 0.751711 0.624286 0.434716 0.091578 -0.642180 0.757576 0.625074 0.434639 0.088313 -0.624765 0.772238 0.625812 0.434563 0.088313 -0.624765 0.777126 0.626476 0.434516 0.088313 -0.624765 0.778104 
0.623450 0.434732 0.091578 -0.642180 0.751711 0.624286 0.434716 0.091578 -0.642180 0.757576 0.625074 0.434639 0.088313 -0.624765 0.772238 0.625812 0.434563 0.088313 -0.624765 0.777126 0.626476 0.434516 0.088313 -0.624765 0.778104 0.627067 0.434486 0.088313 -0.624765 0.782991 
0.624286 0.434716 0.091578 -0.642180 0.757576 0.625074 0.434639 0.088313 -0.624765 0.772238 0.625812 0.434563 0.088313 -0.624765 0.777126 0.626476 0.434516 0.088313 -0.624765 0.778104 0.627067 0.434486 0.088313 -0.624765 0.782991 0.627608 0.434470 0.100773 -0.623675 0.794721 
0.625074 0.434639 0.088313 -0.624765 0.772238 0.625812 0.434563 0.088313 -0.624765 0.777126 0.626476 0.434516 0.088313 -0.624765 0.778104 0.627067 0.434486 0.088313 -0.624765 0.782991 0.627608 0.434470 0.100773 -0.623675 0.794721 0.628150 0.434470 0.100773 -0.623675 0.806452 
0.625812 0.434563 0.088313 -0.624765 0.777126 0.626476 0.434516 0.088313 -0.624765 0.778104 0.627067 0.434486 0.088313 -0.624765 0.782991 0.627608 0.434470 0.100773 -0.623675 0.794721 0.628150 0.434470 0.100773 -0.623675 0.806452 0.628666 0.434470 0.109102 -0.605057 0.814272 
0.626476 0.434516 0.088313 -0.624765 0.778104 0.627067 0.434486 0.088313 -0.624765 0.782991 0.627608 0.434470 0.100773 -0.623675 0.794721 0.628150 0.434470 0.100773 -0.623675 0.806452 0.628666 0.434470 0.109102 -0.605057 0.814272 0.629109 0.434470 0.109102 -0.605057 0.823069 
0.627067 0.434486 0.088313 -0.624765 0.782991 0.627608 0.434470 0.100773 -0.623675 0.794721 0.628150 0.434470 0.100773 -0.623675 0.806452 0.628666 0.434470 0.109102 -0.605057 0.814272 0.629109 0.434470 0.109102 -0.605057 0.823069 0.629577 0.434470 0.085128 -0.607354 0.839687 
0.627608 0.434470 0.100773 -0.623675 0.794721 0.628150 0.434470 0.100773 -0.623675 0.806452 0.628666 0.434470 0.109102 -0.605057 0.814272 0.629109 0.434470 0.109102 -0.605057 0.823069 0.629577 0.434470 0.085128 -0.607354 0.839687 0.630044 0.434470 0.085128 -0.607354 0.849462 
0.628150 0.434470 0.100773 -0.623675 0.806452 0.628666 0.434470 0.109102 -0.605057 0.814272 0.629109 0.434470 0.109102 -0.605057 0.823069 0.629577 0.434470 0.085128 -0.607354 0.839687 0.630044 0.434470 0.085128 -0.607354 0.849462 0.630512 0.434470 0.085128 -0.607354 0.855327 
0.628666 0.434470 0.109102 -0.605057 0.814272 0.629109 0.434470 0.109102 -0.605057 0.823069 0.629577 0.434470 0.085128 -0.607354 0.839687 0.630044 0.434470 0.085128 -0.607354 0.849462 0.630512 0.434470 0.085128 -0.607354 0.855327 0.630979 0.434516 0.085128 -0.607354 0.857283 
0.629109 0.434470 0.109102 -0.605057 0.823069 0.629577 0.434470 0.085128 -0.607354 0.839687 0.630044 0.434470 0.085128 -0.607354 0.849462 0.630512 0.434470 0.085128 -0.607354 0.855327 0.630979 0.434516 0.085128 -0.607354 0.857283 0.631398 0.434609 0.085128 -0.607354 0.858260 
0.629577 0.434470 0.085128 -0.607354 0.839687 0.630044 0.434470 0.085128 -0.607354 0.849462 0.630512 0.434470 0.085128 -0.607354 0.855327 0.630979 0.434516 0.085128 -0.607354 0.857283 0.631398 0.434609 0.085128 -0.607354 0.858260 0.631841 0.434701 0.085128 -0.607354 0.853372 
0.630044 0.434470 0.085128 -0.607354 0.849462 0.630512 0.434470 0.085128 -0.607354 0.855327 0.630979 0.434516 0.085128 -0.607354 0.857283 0.631398 0.434609 0.085128 -0.607354 0.858260 0.631841 0.434701 0.085128 -0.607354 0.853372 0.632185 0.434793 0.085128 -0.607354 0.853372 
0.630512 0.434470 0.085128 -0.607354 0.855327 0.630979 0.434516 0.085128 -0.607354 0.857283 0.631398 0.434609 0.085128 -0.607354 0.858260 0.631841 0.434701 0.085128 -0.607354 0.853372 0.632185 0.434793 0.085128 -0.607354 0.853372 0.632529 0.434886 0.085128 -0.607354 0.852395 
0.630979 0.434516 0.085128 -0.607354 0.857283 0.631398 0.434609 0.085128 -0.607354 0.858260 0.631841 0.434701 0.085128 -0.607354 0.853372 0.632185 0.434793 0.085128 -0.607354 0.853372 0.632529 0.434886 0.085128 -0.607354 0.852395 0.632776 0.434947 0.085128 -0.607354 0.849462 
0.631398 0.434609 0.085128 -0.607354 0.858260 0.631841 0.434701 0.085128 -0.607354 0.853372 0.632185 0.434793 0.085128 -0.607354 0.853372 0.632529 0.434886 0.085128 -0.607354 0.852395 0.632776 0.434947 0.085128 -0.607354 0.849462 0.632997 0.435024 0.085128 -0.607354 0.847507 
0.631841 0.434701 0.085128 -0.607354 0.853372 0.632185 0.434793 0.085128 -0.607354 0.853372 0.632529 0.434886 0.085128 -0.607354 0.852395 0.632776 0.434947 0.085128 -0.607354 0.849462 0.632997 0.435024 0.085128 -0.607354 0.847507 0.633145 0.435086 0.085128 -0.607354 0.844575 
0.632185 0.434793 0.085128 -0.607354 0.853372 0.632529 0.434886 0.085128 -0.607354 0.852395 0.632776 0.434947 0.085128 -0.607354 0.849462 0.632997 0.435024 0.085128 -0.607354 0.847507 0.633145 0.435086 0.085128 -0.607354 0.844575 0.633268 0.435132 0.085128 -0.607354 0.842620 
0.632529 0.434886 0.085128 -0.607354 0.852395 0.632776 0.434947 0.085128 -0.607354 0.849462 0.632997 0.435024 0.085128 -0.607354 0.847507 0.633145 0.435086 0.085128 -0.607354 0.844575 0.633268 0.435132 0.085128 -0.607354 0.842620 0.633366 0.435178 0.085128 -0.607354 0.836755 
0.632776 0.434947 0.085128 -0.607354 0.849462 0.632997 0.435024 0.085128 -0.607354 0.847507 0.633145 0.435086 0.085128 -0.607354 0.844575 0.633268 0.435132 0.085128 -0.607354 0.842620 0.633366 0.435178 0.085128 -0.607354 0.836755 0.633415 0.435224 0.085128 -0.607354 0.831867 
0.632997 0.435024 0.085128 -0.607354 0.847507 0.633145 0.435086 0.085128 -0.607354 0.844575 0.633268 0.435132 0.085128 -0.607354 0.842620 0.633366 0.435178 0.085128 -0.607354 0.836755 0.633415 0.435224 0.085128 -0.607354 0.831867 0.633489 0.435239 0.085128 -0.607354 0.824047 
0.633145 0.435086 0.085128 -0.607354 0.844575 0.633268 0.435132 0.085128 -0.607354 0.842620 0.633366 0.435178 0.085128 -0.607354 0.836755 0.633415 0.435224 0.085128 -0.607354 0.831867 0.633489 0.435239 0.085128 -0.607354 0.824047 0.633514 0.435255 0.073061 -0.608287 0.821114 
0.633268 0.435132 0.085128 -0.607354 0.842620 0.633366 0.435178 0.085128 -0.607354 0.836755 0.633415 0.435224 0.085128 -0.607354 0.831867 0.633489 0.435239 0.085128 -0.607354 0.824047 0.633514 0.435255 0.073061 -0.608287 0.821114 0.633563 0.435255 0.073061 -0.608287 0.818182 
0.633366 0.435178 0.085128 -0.607354 0.836755 0.633415 0.435224 0.085128 -0.607354 0.831867 0.633489 0.435239 0.085128 -0.607354 0.824047 0.633514 0.435255 0.073061 -0.608287 0.821114 0.633563 0.435255 0.073061 -0.608287 0.818182 0.633612 0.435255 0.073061 -0.608287 0.814272 
0.633415 0.435224 0.085128 -0.607354 0.831867 0.633489 0.435239 0.085128 -0.607354 0.824047 0.633514 0.435255 0.073061 -0.608287 0.821114 0.633563 0.435255 0.073061 -0.608287 0.818182 0.633612 0.435255 0.073061 -0.608287 0.814272 0.633661 0.435255 0.073061 -0.608287 0.813294 
0.633489 0.435239 0.085128 -0.607354 0.824047 0.633514 0.435255 0.073061 -0.608287 0.821114 0.633563 0.435255 0.073061 -0.608287 0.818182 0.633612 0.435255 0.073061 -0.608287 0.814272 0.633661 0.435255 0.073061 -0.608287 0.813294 0.633686 0.435255 0.063238 -0.626507 0.812317 
0.633514 0.435255 0.073061 -0.608287 0.821114 0.633563 0.435255 0.073061 -0.608287 0.818182 0.633612 0.435255 0.073061 -0.608287 0.814272 0.633661 0.435255 0.073061 -0.608287 0.813294 0.633686 0.435255 0.063238 -0.626507 0.812317 0.633760 0.435255 0.063238 -0.626507 0.811339 
0.633563 0.435255 0.073061 -0.608287 0.818182 0.633612 0.435255 0.073061 -0.608287 0.814272 0.633661 0.435255 0.073061 -0.608287 0.813294 0.633686 0.435255 0.063238 -0.626507 0.812317 0.633760 0.435255 0.063238 -0.626507 0.811339 0.633834 0.435255 0.063238 -0.626507 0.812317 
0.633612 0.435255 0.073061 -0.608287 0.814272 0.633661 0.435255 0.073061 -0.608287 0.813294 0.633686 0.435255 0.063238 -0.626507 0.812317 0.633760 0.435255 0.063238 -0.626507 0.811339 0.633834 0.435255 0.063238 -0.626507 0.812317 0.633932 0.435255 0.063238 -0.626507 0.814272 
0.633661 0.435255 0.073061 -0.608287 0.813294 0.633686 0.435255 0.063238 -0.626507 0.812317 0.633760 0.435255 0.063238 -0.626507 0.811339 0.633834 0.435255 0.063238 -0.626507 0.812317 0.633932 0.435255 0.063238 -0.626507 0.814272 0.634055 0.435255 0.063238 -0.626507 0.818182 
0.633686 0.435255 0.063238 -0.626507 0.812317 0.633760 0.435255 0.063238 -0.626507 0.811339 0.633834 0.435255 0.063238 -0.626507 0.812317 0.633932 0.435255 0.063238 -0.626507 0.814272 0.634055 0.435255 0.063238 -0.626507 0.818182 0.634178 0.435255 0.063238 -0.626507 0.820137 
0.633760 0.435255 0.063238 -0.626507 0.811339 0.633834 0.435255 0.063238 -0.626507 0.812317 0.633932 0.435255 0.063238 -0.626507 0.814272 0.634055 0.435255 0.063238 -0.626507 0.818182 0.634178 0.435255 0.063238 -0.626507 0.820137 0.634301 0.435255 0.063238 -0.626507 0.822092 
0.633834 0.435255 0.063238 -0.626507 0.812317 0.633932 0.435255 0.063238 -0.626507 0.814272 0.634055 0.435255 0.063238 -0.626507 0.818182 0.634178 0.435255 0.063238 -0.626507 0.820137 0.634301 0.435255 0.063238 -0.626507 0.822092 0.634449 0.435193 0.063238 -0.626507 0.821114 
0.633932 0.435255 0.063238 -0.626507 0.814272 0.634055 0.435255 0.063238 -0.626507 0.818182 0.634178 0.435255 0.063238 -0.626507 0.820137 0.634301 0.435255 0.063238 -0.626507 0.822092 0.634449 0.435193 0.063238 -0.626507 0.821114 0.634621 0.435116 0.088313 -0.624765 0.823069 
0.634055 0.435255 0.063238 -0.626507 0.818182 0.634178 0.435255 0.063238 -0.626507 0.820137 0.634301 0.435255 0.063238 -0.626507 0.822092 0.634449 0.435193 0.063238 -0.626507 0.821114 0.634621 0.435116 0.088313 -0.624765 0.823069 0.634744 0.435055 0.088313 -0.624765 0.823069 
0.634178 0.435255 0.063238 -0.626507 0.820137 0.634301 0.435255 0.063238 -0.626507 0.822092 0.634449 0.435193 0.063238 -0.626507 0.821114 0.634621 0.435116 0.088313 -0.624765 0.823069 0.634744 0.435055 0.088313 -0.624765 0.823069 0.634843 0.434993 0.088313 -0.624765 0.825024 
0.634301 0.435255 0.063238 -0.626507 0.822092 0.634449 0.435193 0.063238 -0.626507 0.821114 0.634621 0.435116 0.088313 -0.624765 0.823069 0.634744 0.435055 0.088313 -0.624765 0.823069 0.634843 0.434993 0.088313 -0.624765 0.825024 0.634941 0.434962 0.088313 -0.624765 0.826979 
0.634449 0.435193 0.063238 -0.626507 0.821114 0.634621 0.435116 0.088313 -0.624765 0.823069 0.634744 0.435055 0.088313 -0.624765 0.823069 0.634843 0.434993 0.088313 -0.624765 0.825024 0.634941 0.434962 0.088313 -0.624765 0.826979 0.634990 0.434932 0.088313 -0.624765 0.829912 
0.634621 0.435116 0.088313 -0.624765 0.823069 0.634744 0.435055 0.088313 -0.624765 0.823069 0.634843 0.434993 0.088313 -0.624765 0.825024 0.634941 0.434962 0.088313 -0.624765 0.826979 0.634990 0.434932 0.088313 -0.624765 0.829912 0.635064 0.434901 0.088313 -0.624765 0.830890 
0.634744 0.435055 0.088313 -0.624765 0.823069 0.634843 0.434993 0.088313 -0.624765 0.825024 0.634941 0.434962 0.088313 -0.624765 0.826979 0.634990 0.434932 0.088313 -0.624765 0.829912 0.635064 0.434901 0.088313 -0.624765 0.830890 0.635138 0.434901 0.088313 -0.624765 0.832845 
0.634843 0.434993 0.088313 -0.624765 0.825024 0.634941 0.434962 0.088313 -0.624765 0.826979 0.634990 0.434932 0.088313 -0.624765 0.829912 0.635064 0.434901 0.088313 -0.624765 0.830890 0.635138 0.434901 0.088313 -0.624765 0.832845 0.635187 0.434886 0.088313 -0.624765 0.833822 
0.634941 0.434962 0.088313 -0.624765 0.826979 0.634990 0.434932 0.088313 -0.624765 0.829912 0.635064 0.434901 0.088313 -0.624765 0.830890 0.635138 0.434901 0.088313 -0.624765 0.832845 0.635187 0.434886 0.088313 -0.624765 0.833822 0.635212 0.434886 0.088313 -0.624765 0.837732 
0.634990 0.434932 0.088313 -0.624765 0.829912 0.635064 0.434901 0.088313 -0.624765 0.830890 0.635138 0.434901 0.088313 -0.624765 0.832845 0.635187 0.434886 0.088313 -0.624765 0.833822 0.635212 0.434886 0.088313 -0.624765 0.837732 0.635236 0.434886 0.088313 -0.624765 0.838710 
0.635064 0.434901 0.088313 -0.624765 0.830890 0.635138 0.434901 0.088313 -0.624765 0.832845 0.635187 0.434886 0.088313 -0.624765 0.833822 0.635212 0.434886 0.088313 -0.624765 0.837732 0.635236 0.434886 0.088313 -0.624765 0.838710 0.635285 0.434886 0.088313 -0.624765 0.841642 
0.635138 0.434901 0.088313 -0.624765 0.832845 0.635187 0.434886 0.088313 -0.624765 0.833822 0.635212 0.434886 0.088313 -0.624765 0.837732 0.635236 0.434886 0.088313 -0.624765 0.838710 0.635285 0.434886 0.088313 -0.624765 0.841642 0.635310 0.434886 0.088313 -0.624765 0.841642 
0.635187 0.434886 0.088313 -0.624765 0.833822 0.635212 0.434886 0.088313 -0.624765 0.837732 0.635236 0.434886 0.088313 -0.624765 0.838710 0.635285 0.434886 0.088313 -0.624765 0.841642 0.635310 0.434886 0.088313 -0.624765 0.841642 0.635335 0.434886 0.088313 -0.624765 0.843597 
0.635212 0.434886 0.088313 -0.624765 0.837732 0.635236 0.434886 0.088313 -0.624765 0.838710 0.635285 0.434886 0.088313 -0.624765 0.841642 0.635310 0.434886 0.088313 -0.624765 0.841642 0.635335 0.434886 0.088313 -0.624765 0.843597 0.635359 0.434886 0.088313 -0.624765 0.833822 
0.635236 0.434886 0.088313 -0.624765 0.838710 0.635285 0.434886 0.088313 -0.624765 0.841642 0.635310 0.434886 0.088313 -0.624765 0.841642 0.635335 0.434886 0.088313 -0.624765 0.843597 0.635359 0.434886 0.088313 -0.624765 0.833822 0.635384 0.434886 0.088313 -0.624765 0.781036 
0.635285 0.434886 0.088313 -0.624765 0.841642 0.635310 0.434886 0.088313 -0.624765 0.841642 0.635335 0.434886 0.088313 -0.624765 0.843597 0.635359 0.434886 0.088313 -0.624765 0.833822 0.635384 0.434886 0.088313 -0.624765 0.781036 0.635408 0.434886 0.088313 -0.624765 0.782014 
0.635310 0.434886 0.088313 -0.624765 0.841642 0.635335 0.434886 0.088313 -0.624765 0.843597 0.635359 0.434886 0.088313 -0.624765 0.833822 0.635384 0.434886 0.088313 -0.624765 0.781036 0.635408 0.434886 0.088313 -0.624765 0.782014 0.635458 0.434886 0.088313 -0.624765 0.789834 
0.635335 0.434886 0.088313 -0.624765 0.843597 0.635359 0.434886 0.088313 -0.624765 0.833822 0.635384 0.434886 0.088313 -0.624765 0.781036 0.635408 0.434886 0.088313 -0.624765 0.782014 0.635458 0.434886 0.088313 -0.624765 0.789834 0.635482 0.434886 0.088313 -0.624765 0.796676 
0.635359 0.434886 0.088313 -0.624765 0.833822 0.635384 0.434886 0.088313 -0.624765 0.781036 0.635408 0.434886 0.088313 -0.624765 0.782014 0.635458 0.434886 0.088313 -0.624765 0.789834 0.635482 0.434886 0.088313 -0.624765 0.796676 0.635532 0.434886 0.088313 -0.624765 0.803519 
0.635384 0.434886 0.088313 -0.624765 0.781036 0.635408 0.434886 0.088313 -0.624765 0.782014 0.635458 0.434886 0.088313 -0.624765 0.789834 0.635482 0.434886 0.088313 -0.624765 0.796676 0.635532 0.434886 0.088313 -0.624765 0.803519 0.635556 0.434886 0.088313 -0.624765 0.809384 
0.635408 0.434886 0.088313 -0.624765 0.782014 0.635458 0.434886 0.088313 -0.624765 0.789834 0.635482 0.434886 0.088313 -0.624765 0.796676 0.635532 0.434886 0.088313 -0.624765 0.803519 0.635556 0.434886 0.088313 -0.624765 0.809384 0.635605 0.434886 0.088313 -0.624765 0.817204 
0.635458 0.434886 0.088313 -0.624765 0.789834 0.635482 0.434886 0.088313 -0.624765 0.796676 0.635532 0.434886 0.088313 -0.624765 0.803519 0.635556 0.434886 0.088313 -0.624765 0.809384 0.635605 0.434886 0.088313 -0.624765 0.817204 0.635630 0.434870 0.088313 -0.624765 0.822092 
0.635482 0.434886 0.088313 -0.624765 0.796676 0.635532 0.434886 0.088313 -0.624765 0.803519 0.635556 0.434886 0.088313 -0.624765 0.809384 0.635605 0.434886 0.088313 -0.624765 0.817204 0.635630 0.434870 0.088313 -0.624765 0.822092 0.635679 0.434839 0.088313 -0.624765 0.824047 
0.635532 0.434886 0.088313 -0.624765 0.803519 0.635556 0.434886 0.088313 -0.624765 0.809384 0.635605 0.434886 0.088313 -0.624765 0.817204 0.635630 0.434870 0.088313 -0.624765 0.822092 0.635679 0.434839 0.088313 -0.624765 0.824047 0.635728 0.434824 0.088313 -0.624765 0.823069 
0.635556 0.434886 0.088313 -0.624765 0.809384 0.635605 0.434886 0.088313 -0.624765 0.817204 0.635630 0.434870 0.088313 -0.624765 0.822092 0.635679 0.434839 0.088313 -0.624765 0.824047 0.635728 0.434824 0.088313 -0.624765 0.823069 0.635728 0.434809 0.088313 -0.624765 0.821114 
0.635605 0.434886 0.088313 -0.624765 0.817204 0.635630 0.434870 0.088313 -0.624765 0.822092 0.635679 0.434839 0.088313 -0.624765 0.824047 0.635728 0.434824 0.088313 -0.624765 0.823069 0.635728 0.434809 0.088313 -0.624765 0.821114 0.635728 0.434793 0.100773 -0.623675 0.820137 
0.635630 0.434870 0.088313 -0.624765 0.822092 0.635679 0.434839 0.088313 -0.624765 0.824047 0.635728 0.434824 0.088313 -0.624765 0.823069 0.635728 0.434809 0.088313 -0.624765 0.821114 0.635728 0.434793 0.100773 -0.623675 0.820137 0.635605 0.434901 0.088313 -0.624765 0.185728 
0.635679 0.434839 0.088313 -0.624765 0.824047 0.635728 0.434824 0.088313 -0.624765 0.823069 0.635728 0.434809 0.088313 -0.624765 0.821114 0.635728 0.434793 0.100773 -0.623675 0.820137 0.635605 0.434901 0.088313 -0.624765 0.185728 0.635359 0.435086 0.088313 -0.624765 0.049853 
0.635728 0.434824 0.088313 -0.624765 0.823069 0.635728 0.434809 0.088313 -0.624765 0.821114 0.635728 0.434793 0.100773 -0.623675 0.820137 0.635605 0.434901 0.088313 -0.624765 0.185728 0.635359 0.435086 0.088313 -0.624765 0.049853 0.634720 0.435593 0.088313 -0.624765 0.000000 
0.635728 0.434809 0.088313 -0.624765 0.821114 0.635728 0.434793 0.100773 -0.623675 0.820137 0.635605 0.434901 0.088313 -0.624765 0.185728 0.635359 0.435086 0.088313 -0.624765 0.049853 0.634720 0.435593 0.088313 -0.624765 0.000000 0.634301 0.435901 0.088313 -0.624765 0.000000 
0.635728 0.434793 0.100773 -0.623675 0.820137 0.635605 0.434901 0.088313 -0.624765 0.185728 0.635359 0.435086 0.088313 -0.624765 0.049853 0.634720 0.435593 0.088313 -0.624765 0.000000 0.634301 0.435901 0.088313 -0.624765 0.000000 0.633883 0.436239 0.088313 -0.624765 0.000000 
0.635605 0.434901 0.088313 -0.624765 0.185728 0.635359 0.435086 0.088313 -0.624765 0.049853 0.634720 0.435593 0.088313 -0.624765 0.000000 0.634301 0.435901 0.088313 -0.624765 0.000000 0.633883 0.436239 0.088313 -0.624765 0.000000 0.633391 0.436654 0.088313 -0.624765 0.000000 
0.635359 0.435086 0.088313 -0.624765 0.049853 0.634720 0.435593 0.088313 -0.624765 0.000000 0.634301 0.435901 0.088313 -0.624765 0.000000 0.633883 0.436239 0.088313 -0.624765 0.000000 0.633391 0.436654 0.088313 -0.624765 0.000000 0.632948 0.437131 0.088313 -0.624765 0.000000 
0.634720 0.435593 0.088313 -0.624765 0.000000 0.634301 0.435901 0.088313 -0.624765 0.000000 0.633883 0.436239 0.088313 -0.624765 0.000000 0.633391 0.436654 0.088313 -0.624765 0.000000 0.632948 0.437131 0.088313 -0.624765 0.000000 0.632505 0.437638 0.091578 -0.642180 0.000000 
0.634301 0.435901 0.088313 -0.624765 0.000000 0.633883 0.436239 0.088313 -0.624765 0.000000 0.633391 0.436654 0.088313 -0.624765 0.000000 0.632948 0.437131 0.088313 -0.624765 0.000000 0.632505 0.437638 0.091578 -0.642180 0.000000 0.632087 0.438192 0.091578 -0.642180 0.000000 
0.633883 0.436239 0.088313 -0.624765 0.000000 0.633391 0.436654 0.088313 -0.624765 0.000000 0.632948 0.437131 0.088313 -0.624765 0.000000 0.632505 0.437638 0.091578 -0.642180 0.000000 0.632087 0.438192 0.091578 -0.642180 0.000000 0.631914 0.438807 0.091578 -0.642180 0.000000 
0.633391 0.436654 0.088313 -0.624765 0.000000 0.632948 0.437131 0.088313 -0.624765 0.000000 0.632505 0.437638 0.091578 -0.642180 0.000000 0.632087 0.438192 0.091578 -0.642180 0.000000 0.631914 0.438807 0.091578 -0.642180 0.000000 0.631373 0.439499 0.091578 -0.642180 0.000000 
0.632948 0.437131 0.088313 -0.624765 0.000000 0.632505 0.437638 0.091578 -0.642180 0.000000 0.632087 0.438192 0.091578 -0.642180 0.000000 0.631914 0.438807 0.091578 -0.642180 0.000000 0.631373 0.439499 0.091578 -0.642180 0.000000 0.631250 0.440253 0.104492 -0.641078 0.000000 
0.632505 0.437638 0.091578 -0.642180 0.000000 0.632087 0.438192 0.091578 -0.642180 0.000000 0.631914 0.438807 0.091578 -0.642180 0.000000 0.631373 0.439499 0.091578 -0.642180 0.000000 0.631250 0.440253 0.104492 -0.641078 0.000000 0.631152 0.441083 0.104492 -0.641078 0.000000 
0.632087 0.438192 0.091578 -0.642180 0.000000 0.631914 0.438807 0.091578 -0.642180 0.000000 0.631373 0.439499 0.091578 -0.642180 0.000000 0.631250 0.440253 0.104492 -0.641078 0.000000 0.631152 0.441083 0.104492 -0.641078 0.000000 0.631102 0.441975 0.104492 -0.641078 0.000000 
0.631914 0.438807 0.091578 -0.642180 0.000000 0.631373 0.439499 0.091578 -0.642180 0.000000 0.631250 0.440253 0.104492 -0.641078 0.000000 0.631152 0.441083 0.104492 -0.641078 0.000000 0.631102 0.441975 0.104492 -0.641078 0.000000 0.631029 0.442883 0.108308 -0.658486 0.000000 
0.631373 0.439499 0.091578 -0.642180 0.000000 0.631250 0.440253 0.104492 -0.641078 0.000000 0.631152 0.441083 0.104492 -0.641078 0.000000 0.631102 0.441975 0.104492 -0.641078 0.000000 0.631029 0.442883 0.108308 -0.658486 0.000000 0.630979 0.443836 0.121617 -0.657224 0.000000 
0.631250 0.440253 0.104492 -0.641078 0.000000 0.631152 0.441083 0.104492 -0.641078 0.000000 0.631102 0.441975 0.104492 -0.641078 0.000000 0.631029 0.442883 0.108308 -0.658486 0.000000 0.630979 0.443836 0.121617 -0.657224 0.000000 0.630955 0.444805 0.121617 -0.657224 0.000000 
0.631152 0.441083 0.104492 -0.641078 0.000000 0.631102 0.441975 0.104492 -0.641078 0.000000 0.631029 0.442883 0.108308 -0.658486 0.000000 0.630979 0.443836 0.121617 -0.657224 0.000000 0.630955 0.444805 0.121617 -0.657224 0.000000 0.630807 0.445805 0.121617 -0.657224 0.000000 
0.631102 0.441975 0.104492 -0.641078 0.000000 0.631029 0.442883 0.108308 -0.658486 0.000000 0.630979 0.443836 0.121617 -0.657224 0.000000 0.630955 0.444805 0.121617 -0.657224 0.000000 0.630807 0.445805 0.121617 -0.657224 0.000000 0.630684 0.446789 0.121617 -0.657224 0.000000 
0.631029 0.442883 0.108308 -0.658486 0.000000 0.630979 0.443836 0.121617 -0.657224 0.000000 0.630955 0.444805 0.121617 -0.657224 0.000000 0.630807 0.445805 0.121617 -0.657224 0.000000 0.630684 0.446789 0.121617 -0.657224 0.000000 0.630610 0.447789 0.121617 -0.657224 0.000000 
0.630979 0.443836 0.121617 -0.657224 0.000000 0.630955 0.444805 0.121617 -0.657224 0.000000 0.630807 0.445805 0.121617 -0.657224 0.000000 0.630684 0.446789 0.121617 -0.657224 0.000000 0.630610 0.447789 0.121617 -0.657224 0.000000 0.630610 0.448804 0.134846 -0.655812 0.000000 
0.630955 0.444805 0.121617 -0.657224 0.000000 0.630807 0.445805 0.121617 -0.657224 0.000000 0.630684 0.446789 0.121617 -0.657224 0.000000 0.630610 0.447789 0.121617 -0.657224 0.000000 0.630610 0.448804 0.134846 -0.655812 0.000000 0.630610 0.449849 0.134846 -0.655812 0.000000 
0.630807 0.445805 0.121617 -0.657224 0.000000 0.630684 0.446789 0.121617 -0.657224 0.000000 0.630610 0.447789 0.121617 -0.657224 0.000000 0.630610 0.448804 0.134846 -0.655812 0.000000 0.630610 0.449849 0.134846 -0.655812 0.000000 0.630610 0.450987 0.121617 -0.657224 0.000000 
0.630684 0.446789 0.121617 -0.657224 0.000000 0.630610 0.447789 0.121617 -0.657224 0.000000 0.630610 0.448804 0.134846 -0.655812 0.000000 0.630610 0.449849 0.134846 -0.655812 0.000000 0.630610 0.450987 0.121617 -0.657224 0.000000 0.630610 0.452279 0.121617 -0.657224 0.000000 
0.630610 0.447789 0.121617 -0.657224 0.000000 0.630610 0.448804 0.134846 -0.655812 0.000000 0.630610 0.449849 0.134846 -0.655812 0.000000 0.630610 0.450987 0.121617 -0.657224 0.000000 0.630610 0.452279 0.121617 -0.657224 0.000000 0.630487 0.453740 0.121617 -0.657224 0.000000 
0.630610 0.448804 0.134846 -0.655812 0.000000 0.630610 0.449849 0.134846 -0.655812 0.000000 0.630610 0.450987 0.121617 -0.657224 0.000000 0.630610 0.452279 0.121617 -0.657224 0.000000 0.630487 0.453740 0.121617 -0.657224 0.000000 0.630241 0.455401 0.117340 -0.639828 0.000000 
0.630610 0.449849 0.134846 -0.655812 0.000000 0.630610 0.450987 0.121617 -0.657224 0.000000 0.630610 0.452279 0.121617 -0.657224 0.000000 0.630487 0.453740 0.121617 -0.657224 0.000000 0.630241 0.455401 0.117340 -0.639828 0.000000 0.629749 0.457293 0.117340 -0.639828 0.000000 
0.630610 0.450987 0.121617 -0.657224 0.000000 0.630610 0.452279 0.121617 -0.657224 0.000000 0.630487 0.453740 0.121617 -0.657224 0.000000 0.630241 0.455401 0.117340 -0.639828 0.000000 0.629749 0.457293 0.117340 -0.639828 0.000000 0.628839 0.459446 0.125500 -0.621056 0.000000 
0.630610 0.452279 0.121617 -0.657224 0.000000 0.630487 0.453740 0.121617 -0.657224 0.000000 0.630241 0.455401 0.117340 -0.639828 0.000000 0.629749 0.457293 0.117340 -0.639828 0.000000 0.628839 0.459446 0.125500 -0.621056 0.000000 0.627830 0.461814 0.100773 -0.623675 0.000000 
0.630487 0.453740 0.121617 -0.657224 0.000000 0.630241 0.455401 0.117340 -0.639828 0.000000 0.629749 0.457293 0.117340 -0.639828 0.000000 0.628839 0.459446 0.125500 -0.621056 0.000000 0.627830 0.461814 0.100773 -0.623675 0.000000 0.626649 0.464429 0.109102 -0.605057 0.000000 
0.630241 0.455401 0.117340 -0.639828 0.000000 0.629749 0.457293 0.117340 -0.639828 0.000000 0.628839 0.459446 0.125500 -0.621056 0.000000 0.627830 0.461814 0.100773 -0.623675 0.000000 0.626649 0.464429 0.109102 -0.605057 0.000000 0.625246 0.467212 0.109102 -0.605057 0.000000 
0.617717 0.436547 0.129060 -0.745615 0.000000 0.619513 0.436254 0.124662 -0.728178 0.000000 0.621260 0.435931 0.109294 -0.729319 0.000000 0.622958 0.435624 0.109294 -0.729319 0.000000 0.624606 0.435332 0.105546 -0.711882 0.000000 0.626181 0.435055 0.105546 -0.711882 0.000000 
0.619513 0.436254 0.124662 -0.728178 0.000000 0.621260 0.435931 0.109294 -0.729319 0.000000 0.622958 0.435624 0.109294 -0.729319 0.000000 0.624606 0.435332 0.105546 -0.711882 0.000000 0.626181 0.435055 0.105546 -0.711882 0.000000 0.627731 0.434778 0.090616 -0.712866 0.000000 
0.621260 0.435931 0.109294 -0.729319 0.000000 0.622958 0.435624 0.109294 -0.729319 0.000000 0.624606 0.435332 0.105546 -0.711882 0.000000 0.626181 0.435055 0.105546 -0.711882 0.000000 0.627731 0.434778 0.090616 -0.712866 0.000000 0.629208 0.434563 0.087486 -0.695428 0.000000 
0.622958 0.435624 0.109294 -0.729319 0.000000 0.624606 0.435332 0.105546 -0.711882 0.000000 0.626181 0.435055 0.105546 -0.711882 0.000000 0.627731 0.434778 0.090616 -0.712866 0.000000 0.629208 0.434563 0.087486 -0.695428 0.000000 0.630586 0.434347 0.087486 -0.695428 0.000000 
0.624606 0.435332 0.105546 -0.711882 0.000000 0.626181 0.435055 0.105546 -0.711882 0.000000 0.627731 0.434778 0.090616 -0.712866 0.000000 0.629208 0.434563 0.087486 -0.695428 0.000000 0.630586 0.434347 0.087486 -0.695428 0.000000 0.631890 0.434132 0.087486 -0.695428 0.000000 
0.626181 0.435055 0.105546 -0.711882 0.000000 0.627731 0.434778 0.090616 -0.712866 0.000000 0.629208 0.434563 0.087486 -0.695428 0.000000 0.630586 0.434347 0.087486 -0.695428 0.000000 0.631890 0.434132 0.087486 -0.695428 0.000000 0.633096 0.433932 0.084444 -0.677993 0.000000 
0.627731 0.434778 0.090616 -0.712866 0.000000 0.629208 0.434563 0.087486 -0.695428 0.000000 0.630586 0.434347 0.087486 -0.695428 0.000000 0.631890 0.434132 0.087486 -0.695428 0.000000 0.633096 0.433932 0.084444 -0.677993 0.000000 0.634252 0.433732 0.084444 -0.677993 0.000000 
0.629208 0.434563 0.087486 -0.695428 0.000000 0.630586 0.434347 0.087486 -0.695428 0.000000 0.631890 0.434132 0.087486 -0.695428 0.000000 0.633096 0.433932 0.084444 -0.677993 0.000000 0.634252 0.433732 0.084444 -0.677993 0.000000 0.635310 0.433517 0.084444 -0.677993 0.000000 
0.630586 0.434347 0.087486 -0.695428 0.000000 0.631890 0.434132 0.087486 -0.695428 0.000000 0.633096 0.433932 0.084444 -0.677993 0.000000 0.634252 0.433732 0.084444 -0.677993 0.000000 0.635310 0.433517 0.084444 -0.677993 0.000000 0.636220 0.433317 0.084444 -0.677993 0.000000 
0.631890 0.434132 0.087486 -0.695428 0.000000 0.633096 0.433932 0.084444 -0.677993 0.000000 0.634252 0.433732 0.084444 -0.677993 0.000000 0.635310 0.433517 0.084444 -0.677993 0.000000 0.636220 0.433317 0.084444 -0.677993 0.000000 0.636983 0.433117 0.084444 -0.677993 0.000000 
0.633096 0.433932 0.084444 -0.677993 0.000000 0.634252 0.433732 0.084444 -0.677993 0.000000 0.635310 0.433517 0.084444 -0.677993 0.000000 0.636220 0.433317 0.084444 -0.677993 0.000000 0.636983 0.433117 0.084444 -0.677993 0.000000 0.637623 0.432932 0.084444 -0.677993 0.000000 
0.634252 0.433732 0.084444 -0.677993 0.000000 0.635310 0.433517 0.084444 -0.677993 0.000000 0.636220 0.433317 0.084444 -0.677993 0.000000 0.636983 0.433117 0.084444 -0.677993 0.000000 0.637623 0.432932 0.084444 -0.677993 0.000000 0.638189 0.432748 0.084444 -0.677993 0.000000 
0.635310 0.433517 0.084444 -0.677993 0.000000 0.636220 0.433317 0.084444 -0.677993 0.000000 0.636983 0.433117 0.084444 -0.677993 0.000000 0.637623 0.432932 0.084444 -0.677993 0.000000 0.638189 0.432748 0.084444 -0.677993 0.000000 0.638607 0.432579 0.084444 -0.677993 0.000000 
0.636220 0.433317 0.084444 -0.677993 0.000000 0.636983 0.433117 0.084444 -0.677993 0.000000 0.637623 0.432932 0.084444 -0.677993 0.000000 0.638189 0.432748 0.084444 -0.677993 0.000000 0.638607 0.432579 0.084444 -0.677993 0.000000 0.638952 0.432425 0.084444 -0.677993 0.000000 
0.636983 0.433117 0.084444 -0.677993 0.000000 0.637623 0.432932 0.084444 -0.677993 0.000000 0.638189 0.432748 0.084444 -0.677993 0.000000 0.638607 0.432579 0.084444 -0.677993 0.000000 0.638952 0.432425 0.084444 -0.677993 0.000000 0.639222 0.432302 0.084444 -0.677993 0.000000 
0.637623 0.432932 0.084444 -0.677993 0.000000 0.638189 0.432748 0.084444 -0.677993 0.000000 0.638607 0.432579 0.084444 -0.677993 0.000000 0.638952 0.432425 0.084444 -0.677993 0.000000 0.639222 0.432302 0.084444 -0.677993 0.000000 0.639444 0.432179 0.087486 -0.695428 0.000000 
0.638189 0.432748 0.084444 -0.677993 0.000000 0.638607 0.432579 0.084444 -0.677993 0.000000 0.638952 0.432425 0.084444 -0.677993 0.000000 0.639222 0.432302 0.084444 -0.677993 0.000000 0.639444 0.432179 0.087486 -0.695428 0.000000 0.639665 0.432102 0.084444 -0.677993 0.000000 
0.638607 0.432579 0.084444 -0.677993 0.000000 0.638952 0.432425 0.084444 -0.677993 0.000000 0.639222 0.432302 0.084444 -0.677993 0.000000 0.639444 0.432179 0.087486 -0.695428 0.000000 0.639665 0.432102 0.084444 -0.677993 0.000000 0.639838 0.432056 0.084444 -0.677993 0.000000 
0.638952 0.432425 0.084444 -0.677993 0.000000 0.639222 0.432302 0.084444 -0.677993 0.000000 0.639444 0.432179 0.087486 -0.695428 0.000000 0.639665 0.432102 0.084444 -0.677993 0.000000 0.639838 0.432056 0.084444 -0.677993 0.000000 0.640034 0.432025 0.084444 -0.677993 0.000000 
0.639222 0.432302 0.084444 -0.677993 0.000000 0.639444 0.432179 0.087486 -0.695428 0.000000 0.639665 0.432102 0.084444 -0.677993 0.000000 0.639838 0.432056 0.084444 -0.677993 0.000000 0.640034 0.432025 0.084444 -0.677993 0.000000 0.640182 0.432025 0.084444 -0.677993 0.000000 
0.639444 0.432179 0.087486 -0.695428 0.000000 0.639665 0.432102 0.084444 -0.677993 0.000000 0.639838 0.432056 0.084444 -0.677993 0.000000 0.640034 0.432025 0.084444 -0.677993 0.000000 0.640182 0.432025 0.084444 -0.677993 0.000000 0.640305 0.432025 0.084444 -0.677993 0.000000 
0.639665 0.432102 0.084444 -0.677993 0.000000 0.639838 0.432056 0.084444 -0.677993 0.000000 0.640034 0.432025 0.084444 -0.677993 0.000000 0.640182 0.432025 0.084444 -0.677993 0.000000 0.640305 0.432025 0.084444 -0.677993 0.000000 0.640404 0.432025 0.084444 -0.677993 0.000000 
0.639838 0.432056 0.084444 -0.677993 0.000000 0.640034 0.432025 0.084444 -0.677993 0.000000 0.640182 0.432025 0.084444 -0.677993 0.000000 0.640305 0.432025 0.084444 -0.677993 0.000000 0.640404 0.432025 0.084444 -0.677993 0.000000 0.640502 0.432117 0.084444 -0.677993 0.000000 
0.640034 0.432025 0.084444 -0.677993 0.000000 0.640182 0.432025 0.084444 -0.677993 0.000000 0.640305 0.432025 0.084444 -0.677993 0.000000 0.640404 0.432025 0.084444 -0.677993 0.000000 0.640502 0.432117 0.084444 -0.677993 0.000000 0.640600 0.432302 0.081486 -0.660562 0.000000 
0.640182 0.432025 0.084444 -0.677993 0.000000 0.640305 0.432025 0.084444 -0.677993 0.000000 0.640404 0.432025 0.084444 -0.677993 0.000000 0.640502 0.432117 0.084444 -0.677993 0.000000 0.640600 0.432302 0.081486 -0.660562 0.000000 0.640723 0.432486 0.081486 -0.660562 0.000000 
0.640305 0.432025 0.084444 -0.677993 0.000000 0.640404 0.432025 0.084444 -0.677993 0.000000 0.640502 0.432117 0.084444 -0.677993 0.000000 0.640600 0.432302 0.081486 -0.660562 0.000000 0.640723 0.432486 0.081486 -0.660562 0.000000 0.640846 0.432671 0.081486 -0.660562 0.000000 
0.640404 0.432025 0.084444 -0.677993 0.000000 0.640502 0.432117 0.084444 -0.677993 0.000000 0.640600 0.432302 0.081486 -0.660562 0.000000 0.640723 0.432486 0.081486 -0.660562 0.000000 0.640846 0.432671 0.081486 -0.660562 0.000000 0.640994 0.432856 0.081486 -0.660562 0.000000 
0.640502 0.432117 0.084444 -0.677993 0.000000 0.640600 0.432302 0.081486 -0.660562 0.000000 0.640723 0.432486 0.081486 -0.660562 0.000000 0.640846 0.432671 0.081486 -0.660562 0.000000 0.640994 0.432856 0.081486 -0.660562 0.000000 0.641240 0.432994 0.081486 -0.660562 0.000000 
0.640600 0.432302 0.081486 -0.660562 0.000000 0.640723 0.432486 0.081486 -0.660562 0.000000 0.640846 0.432671 0.081486 -0.660562 0.000000 0.640994 0.432856 0.081486 -0.660562 0.000000 0.641240 0.432994 0.081486 -0.660562 0.000000 0.641535 0.433132 0.081486 -0.660562 0.095797 
0.640723 0.432486 0.081486 -0.660562 0.000000 0.640846 0.432671 0.081486 -0.660562 0.000000 0.640994 0.432856 0.081486 -0.660562 0.000000 0.641240 0.432994 0.081486 -0.660562 0.000000 0.641535 0.433132 0.081486 -0.660562 0.095797 0.641880 0.433240 0.081486 -0.660562 0.136852 
0.640846 0.432671 0.081486 -0.660562 0.000000 0.640994 0.432856 0.081486 -0.660562 0.000000 0.641240 0.432994 0.081486 -0.660562 0.000000 0.641535 0.433132 0.081486 -0.660562 0.095797 0.641880 0.433240 0.081486 -0.660562 0.136852 0.642200 0.433317 0.081486 -0.660562 0.184751 
0.640994 0.432856 0.081486 -0.660562 0.000000 0.641240 0.432994 0.081486 -0.660562 0.000000 0.641535 0.433132 0.081486 -0.660562 0.095797 0.641880 0.433240 0.081486 -0.660562 0.136852 0.642200 0.433317 0.081486 -0.660562 0.184751 0.642520 0.433378 0.081486 -0.660562 0.230694 
0.641240 0.432994 0.081486 -0.660562 0.000000 0.641535 0.433132 0.081486 -0.660562 0.095797 0.641880 0.433240 0.081486 -0.660562 0.136852 0.642200 0.433317 0.081486 -0.660562 0.184751 0.642520 0.433378 0.081486 -0.660562 0.230694 0.642790 0.433425 0.081486 -0.660562 0.261975 
0.641535 0.433132 0.081486 -0.660562 0.095797 0.641880 0.433240 0.081486 -0.660562 0.136852 0.642200 0.433317 0.081486 -0.660562 0.184751 0.642520 0.433378 0.081486 -0.660562 0.230694 0.642790 0.433425 0.081486 -0.660562 0.261975 0.642987 0.433471 0.081486 -0.660562 0.287390 
0.641880 0.433240 0.081486 -0.660562 0.136852 0.642200 0.433317 0.081486 -0.660562 0.184751 0.642520 0.433378 0.081486 -0.660562 0.230694 0.642790 0.433425 0.081486 -0.660562 0.261975 0.642987 0.433471 0.081486 -0.660562 0.287390 0.643159 0.433501 0.081486 -0.660562 0.313783 
0.642200 0.433317 0.081486 -0.660562 0.184751 0.642520 0.433378 0.081486 -0.660562 0.230694 0.642790 0.433425 0.081486 -0.660562 0.261975 0.642987 0.433471 0.081486 -0.660562 0.287390 0.643159 0.433501 0.081486 -0.660562 0.313783 0.643233 0.433501 0.081486 -0.660562 0.340176 
0.642520 0.433378 0.081486 -0.660562 0.230694 0.642790 0.433425 0.081486 -0.660562 0.261975 0.642987 0.433471 0.081486 -0.660562 0.287390 0.643159 0.433501 0.081486 -0.660562 0.313783 0.643233 0.433501 0.081486 -0.660562 0.340176 0.643258 0.433517 0.081486 -0.660562 0.358749 
0.642790 0.433425 0.081486 -0.660562 0.261975 0.642987 0.433471 0.081486 -0.660562 0.287390 0.643159 0.433501 0.081486 -0.660562 0.313783 0.643233 0.433501 0.081486 -0.660562 0.340176 0.643258 0.433517 0.081486 -0.660562 0.358749 0.643184 0.433517 0.108308 -0.658486 0.347996 
0.642987 0.433471 0.081486 -0.660562 0.287390 0.643159 0.433501 0.081486 -0.660562 0.313783 0.643233 0.433501 0.081486 -0.660562 0.340176 0.643258 0.433517 0.081486 -0.660562 0.358749 0.643184 0.433517 0.108308 -0.658486 0.347996 0.643012 0.433517 0.108308 -0.658486 0.349951 
0.643159 0.433501 0.081486 -0.660562 0.313783 0.643233 0.433501 0.081486 -0.660562 0.340176 0.643258 0.433517 0.081486 -0.660562 0.358749 0.643184 0.433517 0.108308 -0.658486 0.347996 0.643012 0.433517 0.108308 -0.658486 0.349951 0.642815 0.433486 0.108308 -0.658486 0.353861 
0.643233 0.433501 0.081486 -0.660562 0.340176 0.643258 0.433517 0.081486 -0.660562 0.358749 0.643184 0.433517 0.108308 -0.658486 0.347996 0.643012 0.433517 0.108308 -0.658486 0.349951 0.642815 0.433486 0.108308 -0.658486 0.353861 0.642569 0.433394 0.108308 -0.658486 0.359726 
0.643258 0.433517 0.081486 -0.660562 0.358749 0.643184 0.433517 0.108308 -0.658486 0.347996 0.643012 0.433517 0.108308 -0.658486 0.349951 0.642815 0.433486 0.108308 -0.658486 0.353861 0.642569 0.433394 0.108308 -0.658486 0.359726 0.642347 0.433302 0.108308 -0.658486 0.369501 
0.643184 0.433517 0.108308 -0.658486 0.347996 0.643012 0.433517 0.108308 -0.658486 0.349951 0.642815 0.433486 0.108308 -0.658486 0.353861 0.642569 0.433394 0.108308 -0.658486 0.359726 0.642347 0.433302 0.108308 -0.658486 0.369501 0.642126 0.433194 0.108308 -0.658486 0.378299 
0.643012 0.433517 0.108308 -0.658486 0.349951 0.642815 0.433486 0.108308 -0.658486 0.353861 0.642569 0.433394 0.108308 -0.658486 0.359726 0.642347 0.433302 0.108308 -0.658486 0.369501 0.642126 0.433194 0.108308 -0.658486 0.378299 0.641880 0.433102 0.108308 -0.658486 0.389052 
0.642815 0.433486 0.108308 -0.658486 0.353861 0.642569 0.433394 0.108308 -0.658486 0.359726 0.642347 0.433302 0.108308 -0.658486 0.369501 0.642126 0.433194 0.108308 -0.658486 0.378299 0.641880 0.433102 0.108308 -0.658486 0.389052 0.641658 0.433009 0.108308 -0.658486 0.399805 
0.642569 0.433394 0.108308 -0.658486 0.359726 0.642347 0.433302 0.108308 -0.658486 0.369501 0.642126 0.433194 0.108308 -0.658486 0.378299 0.641880 0.433102 0.108308 -0.658486 0.389052 0.641658 0.433009 0.108308 -0.658486 0.399805 0.641462 0.432948 0.104492 -0.641078 0.412512 
0.642347 0.433302 0.108308 -0.658486 0.369501 0.642126 0.433194 0.108308 -0.658486 0.378299 0.641880 0.433102 0.108308 -0.658486 0.389052 0.641658 0.433009 0.108308 -0.658486 0.399805 0.641462 0.432948 0.104492 -0.641078 0.412512 0.641289 0.432902 0.104492 -0.641078 0.433040 
0.642126 0.433194 0.108308 -0.658486 0.378299 0.641880 0.433102 0.108308 -0.658486 0.389052 0.641658 0.433009 0.108308 -0.658486 0.399805 0.641462 0.432948 0.104492 -0.641078 0.412512 0.641289 0.432902 0.104492 -0.641078 0.433040 0.641117 0.432871 0.104492 -0.641078 0.452590 
0.641880 0.433102 0.108308 -0.658486 0.389052 0.641658 0.433009 0.108308 -0.658486 0.399805 0.641462 0.432948 0.104492 -0.641078 0.412512 0.641289 0.432902 0.104492 -0.641078 0.433040 0.641117 0.432871 0.104492 -0.641078 0.452590 0.640970 0.432856 0.104492 -0.641078 0.470186 
0.641658 0.433009 0.108308 -0.658486 0.399805 0.641462 0.432948 0.104492 -0.641078 0.412512 0.641289 0.432902 0.104492 -0.641078 0.433040 0.641117 0.432871 0.104492 -0.641078 0.452590 0.640970 0.432856 0.104492 -0.641078 0.470186 0.640846 0.432856 0.104492 -0.641078 0.483871 
0.641462 0.432948 0.104492 -0.641078 0.412512 0.641289 0.432902 0.104492 -0.641078 0.433040 0.641117 0.432871 0.104492 -0.641078 0.452590 0.640970 0.432856 0.104492 -0.641078 0.470186 0.640846 0.432856 0.104492 -0.641078 0.483871 0.640650 0.432856 0.104492 -0.641078 0.495601 
0.641289 0.432902 0.104492 -0.641078 0.433040 0.641117 0.432871 0.104492 -0.641078 0.452590 0.640970 0.432856 0.104492 -0.641078 0.470186 0.640846 0.432856 0.104492 -0.641078 0.483871 0.640650 0.432856 0.104492 -0.641078 0.495601 0.640453 0.432856 0.104492 -0.641078 0.505376 
0.641117 0.432871 0.104492 -0.641078 0.452590 0.640970 0.432856 0.104492 -0.641078 0.470186 0.640846 0.432856 0.104492 -0.641078 0.483871 0.640650 0.432856 0.104492 -0.641078 0.495601 0.640453 0.432856 0.104492 -0.641078 0.505376 0.640207 0.432856 0.104492 -0.641078 0.518084 
0.640970 0.432856 0.104492 -0.641078 0.470186 0.640846 0.432856 0.104492 -0.641078 0.483871 0.640650 0.432856 0.104492 -0.641078 0.495601 0.640453 0.432856 0.104492 -0.641078 0.505376 0.640207 0.432856 0.104492 -0.641078 0.518084 0.639813 0.432932 0.104492 -0.641078 0.525904 
0.640846 0.432856 0.104492 -0.641078 0.483871 0.640650 0.432856 0.104492 -0.641078 0.495601 0.640453 0.432856 0.104492 -0.641078 0.505376 0.640207 0.432856 0.104492 -0.641078 0.518084 0.639813 0.432932 0.104492 -0.641078 0.525904 0.639296 0.433225 0.104492 -0.641078 0.534702 
0.640650 0.432856 0.104492 -0.641078 0.495601 0.640453 0.432856 0.104492 -0.641078 0.505376 0.640207 0.432856 0.104492 -0.641078 0.518084 0.639813 0.432932 0.104492 -0.641078 0.525904 0.639296 0.433225 0.104492 -0.641078 0.534702 0.638632 0.433594 0.104492 -0.641078 0.545455 
0.640453 0.432856 0.104492 -0.641078 0.505376 0.640207 0.432856 0.104492 -0.641078 0.518084 0.639813 0.432932 0.104492 -0.641078 0.525904 0.639296 0.433225 0.104492 -0.641078 0.534702 0.638632 0.433594 0.104492 -0.641078 0.545455 0.637845 0.434070 0.104492 -0.641078 0.560117 
0.640207 0.432856 0.104492 -0.641078 0.518084 0.639813 0.432932 0.104492 -0.641078 0.525904 0.639296 0.433225 0.104492 -0.641078 0.534702 0.638632 0.433594 0.104492 -0.641078 0.545455 0.637845 0.434070 0.104492 -0.641078 0.560117 0.636909 0.434670 0.100773 -0.623675 0.574780 
0.639813 0.432932 0.104492 -0.641078 0.525904 0.639296 0.433225 0.104492 -0.641078 0.534702 0.638632 0.433594 0.104492 -0.641078 0.545455 0.637845 0.434070 0.104492 -0.641078 0.560117 0.636909 0.434670 0.100773 -0.623675 0.574780 0.635827 0.435362 0.100773 -0.623675 0.592375 
0.639296 0.433225 0.104492 -0.641078 0.534702 0.638632 0.433594 0.104492 -0.641078 0.545455 0.637845 0.434070 0.104492 -0.641078 0.560117 0.636909 0.434670 0.100773 -0.623675 0.574780 0.635827 0.435362 0.100773 -0.623675 0.592375 0.634621 0.436147 0.100773 -0.623675 0.620723 
0.638632 0.433594 0.104492 -0.641078 0.545455 0.637845 0.434070 0.104492 -0.641078 0.560117 0.636909 0.434670 0.100773 -0.623675 0.574780 0.635827 0.435362 0.100773 -0.623675 0.592375 0.634621 0.436147 0.100773 -0.623675 0.620723 0.633292 0.436992 0.100773 -0.623675 0.619746 
0.637845 0.434070 0.104492 -0.641078 0.560117 0.636909 0.434670 0.100773 -0.623675 0.574780 0.635827 0.435362 0.100773 -0.623675 0.592375 0.634621 0.436147 0.100773 -0.623675 0.620723 0.633292 0.436992 0.100773 -0.623675 0.619746 0.631865 0.437869 0.100773 -0.623675 0.607038 
0.636909 0.434670 0.100773 -0.623675 0.574780 0.635827 0.435362 0.100773 -0.623675 0.592375 0.634621 0.436147 0.100773 -0.623675 0.620723 0.633292 0.436992 0.100773 -0.623675 0.619746 0.631865 0.437869 0.100773 -0.623675 0.607038 0.630364 0.438746 0.100773 -0.623675 0.602151 
0.635827 0.435362 0.100773 -0.623675 0.592375 0.634621 0.436147 0.100773 -0.623675 0.620723 0.633292 0.436992 0.100773 -0.623675 0.619746 0.631865 0.437869 0.100773 -0.623675 0.607038 0.630364 0.438746 0.100773 -0.623675 0.602151 0.628839 0.439638 0.100773 -0.623675 0.592375 
0.634621 0.436147 0.100773 -0.623675 0.620723 0.633292 0.436992 0.100773 -0.623675 0.619746 0.631865 0.437869 0.100773 -0.623675 0.607038 0.630364 0.438746 0.100773 -0.623675 0.602151 0.628839 0.439638 0.100773 -0.623675 0.592375 0.627264 0.440514 0.100773 -0.623675 0.585533 
0.633292 0.436992 0.100773 -0.623675 0.619746 0.631865 0.437869 0.100773 -0.623675 0.607038 0.630364 0.438746 0.100773 -0.623675 0.602151 0.628839 0.439638 0.100773 -0.623675 0.592375 0.627264 0.440514 0.100773 -0.623675 0.585533 0.625566 0.441360 0.125500 -0.621056 0.576735 
