0.622146 0.452295 0.536845 -0.394843 0.511241 0.622859 0.450972 0.536845 -0.394843 0.527859 0.623524 0.449695 0.536845 -0.394843 0.528837 0.624163 0.448434 0.536845 -0.394843 0.538612 0.624852 0.447189 0.536845 -0.394843 0.537634 0.625591 0.445943 0.536845 -0.394843 0.549365 
0.622859 0.450972 0.536845 -0.394843 0.527859 0.623524 0.449695 0.536845 -0.394843 0.528837 0.624163 0.448434 0.536845 -0.394843 0.538612 0.624852 0.447189 0.536845 -0.394843 0.537634 0.625591 0.445943 0.536845 -0.394843 0.549365 0.626329 0.444728 0.531390 -0.403607 0.547410 
0.623524 0.449695 0.536845 -0.394843 0.528837 0.624163 0.448434 0.536845 -0.394843 0.538612 0.624852 0.447189 0.536845 -0.394843 0.537634 0.625591 0.445943 0.536845 -0.394843 0.549365 0.626329 0.444728 0.531390 -0.403607 0.547410 0.627042 0.443544 0.531390 -0.403607 0.557185 
0.624163 0.448434 0.536845 -0.394843 0.538612 0.624852 0.447189 0.536845 -0.394843 0.537634 0.625591 0.445943 0.536845 -0.394843 0.549365 0.626329 0.444728 0.531390 -0.403607 0.547410 0.627042 0.443544 0.531390 -0.403607 0.557185 0.627780 0.442421 0.531390 -0.403607 0.559140 
0.624852 0.447189 0.536845 -0.394843 0.537634 0.625591 0.445943 0.536845 -0.394843 0.549365 0.626329 0.444728 0.531390 -0.403607 0.547410 0.627042 0.443544 0.531390 -0.403607 0.557185 0.627780 0.442421 0.531390 -0.403607 0.559140 0.628494 0.441360 0.531390 -0.403607 0.549365 
0.625591 0.445943 0.536845 -0.394843 0.549365 0.626329 0.444728 0.531390 -0.403607 0.547410 0.627042 0.443544 0.531390 -0.403607 0.557185 0.627780 0.442421 0.531390 -0.403607 0.559140 0.628494 0.441360 0.531390 -0.403607 0.549365 0.629158 0.440345 0.531390 -0.403607 0.553275 
0.626329 0.444728 0.531390 -0.403607 0.547410 0.627042 0.443544 0.531390 -0.403607 0.557185 0.627780 0.442421 0.531390 -0.403607 0.559140 0.628494 0.441360 0.531390 -0.403607 0.549365 0.629158 0.440345 0.531390 -0.403607 0.553275 0.629847 0.439407 0.531390 -0.403607 0.549365 
0.627042 0.443544 0.531390 -0.403607 0.557185 0.627780 0.442421 0.531390 -0.403607 0.559140 0.628494 0.441360 0.531390 -0.403607 0.549365 0.629158 0.440345 0.531390 -0.403607 0.553275 0.629847 0.439407 0.531390 -0.403607 0.549365 0.630463 0.438500 0.509887 -0.398814 0.555230 
0.627780 0.442421 0.531390 -0.403607 0.559140 0.628494 0.441360 0.531390 -0.403607 0.549365 0.629158 0.440345 0.531390 -0.403607 0.553275 0.629847 0.439407 0.531390 -0.403607 0.549365 0.630463 0.438500 0.509887 -0.398814 0.555230 0.631078 0.437669 0.509887 -0.398814 0.553275 
0.628494 0.441360 0.531390 -0.403607 0.549365 0.629158 0.440345 0.531390 -0.403607 0.553275 0.629847 0.439407 0.531390 -0.403607 0.549365 0.630463 0.438500 0.509887 -0.398814 0.555230 0.631078 0.437669 0.509887 -0.398814 0.553275 0.631644 0.436885 0.509887 -0.398814 0.559140 
0.629158 0.440345 0.531390 -0.403607 0.553275 0.629847 0.439407 0.531390 -0.403607 0.549365 0.630463 0.438500 0.509887 -0.398814 0.555230 0.631078 0.437669 0.509887 -0.398814 0.553275 0.631644 0.436885 0.509887 -0.398814 0.559140 0.632160 0.436177 0.509887 -0.398814 0.556207 
0.629847 0.439407 0.531390 -0.403607 0.549365 0.630463 0.438500 0.509887 -0.398814 0.555230 0.631078 0.437669 0.509887 -0.398814 0.553275 0.631644 0.436885 0.509887 -0.398814 0.559140 0.632160 0.436177 0.509887 -0.398814 0.556207 0.632628 0.435516 0.509887 -0.398814 0.563050 
0.630463 0.438500 0.509887 -0.398814 0.555230 0.631078 0.437669 0.509887 -0.398814 0.553275 0.631644 0.436885 0.509887 -0.398814 0.559140 0.632160 0.436177 0.509887 -0.398814 0.556207 0.632628 0.435516 0.509887 -0.398814 0.563050 0.633096 0.434886 0.509887 -0.398814 0.563050 
0.631078 0.437669 0.509887 -0.398814 0.553275 0.631644 0.436885 0.509887 -0.398814 0.559140 0.632160 0.436177 0.509887 -0.398814 0.556207 0.632628 0.435516 0.509887 -0.398814 0.563050 0.633096 0.434886 0.509887 -0.398814 0.563050 0.633514 0.434286 0.509887 -0.398814 0.559140 
0.631644 0.436885 0.509887 -0.398814 0.559140 0.632160 0.436177 0.509887 -0.398814 0.556207 0.632628 0.435516 0.509887 -0.398814 0.563050 0.633096 0.434886 0.509887 -0.398814 0.563050 0.633514 0.434286 0.509887 -0.398814 0.559140 0.633932 0.433717 0.509887 -0.398814 0.558162 
0.632160 0.436177 0.509887 -0.398814 0.556207 0.632628 0.435516 0.509887 -0.398814 0.563050 0.633096 0.434886 0.509887 -0.398814 0.563050 0.633514 0.434286 0.509887 -0.398814 0.559140 0.633932 0.433717 0.509887 -0.398814 0.558162 0.634350 0.433163 0.509887 -0.398814 0.555230 
0.632628 0.435516 0.509887 -0.398814 0.563050 0.633096 0.434886 0.509887 -0.398814 0.563050 0.633514 0.434286 0.509887 -0.398814 0.559140 0.633932 0.433717 0.509887 -0.398814 0.558162 0.634350 0.433163 0.509887 -0.398814 0.555230 0.634695 0.432640 0.509887 -0.398814 0.553275 
0.633096 0.434886 0.509887 -0.398814 0.563050 0.633514 0.434286 0.509887 -0.398814 0.559140 0.633932 0.433717 0.509887 -0.398814 0.558162 0.634350 0.433163 0.509887 -0.398814 0.555230 0.634695 0.432640 0.509887 -0.398814 0.553275 0.635039 0.432117 0.509887 -0.398814 0.559140 
0.633514 0.434286 0.509887 -0.398814 0.559140 0.633932 0.433717 0.509887 -0.398814 0.558162 0.634350 0.433163 0.509887 -0.398814 0.555230 0.634695 0.432640 0.509887 -0.398814 0.553275 0.635039 0.432117 0.509887 -0.398814 0.559140 0.635408 0.431548 0.509887 -0.398814 0.558162 
0.633932 0.433717 0.509887 -0.398814 0.558162 0.634350 0.433163 0.509887 -0.398814 0.555230 0.634695 0.432640 0.509887 -0.398814 0.553275 0.635039 0.432117 0.509887 -0.398814 0.559140 0.635408 0.431548 0.509887 -0.398814 0.558162 0.635802 0.430933 0.509887 -0.398814 0.555230 
0.634350 0.433163 0.509887 -0.398814 0.555230 0.634695 0.432640 0.509887 -0.398814 0.553275 0.635039 0.432117 0.509887 -0.398814 0.559140 0.635408 0.431548 0.509887 -0.398814 0.558162 0.635802 0.430933 0.509887 -0.398814 0.555230 0.636196 0.430333 0.509887 -0.398814 0.555230 
0.634695 0.432640 0.509887 -0.398814 0.553275 0.635039 0.432117 0.509887 -0.398814 0.559140 0.635408 0.431548 0.509887 -0.398814 0.558162 0.635802 0.430933 0.509887 -0.398814 0.555230 0.636196 0.430333 0.509887 -0.398814 0.555230 0.636565 0.429734 0.509887 -0.398814 0.557185 
0.635039 0.432117 0.509887 -0.398814 0.559140 0.635408 0.431548 0.509887 -0.398814 0.558162 0.635802 0.430933 0.509887 -0.398814 0.555230 0.636196 0.430333 0.509887 -0.398814 0.555230 0.636565 0.429734 0.509887 -0.398814 0.557185 0.636959 0.429165 0.509887 -0.398814 0.563050 
0.635408 0.431548 0.509887 -0.398814 0.558162 0.635802 0.430933 0.509887 -0.398814 0.555230 0.636196 0.430333 0.509887 -0.398814 0.555230 0.636565 0.429734 0.509887 -0.398814 0.557185 0.636959 0.429165 0.509887 -0.398814 0.563050 0.637328 0.428596 0.509887 -0.398814 0.559140 
0.635802 0.430933 0.509887 -0.398814 0.555230 0.636196 0.430333 0.509887 -0.398814 0.555230 0.636565 0.429734 0.509887 -0.398814 0.557185 0.636959 0.429165 0.509887 -0.398814 0.563050 0.637328 0.428596 0.509887 -0.398814 0.559140 0.637672 0.428073 0.498351 -0.415055 0.561095 
0.636196 0.430333 0.509887 -0.398814 0.555230 0.636565 0.429734 0.509887 -0.398814 0.557185 0.636959 0.429165 0.509887 -0.398814 0.563050 0.637328 0.428596 0.509887 -0.398814 0.559140 0.637672 0.428073 0.498351 -0.415055 0.561095 0.638017 0.427565 0.498351 -0.415055 0.560117 
0.636565 0.429734 0.509887 -0.398814 0.557185 0.636959 0.429165 0.509887 -0.398814 0.563050 0.637328 0.428596 0.509887 -0.398814 0.559140 0.637672 0.428073 0.498351 -0.415055 0.561095 0.638017 0.427565 0.498351 -0.415055 0.560117 0.638312 0.427119 0.519971 -0.420610 0.561095 
0.636959 0.429165 0.509887 -0.398814 0.563050 0.637328 0.428596 0.509887 -0.398814 0.559140 0.637672 0.428073 0.498351 -0.415055 0.561095 0.638017 0.427565 0.498351 -0.415055 0.560117 0.638312 0.427119 0.519971 -0.420610 0.561095 0.638583 0.426719 0.519971 -0.420610 0.558162 
0.637328 0.428596 0.509887 -0.398814 0.559140 0.637672 0.428073 0.498351 -0.415055 0.561095 0.638017 0.427565 0.498351 -0.415055 0.560117 0.638312 0.427119 0.519971 -0.420610 0.561095 0.638583 0.426719 0.519971 -0.420610 0.558162 0.638804 0.426350 0.519971 -0.420610 0.557185 
0.637672 0.428073 0.498351 -0.415055 0.561095 0.638017 0.427565 0.498351 -0.415055 0.560117 0.638312 0.427119 0.519971 -0.420610 0.561095 0.638583 0.426719 0.519971 -0.420610 0.558162 0.638804 0.426350 0.519971 -0.420610 0.557185 0.639001 0.426043 0.519971 -0.420610 0.557185 
0.638017 0.427565 0.498351 -0.415055 0.560117 0.638312 0.427119 0.519971 -0.420610 0.561095 0.638583 0.426719 0.519971 -0.420610 0.558162 0.638804 0.426350 0.519971 -0.420610 0.557185 0.639001 0.426043 0.519971 -0.420610 0.557185 0.639173 0.425781 0.519971 -0.420610 0.560117 
0.638312 0.427119 0.519971 -0.420610 0.561095 0.638583 0.426719 0.519971 -0.420610 0.558162 0.638804 0.426350 0.519971 -0.420610 0.557185 0.639001 0.426043 0.519971 -0.420610 0.557185 0.639173 0.425781 0.519971 -0.420610 0.560117 0.639493 0.425305 0.519971 -0.420610 0.559140 
0.638583 0.426719 0.519971 -0.420610 0.558162 0.638804 0.426350 0.519971 -0.420610 0.557185 0.639001 0.426043 0.519971 -0.420610 0.557185 0.639173 0.425781 0.519971 -0.420610 0.560117 0.639493 0.425305 0.519971 -0.420610 0.559140 0.639296 0.425597 0.519971 -0.420610 0.558162 
0.638804 0.426350 0.519971 -0.420610 0.557185 0.639001 0.426043 0.519971 -0.420610 0.557185 0.639173 0.425781 0.519971 -0.420610 0.560117 0.639493 0.425305 0.519971 -0.420610 0.559140 0.639296 0.425597 0.519971 -0.420610 0.558162 0.639395 0.425428 0.519971 -0.420610 0.560117 
0.639001 0.426043 0.519971 -0.420610 0.557185 0.639173 0.425781 0.519971 -0.420610 0.560117 0.639493 0.425305 0.519971 -0.420610 0.559140 0.639296 0.425597 0.519971 -0.420610 0.558162 0.639395 0.425428 0.519971 -0.420610 0.560117 0.639518 0.425228 0.519971 -0.420610 0.557185 
0.639173 0.425781 0.519971 -0.420610 0.560117 0.639493 0.425305 0.519971 -0.420610 0.559140 0.639296 0.425597 0.519971 -0.420610 0.558162 0.639395 0.425428 0.519971 -0.420610 0.560117 0.639518 0.425228 0.519971 -0.420610 0.557185 0.639567 0.425181 0.541753 -0.425761 0.556207 
0.639493 0.425305 0.519971 -0.420610 0.559140 0.639296 0.425597 0.519971 -0.420610 0.558162 0.639395 0.425428 0.519971 -0.420610 0.560117 0.639518 0.425228 0.519971 -0.420610 0.557185 0.639567 0.425181 0.541753 -0.425761 0.556207 0.639567 0.425228 0.541753 -0.425761 0.404692 
0.639296 0.425597 0.519971 -0.420610 0.558162 0.639395 0.425428 0.519971 -0.420610 0.560117 0.639518 0.425228 0.519971 -0.420610 0.557185 0.639567 0.425181 0.541753 -0.425761 0.556207 0.639567 0.425228 0.541753 -0.425761 0.404692 0.639247 0.425366 0.541753 -0.425761 0.338221 
0.639395 0.425428 0.519971 -0.420610 0.560117 0.639518 0.425228 0.519971 -0.420610 0.557185 0.639567 0.425181 0.541753 -0.425761 0.556207 0.639567 0.425228 0.541753 -0.425761 0.404692 0.639247 0.425366 0.541753 -0.425761 0.338221 0.638804 0.425504 0.541753 -0.425761 0.238514 
0.639518 0.425228 0.519971 -0.420610 0.557185 0.639567 0.425181 0.541753 -0.425761 0.556207 0.639567 0.425228 0.541753 -0.425761 0.404692 0.639247 0.425366 0.541753 -0.425761 0.338221 0.638804 0.425504 0.541753 -0.425761 0.238514 0.638238 0.425674 0.541753 -0.425761 0.111437 
0.639567 0.425181 0.541753 -0.425761 0.556207 0.639567 0.425228 0.541753 -0.425761 0.404692 0.639247 0.425366 0.541753 -0.425761 0.338221 0.638804 0.425504 0.541753 -0.425761 0.238514 0.638238 0.425674 0.541753 -0.425761 0.111437 0.637574 0.425858 0.541753 -0.425761 0.003910 
0.639567 0.425228 0.541753 -0.425761 0.404692 0.639247 0.425366 0.541753 -0.425761 0.338221 0.638804 0.425504 0.541753 -0.425761 0.238514 0.638238 0.425674 0.541753 -0.425761 0.111437 0.637574 0.425858 0.541753 -0.425761 0.003910 0.636048 0.426243 0.541753 -0.425761 0.000000 
0.639247 0.425366 0.541753 -0.425761 0.338221 0.638804 0.425504 0.541753 -0.425761 0.238514 0.638238 0.425674 0.541753 -0.425761 0.111437 0.637574 0.425858 0.541753 -0.425761 0.003910 0.636048 0.426243 0.541753 -0.425761 0.000000 0.635187 0.426458 0.541753 -0.425761 0.000000 
0.638804 0.425504 0.541753 -0.425761 0.238514 0.638238 0.425674 0.541753 -0.425761 0.111437 0.637574 0.425858 0.541753 -0.425761 0.003910 0.636048 0.426243 0.541753 -0.425761 0.000000 0.635187 0.426458 0.541753 -0.425761 0.000000 0.634301 0.426642 0.541753 -0.425761 0.000000 
0.638238 0.425674 0.541753 -0.425761 0.111437 0.637574 0.425858 0.541753 -0.425761 0.003910 0.636048 0.426243 0.541753 -0.425761 0.000000 0.635187 0.426458 0.541753 -0.425761 0.000000 0.634301 0.426642 0.541753 -0.425761 0.000000 0.633489 0.426704 0.541753 -0.425761 0.000000 
0.637574 0.425858 0.541753 -0.425761 0.003910 0.636048 0.426243 0.541753 -0.425761 0.000000 0.635187 0.426458 0.541753 -0.425761 0.000000 0.634301 0.426642 0.541753 -0.425761 0.000000 0.633489 0.426704 0.541753 -0.425761 0.000000 0.631078 0.426858 0.553025 -0.407971 0.000000 
0.636048 0.426243 0.541753 -0.425761 0.000000 0.635187 0.426458 0.541753 -0.425761 0.000000 0.634301 0.426642 0.541753 -0.425761 0.000000 0.633489 0.426704 0.541753 -0.425761 0.000000 0.631078 0.426858 0.553025 -0.407971 0.000000 0.632653 0.426766 0.553025 -0.407971 0.000000 
0.635187 0.426458 0.541753 -0.425761 0.000000 0.634301 0.426642 0.541753 -0.425761 0.000000 0.633489 0.426704 0.541753 -0.425761 0.000000 0.631078 0.426858 0.553025 -0.407971 0.000000 0.632653 0.426766 0.553025 -0.407971 0.000000 0.631890 0.426812 0.553025 -0.407971 0.000000 
0.634301 0.426642 0.541753 -0.425761 0.000000 0.633489 0.426704 0.541753 -0.425761 0.000000 0.631078 0.426858 0.553025 -0.407971 0.000000 0.632653 0.426766 0.553025 -0.407971 0.000000 0.631890 0.426812 0.553025 -0.407971 0.000000 0.630290 0.426904 0.574767 -0.411898 0.000000 
0.633489 0.426704 0.541753 -0.425761 0.000000 0.631078 0.426858 0.553025 -0.407971 0.000000 0.632653 0.426766 0.553025 -0.407971 0.000000 0.631890 0.426812 0.553025 -0.407971 0.000000 0.630290 0.426904 0.574767 -0.411898 0.000000 0.629528 0.426950 0.574767 -0.411898 0.000000 
0.631078 0.426858 0.553025 -0.407971 0.000000 0.632653 0.426766 0.553025 -0.407971 0.000000 0.631890 0.426812 0.553025 -0.407971 0.000000 0.630290 0.426904 0.574767 -0.411898 0.000000 0.629528 0.426950 0.574767 -0.411898 0.000000 0.628740 0.427058 0.574767 -0.411898 0.000000 
0.632653 0.426766 0.553025 -0.407971 0.000000 0.631890 0.426812 0.553025 -0.407971 0.000000 0.630290 0.426904 0.574767 -0.411898 0.000000 0.629528 0.426950 0.574767 -0.411898 0.000000 0.628740 0.427058 0.574767 -0.411898 0.000000 0.628002 0.427088 0.574767 -0.411898 0.000000 
0.631890 0.426812 0.553025 -0.407971 0.000000 0.630290 0.426904 0.574767 -0.411898 0.000000 0.629528 0.426950 0.574767 -0.411898 0.000000 0.628740 0.427058 0.574767 -0.411898 0.000000 0.628002 0.427088 0.574767 -0.411898 0.000000 0.627264 0.427181 0.580051 -0.402310 0.000000 
0.630290 0.426904 0.574767 -0.411898 0.000000 0.629528 0.426950 0.574767 -0.411898 0.000000 0.628740 0.427058 0.574767 -0.411898 0.000000 0.628002 0.427088 0.574767 -0.411898 0.000000 0.627264 0.427181 0.580051 -0.402310 0.000000 0.626649 0.427242 0.580051 -0.402310 0.000000 
0.629528 0.426950 0.574767 -0.411898 0.000000 0.628740 0.427058 0.574767 -0.411898 0.000000 0.628002 0.427088 0.574767 -0.411898 0.000000 0.627264 0.427181 0.580051 -0.402310 0.000000 0.626649 0.427242 0.580051 -0.402310 0.000000 0.625861 0.427319 0.542132 -0.385906 0.000000 
0.628740 0.427058 0.574767 -0.411898 0.000000 0.628002 0.427088 0.574767 -0.411898 0.000000 0.627264 0.427181 0.580051 -0.402310 0.000000 0.626649 0.427242 0.580051 -0.402310 0.000000 0.625861 0.427319 0.542132 -0.385906 0.000000 0.625418 0.427319 0.514810 -0.352059 0.000000 
0.628002 0.427088 0.574767 -0.411898 0.000000 0.627264 0.427181 0.580051 -0.402310 0.000000 0.626649 0.427242 0.580051 -0.402310 0.000000 0.625861 0.427319 0.542132 -0.385906 0.000000 0.625418 0.427319 0.514810 -0.352059 0.000000 0.625320 0.427319 0.514810 -0.352059 0.000000 
0.627264 0.427181 0.580051 -0.402310 0.000000 0.626649 0.427242 0.580051 -0.402310 0.000000 0.625861 0.427319 0.542132 -0.385906 0.000000 0.625418 0.427319 0.514810 -0.352059 0.000000 0.625320 0.427319 0.514810 -0.352059 0.000000 0.625221 0.427319 0.493881 -0.348336 0.000000 
0.626649 0.427242 0.580051 -0.402310 0.000000 0.625861 0.427319 0.542132 -0.385906 0.000000 0.625418 0.427319 0.514810 -0.352059 0.000000 0.625320 0.427319 0.514810 -0.352059 0.000000 0.625221 0.427319 0.493881 -0.348336 0.000000 0.625123 0.427319 0.493881 -0.348336 0.000000 
0.623720 0.426458 0.568639 -0.379922 0.000000 0.623720 0.426443 0.568639 -0.379922 0.000000 0.623794 0.426427 0.568639 -0.379922 0.000000 0.624139 0.426412 0.568639 -0.379922 0.000000 0.624606 0.426412 0.568639 -0.379922 0.000000 0.625221 0.426396 0.568639 -0.379922 0.000000 
0.623720 0.426443 0.568639 -0.379922 0.000000 0.623794 0.426427 0.568639 -0.379922 0.000000 0.624139 0.426412 0.568639 -0.379922 0.000000 0.624606 0.426412 0.568639 -0.379922 0.000000 0.625221 0.426396 0.568639 -0.379922 0.000000 0.625910 0.426381 0.568639 -0.379922 0.000000 
0.623794 0.426427 0.568639 -0.379922 0.000000 0.624139 0.426412 0.568639 -0.379922 0.000000 0.624606 0.426412 0.568639 -0.379922 0.000000 0.625221 0.426396 0.568639 -0.379922 0.000000 0.625910 0.426381 0.568639 -0.379922 0.000000 0.626698 0.426366 0.568639 -0.379922 0.000000 
0.624139 0.426412 0.568639 -0.379922 0.000000 0.624606 0.426412 0.568639 -0.379922 0.000000 0.625221 0.426396 0.568639 -0.379922 0.000000 0.625910 0.426381 0.568639 -0.379922 0.000000 0.626698 0.426366 0.568639 -0.379922 0.000000 0.627584 0.426350 0.568639 -0.379922 0.000000 
0.624606 0.426412 0.568639 -0.379922 0.000000 0.625221 0.426396 0.568639 -0.379922 0.000000 0.625910 0.426381 0.568639 -0.379922 0.000000 0.626698 0.426366 0.568639 -0.379922 0.000000 0.627584 0.426350 0.568639 -0.379922 0.000000 0.628223 0.426335 0.568639 -0.379922 0.000000 
0.625221 0.426396 0.568639 -0.379922 0.000000 0.625910 0.426381 0.568639 -0.379922 0.000000 0.626698 0.426366 0.568639 -0.379922 0.000000 0.627584 0.426350 0.568639 -0.379922 0.000000 0.628223 0.426335 0.568639 -0.379922 0.000000 0.628839 0.426320 0.568639 -0.379922 0.000000 
0.625910 0.426381 0.568639 -0.379922 0.000000 0.626698 0.426366 0.568639 -0.379922 0.000000 0.627584 0.426350 0.568639 -0.379922 0.000000 0.628223 0.426335 0.568639 -0.379922 0.000000 0.628839 0.426320 0.568639 -0.379922 0.000000 0.629429 0.426304 0.590095 -0.382567 0.000000 
0.626698 0.426366 0.568639 -0.379922 0.000000 0.627584 0.426350 0.568639 -0.379922 0.000000 0.628223 0.426335 0.568639 -0.379922 0.000000 0.628839 0.426320 0.568639 -0.379922 0.000000 0.629429 0.426304 0.590095 -0.382567 0.000000 0.629970 0.426273 0.601768 -0.405355 0.000000 
0.627584 0.426350 0.568639 -0.379922 0.000000 0.628223 0.426335 0.568639 -0.379922 0.000000 0.628839 0.426320 0.568639 -0.379922 0.000000 0.629429 0.426304 0.590095 -0.382567 0.000000 0.629970 0.426273 0.601768 -0.405355 0.000000 0.630487 0.426258 0.606769 -0.395134 0.000000 
0.628223 0.426335 0.568639 -0.379922 0.000000 0.628839 0.426320 0.568639 -0.379922 0.000000 0.629429 0.426304 0.590095 -0.382567 0.000000 0.629970 0.426273 0.601768 -0.405355 0.000000 0.630487 0.426258 0.606769 -0.395134 0.000000 0.631004 0.426227 0.606769 -0.395134 0.000000 
0.628839 0.426320 0.568639 -0.379922 0.000000 0.629429 0.426304 0.590095 -0.382567 0.000000 0.629970 0.426273 0.601768 -0.405355 0.000000 0.630487 0.426258 0.606769 -0.395134 0.000000 0.631004 0.426227 0.606769 -0.395134 0.000000 0.631471 0.426181 0.606769 -0.395134 0.000000 
0.629429 0.426304 0.590095 -0.382567 0.000000 0.629970 0.426273 0.601768 -0.405355 0.000000 0.630487 0.426258 0.606769 -0.395134 0.000000 0.631004 0.426227 0.606769 -0.395134 0.000000 0.631471 0.426181 0.606769 -0.395134 0.000000 0.631914 0.426135 0.628410 -0.397245 0.000000 
0.629970 0.426273 0.601768 -0.405355 0.000000 0.630487 0.426258 0.606769 -0.395134 0.000000 0.631004 0.426227 0.606769 -0.395134 0.000000 0.631471 0.426181 0.606769 -0.395134 0.000000 0.631914 0.426135 0.628410 -0.397245 0.000000 0.632382 0.426073 0.618467 -0.418400 0.000000 
0.630487 0.426258 0.606769 -0.395134 0.000000 0.631004 0.426227 0.606769 -0.395134 0.000000 0.631471 0.426181 0.606769 -0.395134 0.000000 0.631914 0.426135 0.628410 -0.397245 0.000000 0.632382 0.426073 0.618467 -0.418400 0.000000 0.632849 0.426027 0.618467 -0.418400 0.000000 
0.631004 0.426227 0.606769 -0.395134 0.000000 0.631471 0.426181 0.606769 -0.395134 0.000000 0.631914 0.426135 0.628410 -0.397245 0.000000 0.632382 0.426073 0.618467 -0.418400 0.000000 0.632849 0.426027 0.618467 -0.418400 0.000000 0.633317 0.425935 0.618467 -0.418400 0.000000 
0.631471 0.426181 0.606769 -0.395134 0.000000 0.631914 0.426135 0.628410 -0.397245 0.000000 0.632382 0.426073 0.618467 -0.418400 0.000000 0.632849 0.426027 0.618467 -0.418400 0.000000 0.633317 0.425935 0.618467 -0.418400 0.000000 0.633809 0.425858 0.618467 -0.418400 0.000000 
0.631914 0.426135 0.628410 -0.397245 0.000000 0.632382 0.426073 0.618467 -0.418400 0.000000 0.632849 0.426027 0.618467 -0.418400 0.000000 0.633317 0.425935 0.618467 -0.418400 0.000000 0.633809 0.425858 0.618467 -0.418400 0.000000 0.634277 0.425720 0.618467 -0.418400 0.000000 
0.632382 0.426073 0.618467 -0.418400 0.000000 0.632849 0.426027 0.618467 -0.418400 0.000000 0.633317 0.425935 0.618467 -0.418400 0.000000 0.633809 0.425858 0.618467 -0.418400 0.000000 0.634277 0.425720 0.618467 -0.418400 0.000000 0.634498 0.425581 0.618467 -0.418400 0.000000 
0.632849 0.426027 0.618467 -0.418400 0.000000 0.633317 0.425935 0.618467 -0.418400 0.000000 0.633809 0.425858 0.618467 -0.418400 0.000000 0.634277 0.425720 0.618467 -0.418400 0.000000 0.634498 0.425581 0.618467 -0.418400 0.000000 0.635212 0.425504 0.618467 -0.418400 0.000000 
0.633317 0.425935 0.618467 -0.418400 0.000000 0.633809 0.425858 0.618467 -0.418400 0.000000 0.634277 0.425720 0.618467 -0.418400 0.000000 0.634498 0.425581 0.618467 -0.418400 0.000000 0.635212 0.425504 0.618467 -0.418400 0.000000 0.635655 0.425381 0.618467 -0.418400 0.000000 
0.633809 0.425858 0.618467 -0.418400 0.000000 0.634277 0.425720 0.618467 -0.418400 0.000000 0.634498 0.425581 0.618467 -0.418400 0.000000 0.635212 0.425504 0.618467 -0.418400 0.000000 0.635655 0.425381 0.618467 -0.418400 0.000000 0.636024 0.425351 0.618467 -0.418400 0.000000 
0.634277 0.425720 0.618467 -0.418400 0.000000 0.634498 0.425581 0.618467 -0.418400 0.000000 0.635212 0.425504 0.618467 -0.418400 0.000000 0.635655 0.425381 0.618467 -0.418400 0.000000 0.636024 0.425351 0.618467 -0.418400 0.000000 0.636196 0.425305 0.618467 -0.418400 0.000000 
0.634498 0.425581 0.618467 -0.418400 0.000000 0.635212 0.425504 0.618467 -0.418400 0.000000 0.635655 0.425381 0.618467 -0.418400 0.000000 0.636024 0.425351 0.618467 -0.418400 0.000000 0.636196 0.425305 0.618467 -0.418400 0.000000 0.636713 0.425305 0.601768 -0.405355 0.000000 
0.635212 0.425504 0.618467 -0.418400 0.000000 0.635655 0.425381 0.618467 -0.418400 0.000000 0.636024 0.425351 0.618467 -0.418400 0.000000 0.636196 0.425305 0.618467 -0.418400 0.000000 0.636713 0.425305 0.601768 -0.405355 0.000000 0.636983 0.425305 0.601768 -0.405355 0.000000 
0.635655 0.425381 0.618467 -0.418400 0.000000 0.636024 0.425351 0.618467 -0.418400 0.000000 0.636196 0.425305 0.618467 -0.418400 0.000000 0.636713 0.425305 0.601768 -0.405355 0.000000 0.636983 0.425305 0.601768 -0.405355 0.000000 0.637229 0.425305 0.601768 -0.405355 0.105572 
0.636024 0.425351 0.618467 -0.418400 0.000000 0.636196 0.425305 0.618467 -0.418400 0.000000 0.636713 0.425305 0.601768 -0.405355 0.000000 0.636983 0.425305 0.601768 -0.405355 0.000000 0.637229 0.425305 0.601768 -0.405355 0.105572 0.637426 0.425305 0.580051 -0.402310 0.100684 
0.636196 0.425305 0.618467 -0.418400 0.000000 0.636713 0.425305 0.601768 -0.405355 0.000000 0.636983 0.425305 0.601768 -0.405355 0.000000 0.637229 0.425305 0.601768 -0.405355 0.105572 0.637426 0.425305 0.580051 -0.402310 0.100684 0.637525 0.425305 0.580051 -0.402310 0.111437 
0.636713 0.425305 0.601768 -0.405355 0.000000 0.636983 0.425305 0.601768 -0.405355 0.000000 0.637229 0.425305 0.601768 -0.405355 0.105572 0.637426 0.425305 0.580051 -0.402310 0.100684 0.637525 0.425305 0.580051 -0.402310 0.111437 0.637623 0.425305 0.580051 -0.402310 0.133920 
0.636983 0.425305 0.601768 -0.405355 0.000000 0.637229 0.425305 0.601768 -0.405355 0.105572 0.637426 0.425305 0.580051 -0.402310 0.100684 0.637525 0.425305 0.580051 -0.402310 0.111437 0.637623 0.425305 0.580051 -0.402310 0.133920 0.637648 0.425428 0.563605 -0.389452 0.184751 
0.637229 0.425305 0.601768 -0.405355 0.105572 0.637426 0.425305 0.580051 -0.402310 0.100684 0.637525 0.425305 0.580051 -0.402310 0.111437 0.637623 0.425305 0.580051 -0.402310 0.133920 0.637648 0.425428 0.563605 -0.389452 0.184751 0.637648 0.425335 0.568639 -0.379922 0.153470 
0.637426 0.425305 0.580051 -0.402310 0.100684 0.637525 0.425305 0.580051 -0.402310 0.111437 0.637623 0.425305 0.580051 -0.402310 0.133920 0.637648 0.425428 0.563605 -0.389452 0.184751 0.637648 0.425335 0.568639 -0.379922 0.153470 0.637648 0.425381 0.563605 -0.389452 0.169110 
0.637525 0.425305 0.580051 -0.402310 0.111437 0.637623 0.425305 0.580051 -0.402310 0.133920 0.637648 0.425428 0.563605 -0.389452 0.184751 0.637648 0.425335 0.568639 -0.379922 0.153470 0.637648 0.425381 0.563605 -0.389452 0.169110 0.637648 0.425474 0.563605 -0.389452 0.202346 
0.637623 0.425305 0.580051 -0.402310 0.133920 0.637648 0.425428 0.563605 -0.389452 0.184751 0.637648 0.425335 0.568639 -0.379922 0.153470 0.637648 0.425381 0.563605 -0.389452 0.169110 0.637648 0.425474 0.563605 -0.389452 0.202346 0.637377 0.425504 0.563605 -0.389452 0.216031 
0.637648 0.425428 0.563605 -0.389452 0.184751 0.637648 0.425335 0.568639 -0.379922 0.153470 0.637648 0.425381 0.563605 -0.389452 0.169110 0.637648 0.425474 0.563605 -0.389452 0.202346 0.637377 0.425504 0.563605 -0.389452 0.216031 0.636811 0.425551 0.563605 -0.389452 0.230694 
0.637648 0.425335 0.568639 -0.379922 0.153470 0.637648 0.425381 0.563605 -0.389452 0.169110 0.637648 0.425474 0.563605 -0.389452 0.202346 0.637377 0.425504 0.563605 -0.389452 0.216031 0.636811 0.425551 0.563605 -0.389452 0.230694 0.636024 0.425643 0.563605 -0.389452 0.242424 
0.637648 0.425381 0.563605 -0.389452 0.169110 0.637648 0.425474 0.563605 -0.389452 0.202346 0.637377 0.425504 0.563605 -0.389452 0.216031 0.636811 0.425551 0.563605 -0.389452 0.230694 0.636024 0.425643 0.563605 -0.389452 0.242424 0.634990 0.425735 0.563605 -0.389452 0.253177 
0.637648 0.425474 0.563605 -0.389452 0.202346 0.637377 0.425504 0.563605 -0.389452 0.216031 0.636811 0.425551 0.563605 -0.389452 0.230694 0.636024 0.425643 0.563605 -0.389452 0.242424 0.634990 0.425735 0.563605 -0.389452 0.253177 0.633735 0.425827 0.563605 -0.389452 0.259042 
0.637377 0.425504 0.563605 -0.389452 0.216031 0.636811 0.425551 0.563605 -0.389452 0.230694 0.636024 0.425643 0.563605 -0.389452 0.242424 0.634990 0.425735 0.563605 -0.389452 0.253177 0.633735 0.425827 0.563605 -0.389452 0.259042 0.632210 0.425920 0.552205 -0.367517 0.261975 
0.636811 0.425551 0.563605 -0.389452 0.230694 0.636024 0.425643 0.563605 -0.389452 0.242424 0.634990 0.425735 0.563605 -0.389452 0.253177 0.633735 0.425827 0.563605 -0.389452 0.259042 0.632210 0.425920 0.552205 -0.367517 0.261975 0.628420 0.426120 0.552205 -0.367517 0.279570 
0.636024 0.425643 0.563605 -0.389452 0.242424 0.634990 0.425735 0.563605 -0.389452 0.253177 0.633735 0.425827 0.563605 -0.389452 0.259042 0.632210 0.425920 0.552205 -0.367517 0.261975 0.628420 0.426120 0.552205 -0.367517 0.279570 0.630413 0.426027 0.552205 -0.367517 0.270772 
0.634990 0.425735 0.563605 -0.389452 0.253177 0.633735 0.425827 0.563605 -0.389452 0.259042 0.632210 0.425920 0.552205 -0.367517 0.261975 0.628420 0.426120 0.552205 -0.367517 0.279570 0.630413 0.426027 0.552205 -0.367517 0.270772 0.626230 0.426243 0.552205 -0.367517 0.284457 
0.623155 0.415831 0.714826 -0.400455 0.000000 0.623696 0.415954 0.714826 -0.400455 0.000000 0.624163 0.416046 0.714826 -0.400455 0.000000 0.624360 0.416200 0.718950 -0.387485 0.000000 0.624975 0.416323 0.718950 -0.387485 0.000000 0.625345 0.416415 0.697568 -0.388059 0.000000 
0.623696 0.415954 0.714826 -0.400455 0.000000 0.624163 0.416046 0.714826 -0.400455 0.000000 0.624360 0.416200 0.718950 -0.387485 0.000000 0.624975 0.416323 0.718950 -0.387485 0.000000 0.625345 0.416415 0.697568 -0.388059 0.000000 0.625640 0.416462 0.697568 -0.388059 0.000000 
0.624163 0.416046 0.714826 -0.400455 0.000000 0.624360 0.416200 0.718950 -0.387485 0.000000 0.624975 0.416323 0.718950 -0.387485 0.000000 0.625345 0.416415 0.697568 -0.388059 0.000000 0.625640 0.416462 0.697568 -0.388059 0.000000 0.625886 0.416600 0.701669 -0.375408 0.000000 
0.624360 0.416200 0.718950 -0.387485 0.000000 0.624975 0.416323 0.718950 -0.387485 0.000000 0.625345 0.416415 0.697568 -0.388059 0.000000 0.625640 0.416462 0.697568 -0.388059 0.000000 0.625886 0.416600 0.701669 -0.375408 0.000000 0.626107 0.416708 0.701669 -0.375408 0.000000 
0.624975 0.416323 0.718950 -0.387485 0.000000 0.625345 0.416415 0.697568 -0.388059 0.000000 0.625640 0.416462 0.697568 -0.388059 0.000000 0.625886 0.416600 0.701669 -0.375408 0.000000 0.626107 0.416708 0.701669 -0.375408 0.000000 0.626280 0.416800 0.684447 -0.363608 0.000000 
0.625345 0.416415 0.697568 -0.388059 0.000000 0.625640 0.416462 0.697568 -0.388059 0.000000 0.625886 0.416600 0.701669 -0.375408 0.000000 0.626107 0.416708 0.701669 -0.375408 0.000000 0.626280 0.416800 0.684447 -0.363608 0.000000 0.626526 0.417169 0.688347 -0.351057 0.000000 
0.625640 0.416462 0.697568 -0.388059 0.000000 0.625886 0.416600 0.701669 -0.375408 0.000000 0.626107 0.416708 0.701669 -0.375408 0.000000 0.626280 0.416800 0.684447 -0.363608 0.000000 0.626526 0.417169 0.688347 -0.351057 0.000000 0.626403 0.416923 0.684447 -0.363608 0.000000 
0.625886 0.416600 0.701669 -0.375408 0.000000 0.626107 0.416708 0.701669 -0.375408 0.000000 0.626280 0.416800 0.684447 -0.363608 0.000000 0.626526 0.417169 0.688347 -0.351057 0.000000 0.626403 0.416923 0.684447 -0.363608 0.000000 0.626476 0.417046 0.688347 -0.351057 0.000000 
0.626107 0.416708 0.701669 -0.375408 0.000000 0.626280 0.416800 0.684447 -0.363608 0.000000 0.626526 0.417169 0.688347 -0.351057 0.000000 0.626403 0.416923 0.684447 -0.363608 0.000000 0.626476 0.417046 0.688347 -0.351057 0.000000 0.626550 0.417307 0.688347 -0.351057 0.000000 
0.626280 0.416800 0.684447 -0.363608 0.000000 0.626526 0.417169 0.688347 -0.351057 0.000000 0.626403 0.416923 0.684447 -0.363608 0.000000 0.626476 0.417046 0.688347 -0.351057 0.000000 0.626550 0.417307 0.688347 -0.351057 0.000000 0.626575 0.417446 0.688347 -0.351057 0.000000 
0.626526 0.417169 0.688347 -0.351057 0.000000 0.626403 0.416923 0.684447 -0.363608 0.000000 0.626476 0.417046 0.688347 -0.351057 0.000000 0.626550 0.417307 0.688347 -0.351057 0.000000 0.626575 0.417446 0.688347 -0.351057 0.000000 0.626649 0.417569 0.688347 -0.351057 0.000000 
0.626403 0.416923 0.684447 -0.363608 0.000000 0.626476 0.417046 0.688347 -0.351057 0.000000 0.626550 0.417307 0.688347 -0.351057 0.000000 0.626575 0.417446 0.688347 -0.351057 0.000000 0.626649 0.417569 0.688347 -0.351057 0.000000 0.626722 0.417707 0.688347 -0.351057 0.000000 
0.626476 0.417046 0.688347 -0.351057 0.000000 0.626550 0.417307 0.688347 -0.351057 0.000000 0.626575 0.417446 0.688347 -0.351057 0.000000 0.626649 0.417569 0.688347 -0.351057 0.000000 0.626722 0.417707 0.688347 -0.351057 0.000000 0.626796 0.417846 0.688347 -0.351057 0.000000 
0.626550 0.417307 0.688347 -0.351057 0.000000 0.626575 0.417446 0.688347 -0.351057 0.000000 0.626649 0.417569 0.688347 -0.351057 0.000000 0.626722 0.417707 0.688347 -0.351057 0.000000 0.626796 0.417846 0.688347 -0.351057 0.000000 0.626944 0.417969 0.688347 -0.351057 0.000000 
0.626575 0.417446 0.688347 -0.351057 0.000000 0.626649 0.417569 0.688347 -0.351057 0.000000 0.626722 0.417707 0.688347 -0.351057 0.000000 0.626796 0.417846 0.688347 -0.351057 0.000000 0.626944 0.417969 0.688347 -0.351057 0.000000 0.627116 0.418092 0.688347 -0.351057 0.000000 
0.626649 0.417569 0.688347 -0.351057 0.000000 0.626722 0.417707 0.688347 -0.351057 0.000000 0.626796 0.417846 0.688347 -0.351057 0.000000 0.626944 0.417969 0.688347 -0.351057 0.000000 0.627116 0.418092 0.688347 -0.351057 0.000000 0.627338 0.418230 0.667283 -0.352070 0.000000 
0.626722 0.417707 0.688347 -0.351057 0.000000 0.626796 0.417846 0.688347 -0.351057 0.000000 0.626944 0.417969 0.688347 -0.351057 0.000000 0.627116 0.418092 0.688347 -0.351057 0.000000 0.627338 0.418230 0.667283 -0.352070 0.000000 0.627584 0.418353 0.667283 -0.352070 0.000000 
0.626796 0.417846 0.688347 -0.351057 0.000000 0.626944 0.417969 0.688347 -0.351057 0.000000 0.627116 0.418092 0.688347 -0.351057 0.000000 0.627338 0.418230 0.667283 -0.352070 0.000000 0.627584 0.418353 0.667283 -0.352070 0.000000 0.627904 0.418492 0.667283 -0.352070 0.000000 
0.626944 0.417969 0.688347 -0.351057 0.000000 0.627116 0.418092 0.688347 -0.351057 0.000000 0.627338 0.418230 0.667283 -0.352070 0.000000 0.627584 0.418353 0.667283 -0.352070 0.000000 0.627904 0.418492 0.667283 -0.352070 0.000000 0.628223 0.418630 0.667283 -0.352070 0.000000 
0.627116 0.418092 0.688347 -0.351057 0.000000 0.627338 0.418230 0.667283 -0.352070 0.000000 0.627584 0.418353 0.667283 -0.352070 0.000000 0.627904 0.418492 0.667283 -0.352070 0.000000 0.628223 0.418630 0.667283 -0.352070 0.000000 0.628642 0.418768 0.667283 -0.352070 0.000000 
0.627338 0.418230 0.667283 -0.352070 0.000000 0.627584 0.418353 0.667283 -0.352070 0.000000 0.627904 0.418492 0.667283 -0.352070 0.000000 0.628223 0.418630 0.667283 -0.352070 0.000000 0.628642 0.418768 0.667283 -0.352070 0.000000 0.629085 0.418922 0.667283 -0.352070 0.000000 
0.627584 0.418353 0.667283 -0.352070 0.000000 0.627904 0.418492 0.667283 -0.352070 0.000000 0.628223 0.418630 0.667283 -0.352070 0.000000 0.628642 0.418768 0.667283 -0.352070 0.000000 0.629085 0.418922 0.667283 -0.352070 0.000000 0.629577 0.419076 0.667283 -0.352070 0.000000 
0.627904 0.418492 0.667283 -0.352070 0.000000 0.628223 0.418630 0.667283 -0.352070 0.000000 0.628642 0.418768 0.667283 -0.352070 0.000000 0.629085 0.418922 0.667283 -0.352070 0.000000 0.629577 0.419076 0.667283 -0.352070 0.000000 0.630093 0.419214 0.667283 -0.352070 0.000000 
0.628223 0.418630 0.667283 -0.352070 0.000000 0.628642 0.418768 0.667283 -0.352070 0.000000 0.629085 0.418922 0.667283 -0.352070 0.000000 0.629577 0.419076 0.667283 -0.352070 0.000000 0.630093 0.419214 0.667283 -0.352070 0.000000 0.630635 0.419353 0.667283 -0.352070 0.000000 
0.628642 0.418768 0.667283 -0.352070 0.000000 0.629085 0.418922 0.667283 -0.352070 0.000000 0.629577 0.419076 0.667283 -0.352070 0.000000 0.630093 0.419214 0.667283 -0.352070 0.000000 0.630635 0.419353 0.667283 -0.352070 0.000000 0.631201 0.419491 0.667283 -0.352070 0.000000 
0.629085 0.418922 0.667283 -0.352070 0.000000 0.629577 0.419076 0.667283 -0.352070 0.000000 0.630093 0.419214 0.667283 -0.352070 0.000000 0.630635 0.419353 0.667283 -0.352070 0.000000 0.631201 0.419491 0.667283 -0.352070 0.000000 0.631767 0.419614 0.667283 -0.352070 0.000000 
0.629577 0.419076 0.667283 -0.352070 0.000000 0.630093 0.419214 0.667283 -0.352070 0.000000 0.630635 0.419353 0.667283 -0.352070 0.000000 0.631201 0.419491 0.667283 -0.352070 0.000000 0.631767 0.419614 0.667283 -0.352070 0.000000 0.632357 0.419737 0.663240 -0.364082 0.000000 
0.630093 0.419214 0.667283 -0.352070 0.000000 0.630635 0.419353 0.667283 -0.352070 0.000000 0.631201 0.419491 0.667283 -0.352070 0.000000 0.631767 0.419614 0.667283 -0.352070 0.000000 0.632357 0.419737 0.663240 -0.364082 0.000000 0.632923 0.419860 0.663240 -0.364082 0.000000 
0.630635 0.419353 0.667283 -0.352070 0.000000 0.631201 0.419491 0.667283 -0.352070 0.000000 0.631767 0.419614 0.667283 -0.352070 0.000000 0.632357 0.419737 0.663240 -0.364082 0.000000 0.632923 0.419860 0.663240 -0.364082 0.000000 0.633489 0.419983 0.663240 -0.364082 0.000000 
0.631201 0.419491 0.667283 -0.352070 0.000000 0.631767 0.419614 0.667283 -0.352070 0.000000 0.632357 0.419737 0.663240 -0.364082 0.000000 0.632923 0.419860 0.663240 -0.364082 0.000000 0.633489 0.419983 0.663240 -0.364082 0.000000 0.634031 0.420045 0.663240 -0.364082 0.000000 
0.631767 0.419614 0.667283 -0.352070 0.000000 0.632357 0.419737 0.663240 -0.364082 0.000000 0.632923 0.419860 0.663240 -0.364082 0.000000 0.633489 0.419983 0.663240 -0.364082 0.000000 0.634031 0.420045 0.663240 -0.364082 0.000000 0.634596 0.420214 0.663240 -0.364082 0.000000 
0.632357 0.419737 0.663240 -0.364082 0.000000 0.632923 0.419860 0.663240 -0.364082 0.000000 0.633489 0.419983 0.663240 -0.364082 0.000000 0.634031 0.420045 0.663240 -0.364082 0.000000 0.634596 0.420214 0.663240 -0.364082 0.000000 0.635138 0.420337 0.663240 -0.364082 0.000000 
0.632923 0.419860 0.663240 -0.364082 0.000000 0.633489 0.419983 0.663240 -0.364082 0.000000 0.634031 0.420045 0.663240 -0.364082 0.000000 0.634596 0.420214 0.663240 -0.364082 0.000000 0.635138 0.420337 0.663240 -0.364082 0.000000 0.635679 0.420399 0.659023 -0.375884 0.000000 
0.633489 0.419983 0.663240 -0.364082 0.000000 0.634031 0.420045 0.663240 -0.364082 0.000000 0.634596 0.420214 0.663240 -0.364082 0.000000 0.635138 0.420337 0.663240 -0.364082 0.000000 0.635679 0.420399 0.659023 -0.375884 0.000000 0.636885 0.420814 0.676121 -0.388048 0.000000 
0.634031 0.420045 0.663240 -0.364082 0.000000 0.634596 0.420214 0.663240 -0.364082 0.000000 0.635138 0.420337 0.663240 -0.364082 0.000000 0.635679 0.420399 0.659023 -0.375884 0.000000 0.636885 0.420814 0.676121 -0.388048 0.000000 0.636220 0.420599 0.676121 -0.388048 0.000000 
0.634596 0.420214 0.663240 -0.364082 0.000000 0.635138 0.420337 0.663240 -0.364082 0.000000 0.635679 0.420399 0.659023 -0.375884 0.000000 0.636885 0.420814 0.676121 -0.388048 0.000000 0.636220 0.420599 0.676121 -0.388048 0.000000 0.636688 0.420737 0.676121 -0.388048 0.000000 
0.635138 0.420337 0.663240 -0.364082 0.000000 0.635679 0.420399 0.659023 -0.375884 0.000000 0.636885 0.420814 0.676121 -0.388048 0.000000 0.636220 0.420599 0.676121 -0.388048 0.000000 0.636688 0.420737 0.676121 -0.388048 0.000000 0.637525 0.421014 0.676121 -0.388048 0.000000 
0.635679 0.420399 0.659023 -0.375884 0.000000 0.636885 0.420814 0.676121 -0.388048 0.000000 0.636220 0.420599 0.676121 -0.388048 0.000000 0.636688 0.420737 0.676121 -0.388048 0.000000 0.637525 0.421014 0.676121 -0.388048 0.000000 0.637943 0.421321 0.676121 -0.388048 0.000000 
0.636885 0.420814 0.676121 -0.388048 0.000000 0.636220 0.420599 0.676121 -0.388048 0.000000 0.636688 0.420737 0.676121 -0.388048 0.000000 0.637525 0.421014 0.676121 -0.388048 0.000000 0.637943 0.421321 0.676121 -0.388048 0.000000 0.637648 0.421168 0.676121 -0.388048 0.000000 
0.636220 0.420599 0.676121 -0.388048 0.000000 0.636688 0.420737 0.676121 -0.388048 0.000000 0.637525 0.421014 0.676121 -0.388048 0.000000 0.637943 0.421321 0.676121 -0.388048 0.000000 0.637648 0.421168 0.676121 -0.388048 0.000000 0.638164 0.421491 0.676121 -0.388048 0.000000 
0.636688 0.420737 0.676121 -0.388048 0.000000 0.637525 0.421014 0.676121 -0.388048 0.000000 0.637943 0.421321 0.676121 -0.388048 0.000000 0.637648 0.421168 0.676121 -0.388048 0.000000 0.638164 0.421491 0.676121 -0.388048 0.000000 0.638214 0.421660 0.676121 -0.388048 0.000000 
0.637525 0.421014 0.676121 -0.388048 0.000000 0.637943 0.421321 0.676121 -0.388048 0.000000 0.637648 0.421168 0.676121 -0.388048 0.000000 0.638164 0.421491 0.676121 -0.388048 0.000000 0.638214 0.421660 0.676121 -0.388048 0.000000 0.638386 0.421752 0.676121 -0.388048 0.000000 
0.637943 0.421321 0.676121 -0.388048 0.000000 0.637648 0.421168 0.676121 -0.388048 0.000000 0.638164 0.421491 0.676121 -0.388048 0.000000 0.638214 0.421660 0.676121 -0.388048 0.000000 0.638386 0.421752 0.676121 -0.388048 0.000000 0.638533 0.422013 0.676121 -0.388048 0.000000 
0.637648 0.421168 0.676121 -0.388048 0.000000 0.638164 0.421491 0.676121 -0.388048 0.000000 0.638214 0.421660 0.676121 -0.388048 0.000000 0.638386 0.421752 0.676121 -0.388048 0.000000 0.638533 0.422013 0.676121 -0.388048 0.000000 0.638607 0.422183 0.697568 -0.388059 0.000000 
0.638164 0.421491 0.676121 -0.388048 0.000000 0.638214 0.421660 0.676121 -0.388048 0.000000 0.638386 0.421752 0.676121 -0.388048 0.000000 0.638533 0.422013 0.676121 -0.388048 0.000000 0.638607 0.422183 0.697568 -0.388059 0.000000 0.638706 0.422367 0.697568 -0.388059 0.000000 
0.638214 0.421660 0.676121 -0.388048 0.000000 0.638386 0.421752 0.676121 -0.388048 0.000000 0.638533 0.422013 0.676121 -0.388048 0.000000 0.638607 0.422183 0.697568 -0.388059 0.000000 0.638706 0.422367 0.697568 -0.388059 0.000000 0.638804 0.422567 0.697568 -0.388059 0.000000 
0.638386 0.421752 0.676121 -0.388048 0.000000 0.638533 0.422013 0.676121 -0.388048 0.000000 0.638607 0.422183 0.697568 -0.388059 0.000000 0.638706 0.422367 0.697568 -0.388059 0.000000 0.638804 0.422567 0.697568 -0.388059 0.000000 0.638853 0.422752 0.697568 -0.388059 0.000000 
0.638533 0.422013 0.676121 -0.388048 0.000000 0.638607 0.422183 0.697568 -0.388059 0.000000 0.638706 0.422367 0.697568 -0.388059 0.000000 0.638804 0.422567 0.697568 -0.388059 0.000000 0.638853 0.422752 0.697568 -0.388059 0.000000 0.638952 0.422952 0.693287 -0.400475 0.000000 
0.638607 0.422183 0.697568 -0.388059 0.000000 0.638706 0.422367 0.697568 -0.388059 0.000000 0.638804 0.422567 0.697568 -0.388059 0.000000 0.638853 0.422752 0.697568 -0.388059 0.000000 0.638952 0.422952 0.693287 -0.400475 0.000000 0.639099 0.423136 0.693287 -0.400475 0.000000 
0.638706 0.422367 0.697568 -0.388059 0.000000 0.638804 0.422567 0.697568 -0.388059 0.000000 0.638853 0.422752 0.697568 -0.388059 0.000000 0.638952 0.422952 0.693287 -0.400475 0.000000 0.639099 0.423136 0.693287 -0.400475 0.000000 0.639173 0.423244 0.693287 -0.400475 0.000000 
0.638804 0.422567 0.697568 -0.388059 0.000000 0.638853 0.422752 0.697568 -0.388059 0.000000 0.638952 0.422952 0.693287 -0.400475 0.000000 0.639099 0.423136 0.693287 -0.400475 0.000000 0.639173 0.423244 0.693287 -0.400475 0.000000 0.639395 0.423521 0.714826 -0.400455 0.000000 
0.638853 0.422752 0.697568 -0.388059 0.000000 0.638952 0.422952 0.693287 -0.400475 0.000000 0.639099 0.423136 0.693287 -0.400475 0.000000 0.639173 0.423244 0.693287 -0.400475 0.000000 0.639395 0.423521 0.714826 -0.400455 0.000000 0.639493 0.423597 0.714826 -0.400455 0.000000 
0.638952 0.422952 0.693287 -0.400475 0.000000 0.639099 0.423136 0.693287 -0.400475 0.000000 0.639173 0.423244 0.693287 -0.400475 0.000000 0.639395 0.423521 0.714826 -0.400455 0.000000 0.639493 0.423597 0.714826 -0.400455 0.000000 0.639813 0.423690 0.714826 -0.400455 0.000000 
0.639099 0.423136 0.693287 -0.400475 0.000000 0.639173 0.423244 0.693287 -0.400475 0.000000 0.639395 0.423521 0.714826 -0.400455 0.000000 0.639493 0.423597 0.714826 -0.400455 0.000000 0.639813 0.423690 0.714826 -0.400455 0.000000 0.640182 0.423951 0.714826 -0.400455 0.000000 
0.639173 0.423244 0.693287 -0.400475 0.000000 0.639395 0.423521 0.714826 -0.400455 0.000000 0.639493 0.423597 0.714826 -0.400455 0.000000 0.639813 0.423690 0.714826 -0.400455 0.000000 0.640182 0.423951 0.714826 -0.400455 0.000000 0.640477 0.424197 0.714826 -0.400455 0.000000 
0.639395 0.423521 0.714826 -0.400455 0.000000 0.639493 0.423597 0.714826 -0.400455 0.000000 0.639813 0.423690 0.714826 -0.400455 0.000000 0.640182 0.423951 0.714826 -0.400455 0.000000 0.640477 0.424197 0.714826 -0.400455 0.000000 0.640773 0.424243 0.714826 -0.400455 0.000000 
0.639493 0.423597 0.714826 -0.400455 0.000000 0.639813 0.423690 0.714826 -0.400455 0.000000 0.640182 0.423951 0.714826 -0.400455 0.000000 0.640477 0.424197 0.714826 -0.400455 0.000000 0.640773 0.424243 0.714826 -0.400455 0.000000 0.641093 0.424289 0.714826 -0.400455 0.000000 
0.639813 0.423690 0.714826 -0.400455 0.000000 0.640182 0.423951 0.714826 -0.400455 0.000000 0.640477 0.424197 0.714826 -0.400455 0.000000 0.640773 0.424243 0.714826 -0.400455 0.000000 0.641093 0.424289 0.714826 -0.400455 0.000000 0.641265 0.424336 0.714826 -0.400455 0.000000 
0.640182 0.423951 0.714826 -0.400455 0.000000 0.640477 0.424197 0.714826 -0.400455 0.000000 0.640773 0.424243 0.714826 -0.400455 0.000000 0.641093 0.424289 0.714826 -0.400455 0.000000 0.641265 0.424336 0.714826 -0.400455 0.000000 0.641757 0.424413 0.714826 -0.400455 0.000000 
0.640477 0.424197 0.714826 -0.400455 0.000000 0.640773 0.424243 0.714826 -0.400455 0.000000 0.641093 0.424289 0.714826 -0.400455 0.000000 0.641265 0.424336 0.714826 -0.400455 0.000000 0.641757 0.424413 0.714826 -0.400455 0.000000 0.641905 0.424505 0.714826 -0.400455 0.000000 
0.640773 0.424243 0.714826 -0.400455 0.000000 0.641093 0.424289 0.714826 -0.400455 0.000000 0.641265 0.424336 0.714826 -0.400455 0.000000 0.641757 0.424413 0.714826 -0.400455 0.000000 0.641905 0.424505 0.714826 -0.400455 0.000000 0.642347 0.424551 0.736289 -0.399852 0.000000 
0.641093 0.424289 0.714826 -0.400455 0.000000 0.641265 0.424336 0.714826 -0.400455 0.000000 0.641757 0.424413 0.714826 -0.400455 0.000000 0.641905 0.424505 0.714826 -0.400455 0.000000 0.642347 0.424551 0.736289 -0.399852 0.000000 0.642544 0.424612 0.736289 -0.399852 0.000000 
0.641265 0.424336 0.714826 -0.400455 0.000000 0.641757 0.424413 0.714826 -0.400455 0.000000 0.641905 0.424505 0.714826 -0.400455 0.000000 0.642347 0.424551 0.736289 -0.399852 0.000000 0.642544 0.424612 0.736289 -0.399852 0.000000 0.642421 0.424582 0.736289 -0.399852 0.000000 
0.641757 0.424413 0.714826 -0.400455 0.000000 0.641905 0.424505 0.714826 -0.400455 0.000000 0.642347 0.424551 0.736289 -0.399852 0.000000 0.642544 0.424612 0.736289 -0.399852 0.000000 0.642421 0.424582 0.736289 -0.399852 0.000000 0.642495 0.424612 0.736289 -0.399852 0.000000 
0.641905 0.424505 0.714826 -0.400455 0.000000 0.642347 0.424551 0.736289 -0.399852 0.000000 0.642544 0.424612 0.736289 -0.399852 0.000000 0.642421 0.424582 0.736289 -0.399852 0.000000 0.642495 0.424612 0.736289 -0.399852 0.000000 0.642667 0.424612 0.736289 -0.399852 0.000000 
0.642347 0.424551 0.736289 -0.399852 0.000000 0.642544 0.424612 0.736289 -0.399852 0.000000 0.642421 0.424582 0.736289 -0.399852 0.000000 0.642495 0.424612 0.736289 -0.399852 0.000000 0.642667 0.424612 0.736289 -0.399852 0.000000 0.642815 0.424612 0.736289 -0.399852 0.000000 
0.642544 0.424612 0.736289 -0.399852 0.000000 0.642421 0.424582 0.736289 -0.399852 0.000000 0.642495 0.424612 0.736289 -0.399852 0.000000 0.642667 0.424612 0.736289 -0.399852 0.000000 0.642815 0.424612 0.736289 -0.399852 0.000000 0.642864 0.424612 0.714826 -0.400455 0.000000 
0.642421 0.424582 0.736289 -0.399852 0.000000 0.642495 0.424612 0.736289 -0.399852 0.000000 0.642667 0.424612 0.736289 -0.399852 0.000000 0.642815 0.424612 0.736289 -0.399852 0.000000 0.642864 0.424612 0.714826 -0.400455 0.000000 0.642864 0.424582 0.714826 -0.400455 0.000000 
0.642495 0.424612 0.736289 -0.399852 0.000000 0.642667 0.424612 0.736289 -0.399852 0.000000 0.642815 0.424612 0.736289 -0.399852 0.000000 0.642864 0.424612 0.714826 -0.400455 0.000000 0.642864 0.424582 0.714826 -0.400455 0.000000 0.642864 0.424443 0.718950 -0.387485 0.000000 
0.642667 0.424612 0.736289 -0.399852 0.000000 0.642815 0.424612 0.736289 -0.399852 0.000000 0.642864 0.424612 0.714826 -0.400455 0.000000 0.642864 0.424582 0.714826 -0.400455 0.000000 0.642864 0.424443 0.718950 -0.387485 0.000000 0.642766 0.424320 0.718950 -0.387485 0.000000 
0.642815 0.424612 0.736289 -0.399852 0.000000 0.642864 0.424612 0.714826 -0.400455 0.000000 0.642864 0.424582 0.714826 -0.400455 0.000000 0.642864 0.424443 0.718950 -0.387485 0.000000 0.642766 0.424320 0.718950 -0.387485 0.000000 0.642692 0.424289 0.697568 -0.388059 0.000000 
0.642864 0.424612 0.714826 -0.400455 0.000000 0.642864 0.424582 0.714826 -0.400455 0.000000 0.642864 0.424443 0.718950 -0.387485 0.000000 0.642766 0.424320 0.718950 -0.387485 0.000000 0.642692 0.424289 0.697568 -0.388059 0.000000 0.642397 0.424259 0.697568 -0.388059 0.000000 
0.642864 0.424582 0.714826 -0.400455 0.000000 0.642864 0.424443 0.718950 -0.387485 0.000000 0.642766 0.424320 0.718950 -0.387485 0.000000 0.642692 0.424289 0.697568 -0.388059 0.000000 0.642397 0.424259 0.697568 -0.388059 0.000000 0.642249 0.424228 0.676121 -0.388048 0.000000 
0.642864 0.424443 0.718950 -0.387485 0.000000 0.642766 0.424320 0.718950 -0.387485 0.000000 0.642692 0.424289 0.697568 -0.388059 0.000000 0.642397 0.424259 0.697568 -0.388059 0.000000 0.642249 0.424228 0.676121 -0.388048 0.000000 0.642101 0.424197 0.676121 -0.388048 0.000000 
0.642766 0.424320 0.718950 -0.387485 0.000000 0.642692 0.424289 0.697568 -0.388059 0.000000 0.642397 0.424259 0.697568 -0.388059 0.000000 0.642249 0.424228 0.676121 -0.388048 0.000000 0.642101 0.424197 0.676121 -0.388048 0.000000 0.642003 0.424197 0.684447 -0.363608 0.000000 
0.642692 0.424289 0.697568 -0.388059 0.000000 0.642397 0.424259 0.697568 -0.388059 0.000000 0.642249 0.424228 0.676121 -0.388048 0.000000 0.642101 0.424197 0.676121 -0.388048 0.000000 0.642003 0.424197 0.684447 -0.363608 0.000000 0.641905 0.424197 0.663240 -0.364082 0.000000 
0.642397 0.424259 0.697568 -0.388059 0.000000 0.642249 0.424228 0.676121 -0.388048 0.000000 0.642101 0.424197 0.676121 -0.388048 0.000000 0.642003 0.424197 0.684447 -0.363608 0.000000 0.641905 0.424197 0.663240 -0.364082 0.000000 0.641855 0.424197 0.663240 -0.364082 0.000000 
0.642249 0.424228 0.676121 -0.388048 0.000000 0.642101 0.424197 0.676121 -0.388048 0.000000 0.642003 0.424197 0.684447 -0.363608 0.000000 0.641905 0.424197 0.663240 -0.364082 0.000000 0.641855 0.424197 0.663240 -0.364082 0.000000 0.641806 0.424197 0.663240 -0.364082 0.000000 
0.642101 0.424197 0.676121 -0.388048 0.000000 0.642003 0.424197 0.684447 -0.363608 0.000000 0.641905 0.424197 0.663240 -0.364082 0.000000 0.641855 0.424197 0.663240 -0.364082 0.000000 0.641806 0.424197 0.663240 -0.364082 0.000000 0.641782 0.424197 0.641991 -0.363971 0.000000 
0.642003 0.424197 0.684447 -0.363608 0.000000 0.641905 0.424197 0.663240 -0.364082 0.000000 0.641855 0.424197 0.663240 -0.364082 0.000000 0.641806 0.424197 0.663240 -0.364082 0.000000 0.641782 0.424197 0.641991 -0.363971 0.000000 0.641757 0.424182 0.641991 -0.363971 0.000000 
0.641905 0.424197 0.663240 -0.364082 0.000000 0.641855 0.424197 0.663240 -0.364082 0.000000 0.641806 0.424197 0.663240 -0.364082 0.000000 0.641782 0.424197 0.641991 -0.363971 0.000000 0.641757 0.424182 0.641991 -0.363971 0.000000 0.641732 0.424182 0.641991 -0.363971 0.000000 
0.641855 0.424197 0.663240 -0.364082 0.000000 0.641806 0.424197 0.663240 -0.364082 0.000000 0.641782 0.424197 0.641991 -0.363971 0.000000 0.641757 0.424182 0.641991 -0.363971 0.000000 0.641732 0.424182 0.641991 -0.363971 0.000000 0.641732 0.424166 0.641991 -0.363971 0.000000 
0.641806 0.424197 0.663240 -0.364082 0.000000 0.641782 0.424197 0.641991 -0.363971 0.000000 0.641757 0.424182 0.641991 -0.363971 0.000000 0.641732 0.424182 0.641991 -0.363971 0.000000 0.641732 0.424166 0.641991 -0.363971 0.000000 0.641708 0.424151 0.641991 -0.363971 0.000000 
0.641782 0.424197 0.641991 -0.363971 0.000000 0.641757 0.424182 0.641991 -0.363971 0.000000 0.641732 0.424182 0.641991 -0.363971 0.000000 0.641732 0.424166 0.641991 -0.363971 0.000000 0.641708 0.424151 0.641991 -0.363971 0.000000 0.641708 0.424136 0.641991 -0.363971 0.029326 
0.641757 0.424182 0.641991 -0.363971 0.000000 0.641732 0.424182 0.641991 -0.363971 0.000000 0.641732 0.424166 0.641991 -0.363971 0.000000 0.641708 0.424151 0.641991 -0.363971 0.000000 0.641708 0.424136 0.641991 -0.363971 0.029326 0.641757 0.424136 0.641991 -0.363971 0.183773 
0.641732 0.424182 0.641991 -0.363971 0.000000 0.641732 0.424166 0.641991 -0.363971 0.000000 0.641708 0.424151 0.641991 -0.363971 0.000000 0.641708 0.424136 0.641991 -0.363971 0.029326 0.641757 0.424136 0.641991 -0.363971 0.183773 0.641855 0.424136 0.641991 -0.363971 0.204301 
0.641732 0.424166 0.641991 -0.363971 0.000000 0.641708 0.424151 0.641991 -0.363971 0.000000 0.641708 0.424136 0.641991 -0.363971 0.029326 0.641757 0.424136 0.641991 -0.363971 0.183773 0.641855 0.424136 0.641991 -0.363971 0.204301 0.641954 0.424136 0.641991 -0.363971 0.223851 
0.641708 0.424151 0.641991 -0.363971 0.000000 0.641708 0.424136 0.641991 -0.363971 0.029326 0.641757 0.424136 0.641991 -0.363971 0.183773 0.641855 0.424136 0.641991 -0.363971 0.204301 0.641954 0.424136 0.641991 -0.363971 0.223851 0.642028 0.424136 0.641991 -0.363971 0.241447 
0.641708 0.424136 0.641991 -0.363971 0.029326 0.641757 0.424136 0.641991 -0.363971 0.183773 0.641855 0.424136 0.641991 -0.363971 0.204301 0.641954 0.424136 0.641991 -0.363971 0.223851 0.642028 0.424136 0.641991 -0.363971 0.241447 0.642126 0.424136 0.641991 -0.363971 0.259042 
0.641757 0.424136 0.641991 -0.363971 0.183773 0.641855 0.424136 0.641991 -0.363971 0.204301 0.641954 0.424136 0.641991 -0.363971 0.223851 0.642028 0.424136 0.641991 -0.363971 0.241447 0.642126 0.424136 0.641991 -0.363971 0.259042 0.642200 0.424136 0.641991 -0.363971 0.276637 
0.641855 0.424136 0.641991 -0.363971 0.204301 0.641954 0.424136 0.641991 -0.363971 0.223851 0.642028 0.424136 0.641991 -0.363971 0.241447 0.642126 0.424136 0.641991 -0.363971 0.259042 0.642200 0.424136 0.641991 -0.363971 0.276637 0.642224 0.424136 0.641991 -0.363971 0.293255 
0.641954 0.424136 0.641991 -0.363971 0.223851 0.642028 0.424136 0.641991 -0.363971 0.241447 0.642126 0.424136 0.641991 -0.363971 0.259042 0.642200 0.424136 0.641991 -0.363971 0.276637 0.642224 0.424136 0.641991 -0.363971 0.293255 0.642249 0.424136 0.641991 -0.363971 0.309873 
0.642028 0.424136 0.641991 -0.363971 0.241447 0.642126 0.424136 0.641991 -0.363971 0.259042 0.642200 0.424136 0.641991 -0.363971 0.276637 0.642224 0.424136 0.641991 -0.363971 0.293255 0.642249 0.424136 0.641991 -0.363971 0.309873 0.642274 0.424136 0.641991 -0.363971 0.324536 
0.642126 0.424136 0.641991 -0.363971 0.259042 0.642200 0.424136 0.641991 -0.363971 0.276637 0.642224 0.424136 0.641991 -0.363971 0.293255 0.642249 0.424136 0.641991 -0.363971 0.309873 0.642274 0.424136 0.641991 -0.363971 0.324536 0.642298 0.424136 0.641991 -0.363971 0.340176 
0.642200 0.424136 0.641991 -0.363971 0.276637 0.642224 0.424136 0.641991 -0.363971 0.293255 0.642249 0.424136 0.641991 -0.363971 0.309873 0.642274 0.424136 0.641991 -0.363971 0.324536 0.642298 0.424136 0.641991 -0.363971 0.340176 0.642323 0.424136 0.641991 -0.363971 0.351906 
0.642224 0.424136 0.641991 -0.363971 0.293255 0.642249 0.424136 0.641991 -0.363971 0.309873 0.642274 0.424136 0.641991 -0.363971 0.324536 0.642298 0.424136 0.641991 -0.363971 0.340176 0.642323 0.424136 0.641991 -0.363971 0.351906 0.642347 0.424136 0.641991 -0.363971 0.413490 
0.642249 0.424136 0.641991 -0.363971 0.309873 0.642274 0.424136 0.641991 -0.363971 0.324536 0.642298 0.424136 0.641991 -0.363971 0.340176 0.642323 0.424136 0.641991 -0.363971 0.351906 0.642347 0.424136 0.641991 -0.363971 0.413490 0.642372 0.424136 0.641991 -0.363971 0.424242 
0.642274 0.424136 0.641991 -0.363971 0.324536 0.642298 0.424136 0.641991 -0.363971 0.340176 0.642323 0.424136 0.641991 -0.363971 0.351906 0.642347 0.424136 0.641991 -0.363971 0.413490 0.642372 0.424136 0.641991 -0.363971 0.424242 0.642397 0.424136 0.641991 -0.363971 0.434995 
0.642298 0.424136 0.641991 -0.363971 0.340176 0.642323 0.424136 0.641991 -0.363971 0.351906 0.642347 0.424136 0.641991 -0.363971 0.413490 0.642372 0.424136 0.641991 -0.363971 0.424242 0.642397 0.424136 0.641991 -0.363971 0.434995 0.642421 0.424136 0.641991 -0.363971 0.455523 
0.642323 0.424136 0.641991 -0.363971 0.351906 0.642347 0.424136 0.641991 -0.363971 0.413490 0.642372 0.424136 0.641991 -0.363971 0.424242 0.642397 0.424136 0.641991 -0.363971 0.434995 0.642421 0.424136 0.641991 -0.363971 0.455523 0.642446 0.424136 0.641991 -0.363971 0.465298 
0.642347 0.424136 0.641991 -0.363971 0.413490 0.642372 0.424136 0.641991 -0.363971 0.424242 0.642397 0.424136 0.641991 -0.363971 0.434995 0.642421 0.424136 0.641991 -0.363971 0.455523 0.642446 0.424136 0.641991 -0.363971 0.465298 0.642470 0.424136 0.641991 -0.363971 0.466276 
0.642372 0.424136 0.641991 -0.363971 0.424242 0.642397 0.424136 0.641991 -0.363971 0.434995 0.642421 0.424136 0.641991 -0.363971 0.455523 0.642446 0.424136 0.641991 -0.363971 0.465298 0.642470 0.424136 0.641991 -0.363971 0.466276 0.642470 0.424059 0.641991 -0.363971 0.463343 
0.642397 0.424136 0.641991 -0.363971 0.434995 0.642421 0.424136 0.641991 -0.363971 0.455523 0.642446 0.424136 0.641991 -0.363971 0.465298 0.642470 0.424136 0.641991 -0.363971 0.466276 0.642470 0.424059 0.641991 -0.363971 0.463343 0.642470 0.423967 0.641991 -0.363971 0.458456 
0.642421 0.424136 0.641991 -0.363971 0.455523 0.642446 0.424136 0.641991 -0.363971 0.465298 0.642470 0.424136 0.641991 -0.363971 0.466276 0.642470 0.424059 0.641991 -0.363971 0.463343 0.642470 0.423967 0.641991 -0.363971 0.458456 0.642470 0.423844 0.641991 -0.363971 0.458456 
0.642446 0.424136 0.641991 -0.363971 0.465298 0.642470 0.424136 0.641991 -0.363971 0.466276 0.642470 0.424059 0.641991 -0.363971 0.463343 0.642470 0.423967 0.641991 -0.363971 0.458456 0.642470 0.423844 0.641991 -0.363971 0.458456 0.642470 0.423690 0.641991 -0.363971 0.456501 
0.642470 0.424136 0.641991 -0.363971 0.466276 0.642470 0.424059 0.641991 -0.363971 0.463343 0.642470 0.423967 0.641991 -0.363971 0.458456 0.642470 0.423844 0.641991 -0.363971 0.458456 0.642470 0.423690 0.641991 -0.363971 0.456501 0.642470 0.423505 0.641991 -0.363971 0.456501 
0.642470 0.424059 0.641991 -0.363971 0.463343 0.642470 0.423967 0.641991 -0.363971 0.458456 0.642470 0.423844 0.641991 -0.363971 0.458456 0.642470 0.423690 0.641991 -0.363971 0.456501 0.642470 0.423505 0.641991 -0.363971 0.456501 0.642470 0.423274 0.641991 -0.363971 0.457478 
0.642470 0.423967 0.641991 -0.363971 0.458456 0.642470 0.423844 0.641991 -0.363971 0.458456 0.642470 0.423690 0.641991 -0.363971 0.456501 0.642470 0.423505 0.641991 -0.363971 0.456501 0.642470 0.423274 0.641991 -0.363971 0.457478 0.642470 0.423028 0.641991 -0.363971 0.457478 
0.642470 0.423844 0.641991 -0.363971 0.458456 0.642470 0.423690 0.641991 -0.363971 0.456501 0.642470 0.423505 0.641991 -0.363971 0.456501 0.642470 0.423274 0.641991 -0.363971 0.457478 0.642470 0.423028 0.641991 -0.363971 0.457478 0.642470 0.422752 0.641991 -0.363971 0.458456 
0.642470 0.423690 0.641991 -0.363971 0.456501 0.642470 0.423505 0.641991 -0.363971 0.456501 0.642470 0.423274 0.641991 -0.363971 0.457478 0.642470 0.423028 0.641991 -0.363971 0.457478 0.642470 0.422752 0.641991 -0.363971 0.458456 0.642470 0.422459 0.641991 -0.363971 0.459433 
0.642470 0.423505 0.641991 -0.363971 0.456501 0.642470 0.423274 0.641991 -0.363971 0.457478 0.642470 0.423028 0.641991 -0.363971 0.457478 0.642470 0.422752 0.641991 -0.363971 0.458456 0.642470 0.422459 0.641991 -0.363971 0.459433 0.642495 0.422152 0.641991 -0.363971 0.458456 
0.642470 0.423274 0.641991 -0.363971 0.457478 0.642470 0.423028 0.641991 -0.363971 0.457478 0.642470 0.422752 0.641991 -0.363971 0.458456 0.642470 0.422459 0.641991 -0.363971 0.459433 0.642495 0.422152 0.641991 -0.363971 0.458456 0.642520 0.421813 0.641991 -0.363971 0.456501 
0.642470 0.423028 0.641991 -0.363971 0.457478 0.642470 0.422752 0.641991 -0.363971 0.458456 0.642470 0.422459 0.641991 -0.363971 0.459433 0.642495 0.422152 0.641991 -0.363971 0.458456 0.642520 0.421813 0.641991 -0.363971 0.456501 0.642544 0.421475 0.641991 -0.363971 0.458456 
0.642470 0.422752 0.641991 -0.363971 0.458456 0.642470 0.422459 0.641991 -0.363971 0.459433 0.642495 0.422152 0.641991 -0.363971 0.458456 0.642520 0.421813 0.641991 -0.363971 0.456501 0.642544 0.421475 0.641991 -0.363971 0.458456 0.642569 0.421121 0.641991 -0.363971 0.464321 
0.642470 0.422459 0.641991 -0.363971 0.459433 0.642495 0.422152 0.641991 -0.363971 0.458456 0.642520 0.421813 0.641991 -0.363971 0.456501 0.642544 0.421475 0.641991 -0.363971 0.458456 0.642569 0.421121 0.641991 -0.363971 0.464321 0.642593 0.420783 0.641991 -0.363971 0.460411 
0.642495 0.422152 0.641991 -0.363971 0.458456 0.642520 0.421813 0.641991 -0.363971 0.456501 0.642544 0.421475 0.641991 -0.363971 0.458456 0.642569 0.421121 0.641991 -0.363971 0.464321 0.642593 0.420783 0.641991 -0.363971 0.460411 0.642618 0.420414 0.641991 -0.363971 0.459433 
0.642520 0.421813 0.641991 -0.363971 0.456501 0.642544 0.421475 0.641991 -0.363971 0.458456 0.642569 0.421121 0.641991 -0.363971 0.464321 0.642593 0.420783 0.641991 -0.363971 0.460411 0.642618 0.420414 0.641991 -0.363971 0.459433 0.642643 0.420060 0.620720 -0.363296 0.464321 
0.642544 0.421475 0.641991 -0.363971 0.458456 0.642569 0.421121 0.641991 -0.363971 0.464321 0.642593 0.420783 0.641991 -0.363971 0.460411 0.642618 0.420414 0.641991 -0.363971 0.459433 0.642643 0.420060 0.620720 -0.363296 0.464321 0.642667 0.419707 0.620720 -0.363296 0.463343 
0.642569 0.421121 0.641991 -0.363971 0.464321 0.642593 0.420783 0.641991 -0.363971 0.460411 0.642618 0.420414 0.641991 -0.363971 0.459433 0.642643 0.420060 0.620720 -0.363296 0.464321 0.642667 0.419707 0.620720 -0.363296 0.463343 0.642667 0.419322 0.620720 -0.363296 0.459433 
0.642593 0.420783 0.641991 -0.363971 0.460411 0.642618 0.420414 0.641991 -0.363971 0.459433 0.642643 0.420060 0.620720 -0.363296 0.464321 0.642667 0.419707 0.620720 -0.363296 0.463343 0.642667 0.419322 0.620720 -0.363296 0.459433 0.642692 0.418922 0.620720 -0.363296 0.456501 
0.642618 0.420414 0.641991 -0.363971 0.459433 0.642643 0.420060 0.620720 -0.363296 0.464321 0.642667 0.419707 0.620720 -0.363296 0.463343 0.642667 0.419322 0.620720 -0.363296 0.459433 0.642692 0.418922 0.620720 -0.363296 0.456501 0.642717 0.418492 0.620720 -0.363296 0.455523 
0.642643 0.420060 0.620720 -0.363296 0.464321 0.642667 0.419707 0.620720 -0.363296 0.463343 0.642667 0.419322 0.620720 -0.363296 0.459433 0.642692 0.418922 0.620720 -0.363296 0.456501 0.642717 0.418492 0.620720 -0.363296 0.455523 0.642741 0.418046 0.620720 -0.363296 0.455523 
0.642667 0.419707 0.620720 -0.363296 0.463343 0.642667 0.419322 0.620720 -0.363296 0.459433 0.642692 0.418922 0.620720 -0.363296 0.456501 0.642717 0.418492 0.620720 -0.363296 0.455523 0.642741 0.418046 0.620720 -0.363296 0.455523 0.642766 0.417584 0.620720 -0.363296 0.456501 
0.642667 0.419322 0.620720 -0.363296 0.459433 0.642692 0.418922 0.620720 -0.363296 0.456501 0.642717 0.418492 0.620720 -0.363296 0.455523 0.642741 0.418046 0.620720 -0.363296 0.455523 0.642766 0.417584 0.620720 -0.363296 0.456501 0.642766 0.417092 0.620720 -0.363296 0.456501 
0.642692 0.418922 0.620720 -0.363296 0.456501 0.642717 0.418492 0.620720 -0.363296 0.455523 0.642741 0.418046 0.620720 -0.363296 0.455523 0.642766 0.417584 0.620720 -0.363296 0.456501 0.642766 0.417092 0.620720 -0.363296 0.456501 0.642766 0.415447 0.616243 -0.374103 0.459433 
0.642717 0.418492 0.620720 -0.363296 0.455523 0.642741 0.418046 0.620720 -0.363296 0.455523 0.642766 0.417584 0.620720 -0.363296 0.456501 0.642766 0.417092 0.620720 -0.363296 0.456501 0.642766 0.415447 0.616243 -0.374103 0.459433 0.642766 0.416569 0.620720 -0.363296 0.460411 
0.642741 0.418046 0.620720 -0.363296 0.455523 0.642766 0.417584 0.620720 -0.363296 0.456501 0.642766 0.417092 0.620720 -0.363296 0.456501 0.642766 0.415447 0.616243 -0.374103 0.459433 0.642766 0.416569 0.620720 -0.363296 0.460411 0.642766 0.416016 0.616243 -0.374103 0.456501 
0.642766 0.417584 0.620720 -0.363296 0.456501 0.642766 0.417092 0.620720 -0.363296 0.456501 0.642766 0.415447 0.616243 -0.374103 0.459433 0.642766 0.416569 0.620720 -0.363296 0.460411 0.642766 0.416016 0.616243 -0.374103 0.456501 0.642766 0.414862 0.616243 -0.374103 0.459433 
0.642766 0.417092 0.620720 -0.363296 0.456501 0.642766 0.415447 0.616243 -0.374103 0.459433 0.642766 0.416569 0.620720 -0.363296 0.460411 0.642766 0.416016 0.616243 -0.374103 0.456501 0.642766 0.414862 0.616243 -0.374103 0.459433 0.642766 0.414278 0.616243 -0.374103 0.463343 
0.642766 0.415447 0.616243 -0.374103 0.459433 0.642766 0.416569 0.620720 -0.363296 0.460411 0.642766 0.416016 0.616243 -0.374103 0.456501 0.642766 0.414862 0.616243 -0.374103 0.459433 0.642766 0.414278 0.616243 -0.374103 0.463343 0.642766 0.413663 0.616243 -0.374103 0.460411 
0.642766 0.416569 0.620720 -0.363296 0.460411 0.642766 0.416016 0.616243 -0.374103 0.456501 0.642766 0.414862 0.616243 -0.374103 0.459433 0.642766 0.414278 0.616243 -0.374103 0.463343 0.642766 0.413663 0.616243 -0.374103 0.460411 0.642766 0.413032 0.616243 -0.374103 0.461388 
0.642766 0.416016 0.616243 -0.374103 0.456501 0.642766 0.414862 0.616243 -0.374103 0.459433 0.642766 0.414278 0.616243 -0.374103 0.463343 0.642766 0.413663 0.616243 -0.374103 0.460411 0.642766 0.413032 0.616243 -0.374103 0.461388 0.642766 0.411756 0.594857 -0.372414 0.459433 
0.642766 0.414862 0.616243 -0.374103 0.459433 0.642766 0.414278 0.616243 -0.374103 0.463343 0.642766 0.413663 0.616243 -0.374103 0.460411 0.642766 0.413032 0.616243 -0.374103 0.461388 0.642766 0.411756 0.594857 -0.372414 0.459433 0.642766 0.412402 0.616243 -0.374103 0.458456 
0.642766 0.414278 0.616243 -0.374103 0.463343 0.642766 0.413663 0.616243 -0.374103 0.460411 0.642766 0.413032 0.616243 -0.374103 0.461388 0.642766 0.411756 0.594857 -0.372414 0.459433 0.642766 0.412402 0.616243 -0.374103 0.458456 0.642766 0.411125 0.594857 -0.372414 0.463343 
0.642766 0.413663 0.616243 -0.374103 0.460411 0.642766 0.413032 0.616243 -0.374103 0.461388 0.642766 0.411756 0.594857 -0.372414 0.459433 0.642766 0.412402 0.616243 -0.374103 0.458456 0.642766 0.411125 0.594857 -0.372414 0.463343 0.642766 0.410464 0.594857 -0.372414 0.461388 
0.642766 0.413032 0.616243 -0.374103 0.461388 0.642766 0.411756 0.594857 -0.372414 0.459433 0.642766 0.412402 0.616243 -0.374103 0.458456 0.642766 0.411125 0.594857 -0.372414 0.463343 0.642766 0.410464 0.594857 -0.372414 0.461388 0.642766 0.409803 0.594857 -0.372414 0.465298 
0.642766 0.411756 0.594857 -0.372414 0.459433 0.642766 0.412402 0.616243 -0.374103 0.458456 0.642766 0.411125 0.594857 -0.372414 0.463343 0.642766 0.410464 0.594857 -0.372414 0.461388 0.642766 0.409803 0.594857 -0.372414 0.465298 0.642766 0.409141 0.594857 -0.372414 0.464321 
0.642766 0.412402 0.616243 -0.374103 0.458456 0.642766 0.411125 0.594857 -0.372414 0.463343 0.642766 0.410464 0.594857 -0.372414 0.461388 0.642766 0.409803 0.594857 -0.372414 0.465298 0.642766 0.409141 0.594857 -0.372414 0.464321 0.642741 0.408480 0.594857 -0.372414 0.464321 
0.642766 0.411125 0.594857 -0.372414 0.463343 0.642766 0.410464 0.594857 -0.372414 0.461388 0.642766 0.409803 0.594857 -0.372414 0.465298 0.642766 0.409141 0.594857 -0.372414 0.464321 0.642741 0.408480 0.594857 -0.372414 0.464321 0.642667 0.407834 0.573503 -0.370214 0.464321 
0.642766 0.410464 0.594857 -0.372414 0.461388 0.642766 0.409803 0.594857 -0.372414 0.465298 0.642766 0.409141 0.594857 -0.372414 0.464321 0.642741 0.408480 0.594857 -0.372414 0.464321 0.642667 0.407834 0.573503 -0.370214 0.464321 0.642618 0.407188 0.573503 -0.370214 0.467253 
0.642766 0.409803 0.594857 -0.372414 0.465298 0.642766 0.409141 0.594857 -0.372414 0.464321 0.642741 0.408480 0.594857 -0.372414 0.464321 0.642667 0.407834 0.573503 -0.370214 0.464321 0.642618 0.407188 0.573503 -0.370214 0.467253 0.642618 0.406511 0.573503 -0.370214 0.466276 
0.642766 0.409141 0.594857 -0.372414 0.464321 0.642741 0.408480 0.594857 -0.372414 0.464321 0.642667 0.407834 0.573503 -0.370214 0.464321 0.642618 0.407188 0.573503 -0.370214 0.467253 0.642618 0.406511 0.573503 -0.370214 0.466276 0.642569 0.405835 0.573503 -0.370214 0.469208 
0.642741 0.408480 0.594857 -0.372414 0.464321 0.642667 0.407834 0.573503 -0.370214 0.464321 0.642618 0.407188 0.573503 -0.370214 0.467253 0.642618 0.406511 0.573503 -0.370214 0.466276 0.642569 0.405835 0.573503 -0.370214 0.469208 0.642520 0.405158 0.573503 -0.370214 0.467253 
0.642667 0.407834 0.573503 -0.370214 0.464321 0.642618 0.407188 0.573503 -0.370214 0.467253 0.642618 0.406511 0.573503 -0.370214 0.466276 0.642569 0.405835 0.573503 -0.370214 0.469208 0.642520 0.405158 0.573503 -0.370214 0.467253 0.642470 0.404481 0.573503 -0.370214 0.467253 
0.642618 0.407188 0.573503 -0.370214 0.467253 0.642618 0.406511 0.573503 -0.370214 0.466276 0.642569 0.405835 0.573503 -0.370214 0.469208 0.642520 0.405158 0.573503 -0.370214 0.467253 0.642470 0.404481 0.573503 -0.370214 0.467253 0.642421 0.403836 0.573503 -0.370214 0.466276 
0.642618 0.406511 0.573503 -0.370214 0.466276 0.642569 0.405835 0.573503 -0.370214 0.469208 0.642520 0.405158 0.573503 -0.370214 0.467253 0.642470 0.404481 0.573503 -0.370214 0.467253 0.642421 0.403836 0.573503 -0.370214 0.466276 0.642397 0.403174 0.573503 -0.370214 0.476051 
0.642569 0.405835 0.573503 -0.370214 0.469208 0.642520 0.405158 0.573503 -0.370214 0.467253 0.642470 0.404481 0.573503 -0.370214 0.467253 0.642421 0.403836 0.573503 -0.370214 0.466276 0.642397 0.403174 0.573503 -0.370214 0.476051 0.642323 0.402513 0.573503 -0.370214 0.468231 
0.642520 0.405158 0.573503 -0.370214 0.467253 0.642470 0.404481 0.573503 -0.370214 0.467253 0.642421 0.403836 0.573503 -0.370214 0.466276 0.642397 0.403174 0.573503 -0.370214 0.476051 0.642323 0.402513 0.573503 -0.370214 0.468231 0.642274 0.401790 0.573503 -0.370214 0.467253 
0.642470 0.404481 0.573503 -0.370214 0.467253 0.642421 0.403836 0.573503 -0.370214 0.466276 0.642397 0.403174 0.573503 -0.370214 0.476051 0.642323 0.402513 0.573503 -0.370214 0.468231 0.642274 0.401790 0.573503 -0.370214 0.467253 0.642175 0.401067 0.573503 -0.370214 0.467253 
0.642397 0.403174 0.573503 -0.370214 0.476051 0.642323 0.402513 0.573503 -0.370214 0.468231 0.642274 0.401790 0.573503 -0.370214 0.467253 0.642175 0.401067 0.573503 -0.370214 0.467253 0.641905 0.398883 0.573503 -0.370214 0.479961 0.642101 0.400344 0.573503 -0.370214 0.467253 
0.642323 0.402513 0.573503 -0.370214 0.468231 0.642274 0.401790 0.573503 -0.370214 0.467253 0.642175 0.401067 0.573503 -0.370214 0.467253 0.641905 0.398883 0.573503 -0.370214 0.479961 0.642101 0.400344 0.573503 -0.370214 0.467253 0.642003 0.399622 0.573503 -0.370214 0.470186 
