0.620153 0.441237 0.037041 0.037041 0.000000 0.621211 0.441360 0.037041 0.037041 0.000000 0.622318 0.441452 0.037041 0.037041 0.000000 0.623376 0.441591 0.037041 0.037041 0.000000 0.624409 0.441668 0.037041 0.037041 0.000000 0.625492 0.441729 0.037041 0.037041 0.000000 
0.621211 0.441360 0.037041 0.037041 0.000000 0.622318 0.441452 0.037041 0.037041 0.000000 0.623376 0.441591 0.037041 0.037041 0.000000 0.624409 0.441668 0.037041 0.037041 0.000000 0.625492 0.441729 0.037041 0.037041 0.000000 0.626403 0.441775 0.057907 0.039083 0.000000 
0.622318 0.441452 0.037041 0.037041 0.000000 0.623376 0.441591 0.037041 0.037041 0.000000 0.624409 0.441668 0.037041 0.037041 0.000000 0.625492 0.441729 0.037041 0.037041 0.000000 0.626403 0.441775 0.057907 0.039083 0.000000 0.626403 0.441837 0.037041 0.037041 0.000000 
0.623376 0.441591 0.037041 0.037041 0.000000 0.624409 0.441668 0.037041 0.037041 0.000000 0.625492 0.441729 0.037041 0.037041 0.000000 0.626403 0.441775 0.057907 0.039083 0.000000 0.626403 0.441837 0.037041 0.037041 0.000000 0.627584 0.441883 0.031105 0.015852 0.000000 
0.624409 0.441668 0.037041 0.037041 0.000000 0.625492 0.441729 0.037041 0.037041 0.000000 0.626403 0.441775 0.057907 0.039083 0.000000 0.626403 0.441837 0.037041 0.037041 0.000000 0.627584 0.441883 0.031105 0.015852 0.000000 0.627584 0.441991 0.031105 0.015852 0.000000 
0.625492 0.441729 0.037041 0.037041 0.000000 0.626403 0.441775 0.057907 0.039083 0.000000 0.626403 0.441837 0.037041 0.037041 0.000000 0.627584 0.441883 0.031105 0.015852 0.000000 0.627584 0.441991 0.031105 0.015852 0.000000 0.627584 0.442052 0.031105 0.015852 0.000000 
0.626403 0.441775 0.057907 0.039083 0.000000 0.626403 0.441837 0.037041 0.037041 0.000000 0.627584 0.441883 0.031105 0.015852 0.000000 0.627584 0.441991 0.031105 0.015852 0.000000 0.627584 0.442052 0.031105 0.015852 0.000000 0.627411 0.442114 0.031105 0.015852 0.000000 
0.626403 0.441837 0.037041 0.037041 0.000000 0.627584 0.441883 0.031105 0.015852 0.000000 0.627584 0.441991 0.031105 0.015852 0.000000 0.627584 0.442052 0.031105 0.015852 0.000000 0.627411 0.442114 0.031105 0.015852 0.000000 0.627165 0.442252 0.034907 0.000000 0.000000 
0.627584 0.441883 0.031105 0.015852 0.000000 0.627584 0.441991 0.031105 0.015852 0.000000 0.627584 0.442052 0.031105 0.015852 0.000000 0.627411 0.442114 0.031105 0.015852 0.000000 0.627165 0.442252 0.034907 0.000000 0.000000 0.626944 0.442283 0.034907 0.000000 0.000000 
0.627584 0.441991 0.031105 0.015852 0.000000 0.627584 0.442052 0.031105 0.015852 0.000000 0.627411 0.442114 0.031105 0.015852 0.000000 0.627165 0.442252 0.034907 0.000000 0.000000 0.626944 0.442283 0.034907 0.000000 0.000000 0.626649 0.442360 0.034907 0.000000 0.000000 
0.627584 0.442052 0.031105 0.015852 0.000000 0.627411 0.442114 0.031105 0.015852 0.000000 0.627165 0.442252 0.034907 0.000000 0.000000 0.626944 0.442283 0.034907 0.000000 0.000000 0.626649 0.442360 0.034907 0.000000 0.000000 0.626378 0.442437 0.034907 0.000000 0.000000 
0.627411 0.442114 0.031105 0.015852 0.000000 0.627165 0.442252 0.034907 0.000000 0.000000 0.626944 0.442283 0.034907 0.000000 0.000000 0.626649 0.442360 0.034907 0.000000 0.000000 0.626378 0.442437 0.034907 0.000000 0.000000 0.626378 0.442498 0.034907 0.000000 0.000000 
0.627165 0.442252 0.034907 0.000000 0.000000 0.626944 0.442283 0.034907 0.000000 0.000000 0.626649 0.442360 0.034907 0.000000 0.000000 0.626378 0.442437 0.034907 0.000000 0.000000 0.626378 0.442498 0.034907 0.000000 0.000000 0.626919 0.442544 0.034907 0.000000 0.000000 
0.626944 0.442283 0.034907 0.000000 0.000000 0.626649 0.442360 0.034907 0.000000 0.000000 0.626378 0.442437 0.034907 0.000000 0.000000 0.626378 0.442498 0.034907 0.000000 0.000000 0.626919 0.442544 0.034907 0.000000 0.000000 0.626968 0.442575 0.034907 0.000000 0.000000 
0.626649 0.442360 0.034907 0.000000 0.000000 0.626378 0.442437 0.034907 0.000000 0.000000 0.626378 0.442498 0.034907 0.000000 0.000000 0.626919 0.442544 0.034907 0.000000 0.000000 0.626968 0.442575 0.034907 0.000000 0.000000 0.626993 0.442575 0.034907 0.000000 0.000000 
0.626378 0.442437 0.034907 0.000000 0.000000 0.626378 0.442498 0.034907 0.000000 0.000000 0.626919 0.442544 0.034907 0.000000 0.000000 0.626968 0.442575 0.034907 0.000000 0.000000 0.626993 0.442575 0.034907 0.000000 0.000000 0.627018 0.442575 0.034907 0.000000 0.000000 
0.626378 0.442498 0.034907 0.000000 0.000000 0.626919 0.442544 0.034907 0.000000 0.000000 0.626968 0.442575 0.034907 0.000000 0.000000 0.626993 0.442575 0.034907 0.000000 0.000000 0.627018 0.442575 0.034907 0.000000 0.000000 0.627338 0.442575 0.052360 0.000000 0.000000 
0.626919 0.442544 0.034907 0.000000 0.000000 0.626968 0.442575 0.034907 0.000000 0.000000 0.626993 0.442575 0.034907 0.000000 0.000000 0.627018 0.442575 0.034907 0.000000 0.000000 0.627338 0.442575 0.052360 0.000000 0.000000 0.627879 0.442575 0.052360 0.000000 0.000000 
0.626968 0.442575 0.034907 0.000000 0.000000 0.626993 0.442575 0.034907 0.000000 0.000000 0.627018 0.442575 0.034907 0.000000 0.000000 0.627338 0.442575 0.052360 0.000000 0.000000 0.627879 0.442575 0.052360 0.000000 0.000000 0.628273 0.442560 0.052360 0.000000 0.000000 
0.626993 0.442575 0.034907 0.000000 0.000000 0.627018 0.442575 0.034907 0.000000 0.000000 0.627338 0.442575 0.052360 0.000000 0.000000 0.627879 0.442575 0.052360 0.000000 0.000000 0.628273 0.442560 0.052360 0.000000 0.000000 0.628273 0.442467 0.052360 0.000000 0.000000 
0.627018 0.442575 0.034907 0.000000 0.000000 0.627338 0.442575 0.052360 0.000000 0.000000 0.627879 0.442575 0.052360 0.000000 0.000000 0.628273 0.442560 0.052360 0.000000 0.000000 0.628273 0.442467 0.052360 0.000000 0.000000 0.628273 0.442360 0.052360 0.000000 0.000000 
0.627338 0.442575 0.052360 0.000000 0.000000 0.627879 0.442575 0.052360 0.000000 0.000000 0.628273 0.442560 0.052360 0.000000 0.000000 0.628273 0.442467 0.052360 0.000000 0.000000 0.628273 0.442360 0.052360 0.000000 0.000000 0.628322 0.442252 0.052360 0.000000 0.000000 
0.627879 0.442575 0.052360 0.000000 0.000000 0.628273 0.442560 0.052360 0.000000 0.000000 0.628273 0.442467 0.052360 0.000000 0.000000 0.628273 0.442360 0.052360 0.000000 0.000000 0.628322 0.442252 0.052360 0.000000 0.000000 0.628322 0.442083 0.052360 0.000000 0.000000 
0.628273 0.442560 0.052360 0.000000 0.000000 0.628273 0.442467 0.052360 0.000000 0.000000 0.628273 0.442360 0.052360 0.000000 0.000000 0.628322 0.442252 0.052360 0.000000 0.000000 0.628322 0.442083 0.052360 0.000000 0.000000 0.628322 0.441821 0.052360 0.000000 0.000000 
0.628273 0.442467 0.052360 0.000000 0.000000 0.628273 0.442360 0.052360 0.000000 0.000000 0.628322 0.442252 0.052360 0.000000 0.000000 0.628322 0.442083 0.052360 0.000000 0.000000 0.628322 0.441821 0.052360 0.000000 0.000000 0.627904 0.441698 0.052360 0.000000 0.000000 
0.628273 0.442360 0.052360 0.000000 0.000000 0.628322 0.442252 0.052360 0.000000 0.000000 0.628322 0.442083 0.052360 0.000000 0.000000 0.628322 0.441821 0.052360 0.000000 0.000000 0.627904 0.441698 0.052360 0.000000 0.000000 0.627288 0.441575 0.067746 -0.016915 0.000000 
0.628322 0.442252 0.052360 0.000000 0.000000 0.628322 0.442083 0.052360 0.000000 0.000000 0.628322 0.441821 0.052360 0.000000 0.000000 0.627904 0.441698 0.052360 0.000000 0.000000 0.627288 0.441575 0.067746 -0.016915 0.000000 0.626575 0.441422 0.067746 -0.016915 0.000000 
0.628322 0.442083 0.052360 0.000000 0.000000 0.628322 0.441821 0.052360 0.000000 0.000000 0.627904 0.441698 0.052360 0.000000 0.000000 0.627288 0.441575 0.067746 -0.016915 0.000000 0.626575 0.441422 0.067746 -0.016915 0.000000 0.625763 0.441283 0.080941 -0.032762 0.000000 
