0.622170 0.443805 0.636882 0.142806 1.000000 0.622785 0.443406 0.636882 0.142806 1.000000 0.623425 0.442990 0.636882 0.142806 1.000000 0.624114 0.442560 0.636882 0.142806 1.000000 0.624779 0.442114 0.636882 0.142806 1.000000 0.625492 0.441652 0.639828 0.117340 1.000000 
0.622785 0.443406 0.636882 0.142806 1.000000 0.623425 0.442990 0.636882 0.142806 1.000000 0.624114 0.442560 0.636882 0.142806 1.000000 0.624779 0.442114 0.636882 0.142806 1.000000 0.625492 0.441652 0.639828 0.117340 1.000000 0.626206 0.441206 0.639828 0.117340 1.000000 
0.623425 0.442990 0.636882 0.142806 1.000000 0.624114 0.442560 0.636882 0.142806 1.000000 0.624779 0.442114 0.636882 0.142806 1.000000 0.625492 0.441652 0.639828 0.117340 1.000000 0.626206 0.441206 0.639828 0.117340 1.000000 0.626895 0.440745 0.639828 0.117340 1.000000 
0.624114 0.442560 0.636882 0.142806 1.000000 0.624779 0.442114 0.636882 0.142806 1.000000 0.625492 0.441652 0.639828 0.117340 1.000000 0.626206 0.441206 0.639828 0.117340 1.000000 0.626895 0.440745 0.639828 0.117340 1.000000 0.627510 0.440314 0.621056 0.125500 1.000000 
0.624779 0.442114 0.636882 0.142806 1.000000 0.625492 0.441652 0.639828 0.117340 1.000000 0.626206 0.441206 0.639828 0.117340 1.000000 0.626895 0.440745 0.639828 0.117340 1.000000 0.627510 0.440314 0.621056 0.125500 1.000000 0.628125 0.439868 0.621056 0.125500 1.000000 
0.625492 0.441652 0.639828 0.117340 1.000000 0.626206 0.441206 0.639828 0.117340 1.000000 0.626895 0.440745 0.639828 0.117340 1.000000 0.627510 0.440314 0.621056 0.125500 1.000000 0.628125 0.439868 0.621056 0.125500 1.000000 0.628716 0.439422 0.621056 0.125500 1.000000 
0.626206 0.441206 0.639828 0.117340 1.000000 0.626895 0.440745 0.639828 0.117340 1.000000 0.627510 0.440314 0.621056 0.125500 1.000000 0.628125 0.439868 0.621056 0.125500 1.000000 0.628716 0.439422 0.621056 0.125500 1.000000 0.629257 0.438976 0.621056 0.125500 1.000000 
0.626895 0.440745 0.639828 0.117340 1.000000 0.627510 0.440314 0.621056 0.125500 1.000000 0.628125 0.439868 0.621056 0.125500 1.000000 0.628716 0.439422 0.621056 0.125500 1.000000 0.629257 0.438976 0.621056 0.125500 1.000000 0.629749 0.438577 0.621056 0.125500 1.000000 
0.627510 0.440314 0.621056 0.125500 1.000000 0.628125 0.439868 0.621056 0.125500 1.000000 0.628716 0.439422 0.621056 0.125500 1.000000 0.629257 0.438976 0.621056 0.125500 1.000000 0.629749 0.438577 0.621056 0.125500 1.000000 0.630315 0.438100 0.621056 0.125500 1.000000 
0.628125 0.439868 0.621056 0.125500 1.000000 0.628716 0.439422 0.621056 0.125500 1.000000 0.629257 0.438976 0.621056 0.125500 1.000000 0.629749 0.438577 0.621056 0.125500 1.000000 0.630315 0.438100 0.621056 0.125500 1.000000 0.630832 0.437623 0.621056 0.125500 1.000000 
0.628716 0.439422 0.621056 0.125500 1.000000 0.629257 0.438976 0.621056 0.125500 1.000000 0.629749 0.438577 0.621056 0.125500 1.000000 0.630315 0.438100 0.621056 0.125500 1.000000 0.630832 0.437623 0.621056 0.125500 1.000000 0.631348 0.437131 0.603691 0.120996 1.000000 
0.629257 0.438976 0.621056 0.125500 1.000000 0.629749 0.438577 0.621056 0.125500 1.000000 0.630315 0.438100 0.621056 0.125500 1.000000 0.630832 0.437623 0.621056 0.125500 1.000000 0.631348 0.437131 0.603691 0.120996 1.000000 0.631890 0.436654 0.603691 0.120996 1.000000 
0.629749 0.438577 0.621056 0.125500 1.000000 0.630315 0.438100 0.621056 0.125500 1.000000 0.630832 0.437623 0.621056 0.125500 1.000000 0.631348 0.437131 0.603691 0.120996 1.000000 0.631890 0.436654 0.603691 0.120996 1.000000 0.632480 0.436162 0.603691 0.120996 1.000000 
0.630315 0.438100 0.621056 0.125500 1.000000 0.630832 0.437623 0.621056 0.125500 1.000000 0.631348 0.437131 0.603691 0.120996 1.000000 0.631890 0.436654 0.603691 0.120996 1.000000 0.632480 0.436162 0.603691 0.120996 1.000000 0.633096 0.435670 0.603691 0.120996 1.000000 
0.630832 0.437623 0.621056 0.125500 1.000000 0.631348 0.437131 0.603691 0.120996 1.000000 0.631890 0.436654 0.603691 0.120996 1.000000 0.632480 0.436162 0.603691 0.120996 1.000000 0.633096 0.435670 0.603691 0.120996 1.000000 0.633735 0.435162 0.603691 0.120996 1.000000 
0.631348 0.437131 0.603691 0.120996 1.000000 0.631890 0.436654 0.603691 0.120996 1.000000 0.632480 0.436162 0.603691 0.120996 1.000000 0.633096 0.435670 0.603691 0.120996 1.000000 0.633735 0.435162 0.603691 0.120996 1.000000 0.634400 0.434655 0.603691 0.120996 1.000000 
0.631890 0.436654 0.603691 0.120996 1.000000 0.632480 0.436162 0.603691 0.120996 1.000000 0.633096 0.435670 0.603691 0.120996 1.000000 0.633735 0.435162 0.603691 0.120996 1.000000 0.634400 0.434655 0.603691 0.120996 1.000000 0.634990 0.434209 0.603691 0.120996 1.000000 
0.632480 0.436162 0.603691 0.120996 1.000000 0.633096 0.435670 0.603691 0.120996 1.000000 0.633735 0.435162 0.603691 0.120996 1.000000 0.634400 0.434655 0.603691 0.120996 1.000000 0.634990 0.434209 0.603691 0.120996 1.000000 0.635605 0.433778 0.603691 0.120996 1.000000 
0.633096 0.435670 0.603691 0.120996 1.000000 0.633735 0.435162 0.603691 0.120996 1.000000 0.634400 0.434655 0.603691 0.120996 1.000000 0.634990 0.434209 0.603691 0.120996 1.000000 0.635605 0.433778 0.603691 0.120996 1.000000 0.636196 0.433363 0.603691 0.120996 1.000000 
0.633735 0.435162 0.603691 0.120996 1.000000 0.634400 0.434655 0.603691 0.120996 1.000000 0.634990 0.434209 0.603691 0.120996 1.000000 0.635605 0.433778 0.603691 0.120996 1.000000 0.636196 0.433363 0.603691 0.120996 1.000000 0.636811 0.432963 0.603691 0.120996 1.000000 
0.634400 0.434655 0.603691 0.120996 1.000000 0.634990 0.434209 0.603691 0.120996 1.000000 0.635605 0.433778 0.603691 0.120996 1.000000 0.636196 0.433363 0.603691 0.120996 1.000000 0.636811 0.432963 0.603691 0.120996 1.000000 0.637402 0.432548 0.603691 0.120996 1.000000 
0.634990 0.434209 0.603691 0.120996 1.000000 0.635605 0.433778 0.603691 0.120996 1.000000 0.636196 0.433363 0.603691 0.120996 1.000000 0.636811 0.432963 0.603691 0.120996 1.000000 0.637402 0.432548 0.603691 0.120996 1.000000 0.638017 0.432133 0.603691 0.120996 1.000000 
0.635605 0.433778 0.603691 0.120996 1.000000 0.636196 0.433363 0.603691 0.120996 1.000000 0.636811 0.432963 0.603691 0.120996 1.000000 0.637402 0.432548 0.603691 0.120996 1.000000 0.638017 0.432133 0.603691 0.120996 1.000000 0.638657 0.431702 0.621056 0.125500 1.000000 
0.636196 0.433363 0.603691 0.120996 1.000000 0.636811 0.432963 0.603691 0.120996 1.000000 0.637402 0.432548 0.603691 0.120996 1.000000 0.638017 0.432133 0.603691 0.120996 1.000000 0.638657 0.431702 0.621056 0.125500 1.000000 0.639296 0.431272 0.621056 0.125500 1.000000 
0.636811 0.432963 0.603691 0.120996 1.000000 0.637402 0.432548 0.603691 0.120996 1.000000 0.638017 0.432133 0.603691 0.120996 1.000000 0.638657 0.431702 0.621056 0.125500 1.000000 0.639296 0.431272 0.621056 0.125500 1.000000 0.639961 0.430826 0.621056 0.125500 1.000000 
0.637402 0.432548 0.603691 0.120996 1.000000 0.638017 0.432133 0.603691 0.120996 1.000000 0.638657 0.431702 0.621056 0.125500 1.000000 0.639296 0.431272 0.621056 0.125500 1.000000 0.639961 0.430826 0.621056 0.125500 1.000000 0.640674 0.430364 0.621056 0.125500 1.000000 
0.638017 0.432133 0.603691 0.120996 1.000000 0.638657 0.431702 0.621056 0.125500 1.000000 0.639296 0.431272 0.621056 0.125500 1.000000 0.639961 0.430826 0.621056 0.125500 1.000000 0.640674 0.430364 0.621056 0.125500 1.000000 0.641412 0.429872 0.621056 0.125500 1.000000 
0.638657 0.431702 0.621056 0.125500 1.000000 0.639296 0.431272 0.621056 0.125500 1.000000 0.639961 0.430826 0.621056 0.125500 1.000000 0.640674 0.430364 0.621056 0.125500 1.000000 0.641412 0.429872 0.621056 0.125500 1.000000 0.642101 0.429395 0.621056 0.125500 1.000000 
0.639296 0.431272 0.621056 0.125500 1.000000 0.639961 0.430826 0.621056 0.125500 1.000000 0.640674 0.430364 0.621056 0.125500 1.000000 0.641412 0.429872 0.621056 0.125500 1.000000 0.642101 0.429395 0.621056 0.125500 1.000000 0.642766 0.428949 0.621056 0.125500 1.000000 
0.639961 0.430826 0.621056 0.125500 1.000000 0.640674 0.430364 0.621056 0.125500 1.000000 0.641412 0.429872 0.621056 0.125500 1.000000 0.642101 0.429395 0.621056 0.125500 1.000000 0.642766 0.428949 0.621056 0.125500 1.000000 0.643405 0.428519 0.639828 0.117340 1.000000 
0.640674 0.430364 0.621056 0.125500 1.000000 0.641412 0.429872 0.621056 0.125500 1.000000 0.642101 0.429395 0.621056 0.125500 1.000000 0.642766 0.428949 0.621056 0.125500 1.000000 0.643405 0.428519 0.639828 0.117340 1.000000 0.644021 0.428103 0.639828 0.117340 1.000000 
0.641412 0.429872 0.621056 0.125500 1.000000 0.642101 0.429395 0.621056 0.125500 1.000000 0.642766 0.428949 0.621056 0.125500 1.000000 0.643405 0.428519 0.639828 0.117340 1.000000 0.644021 0.428103 0.639828 0.117340 1.000000 0.644660 0.427688 0.639828 0.117340 1.000000 
0.642101 0.429395 0.621056 0.125500 1.000000 0.642766 0.428949 0.621056 0.125500 1.000000 0.643405 0.428519 0.639828 0.117340 1.000000 0.644021 0.428103 0.639828 0.117340 1.000000 0.644660 0.427688 0.639828 0.117340 1.000000 0.645251 0.427288 0.639828 0.117340 1.000000 
0.642766 0.428949 0.621056 0.125500 1.000000 0.643405 0.428519 0.639828 0.117340 1.000000 0.644021 0.428103 0.639828 0.117340 1.000000 0.644660 0.427688 0.639828 0.117340 1.000000 0.645251 0.427288 0.639828 0.117340 1.000000 0.645817 0.426919 0.639828 0.117340 1.000000 
0.643405 0.428519 0.639828 0.117340 1.000000 0.644021 0.428103 0.639828 0.117340 1.000000 0.644660 0.427688 0.639828 0.117340 1.000000 0.645251 0.427288 0.639828 0.117340 1.000000 0.645817 0.426919 0.639828 0.117340 1.000000 0.646334 0.426581 0.639828 0.117340 1.000000 
0.644021 0.428103 0.639828 0.117340 1.000000 0.644660 0.427688 0.639828 0.117340 1.000000 0.645251 0.427288 0.639828 0.117340 1.000000 0.645817 0.426919 0.639828 0.117340 1.000000 0.646334 0.426581 0.639828 0.117340 1.000000 0.646875 0.426243 0.639828 0.117340 1.000000 
0.644660 0.427688 0.639828 0.117340 1.000000 0.645251 0.427288 0.639828 0.117340 1.000000 0.645817 0.426919 0.639828 0.117340 1.000000 0.646334 0.426581 0.639828 0.117340 1.000000 0.646875 0.426243 0.639828 0.117340 1.000000 0.647416 0.425889 0.639828 0.117340 1.000000 
0.645251 0.427288 0.639828 0.117340 1.000000 0.645817 0.426919 0.639828 0.117340 1.000000 0.646334 0.426581 0.639828 0.117340 1.000000 0.646875 0.426243 0.639828 0.117340 1.000000 0.647416 0.425889 0.639828 0.117340 1.000000 0.647958 0.425520 0.639828 0.117340 1.000000 
0.645817 0.426919 0.639828 0.117340 1.000000 0.646334 0.426581 0.639828 0.117340 1.000000 0.646875 0.426243 0.639828 0.117340 1.000000 0.647416 0.425889 0.639828 0.117340 1.000000 0.647958 0.425520 0.639828 0.117340 1.000000 0.648499 0.425166 0.657224 0.121617 1.000000 
0.646334 0.426581 0.639828 0.117340 1.000000 0.646875 0.426243 0.639828 0.117340 1.000000 0.647416 0.425889 0.639828 0.117340 1.000000 0.647958 0.425520 0.639828 0.117340 1.000000 0.648499 0.425166 0.657224 0.121617 1.000000 0.649016 0.424828 0.657224 0.121617 1.000000 
0.646875 0.426243 0.639828 0.117340 1.000000 0.647416 0.425889 0.639828 0.117340 1.000000 0.647958 0.425520 0.639828 0.117340 1.000000 0.648499 0.425166 0.657224 0.121617 1.000000 0.649016 0.424828 0.657224 0.121617 1.000000 0.649532 0.424474 0.657224 0.121617 1.000000 
0.647416 0.425889 0.639828 0.117340 1.000000 0.647958 0.425520 0.639828 0.117340 1.000000 0.648499 0.425166 0.657224 0.121617 1.000000 0.649016 0.424828 0.657224 0.121617 1.000000 0.649532 0.424474 0.657224 0.121617 1.000000 0.650074 0.424105 0.657224 0.121617 1.000000 
0.647958 0.425520 0.639828 0.117340 1.000000 0.648499 0.425166 0.657224 0.121617 1.000000 0.649016 0.424828 0.657224 0.121617 1.000000 0.649532 0.424474 0.657224 0.121617 1.000000 0.650074 0.424105 0.657224 0.121617 1.000000 0.650640 0.423720 0.657224 0.121617 1.000000 
0.648499 0.425166 0.657224 0.121617 1.000000 0.649016 0.424828 0.657224 0.121617 1.000000 0.649532 0.424474 0.657224 0.121617 1.000000 0.650074 0.424105 0.657224 0.121617 1.000000 0.650640 0.423720 0.657224 0.121617 1.000000 0.651206 0.423321 0.657224 0.121617 1.000000 
0.649016 0.424828 0.657224 0.121617 1.000000 0.649532 0.424474 0.657224 0.121617 1.000000 0.650074 0.424105 0.657224 0.121617 1.000000 0.650640 0.423720 0.657224 0.121617 1.000000 0.651206 0.423321 0.657224 0.121617 1.000000 0.651772 0.422921 0.639828 0.117340 1.000000 
0.649532 0.424474 0.657224 0.121617 1.000000 0.650074 0.424105 0.657224 0.121617 1.000000 0.650640 0.423720 0.657224 0.121617 1.000000 0.651206 0.423321 0.657224 0.121617 1.000000 0.651772 0.422921 0.639828 0.117340 1.000000 0.652313 0.422521 0.639828 0.117340 1.000000 
0.650074 0.424105 0.657224 0.121617 1.000000 0.650640 0.423720 0.657224 0.121617 1.000000 0.651206 0.423321 0.657224 0.121617 1.000000 0.651772 0.422921 0.639828 0.117340 1.000000 0.652313 0.422521 0.639828 0.117340 1.000000 0.652830 0.422136 0.639828 0.117340 1.000000 
0.650640 0.423720 0.657224 0.121617 1.000000 0.651206 0.423321 0.657224 0.121617 1.000000 0.651772 0.422921 0.639828 0.117340 1.000000 0.652313 0.422521 0.639828 0.117340 1.000000 0.652830 0.422136 0.639828 0.117340 1.000000 0.653346 0.421767 0.639828 0.117340 1.000000 
0.651206 0.423321 0.657224 0.121617 1.000000 0.651772 0.422921 0.639828 0.117340 1.000000 0.652313 0.422521 0.639828 0.117340 1.000000 0.652830 0.422136 0.639828 0.117340 1.000000 0.653346 0.421767 0.639828 0.117340 1.000000 0.653888 0.421383 0.639828 0.117340 1.000000 
0.651772 0.422921 0.639828 0.117340 1.000000 0.652313 0.422521 0.639828 0.117340 1.000000 0.652830 0.422136 0.639828 0.117340 1.000000 0.653346 0.421767 0.639828 0.117340 1.000000 0.653888 0.421383 0.639828 0.117340 1.000000 0.654405 0.420998 0.639828 0.117340 1.000000 
0.652313 0.422521 0.639828 0.117340 1.000000 0.652830 0.422136 0.639828 0.117340 1.000000 0.653346 0.421767 0.639828 0.117340 1.000000 0.653888 0.421383 0.639828 0.117340 1.000000 0.654405 0.420998 0.639828 0.117340 1.000000 0.654921 0.420614 0.639828 0.117340 1.000000 
0.652830 0.422136 0.639828 0.117340 1.000000 0.653346 0.421767 0.639828 0.117340 1.000000 0.653888 0.421383 0.639828 0.117340 1.000000 0.654405 0.420998 0.639828 0.117340 1.000000 0.654921 0.420614 0.639828 0.117340 1.000000 0.655487 0.420245 0.639828 0.117340 1.000000 
0.653346 0.421767 0.639828 0.117340 1.000000 0.653888 0.421383 0.639828 0.117340 1.000000 0.654405 0.420998 0.639828 0.117340 1.000000 0.654921 0.420614 0.639828 0.117340 1.000000 0.655487 0.420245 0.639828 0.117340 1.000000 0.656029 0.419906 0.639828 0.117340 1.000000 
0.653888 0.421383 0.639828 0.117340 1.000000 0.654405 0.420998 0.639828 0.117340 1.000000 0.654921 0.420614 0.639828 0.117340 1.000000 0.655487 0.420245 0.639828 0.117340 1.000000 0.656029 0.419906 0.639828 0.117340 1.000000 0.656570 0.419553 0.639828 0.117340 1.000000 
0.654405 0.420998 0.639828 0.117340 1.000000 0.654921 0.420614 0.639828 0.117340 1.000000 0.655487 0.420245 0.639828 0.117340 1.000000 0.656029 0.419906 0.639828 0.117340 1.000000 0.656570 0.419553 0.639828 0.117340 1.000000 0.657136 0.419184 0.639828 0.117340 1.000000 
0.654921 0.420614 0.639828 0.117340 1.000000 0.655487 0.420245 0.639828 0.117340 1.000000 0.656029 0.419906 0.639828 0.117340 1.000000 0.656570 0.419553 0.639828 0.117340 1.000000 0.657136 0.419184 0.639828 0.117340 1.000000 0.657726 0.418815 0.639828 0.117340 1.000000 
0.655487 0.420245 0.639828 0.117340 1.000000 0.656029 0.419906 0.639828 0.117340 1.000000 0.656570 0.419553 0.639828 0.117340 1.000000 0.657136 0.419184 0.639828 0.117340 1.000000 0.657726 0.418815 0.639828 0.117340 1.000000 0.658317 0.418430 0.621056 0.125500 1.000000 
0.656029 0.419906 0.639828 0.117340 1.000000 0.656570 0.419553 0.639828 0.117340 1.000000 0.657136 0.419184 0.639828 0.117340 1.000000 0.657726 0.418815 0.639828 0.117340 1.000000 0.658317 0.418430 0.621056 0.125500 1.000000 0.658883 0.418061 0.621056 0.125500 1.000000 
0.656570 0.419553 0.639828 0.117340 1.000000 0.657136 0.419184 0.639828 0.117340 1.000000 0.657726 0.418815 0.639828 0.117340 1.000000 0.658317 0.418430 0.621056 0.125500 1.000000 0.658883 0.418061 0.621056 0.125500 1.000000 0.659424 0.417723 0.621056 0.125500 1.000000 
0.657136 0.419184 0.639828 0.117340 1.000000 0.657726 0.418815 0.639828 0.117340 1.000000 0.658317 0.418430 0.621056 0.125500 1.000000 0.658883 0.418061 0.621056 0.125500 1.000000 0.659424 0.417723 0.621056 0.125500 1.000000 0.659892 0.417400 0.621056 0.125500 1.000000 
0.657726 0.418815 0.639828 0.117340 1.000000 0.658317 0.418430 0.621056 0.125500 1.000000 0.658883 0.418061 0.621056 0.125500 1.000000 0.659424 0.417723 0.621056 0.125500 1.000000 0.659892 0.417400 0.621056 0.125500 1.000000 0.660384 0.417092 0.621056 0.125500 1.000000 
0.658317 0.418430 0.621056 0.125500 1.000000 0.658883 0.418061 0.621056 0.125500 1.000000 0.659424 0.417723 0.621056 0.125500 1.000000 0.659892 0.417400 0.621056 0.125500 1.000000 0.660384 0.417092 0.621056 0.125500 1.000000 0.660901 0.416754 0.621056 0.125500 1.000000 
0.658883 0.418061 0.621056 0.125500 1.000000 0.659424 0.417723 0.621056 0.125500 1.000000 0.659892 0.417400 0.621056 0.125500 1.000000 0.660384 0.417092 0.621056 0.125500 1.000000 0.660901 0.416754 0.621056 0.125500 1.000000 0.661417 0.416400 0.621056 0.125500 1.000000 
0.659424 0.417723 0.621056 0.125500 1.000000 0.659892 0.417400 0.621056 0.125500 1.000000 0.660384 0.417092 0.621056 0.125500 1.000000 0.660901 0.416754 0.621056 0.125500 1.000000 0.661417 0.416400 0.621056 0.125500 1.000000 0.661959 0.416062 0.621056 0.125500 1.000000 
0.659892 0.417400 0.621056 0.125500 1.000000 0.660384 0.417092 0.621056 0.125500 1.000000 0.660901 0.416754 0.621056 0.125500 1.000000 0.661417 0.416400 0.621056 0.125500 1.000000 0.661959 0.416062 0.621056 0.125500 1.000000 0.662426 0.415723 0.621056 0.125500 1.000000 
0.660384 0.417092 0.621056 0.125500 1.000000 0.660901 0.416754 0.621056 0.125500 1.000000 0.661417 0.416400 0.621056 0.125500 1.000000 0.661959 0.416062 0.621056 0.125500 1.000000 0.662426 0.415723 0.621056 0.125500 1.000000 0.662943 0.415400 0.621056 0.125500 1.000000 
0.660901 0.416754 0.621056 0.125500 1.000000 0.661417 0.416400 0.621056 0.125500 1.000000 0.661959 0.416062 0.621056 0.125500 1.000000 0.662426 0.415723 0.621056 0.125500 1.000000 0.662943 0.415400 0.621056 0.125500 1.000000 0.663435 0.415062 0.621056 0.125500 1.000000 
0.661417 0.416400 0.621056 0.125500 1.000000 0.661959 0.416062 0.621056 0.125500 1.000000 0.662426 0.415723 0.621056 0.125500 1.000000 0.662943 0.415400 0.621056 0.125500 1.000000 0.663435 0.415062 0.621056 0.125500 1.000000 0.663927 0.414739 0.621056 0.125500 1.000000 
0.661959 0.416062 0.621056 0.125500 1.000000 0.662426 0.415723 0.621056 0.125500 1.000000 0.662943 0.415400 0.621056 0.125500 1.000000 0.663435 0.415062 0.621056 0.125500 1.000000 0.663927 0.414739 0.621056 0.125500 1.000000 0.664395 0.414432 0.621056 0.125500 1.000000 
0.662426 0.415723 0.621056 0.125500 1.000000 0.662943 0.415400 0.621056 0.125500 1.000000 0.663435 0.415062 0.621056 0.125500 1.000000 0.663927 0.414739 0.621056 0.125500 1.000000 0.664395 0.414432 0.621056 0.125500 1.000000 0.664813 0.414155 0.621056 0.125500 1.000000 
0.662943 0.415400 0.621056 0.125500 1.000000 0.663435 0.415062 0.621056 0.125500 1.000000 0.663927 0.414739 0.621056 0.125500 1.000000 0.664395 0.414432 0.621056 0.125500 1.000000 0.664813 0.414155 0.621056 0.125500 1.000000 0.665157 0.413909 0.621056 0.125500 1.000000 
0.663435 0.415062 0.621056 0.125500 1.000000 0.663927 0.414739 0.621056 0.125500 1.000000 0.664395 0.414432 0.621056 0.125500 1.000000 0.664813 0.414155 0.621056 0.125500 1.000000 0.665157 0.413909 0.621056 0.125500 1.000000 0.665527 0.413693 0.621056 0.125500 1.000000 
0.663927 0.414739 0.621056 0.125500 1.000000 0.664395 0.414432 0.621056 0.125500 1.000000 0.664813 0.414155 0.621056 0.125500 1.000000 0.665157 0.413909 0.621056 0.125500 1.000000 0.665527 0.413693 0.621056 0.125500 1.000000 0.665822 0.413493 0.621056 0.125500 1.000000 
0.664395 0.414432 0.621056 0.125500 1.000000 0.664813 0.414155 0.621056 0.125500 1.000000 0.665157 0.413909 0.621056 0.125500 1.000000 0.665527 0.413693 0.621056 0.125500 1.000000 0.665822 0.413493 0.621056 0.125500 1.000000 0.666117 0.413309 0.621056 0.125500 1.000000 
0.664813 0.414155 0.621056 0.125500 1.000000 0.665157 0.413909 0.621056 0.125500 1.000000 0.665527 0.413693 0.621056 0.125500 1.000000 0.665822 0.413493 0.621056 0.125500 1.000000 0.666117 0.413309 0.621056 0.125500 1.000000 0.666363 0.413124 0.621056 0.125500 1.000000 
0.665157 0.413909 0.621056 0.125500 1.000000 0.665527 0.413693 0.621056 0.125500 1.000000 0.665822 0.413493 0.621056 0.125500 1.000000 0.666117 0.413309 0.621056 0.125500 1.000000 0.666363 0.413124 0.621056 0.125500 1.000000 0.666585 0.412986 0.621056 0.125500 1.000000 
0.665527 0.413693 0.621056 0.125500 1.000000 0.665822 0.413493 0.621056 0.125500 1.000000 0.666117 0.413309 0.621056 0.125500 1.000000 0.666363 0.413124 0.621056 0.125500 1.000000 0.666585 0.412986 0.621056 0.125500 1.000000 0.666806 0.412848 0.621056 0.125500 1.000000 
0.665822 0.413493 0.621056 0.125500 1.000000 0.666117 0.413309 0.621056 0.125500 1.000000 0.666363 0.413124 0.621056 0.125500 1.000000 0.666585 0.412986 0.621056 0.125500 1.000000 0.666806 0.412848 0.621056 0.125500 1.000000 0.666978 0.412740 0.621056 0.125500 1.000000 
0.666117 0.413309 0.621056 0.125500 1.000000 0.666363 0.413124 0.621056 0.125500 1.000000 0.666585 0.412986 0.621056 0.125500 1.000000 0.666806 0.412848 0.621056 0.125500 1.000000 0.666978 0.412740 0.621056 0.125500 1.000000 0.667151 0.412632 0.621056 0.125500 1.000000 
0.666363 0.413124 0.621056 0.125500 1.000000 0.666585 0.412986 0.621056 0.125500 1.000000 0.666806 0.412848 0.621056 0.125500 1.000000 0.666978 0.412740 0.621056 0.125500 1.000000 0.667151 0.412632 0.621056 0.125500 1.000000 0.667249 0.412555 0.621056 0.125500 1.000000 
0.666585 0.412986 0.621056 0.125500 1.000000 0.666806 0.412848 0.621056 0.125500 1.000000 0.666978 0.412740 0.621056 0.125500 1.000000 0.667151 0.412632 0.621056 0.125500 1.000000 0.667249 0.412555 0.621056 0.125500 1.000000 0.667372 0.412478 0.621056 0.125500 1.000000 
0.666806 0.412848 0.621056 0.125500 1.000000 0.666978 0.412740 0.621056 0.125500 1.000000 0.667151 0.412632 0.621056 0.125500 1.000000 0.667249 0.412555 0.621056 0.125500 1.000000 0.667372 0.412478 0.621056 0.125500 1.000000 0.667470 0.412417 0.621056 0.125500 1.000000 
0.666978 0.412740 0.621056 0.125500 1.000000 0.667151 0.412632 0.621056 0.125500 1.000000 0.667249 0.412555 0.621056 0.125500 1.000000 0.667372 0.412478 0.621056 0.125500 1.000000 0.667470 0.412417 0.621056 0.125500 1.000000 0.667544 0.412386 0.621056 0.125500 1.000000 
0.667151 0.412632 0.621056 0.125500 1.000000 0.667249 0.412555 0.621056 0.125500 1.000000 0.667372 0.412478 0.621056 0.125500 1.000000 0.667470 0.412417 0.621056 0.125500 1.000000 0.667544 0.412386 0.621056 0.125500 1.000000 0.667618 0.412355 0.621056 0.125500 1.000000 
0.667249 0.412555 0.621056 0.125500 1.000000 0.667372 0.412478 0.621056 0.125500 1.000000 0.667470 0.412417 0.621056 0.125500 1.000000 0.667544 0.412386 0.621056 0.125500 1.000000 0.667618 0.412355 0.621056 0.125500 1.000000 0.667643 0.412325 0.621056 0.125500 1.000000 
0.667372 0.412478 0.621056 0.125500 1.000000 0.667470 0.412417 0.621056 0.125500 1.000000 0.667544 0.412386 0.621056 0.125500 1.000000 0.667618 0.412355 0.621056 0.125500 1.000000 0.667643 0.412325 0.621056 0.125500 1.000000 0.667692 0.412309 0.621056 0.125500 1.000000 
0.667470 0.412417 0.621056 0.125500 1.000000 0.667544 0.412386 0.621056 0.125500 1.000000 0.667618 0.412355 0.621056 0.125500 1.000000 0.667643 0.412325 0.621056 0.125500 1.000000 0.667692 0.412309 0.621056 0.125500 1.000000 0.667717 0.412294 0.621056 0.125500 1.000000 
0.667544 0.412386 0.621056 0.125500 1.000000 0.667618 0.412355 0.621056 0.125500 1.000000 0.667643 0.412325 0.621056 0.125500 1.000000 0.667692 0.412309 0.621056 0.125500 1.000000 0.667717 0.412294 0.621056 0.125500 1.000000 0.667717 0.412279 0.621056 0.125500 1.000000 
0.667618 0.412355 0.621056 0.125500 1.000000 0.667643 0.412325 0.621056 0.125500 1.000000 0.667692 0.412309 0.621056 0.125500 1.000000 0.667717 0.412294 0.621056 0.125500 1.000000 0.667717 0.412279 0.621056 0.125500 1.000000 0.667692 0.412279 0.641078 0.104492 1.000000 
0.667643 0.412325 0.621056 0.125500 1.000000 0.667692 0.412309 0.621056 0.125500 1.000000 0.667717 0.412294 0.621056 0.125500 1.000000 0.667717 0.412279 0.621056 0.125500 1.000000 0.667692 0.412279 0.641078 0.104492 1.000000 0.667667 0.412279 0.641078 0.104492 1.000000 
0.667692 0.412309 0.621056 0.125500 1.000000 0.667717 0.412294 0.621056 0.125500 1.000000 0.667717 0.412279 0.621056 0.125500 1.000000 0.667692 0.412279 0.641078 0.104492 1.000000 0.667667 0.412279 0.641078 0.104492 1.000000 0.667643 0.412279 0.641078 0.104492 1.000000 
0.667717 0.412294 0.621056 0.125500 1.000000 0.667717 0.412279 0.621056 0.125500 1.000000 0.667692 0.412279 0.641078 0.104492 1.000000 0.667667 0.412279 0.641078 0.104492 1.000000 0.667643 0.412279 0.641078 0.104492 1.000000 0.667618 0.412279 0.641078 0.104492 1.000000 
0.667717 0.412279 0.621056 0.125500 1.000000 0.667692 0.412279 0.641078 0.104492 1.000000 0.667667 0.412279 0.641078 0.104492 1.000000 0.667643 0.412279 0.641078 0.104492 1.000000 0.667618 0.412279 0.641078 0.104492 1.000000 0.667593 0.412279 0.641078 0.104492 1.000000 
0.667692 0.412279 0.641078 0.104492 1.000000 0.667667 0.412279 0.641078 0.104492 1.000000 0.667643 0.412279 0.641078 0.104492 1.000000 0.667618 0.412279 0.641078 0.104492 1.000000 0.667593 0.412279 0.641078 0.104492 1.000000 0.667569 0.412279 0.641078 0.104492 1.000000 
0.667667 0.412279 0.641078 0.104492 1.000000 0.667643 0.412279 0.641078 0.104492 1.000000 0.667618 0.412279 0.641078 0.104492 1.000000 0.667593 0.412279 0.641078 0.104492 1.000000 0.667569 0.412279 0.641078 0.104492 1.000000 0.667544 0.412279 0.641078 0.104492 1.000000 
0.667643 0.412279 0.641078 0.104492 1.000000 0.667618 0.412279 0.641078 0.104492 1.000000 0.667593 0.412279 0.641078 0.104492 1.000000 0.667569 0.412279 0.641078 0.104492 1.000000 0.667544 0.412279 0.641078 0.104492 1.000000 0.667520 0.412279 0.641078 0.104492 1.000000 
0.667618 0.412279 0.641078 0.104492 1.000000 0.667593 0.412279 0.641078 0.104492 1.000000 0.667569 0.412279 0.641078 0.104492 1.000000 0.667544 0.412279 0.641078 0.104492 1.000000 0.667520 0.412279 0.641078 0.104492 1.000000 0.667495 0.412279 0.641078 0.104492 1.000000 
0.667593 0.412279 0.641078 0.104492 1.000000 0.667569 0.412279 0.641078 0.104492 1.000000 0.667544 0.412279 0.641078 0.104492 1.000000 0.667520 0.412279 0.641078 0.104492 1.000000 0.667495 0.412279 0.641078 0.104492 1.000000 0.667470 0.412279 0.641078 0.104492 1.000000 
0.667569 0.412279 0.641078 0.104492 1.000000 0.667544 0.412279 0.641078 0.104492 1.000000 0.667520 0.412279 0.641078 0.104492 1.000000 0.667495 0.412279 0.641078 0.104492 1.000000 0.667470 0.412279 0.641078 0.104492 1.000000 0.667446 0.412279 0.641078 0.104492 1.000000 
0.667544 0.412279 0.641078 0.104492 1.000000 0.667520 0.412279 0.641078 0.104492 1.000000 0.667495 0.412279 0.641078 0.104492 1.000000 0.667470 0.412279 0.641078 0.104492 1.000000 0.667446 0.412279 0.641078 0.104492 1.000000 0.667421 0.412279 0.641078 0.104492 1.000000 
0.667520 0.412279 0.641078 0.104492 1.000000 0.667495 0.412279 0.641078 0.104492 1.000000 0.667470 0.412279 0.641078 0.104492 1.000000 0.667446 0.412279 0.641078 0.104492 1.000000 0.667421 0.412279 0.641078 0.104492 1.000000 0.667372 0.412279 0.641078 0.104492 1.000000 
0.667495 0.412279 0.641078 0.104492 1.000000 0.667470 0.412279 0.641078 0.104492 1.000000 0.667446 0.412279 0.641078 0.104492 1.000000 0.667421 0.412279 0.641078 0.104492 1.000000 0.667372 0.412279 0.641078 0.104492 1.000000 0.667323 0.412279 0.641078 0.104492 1.000000 
0.667470 0.412279 0.641078 0.104492 1.000000 0.667446 0.412279 0.641078 0.104492 1.000000 0.667421 0.412279 0.641078 0.104492 1.000000 0.667372 0.412279 0.641078 0.104492 1.000000 0.667323 0.412279 0.641078 0.104492 1.000000 0.667274 0.412279 0.641078 0.104492 1.000000 
0.667446 0.412279 0.641078 0.104492 1.000000 0.667421 0.412279 0.641078 0.104492 1.000000 0.667372 0.412279 0.641078 0.104492 1.000000 0.667323 0.412279 0.641078 0.104492 1.000000 0.667274 0.412279 0.641078 0.104492 1.000000 0.667200 0.412279 0.641078 0.104492 1.000000 
0.667421 0.412279 0.641078 0.104492 1.000000 0.667372 0.412279 0.641078 0.104492 1.000000 0.667323 0.412279 0.641078 0.104492 1.000000 0.667274 0.412279 0.641078 0.104492 1.000000 0.667200 0.412279 0.641078 0.104492 1.000000 0.667126 0.412279 0.641078 0.104492 1.000000 
0.667372 0.412279 0.641078 0.104492 1.000000 0.667323 0.412279 0.641078 0.104492 1.000000 0.667274 0.412279 0.641078 0.104492 1.000000 0.667200 0.412279 0.641078 0.104492 1.000000 0.667126 0.412279 0.641078 0.104492 1.000000 0.667003 0.412279 0.641078 0.104492 1.000000 
0.667323 0.412279 0.641078 0.104492 1.000000 0.667274 0.412279 0.641078 0.104492 1.000000 0.667200 0.412279 0.641078 0.104492 1.000000 0.667126 0.412279 0.641078 0.104492 1.000000 0.667003 0.412279 0.641078 0.104492 1.000000 0.666905 0.412279 0.641078 0.104492 1.000000 
0.667274 0.412279 0.641078 0.104492 1.000000 0.667200 0.412279 0.641078 0.104492 1.000000 0.667126 0.412279 0.641078 0.104492 1.000000 0.667003 0.412279 0.641078 0.104492 1.000000 0.666905 0.412279 0.641078 0.104492 1.000000 0.666806 0.412279 0.641078 0.104492 1.000000 
0.667200 0.412279 0.641078 0.104492 1.000000 0.667126 0.412279 0.641078 0.104492 1.000000 0.667003 0.412279 0.641078 0.104492 1.000000 0.666905 0.412279 0.641078 0.104492 1.000000 0.666806 0.412279 0.641078 0.104492 1.000000 0.666683 0.412279 0.641078 0.104492 1.000000 
0.667126 0.412279 0.641078 0.104492 1.000000 0.667003 0.412279 0.641078 0.104492 1.000000 0.666905 0.412279 0.641078 0.104492 1.000000 0.666806 0.412279 0.641078 0.104492 1.000000 0.666683 0.412279 0.641078 0.104492 1.000000 0.666560 0.412279 0.641078 0.104492 1.000000 
0.667003 0.412279 0.641078 0.104492 1.000000 0.666905 0.412279 0.641078 0.104492 1.000000 0.666806 0.412279 0.641078 0.104492 1.000000 0.666683 0.412279 0.641078 0.104492 1.000000 0.666560 0.412279 0.641078 0.104492 1.000000 0.666363 0.412279 0.641078 0.104492 1.000000 
0.666905 0.412279 0.641078 0.104492 1.000000 0.666806 0.412279 0.641078 0.104492 1.000000 0.666683 0.412279 0.641078 0.104492 1.000000 0.666560 0.412279 0.641078 0.104492 1.000000 0.666363 0.412279 0.641078 0.104492 1.000000 0.666142 0.412279 0.641078 0.104492 1.000000 
0.666806 0.412279 0.641078 0.104492 1.000000 0.666683 0.412279 0.641078 0.104492 1.000000 0.666560 0.412279 0.641078 0.104492 1.000000 0.666363 0.412279 0.641078 0.104492 1.000000 0.666142 0.412279 0.641078 0.104492 1.000000 0.665871 0.412279 0.641078 0.104492 1.000000 
0.666683 0.412279 0.641078 0.104492 1.000000 0.666560 0.412279 0.641078 0.104492 1.000000 0.666363 0.412279 0.641078 0.104492 1.000000 0.666142 0.412279 0.641078 0.104492 1.000000 0.665871 0.412279 0.641078 0.104492 1.000000 0.665576 0.412279 0.641078 0.104492 1.000000 
0.666560 0.412279 0.641078 0.104492 1.000000 0.666363 0.412279 0.641078 0.104492 1.000000 0.666142 0.412279 0.641078 0.104492 1.000000 0.665871 0.412279 0.641078 0.104492 1.000000 0.665576 0.412279 0.641078 0.104492 1.000000 0.665207 0.412279 0.641078 0.104492 1.000000 
0.666363 0.412279 0.641078 0.104492 1.000000 0.666142 0.412279 0.641078 0.104492 1.000000 0.665871 0.412279 0.641078 0.104492 1.000000 0.665576 0.412279 0.641078 0.104492 1.000000 0.665207 0.412279 0.641078 0.104492 1.000000 0.664788 0.412248 0.641078 0.104492 1.000000 
0.666142 0.412279 0.641078 0.104492 1.000000 0.665871 0.412279 0.641078 0.104492 1.000000 0.665576 0.412279 0.641078 0.104492 1.000000 0.665207 0.412279 0.641078 0.104492 1.000000 0.664788 0.412248 0.641078 0.104492 1.000000 0.664296 0.412186 0.641078 0.104492 1.000000 
0.665871 0.412279 0.641078 0.104492 1.000000 0.665576 0.412279 0.641078 0.104492 1.000000 0.665207 0.412279 0.641078 0.104492 1.000000 0.664788 0.412248 0.641078 0.104492 1.000000 0.664296 0.412186 0.641078 0.104492 1.000000 0.663730 0.412125 0.641078 0.104492 1.000000 
0.665576 0.412279 0.641078 0.104492 1.000000 0.665207 0.412279 0.641078 0.104492 1.000000 0.664788 0.412248 0.641078 0.104492 1.000000 0.664296 0.412186 0.641078 0.104492 1.000000 0.663730 0.412125 0.641078 0.104492 1.000000 0.663164 0.412048 0.641078 0.104492 1.000000 
0.665207 0.412279 0.641078 0.104492 1.000000 0.664788 0.412248 0.641078 0.104492 1.000000 0.664296 0.412186 0.641078 0.104492 1.000000 0.663730 0.412125 0.641078 0.104492 1.000000 0.663164 0.412048 0.641078 0.104492 1.000000 0.662598 0.411971 0.641078 0.104492 1.000000 
0.664788 0.412248 0.641078 0.104492 1.000000 0.664296 0.412186 0.641078 0.104492 1.000000 0.663730 0.412125 0.641078 0.104492 1.000000 0.663164 0.412048 0.641078 0.104492 1.000000 0.662598 0.411971 0.641078 0.104492 1.000000 0.662032 0.411909 0.641078 0.104492 1.000000 
0.664296 0.412186 0.641078 0.104492 1.000000 0.663730 0.412125 0.641078 0.104492 1.000000 0.663164 0.412048 0.641078 0.104492 1.000000 0.662598 0.411971 0.641078 0.104492 1.000000 0.662032 0.411909 0.641078 0.104492 1.000000 0.661491 0.411833 0.641078 0.104492 1.000000 
0.663730 0.412125 0.641078 0.104492 1.000000 0.663164 0.412048 0.641078 0.104492 1.000000 0.662598 0.411971 0.641078 0.104492 1.000000 0.662032 0.411909 0.641078 0.104492 1.000000 0.661491 0.411833 0.641078 0.104492 1.000000 0.660999 0.411740 0.641078 0.104492 1.000000 
0.663164 0.412048 0.641078 0.104492 1.000000 0.662598 0.411971 0.641078 0.104492 1.000000 0.662032 0.411909 0.641078 0.104492 1.000000 0.661491 0.411833 0.641078 0.104492 1.000000 0.660999 0.411740 0.641078 0.104492 1.000000 0.660532 0.411663 0.641078 0.104492 1.000000 
0.662598 0.411971 0.641078 0.104492 1.000000 0.662032 0.411909 0.641078 0.104492 1.000000 0.661491 0.411833 0.641078 0.104492 1.000000 0.660999 0.411740 0.641078 0.104492 1.000000 0.660532 0.411663 0.641078 0.104492 1.000000 0.660089 0.411571 0.639828 0.117340 1.000000 
0.662032 0.411909 0.641078 0.104492 1.000000 0.661491 0.411833 0.641078 0.104492 1.000000 0.660999 0.411740 0.641078 0.104492 1.000000 0.660532 0.411663 0.641078 0.104492 1.000000 0.660089 0.411571 0.639828 0.117340 1.000000 0.659621 0.411494 0.639828 0.117340 1.000000 
0.661491 0.411833 0.641078 0.104492 1.000000 0.660999 0.411740 0.641078 0.104492 1.000000 0.660532 0.411663 0.641078 0.104492 1.000000 0.660089 0.411571 0.639828 0.117340 1.000000 0.659621 0.411494 0.639828 0.117340 1.000000 0.659104 0.411417 0.639828 0.117340 1.000000 
0.660999 0.411740 0.641078 0.104492 1.000000 0.660532 0.411663 0.641078 0.104492 1.000000 0.660089 0.411571 0.639828 0.117340 1.000000 0.659621 0.411494 0.639828 0.117340 1.000000 0.659104 0.411417 0.639828 0.117340 1.000000 0.658612 0.411325 0.639828 0.117340 1.000000 
0.660532 0.411663 0.641078 0.104492 1.000000 0.660089 0.411571 0.639828 0.117340 1.000000 0.659621 0.411494 0.639828 0.117340 1.000000 0.659104 0.411417 0.639828 0.117340 1.000000 0.658612 0.411325 0.639828 0.117340 1.000000 0.658095 0.411248 0.639828 0.117340 1.000000 
0.660089 0.411571 0.639828 0.117340 1.000000 0.659621 0.411494 0.639828 0.117340 1.000000 0.659104 0.411417 0.639828 0.117340 1.000000 0.658612 0.411325 0.639828 0.117340 1.000000 0.658095 0.411248 0.639828 0.117340 1.000000 0.657554 0.411171 0.639828 0.117340 1.000000 
0.659621 0.411494 0.639828 0.117340 1.000000 0.659104 0.411417 0.639828 0.117340 1.000000 0.658612 0.411325 0.639828 0.117340 1.000000 0.658095 0.411248 0.639828 0.117340 1.000000 0.657554 0.411171 0.639828 0.117340 1.000000 0.656988 0.411094 0.639828 0.117340 1.000000 
0.659104 0.411417 0.639828 0.117340 1.000000 0.658612 0.411325 0.639828 0.117340 1.000000 0.658095 0.411248 0.639828 0.117340 1.000000 0.657554 0.411171 0.639828 0.117340 1.000000 0.656988 0.411094 0.639828 0.117340 1.000000 0.656348 0.411002 0.639828 0.117340 1.000000 
0.658612 0.411325 0.639828 0.117340 1.000000 0.658095 0.411248 0.639828 0.117340 1.000000 0.657554 0.411171 0.639828 0.117340 1.000000 0.656988 0.411094 0.639828 0.117340 1.000000 0.656348 0.411002 0.639828 0.117340 1.000000 0.655610 0.410894 0.639828 0.117340 1.000000 
0.658095 0.411248 0.639828 0.117340 1.000000 0.657554 0.411171 0.639828 0.117340 1.000000 0.656988 0.411094 0.639828 0.117340 1.000000 0.656348 0.411002 0.639828 0.117340 1.000000 0.655610 0.410894 0.639828 0.117340 1.000000 0.654847 0.410818 0.621056 0.125500 1.000000 
0.657554 0.411171 0.639828 0.117340 1.000000 0.656988 0.411094 0.639828 0.117340 1.000000 0.656348 0.411002 0.639828 0.117340 1.000000 0.655610 0.410894 0.639828 0.117340 1.000000 0.654847 0.410818 0.621056 0.125500 1.000000 0.654085 0.410741 0.621056 0.125500 1.000000 
0.656988 0.411094 0.639828 0.117340 1.000000 0.656348 0.411002 0.639828 0.117340 1.000000 0.655610 0.410894 0.639828 0.117340 1.000000 0.654847 0.410818 0.621056 0.125500 1.000000 0.654085 0.410741 0.621056 0.125500 1.000000 0.653248 0.410664 0.621056 0.125500 1.000000 
0.656348 0.411002 0.639828 0.117340 1.000000 0.655610 0.410894 0.639828 0.117340 1.000000 0.654847 0.410818 0.621056 0.125500 1.000000 0.654085 0.410741 0.621056 0.125500 1.000000 0.653248 0.410664 0.621056 0.125500 1.000000 0.652387 0.410571 0.621056 0.125500 1.000000 
0.655610 0.410894 0.639828 0.117340 1.000000 0.654847 0.410818 0.621056 0.125500 1.000000 0.654085 0.410741 0.621056 0.125500 1.000000 0.653248 0.410664 0.621056 0.125500 1.000000 0.652387 0.410571 0.621056 0.125500 1.000000 0.651476 0.410479 0.621056 0.125500 1.000000 
0.654847 0.410818 0.621056 0.125500 1.000000 0.654085 0.410741 0.621056 0.125500 1.000000 0.653248 0.410664 0.621056 0.125500 1.000000 0.652387 0.410571 0.621056 0.125500 1.000000 0.651476 0.410479 0.621056 0.125500 1.000000 0.650566 0.410387 0.621056 0.125500 1.000000 
0.654085 0.410741 0.621056 0.125500 1.000000 0.653248 0.410664 0.621056 0.125500 1.000000 0.652387 0.410571 0.621056 0.125500 1.000000 0.651476 0.410479 0.621056 0.125500 1.000000 0.650566 0.410387 0.621056 0.125500 1.000000 0.649705 0.410325 0.621056 0.125500 1.000000 
0.653248 0.410664 0.621056 0.125500 1.000000 0.652387 0.410571 0.621056 0.125500 1.000000 0.651476 0.410479 0.621056 0.125500 1.000000 0.650566 0.410387 0.621056 0.125500 1.000000 0.649705 0.410325 0.621056 0.125500 1.000000 0.648991 0.410264 0.621056 0.125500 1.000000 
0.652387 0.410571 0.621056 0.125500 1.000000 0.651476 0.410479 0.621056 0.125500 1.000000 0.650566 0.410387 0.621056 0.125500 1.000000 0.649705 0.410325 0.621056 0.125500 1.000000 0.648991 0.410264 0.621056 0.125500 1.000000 0.648327 0.410187 0.621056 0.125500 1.000000 
0.651476 0.410479 0.621056 0.125500 1.000000 0.650566 0.410387 0.621056 0.125500 1.000000 0.649705 0.410325 0.621056 0.125500 1.000000 0.648991 0.410264 0.621056 0.125500 1.000000 0.648327 0.410187 0.621056 0.125500 1.000000 0.647589 0.410110 0.636882 0.142806 1.000000 
0.650566 0.410387 0.621056 0.125500 1.000000 0.649705 0.410325 0.621056 0.125500 1.000000 0.648991 0.410264 0.621056 0.125500 1.000000 0.648327 0.410187 0.621056 0.125500 1.000000 0.647589 0.410110 0.636882 0.142806 1.000000 0.646900 0.410033 0.636882 0.142806 1.000000 
0.649705 0.410325 0.621056 0.125500 1.000000 0.648991 0.410264 0.621056 0.125500 1.000000 0.648327 0.410187 0.621056 0.125500 1.000000 0.647589 0.410110 0.636882 0.142806 1.000000 0.646900 0.410033 0.636882 0.142806 1.000000 0.646186 0.409972 0.636882 0.142806 1.000000 
0.648991 0.410264 0.621056 0.125500 1.000000 0.648327 0.410187 0.621056 0.125500 1.000000 0.647589 0.410110 0.636882 0.142806 1.000000 0.646900 0.410033 0.636882 0.142806 1.000000 0.646186 0.409972 0.636882 0.142806 1.000000 0.645448 0.409895 0.636882 0.142806 1.000000 
0.648327 0.410187 0.621056 0.125500 1.000000 0.647589 0.410110 0.636882 0.142806 1.000000 0.646900 0.410033 0.636882 0.142806 1.000000 0.646186 0.409972 0.636882 0.142806 1.000000 0.645448 0.409895 0.636882 0.142806 1.000000 0.644636 0.409818 0.636882 0.142806 1.000000 
0.647589 0.410110 0.636882 0.142806 1.000000 0.646900 0.410033 0.636882 0.142806 1.000000 0.646186 0.409972 0.636882 0.142806 1.000000 0.645448 0.409895 0.636882 0.142806 1.000000 0.644636 0.409818 0.636882 0.142806 1.000000 0.643775 0.409756 0.636882 0.142806 1.000000 
0.646900 0.410033 0.636882 0.142806 1.000000 0.646186 0.409972 0.636882 0.142806 1.000000 0.645448 0.409895 0.636882 0.142806 1.000000 0.644636 0.409818 0.636882 0.142806 1.000000 0.643775 0.409756 0.636882 0.142806 1.000000 0.642913 0.409680 0.636882 0.142806 1.000000 
0.646186 0.409972 0.636882 0.142806 1.000000 0.645448 0.409895 0.636882 0.142806 1.000000 0.644636 0.409818 0.636882 0.142806 1.000000 0.643775 0.409756 0.636882 0.142806 1.000000 0.642913 0.409680 0.636882 0.142806 1.000000 0.642052 0.409603 0.636882 0.142806 1.000000 
0.645448 0.409895 0.636882 0.142806 1.000000 0.644636 0.409818 0.636882 0.142806 1.000000 0.643775 0.409756 0.636882 0.142806 1.000000 0.642913 0.409680 0.636882 0.142806 1.000000 0.642052 0.409603 0.636882 0.142806 1.000000 0.641240 0.409510 0.636882 0.142806 1.000000 
0.644636 0.409818 0.636882 0.142806 1.000000 0.643775 0.409756 0.636882 0.142806 1.000000 0.642913 0.409680 0.636882 0.142806 1.000000 0.642052 0.409603 0.636882 0.142806 1.000000 0.641240 0.409510 0.636882 0.142806 1.000000 0.640404 0.409403 0.636882 0.142806 1.000000 
0.643775 0.409756 0.636882 0.142806 1.000000 0.642913 0.409680 0.636882 0.142806 1.000000 0.642052 0.409603 0.636882 0.142806 1.000000 0.641240 0.409510 0.636882 0.142806 1.000000 0.640404 0.409403 0.636882 0.142806 1.000000 0.639493 0.409280 0.636882 0.142806 1.000000 
0.642913 0.409680 0.636882 0.142806 1.000000 0.642052 0.409603 0.636882 0.142806 1.000000 0.641240 0.409510 0.636882 0.142806 1.000000 0.640404 0.409403 0.636882 0.142806 1.000000 0.639493 0.409280 0.636882 0.142806 1.000000 0.638583 0.409157 0.636882 0.142806 1.000000 
0.642052 0.409603 0.636882 0.142806 1.000000 0.641240 0.409510 0.636882 0.142806 1.000000 0.640404 0.409403 0.636882 0.142806 1.000000 0.639493 0.409280 0.636882 0.142806 1.000000 0.638583 0.409157 0.636882 0.142806 1.000000 0.637623 0.409049 0.636882 0.142806 1.000000 
0.641240 0.409510 0.636882 0.142806 1.000000 0.640404 0.409403 0.636882 0.142806 1.000000 0.639493 0.409280 0.636882 0.142806 1.000000 0.638583 0.409157 0.636882 0.142806 1.000000 0.637623 0.409049 0.636882 0.142806 1.000000 0.636639 0.408941 0.636882 0.142806 1.000000 
0.640404 0.409403 0.636882 0.142806 1.000000 0.639493 0.409280 0.636882 0.142806 1.000000 0.638583 0.409157 0.636882 0.142806 1.000000 0.637623 0.409049 0.636882 0.142806 1.000000 0.636639 0.408941 0.636882 0.142806 1.000000 0.635581 0.408803 0.636882 0.142806 1.000000 
0.639493 0.409280 0.636882 0.142806 1.000000 0.638583 0.409157 0.636882 0.142806 1.000000 0.637623 0.409049 0.636882 0.142806 1.000000 0.636639 0.408941 0.636882 0.142806 1.000000 0.635581 0.408803 0.636882 0.142806 1.000000 0.634400 0.408680 0.636882 0.142806 1.000000 
0.638583 0.409157 0.636882 0.142806 1.000000 0.637623 0.409049 0.636882 0.142806 1.000000 0.636639 0.408941 0.636882 0.142806 1.000000 0.635581 0.408803 0.636882 0.142806 1.000000 0.634400 0.408680 0.636882 0.142806 1.000000 0.633194 0.408557 0.636882 0.142806 1.000000 
0.637623 0.409049 0.636882 0.142806 1.000000 0.636639 0.408941 0.636882 0.142806 1.000000 0.635581 0.408803 0.636882 0.142806 1.000000 0.634400 0.408680 0.636882 0.142806 1.000000 0.633194 0.408557 0.636882 0.142806 1.000000 0.631964 0.408434 0.636882 0.142806 1.000000 
0.636639 0.408941 0.636882 0.142806 1.000000 0.635581 0.408803 0.636882 0.142806 1.000000 0.634400 0.408680 0.636882 0.142806 1.000000 0.633194 0.408557 0.636882 0.142806 1.000000 0.631964 0.408434 0.636882 0.142806 1.000000 0.630758 0.408342 0.636882 0.142806 1.000000 
0.635581 0.408803 0.636882 0.142806 1.000000 0.634400 0.408680 0.636882 0.142806 1.000000 0.633194 0.408557 0.636882 0.142806 1.000000 0.631964 0.408434 0.636882 0.142806 1.000000 0.630758 0.408342 0.636882 0.142806 1.000000 0.629503 0.408234 0.636882 0.142806 1.000000 
0.634400 0.408680 0.636882 0.142806 1.000000 0.633194 0.408557 0.636882 0.142806 1.000000 0.631964 0.408434 0.636882 0.142806 1.000000 0.630758 0.408342 0.636882 0.142806 1.000000 0.629503 0.408234 0.636882 0.142806 1.000000 0.628199 0.408111 0.636882 0.142806 1.000000 
0.633194 0.408557 0.636882 0.142806 1.000000 0.631964 0.408434 0.636882 0.142806 1.000000 0.630758 0.408342 0.636882 0.142806 1.000000 0.629503 0.408234 0.636882 0.142806 1.000000 0.628199 0.408111 0.636882 0.142806 1.000000 0.626870 0.407988 0.635185 0.155409 1.000000 
0.631964 0.408434 0.636882 0.142806 1.000000 0.630758 0.408342 0.636882 0.142806 1.000000 0.629503 0.408234 0.636882 0.142806 1.000000 0.628199 0.408111 0.636882 0.142806 1.000000 0.626870 0.407988 0.635185 0.155409 1.000000 0.625492 0.407880 0.635185 0.155409 1.000000 
0.665650 0.397961 0.834036 0.134532 0.000000 0.665600 0.398238 0.832893 0.153354 0.000000 0.665453 0.398545 0.832893 0.153354 0.000000 0.665330 0.398868 0.832893 0.153354 0.000000 0.665010 0.399160 0.832893 0.153354 0.000000 0.664936 0.399483 0.832893 0.153354 0.000000 
0.665600 0.398238 0.832893 0.153354 0.000000 0.665453 0.398545 0.832893 0.153354 0.000000 0.665330 0.398868 0.832893 0.153354 0.000000 0.665010 0.399160 0.832893 0.153354 0.000000 0.664936 0.399483 0.832893 0.153354 0.000000 0.664690 0.399806 0.832893 0.153354 0.000000 
0.665453 0.398545 0.832893 0.153354 0.000000 0.665330 0.398868 0.832893 0.153354 0.000000 0.665010 0.399160 0.832893 0.153354 0.000000 0.664936 0.399483 0.832893 0.153354 0.000000 0.664690 0.399806 0.832893 0.153354 0.000000 0.664493 0.400098 0.832893 0.153354 0.000000 
0.665330 0.398868 0.832893 0.153354 0.000000 0.665010 0.399160 0.832893 0.153354 0.000000 0.664936 0.399483 0.832893 0.153354 0.000000 0.664690 0.399806 0.832893 0.153354 0.000000 0.664493 0.400098 0.832893 0.153354 0.000000 0.664321 0.400406 0.832893 0.153354 0.000000 
0.665010 0.399160 0.832893 0.153354 0.000000 0.664936 0.399483 0.832893 0.153354 0.000000 0.664690 0.399806 0.832893 0.153354 0.000000 0.664493 0.400098 0.832893 0.153354 0.000000 0.664321 0.400406 0.832893 0.153354 0.000000 0.664222 0.400683 0.832893 0.153354 0.000000 
0.664936 0.399483 0.832893 0.153354 0.000000 0.664690 0.399806 0.832893 0.153354 0.000000 0.664493 0.400098 0.832893 0.153354 0.000000 0.664321 0.400406 0.832893 0.153354 0.000000 0.664222 0.400683 0.832893 0.153354 0.000000 0.664149 0.400944 0.815425 0.148151 0.000000 
0.664690 0.399806 0.832893 0.153354 0.000000 0.664493 0.400098 0.832893 0.153354 0.000000 0.664321 0.400406 0.832893 0.153354 0.000000 0.664222 0.400683 0.832893 0.153354 0.000000 0.664149 0.400944 0.815425 0.148151 0.000000 0.664124 0.401221 0.815425 0.148151 0.000000 
0.664493 0.400098 0.832893 0.153354 0.000000 0.664321 0.400406 0.832893 0.153354 0.000000 0.664222 0.400683 0.832893 0.153354 0.000000 0.664149 0.400944 0.815425 0.148151 0.000000 0.664124 0.401221 0.815425 0.148151 0.000000 0.664099 0.401513 0.815425 0.148151 0.000000 
0.664321 0.400406 0.832893 0.153354 0.000000 0.664222 0.400683 0.832893 0.153354 0.000000 0.664149 0.400944 0.815425 0.148151 0.000000 0.664124 0.401221 0.815425 0.148151 0.000000 0.664099 0.401513 0.815425 0.148151 0.000000 0.664099 0.401775 0.815425 0.148151 0.000000 
0.664222 0.400683 0.832893 0.153354 0.000000 0.664149 0.400944 0.815425 0.148151 0.000000 0.664124 0.401221 0.815425 0.148151 0.000000 0.664099 0.401513 0.815425 0.148151 0.000000 0.664099 0.401775 0.815425 0.148151 0.000000 0.664099 0.401805 0.815425 0.148151 0.000000 
0.664149 0.400944 0.815425 0.148151 0.000000 0.664124 0.401221 0.815425 0.148151 0.000000 0.664099 0.401513 0.815425 0.148151 0.000000 0.664099 0.401775 0.815425 0.148151 0.000000 0.664099 0.401805 0.815425 0.148151 0.000000 0.664099 0.402221 0.796660 0.160598 0.000000 
0.664124 0.401221 0.815425 0.148151 0.000000 0.664099 0.401513 0.815425 0.148151 0.000000 0.664099 0.401775 0.815425 0.148151 0.000000 0.664099 0.401805 0.815425 0.148151 0.000000 0.664099 0.402221 0.796660 0.160598 0.000000 0.664099 0.402667 0.795200 0.177917 0.000000 
0.664099 0.401513 0.815425 0.148151 0.000000 0.664099 0.401775 0.815425 0.148151 0.000000 0.664099 0.401805 0.815425 0.148151 0.000000 0.664099 0.402221 0.796660 0.160598 0.000000 0.664099 0.402667 0.795200 0.177917 0.000000 0.664099 0.403005 0.795200 0.177917 0.000000 
0.664099 0.401775 0.815425 0.148151 0.000000 0.664099 0.401805 0.815425 0.148151 0.000000 0.664099 0.402221 0.796660 0.160598 0.000000 0.664099 0.402667 0.795200 0.177917 0.000000 0.664099 0.403005 0.795200 0.177917 0.000000 0.664099 0.403343 0.777744 0.171934 0.000000 
0.664099 0.401805 0.815425 0.148151 0.000000 0.664099 0.402221 0.796660 0.160598 0.000000 0.664099 0.402667 0.795200 0.177917 0.000000 0.664099 0.403005 0.795200 0.177917 0.000000 0.664099 0.403343 0.777744 0.171934 0.000000 0.664222 0.403682 0.777744 0.171934 0.000000 
0.664099 0.402221 0.796660 0.160598 0.000000 0.664099 0.402667 0.795200 0.177917 0.000000 0.664099 0.403005 0.795200 0.177917 0.000000 0.664099 0.403343 0.777744 0.171934 0.000000 0.664222 0.403682 0.777744 0.171934 0.000000 0.664346 0.404020 0.777744 0.171934 0.000000 
0.664099 0.402667 0.795200 0.177917 0.000000 0.664099 0.403005 0.795200 0.177917 0.000000 0.664099 0.403343 0.777744 0.171934 0.000000 0.664222 0.403682 0.777744 0.171934 0.000000 0.664346 0.404020 0.777744 0.171934 0.000000 0.664493 0.404374 0.760297 0.166144 0.000000 
0.664099 0.403005 0.795200 0.177917 0.000000 0.664099 0.403343 0.777744 0.171934 0.000000 0.664222 0.403682 0.777744 0.171934 0.000000 0.664346 0.404020 0.777744 0.171934 0.000000 0.664493 0.404374 0.760297 0.166144 0.000000 0.664641 0.404712 0.761756 0.149933 0.000000 
0.664099 0.403343 0.777744 0.171934 0.000000 0.664222 0.403682 0.777744 0.171934 0.000000 0.664346 0.404020 0.777744 0.171934 0.000000 0.664493 0.404374 0.760297 0.166144 0.000000 0.664641 0.404712 0.761756 0.149933 0.000000 0.664764 0.405020 0.761756 0.149933 0.000000 
0.664222 0.403682 0.777744 0.171934 0.000000 0.664346 0.404020 0.777744 0.171934 0.000000 0.664493 0.404374 0.760297 0.166144 0.000000 0.664641 0.404712 0.761756 0.149933 0.000000 0.664764 0.405020 0.761756 0.149933 0.000000 0.664887 0.405327 0.761756 0.149933 0.000000 
0.664346 0.404020 0.777744 0.171934 0.000000 0.664493 0.404374 0.760297 0.166144 0.000000 0.664641 0.404712 0.761756 0.149933 0.000000 0.664764 0.405020 0.761756 0.149933 0.000000 0.664887 0.405327 0.761756 0.149933 0.000000 0.664985 0.405589 0.742860 0.160536 0.000000 
0.664493 0.404374 0.760297 0.166144 0.000000 0.664641 0.404712 0.761756 0.149933 0.000000 0.664764 0.405020 0.761756 0.149933 0.000000 0.664887 0.405327 0.761756 0.149933 0.000000 0.664985 0.405589 0.742860 0.160536 0.000000 0.665108 0.405589 0.742860 0.160536 0.000000 
0.664641 0.404712 0.761756 0.149933 0.000000 0.664764 0.405020 0.761756 0.149933 0.000000 0.664887 0.405327 0.761756 0.149933 0.000000 0.664985 0.405589 0.742860 0.160536 0.000000 0.665108 0.405589 0.742860 0.160536 0.000000 0.665207 0.405958 0.742860 0.160536 0.000000 
0.664764 0.405020 0.761756 0.149933 0.000000 0.664887 0.405327 0.761756 0.149933 0.000000 0.664985 0.405589 0.742860 0.160536 0.000000 0.665108 0.405589 0.742860 0.160536 0.000000 0.665207 0.405958 0.742860 0.160536 0.000000 0.665281 0.406296 0.742860 0.160536 0.000000 
0.664887 0.405327 0.761756 0.149933 0.000000 0.664985 0.405589 0.742860 0.160536 0.000000 0.665108 0.405589 0.742860 0.160536 0.000000 0.665207 0.405958 0.742860 0.160536 0.000000 0.665281 0.406296 0.742860 0.160536 0.000000 0.665330 0.406296 0.742860 0.160536 0.000000 
0.664985 0.405589 0.742860 0.160536 0.000000 0.665108 0.405589 0.742860 0.160536 0.000000 0.665207 0.405958 0.742860 0.160536 0.000000 0.665281 0.406296 0.742860 0.160536 0.000000 0.665330 0.406296 0.742860 0.160536 0.000000 0.665379 0.406373 0.742860 0.160536 0.000000 
0.665108 0.405589 0.742860 0.160536 0.000000 0.665207 0.405958 0.742860 0.160536 0.000000 0.665281 0.406296 0.742860 0.160536 0.000000 0.665330 0.406296 0.742860 0.160536 0.000000 0.665379 0.406373 0.742860 0.160536 0.000000 0.665404 0.406450 0.742860 0.160536 0.000000 
0.665207 0.405958 0.742860 0.160536 0.000000 0.665281 0.406296 0.742860 0.160536 0.000000 0.665330 0.406296 0.742860 0.160536 0.000000 0.665379 0.406373 0.742860 0.160536 0.000000 0.665404 0.406450 0.742860 0.160536 0.000000 0.665428 0.406742 0.742860 0.160536 0.000000 
0.665281 0.406296 0.742860 0.160536 0.000000 0.665330 0.406296 0.742860 0.160536 0.000000 0.665379 0.406373 0.742860 0.160536 0.000000 0.665404 0.406450 0.742860 0.160536 0.000000 0.665428 0.406742 0.742860 0.160536 0.000000 0.665428 0.406834 0.742860 0.160536 0.000000 
0.665330 0.406296 0.742860 0.160536 0.000000 0.665379 0.406373 0.742860 0.160536 0.000000 0.665404 0.406450 0.742860 0.160536 0.000000 0.665428 0.406742 0.742860 0.160536 0.000000 0.665428 0.406834 0.742860 0.160536 0.000000 0.665428 0.407096 0.742860 0.160536 0.000000 
0.665379 0.406373 0.742860 0.160536 0.000000 0.665404 0.406450 0.742860 0.160536 0.000000 0.665428 0.406742 0.742860 0.160536 0.000000 0.665428 0.406834 0.742860 0.160536 0.000000 0.665428 0.407096 0.742860 0.160536 0.000000 0.665428 0.407357 0.742860 0.160536 0.000000 
0.665404 0.406450 0.742860 0.160536 0.000000 0.665428 0.406742 0.742860 0.160536 0.000000 0.665428 0.406834 0.742860 0.160536 0.000000 0.665428 0.407096 0.742860 0.160536 0.000000 0.665428 0.407357 0.742860 0.160536 0.000000 0.665428 0.407588 0.742860 0.160536 0.000000 
0.665428 0.406742 0.742860 0.160536 0.000000 0.665428 0.406834 0.742860 0.160536 0.000000 0.665428 0.407096 0.742860 0.160536 0.000000 0.665428 0.407357 0.742860 0.160536 0.000000 0.665428 0.407588 0.742860 0.160536 0.000000 0.665428 0.407665 0.725432 0.155098 0.000000 
0.665428 0.406834 0.742860 0.160536 0.000000 0.665428 0.407096 0.742860 0.160536 0.000000 0.665428 0.407357 0.742860 0.160536 0.000000 0.665428 0.407588 0.742860 0.160536 0.000000 0.665428 0.407665 0.725432 0.155098 0.000000 0.665428 0.407911 0.725432 0.155098 0.000000 
0.665428 0.407096 0.742860 0.160536 0.000000 0.665428 0.407357 0.742860 0.160536 0.000000 0.665428 0.407588 0.742860 0.160536 0.000000 0.665428 0.407665 0.725432 0.155098 0.000000 0.665428 0.407911 0.725432 0.155098 0.000000 0.665428 0.408172 0.725432 0.155098 0.000000 
0.665428 0.407357 0.742860 0.160536 0.000000 0.665428 0.407588 0.742860 0.160536 0.000000 0.665428 0.407665 0.725432 0.155098 0.000000 0.665428 0.407911 0.725432 0.155098 0.000000 0.665428 0.408172 0.725432 0.155098 0.000000 0.665428 0.408326 0.725432 0.155098 0.000000 
0.665428 0.407588 0.742860 0.160536 0.000000 0.665428 0.407665 0.725432 0.155098 0.000000 0.665428 0.407911 0.725432 0.155098 0.000000 0.665428 0.408172 0.725432 0.155098 0.000000 0.665428 0.408326 0.725432 0.155098 0.000000 0.665428 0.408403 0.725432 0.155098 0.000000 
0.665428 0.407665 0.725432 0.155098 0.000000 0.665428 0.407911 0.725432 0.155098 0.000000 0.665428 0.408172 0.725432 0.155098 0.000000 0.665428 0.408326 0.725432 0.155098 0.000000 0.665428 0.408403 0.725432 0.155098 0.000000 0.665428 0.408634 0.725432 0.155098 0.000000 
0.665428 0.407911 0.725432 0.155098 0.000000 0.665428 0.408172 0.725432 0.155098 0.000000 0.665428 0.408326 0.725432 0.155098 0.000000 0.665428 0.408403 0.725432 0.155098 0.000000 0.665428 0.408634 0.725432 0.155098 0.000000 0.665428 0.408772 0.725432 0.155098 0.000000 
0.665428 0.408172 0.725432 0.155098 0.000000 0.665428 0.408326 0.725432 0.155098 0.000000 0.665428 0.408403 0.725432 0.155098 0.000000 0.665428 0.408634 0.725432 0.155098 0.000000 0.665428 0.408772 0.725432 0.155098 0.000000 0.665330 0.408911 0.708013 0.149819 0.000000 
0.665428 0.408326 0.725432 0.155098 0.000000 0.665428 0.408403 0.725432 0.155098 0.000000 0.665428 0.408634 0.725432 0.155098 0.000000 0.665428 0.408772 0.725432 0.155098 0.000000 0.665330 0.408911 0.708013 0.149819 0.000000 0.665281 0.409034 0.708013 0.149819 0.000000 
0.665428 0.408403 0.725432 0.155098 0.000000 0.665428 0.408634 0.725432 0.155098 0.000000 0.665428 0.408772 0.725432 0.155098 0.000000 0.665330 0.408911 0.708013 0.149819 0.000000 0.665281 0.409034 0.708013 0.149819 0.000000 0.665231 0.409141 0.708013 0.149819 0.119257 
0.665428 0.408634 0.725432 0.155098 0.000000 0.665428 0.408772 0.725432 0.155098 0.000000 0.665330 0.408911 0.708013 0.149819 0.000000 0.665281 0.409034 0.708013 0.149819 0.000000 0.665231 0.409141 0.708013 0.149819 0.119257 0.665207 0.409203 0.708013 0.149819 0.212121 
0.665428 0.408772 0.725432 0.155098 0.000000 0.665330 0.408911 0.708013 0.149819 0.000000 0.665281 0.409034 0.708013 0.149819 0.000000 0.665231 0.409141 0.708013 0.149819 0.119257 0.665207 0.409203 0.708013 0.149819 0.212121 0.665182 0.409280 0.708013 0.149819 0.291300 
0.665330 0.408911 0.708013 0.149819 0.000000 0.665281 0.409034 0.708013 0.149819 0.000000 0.665231 0.409141 0.708013 0.149819 0.119257 0.665207 0.409203 0.708013 0.149819 0.212121 0.665182 0.409280 0.708013 0.149819 0.291300 0.665182 0.409341 0.689016 0.158760 0.357771 
0.665281 0.409034 0.708013 0.149819 0.000000 0.665231 0.409141 0.708013 0.149819 0.119257 0.665207 0.409203 0.708013 0.149819 0.212121 0.665182 0.409280 0.708013 0.149819 0.291300 0.665182 0.409341 0.689016 0.158760 0.357771 0.665182 0.409372 0.689016 0.158760 0.410557 
0.665231 0.409141 0.708013 0.149819 0.119257 0.665207 0.409203 0.708013 0.149819 0.212121 0.665182 0.409280 0.708013 0.149819 0.291300 0.665182 0.409341 0.689016 0.158760 0.357771 0.665182 0.409372 0.689016 0.158760 0.410557 0.665182 0.409403 0.689016 0.158760 0.458456 
0.665207 0.409203 0.708013 0.149819 0.212121 0.665182 0.409280 0.708013 0.149819 0.291300 0.665182 0.409341 0.689016 0.158760 0.357771 0.665182 0.409372 0.689016 0.158760 0.410557 0.665182 0.409403 0.689016 0.158760 0.458456 0.665182 0.409418 0.689016 0.158760 0.501466 
0.665182 0.409280 0.708013 0.149819 0.291300 0.665182 0.409341 0.689016 0.158760 0.357771 0.665182 0.409372 0.689016 0.158760 0.410557 0.665182 0.409403 0.689016 0.158760 0.458456 0.665182 0.409418 0.689016 0.158760 0.501466 0.665157 0.409418 0.689016 0.158760 0.571847 
0.665182 0.409341 0.689016 0.158760 0.357771 0.665182 0.409372 0.689016 0.158760 0.410557 0.665182 0.409403 0.689016 0.158760 0.458456 0.665182 0.409418 0.689016 0.158760 0.501466 0.665157 0.409418 0.689016 0.158760 0.571847 0.665133 0.409418 0.689016 0.158760 0.579668 
0.665182 0.409372 0.689016 0.158760 0.410557 0.665182 0.409403 0.689016 0.158760 0.458456 0.665182 0.409418 0.689016 0.158760 0.501466 0.665157 0.409418 0.689016 0.158760 0.571847 0.665133 0.409418 0.689016 0.158760 0.579668 0.665108 0.409418 0.689016 0.158760 0.579668 
0.665182 0.409403 0.689016 0.158760 0.458456 0.665182 0.409418 0.689016 0.158760 0.501466 0.665157 0.409418 0.689016 0.158760 0.571847 0.665133 0.409418 0.689016 0.158760 0.579668 0.665108 0.409418 0.689016 0.158760 0.579668 0.665059 0.409418 0.689016 0.158760 0.577713 
0.665182 0.409418 0.689016 0.158760 0.501466 0.665157 0.409418 0.689016 0.158760 0.571847 0.665133 0.409418 0.689016 0.158760 0.579668 0.665108 0.409418 0.689016 0.158760 0.579668 0.665059 0.409418 0.689016 0.158760 0.577713 0.665034 0.409418 0.689016 0.158760 0.573803 
0.665157 0.409418 0.689016 0.158760 0.571847 0.665133 0.409418 0.689016 0.158760 0.579668 0.665108 0.409418 0.689016 0.158760 0.579668 0.665059 0.409418 0.689016 0.158760 0.577713 0.665034 0.409418 0.689016 0.158760 0.573803 0.664985 0.409403 0.689016 0.158760 0.567937 
0.665133 0.409418 0.689016 0.158760 0.579668 0.665108 0.409418 0.689016 0.158760 0.579668 0.665059 0.409418 0.689016 0.158760 0.577713 0.665034 0.409418 0.689016 0.158760 0.573803 0.664985 0.409403 0.689016 0.158760 0.567937 0.664911 0.409264 0.689016 0.158760 0.563050 
0.665108 0.409418 0.689016 0.158760 0.579668 0.665059 0.409418 0.689016 0.158760 0.577713 0.665034 0.409418 0.689016 0.158760 0.573803 0.664985 0.409403 0.689016 0.158760 0.567937 0.664911 0.409264 0.689016 0.158760 0.563050 0.664887 0.409064 0.689016 0.158760 0.560117 
0.665059 0.409418 0.689016 0.158760 0.577713 0.665034 0.409418 0.689016 0.158760 0.573803 0.664985 0.409403 0.689016 0.158760 0.567937 0.664911 0.409264 0.689016 0.158760 0.563050 0.664887 0.409064 0.689016 0.158760 0.560117 0.664838 0.408803 0.689016 0.158760 0.555230 
0.665034 0.409418 0.689016 0.158760 0.573803 0.664985 0.409403 0.689016 0.158760 0.567937 0.664911 0.409264 0.689016 0.158760 0.563050 0.664887 0.409064 0.689016 0.158760 0.560117 0.664838 0.408803 0.689016 0.158760 0.555230 0.664764 0.408480 0.689016 0.158760 0.550342 
0.664985 0.409403 0.689016 0.158760 0.567937 0.664911 0.409264 0.689016 0.158760 0.563050 0.664887 0.409064 0.689016 0.158760 0.560117 0.664838 0.408803 0.689016 0.158760 0.555230 0.664764 0.408480 0.689016 0.158760 0.550342 0.664739 0.408126 0.689016 0.158760 0.548387 
0.664911 0.409264 0.689016 0.158760 0.563050 0.664887 0.409064 0.689016 0.158760 0.560117 0.664838 0.408803 0.689016 0.158760 0.555230 0.664764 0.408480 0.689016 0.158760 0.550342 0.664739 0.408126 0.689016 0.158760 0.548387 0.664665 0.407742 0.689016 0.158760 0.550342 
0.664887 0.409064 0.689016 0.158760 0.560117 0.664838 0.408803 0.689016 0.158760 0.555230 0.664764 0.408480 0.689016 0.158760 0.550342 0.664739 0.408126 0.689016 0.158760 0.548387 0.664665 0.407742 0.689016 0.158760 0.550342 0.664616 0.407296 0.689016 0.158760 0.555230 
0.664838 0.408803 0.689016 0.158760 0.555230 0.664764 0.408480 0.689016 0.158760 0.550342 0.664739 0.408126 0.689016 0.158760 0.548387 0.664665 0.407742 0.689016 0.158760 0.550342 0.664616 0.407296 0.689016 0.158760 0.555230 0.664592 0.406804 0.689016 0.158760 0.571847 
0.664764 0.408480 0.689016 0.158760 0.550342 0.664739 0.408126 0.689016 0.158760 0.548387 0.664665 0.407742 0.689016 0.158760 0.550342 0.664616 0.407296 0.689016 0.158760 0.555230 0.664592 0.406804 0.689016 0.158760 0.571847 0.664518 0.406250 0.689016 0.158760 0.567937 
0.664739 0.408126 0.689016 0.158760 0.548387 0.664665 0.407742 0.689016 0.158760 0.550342 0.664616 0.407296 0.689016 0.158760 0.555230 0.664592 0.406804 0.689016 0.158760 0.571847 0.664518 0.406250 0.689016 0.158760 0.567937 0.664469 0.405666 0.689016 0.158760 0.571847 
0.664665 0.407742 0.689016 0.158760 0.550342 0.664616 0.407296 0.689016 0.158760 0.555230 0.664592 0.406804 0.689016 0.158760 0.571847 0.664518 0.406250 0.689016 0.158760 0.567937 0.664469 0.405666 0.689016 0.158760 0.571847 0.664419 0.405050 0.689016 0.158760 0.577713 
0.664616 0.407296 0.689016 0.158760 0.555230 0.664592 0.406804 0.689016 0.158760 0.571847 0.664518 0.406250 0.689016 0.158760 0.567937 0.664469 0.405666 0.689016 0.158760 0.571847 0.664419 0.405050 0.689016 0.158760 0.577713 0.664370 0.404435 0.689016 0.158760 0.588465 
0.664592 0.406804 0.689016 0.158760 0.571847 0.664518 0.406250 0.689016 0.158760 0.567937 0.664469 0.405666 0.689016 0.158760 0.571847 0.664419 0.405050 0.689016 0.158760 0.577713 0.664370 0.404435 0.689016 0.158760 0.588465 0.664321 0.403774 0.689016 0.158760 0.609971 
0.664518 0.406250 0.689016 0.158760 0.567937 0.664469 0.405666 0.689016 0.158760 0.571847 0.664419 0.405050 0.689016 0.158760 0.577713 0.664370 0.404435 0.689016 0.158760 0.588465 0.664321 0.403774 0.689016 0.158760 0.609971 0.664272 0.403067 0.689016 0.158760 0.616813 
0.664469 0.405666 0.689016 0.158760 0.571847 0.664419 0.405050 0.689016 0.158760 0.577713 0.664370 0.404435 0.689016 0.158760 0.588465 0.664321 0.403774 0.689016 0.158760 0.609971 0.664272 0.403067 0.689016 0.158760 0.616813 0.664222 0.402328 0.689016 0.158760 0.637341 
0.664419 0.405050 0.689016 0.158760 0.577713 0.664370 0.404435 0.689016 0.158760 0.588465 0.664321 0.403774 0.689016 0.158760 0.609971 0.664272 0.403067 0.689016 0.158760 0.616813 0.664222 0.402328 0.689016 0.158760 0.637341 0.664173 0.401575 0.689016 0.158760 0.659824 
0.664370 0.404435 0.689016 0.158760 0.588465 0.664321 0.403774 0.689016 0.158760 0.609971 0.664272 0.403067 0.689016 0.158760 0.616813 0.664222 0.402328 0.689016 0.158760 0.637341 0.664173 0.401575 0.689016 0.158760 0.659824 0.664173 0.400821 0.689016 0.158760 0.667644 
0.664321 0.403774 0.689016 0.158760 0.609971 0.664272 0.403067 0.689016 0.158760 0.616813 0.664222 0.402328 0.689016 0.158760 0.637341 0.664173 0.401575 0.689016 0.158760 0.659824 0.664173 0.400821 0.689016 0.158760 0.667644 0.664149 0.400037 0.689016 0.158760 0.672532 
0.664272 0.403067 0.689016 0.158760 0.616813 0.664222 0.402328 0.689016 0.158760 0.637341 0.664173 0.401575 0.689016 0.158760 0.659824 0.664173 0.400821 0.689016 0.158760 0.667644 0.664149 0.400037 0.689016 0.158760 0.672532 0.664149 0.399268 0.689016 0.158760 0.693060 
