0.640354 0.502092 0.691438 -0.461539 0.561095 0.640231 0.501353 0.686190 -0.472993 0.567937 0.640108 0.500584 0.686190 -0.472993 0.573803 0.639961 0.499800 0.686190 -0.472993 0.573803 0.639813 0.499047 0.686190 -0.472993 0.571847 0.639690 0.498293 0.686190 -0.472993 0.566960 
0.640231 0.501353 0.686190 -0.472993 0.567937 0.640108 0.500584 0.686190 -0.472993 0.573803 0.639961 0.499800 0.686190 -0.472993 0.573803 0.639813 0.499047 0.686190 -0.472993 0.571847 0.639690 0.498293 0.686190 -0.472993 0.566960 0.639567 0.497555 0.686190 -0.472993 0.576735 
0.640108 0.500584 0.686190 -0.472993 0.573803 0.639961 0.499800 0.686190 -0.472993 0.573803 0.639813 0.499047 0.686190 -0.472993 0.571847 0.639690 0.498293 0.686190 -0.472993 0.566960 0.639567 0.497555 0.686190 -0.472993 0.576735 0.639444 0.496817 0.674327 -0.447748 0.569892 
0.639961 0.499800 0.686190 -0.472993 0.573803 0.639813 0.499047 0.686190 -0.472993 0.571847 0.639690 0.498293 0.686190 -0.472993 0.566960 0.639567 0.497555 0.686190 -0.472993 0.576735 0.639444 0.496817 0.674327 -0.447748 0.569892 0.639321 0.496094 0.674327 -0.447748 0.569892 
0.639813 0.499047 0.686190 -0.472993 0.571847 0.639690 0.498293 0.686190 -0.472993 0.566960 0.639567 0.497555 0.686190 -0.472993 0.576735 0.639444 0.496817 0.674327 -0.447748 0.569892 0.639321 0.496094 0.674327 -0.447748 0.569892 0.639222 0.495371 0.674327 -0.447748 0.574780 
0.639690 0.498293 0.686190 -0.472993 0.566960 0.639567 0.497555 0.686190 -0.472993 0.576735 0.639444 0.496817 0.674327 -0.447748 0.569892 0.639321 0.496094 0.674327 -0.447748 0.569892 0.639222 0.495371 0.674327 -0.447748 0.574780 0.639124 0.494648 0.674327 -0.447748 0.582600 
0.639567 0.497555 0.686190 -0.472993 0.576735 0.639444 0.496817 0.674327 -0.447748 0.569892 0.639321 0.496094 0.674327 -0.447748 0.569892 0.639222 0.495371 0.674327 -0.447748 0.574780 0.639124 0.494648 0.674327 -0.447748 0.582600 0.639050 0.493925 0.674327 -0.447748 0.571847 
0.639444 0.496817 0.674327 -0.447748 0.569892 0.639321 0.496094 0.674327 -0.447748 0.569892 0.639222 0.495371 0.674327 -0.447748 0.574780 0.639124 0.494648 0.674327 -0.447748 0.582600 0.639050 0.493925 0.674327 -0.447748 0.571847 0.638976 0.493218 0.674327 -0.447748 0.578690 
0.639321 0.496094 0.674327 -0.447748 0.569892 0.639222 0.495371 0.674327 -0.447748 0.574780 0.639124 0.494648 0.674327 -0.447748 0.582600 0.639050 0.493925 0.674327 -0.447748 0.571847 0.638976 0.493218 0.674327 -0.447748 0.578690 0.638927 0.492510 0.674327 -0.447748 0.574780 
0.639222 0.495371 0.674327 -0.447748 0.574780 0.639124 0.494648 0.674327 -0.447748 0.582600 0.639050 0.493925 0.674327 -0.447748 0.571847 0.638976 0.493218 0.674327 -0.447748 0.578690 0.638927 0.492510 0.674327 -0.447748 0.574780 0.638878 0.491803 0.674327 -0.447748 0.577713 
0.639124 0.494648 0.674327 -0.447748 0.582600 0.639050 0.493925 0.674327 -0.447748 0.571847 0.638976 0.493218 0.674327 -0.447748 0.578690 0.638927 0.492510 0.674327 -0.447748 0.574780 0.638878 0.491803 0.674327 -0.447748 0.577713 0.638829 0.491142 0.696493 -0.449829 0.579668 
0.639050 0.493925 0.674327 -0.447748 0.571847 0.638976 0.493218 0.674327 -0.447748 0.578690 0.638927 0.492510 0.674327 -0.447748 0.574780 0.638878 0.491803 0.674327 -0.447748 0.577713 0.638829 0.491142 0.696493 -0.449829 0.579668 0.638780 0.490480 0.696493 -0.449829 0.575758 
0.638976 0.493218 0.674327 -0.447748 0.578690 0.638927 0.492510 0.674327 -0.447748 0.574780 0.638878 0.491803 0.674327 -0.447748 0.577713 0.638829 0.491142 0.696493 -0.449829 0.579668 0.638780 0.490480 0.696493 -0.449829 0.575758 0.638706 0.489819 0.696493 -0.449829 0.578690 
0.638927 0.492510 0.674327 -0.447748 0.574780 0.638878 0.491803 0.674327 -0.447748 0.577713 0.638829 0.491142 0.696493 -0.449829 0.579668 0.638780 0.490480 0.696493 -0.449829 0.575758 0.638706 0.489819 0.696493 -0.449829 0.578690 0.638632 0.489158 0.696493 -0.449829 0.584555 
0.638878 0.491803 0.674327 -0.447748 0.577713 0.638829 0.491142 0.696493 -0.449829 0.579668 0.638780 0.490480 0.696493 -0.449829 0.575758 0.638706 0.489819 0.696493 -0.449829 0.578690 0.638632 0.489158 0.696493 -0.449829 0.584555 0.638583 0.488497 0.696493 -0.449829 0.571847 
0.638829 0.491142 0.696493 -0.449829 0.579668 0.638780 0.490480 0.696493 -0.449829 0.575758 0.638706 0.489819 0.696493 -0.449829 0.578690 0.638632 0.489158 0.696493 -0.449829 0.584555 0.638583 0.488497 0.696493 -0.449829 0.571847 0.638558 0.487835 0.696493 -0.449829 0.569892 
0.638780 0.490480 0.696493 -0.449829 0.575758 0.638706 0.489819 0.696493 -0.449829 0.578690 0.638632 0.489158 0.696493 -0.449829 0.584555 0.638583 0.488497 0.696493 -0.449829 0.571847 0.638558 0.487835 0.696493 -0.449829 0.569892 0.638484 0.487189 0.718615 -0.451422 0.577713 
0.638706 0.489819 0.696493 -0.449829 0.578690 0.638632 0.489158 0.696493 -0.449829 0.584555 0.638583 0.488497 0.696493 -0.449829 0.571847 0.638558 0.487835 0.696493 -0.449829 0.569892 0.638484 0.487189 0.718615 -0.451422 0.577713 0.638484 0.486574 0.718615 -0.451422 0.582600 
0.638632 0.489158 0.696493 -0.449829 0.584555 0.638583 0.488497 0.696493 -0.449829 0.571847 0.638558 0.487835 0.696493 -0.449829 0.569892 0.638484 0.487189 0.718615 -0.451422 0.577713 0.638484 0.486574 0.718615 -0.451422 0.582600 0.638484 0.485944 0.718615 -0.451422 0.588465 
0.638583 0.488497 0.696493 -0.449829 0.571847 0.638558 0.487835 0.696493 -0.449829 0.569892 0.638484 0.487189 0.718615 -0.451422 0.577713 0.638484 0.486574 0.718615 -0.451422 0.582600 0.638484 0.485944 0.718615 -0.451422 0.588465 0.638435 0.485313 0.718615 -0.451422 0.583578 
0.638558 0.487835 0.696493 -0.449829 0.569892 0.638484 0.487189 0.718615 -0.451422 0.577713 0.638484 0.486574 0.718615 -0.451422 0.582600 0.638484 0.485944 0.718615 -0.451422 0.588465 0.638435 0.485313 0.718615 -0.451422 0.583578 0.638435 0.484729 0.718615 -0.451422 0.583578 
0.638484 0.487189 0.718615 -0.451422 0.577713 0.638484 0.486574 0.718615 -0.451422 0.582600 0.638484 0.485944 0.718615 -0.451422 0.588465 0.638435 0.485313 0.718615 -0.451422 0.583578 0.638435 0.484729 0.718615 -0.451422 0.583578 0.638435 0.484206 0.696493 -0.449829 0.591398 
0.638484 0.486574 0.718615 -0.451422 0.582600 0.638484 0.485944 0.718615 -0.451422 0.588465 0.638435 0.485313 0.718615 -0.451422 0.583578 0.638435 0.484729 0.718615 -0.451422 0.583578 0.638435 0.484206 0.696493 -0.449829 0.591398 0.638435 0.483714 0.696493 -0.449829 0.588465 
0.638484 0.485944 0.718615 -0.451422 0.588465 0.638435 0.485313 0.718615 -0.451422 0.583578 0.638435 0.484729 0.718615 -0.451422 0.583578 0.638435 0.484206 0.696493 -0.449829 0.591398 0.638435 0.483714 0.696493 -0.449829 0.588465 0.638435 0.483252 0.696493 -0.449829 0.592375 
0.638435 0.485313 0.718615 -0.451422 0.583578 0.638435 0.484729 0.718615 -0.451422 0.583578 0.638435 0.484206 0.696493 -0.449829 0.591398 0.638435 0.483714 0.696493 -0.449829 0.588465 0.638435 0.483252 0.696493 -0.449829 0.592375 0.638435 0.482806 0.696493 -0.449829 0.596285 
0.638435 0.484729 0.718615 -0.451422 0.583578 0.638435 0.484206 0.696493 -0.449829 0.591398 0.638435 0.483714 0.696493 -0.449829 0.588465 0.638435 0.483252 0.696493 -0.449829 0.592375 0.638435 0.482806 0.696493 -0.449829 0.596285 0.638386 0.482422 0.696493 -0.449829 0.595308 
0.638435 0.484206 0.696493 -0.449829 0.591398 0.638435 0.483714 0.696493 -0.449829 0.588465 0.638435 0.483252 0.696493 -0.449829 0.592375 0.638435 0.482806 0.696493 -0.449829 0.596285 0.638386 0.482422 0.696493 -0.449829 0.595308 0.638386 0.482068 0.696493 -0.449829 0.596285 
0.638435 0.483714 0.696493 -0.449829 0.588465 0.638435 0.483252 0.696493 -0.449829 0.592375 0.638435 0.482806 0.696493 -0.449829 0.596285 0.638386 0.482422 0.696493 -0.449829 0.595308 0.638386 0.482068 0.696493 -0.449829 0.596285 0.638386 0.481745 0.696493 -0.449829 0.599218 
0.638435 0.483252 0.696493 -0.449829 0.592375 0.638435 0.482806 0.696493 -0.449829 0.596285 0.638386 0.482422 0.696493 -0.449829 0.595308 0.638386 0.482068 0.696493 -0.449829 0.596285 0.638386 0.481745 0.696493 -0.449829 0.599218 0.638386 0.481453 0.696493 -0.449829 0.598240 
0.638435 0.482806 0.696493 -0.449829 0.596285 0.638386 0.482422 0.696493 -0.449829 0.595308 0.638386 0.482068 0.696493 -0.449829 0.596285 0.638386 0.481745 0.696493 -0.449829 0.599218 0.638386 0.481453 0.696493 -0.449829 0.598240 0.638337 0.481161 0.696493 -0.449829 0.599218 
0.638386 0.482422 0.696493 -0.449829 0.595308 0.638386 0.482068 0.696493 -0.449829 0.596285 0.638386 0.481745 0.696493 -0.449829 0.599218 0.638386 0.481453 0.696493 -0.449829 0.598240 0.638337 0.481161 0.696493 -0.449829 0.599218 0.638287 0.480899 0.696493 -0.449829 0.595308 
0.638386 0.482068 0.696493 -0.449829 0.596285 0.638386 0.481745 0.696493 -0.449829 0.599218 0.638386 0.481453 0.696493 -0.449829 0.598240 0.638337 0.481161 0.696493 -0.449829 0.599218 0.638287 0.480899 0.696493 -0.449829 0.595308 0.638238 0.480638 0.696493 -0.449829 0.593353 
0.638386 0.481745 0.696493 -0.449829 0.599218 0.638386 0.481453 0.696493 -0.449829 0.598240 0.638337 0.481161 0.696493 -0.449829 0.599218 0.638287 0.480899 0.696493 -0.449829 0.595308 0.638238 0.480638 0.696493 -0.449829 0.593353 0.638189 0.480392 0.696493 -0.449829 0.596285 
0.638386 0.481453 0.696493 -0.449829 0.598240 0.638337 0.481161 0.696493 -0.449829 0.599218 0.638287 0.480899 0.696493 -0.449829 0.595308 0.638238 0.480638 0.696493 -0.449829 0.593353 0.638189 0.480392 0.696493 -0.449829 0.596285 0.638115 0.480130 0.696493 -0.449829 0.597263 
0.638337 0.481161 0.696493 -0.449829 0.599218 0.638287 0.480899 0.696493 -0.449829 0.595308 0.638238 0.480638 0.696493 -0.449829 0.593353 0.638189 0.480392 0.696493 -0.449829 0.596285 0.638115 0.480130 0.696493 -0.449829 0.597263 0.638041 0.479884 0.696493 -0.449829 0.595308 
0.638287 0.480899 0.696493 -0.449829 0.595308 0.638238 0.480638 0.696493 -0.449829 0.593353 0.638189 0.480392 0.696493 -0.449829 0.596285 0.638115 0.480130 0.696493 -0.449829 0.597263 0.638041 0.479884 0.696493 -0.449829 0.595308 0.637992 0.479623 0.696493 -0.449829 0.596285 
0.638238 0.480638 0.696493 -0.449829 0.593353 0.638189 0.480392 0.696493 -0.449829 0.596285 0.638115 0.480130 0.696493 -0.449829 0.597263 0.638041 0.479884 0.696493 -0.449829 0.595308 0.637992 0.479623 0.696493 -0.449829 0.596285 0.637968 0.479392 0.696493 -0.449829 0.596285 
0.638189 0.480392 0.696493 -0.449829 0.596285 0.638115 0.480130 0.696493 -0.449829 0.597263 0.638041 0.479884 0.696493 -0.449829 0.595308 0.637992 0.479623 0.696493 -0.449829 0.596285 0.637968 0.479392 0.696493 -0.449829 0.596285 0.637918 0.479146 0.696493 -0.449829 0.595308 
0.638115 0.480130 0.696493 -0.449829 0.597263 0.638041 0.479884 0.696493 -0.449829 0.595308 0.637992 0.479623 0.696493 -0.449829 0.596285 0.637968 0.479392 0.696493 -0.449829 0.596285 0.637918 0.479146 0.696493 -0.449829 0.595308 0.637918 0.478931 0.696493 -0.449829 0.593353 
0.638041 0.479884 0.696493 -0.449829 0.595308 0.637992 0.479623 0.696493 -0.449829 0.596285 0.637968 0.479392 0.696493 -0.449829 0.596285 0.637918 0.479146 0.696493 -0.449829 0.595308 0.637918 0.478931 0.696493 -0.449829 0.593353 0.637918 0.478685 0.696493 -0.449829 0.587488 
0.637992 0.479623 0.696493 -0.449829 0.596285 0.637968 0.479392 0.696493 -0.449829 0.596285 0.637918 0.479146 0.696493 -0.449829 0.595308 0.637918 0.478931 0.696493 -0.449829 0.593353 0.637918 0.478685 0.696493 -0.449829 0.587488 0.637894 0.478454 0.696493 -0.449829 0.583578 
0.637968 0.479392 0.696493 -0.449829 0.596285 0.637918 0.479146 0.696493 -0.449829 0.595308 0.637918 0.478931 0.696493 -0.449829 0.593353 0.637918 0.478685 0.696493 -0.449829 0.587488 0.637894 0.478454 0.696493 -0.449829 0.583578 0.637869 0.478223 0.696493 -0.449829 0.581623 
0.637918 0.479146 0.696493 -0.449829 0.595308 0.637918 0.478931 0.696493 -0.449829 0.593353 0.637918 0.478685 0.696493 -0.449829 0.587488 0.637894 0.478454 0.696493 -0.449829 0.583578 0.637869 0.478223 0.696493 -0.449829 0.581623 0.637869 0.478008 0.696493 -0.449829 0.579668 
0.637918 0.478931 0.696493 -0.449829 0.593353 0.637918 0.478685 0.696493 -0.449829 0.587488 0.637894 0.478454 0.696493 -0.449829 0.583578 0.637869 0.478223 0.696493 -0.449829 0.581623 0.637869 0.478008 0.696493 -0.449829 0.579668 0.637869 0.477793 0.674327 -0.447748 0.583578 
0.637918 0.478685 0.696493 -0.449829 0.587488 0.637894 0.478454 0.696493 -0.449829 0.583578 0.637869 0.478223 0.696493 -0.449829 0.581623 0.637869 0.478008 0.696493 -0.449829 0.579668 0.637869 0.477793 0.674327 -0.447748 0.583578 0.637845 0.477562 0.674327 -0.447748 0.585533 
0.637894 0.478454 0.696493 -0.449829 0.583578 0.637869 0.478223 0.696493 -0.449829 0.581623 0.637869 0.478008 0.696493 -0.449829 0.579668 0.637869 0.477793 0.674327 -0.447748 0.583578 0.637845 0.477562 0.674327 -0.447748 0.585533 0.637820 0.477331 0.674327 -0.447748 0.585533 
0.637869 0.478223 0.696493 -0.449829 0.581623 0.637869 0.478008 0.696493 -0.449829 0.579668 0.637869 0.477793 0.674327 -0.447748 0.583578 0.637845 0.477562 0.674327 -0.447748 0.585533 0.637820 0.477331 0.674327 -0.447748 0.585533 0.637795 0.477101 0.674327 -0.447748 0.582600 
0.637869 0.478008 0.696493 -0.449829 0.579668 0.637869 0.477793 0.674327 -0.447748 0.583578 0.637845 0.477562 0.674327 -0.447748 0.585533 0.637820 0.477331 0.674327 -0.447748 0.585533 0.637795 0.477101 0.674327 -0.447748 0.582600 0.637771 0.476885 0.674327 -0.447748 0.582600 
0.637869 0.477793 0.674327 -0.447748 0.583578 0.637845 0.477562 0.674327 -0.447748 0.585533 0.637820 0.477331 0.674327 -0.447748 0.585533 0.637795 0.477101 0.674327 -0.447748 0.582600 0.637771 0.476885 0.674327 -0.447748 0.582600 0.637746 0.476686 0.674327 -0.447748 0.582600 
0.637845 0.477562 0.674327 -0.447748 0.585533 0.637820 0.477331 0.674327 -0.447748 0.585533 0.637795 0.477101 0.674327 -0.447748 0.582600 0.637771 0.476885 0.674327 -0.447748 0.582600 0.637746 0.476686 0.674327 -0.447748 0.582600 0.637721 0.476486 0.674327 -0.447748 0.580645 
0.637820 0.477331 0.674327 -0.447748 0.585533 0.637795 0.477101 0.674327 -0.447748 0.582600 0.637771 0.476885 0.674327 -0.447748 0.582600 0.637746 0.476686 0.674327 -0.447748 0.582600 0.637721 0.476486 0.674327 -0.447748 0.580645 0.637697 0.476286 0.674327 -0.447748 0.581623 
0.637795 0.477101 0.674327 -0.447748 0.582600 0.637771 0.476885 0.674327 -0.447748 0.582600 0.637746 0.476686 0.674327 -0.447748 0.582600 0.637721 0.476486 0.674327 -0.447748 0.580645 0.637697 0.476286 0.674327 -0.447748 0.581623 0.637672 0.476086 0.674327 -0.447748 0.582600 
0.637771 0.476885 0.674327 -0.447748 0.582600 0.637746 0.476686 0.674327 -0.447748 0.582600 0.637721 0.476486 0.674327 -0.447748 0.580645 0.637697 0.476286 0.674327 -0.447748 0.581623 0.637672 0.476086 0.674327 -0.447748 0.582600 0.637648 0.475886 0.674327 -0.447748 0.581623 
0.637746 0.476686 0.674327 -0.447748 0.582600 0.637721 0.476486 0.674327 -0.447748 0.580645 0.637697 0.476286 0.674327 -0.447748 0.581623 0.637672 0.476086 0.674327 -0.447748 0.582600 0.637648 0.475886 0.674327 -0.447748 0.581623 0.637623 0.475686 0.674327 -0.447748 0.580645 
0.637721 0.476486 0.674327 -0.447748 0.580645 0.637697 0.476286 0.674327 -0.447748 0.581623 0.637672 0.476086 0.674327 -0.447748 0.582600 0.637648 0.475886 0.674327 -0.447748 0.581623 0.637623 0.475686 0.674327 -0.447748 0.580645 0.637574 0.475471 0.674327 -0.447748 0.581623 
0.637697 0.476286 0.674327 -0.447748 0.581623 0.637672 0.476086 0.674327 -0.447748 0.582600 0.637648 0.475886 0.674327 -0.447748 0.581623 0.637623 0.475686 0.674327 -0.447748 0.580645 0.637574 0.475471 0.674327 -0.447748 0.581623 0.637549 0.475271 0.674327 -0.447748 0.580645 
0.637672 0.476086 0.674327 -0.447748 0.582600 0.637648 0.475886 0.674327 -0.447748 0.581623 0.637623 0.475686 0.674327 -0.447748 0.580645 0.637574 0.475471 0.674327 -0.447748 0.581623 0.637549 0.475271 0.674327 -0.447748 0.580645 0.637525 0.475055 0.674327 -0.447748 0.579668 
0.637648 0.475886 0.674327 -0.447748 0.581623 0.637623 0.475686 0.674327 -0.447748 0.580645 0.637574 0.475471 0.674327 -0.447748 0.581623 0.637549 0.475271 0.674327 -0.447748 0.580645 0.637525 0.475055 0.674327 -0.447748 0.579668 0.637451 0.474825 0.674327 -0.447748 0.581623 
0.637623 0.475686 0.674327 -0.447748 0.580645 0.637574 0.475471 0.674327 -0.447748 0.581623 0.637549 0.475271 0.674327 -0.447748 0.580645 0.637525 0.475055 0.674327 -0.447748 0.579668 0.637451 0.474825 0.674327 -0.447748 0.581623 0.637402 0.474594 0.674327 -0.447748 0.579668 
0.637574 0.475471 0.674327 -0.447748 0.581623 0.637549 0.475271 0.674327 -0.447748 0.580645 0.637525 0.475055 0.674327 -0.447748 0.579668 0.637451 0.474825 0.674327 -0.447748 0.581623 0.637402 0.474594 0.674327 -0.447748 0.579668 0.637352 0.474348 0.674327 -0.447748 0.579668 
0.637549 0.475271 0.674327 -0.447748 0.580645 0.637525 0.475055 0.674327 -0.447748 0.579668 0.637451 0.474825 0.674327 -0.447748 0.581623 0.637402 0.474594 0.674327 -0.447748 0.579668 0.637352 0.474348 0.674327 -0.447748 0.579668 0.637279 0.474086 0.674327 -0.447748 0.576735 
0.637525 0.475055 0.674327 -0.447748 0.579668 0.637451 0.474825 0.674327 -0.447748 0.581623 0.637402 0.474594 0.674327 -0.447748 0.579668 0.637352 0.474348 0.674327 -0.447748 0.579668 0.637279 0.474086 0.674327 -0.447748 0.576735 0.637229 0.473810 0.674327 -0.447748 0.575758 
0.637451 0.474825 0.674327 -0.447748 0.581623 0.637402 0.474594 0.674327 -0.447748 0.579668 0.637352 0.474348 0.674327 -0.447748 0.579668 0.637279 0.474086 0.674327 -0.447748 0.576735 0.637229 0.473810 0.674327 -0.447748 0.575758 0.637156 0.473533 0.674327 -0.447748 0.575758 
0.637402 0.474594 0.674327 -0.447748 0.579668 0.637352 0.474348 0.674327 -0.447748 0.579668 0.637279 0.474086 0.674327 -0.447748 0.576735 0.637229 0.473810 0.674327 -0.447748 0.575758 0.637156 0.473533 0.674327 -0.447748 0.575758 0.637106 0.473256 0.674327 -0.447748 0.574780 
0.637352 0.474348 0.674327 -0.447748 0.579668 0.637279 0.474086 0.674327 -0.447748 0.576735 0.637229 0.473810 0.674327 -0.447748 0.575758 0.637156 0.473533 0.674327 -0.447748 0.575758 0.637106 0.473256 0.674327 -0.447748 0.574780 0.637057 0.472964 0.674327 -0.447748 0.579668 
0.637279 0.474086 0.674327 -0.447748 0.576735 0.637229 0.473810 0.674327 -0.447748 0.575758 0.637156 0.473533 0.674327 -0.447748 0.575758 0.637106 0.473256 0.674327 -0.447748 0.574780 0.637057 0.472964 0.674327 -0.447748 0.579668 0.637008 0.472687 0.674327 -0.447748 0.582600 
0.637229 0.473810 0.674327 -0.447748 0.575758 0.637156 0.473533 0.674327 -0.447748 0.575758 0.637106 0.473256 0.674327 -0.447748 0.574780 0.637057 0.472964 0.674327 -0.447748 0.579668 0.637008 0.472687 0.674327 -0.447748 0.582600 0.636983 0.472395 0.674327 -0.447748 0.578690 
0.637156 0.473533 0.674327 -0.447748 0.575758 0.637106 0.473256 0.674327 -0.447748 0.574780 0.637057 0.472964 0.674327 -0.447748 0.579668 0.637008 0.472687 0.674327 -0.447748 0.582600 0.636983 0.472395 0.674327 -0.447748 0.578690 0.636909 0.472072 0.674327 -0.447748 0.574780 
0.637106 0.473256 0.674327 -0.447748 0.574780 0.637057 0.472964 0.674327 -0.447748 0.579668 0.637008 0.472687 0.674327 -0.447748 0.582600 0.636983 0.472395 0.674327 -0.447748 0.578690 0.636909 0.472072 0.674327 -0.447748 0.574780 0.636885 0.471780 0.674327 -0.447748 0.570870 
0.637057 0.472964 0.674327 -0.447748 0.579668 0.637008 0.472687 0.674327 -0.447748 0.582600 0.636983 0.472395 0.674327 -0.447748 0.578690 0.636909 0.472072 0.674327 -0.447748 0.574780 0.636885 0.471780 0.674327 -0.447748 0.570870 0.636836 0.471472 0.674327 -0.447748 0.572825 
0.637008 0.472687 0.674327 -0.447748 0.582600 0.636983 0.472395 0.674327 -0.447748 0.578690 0.636909 0.472072 0.674327 -0.447748 0.574780 0.636885 0.471780 0.674327 -0.447748 0.570870 0.636836 0.471472 0.674327 -0.447748 0.572825 0.636786 0.471195 0.674327 -0.447748 0.572825 
0.636983 0.472395 0.674327 -0.447748 0.578690 0.636909 0.472072 0.674327 -0.447748 0.574780 0.636885 0.471780 0.674327 -0.447748 0.570870 0.636836 0.471472 0.674327 -0.447748 0.572825 0.636786 0.471195 0.674327 -0.447748 0.572825 0.636737 0.470918 0.674327 -0.447748 0.575758 
0.636909 0.472072 0.674327 -0.447748 0.574780 0.636885 0.471780 0.674327 -0.447748 0.570870 0.636836 0.471472 0.674327 -0.447748 0.572825 0.636786 0.471195 0.674327 -0.447748 0.572825 0.636737 0.470918 0.674327 -0.447748 0.575758 0.636713 0.470657 0.674327 -0.447748 0.579668 
0.636885 0.471780 0.674327 -0.447748 0.570870 0.636836 0.471472 0.674327 -0.447748 0.572825 0.636786 0.471195 0.674327 -0.447748 0.572825 0.636737 0.470918 0.674327 -0.447748 0.575758 0.636713 0.470657 0.674327 -0.447748 0.579668 0.636688 0.470411 0.674327 -0.447748 0.579668 
0.636836 0.471472 0.674327 -0.447748 0.572825 0.636786 0.471195 0.674327 -0.447748 0.572825 0.636737 0.470918 0.674327 -0.447748 0.575758 0.636713 0.470657 0.674327 -0.447748 0.579668 0.636688 0.470411 0.674327 -0.447748 0.579668 0.636663 0.470196 0.674327 -0.447748 0.578690 
0.636786 0.471195 0.674327 -0.447748 0.572825 0.636737 0.470918 0.674327 -0.447748 0.575758 0.636713 0.470657 0.674327 -0.447748 0.579668 0.636688 0.470411 0.674327 -0.447748 0.579668 0.636663 0.470196 0.674327 -0.447748 0.578690 0.636639 0.470026 0.669117 -0.458963 0.576735 
0.636737 0.470918 0.674327 -0.447748 0.575758 0.636713 0.470657 0.674327 -0.447748 0.579668 0.636688 0.470411 0.674327 -0.447748 0.579668 0.636663 0.470196 0.674327 -0.447748 0.578690 0.636639 0.470026 0.669117 -0.458963 0.576735 0.636639 0.469903 0.669117 -0.458963 0.572825 
0.636713 0.470657 0.674327 -0.447748 0.579668 0.636688 0.470411 0.674327 -0.447748 0.579668 0.636663 0.470196 0.674327 -0.447748 0.578690 0.636639 0.470026 0.669117 -0.458963 0.576735 0.636639 0.469903 0.669117 -0.458963 0.572825 0.636639 0.469796 0.669117 -0.458963 0.569892 
0.636688 0.470411 0.674327 -0.447748 0.579668 0.636663 0.470196 0.674327 -0.447748 0.578690 0.636639 0.470026 0.669117 -0.458963 0.576735 0.636639 0.469903 0.669117 -0.458963 0.572825 0.636639 0.469796 0.669117 -0.458963 0.569892 0.636614 0.469719 0.669117 -0.458963 0.565005 
0.636663 0.470196 0.674327 -0.447748 0.578690 0.636639 0.470026 0.669117 -0.458963 0.576735 0.636639 0.469903 0.669117 -0.458963 0.572825 0.636639 0.469796 0.669117 -0.458963 0.569892 0.636614 0.469719 0.669117 -0.458963 0.565005 0.636614 0.469657 0.669117 -0.458963 0.563050 
0.636639 0.470026 0.669117 -0.458963 0.576735 0.636639 0.469903 0.669117 -0.458963 0.572825 0.636639 0.469796 0.669117 -0.458963 0.569892 0.636614 0.469719 0.669117 -0.458963 0.565005 0.636614 0.469657 0.669117 -0.458963 0.563050 0.636614 0.469627 0.669117 -0.458963 0.562072 
0.636639 0.469903 0.669117 -0.458963 0.572825 0.636639 0.469796 0.669117 -0.458963 0.569892 0.636614 0.469719 0.669117 -0.458963 0.565005 0.636614 0.469657 0.669117 -0.458963 0.563050 0.636614 0.469627 0.669117 -0.458963 0.562072 0.636614 0.469596 0.669117 -0.458963 0.562072 
0.636639 0.469796 0.669117 -0.458963 0.569892 0.636614 0.469719 0.669117 -0.458963 0.565005 0.636614 0.469657 0.669117 -0.458963 0.563050 0.636614 0.469627 0.669117 -0.458963 0.562072 0.636614 0.469596 0.669117 -0.458963 0.562072 0.636614 0.469580 0.669117 -0.458963 0.564027 
0.636614 0.469719 0.669117 -0.458963 0.565005 0.636614 0.469657 0.669117 -0.458963 0.563050 0.636614 0.469627 0.669117 -0.458963 0.562072 0.636614 0.469596 0.669117 -0.458963 0.562072 0.636614 0.469580 0.669117 -0.458963 0.564027 0.636614 0.469565 0.669117 -0.458963 0.565005 
0.636614 0.469657 0.669117 -0.458963 0.563050 0.636614 0.469627 0.669117 -0.458963 0.562072 0.636614 0.469596 0.669117 -0.458963 0.562072 0.636614 0.469580 0.669117 -0.458963 0.564027 0.636614 0.469565 0.669117 -0.458963 0.565005 0.636614 0.469550 0.669117 -0.458963 0.563050 
0.636614 0.469627 0.669117 -0.458963 0.562072 0.636614 0.469596 0.669117 -0.458963 0.562072 0.636614 0.469580 0.669117 -0.458963 0.564027 0.636614 0.469565 0.669117 -0.458963 0.565005 0.636614 0.469550 0.669117 -0.458963 0.563050 0.636614 0.469519 0.669117 -0.458963 0.558162 
0.636614 0.469596 0.669117 -0.458963 0.562072 0.636614 0.469580 0.669117 -0.458963 0.564027 0.636614 0.469565 0.669117 -0.458963 0.565005 0.636614 0.469550 0.669117 -0.458963 0.563050 0.636614 0.469519 0.669117 -0.458963 0.558162 0.636614 0.469488 0.669117 -0.458963 0.555230 
0.636614 0.469580 0.669117 -0.458963 0.564027 0.636614 0.469565 0.669117 -0.458963 0.565005 0.636614 0.469550 0.669117 -0.458963 0.563050 0.636614 0.469519 0.669117 -0.458963 0.558162 0.636614 0.469488 0.669117 -0.458963 0.555230 0.636614 0.469457 0.669117 -0.458963 0.550342 
0.636614 0.469565 0.669117 -0.458963 0.565005 0.636614 0.469550 0.669117 -0.458963 0.563050 0.636614 0.469519 0.669117 -0.458963 0.558162 0.636614 0.469488 0.669117 -0.458963 0.555230 0.636614 0.469457 0.669117 -0.458963 0.550342 0.636614 0.469427 0.669117 -0.458963 0.545455 
0.636614 0.469550 0.669117 -0.458963 0.563050 0.636614 0.469519 0.669117 -0.458963 0.558162 0.636614 0.469488 0.669117 -0.458963 0.555230 0.636614 0.469457 0.669117 -0.458963 0.550342 0.636614 0.469427 0.669117 -0.458963 0.545455 0.636614 0.469381 0.669117 -0.458963 0.540567 
0.636614 0.469519 0.669117 -0.458963 0.558162 0.636614 0.469488 0.669117 -0.458963 0.555230 0.636614 0.469457 0.669117 -0.458963 0.550342 0.636614 0.469427 0.669117 -0.458963 0.545455 0.636614 0.469381 0.669117 -0.458963 0.540567 0.636614 0.469334 0.669117 -0.458963 0.535679 
0.636614 0.469488 0.669117 -0.458963 0.555230 0.636614 0.469457 0.669117 -0.458963 0.550342 0.636614 0.469427 0.669117 -0.458963 0.545455 0.636614 0.469381 0.669117 -0.458963 0.540567 0.636614 0.469334 0.669117 -0.458963 0.535679 0.636614 0.469304 0.669117 -0.458963 0.531769 
0.636614 0.469457 0.669117 -0.458963 0.550342 0.636614 0.469427 0.669117 -0.458963 0.545455 0.636614 0.469381 0.669117 -0.458963 0.540567 0.636614 0.469334 0.669117 -0.458963 0.535679 0.636614 0.469304 0.669117 -0.458963 0.531769 0.636614 0.469258 0.669117 -0.458963 0.528837 
0.636614 0.469427 0.669117 -0.458963 0.545455 0.636614 0.469381 0.669117 -0.458963 0.540567 0.636614 0.469334 0.669117 -0.458963 0.535679 0.636614 0.469304 0.669117 -0.458963 0.531769 0.636614 0.469258 0.669117 -0.458963 0.528837 0.636590 0.469227 0.669117 -0.458963 0.528837 
0.636614 0.469381 0.669117 -0.458963 0.540567 0.636614 0.469334 0.669117 -0.458963 0.535679 0.636614 0.469304 0.669117 -0.458963 0.531769 0.636614 0.469258 0.669117 -0.458963 0.528837 0.636590 0.469227 0.669117 -0.458963 0.528837 0.636590 0.469196 0.669117 -0.458963 0.526882 
0.636614 0.469334 0.669117 -0.458963 0.535679 0.636614 0.469304 0.669117 -0.458963 0.531769 0.636614 0.469258 0.669117 -0.458963 0.528837 0.636590 0.469227 0.669117 -0.458963 0.528837 0.636590 0.469196 0.669117 -0.458963 0.526882 0.636590 0.469181 0.669117 -0.458963 0.526882 
0.636614 0.469304 0.669117 -0.458963 0.531769 0.636614 0.469258 0.669117 -0.458963 0.528837 0.636590 0.469227 0.669117 -0.458963 0.528837 0.636590 0.469196 0.669117 -0.458963 0.526882 0.636590 0.469181 0.669117 -0.458963 0.526882 0.636590 0.469165 0.669117 -0.458963 0.527859 
0.636614 0.469258 0.669117 -0.458963 0.528837 0.636590 0.469227 0.669117 -0.458963 0.528837 0.636590 0.469196 0.669117 -0.458963 0.526882 0.636590 0.469181 0.669117 -0.458963 0.526882 0.636590 0.469165 0.669117 -0.458963 0.527859 0.636565 0.469165 0.669117 -0.458963 0.529814 
0.636590 0.469227 0.669117 -0.458963 0.528837 0.636590 0.469196 0.669117 -0.458963 0.526882 0.636590 0.469181 0.669117 -0.458963 0.526882 0.636590 0.469165 0.669117 -0.458963 0.527859 0.636565 0.469165 0.669117 -0.458963 0.529814 0.636540 0.469165 0.669117 -0.458963 0.531769 
0.636590 0.469196 0.669117 -0.458963 0.526882 0.636590 0.469181 0.669117 -0.458963 0.526882 0.636590 0.469165 0.669117 -0.458963 0.527859 0.636565 0.469165 0.669117 -0.458963 0.529814 0.636540 0.469165 0.669117 -0.458963 0.531769 0.636516 0.469165 0.669117 -0.458963 0.575758 
0.636590 0.469181 0.669117 -0.458963 0.526882 0.636590 0.469165 0.669117 -0.458963 0.527859 0.636565 0.469165 0.669117 -0.458963 0.529814 0.636540 0.469165 0.669117 -0.458963 0.531769 0.636516 0.469165 0.669117 -0.458963 0.575758 0.636491 0.469165 0.669117 -0.458963 0.586510 
0.636590 0.469165 0.669117 -0.458963 0.527859 0.636565 0.469165 0.669117 -0.458963 0.529814 0.636540 0.469165 0.669117 -0.458963 0.531769 0.636516 0.469165 0.669117 -0.458963 0.575758 0.636491 0.469165 0.669117 -0.458963 0.586510 0.636491 0.469150 0.674327 -0.447748 0.569892 
0.636565 0.469165 0.669117 -0.458963 0.529814 0.636540 0.469165 0.669117 -0.458963 0.531769 0.636516 0.469165 0.669117 -0.458963 0.575758 0.636491 0.469165 0.669117 -0.458963 0.586510 0.636491 0.469150 0.674327 -0.447748 0.569892 0.636491 0.469134 0.674327 -0.447748 0.559140 
0.636540 0.469165 0.669117 -0.458963 0.531769 0.636516 0.469165 0.669117 -0.458963 0.575758 0.636491 0.469165 0.669117 -0.458963 0.586510 0.636491 0.469150 0.674327 -0.447748 0.569892 0.636491 0.469134 0.674327 -0.447748 0.559140 0.636491 0.469104 0.674327 -0.447748 0.547410 
0.636516 0.469165 0.669117 -0.458963 0.575758 0.636491 0.469165 0.669117 -0.458963 0.586510 0.636491 0.469150 0.674327 -0.447748 0.569892 0.636491 0.469134 0.674327 -0.447748 0.559140 0.636491 0.469104 0.674327 -0.447748 0.547410 0.636491 0.469073 0.674327 -0.447748 0.536657 
0.636491 0.469165 0.669117 -0.458963 0.586510 0.636491 0.469150 0.674327 -0.447748 0.569892 0.636491 0.469134 0.674327 -0.447748 0.559140 0.636491 0.469104 0.674327 -0.447748 0.547410 0.636491 0.469073 0.674327 -0.447748 0.536657 0.636491 0.469027 0.674327 -0.447748 0.526882 
0.636491 0.469150 0.674327 -0.447748 0.569892 0.636491 0.469134 0.674327 -0.447748 0.559140 0.636491 0.469104 0.674327 -0.447748 0.547410 0.636491 0.469073 0.674327 -0.447748 0.536657 0.636491 0.469027 0.674327 -0.447748 0.526882 0.636491 0.468965 0.674327 -0.447748 0.520039 
0.636491 0.469134 0.674327 -0.447748 0.559140 0.636491 0.469104 0.674327 -0.447748 0.547410 0.636491 0.469073 0.674327 -0.447748 0.536657 0.636491 0.469027 0.674327 -0.447748 0.526882 0.636491 0.468965 0.674327 -0.447748 0.520039 0.636491 0.468873 0.674327 -0.447748 0.516129 
0.636491 0.469104 0.674327 -0.447748 0.547410 0.636491 0.469073 0.674327 -0.447748 0.536657 0.636491 0.469027 0.674327 -0.447748 0.526882 0.636491 0.468965 0.674327 -0.447748 0.520039 0.636491 0.468873 0.674327 -0.447748 0.516129 0.636491 0.468750 0.674327 -0.447748 0.516129 
0.636491 0.469073 0.674327 -0.447748 0.536657 0.636491 0.469027 0.674327 -0.447748 0.526882 0.636491 0.468965 0.674327 -0.447748 0.520039 0.636491 0.468873 0.674327 -0.447748 0.516129 0.636491 0.468750 0.674327 -0.447748 0.516129 0.636491 0.468612 0.674327 -0.447748 0.519062 
0.636491 0.469027 0.674327 -0.447748 0.526882 0.636491 0.468965 0.674327 -0.447748 0.520039 0.636491 0.468873 0.674327 -0.447748 0.516129 0.636491 0.468750 0.674327 -0.447748 0.516129 0.636491 0.468612 0.674327 -0.447748 0.519062 0.636491 0.468458 0.669117 -0.458963 0.524927 
0.636491 0.468965 0.674327 -0.447748 0.520039 0.636491 0.468873 0.674327 -0.447748 0.516129 0.636491 0.468750 0.674327 -0.447748 0.516129 0.636491 0.468612 0.674327 -0.447748 0.519062 0.636491 0.468458 0.669117 -0.458963 0.524927 0.636491 0.468335 0.669117 -0.458963 0.531769 
0.636491 0.468873 0.674327 -0.447748 0.516129 0.636491 0.468750 0.674327 -0.447748 0.516129 0.636491 0.468612 0.674327 -0.447748 0.519062 0.636491 0.468458 0.669117 -0.458963 0.524927 0.636491 0.468335 0.669117 -0.458963 0.531769 0.636491 0.468181 0.669117 -0.458963 0.544477 
0.636491 0.468750 0.674327 -0.447748 0.516129 0.636491 0.468612 0.674327 -0.447748 0.519062 0.636491 0.468458 0.669117 -0.458963 0.524927 0.636491 0.468335 0.669117 -0.458963 0.531769 0.636491 0.468181 0.669117 -0.458963 0.544477 0.636491 0.468058 0.669117 -0.458963 0.549365 
0.636491 0.468612 0.674327 -0.447748 0.519062 0.636491 0.468458 0.669117 -0.458963 0.524927 0.636491 0.468335 0.669117 -0.458963 0.531769 0.636491 0.468181 0.669117 -0.458963 0.544477 0.636491 0.468058 0.669117 -0.458963 0.549365 0.636491 0.467950 0.669117 -0.458963 0.551320 
0.636491 0.468458 0.669117 -0.458963 0.524927 0.636491 0.468335 0.669117 -0.458963 0.531769 0.636491 0.468181 0.669117 -0.458963 0.544477 0.636491 0.468058 0.669117 -0.458963 0.549365 0.636491 0.467950 0.669117 -0.458963 0.551320 0.636491 0.467858 0.669117 -0.458963 0.554252 
0.636491 0.468335 0.669117 -0.458963 0.531769 0.636491 0.468181 0.669117 -0.458963 0.544477 0.636491 0.468058 0.669117 -0.458963 0.549365 0.636491 0.467950 0.669117 -0.458963 0.551320 0.636491 0.467858 0.669117 -0.458963 0.554252 0.636491 0.467812 0.669117 -0.458963 0.555230 
0.636491 0.468181 0.669117 -0.458963 0.544477 0.636491 0.468058 0.669117 -0.458963 0.549365 0.636491 0.467950 0.669117 -0.458963 0.551320 0.636491 0.467858 0.669117 -0.458963 0.554252 0.636491 0.467812 0.669117 -0.458963 0.555230 0.636491 0.467766 0.669117 -0.458963 0.558162 
0.636491 0.468058 0.669117 -0.458963 0.549365 0.636491 0.467950 0.669117 -0.458963 0.551320 0.636491 0.467858 0.669117 -0.458963 0.554252 0.636491 0.467812 0.669117 -0.458963 0.555230 0.636491 0.467766 0.669117 -0.458963 0.558162 0.636540 0.467720 0.669117 -0.458963 0.558162 
0.636491 0.467950 0.669117 -0.458963 0.551320 0.636491 0.467858 0.669117 -0.458963 0.554252 0.636491 0.467812 0.669117 -0.458963 0.555230 0.636491 0.467766 0.669117 -0.458963 0.558162 0.636540 0.467720 0.669117 -0.458963 0.558162 0.636540 0.467689 0.669117 -0.458963 0.558162 
0.636491 0.467858 0.669117 -0.458963 0.554252 0.636491 0.467812 0.669117 -0.458963 0.555230 0.636491 0.467766 0.669117 -0.458963 0.558162 0.636540 0.467720 0.669117 -0.458963 0.558162 0.636540 0.467689 0.669117 -0.458963 0.558162 0.636565 0.467658 0.669117 -0.458963 0.558162 
0.636491 0.467812 0.669117 -0.458963 0.555230 0.636491 0.467766 0.669117 -0.458963 0.558162 0.636540 0.467720 0.669117 -0.458963 0.558162 0.636540 0.467689 0.669117 -0.458963 0.558162 0.636565 0.467658 0.669117 -0.458963 0.558162 0.636590 0.467612 0.669117 -0.458963 0.555230 
0.636491 0.467766 0.669117 -0.458963 0.558162 0.636540 0.467720 0.669117 -0.458963 0.558162 0.636540 0.467689 0.669117 -0.458963 0.558162 0.636565 0.467658 0.669117 -0.458963 0.558162 0.636590 0.467612 0.669117 -0.458963 0.555230 0.636590 0.467581 0.669117 -0.458963 0.552297 
0.636540 0.467720 0.669117 -0.458963 0.558162 0.636540 0.467689 0.669117 -0.458963 0.558162 0.636565 0.467658 0.669117 -0.458963 0.558162 0.636590 0.467612 0.669117 -0.458963 0.555230 0.636590 0.467581 0.669117 -0.458963 0.552297 0.636590 0.467535 0.669117 -0.458963 0.549365 
0.636540 0.467689 0.669117 -0.458963 0.558162 0.636565 0.467658 0.669117 -0.458963 0.558162 0.636590 0.467612 0.669117 -0.458963 0.555230 0.636590 0.467581 0.669117 -0.458963 0.552297 0.636590 0.467535 0.669117 -0.458963 0.549365 0.636590 0.467474 0.669117 -0.458963 0.545455 
0.636565 0.467658 0.669117 -0.458963 0.558162 0.636590 0.467612 0.669117 -0.458963 0.555230 0.636590 0.467581 0.669117 -0.458963 0.552297 0.636590 0.467535 0.669117 -0.458963 0.549365 0.636590 0.467474 0.669117 -0.458963 0.545455 0.636590 0.467427 0.669117 -0.458963 0.542522 
0.636590 0.467612 0.669117 -0.458963 0.555230 0.636590 0.467581 0.669117 -0.458963 0.552297 0.636590 0.467535 0.669117 -0.458963 0.549365 0.636590 0.467474 0.669117 -0.458963 0.545455 0.636590 0.467427 0.669117 -0.458963 0.542522 0.636590 0.467381 0.669117 -0.458963 0.540567 
0.636590 0.467581 0.669117 -0.458963 0.552297 0.636590 0.467535 0.669117 -0.458963 0.549365 0.636590 0.467474 0.669117 -0.458963 0.545455 0.636590 0.467427 0.669117 -0.458963 0.542522 0.636590 0.467381 0.669117 -0.458963 0.540567 0.636590 0.467335 0.669117 -0.458963 0.537634 
0.636590 0.467535 0.669117 -0.458963 0.549365 0.636590 0.467474 0.669117 -0.458963 0.545455 0.636590 0.467427 0.669117 -0.458963 0.542522 0.636590 0.467381 0.669117 -0.458963 0.540567 0.636590 0.467335 0.669117 -0.458963 0.537634 0.636590 0.467289 0.669117 -0.458963 0.535679 
0.636590 0.467474 0.669117 -0.458963 0.545455 0.636590 0.467427 0.669117 -0.458963 0.542522 0.636590 0.467381 0.669117 -0.458963 0.540567 0.636590 0.467335 0.669117 -0.458963 0.537634 0.636590 0.467289 0.669117 -0.458963 0.535679 0.636590 0.467243 0.669117 -0.458963 0.534702 
0.636590 0.467427 0.669117 -0.458963 0.542522 0.636590 0.467381 0.669117 -0.458963 0.540567 0.636590 0.467335 0.669117 -0.458963 0.537634 0.636590 0.467289 0.669117 -0.458963 0.535679 0.636590 0.467243 0.669117 -0.458963 0.534702 0.636590 0.467197 0.669117 -0.458963 0.532747 
0.636590 0.467381 0.669117 -0.458963 0.540567 0.636590 0.467335 0.669117 -0.458963 0.537634 0.636590 0.467289 0.669117 -0.458963 0.535679 0.636590 0.467243 0.669117 -0.458963 0.534702 0.636590 0.467197 0.669117 -0.458963 0.532747 0.636590 0.467151 0.669117 -0.458963 0.531769 
0.636590 0.467335 0.669117 -0.458963 0.537634 0.636590 0.467289 0.669117 -0.458963 0.535679 0.636590 0.467243 0.669117 -0.458963 0.534702 0.636590 0.467197 0.669117 -0.458963 0.532747 0.636590 0.467151 0.669117 -0.458963 0.531769 0.636590 0.467135 0.669117 -0.458963 0.530792 
0.636590 0.467289 0.669117 -0.458963 0.535679 0.636590 0.467243 0.669117 -0.458963 0.534702 0.636590 0.467197 0.669117 -0.458963 0.532747 0.636590 0.467151 0.669117 -0.458963 0.531769 0.636590 0.467135 0.669117 -0.458963 0.530792 0.636590 0.467120 0.669117 -0.458963 0.529814 
0.636590 0.467243 0.669117 -0.458963 0.534702 0.636590 0.467197 0.669117 -0.458963 0.532747 0.636590 0.467151 0.669117 -0.458963 0.531769 0.636590 0.467135 0.669117 -0.458963 0.530792 0.636590 0.467120 0.669117 -0.458963 0.529814 0.636590 0.467089 0.669117 -0.458963 0.530792 
0.636590 0.467197 0.669117 -0.458963 0.532747 0.636590 0.467151 0.669117 -0.458963 0.531769 0.636590 0.467135 0.669117 -0.458963 0.530792 0.636590 0.467120 0.669117 -0.458963 0.529814 0.636590 0.467089 0.669117 -0.458963 0.530792 0.636590 0.467074 0.669117 -0.458963 0.531769 
0.636590 0.467151 0.669117 -0.458963 0.531769 0.636590 0.467135 0.669117 -0.458963 0.530792 0.636590 0.467120 0.669117 -0.458963 0.529814 0.636590 0.467089 0.669117 -0.458963 0.530792 0.636590 0.467074 0.669117 -0.458963 0.531769 0.636590 0.467058 0.669117 -0.458963 0.531769 
0.636590 0.467135 0.669117 -0.458963 0.530792 0.636590 0.467120 0.669117 -0.458963 0.529814 0.636590 0.467089 0.669117 -0.458963 0.530792 0.636590 0.467074 0.669117 -0.458963 0.531769 0.636590 0.467058 0.669117 -0.458963 0.531769 0.636590 0.467043 0.669117 -0.458963 0.532747 
0.636590 0.467120 0.669117 -0.458963 0.529814 0.636590 0.467089 0.669117 -0.458963 0.530792 0.636590 0.467074 0.669117 -0.458963 0.531769 0.636590 0.467058 0.669117 -0.458963 0.531769 0.636590 0.467043 0.669117 -0.458963 0.532747 0.636491 0.467043 0.669117 -0.458963 0.224829 
0.636590 0.467089 0.669117 -0.458963 0.530792 0.636590 0.467074 0.669117 -0.458963 0.531769 0.636590 0.467058 0.669117 -0.458963 0.531769 0.636590 0.467043 0.669117 -0.458963 0.532747 0.636491 0.467043 0.669117 -0.458963 0.224829 0.636294 0.467074 0.669117 -0.458963 0.130010 
0.636590 0.467074 0.669117 -0.458963 0.531769 0.636590 0.467058 0.669117 -0.458963 0.531769 0.636590 0.467043 0.669117 -0.458963 0.532747 0.636491 0.467043 0.669117 -0.458963 0.224829 0.636294 0.467074 0.669117 -0.458963 0.130010 0.635974 0.467181 0.669117 -0.458963 0.047898 
0.636590 0.467058 0.669117 -0.458963 0.531769 0.636590 0.467043 0.669117 -0.458963 0.532747 0.636491 0.467043 0.669117 -0.458963 0.224829 0.636294 0.467074 0.669117 -0.458963 0.130010 0.635974 0.467181 0.669117 -0.458963 0.047898 0.635039 0.467597 0.669117 -0.458963 0.000000 
0.636590 0.467043 0.669117 -0.458963 0.532747 0.636491 0.467043 0.669117 -0.458963 0.224829 0.636294 0.467074 0.669117 -0.458963 0.130010 0.635974 0.467181 0.669117 -0.458963 0.047898 0.635039 0.467597 0.669117 -0.458963 0.000000 0.634449 0.467920 0.669117 -0.458963 0.000000 
0.636491 0.467043 0.669117 -0.458963 0.224829 0.636294 0.467074 0.669117 -0.458963 0.130010 0.635974 0.467181 0.669117 -0.458963 0.047898 0.635039 0.467597 0.669117 -0.458963 0.000000 0.634449 0.467920 0.669117 -0.458963 0.000000 0.633809 0.468319 0.663714 -0.469935 0.000000 
0.636294 0.467074 0.669117 -0.458963 0.130010 0.635974 0.467181 0.669117 -0.458963 0.047898 0.635039 0.467597 0.669117 -0.458963 0.000000 0.634449 0.467920 0.669117 -0.458963 0.000000 0.633809 0.468319 0.663714 -0.469935 0.000000 0.633071 0.468781 0.663714 -0.469935 0.000000 
0.635974 0.467181 0.669117 -0.458963 0.047898 0.635039 0.467597 0.669117 -0.458963 0.000000 0.634449 0.467920 0.669117 -0.458963 0.000000 0.633809 0.468319 0.663714 -0.469935 0.000000 0.633071 0.468781 0.663714 -0.469935 0.000000 0.632308 0.469304 0.663714 -0.469935 0.000000 
0.635039 0.467597 0.669117 -0.458963 0.000000 0.634449 0.467920 0.669117 -0.458963 0.000000 0.633809 0.468319 0.663714 -0.469935 0.000000 0.633071 0.468781 0.663714 -0.469935 0.000000 0.632308 0.469304 0.663714 -0.469935 0.000000 0.631545 0.469903 0.663714 -0.469935 0.000000 
0.634449 0.467920 0.669117 -0.458963 0.000000 0.633809 0.468319 0.663714 -0.469935 0.000000 0.633071 0.468781 0.663714 -0.469935 0.000000 0.632308 0.469304 0.663714 -0.469935 0.000000 0.631545 0.469903 0.663714 -0.469935 0.000000 0.630758 0.470534 0.686190 -0.472993 0.000000 
0.633809 0.468319 0.663714 -0.469935 0.000000 0.633071 0.468781 0.663714 -0.469935 0.000000 0.632308 0.469304 0.663714 -0.469935 0.000000 0.631545 0.469903 0.663714 -0.469935 0.000000 0.630758 0.470534 0.686190 -0.472993 0.000000 0.629970 0.471195 0.680745 -0.484193 0.000000 
0.633071 0.468781 0.663714 -0.469935 0.000000 0.632308 0.469304 0.663714 -0.469935 0.000000 0.631545 0.469903 0.663714 -0.469935 0.000000 0.630758 0.470534 0.686190 -0.472993 0.000000 0.629970 0.471195 0.680745 -0.484193 0.000000 0.629109 0.471872 0.703360 -0.487296 0.000000 
0.632308 0.469304 0.663714 -0.469935 0.000000 0.631545 0.469903 0.663714 -0.469935 0.000000 0.630758 0.470534 0.686190 -0.472993 0.000000 0.629970 0.471195 0.680745 -0.484193 0.000000 0.629109 0.471872 0.703360 -0.487296 0.000000 0.628150 0.472564 0.725935 -0.489961 0.000000 
0.631545 0.469903 0.663714 -0.469935 0.000000 0.630758 0.470534 0.686190 -0.472993 0.000000 0.629970 0.471195 0.680745 -0.484193 0.000000 0.629109 0.471872 0.703360 -0.487296 0.000000 0.628150 0.472564 0.725935 -0.489961 0.000000 0.627141 0.473287 0.725935 -0.489961 0.000000 
0.630758 0.470534 0.686190 -0.472993 0.000000 0.629970 0.471195 0.680745 -0.484193 0.000000 0.629109 0.471872 0.703360 -0.487296 0.000000 0.628150 0.472564 0.725935 -0.489961 0.000000 0.627141 0.473287 0.725935 -0.489961 0.000000 0.626009 0.474040 0.743322 -0.504616 0.000000 
0.610162 0.438730 0.083735 -0.133519 0.000000 0.613238 0.439745 0.108271 -0.159775 0.000000 0.616388 0.440883 0.141281 -0.156666 0.000000 0.619513 0.442129 0.153269 -0.169914 0.000000 0.622564 0.443467 0.196554 -0.177408 0.000000 0.625541 0.444790 0.202449 -0.170561 0.000000 
0.613238 0.439745 0.108271 -0.159775 0.000000 0.616388 0.440883 0.141281 -0.156666 0.000000 0.619513 0.442129 0.153269 -0.169914 0.000000 0.622564 0.443467 0.196554 -0.177408 0.000000 0.625541 0.444790 0.202449 -0.170561 0.000000 0.628371 0.445666 0.202449 -0.170561 0.000000 
0.616388 0.440883 0.141281 -0.156666 0.000000 0.619513 0.442129 0.153269 -0.169914 0.000000 0.622564 0.443467 0.196554 -0.177408 0.000000 0.625541 0.444790 0.202449 -0.170561 0.000000 0.628371 0.445666 0.202449 -0.170561 0.000000 0.631127 0.446497 0.225123 -0.170885 0.000000 
0.619513 0.442129 0.153269 -0.169914 0.000000 0.622564 0.443467 0.196554 -0.177408 0.000000 0.625541 0.444790 0.202449 -0.170561 0.000000 0.628371 0.445666 0.202449 -0.170561 0.000000 0.631127 0.446497 0.225123 -0.170885 0.000000 0.633661 0.447312 0.245393 -0.173595 0.000000 
0.622564 0.443467 0.196554 -0.177408 0.000000 0.625541 0.444790 0.202449 -0.170561 0.000000 0.628371 0.445666 0.202449 -0.170561 0.000000 0.631127 0.446497 0.225123 -0.170885 0.000000 0.633661 0.447312 0.245393 -0.173595 0.000000 0.636196 0.448111 0.245393 -0.173595 0.000000 
0.625541 0.444790 0.202449 -0.170561 0.000000 0.628371 0.445666 0.202449 -0.170561 0.000000 0.631127 0.446497 0.225123 -0.170885 0.000000 0.633661 0.447312 0.245393 -0.173595 0.000000 0.636196 0.448111 0.245393 -0.173595 0.000000 0.638312 0.448880 0.266041 -0.175151 0.000000 
0.628371 0.445666 0.202449 -0.170561 0.000000 0.631127 0.446497 0.225123 -0.170885 0.000000 0.633661 0.447312 0.245393 -0.173595 0.000000 0.636196 0.448111 0.245393 -0.173595 0.000000 0.638312 0.448880 0.266041 -0.175151 0.000000 0.640231 0.449634 0.257050 -0.188711 0.000000 
0.631127 0.446497 0.225123 -0.170885 0.000000 0.633661 0.447312 0.245393 -0.173595 0.000000 0.636196 0.448111 0.245393 -0.173595 0.000000 0.638312 0.448880 0.266041 -0.175151 0.000000 0.640231 0.449634 0.257050 -0.188711 0.000000 0.641905 0.450434 0.282884 -0.215637 0.000000 
0.633661 0.447312 0.245393 -0.173595 0.000000 0.636196 0.448111 0.245393 -0.173595 0.000000 0.638312 0.448880 0.266041 -0.175151 0.000000 0.640231 0.449634 0.257050 -0.188711 0.000000 0.641905 0.450434 0.282884 -0.215637 0.000000 0.643332 0.451249 0.297471 -0.227032 0.000000 
0.636196 0.448111 0.245393 -0.173595 0.000000 0.638312 0.448880 0.266041 -0.175151 0.000000 0.640231 0.449634 0.257050 -0.188711 0.000000 0.641905 0.450434 0.282884 -0.215637 0.000000 0.643332 0.451249 0.297471 -0.227032 0.000000 0.644587 0.452079 0.308230 -0.243796 0.000000 
0.638312 0.448880 0.266041 -0.175151 0.000000 0.640231 0.449634 0.257050 -0.188711 0.000000 0.641905 0.450434 0.282884 -0.215637 0.000000 0.643332 0.451249 0.297471 -0.227032 0.000000 0.644587 0.452079 0.308230 -0.243796 0.000000 0.645497 0.452940 0.345730 -0.255959 0.000000 
0.640231 0.449634 0.257050 -0.188711 0.000000 0.641905 0.450434 0.282884 -0.215637 0.000000 0.643332 0.451249 0.297471 -0.227032 0.000000 0.644587 0.452079 0.308230 -0.243796 0.000000 0.645497 0.452940 0.345730 -0.255959 0.000000 0.645497 0.453817 0.371440 -0.285506 0.000000 
0.641905 0.450434 0.282884 -0.215637 0.000000 0.643332 0.451249 0.297471 -0.227032 0.000000 0.644587 0.452079 0.308230 -0.243796 0.000000 0.645497 0.452940 0.345730 -0.255959 0.000000 0.645497 0.453817 0.371440 -0.285506 0.000000 0.645079 0.454724 0.401567 -0.309695 0.000000 
0.643332 0.451249 0.297471 -0.227032 0.000000 0.644587 0.452079 0.308230 -0.243796 0.000000 0.645497 0.452940 0.345730 -0.255959 0.000000 0.645497 0.453817 0.371440 -0.285506 0.000000 0.645079 0.454724 0.401567 -0.309695 0.000000 0.644513 0.455647 0.436972 -0.327163 0.000000 
0.644587 0.452079 0.308230 -0.243796 0.000000 0.645497 0.452940 0.345730 -0.255959 0.000000 0.645497 0.453817 0.371440 -0.285506 0.000000 0.645079 0.454724 0.401567 -0.309695 0.000000 0.644513 0.455647 0.436972 -0.327163 0.000000 0.645276 0.456585 0.468062 -0.351993 0.000000 
0.645497 0.452940 0.345730 -0.255959 0.000000 0.645497 0.453817 0.371440 -0.285506 0.000000 0.645079 0.454724 0.401567 -0.309695 0.000000 0.644513 0.455647 0.436972 -0.327163 0.000000 0.645276 0.456585 0.468062 -0.351993 0.000000 0.645940 0.457508 0.483746 -0.364642 0.000000 
0.645497 0.453817 0.371440 -0.285506 0.000000 0.645079 0.454724 0.401567 -0.309695 0.000000 0.644513 0.455647 0.436972 -0.327163 0.000000 0.645276 0.456585 0.468062 -0.351993 0.000000 0.645940 0.457508 0.483746 -0.364642 0.000000 0.646038 0.458400 0.520764 -0.381904 0.000000 
0.645079 0.454724 0.401567 -0.309695 0.000000 0.644513 0.455647 0.436972 -0.327163 0.000000 0.645276 0.456585 0.468062 -0.351993 0.000000 0.645940 0.457508 0.483746 -0.364642 0.000000 0.646038 0.458400 0.520764 -0.381904 0.000000 0.646038 0.459246 0.558401 -0.398802 0.000000 
0.644513 0.455647 0.436972 -0.327163 0.000000 0.645276 0.456585 0.468062 -0.351993 0.000000 0.645940 0.457508 0.483746 -0.364642 0.000000 0.646038 0.458400 0.520764 -0.381904 0.000000 0.646038 0.459246 0.558401 -0.398802 0.000000 0.645448 0.460030 0.596590 -0.415378 0.000000 
0.645276 0.456585 0.468062 -0.351993 0.000000 0.645940 0.457508 0.483746 -0.364642 0.000000 0.646038 0.458400 0.520764 -0.381904 0.000000 0.646038 0.459246 0.558401 -0.398802 0.000000 0.645448 0.460030 0.596590 -0.415378 0.000000 0.644513 0.460738 0.629955 -0.442181 0.000000 
0.645940 0.457508 0.483746 -0.364642 0.000000 0.646038 0.458400 0.520764 -0.381904 0.000000 0.646038 0.459246 0.558401 -0.398802 0.000000 0.645448 0.460030 0.596590 -0.415378 0.000000 0.644513 0.460738 0.629955 -0.442181 0.000000 0.644513 0.461383 0.646784 -0.455934 0.000000 
0.646038 0.458400 0.520764 -0.381904 0.000000 0.646038 0.459246 0.558401 -0.398802 0.000000 0.645448 0.460030 0.596590 -0.415378 0.000000 0.644513 0.460738 0.629955 -0.442181 0.000000 0.644513 0.461383 0.646784 -0.455934 0.000000 0.644513 0.461937 0.674327 -0.447748 0.000000 
0.646038 0.459246 0.558401 -0.398802 0.000000 0.645448 0.460030 0.596590 -0.415378 0.000000 0.644513 0.460738 0.629955 -0.442181 0.000000 0.644513 0.461383 0.646784 -0.455934 0.000000 0.644513 0.461937 0.674327 -0.447748 0.000000 0.643701 0.462429 0.691438 -0.461539 0.000000 
0.645448 0.460030 0.596590 -0.415378 0.000000 0.644513 0.460738 0.629955 -0.442181 0.000000 0.644513 0.461383 0.646784 -0.455934 0.000000 0.644513 0.461937 0.674327 -0.447748 0.000000 0.643701 0.462429 0.691438 -0.461539 0.000000 0.643701 0.462829 0.725935 -0.489961 0.000000 
0.644513 0.460738 0.629955 -0.442181 0.000000 0.644513 0.461383 0.646784 -0.455934 0.000000 0.644513 0.461937 0.674327 -0.447748 0.000000 0.643701 0.462429 0.691438 -0.461539 0.000000 0.643701 0.462829 0.725935 -0.489961 0.000000 0.642864 0.462829 0.748446 -0.492174 0.000000 
0.644513 0.461383 0.646784 -0.455934 0.000000 0.644513 0.461937 0.674327 -0.447748 0.000000 0.643701 0.462429 0.691438 -0.461539 0.000000 0.643701 0.462829 0.725935 -0.489961 0.000000 0.642864 0.462829 0.748446 -0.492174 0.000000 0.641978 0.463321 0.765938 -0.506908 0.000000 
0.644513 0.461937 0.674327 -0.447748 0.000000 0.643701 0.462429 0.691438 -0.461539 0.000000 0.643701 0.462829 0.725935 -0.489961 0.000000 0.642864 0.462829 0.748446 -0.492174 0.000000 0.641978 0.463321 0.765938 -0.506908 0.000000 0.641142 0.463829 0.765938 -0.506908 0.000000 
0.643701 0.462429 0.691438 -0.461539 0.000000 0.643701 0.462829 0.725935 -0.489961 0.000000 0.642864 0.462829 0.748446 -0.492174 0.000000 0.641978 0.463321 0.765938 -0.506908 0.000000 0.641142 0.463829 0.765938 -0.506908 0.000000 0.640379 0.464167 0.788456 -0.508743 0.000000 
0.643701 0.462829 0.725935 -0.489961 0.000000 0.642864 0.462829 0.748446 -0.492174 0.000000 0.641978 0.463321 0.765938 -0.506908 0.000000 0.641142 0.463829 0.765938 -0.506908 0.000000 0.640379 0.464167 0.788456 -0.508743 0.000000 0.639592 0.464521 0.788456 -0.508743 0.000000 
0.642864 0.462829 0.748446 -0.492174 0.000000 0.641978 0.463321 0.765938 -0.506908 0.000000 0.641142 0.463829 0.765938 -0.506908 0.000000 0.640379 0.464167 0.788456 -0.508743 0.000000 0.639592 0.464521 0.788456 -0.508743 0.000000 0.638976 0.464921 0.788456 -0.508743 0.000000 
0.641978 0.463321 0.765938 -0.506908 0.000000 0.641142 0.463829 0.765938 -0.506908 0.000000 0.640379 0.464167 0.788456 -0.508743 0.000000 0.639592 0.464521 0.788456 -0.508743 0.000000 0.638976 0.464921 0.788456 -0.508743 0.000000 0.638287 0.465367 0.788456 -0.508743 0.000000 
0.641142 0.463829 0.765938 -0.506908 0.000000 0.640379 0.464167 0.788456 -0.508743 0.000000 0.639592 0.464521 0.788456 -0.508743 0.000000 0.638976 0.464921 0.788456 -0.508743 0.000000 0.638287 0.465367 0.788456 -0.508743 0.000000 0.637574 0.465859 0.765938 -0.506908 0.000000 
0.640379 0.464167 0.788456 -0.508743 0.000000 0.639592 0.464521 0.788456 -0.508743 0.000000 0.638976 0.464921 0.788456 -0.508743 0.000000 0.638287 0.465367 0.788456 -0.508743 0.000000 0.637574 0.465859 0.765938 -0.506908 0.000000 0.636836 0.466397 0.765938 -0.506908 0.000000 
0.639592 0.464521 0.788456 -0.508743 0.000000 0.638976 0.464921 0.788456 -0.508743 0.000000 0.638287 0.465367 0.788456 -0.508743 0.000000 0.637574 0.465859 0.765938 -0.506908 0.000000 0.636836 0.466397 0.765938 -0.506908 0.000000 0.636097 0.466935 0.743322 -0.504616 0.000000 
0.638976 0.464921 0.788456 -0.508743 0.000000 0.638287 0.465367 0.788456 -0.508743 0.000000 0.637574 0.465859 0.765938 -0.506908 0.000000 0.636836 0.466397 0.765938 -0.506908 0.000000 0.636097 0.466935 0.743322 -0.504616 0.000000 0.635384 0.467474 0.748446 -0.492174 0.000000 
0.638287 0.465367 0.788456 -0.508743 0.000000 0.637574 0.465859 0.765938 -0.506908 0.000000 0.636836 0.466397 0.765938 -0.506908 0.000000 0.636097 0.466935 0.743322 -0.504616 0.000000 0.635384 0.467474 0.748446 -0.492174 0.000000 0.634720 0.467996 0.725935 -0.489961 0.000000 
0.637574 0.465859 0.765938 -0.506908 0.000000 0.636836 0.466397 0.765938 -0.506908 0.000000 0.636097 0.466935 0.743322 -0.504616 0.000000 0.635384 0.467474 0.748446 -0.492174 0.000000 0.634720 0.467996 0.725935 -0.489961 0.000000 0.634055 0.468489 0.725935 -0.489961 0.000000 
0.636836 0.466397 0.765938 -0.506908 0.000000 0.636097 0.466935 0.743322 -0.504616 0.000000 0.635384 0.467474 0.748446 -0.492174 0.000000 0.634720 0.467996 0.725935 -0.489961 0.000000 0.634055 0.468489 0.725935 -0.489961 0.000000 0.633465 0.468935 0.725935 -0.489961 0.000000 
0.636097 0.466935 0.743322 -0.504616 0.000000 0.635384 0.467474 0.748446 -0.492174 0.000000 0.634720 0.467996 0.725935 -0.489961 0.000000 0.634055 0.468489 0.725935 -0.489961 0.000000 0.633465 0.468935 0.725935 -0.489961 0.000000 0.632972 0.469304 0.691438 -0.461539 0.000000 
0.635384 0.467474 0.748446 -0.492174 0.000000 0.634720 0.467996 0.725935 -0.489961 0.000000 0.634055 0.468489 0.725935 -0.489961 0.000000 0.633465 0.468935 0.725935 -0.489961 0.000000 0.632972 0.469304 0.691438 -0.461539 0.000000 0.632972 0.469319 0.691438 -0.461539 0.000000 
0.634720 0.467996 0.725935 -0.489961 0.000000 0.634055 0.468489 0.725935 -0.489961 0.000000 0.633465 0.468935 0.725935 -0.489961 0.000000 0.632972 0.469304 0.691438 -0.461539 0.000000 0.632972 0.469319 0.691438 -0.461539 0.000000 0.632972 0.469411 0.691438 -0.461539 0.000000 
0.634055 0.468489 0.725935 -0.489961 0.000000 0.633465 0.468935 0.725935 -0.489961 0.000000 0.632972 0.469304 0.691438 -0.461539 0.000000 0.632972 0.469319 0.691438 -0.461539 0.000000 0.632972 0.469411 0.691438 -0.461539 0.000000 0.632529 0.469673 0.691438 -0.461539 0.000000 
0.633465 0.468935 0.725935 -0.489961 0.000000 0.632972 0.469304 0.691438 -0.461539 0.000000 0.632972 0.469319 0.691438 -0.461539 0.000000 0.632972 0.469411 0.691438 -0.461539 0.000000 0.632529 0.469673 0.691438 -0.461539 0.000000 0.632308 0.469888 0.691438 -0.461539 0.000000 
0.632972 0.469304 0.691438 -0.461539 0.000000 0.632972 0.469319 0.691438 -0.461539 0.000000 0.632972 0.469411 0.691438 -0.461539 0.000000 0.632529 0.469673 0.691438 -0.461539 0.000000 0.632308 0.469888 0.691438 -0.461539 0.000000 0.632308 0.470042 0.686190 -0.472993 0.000000 
0.632972 0.469319 0.691438 -0.461539 0.000000 0.632972 0.469411 0.691438 -0.461539 0.000000 0.632529 0.469673 0.691438 -0.461539 0.000000 0.632308 0.469888 0.691438 -0.461539 0.000000 0.632308 0.470042 0.686190 -0.472993 0.000000 0.632308 0.470149 0.674327 -0.447748 0.000000 
0.632972 0.469411 0.691438 -0.461539 0.000000 0.632529 0.469673 0.691438 -0.461539 0.000000 0.632308 0.469888 0.691438 -0.461539 0.000000 0.632308 0.470042 0.686190 -0.472993 0.000000 0.632308 0.470149 0.674327 -0.447748 0.000000 0.632357 0.470273 0.674327 -0.447748 0.000000 
0.632529 0.469673 0.691438 -0.461539 0.000000 0.632308 0.469888 0.691438 -0.461539 0.000000 0.632308 0.470042 0.686190 -0.472993 0.000000 0.632308 0.470149 0.674327 -0.447748 0.000000 0.632357 0.470273 0.674327 -0.447748 0.000000 0.632800 0.470288 0.674327 -0.447748 0.000000 
0.632308 0.469888 0.691438 -0.461539 0.000000 0.632308 0.470042 0.686190 -0.472993 0.000000 0.632308 0.470149 0.674327 -0.447748 0.000000 0.632357 0.470273 0.674327 -0.447748 0.000000 0.632800 0.470288 0.674327 -0.447748 0.000000 0.632948 0.470288 0.674327 -0.447748 0.000000 
0.632308 0.470042 0.686190 -0.472993 0.000000 0.632308 0.470149 0.674327 -0.447748 0.000000 0.632357 0.470273 0.674327 -0.447748 0.000000 0.632800 0.470288 0.674327 -0.447748 0.000000 0.632948 0.470288 0.674327 -0.447748 0.000000 0.633440 0.470288 0.674327 -0.447748 0.000000 
0.632308 0.470149 0.674327 -0.447748 0.000000 0.632357 0.470273 0.674327 -0.447748 0.000000 0.632800 0.470288 0.674327 -0.447748 0.000000 0.632948 0.470288 0.674327 -0.447748 0.000000 0.633440 0.470288 0.674327 -0.447748 0.000000 0.633735 0.470288 0.674327 -0.447748 0.000000 
0.632357 0.470273 0.674327 -0.447748 0.000000 0.632800 0.470288 0.674327 -0.447748 0.000000 0.632948 0.470288 0.674327 -0.447748 0.000000 0.633440 0.470288 0.674327 -0.447748 0.000000 0.633735 0.470288 0.674327 -0.447748 0.000000 0.633858 0.470288 0.669117 -0.458963 0.000000 
0.632800 0.470288 0.674327 -0.447748 0.000000 0.632948 0.470288 0.674327 -0.447748 0.000000 0.633440 0.470288 0.674327 -0.447748 0.000000 0.633735 0.470288 0.674327 -0.447748 0.000000 0.633858 0.470288 0.669117 -0.458963 0.000000 0.634277 0.470288 0.669117 -0.458963 0.000000 
0.632948 0.470288 0.674327 -0.447748 0.000000 0.633440 0.470288 0.674327 -0.447748 0.000000 0.633735 0.470288 0.674327 -0.447748 0.000000 0.633858 0.470288 0.669117 -0.458963 0.000000 0.634277 0.470288 0.669117 -0.458963 0.000000 0.634498 0.470288 0.669117 -0.458963 0.000000 
0.633440 0.470288 0.674327 -0.447748 0.000000 0.633735 0.470288 0.674327 -0.447748 0.000000 0.633858 0.470288 0.669117 -0.458963 0.000000 0.634277 0.470288 0.669117 -0.458963 0.000000 0.634498 0.470288 0.669117 -0.458963 0.000000 0.634720 0.470288 0.669117 -0.458963 0.000000 
0.633735 0.470288 0.674327 -0.447748 0.000000 0.633858 0.470288 0.669117 -0.458963 0.000000 0.634277 0.470288 0.669117 -0.458963 0.000000 0.634498 0.470288 0.669117 -0.458963 0.000000 0.634720 0.470288 0.669117 -0.458963 0.000000 0.634941 0.470365 0.657306 -0.434223 0.000000 
0.633858 0.470288 0.669117 -0.458963 0.000000 0.634277 0.470288 0.669117 -0.458963 0.000000 0.634498 0.470288 0.669117 -0.458963 0.000000 0.634720 0.470288 0.669117 -0.458963 0.000000 0.634941 0.470365 0.657306 -0.434223 0.000000 0.635162 0.470488 0.652140 -0.445194 0.000000 
0.634277 0.470288 0.669117 -0.458963 0.000000 0.634498 0.470288 0.669117 -0.458963 0.000000 0.634720 0.470288 0.669117 -0.458963 0.000000 0.634941 0.470365 0.657306 -0.434223 0.000000 0.635162 0.470488 0.652140 -0.445194 0.000000 0.635335 0.470642 0.652140 -0.445194 0.000000 
0.634498 0.470288 0.669117 -0.458963 0.000000 0.634720 0.470288 0.669117 -0.458963 0.000000 0.634941 0.470365 0.657306 -0.434223 0.000000 0.635162 0.470488 0.652140 -0.445194 0.000000 0.635335 0.470642 0.652140 -0.445194 0.000000 0.635532 0.470811 0.652140 -0.445194 0.000000 
0.634720 0.470288 0.669117 -0.458963 0.000000 0.634941 0.470365 0.657306 -0.434223 0.000000 0.635162 0.470488 0.652140 -0.445194 0.000000 0.635335 0.470642 0.652140 -0.445194 0.000000 0.635532 0.470811 0.652140 -0.445194 0.000000 0.635655 0.471011 0.652140 -0.445194 0.000000 
0.634941 0.470365 0.657306 -0.434223 0.000000 0.635162 0.470488 0.652140 -0.445194 0.000000 0.635335 0.470642 0.652140 -0.445194 0.000000 0.635532 0.470811 0.652140 -0.445194 0.000000 0.635655 0.471011 0.652140 -0.445194 0.000000 0.635802 0.471226 0.652140 -0.445194 0.000000 
0.635162 0.470488 0.652140 -0.445194 0.000000 0.635335 0.470642 0.652140 -0.445194 0.000000 0.635532 0.470811 0.652140 -0.445194 0.000000 0.635655 0.471011 0.652140 -0.445194 0.000000 0.635802 0.471226 0.652140 -0.445194 0.000000 0.635925 0.471472 0.652140 -0.445194 0.000000 
0.635335 0.470642 0.652140 -0.445194 0.000000 0.635532 0.470811 0.652140 -0.445194 0.000000 0.635655 0.471011 0.652140 -0.445194 0.000000 0.635802 0.471226 0.652140 -0.445194 0.000000 0.635925 0.471472 0.652140 -0.445194 0.000000 0.636024 0.471703 0.652140 -0.445194 0.000000 
0.635532 0.470811 0.652140 -0.445194 0.000000 0.635655 0.471011 0.652140 -0.445194 0.000000 0.635802 0.471226 0.652140 -0.445194 0.000000 0.635925 0.471472 0.652140 -0.445194 0.000000 0.636024 0.471703 0.652140 -0.445194 0.000000 0.636122 0.471949 0.652140 -0.445194 0.000000 
0.635655 0.471011 0.652140 -0.445194 0.000000 0.635802 0.471226 0.652140 -0.445194 0.000000 0.635925 0.471472 0.652140 -0.445194 0.000000 0.636024 0.471703 0.652140 -0.445194 0.000000 0.636122 0.471949 0.652140 -0.445194 0.000000 0.636196 0.472180 0.652140 -0.445194 0.000000 
0.635802 0.471226 0.652140 -0.445194 0.000000 0.635925 0.471472 0.652140 -0.445194 0.000000 0.636024 0.471703 0.652140 -0.445194 0.000000 0.636122 0.471949 0.652140 -0.445194 0.000000 0.636196 0.472180 0.652140 -0.445194 0.000000 0.636245 0.472395 0.652140 -0.445194 0.000000 
0.635925 0.471472 0.652140 -0.445194 0.000000 0.636024 0.471703 0.652140 -0.445194 0.000000 0.636122 0.471949 0.652140 -0.445194 0.000000 0.636196 0.472180 0.652140 -0.445194 0.000000 0.636245 0.472395 0.652140 -0.445194 0.000000 0.636294 0.472595 0.652140 -0.445194 0.000000 
0.636024 0.471703 0.652140 -0.445194 0.000000 0.636122 0.471949 0.652140 -0.445194 0.000000 0.636196 0.472180 0.652140 -0.445194 0.000000 0.636245 0.472395 0.652140 -0.445194 0.000000 0.636294 0.472595 0.652140 -0.445194 0.000000 0.636393 0.472764 0.652140 -0.445194 0.000000 
0.636122 0.471949 0.652140 -0.445194 0.000000 0.636196 0.472180 0.652140 -0.445194 0.000000 0.636245 0.472395 0.652140 -0.445194 0.000000 0.636294 0.472595 0.652140 -0.445194 0.000000 0.636393 0.472764 0.652140 -0.445194 0.000000 0.636442 0.472918 0.652140 -0.445194 0.019550 
0.636196 0.472180 0.652140 -0.445194 0.000000 0.636245 0.472395 0.652140 -0.445194 0.000000 0.636294 0.472595 0.652140 -0.445194 0.000000 0.636393 0.472764 0.652140 -0.445194 0.000000 0.636442 0.472918 0.652140 -0.445194 0.019550 0.636467 0.473041 0.652140 -0.445194 0.044966 
0.636245 0.472395 0.652140 -0.445194 0.000000 0.636294 0.472595 0.652140 -0.445194 0.000000 0.636393 0.472764 0.652140 -0.445194 0.000000 0.636442 0.472918 0.652140 -0.445194 0.019550 0.636467 0.473041 0.652140 -0.445194 0.044966 0.636491 0.473133 0.652140 -0.445194 0.068426 
0.636294 0.472595 0.652140 -0.445194 0.000000 0.636393 0.472764 0.652140 -0.445194 0.000000 0.636442 0.472918 0.652140 -0.445194 0.019550 0.636467 0.473041 0.652140 -0.445194 0.044966 0.636491 0.473133 0.652140 -0.445194 0.068426 0.636516 0.473225 0.652140 -0.445194 0.096774 
0.636393 0.472764 0.652140 -0.445194 0.000000 0.636442 0.472918 0.652140 -0.445194 0.019550 0.636467 0.473041 0.652140 -0.445194 0.044966 0.636491 0.473133 0.652140 -0.445194 0.068426 0.636516 0.473225 0.652140 -0.445194 0.096774 0.636540 0.473271 0.652140 -0.445194 0.126100 
0.636442 0.472918 0.652140 -0.445194 0.019550 0.636467 0.473041 0.652140 -0.445194 0.044966 0.636491 0.473133 0.652140 -0.445194 0.068426 0.636516 0.473225 0.652140 -0.445194 0.096774 0.636540 0.473271 0.652140 -0.445194 0.126100 0.636565 0.473287 0.652140 -0.445194 0.154448 
0.636467 0.473041 0.652140 -0.445194 0.044966 0.636491 0.473133 0.652140 -0.445194 0.068426 0.636516 0.473225 0.652140 -0.445194 0.096774 0.636540 0.473271 0.652140 -0.445194 0.126100 0.636565 0.473287 0.652140 -0.445194 0.154448 0.636590 0.473302 0.652140 -0.445194 0.176931 
0.636491 0.473133 0.652140 -0.445194 0.068426 0.636516 0.473225 0.652140 -0.445194 0.096774 0.636540 0.473271 0.652140 -0.445194 0.126100 0.636565 0.473287 0.652140 -0.445194 0.154448 0.636590 0.473302 0.652140 -0.445194 0.176931 0.636614 0.473302 0.652140 -0.445194 0.230694 
0.636516 0.473225 0.652140 -0.445194 0.096774 0.636540 0.473271 0.652140 -0.445194 0.126100 0.636565 0.473287 0.652140 -0.445194 0.154448 0.636590 0.473302 0.652140 -0.445194 0.176931 0.636614 0.473302 0.652140 -0.445194 0.230694 0.636614 0.473256 0.652140 -0.445194 0.256109 
0.636540 0.473271 0.652140 -0.445194 0.126100 0.636565 0.473287 0.652140 -0.445194 0.154448 0.636590 0.473302 0.652140 -0.445194 0.176931 0.636614 0.473302 0.652140 -0.445194 0.230694 0.636614 0.473256 0.652140 -0.445194 0.256109 0.636614 0.473102 0.652140 -0.445194 0.261975 
0.636565 0.473287 0.652140 -0.445194 0.154448 0.636590 0.473302 0.652140 -0.445194 0.176931 0.636614 0.473302 0.652140 -0.445194 0.230694 0.636614 0.473256 0.652140 -0.445194 0.256109 0.636614 0.473102 0.652140 -0.445194 0.261975 0.636614 0.472933 0.652140 -0.445194 0.270772 
0.636590 0.473302 0.652140 -0.445194 0.176931 0.636614 0.473302 0.652140 -0.445194 0.230694 0.636614 0.473256 0.652140 -0.445194 0.256109 0.636614 0.473102 0.652140 -0.445194 0.261975 0.636614 0.472933 0.652140 -0.445194 0.270772 0.636614 0.472718 0.652140 -0.445194 0.288368 
0.636614 0.473302 0.652140 -0.445194 0.230694 0.636614 0.473256 0.652140 -0.445194 0.256109 0.636614 0.473102 0.652140 -0.445194 0.261975 0.636614 0.472933 0.652140 -0.445194 0.270772 0.636614 0.472718 0.652140 -0.445194 0.288368 0.636614 0.472426 0.652140 -0.445194 0.302053 
0.636614 0.473256 0.652140 -0.445194 0.256109 0.636614 0.473102 0.652140 -0.445194 0.261975 0.636614 0.472933 0.652140 -0.445194 0.270772 0.636614 0.472718 0.652140 -0.445194 0.288368 0.636614 0.472426 0.652140 -0.445194 0.302053 0.636614 0.472072 0.652140 -0.445194 0.304008 
0.636614 0.473102 0.652140 -0.445194 0.261975 0.636614 0.472933 0.652140 -0.445194 0.270772 0.636614 0.472718 0.652140 -0.445194 0.288368 0.636614 0.472426 0.652140 -0.445194 0.302053 0.636614 0.472072 0.652140 -0.445194 0.304008 0.636614 0.471703 0.640373 -0.420953 0.310850 
0.636614 0.472933 0.652140 -0.445194 0.270772 0.636614 0.472718 0.652140 -0.445194 0.288368 0.636614 0.472426 0.652140 -0.445194 0.302053 0.636614 0.472072 0.652140 -0.445194 0.304008 0.636614 0.471703 0.640373 -0.420953 0.310850 0.636614 0.471303 0.640373 -0.420953 0.327468 
0.636614 0.472718 0.652140 -0.445194 0.288368 0.636614 0.472426 0.652140 -0.445194 0.302053 0.636614 0.472072 0.652140 -0.445194 0.304008 0.636614 0.471703 0.640373 -0.420953 0.310850 0.636614 0.471303 0.640373 -0.420953 0.327468 0.636614 0.470872 0.640373 -0.420953 0.352884 
0.636614 0.472426 0.652140 -0.445194 0.302053 0.636614 0.472072 0.652140 -0.445194 0.304008 0.636614 0.471703 0.640373 -0.420953 0.310850 0.636614 0.471303 0.640373 -0.420953 0.327468 0.636614 0.470872 0.640373 -0.420953 0.352884 0.636614 0.470426 0.618467 -0.418400 0.378299 
0.636614 0.472072 0.652140 -0.445194 0.304008 0.636614 0.471703 0.640373 -0.420953 0.310850 0.636614 0.471303 0.640373 -0.420953 0.327468 0.636614 0.470872 0.640373 -0.420953 0.352884 0.636614 0.470426 0.618467 -0.418400 0.378299 0.636614 0.469888 0.618467 -0.418400 0.400782 
0.636614 0.471703 0.640373 -0.420953 0.310850 0.636614 0.471303 0.640373 -0.420953 0.327468 0.636614 0.470872 0.640373 -0.420953 0.352884 0.636614 0.470426 0.618467 -0.418400 0.378299 0.636614 0.469888 0.618467 -0.418400 0.400782 0.636614 0.469334 0.618467 -0.418400 0.409580 
0.636614 0.471303 0.640373 -0.420953 0.327468 0.636614 0.470872 0.640373 -0.420953 0.352884 0.636614 0.470426 0.618467 -0.418400 0.378299 0.636614 0.469888 0.618467 -0.418400 0.400782 0.636614 0.469334 0.618467 -0.418400 0.409580 0.636614 0.468812 0.618467 -0.418400 0.409580 
0.636614 0.470872 0.640373 -0.420953 0.352884 0.636614 0.470426 0.618467 -0.418400 0.378299 0.636614 0.469888 0.618467 -0.418400 0.400782 0.636614 0.469334 0.618467 -0.418400 0.409580 0.636614 0.468812 0.618467 -0.418400 0.409580 0.636565 0.468335 0.618467 -0.418400 0.406647 
0.636614 0.470426 0.618467 -0.418400 0.378299 0.636614 0.469888 0.618467 -0.418400 0.400782 0.636614 0.469334 0.618467 -0.418400 0.409580 0.636614 0.468812 0.618467 -0.418400 0.409580 0.636565 0.468335 0.618467 -0.418400 0.406647 0.636540 0.467812 0.618467 -0.418400 0.434018 
0.636614 0.469888 0.618467 -0.418400 0.400782 0.636614 0.469334 0.618467 -0.418400 0.409580 0.636614 0.468812 0.618467 -0.418400 0.409580 0.636565 0.468335 0.618467 -0.418400 0.406647 0.636540 0.467812 0.618467 -0.418400 0.434018 0.636491 0.467274 0.618467 -0.418400 0.453568 
0.636614 0.469334 0.618467 -0.418400 0.409580 0.636614 0.468812 0.618467 -0.418400 0.409580 0.636565 0.468335 0.618467 -0.418400 0.406647 0.636540 0.467812 0.618467 -0.418400 0.434018 0.636491 0.467274 0.618467 -0.418400 0.453568 0.636442 0.466720 0.618467 -0.418400 0.431085 
0.636614 0.468812 0.618467 -0.418400 0.409580 0.636565 0.468335 0.618467 -0.418400 0.406647 0.636540 0.467812 0.618467 -0.418400 0.434018 0.636491 0.467274 0.618467 -0.418400 0.453568 0.636442 0.466720 0.618467 -0.418400 0.431085 0.636393 0.466182 0.618467 -0.418400 0.430108 
0.636565 0.468335 0.618467 -0.418400 0.406647 0.636540 0.467812 0.618467 -0.418400 0.434018 0.636491 0.467274 0.618467 -0.418400 0.453568 0.636442 0.466720 0.618467 -0.418400 0.431085 0.636393 0.466182 0.618467 -0.418400 0.430108 0.636294 0.465613 0.618467 -0.418400 0.434995 
0.636540 0.467812 0.618467 -0.418400 0.434018 0.636491 0.467274 0.618467 -0.418400 0.453568 0.636442 0.466720 0.618467 -0.418400 0.431085 0.636393 0.466182 0.618467 -0.418400 0.430108 0.636294 0.465613 0.618467 -0.418400 0.434995 0.636196 0.465013 0.618467 -0.418400 0.436950 
0.636491 0.467274 0.618467 -0.418400 0.453568 0.636442 0.466720 0.618467 -0.418400 0.431085 0.636393 0.466182 0.618467 -0.418400 0.430108 0.636294 0.465613 0.618467 -0.418400 0.434995 0.636196 0.465013 0.618467 -0.418400 0.436950 0.636073 0.464321 0.618467 -0.418400 0.435973 
0.636442 0.466720 0.618467 -0.418400 0.431085 0.636393 0.466182 0.618467 -0.418400 0.430108 0.636294 0.465613 0.618467 -0.418400 0.434995 0.636196 0.465013 0.618467 -0.418400 0.436950 0.636073 0.464321 0.618467 -0.418400 0.435973 0.635950 0.463598 0.618467 -0.418400 0.427175 
0.636393 0.466182 0.618467 -0.418400 0.430108 0.636294 0.465613 0.618467 -0.418400 0.434995 0.636196 0.465013 0.618467 -0.418400 0.436950 0.636073 0.464321 0.618467 -0.418400 0.435973 0.635950 0.463598 0.618467 -0.418400 0.427175 0.635827 0.462875 0.618467 -0.418400 0.444770 
0.636294 0.465613 0.618467 -0.418400 0.434995 0.636196 0.465013 0.618467 -0.418400 0.436950 0.636073 0.464321 0.618467 -0.418400 0.435973 0.635950 0.463598 0.618467 -0.418400 0.427175 0.635827 0.462875 0.618467 -0.418400 0.444770 0.635679 0.462106 0.618467 -0.418400 0.463343 
0.636196 0.465013 0.618467 -0.418400 0.436950 0.636073 0.464321 0.618467 -0.418400 0.435973 0.635950 0.463598 0.618467 -0.418400 0.427175 0.635827 0.462875 0.618467 -0.418400 0.444770 0.635679 0.462106 0.618467 -0.418400 0.463343 0.635507 0.461245 0.618467 -0.418400 0.476051 
0.636073 0.464321 0.618467 -0.418400 0.435973 0.635950 0.463598 0.618467 -0.418400 0.427175 0.635827 0.462875 0.618467 -0.418400 0.444770 0.635679 0.462106 0.618467 -0.418400 0.463343 0.635507 0.461245 0.618467 -0.418400 0.476051 0.635310 0.460338 0.618467 -0.418400 0.475073 
0.635950 0.463598 0.618467 -0.418400 0.427175 0.635827 0.462875 0.618467 -0.418400 0.444770 0.635679 0.462106 0.618467 -0.418400 0.463343 0.635507 0.461245 0.618467 -0.418400 0.476051 0.635310 0.460338 0.618467 -0.418400 0.475073 0.635113 0.459492 0.618467 -0.418400 0.464321 
0.635827 0.462875 0.618467 -0.418400 0.444770 0.635679 0.462106 0.618467 -0.418400 0.463343 0.635507 0.461245 0.618467 -0.418400 0.476051 0.635310 0.460338 0.618467 -0.418400 0.475073 0.635113 0.459492 0.618467 -0.418400 0.464321 0.634867 0.458646 0.618467 -0.418400 0.466276 
0.635679 0.462106 0.618467 -0.418400 0.463343 0.635507 0.461245 0.618467 -0.418400 0.476051 0.635310 0.460338 0.618467 -0.418400 0.475073 0.635113 0.459492 0.618467 -0.418400 0.464321 0.634867 0.458646 0.618467 -0.418400 0.466276 0.634621 0.457769 0.618467 -0.418400 0.489736 
0.635507 0.461245 0.618467 -0.418400 0.476051 0.635310 0.460338 0.618467 -0.418400 0.475073 0.635113 0.459492 0.618467 -0.418400 0.464321 0.634867 0.458646 0.618467 -0.418400 0.466276 0.634621 0.457769 0.618467 -0.418400 0.489736 0.634326 0.456785 0.640373 -0.420953 0.493646 
0.635310 0.460338 0.618467 -0.418400 0.475073 0.635113 0.459492 0.618467 -0.418400 0.464321 0.634867 0.458646 0.618467 -0.418400 0.466276 0.634621 0.457769 0.618467 -0.418400 0.489736 0.634326 0.456785 0.640373 -0.420953 0.493646 0.634031 0.455801 0.640373 -0.420953 0.487781 
0.635113 0.459492 0.618467 -0.418400 0.464321 0.634867 0.458646 0.618467 -0.418400 0.466276 0.634621 0.457769 0.618467 -0.418400 0.489736 0.634326 0.456785 0.640373 -0.420953 0.493646 0.634031 0.455801 0.640373 -0.420953 0.487781 0.633784 0.454832 0.640373 -0.420953 0.489736 
0.634867 0.458646 0.618467 -0.418400 0.466276 0.634621 0.457769 0.618467 -0.418400 0.489736 0.634326 0.456785 0.640373 -0.420953 0.493646 0.634031 0.455801 0.640373 -0.420953 0.487781 0.633784 0.454832 0.640373 -0.420953 0.489736 0.633514 0.453909 0.640373 -0.420953 0.502444 
0.634621 0.457769 0.618467 -0.418400 0.489736 0.634326 0.456785 0.640373 -0.420953 0.493646 0.634031 0.455801 0.640373 -0.420953 0.487781 0.633784 0.454832 0.640373 -0.420953 0.489736 0.633514 0.453909 0.640373 -0.420953 0.502444 0.633268 0.452940 0.640373 -0.420953 0.508309 
0.634326 0.456785 0.640373 -0.420953 0.493646 0.634031 0.455801 0.640373 -0.420953 0.487781 0.633784 0.454832 0.640373 -0.420953 0.489736 0.633514 0.453909 0.640373 -0.420953 0.502444 0.633268 0.452940 0.640373 -0.420953 0.508309 0.633022 0.451910 0.640373 -0.420953 0.520039 
0.634031 0.455801 0.640373 -0.420953 0.487781 0.633784 0.454832 0.640373 -0.420953 0.489736 0.633514 0.453909 0.640373 -0.420953 0.502444 0.633268 0.452940 0.640373 -0.420953 0.508309 0.633022 0.451910 0.640373 -0.420953 0.520039 0.632800 0.450880 0.640373 -0.420953 0.521994 
0.633784 0.454832 0.640373 -0.420953 0.489736 0.633514 0.453909 0.640373 -0.420953 0.502444 0.633268 0.452940 0.640373 -0.420953 0.508309 0.633022 0.451910 0.640373 -0.420953 0.520039 0.632800 0.450880 0.640373 -0.420953 0.521994 0.632603 0.449849 0.618467 -0.418400 0.516129 
0.633514 0.453909 0.640373 -0.420953 0.502444 0.633268 0.452940 0.640373 -0.420953 0.508309 0.633022 0.451910 0.640373 -0.420953 0.520039 0.632800 0.450880 0.640373 -0.420953 0.521994 0.632603 0.449849 0.618467 -0.418400 0.516129 0.632406 0.448865 0.618467 -0.418400 0.518084 
0.633268 0.452940 0.640373 -0.420953 0.508309 0.633022 0.451910 0.640373 -0.420953 0.520039 0.632800 0.450880 0.640373 -0.420953 0.521994 0.632603 0.449849 0.618467 -0.418400 0.516129 0.632406 0.448865 0.618467 -0.418400 0.518084 0.632210 0.447850 0.618467 -0.418400 0.524927 
0.633022 0.451910 0.640373 -0.420953 0.520039 0.632800 0.450880 0.640373 -0.420953 0.521994 0.632603 0.449849 0.618467 -0.418400 0.516129 0.632406 0.448865 0.618467 -0.418400 0.518084 0.632210 0.447850 0.618467 -0.418400 0.524927 0.632013 0.446820 0.618467 -0.418400 0.532747 
0.632800 0.450880 0.640373 -0.420953 0.521994 0.632603 0.449849 0.618467 -0.418400 0.516129 0.632406 0.448865 0.618467 -0.418400 0.518084 0.632210 0.447850 0.618467 -0.418400 0.524927 0.632013 0.446820 0.618467 -0.418400 0.532747 0.631816 0.445820 0.618467 -0.418400 0.539589 
0.632603 0.449849 0.618467 -0.418400 0.516129 0.632406 0.448865 0.618467 -0.418400 0.518084 0.632210 0.447850 0.618467 -0.418400 0.524927 0.632013 0.446820 0.618467 -0.418400 0.532747 0.631816 0.445820 0.618467 -0.418400 0.539589 0.631619 0.444820 0.618467 -0.418400 0.533724 
0.632406 0.448865 0.618467 -0.418400 0.518084 0.632210 0.447850 0.618467 -0.418400 0.524927 0.632013 0.446820 0.618467 -0.418400 0.532747 0.631816 0.445820 0.618467 -0.418400 0.539589 0.631619 0.444820 0.618467 -0.418400 0.533724 0.631422 0.443836 0.618467 -0.418400 0.537634 
0.632210 0.447850 0.618467 -0.418400 0.524927 0.632013 0.446820 0.618467 -0.418400 0.532747 0.631816 0.445820 0.618467 -0.418400 0.539589 0.631619 0.444820 0.618467 -0.418400 0.533724 0.631422 0.443836 0.618467 -0.418400 0.537634 0.631225 0.442867 0.618467 -0.418400 0.538612 
0.632013 0.446820 0.618467 -0.418400 0.532747 0.631816 0.445820 0.618467 -0.418400 0.539589 0.631619 0.444820 0.618467 -0.418400 0.533724 0.631422 0.443836 0.618467 -0.418400 0.537634 0.631225 0.442867 0.618467 -0.418400 0.538612 0.631029 0.441945 0.618467 -0.418400 0.524927 
0.631816 0.445820 0.618467 -0.418400 0.539589 0.631619 0.444820 0.618467 -0.418400 0.533724 0.631422 0.443836 0.618467 -0.418400 0.537634 0.631225 0.442867 0.618467 -0.418400 0.538612 0.631029 0.441945 0.618467 -0.418400 0.524927 0.630856 0.441068 0.618467 -0.418400 0.533724 
0.631619 0.444820 0.618467 -0.418400 0.533724 0.631422 0.443836 0.618467 -0.418400 0.537634 0.631225 0.442867 0.618467 -0.418400 0.538612 0.631029 0.441945 0.618467 -0.418400 0.524927 0.630856 0.441068 0.618467 -0.418400 0.533724 0.630684 0.440207 0.618467 -0.418400 0.535679 
0.631422 0.443836 0.618467 -0.418400 0.537634 0.631225 0.442867 0.618467 -0.418400 0.538612 0.631029 0.441945 0.618467 -0.418400 0.524927 0.630856 0.441068 0.618467 -0.418400 0.533724 0.630684 0.440207 0.618467 -0.418400 0.535679 0.630512 0.439361 0.596590 -0.415378 0.543500 
0.631225 0.442867 0.618467 -0.418400 0.538612 0.631029 0.441945 0.618467 -0.418400 0.524927 0.630856 0.441068 0.618467 -0.418400 0.533724 0.630684 0.440207 0.618467 -0.418400 0.535679 0.630512 0.439361 0.596590 -0.415378 0.543500 0.630340 0.438546 0.596590 -0.415378 0.538612 
0.631029 0.441945 0.618467 -0.418400 0.524927 0.630856 0.441068 0.618467 -0.418400 0.533724 0.630684 0.440207 0.618467 -0.418400 0.535679 0.630512 0.439361 0.596590 -0.415378 0.543500 0.630340 0.438546 0.596590 -0.415378 0.538612 0.630217 0.437838 0.596590 -0.415378 0.548387 
0.630856 0.441068 0.618467 -0.418400 0.533724 0.630684 0.440207 0.618467 -0.418400 0.535679 0.630512 0.439361 0.596590 -0.415378 0.543500 0.630340 0.438546 0.596590 -0.415378 0.538612 0.630217 0.437838 0.596590 -0.415378 0.548387 0.630093 0.437239 0.596590 -0.415378 0.549365 
0.630684 0.440207 0.618467 -0.418400 0.535679 0.630512 0.439361 0.596590 -0.415378 0.543500 0.630340 0.438546 0.596590 -0.415378 0.538612 0.630217 0.437838 0.596590 -0.415378 0.548387 0.630093 0.437239 0.596590 -0.415378 0.549365 0.629995 0.436731 0.596590 -0.415378 0.568915 
0.630512 0.439361 0.596590 -0.415378 0.543500 0.630340 0.438546 0.596590 -0.415378 0.538612 0.630217 0.437838 0.596590 -0.415378 0.548387 0.630093 0.437239 0.596590 -0.415378 0.549365 0.629995 0.436731 0.596590 -0.415378 0.568915 0.629921 0.436300 0.596590 -0.415378 0.576735 
0.630340 0.438546 0.596590 -0.415378 0.538612 0.630217 0.437838 0.596590 -0.415378 0.548387 0.630093 0.437239 0.596590 -0.415378 0.549365 0.629995 0.436731 0.596590 -0.415378 0.568915 0.629921 0.436300 0.596590 -0.415378 0.576735 0.629847 0.435977 0.574767 -0.411898 0.565005 
0.630217 0.437838 0.596590 -0.415378 0.548387 0.630093 0.437239 0.596590 -0.415378 0.549365 0.629995 0.436731 0.596590 -0.415378 0.568915 0.629921 0.436300 0.596590 -0.415378 0.576735 0.629847 0.435977 0.574767 -0.411898 0.565005 0.629774 0.435762 0.574767 -0.411898 0.561095 
0.630093 0.437239 0.596590 -0.415378 0.549365 0.629995 0.436731 0.596590 -0.415378 0.568915 0.629921 0.436300 0.596590 -0.415378 0.576735 0.629847 0.435977 0.574767 -0.411898 0.565005 0.629774 0.435762 0.574767 -0.411898 0.561095 0.629774 0.435670 0.574767 -0.411898 0.556207 
0.629995 0.436731 0.596590 -0.415378 0.568915 0.629921 0.436300 0.596590 -0.415378 0.576735 0.629847 0.435977 0.574767 -0.411898 0.565005 0.629774 0.435762 0.574767 -0.411898 0.561095 0.629774 0.435670 0.574767 -0.411898 0.556207 0.629774 0.435624 0.574767 -0.411898 0.554252 
0.629921 0.436300 0.596590 -0.415378 0.576735 0.629847 0.435977 0.574767 -0.411898 0.565005 0.629774 0.435762 0.574767 -0.411898 0.561095 0.629774 0.435670 0.574767 -0.411898 0.556207 0.629774 0.435624 0.574767 -0.411898 0.554252 0.629774 0.435593 0.574767 -0.411898 0.558162 
0.629847 0.435977 0.574767 -0.411898 0.565005 0.629774 0.435762 0.574767 -0.411898 0.561095 0.629774 0.435670 0.574767 -0.411898 0.556207 0.629774 0.435624 0.574767 -0.411898 0.554252 0.629774 0.435593 0.574767 -0.411898 0.558162 0.629774 0.435578 0.574767 -0.411898 0.565005 
0.629774 0.435762 0.574767 -0.411898 0.561095 0.629774 0.435670 0.574767 -0.411898 0.556207 0.629774 0.435624 0.574767 -0.411898 0.554252 0.629774 0.435593 0.574767 -0.411898 0.558162 0.629774 0.435578 0.574767 -0.411898 0.565005 0.629774 0.435547 0.574767 -0.411898 0.575758 
0.629774 0.435670 0.574767 -0.411898 0.556207 0.629774 0.435624 0.574767 -0.411898 0.554252 0.629774 0.435593 0.574767 -0.411898 0.558162 0.629774 0.435578 0.574767 -0.411898 0.565005 0.629774 0.435547 0.574767 -0.411898 0.575758 0.629774 0.435439 0.574767 -0.411898 0.566960 
0.629774 0.435624 0.574767 -0.411898 0.554252 0.629774 0.435593 0.574767 -0.411898 0.558162 0.629774 0.435578 0.574767 -0.411898 0.565005 0.629774 0.435547 0.574767 -0.411898 0.575758 0.629774 0.435439 0.574767 -0.411898 0.566960 0.629774 0.435301 0.574767 -0.411898 0.558162 
0.629774 0.435593 0.574767 -0.411898 0.558162 0.629774 0.435578 0.574767 -0.411898 0.565005 0.629774 0.435547 0.574767 -0.411898 0.575758 0.629774 0.435439 0.574767 -0.411898 0.566960 0.629774 0.435301 0.574767 -0.411898 0.558162 0.629774 0.435147 0.574767 -0.411898 0.547410 
0.629774 0.435578 0.574767 -0.411898 0.565005 0.629774 0.435547 0.574767 -0.411898 0.575758 0.629774 0.435439 0.574767 -0.411898 0.566960 0.629774 0.435301 0.574767 -0.411898 0.558162 0.629774 0.435147 0.574767 -0.411898 0.547410 0.629700 0.434978 0.574767 -0.411898 0.541544 
0.629774 0.435547 0.574767 -0.411898 0.575758 0.629774 0.435439 0.574767 -0.411898 0.566960 0.629774 0.435301 0.574767 -0.411898 0.558162 0.629774 0.435147 0.574767 -0.411898 0.547410 0.629700 0.434978 0.574767 -0.411898 0.541544 0.629626 0.434793 0.574767 -0.411898 0.546432 
0.629774 0.435439 0.574767 -0.411898 0.566960 0.629774 0.435301 0.574767 -0.411898 0.558162 0.629774 0.435147 0.574767 -0.411898 0.547410 0.629700 0.434978 0.574767 -0.411898 0.541544 0.629626 0.434793 0.574767 -0.411898 0.546432 0.629577 0.434609 0.580051 -0.402310 0.552297 
0.629774 0.435301 0.574767 -0.411898 0.558162 0.629774 0.435147 0.574767 -0.411898 0.547410 0.629700 0.434978 0.574767 -0.411898 0.541544 0.629626 0.434793 0.574767 -0.411898 0.546432 0.629577 0.434609 0.580051 -0.402310 0.552297 0.629503 0.434440 0.580051 -0.402310 0.546432 
0.629774 0.435147 0.574767 -0.411898 0.547410 0.629700 0.434978 0.574767 -0.411898 0.541544 0.629626 0.434793 0.574767 -0.411898 0.546432 0.629577 0.434609 0.580051 -0.402310 0.552297 0.629503 0.434440 0.580051 -0.402310 0.546432 0.629454 0.434286 0.580051 -0.402310 0.542522 
0.629700 0.434978 0.574767 -0.411898 0.541544 0.629626 0.434793 0.574767 -0.411898 0.546432 0.629577 0.434609 0.580051 -0.402310 0.552297 0.629503 0.434440 0.580051 -0.402310 0.546432 0.629454 0.434286 0.580051 -0.402310 0.542522 0.629380 0.434178 0.580051 -0.402310 0.539589 
0.629626 0.434793 0.574767 -0.411898 0.546432 0.629577 0.434609 0.580051 -0.402310 0.552297 0.629503 0.434440 0.580051 -0.402310 0.546432 0.629454 0.434286 0.580051 -0.402310 0.542522 0.629380 0.434178 0.580051 -0.402310 0.539589 0.629331 0.434117 0.580051 -0.402310 0.538612 
0.629577 0.434609 0.580051 -0.402310 0.552297 0.629503 0.434440 0.580051 -0.402310 0.546432 0.629454 0.434286 0.580051 -0.402310 0.542522 0.629380 0.434178 0.580051 -0.402310 0.539589 0.629331 0.434117 0.580051 -0.402310 0.538612 0.629306 0.434070 0.580051 -0.402310 0.537634 
0.629503 0.434440 0.580051 -0.402310 0.546432 0.629454 0.434286 0.580051 -0.402310 0.542522 0.629380 0.434178 0.580051 -0.402310 0.539589 0.629331 0.434117 0.580051 -0.402310 0.538612 0.629306 0.434070 0.580051 -0.402310 0.537634 0.629282 0.434040 0.580051 -0.402310 0.541544 
0.629454 0.434286 0.580051 -0.402310 0.542522 0.629380 0.434178 0.580051 -0.402310 0.539589 0.629331 0.434117 0.580051 -0.402310 0.538612 0.629306 0.434070 0.580051 -0.402310 0.537634 0.629282 0.434040 0.580051 -0.402310 0.541544 0.629282 0.434024 0.580051 -0.402310 0.544477 
0.629380 0.434178 0.580051 -0.402310 0.539589 0.629331 0.434117 0.580051 -0.402310 0.538612 0.629306 0.434070 0.580051 -0.402310 0.537634 0.629282 0.434040 0.580051 -0.402310 0.541544 0.629282 0.434024 0.580051 -0.402310 0.544477 0.629257 0.434024 0.580051 -0.402310 0.549365 
0.629331 0.434117 0.580051 -0.402310 0.538612 0.629306 0.434070 0.580051 -0.402310 0.537634 0.629282 0.434040 0.580051 -0.402310 0.541544 0.629282 0.434024 0.580051 -0.402310 0.544477 0.629257 0.434024 0.580051 -0.402310 0.549365 0.629257 0.434009 0.580051 -0.402310 0.553275 
0.629306 0.434070 0.580051 -0.402310 0.537634 0.629282 0.434040 0.580051 -0.402310 0.541544 0.629282 0.434024 0.580051 -0.402310 0.544477 0.629257 0.434024 0.580051 -0.402310 0.549365 0.629257 0.434009 0.580051 -0.402310 0.553275 0.629232 0.433994 0.580051 -0.402310 0.555230 
0.629282 0.434040 0.580051 -0.402310 0.541544 0.629282 0.434024 0.580051 -0.402310 0.544477 0.629257 0.434024 0.580051 -0.402310 0.549365 0.629257 0.434009 0.580051 -0.402310 0.553275 0.629232 0.433994 0.580051 -0.402310 0.555230 0.629208 0.433932 0.580051 -0.402310 0.555230 
0.629282 0.434024 0.580051 -0.402310 0.544477 0.629257 0.434024 0.580051 -0.402310 0.549365 0.629257 0.434009 0.580051 -0.402310 0.553275 0.629232 0.433994 0.580051 -0.402310 0.555230 0.629208 0.433932 0.580051 -0.402310 0.555230 0.629158 0.433778 0.580051 -0.402310 0.554252 
0.629257 0.434024 0.580051 -0.402310 0.549365 0.629257 0.434009 0.580051 -0.402310 0.553275 0.629232 0.433994 0.580051 -0.402310 0.555230 0.629208 0.433932 0.580051 -0.402310 0.555230 0.629158 0.433778 0.580051 -0.402310 0.554252 0.629134 0.433609 0.580051 -0.402310 0.550342 
0.629257 0.434009 0.580051 -0.402310 0.553275 0.629232 0.433994 0.580051 -0.402310 0.555230 0.629208 0.433932 0.580051 -0.402310 0.555230 0.629158 0.433778 0.580051 -0.402310 0.554252 0.629134 0.433609 0.580051 -0.402310 0.550342 0.629060 0.433378 0.580051 -0.402310 0.546432 
0.629232 0.433994 0.580051 -0.402310 0.555230 0.629208 0.433932 0.580051 -0.402310 0.555230 0.629158 0.433778 0.580051 -0.402310 0.554252 0.629134 0.433609 0.580051 -0.402310 0.550342 0.629060 0.433378 0.580051 -0.402310 0.546432 0.629011 0.433102 0.580051 -0.402310 0.550342 
0.629208 0.433932 0.580051 -0.402310 0.555230 0.629158 0.433778 0.580051 -0.402310 0.554252 0.629134 0.433609 0.580051 -0.402310 0.550342 0.629060 0.433378 0.580051 -0.402310 0.546432 0.629011 0.433102 0.580051 -0.402310 0.550342 0.628912 0.432763 0.580051 -0.402310 0.565005 
0.629158 0.433778 0.580051 -0.402310 0.554252 0.629134 0.433609 0.580051 -0.402310 0.550342 0.629060 0.433378 0.580051 -0.402310 0.546432 0.629011 0.433102 0.580051 -0.402310 0.550342 0.628912 0.432763 0.580051 -0.402310 0.565005 0.628765 0.432379 0.580051 -0.402310 0.559140 
0.629134 0.433609 0.580051 -0.402310 0.550342 0.629060 0.433378 0.580051 -0.402310 0.546432 0.629011 0.433102 0.580051 -0.402310 0.550342 0.628912 0.432763 0.580051 -0.402310 0.565005 0.628765 0.432379 0.580051 -0.402310 0.559140 0.628617 0.431917 0.580051 -0.402310 0.555230 
0.629060 0.433378 0.580051 -0.402310 0.546432 0.629011 0.433102 0.580051 -0.402310 0.550342 0.628912 0.432763 0.580051 -0.402310 0.565005 0.628765 0.432379 0.580051 -0.402310 0.559140 0.628617 0.431917 0.580051 -0.402310 0.555230 0.628494 0.431441 0.580051 -0.402310 0.557185 
0.629011 0.433102 0.580051 -0.402310 0.550342 0.628912 0.432763 0.580051 -0.402310 0.565005 0.628765 0.432379 0.580051 -0.402310 0.559140 0.628617 0.431917 0.580051 -0.402310 0.555230 0.628494 0.431441 0.580051 -0.402310 0.557185 0.628371 0.430995 0.580051 -0.402310 0.561095 
0.628912 0.432763 0.580051 -0.402310 0.565005 0.628765 0.432379 0.580051 -0.402310 0.559140 0.628617 0.431917 0.580051 -0.402310 0.555230 0.628494 0.431441 0.580051 -0.402310 0.557185 0.628371 0.430995 0.580051 -0.402310 0.561095 0.628223 0.430503 0.580051 -0.402310 0.561095 
0.628765 0.432379 0.580051 -0.402310 0.559140 0.628617 0.431917 0.580051 -0.402310 0.555230 0.628494 0.431441 0.580051 -0.402310 0.557185 0.628371 0.430995 0.580051 -0.402310 0.561095 0.628223 0.430503 0.580051 -0.402310 0.561095 0.628076 0.430026 0.580051 -0.402310 0.565982 
0.628617 0.431917 0.580051 -0.402310 0.555230 0.628494 0.431441 0.580051 -0.402310 0.557185 0.628371 0.430995 0.580051 -0.402310 0.561095 0.628223 0.430503 0.580051 -0.402310 0.561095 0.628076 0.430026 0.580051 -0.402310 0.565982 0.627928 0.429534 0.601768 -0.405355 0.570870 
0.628494 0.431441 0.580051 -0.402310 0.557185 0.628371 0.430995 0.580051 -0.402310 0.561095 0.628223 0.430503 0.580051 -0.402310 0.561095 0.628076 0.430026 0.580051 -0.402310 0.565982 0.627928 0.429534 0.601768 -0.405355 0.570870 0.627805 0.429042 0.601768 -0.405355 0.569892 
0.628371 0.430995 0.580051 -0.402310 0.561095 0.628223 0.430503 0.580051 -0.402310 0.561095 0.628076 0.430026 0.580051 -0.402310 0.565982 0.627928 0.429534 0.601768 -0.405355 0.570870 0.627805 0.429042 0.601768 -0.405355 0.569892 0.627682 0.428503 0.601768 -0.405355 0.575758 
0.628223 0.430503 0.580051 -0.402310 0.561095 0.628076 0.430026 0.580051 -0.402310 0.565982 0.627928 0.429534 0.601768 -0.405355 0.570870 0.627805 0.429042 0.601768 -0.405355 0.569892 0.627682 0.428503 0.601768 -0.405355 0.575758 0.627608 0.427980 0.601768 -0.405355 0.571847 
0.628076 0.430026 0.580051 -0.402310 0.565982 0.627928 0.429534 0.601768 -0.405355 0.570870 0.627805 0.429042 0.601768 -0.405355 0.569892 0.627682 0.428503 0.601768 -0.405355 0.575758 0.627608 0.427980 0.601768 -0.405355 0.571847 0.627485 0.427442 0.601768 -0.405355 0.572825 
0.627928 0.429534 0.601768 -0.405355 0.570870 0.627805 0.429042 0.601768 -0.405355 0.569892 0.627682 0.428503 0.601768 -0.405355 0.575758 0.627608 0.427980 0.601768 -0.405355 0.571847 0.627485 0.427442 0.601768 -0.405355 0.572825 0.627362 0.426904 0.601768 -0.405355 0.573803 
0.627805 0.429042 0.601768 -0.405355 0.569892 0.627682 0.428503 0.601768 -0.405355 0.575758 0.627608 0.427980 0.601768 -0.405355 0.571847 0.627485 0.427442 0.601768 -0.405355 0.572825 0.627362 0.426904 0.601768 -0.405355 0.573803 0.627239 0.426366 0.601768 -0.405355 0.580645 
0.627682 0.428503 0.601768 -0.405355 0.575758 0.627608 0.427980 0.601768 -0.405355 0.571847 0.627485 0.427442 0.601768 -0.405355 0.572825 0.627362 0.426904 0.601768 -0.405355 0.573803 0.627239 0.426366 0.601768 -0.405355 0.580645 0.627092 0.425812 0.601768 -0.405355 0.583578 
0.627608 0.427980 0.601768 -0.405355 0.571847 0.627485 0.427442 0.601768 -0.405355 0.572825 0.627362 0.426904 0.601768 -0.405355 0.573803 0.627239 0.426366 0.601768 -0.405355 0.580645 0.627092 0.425812 0.601768 -0.405355 0.583578 0.626919 0.425212 0.601768 -0.405355 0.576735 
0.627485 0.427442 0.601768 -0.405355 0.572825 0.627362 0.426904 0.601768 -0.405355 0.573803 0.627239 0.426366 0.601768 -0.405355 0.580645 0.627092 0.425812 0.601768 -0.405355 0.583578 0.626919 0.425212 0.601768 -0.405355 0.576735 0.626722 0.424628 0.601768 -0.405355 0.579668 
0.627362 0.426904 0.601768 -0.405355 0.573803 0.627239 0.426366 0.601768 -0.405355 0.580645 0.627092 0.425812 0.601768 -0.405355 0.583578 0.626919 0.425212 0.601768 -0.405355 0.576735 0.626722 0.424628 0.601768 -0.405355 0.579668 0.626550 0.424090 0.601768 -0.405355 0.581623 
0.627239 0.426366 0.601768 -0.405355 0.580645 0.627092 0.425812 0.601768 -0.405355 0.583578 0.626919 0.425212 0.601768 -0.405355 0.576735 0.626722 0.424628 0.601768 -0.405355 0.579668 0.626550 0.424090 0.601768 -0.405355 0.581623 0.626329 0.423567 0.601768 -0.405355 0.577713 
0.627092 0.425812 0.601768 -0.405355 0.583578 0.626919 0.425212 0.601768 -0.405355 0.576735 0.626722 0.424628 0.601768 -0.405355 0.579668 0.626550 0.424090 0.601768 -0.405355 0.581623 0.626329 0.423567 0.601768 -0.405355 0.577713 0.626132 0.423028 0.601768 -0.405355 0.588465 
0.626919 0.425212 0.601768 -0.405355 0.576735 0.626722 0.424628 0.601768 -0.405355 0.579668 0.626550 0.424090 0.601768 -0.405355 0.581623 0.626329 0.423567 0.601768 -0.405355 0.577713 0.626132 0.423028 0.601768 -0.405355 0.588465 0.625910 0.422490 0.601768 -0.405355 0.602151 
0.626722 0.424628 0.601768 -0.405355 0.579668 0.626550 0.424090 0.601768 -0.405355 0.581623 0.626329 0.423567 0.601768 -0.405355 0.577713 0.626132 0.423028 0.601768 -0.405355 0.588465 0.625910 0.422490 0.601768 -0.405355 0.602151 0.625689 0.421998 0.601768 -0.405355 0.594330 
0.626550 0.424090 0.601768 -0.405355 0.581623 0.626329 0.423567 0.601768 -0.405355 0.577713 0.626132 0.423028 0.601768 -0.405355 0.588465 0.625910 0.422490 0.601768 -0.405355 0.602151 0.625689 0.421998 0.601768 -0.405355 0.594330 0.625517 0.421552 0.601768 -0.405355 0.585533 
0.626329 0.423567 0.601768 -0.405355 0.577713 0.626132 0.423028 0.601768 -0.405355 0.588465 0.625910 0.422490 0.601768 -0.405355 0.602151 0.625689 0.421998 0.601768 -0.405355 0.594330 0.625517 0.421552 0.601768 -0.405355 0.585533 0.625345 0.421183 0.601768 -0.405355 0.594330 
0.626132 0.423028 0.601768 -0.405355 0.588465 0.625910 0.422490 0.601768 -0.405355 0.602151 0.625689 0.421998 0.601768 -0.405355 0.594330 0.625517 0.421552 0.601768 -0.405355 0.585533 0.625345 0.421183 0.601768 -0.405355 0.594330 0.625197 0.420845 0.601768 -0.405355 0.599218 
