0.751280 0.355576 0.086605 -0.086605 0.000000 0.745743 0.365419 0.052603 -0.069758 0.000000 0.739641 0.375123 0.039083 -0.057907 0.000000 0.733268 0.384412 0.015852 -0.031105 0.000000 0.726846 0.393670 0.000000 -0.034907 0.000000 0.720423 0.403359 0.000000 -0.017453 0.000000 
0.745743 0.365419 0.052603 -0.069758 0.000000 0.739641 0.375123 0.039083 -0.057907 0.000000 0.733268 0.384412 0.015852 -0.031105 0.000000 0.726846 0.393670 0.000000 -0.034907 0.000000 0.720423 0.403359 0.000000 -0.017453 0.000000 0.714247 0.411802 0.000000 -0.017453 0.000000 
0.739641 0.375123 0.039083 -0.057907 0.000000 0.733268 0.384412 0.015852 -0.031105 0.000000 0.726846 0.393670 0.000000 -0.034907 0.000000 0.720423 0.403359 0.000000 -0.017453 0.000000 0.714247 0.411802 0.000000 -0.017453 0.000000 0.708514 0.419645 0.000000 -0.017453 0.000000 
0.733268 0.384412 0.015852 -0.031105 0.000000 0.726846 0.393670 0.000000 -0.034907 0.000000 0.720423 0.403359 0.000000 -0.017453 0.000000 0.714247 0.411802 0.000000 -0.017453 0.000000 0.708514 0.419645 0.000000 -0.017453 0.000000 0.703322 0.426827 0.000000 -0.017453 0.000000 
0.726846 0.393670 0.000000 -0.034907 0.000000 0.720423 0.403359 0.000000 -0.017453 0.000000 0.714247 0.411802 0.000000 -0.017453 0.000000 0.708514 0.419645 0.000000 -0.017453 0.000000 0.703322 0.426827 0.000000 -0.017453 0.000000 0.699139 0.432363 0.000000 -0.017453 0.000000 
0.720423 0.403359 0.000000 -0.017453 0.000000 0.714247 0.411802 0.000000 -0.017453 0.000000 0.708514 0.419645 0.000000 -0.017453 0.000000 0.703322 0.426827 0.000000 -0.017453 0.000000 0.699139 0.432363 0.000000 -0.017453 0.000000 0.700787 0.436839 0.000000 -0.017453 0.000000 
0.714247 0.411802 0.000000 -0.017453 0.000000 0.708514 0.419645 0.000000 -0.017453 0.000000 0.703322 0.426827 0.000000 -0.017453 0.000000 0.699139 0.432363 0.000000 -0.017453 0.000000 0.700787 0.436839 0.000000 -0.017453 0.000000 0.696407 0.435362 0.000000 -0.034907 0.000000 
0.708514 0.419645 0.000000 -0.017453 0.000000 0.703322 0.426827 0.000000 -0.017453 0.000000 0.699139 0.432363 0.000000 -0.017453 0.000000 0.700787 0.436839 0.000000 -0.017453 0.000000 0.696407 0.435362 0.000000 -0.034907 0.000000 0.694513 0.440822 0.000000 -0.034907 0.000000 
0.703322 0.426827 0.000000 -0.017453 0.000000 0.699139 0.432363 0.000000 -0.017453 0.000000 0.700787 0.436839 0.000000 -0.017453 0.000000 0.696407 0.435362 0.000000 -0.034907 0.000000 0.694513 0.440822 0.000000 -0.034907 0.000000 0.694513 0.444021 0.000000 -0.034907 0.000000 
0.699139 0.432363 0.000000 -0.017453 0.000000 0.700787 0.436839 0.000000 -0.017453 0.000000 0.696407 0.435362 0.000000 -0.034907 0.000000 0.694513 0.440822 0.000000 -0.034907 0.000000 0.694513 0.444021 0.000000 -0.034907 0.000000 0.694882 0.444205 0.000000 -0.052360 0.000000 
0.700787 0.436839 0.000000 -0.017453 0.000000 0.696407 0.435362 0.000000 -0.034907 0.000000 0.694513 0.440822 0.000000 -0.034907 0.000000 0.694513 0.444021 0.000000 -0.034907 0.000000 0.694882 0.444205 0.000000 -0.052360 0.000000 0.695989 0.444036 0.000000 -0.052360 0.000000 
0.696407 0.435362 0.000000 -0.034907 0.000000 0.694513 0.440822 0.000000 -0.034907 0.000000 0.694513 0.444021 0.000000 -0.034907 0.000000 0.694882 0.444205 0.000000 -0.052360 0.000000 0.695989 0.444036 0.000000 -0.052360 0.000000 0.697490 0.443052 0.016193 -0.049802 0.000000 
0.694513 0.440822 0.000000 -0.034907 0.000000 0.694513 0.444021 0.000000 -0.034907 0.000000 0.694882 0.444205 0.000000 -0.052360 0.000000 0.695989 0.444036 0.000000 -0.052360 0.000000 0.697490 0.443052 0.016193 -0.049802 0.000000 0.699582 0.441606 0.016915 -0.067746 0.000000 
0.694513 0.444021 0.000000 -0.034907 0.000000 0.694882 0.444205 0.000000 -0.052360 0.000000 0.695989 0.444036 0.000000 -0.052360 0.000000 0.697490 0.443052 0.016193 -0.049802 0.000000 0.699582 0.441606 0.016915 -0.067746 0.000000 0.702288 0.439530 0.031735 -0.062225 0.000000 
0.694882 0.444205 0.000000 -0.052360 0.000000 0.695989 0.444036 0.000000 -0.052360 0.000000 0.697490 0.443052 0.016193 -0.049802 0.000000 0.699582 0.441606 0.016915 -0.067746 0.000000 0.702288 0.439530 0.031735 -0.062225 0.000000 0.705832 0.436839 0.032762 -0.080941 0.000000 
0.695989 0.444036 0.000000 -0.052360 0.000000 0.697490 0.443052 0.016193 -0.049802 0.000000 0.699582 0.441606 0.016915 -0.067746 0.000000 0.702288 0.439530 0.031735 -0.062225 0.000000 0.705832 0.436839 0.032762 -0.080941 0.000000 0.710212 0.433701 0.055685 -0.108968 0.000000 
0.697490 0.443052 0.016193 -0.049802 0.000000 0.699582 0.441606 0.016915 -0.067746 0.000000 0.702288 0.439530 0.031735 -0.062225 0.000000 0.705832 0.436839 0.032762 -0.080941 0.000000 0.710212 0.433701 0.055685 -0.108968 0.000000 0.714985 0.430272 0.070155 -0.121116 0.000000 
0.699582 0.441606 0.016915 -0.067746 0.000000 0.702288 0.439530 0.031735 -0.062225 0.000000 0.705832 0.436839 0.032762 -0.080941 0.000000 0.710212 0.433701 0.055685 -0.108968 0.000000 0.714985 0.430272 0.070155 -0.121116 0.000000 0.720251 0.426519 0.090597 -0.129020 0.000000 
0.702288 0.439530 0.031735 -0.062225 0.000000 0.705832 0.436839 0.032762 -0.080941 0.000000 0.710212 0.433701 0.055685 -0.108968 0.000000 0.714985 0.430272 0.070155 -0.121116 0.000000 0.720251 0.426519 0.090597 -0.129020 0.000000 0.726033 0.422367 0.105721 -0.139901 0.000000 
0.705832 0.436839 0.032762 -0.080941 0.000000 0.710212 0.433701 0.055685 -0.108968 0.000000 0.714985 0.430272 0.070155 -0.121116 0.000000 0.720251 0.426519 0.090597 -0.129020 0.000000 0.726033 0.422367 0.105721 -0.139901 0.000000 0.732259 0.417492 0.121319 -0.172388 0.000000 
0.710212 0.433701 0.055685 -0.108968 0.000000 0.714985 0.430272 0.070155 -0.121116 0.000000 0.720251 0.426519 0.090597 -0.129020 0.000000 0.726033 0.422367 0.105721 -0.139901 0.000000 0.732259 0.417492 0.121319 -0.172388 0.000000 0.739075 0.411710 0.155638 -0.191393 0.000000 
0.714985 0.430272 0.070155 -0.121116 0.000000 0.720251 0.426519 0.090597 -0.129020 0.000000 0.726033 0.422367 0.105721 -0.139901 0.000000 0.732259 0.417492 0.121319 -0.172388 0.000000 0.739075 0.411710 0.155638 -0.191393 0.000000 0.746457 0.406004 0.170561 -0.202449 0.000000 
