0.631718 0.505060 0.208358 -0.550670 0.679374 0.633661 0.503614 0.208358 -0.550670 0.673509 0.635655 0.502230 0.208358 -0.550670 0.670577 0.637648 0.500892 0.208358 -0.550670 0.669599 0.639665 0.499600 0.187635 -0.555741 0.679374 0.641634 0.498401 0.187635 -0.555741 0.684262 
0.633661 0.503614 0.208358 -0.550670 0.673509 0.635655 0.502230 0.208358 -0.550670 0.670577 0.637648 0.500892 0.208358 -0.550670 0.669599 0.639665 0.499600 0.187635 -0.555741 0.679374 0.641634 0.498401 0.187635 -0.555741 0.684262 0.643479 0.497293 0.187635 -0.555741 0.686217 
0.635655 0.502230 0.208358 -0.550670 0.670577 0.637648 0.500892 0.208358 -0.550670 0.669599 0.639665 0.499600 0.187635 -0.555741 0.679374 0.641634 0.498401 0.187635 -0.555741 0.684262 0.643479 0.497293 0.187635 -0.555741 0.686217 0.645251 0.496248 0.177125 -0.558060 0.683284 
0.637648 0.500892 0.208358 -0.550670 0.669599 0.639665 0.499600 0.187635 -0.555741 0.679374 0.641634 0.498401 0.187635 -0.555741 0.684262 0.643479 0.497293 0.187635 -0.555741 0.686217 0.645251 0.496248 0.177125 -0.558060 0.683284 0.646900 0.495279 0.177125 -0.558060 0.682307 
0.639665 0.499600 0.187635 -0.555741 0.679374 0.641634 0.498401 0.187635 -0.555741 0.684262 0.643479 0.497293 0.187635 -0.555741 0.686217 0.645251 0.496248 0.177125 -0.558060 0.683284 0.646900 0.495279 0.177125 -0.558060 0.682307 0.648499 0.494341 0.177125 -0.558060 0.688172 
0.641634 0.498401 0.187635 -0.555741 0.684262 0.643479 0.497293 0.187635 -0.555741 0.686217 0.645251 0.496248 0.177125 -0.558060 0.683284 0.646900 0.495279 0.177125 -0.558060 0.682307 0.648499 0.494341 0.177125 -0.558060 0.688172 0.650025 0.493449 0.172834 -0.577447 0.697947 
0.643479 0.497293 0.187635 -0.555741 0.686217 0.645251 0.496248 0.177125 -0.558060 0.683284 0.646900 0.495279 0.177125 -0.558060 0.682307 0.648499 0.494341 0.177125 -0.558060 0.688172 0.650025 0.493449 0.172834 -0.577447 0.697947 0.651452 0.492618 0.161753 -0.579513 0.699902 
0.645251 0.496248 0.177125 -0.558060 0.683284 0.646900 0.495279 0.177125 -0.558060 0.682307 0.648499 0.494341 0.177125 -0.558060 0.688172 0.650025 0.493449 0.172834 -0.577447 0.697947 0.651452 0.492618 0.161753 -0.579513 0.699902 0.652756 0.491880 0.161753 -0.579513 0.687195 
0.646900 0.495279 0.177125 -0.558060 0.682307 0.648499 0.494341 0.177125 -0.558060 0.688172 0.650025 0.493449 0.172834 -0.577447 0.697947 0.651452 0.492618 0.161753 -0.579513 0.699902 0.652756 0.491880 0.161753 -0.579513 0.687195 0.653912 0.491188 0.161753 -0.579513 0.685239 
0.648499 0.494341 0.177125 -0.558060 0.688172 0.650025 0.493449 0.172834 -0.577447 0.697947 0.651452 0.492618 0.161753 -0.579513 0.699902 0.652756 0.491880 0.161753 -0.579513 0.687195 0.653912 0.491188 0.161753 -0.579513 0.685239 0.655020 0.490542 0.161753 -0.579513 0.691105 
0.650025 0.493449 0.172834 -0.577447 0.697947 0.651452 0.492618 0.161753 -0.579513 0.699902 0.652756 0.491880 0.161753 -0.579513 0.687195 0.653912 0.491188 0.161753 -0.579513 0.685239 0.655020 0.490542 0.161753 -0.579513 0.691105 0.656029 0.489927 0.161753 -0.579513 0.702835 
0.651452 0.492618 0.161753 -0.579513 0.699902 0.652756 0.491880 0.161753 -0.579513 0.687195 0.653912 0.491188 0.161753 -0.579513 0.685239 0.655020 0.490542 0.161753 -0.579513 0.691105 0.656029 0.489927 0.161753 -0.579513 0.702835 0.656988 0.489373 0.161753 -0.579513 0.713587 
0.652756 0.491880 0.161753 -0.579513 0.687195 0.653912 0.491188 0.161753 -0.579513 0.685239 0.655020 0.490542 0.161753 -0.579513 0.691105 0.656029 0.489927 0.161753 -0.579513 0.702835 0.656988 0.489373 0.161753 -0.579513 0.713587 0.657825 0.488850 0.156229 -0.598721 0.719453 
0.653912 0.491188 0.161753 -0.579513 0.685239 0.655020 0.490542 0.161753 -0.579513 0.691105 0.656029 0.489927 0.161753 -0.579513 0.702835 0.656988 0.489373 0.161753 -0.579513 0.713587 0.657825 0.488850 0.156229 -0.598721 0.719453 0.658588 0.488374 0.156229 -0.598721 0.717498 
0.655020 0.490542 0.161753 -0.579513 0.691105 0.656029 0.489927 0.161753 -0.579513 0.702835 0.656988 0.489373 0.161753 -0.579513 0.713587 0.657825 0.488850 0.156229 -0.598721 0.719453 0.658588 0.488374 0.156229 -0.598721 0.717498 0.659326 0.487912 0.156229 -0.598721 0.728250 
0.656029 0.489927 0.161753 -0.579513 0.702835 0.656988 0.489373 0.161753 -0.579513 0.713587 0.657825 0.488850 0.156229 -0.598721 0.719453 0.658588 0.488374 0.156229 -0.598721 0.717498 0.659326 0.487912 0.156229 -0.598721 0.728250 0.659966 0.487466 0.156229 -0.598721 0.733138 
0.656988 0.489373 0.161753 -0.579513 0.713587 0.657825 0.488850 0.156229 -0.598721 0.719453 0.658588 0.488374 0.156229 -0.598721 0.717498 0.659326 0.487912 0.156229 -0.598721 0.728250 0.659966 0.487466 0.156229 -0.598721 0.733138 0.660655 0.487020 0.156229 -0.598721 0.737048 
0.657825 0.488850 0.156229 -0.598721 0.719453 0.658588 0.488374 0.156229 -0.598721 0.717498 0.659326 0.487912 0.156229 -0.598721 0.728250 0.659966 0.487466 0.156229 -0.598721 0.733138 0.660655 0.487020 0.156229 -0.598721 0.737048 0.661245 0.486590 0.156229 -0.598721 0.739003 
0.658588 0.488374 0.156229 -0.598721 0.717498 0.659326 0.487912 0.156229 -0.598721 0.728250 0.659966 0.487466 0.156229 -0.598721 0.733138 0.660655 0.487020 0.156229 -0.598721 0.737048 0.661245 0.486590 0.156229 -0.598721 0.739003 0.661836 0.486190 0.156229 -0.598721 0.745846 
0.659326 0.487912 0.156229 -0.598721 0.728250 0.659966 0.487466 0.156229 -0.598721 0.733138 0.660655 0.487020 0.156229 -0.598721 0.737048 0.661245 0.486590 0.156229 -0.598721 0.739003 0.661836 0.486190 0.156229 -0.598721 0.745846 0.662352 0.485836 0.156229 -0.598721 0.746823 
0.659966 0.487466 0.156229 -0.598721 0.733138 0.660655 0.487020 0.156229 -0.598721 0.737048 0.661245 0.486590 0.156229 -0.598721 0.739003 0.661836 0.486190 0.156229 -0.598721 0.745846 0.662352 0.485836 0.156229 -0.598721 0.746823 0.662795 0.485498 0.156229 -0.598721 0.749756 
0.660655 0.487020 0.156229 -0.598721 0.737048 0.661245 0.486590 0.156229 -0.598721 0.739003 0.661836 0.486190 0.156229 -0.598721 0.745846 0.662352 0.485836 0.156229 -0.598721 0.746823 0.662795 0.485498 0.156229 -0.598721 0.749756 0.663214 0.485190 0.156229 -0.598721 0.749756 
0.661245 0.486590 0.156229 -0.598721 0.739003 0.661836 0.486190 0.156229 -0.598721 0.745846 0.662352 0.485836 0.156229 -0.598721 0.746823 0.662795 0.485498 0.156229 -0.598721 0.749756 0.663214 0.485190 0.156229 -0.598721 0.749756 0.663509 0.484929 0.156229 -0.598721 0.754643 
0.661836 0.486190 0.156229 -0.598721 0.745846 0.662352 0.485836 0.156229 -0.598721 0.746823 0.662795 0.485498 0.156229 -0.598721 0.749756 0.663214 0.485190 0.156229 -0.598721 0.749756 0.663509 0.484929 0.156229 -0.598721 0.754643 0.663779 0.484713 0.156229 -0.598721 0.757576 
0.662352 0.485836 0.156229 -0.598721 0.746823 0.662795 0.485498 0.156229 -0.598721 0.749756 0.663214 0.485190 0.156229 -0.598721 0.749756 0.663509 0.484929 0.156229 -0.598721 0.754643 0.663779 0.484713 0.156229 -0.598721 0.757576 0.663952 0.484560 0.156229 -0.598721 0.755621 
0.662795 0.485498 0.156229 -0.598721 0.749756 0.663214 0.485190 0.156229 -0.598721 0.749756 0.663509 0.484929 0.156229 -0.598721 0.754643 0.663779 0.484713 0.156229 -0.598721 0.757576 0.663952 0.484560 0.156229 -0.598721 0.755621 0.664075 0.484452 0.156229 -0.598721 0.754643 
0.663214 0.485190 0.156229 -0.598721 0.749756 0.663509 0.484929 0.156229 -0.598721 0.754643 0.663779 0.484713 0.156229 -0.598721 0.757576 0.663952 0.484560 0.156229 -0.598721 0.755621 0.664075 0.484452 0.156229 -0.598721 0.754643 0.664124 0.484360 0.156229 -0.598721 0.753666 
0.663509 0.484929 0.156229 -0.598721 0.754643 0.663779 0.484713 0.156229 -0.598721 0.757576 0.663952 0.484560 0.156229 -0.598721 0.755621 0.664075 0.484452 0.156229 -0.598721 0.754643 0.664124 0.484360 0.156229 -0.598721 0.753666 0.664149 0.484298 0.156229 -0.598721 0.747801 
0.663779 0.484713 0.156229 -0.598721 0.757576 0.663952 0.484560 0.156229 -0.598721 0.755621 0.664075 0.484452 0.156229 -0.598721 0.754643 0.664124 0.484360 0.156229 -0.598721 0.753666 0.664149 0.484298 0.156229 -0.598721 0.747801 0.664149 0.484267 0.156229 -0.598721 0.744868 
0.663952 0.484560 0.156229 -0.598721 0.755621 0.664075 0.484452 0.156229 -0.598721 0.754643 0.664124 0.484360 0.156229 -0.598721 0.753666 0.664149 0.484298 0.156229 -0.598721 0.747801 0.664149 0.484267 0.156229 -0.598721 0.744868 0.664050 0.484267 0.179281 -0.594676 0.660802 
0.664075 0.484452 0.156229 -0.598721 0.754643 0.664124 0.484360 0.156229 -0.598721 0.753666 0.664149 0.484298 0.156229 -0.598721 0.747801 0.664149 0.484267 0.156229 -0.598721 0.744868 0.664050 0.484267 0.179281 -0.594676 0.660802 0.663927 0.484267 0.179281 -0.594676 0.654936 
0.664124 0.484360 0.156229 -0.598721 0.753666 0.664149 0.484298 0.156229 -0.598721 0.747801 0.664149 0.484267 0.156229 -0.598721 0.744868 0.664050 0.484267 0.179281 -0.594676 0.660802 0.663927 0.484267 0.179281 -0.594676 0.654936 0.663779 0.484267 0.179281 -0.594676 0.650049 
0.664149 0.484298 0.156229 -0.598721 0.747801 0.664149 0.484267 0.156229 -0.598721 0.744868 0.664050 0.484267 0.179281 -0.594676 0.660802 0.663927 0.484267 0.179281 -0.594676 0.654936 0.663779 0.484267 0.179281 -0.594676 0.650049 0.663558 0.484267 0.179281 -0.594676 0.645161 
0.664149 0.484267 0.156229 -0.598721 0.744868 0.664050 0.484267 0.179281 -0.594676 0.660802 0.663927 0.484267 0.179281 -0.594676 0.654936 0.663779 0.484267 0.179281 -0.594676 0.650049 0.663558 0.484267 0.179281 -0.594676 0.645161 0.663287 0.484252 0.179281 -0.594676 0.642229 
0.664050 0.484267 0.179281 -0.594676 0.660802 0.663927 0.484267 0.179281 -0.594676 0.654936 0.663779 0.484267 0.179281 -0.594676 0.650049 0.663558 0.484267 0.179281 -0.594676 0.645161 0.663287 0.484252 0.179281 -0.594676 0.642229 0.662943 0.484221 0.179281 -0.594676 0.637341 
0.663927 0.484267 0.179281 -0.594676 0.654936 0.663779 0.484267 0.179281 -0.594676 0.650049 0.663558 0.484267 0.179281 -0.594676 0.645161 0.663287 0.484252 0.179281 -0.594676 0.642229 0.662943 0.484221 0.179281 -0.594676 0.637341 0.662451 0.484190 0.179281 -0.594676 0.633431 
0.663779 0.484267 0.179281 -0.594676 0.650049 0.663558 0.484267 0.179281 -0.594676 0.645161 0.663287 0.484252 0.179281 -0.594676 0.642229 0.662943 0.484221 0.179281 -0.594676 0.637341 0.662451 0.484190 0.179281 -0.594676 0.633431 0.661860 0.484144 0.179281 -0.594676 0.632454 
0.663558 0.484267 0.179281 -0.594676 0.645161 0.663287 0.484252 0.179281 -0.594676 0.642229 0.662943 0.484221 0.179281 -0.594676 0.637341 0.662451 0.484190 0.179281 -0.594676 0.633431 0.661860 0.484144 0.179281 -0.594676 0.632454 0.661122 0.484098 0.179281 -0.594676 0.631476 
0.663287 0.484252 0.179281 -0.594676 0.642229 0.662943 0.484221 0.179281 -0.594676 0.637341 0.662451 0.484190 0.179281 -0.594676 0.633431 0.661860 0.484144 0.179281 -0.594676 0.632454 0.661122 0.484098 0.179281 -0.594676 0.631476 0.660236 0.484067 0.179281 -0.594676 0.640274 
0.662943 0.484221 0.179281 -0.594676 0.637341 0.662451 0.484190 0.179281 -0.594676 0.633431 0.661860 0.484144 0.179281 -0.594676 0.632454 0.661122 0.484098 0.179281 -0.594676 0.631476 0.660236 0.484067 0.179281 -0.594676 0.640274 0.659227 0.484021 0.179281 -0.594676 0.643206 
0.662451 0.484190 0.179281 -0.594676 0.633431 0.661860 0.484144 0.179281 -0.594676 0.632454 0.661122 0.484098 0.179281 -0.594676 0.631476 0.660236 0.484067 0.179281 -0.594676 0.640274 0.659227 0.484021 0.179281 -0.594676 0.643206 0.658120 0.483960 0.179281 -0.594676 0.639296 
0.661860 0.484144 0.179281 -0.594676 0.632454 0.661122 0.484098 0.179281 -0.594676 0.631476 0.660236 0.484067 0.179281 -0.594676 0.640274 0.659227 0.484021 0.179281 -0.594676 0.643206 0.658120 0.483960 0.179281 -0.594676 0.639296 0.656890 0.483898 0.172834 -0.577447 0.639296 
0.661122 0.484098 0.179281 -0.594676 0.631476 0.660236 0.484067 0.179281 -0.594676 0.640274 0.659227 0.484021 0.179281 -0.594676 0.643206 0.658120 0.483960 0.179281 -0.594676 0.639296 0.656890 0.483898 0.172834 -0.577447 0.639296 0.655586 0.483837 0.172834 -0.577447 0.642229 
0.660236 0.484067 0.179281 -0.594676 0.640274 0.659227 0.484021 0.179281 -0.594676 0.643206 0.658120 0.483960 0.179281 -0.594676 0.639296 0.656890 0.483898 0.172834 -0.577447 0.639296 0.655586 0.483837 0.172834 -0.577447 0.642229 0.654232 0.483791 0.172834 -0.577447 0.643206 
0.659227 0.484021 0.179281 -0.594676 0.643206 0.658120 0.483960 0.179281 -0.594676 0.639296 0.656890 0.483898 0.172834 -0.577447 0.639296 0.655586 0.483837 0.172834 -0.577447 0.642229 0.654232 0.483791 0.172834 -0.577447 0.643206 0.652756 0.483760 0.172834 -0.577447 0.646139 
0.658120 0.483960 0.179281 -0.594676 0.639296 0.656890 0.483898 0.172834 -0.577447 0.639296 0.655586 0.483837 0.172834 -0.577447 0.642229 0.654232 0.483791 0.172834 -0.577447 0.643206 0.652756 0.483760 0.172834 -0.577447 0.646139 0.651230 0.483729 0.161753 -0.579513 0.644184 
0.656890 0.483898 0.172834 -0.577447 0.639296 0.655586 0.483837 0.172834 -0.577447 0.642229 0.654232 0.483791 0.172834 -0.577447 0.643206 0.652756 0.483760 0.172834 -0.577447 0.646139 0.651230 0.483729 0.161753 -0.579513 0.644184 0.649606 0.483683 0.161753 -0.579513 0.644184 
0.655586 0.483837 0.172834 -0.577447 0.642229 0.654232 0.483791 0.172834 -0.577447 0.643206 0.652756 0.483760 0.172834 -0.577447 0.646139 0.651230 0.483729 0.161753 -0.579513 0.644184 0.649606 0.483683 0.161753 -0.579513 0.644184 0.647908 0.483683 0.161753 -0.579513 0.643206 
0.654232 0.483791 0.172834 -0.577447 0.643206 0.652756 0.483760 0.172834 -0.577447 0.646139 0.651230 0.483729 0.161753 -0.579513 0.644184 0.649606 0.483683 0.161753 -0.579513 0.644184 0.647908 0.483683 0.161753 -0.579513 0.643206 0.646112 0.483683 0.155832 -0.562271 0.649071 
0.652756 0.483760 0.172834 -0.577447 0.646139 0.651230 0.483729 0.161753 -0.579513 0.644184 0.649606 0.483683 0.161753 -0.579513 0.644184 0.647908 0.483683 0.161753 -0.579513 0.643206 0.646112 0.483683 0.155832 -0.562271 0.649071 0.644168 0.483683 0.155832 -0.562271 0.652004 
0.651230 0.483729 0.161753 -0.579513 0.644184 0.649606 0.483683 0.161753 -0.579513 0.644184 0.647908 0.483683 0.161753 -0.579513 0.643206 0.646112 0.483683 0.155832 -0.562271 0.649071 0.644168 0.483683 0.155832 -0.562271 0.652004 0.642175 0.483683 0.155832 -0.562271 0.645161 
0.649606 0.483683 0.161753 -0.579513 0.644184 0.647908 0.483683 0.161753 -0.579513 0.643206 0.646112 0.483683 0.155832 -0.562271 0.649071 0.644168 0.483683 0.155832 -0.562271 0.652004 0.642175 0.483683 0.155832 -0.562271 0.645161 0.640059 0.483683 0.155832 -0.562271 0.647116 
0.647908 0.483683 0.161753 -0.579513 0.643206 0.646112 0.483683 0.155832 -0.562271 0.649071 0.644168 0.483683 0.155832 -0.562271 0.652004 0.642175 0.483683 0.155832 -0.562271 0.645161 0.640059 0.483683 0.155832 -0.562271 0.647116 0.637869 0.483683 0.155832 -0.562271 0.648094 
0.646112 0.483683 0.155832 -0.562271 0.649071 0.644168 0.483683 0.155832 -0.562271 0.652004 0.642175 0.483683 0.155832 -0.562271 0.645161 0.640059 0.483683 0.155832 -0.562271 0.647116 0.637869 0.483683 0.155832 -0.562271 0.648094 0.635581 0.483806 0.160340 -0.543046 0.648094 
0.644168 0.483683 0.155832 -0.562271 0.652004 0.642175 0.483683 0.155832 -0.562271 0.645161 0.640059 0.483683 0.155832 -0.562271 0.647116 0.637869 0.483683 0.155832 -0.562271 0.648094 0.635581 0.483806 0.160340 -0.543046 0.648094 0.633194 0.483944 0.160340 -0.543046 0.648094 
0.642175 0.483683 0.155832 -0.562271 0.645161 0.640059 0.483683 0.155832 -0.562271 0.647116 0.637869 0.483683 0.155832 -0.562271 0.648094 0.635581 0.483806 0.160340 -0.543046 0.648094 0.633194 0.483944 0.160340 -0.543046 0.648094 0.630807 0.484083 0.160340 -0.543046 0.648094 
0.640059 0.483683 0.155832 -0.562271 0.647116 0.637869 0.483683 0.155832 -0.562271 0.648094 0.635581 0.483806 0.160340 -0.543046 0.648094 0.633194 0.483944 0.160340 -0.543046 0.648094 0.630807 0.484083 0.160340 -0.543046 0.648094 0.628322 0.484252 0.160340 -0.543046 0.648094 
0.637869 0.483683 0.155832 -0.562271 0.648094 0.635581 0.483806 0.160340 -0.543046 0.648094 0.633194 0.483944 0.160340 -0.543046 0.648094 0.630807 0.484083 0.160340 -0.543046 0.648094 0.628322 0.484252 0.160340 -0.543046 0.648094 0.625837 0.484421 0.160340 -0.543046 0.649071 
0.620054 0.482545 0.149819 -0.708013 0.000000 0.621358 0.482576 0.149819 -0.708013 0.000000 0.622564 0.482591 0.158760 -0.689016 0.000000 0.623671 0.482591 0.158760 -0.689016 0.000000 0.624705 0.482591 0.158760 -0.689016 0.000000 0.625640 0.482591 0.158760 -0.689016 0.000000 
0.621358 0.482576 0.149819 -0.708013 0.000000 0.622564 0.482591 0.158760 -0.689016 0.000000 0.623671 0.482591 0.158760 -0.689016 0.000000 0.624705 0.482591 0.158760 -0.689016 0.000000 0.625640 0.482591 0.158760 -0.689016 0.000000 0.626526 0.482591 0.158760 -0.689016 0.000000 
0.622564 0.482591 0.158760 -0.689016 0.000000 0.623671 0.482591 0.158760 -0.689016 0.000000 0.624705 0.482591 0.158760 -0.689016 0.000000 0.625640 0.482591 0.158760 -0.689016 0.000000 0.626526 0.482591 0.158760 -0.689016 0.000000 0.627387 0.482591 0.158760 -0.689016 0.000000 
0.623671 0.482591 0.158760 -0.689016 0.000000 0.624705 0.482591 0.158760 -0.689016 0.000000 0.625640 0.482591 0.158760 -0.689016 0.000000 0.626526 0.482591 0.158760 -0.689016 0.000000 0.627387 0.482591 0.158760 -0.689016 0.000000 0.628248 0.482591 0.172720 -0.687274 0.000000 
0.624705 0.482591 0.158760 -0.689016 0.000000 0.625640 0.482591 0.158760 -0.689016 0.000000 0.626526 0.482591 0.158760 -0.689016 0.000000 0.627387 0.482591 0.158760 -0.689016 0.000000 0.628248 0.482591 0.172720 -0.687274 0.000000 0.629085 0.482591 0.172720 -0.687274 0.000000 
0.625640 0.482591 0.158760 -0.689016 0.000000 0.626526 0.482591 0.158760 -0.689016 0.000000 0.627387 0.482591 0.158760 -0.689016 0.000000 0.628248 0.482591 0.172720 -0.687274 0.000000 0.629085 0.482591 0.172720 -0.687274 0.000000 0.629946 0.482591 0.180186 -0.668016 0.000000 
0.626526 0.482591 0.158760 -0.689016 0.000000 0.627387 0.482591 0.158760 -0.689016 0.000000 0.628248 0.482591 0.172720 -0.687274 0.000000 0.629085 0.482591 0.172720 -0.687274 0.000000 0.629946 0.482591 0.180186 -0.668016 0.000000 0.630807 0.482591 0.180186 -0.668016 0.000000 
0.627387 0.482591 0.158760 -0.689016 0.000000 0.628248 0.482591 0.172720 -0.687274 0.000000 0.629085 0.482591 0.172720 -0.687274 0.000000 0.629946 0.482591 0.180186 -0.668016 0.000000 0.630807 0.482591 0.180186 -0.668016 0.000000 0.631693 0.482560 0.180186 -0.668016 0.000000 
0.628248 0.482591 0.172720 -0.687274 0.000000 0.629085 0.482591 0.172720 -0.687274 0.000000 0.629946 0.482591 0.180186 -0.668016 0.000000 0.630807 0.482591 0.180186 -0.668016 0.000000 0.631693 0.482560 0.180186 -0.668016 0.000000 0.632579 0.482530 0.180186 -0.668016 0.000000 
0.629085 0.482591 0.172720 -0.687274 0.000000 0.629946 0.482591 0.180186 -0.668016 0.000000 0.630807 0.482591 0.180186 -0.668016 0.000000 0.631693 0.482560 0.180186 -0.668016 0.000000 0.632579 0.482530 0.180186 -0.668016 0.000000 0.633391 0.482530 0.180186 -0.668016 0.000000 
0.629946 0.482591 0.180186 -0.668016 0.000000 0.630807 0.482591 0.180186 -0.668016 0.000000 0.631693 0.482560 0.180186 -0.668016 0.000000 0.632579 0.482530 0.180186 -0.668016 0.000000 0.633391 0.482530 0.180186 -0.668016 0.000000 0.634178 0.482530 0.173974 -0.650670 0.000000 
0.630807 0.482591 0.180186 -0.668016 0.000000 0.631693 0.482560 0.180186 -0.668016 0.000000 0.632579 0.482530 0.180186 -0.668016 0.000000 0.633391 0.482530 0.180186 -0.668016 0.000000 0.634178 0.482530 0.173974 -0.650670 0.000000 0.634941 0.482530 0.173974 -0.650670 0.000000 
0.631693 0.482560 0.180186 -0.668016 0.000000 0.632579 0.482530 0.180186 -0.668016 0.000000 0.633391 0.482530 0.180186 -0.668016 0.000000 0.634178 0.482530 0.173974 -0.650670 0.000000 0.634941 0.482530 0.173974 -0.650670 0.000000 0.635655 0.482530 0.173974 -0.650670 0.000000 
0.632579 0.482530 0.180186 -0.668016 0.000000 0.633391 0.482530 0.180186 -0.668016 0.000000 0.634178 0.482530 0.173974 -0.650670 0.000000 0.634941 0.482530 0.173974 -0.650670 0.000000 0.635655 0.482530 0.173974 -0.650670 0.000000 0.636368 0.482530 0.173974 -0.650670 0.000000 
0.633391 0.482530 0.180186 -0.668016 0.000000 0.634178 0.482530 0.173974 -0.650670 0.000000 0.634941 0.482530 0.173974 -0.650670 0.000000 0.635655 0.482530 0.173974 -0.650670 0.000000 0.636368 0.482530 0.173974 -0.650670 0.000000 0.637057 0.482530 0.186806 -0.648651 0.000000 
0.634178 0.482530 0.173974 -0.650670 0.000000 0.634941 0.482530 0.173974 -0.650670 0.000000 0.635655 0.482530 0.173974 -0.650670 0.000000 0.636368 0.482530 0.173974 -0.650670 0.000000 0.637057 0.482530 0.186806 -0.648651 0.000000 0.637746 0.482530 0.186806 -0.648651 0.000000 
0.634941 0.482530 0.173974 -0.650670 0.000000 0.635655 0.482530 0.173974 -0.650670 0.000000 0.636368 0.482530 0.173974 -0.650670 0.000000 0.637057 0.482530 0.186806 -0.648651 0.000000 0.637746 0.482530 0.186806 -0.648651 0.000000 0.638484 0.482530 0.186806 -0.648651 0.000000 
0.635655 0.482530 0.173974 -0.650670 0.000000 0.636368 0.482530 0.173974 -0.650670 0.000000 0.637057 0.482530 0.186806 -0.648651 0.000000 0.637746 0.482530 0.186806 -0.648651 0.000000 0.638484 0.482530 0.186806 -0.648651 0.000000 0.639272 0.482530 0.186806 -0.648651 0.000000 
0.636368 0.482530 0.173974 -0.650670 0.000000 0.637057 0.482530 0.186806 -0.648651 0.000000 0.637746 0.482530 0.186806 -0.648651 0.000000 0.638484 0.482530 0.186806 -0.648651 0.000000 0.639272 0.482530 0.186806 -0.648651 0.000000 0.640108 0.482530 0.186806 -0.648651 0.000000 
0.637057 0.482530 0.186806 -0.648651 0.000000 0.637746 0.482530 0.186806 -0.648651 0.000000 0.638484 0.482530 0.186806 -0.648651 0.000000 0.639272 0.482530 0.186806 -0.648651 0.000000 0.640108 0.482530 0.186806 -0.648651 0.000000 0.640945 0.482530 0.186806 -0.648651 0.000000 
0.637746 0.482530 0.186806 -0.648651 0.000000 0.638484 0.482530 0.186806 -0.648651 0.000000 0.639272 0.482530 0.186806 -0.648651 0.000000 0.640108 0.482530 0.186806 -0.648651 0.000000 0.640945 0.482530 0.186806 -0.648651 0.000000 0.641880 0.482530 0.193454 -0.665979 0.000000 
0.638484 0.482530 0.186806 -0.648651 0.000000 0.639272 0.482530 0.186806 -0.648651 0.000000 0.640108 0.482530 0.186806 -0.648651 0.000000 0.640945 0.482530 0.186806 -0.648651 0.000000 0.641880 0.482530 0.193454 -0.665979 0.000000 0.642790 0.482376 0.193454 -0.665979 0.000000 
0.639272 0.482530 0.186806 -0.648651 0.000000 0.640108 0.482530 0.186806 -0.648651 0.000000 0.640945 0.482530 0.186806 -0.648651 0.000000 0.641880 0.482530 0.193454 -0.665979 0.000000 0.642790 0.482376 0.193454 -0.665979 0.000000 0.643725 0.482191 0.193454 -0.665979 0.000000 
0.640108 0.482530 0.186806 -0.648651 0.000000 0.640945 0.482530 0.186806 -0.648651 0.000000 0.641880 0.482530 0.193454 -0.665979 0.000000 0.642790 0.482376 0.193454 -0.665979 0.000000 0.643725 0.482191 0.193454 -0.665979 0.000000 0.644685 0.482037 0.193454 -0.665979 0.000000 
0.640945 0.482530 0.186806 -0.648651 0.000000 0.641880 0.482530 0.193454 -0.665979 0.000000 0.642790 0.482376 0.193454 -0.665979 0.000000 0.643725 0.482191 0.193454 -0.665979 0.000000 0.644685 0.482037 0.193454 -0.665979 0.000000 0.645645 0.481884 0.193454 -0.665979 0.000000 
0.641880 0.482530 0.193454 -0.665979 0.000000 0.642790 0.482376 0.193454 -0.665979 0.000000 0.643725 0.482191 0.193454 -0.665979 0.000000 0.644685 0.482037 0.193454 -0.665979 0.000000 0.645645 0.481884 0.193454 -0.665979 0.000000 0.646629 0.481807 0.206597 -0.663787 0.000000 
0.642790 0.482376 0.193454 -0.665979 0.000000 0.643725 0.482191 0.193454 -0.665979 0.000000 0.644685 0.482037 0.193454 -0.665979 0.000000 0.645645 0.481884 0.193454 -0.665979 0.000000 0.646629 0.481807 0.206597 -0.663787 0.000000 0.647687 0.481576 0.206597 -0.663787 0.000000 
0.643725 0.482191 0.193454 -0.665979 0.000000 0.644685 0.482037 0.193454 -0.665979 0.000000 0.645645 0.481884 0.193454 -0.665979 0.000000 0.646629 0.481807 0.206597 -0.663787 0.000000 0.647687 0.481576 0.206597 -0.663787 0.000000 0.648770 0.481499 0.213854 -0.681116 0.000000 
0.644685 0.482037 0.193454 -0.665979 0.000000 0.645645 0.481884 0.193454 -0.665979 0.000000 0.646629 0.481807 0.206597 -0.663787 0.000000 0.647687 0.481576 0.206597 -0.663787 0.000000 0.648770 0.481499 0.213854 -0.681116 0.000000 0.649877 0.481284 0.213854 -0.681116 0.000000 
0.645645 0.481884 0.193454 -0.665979 0.000000 0.646629 0.481807 0.206597 -0.663787 0.000000 0.647687 0.481576 0.206597 -0.663787 0.000000 0.648770 0.481499 0.213854 -0.681116 0.000000 0.649877 0.481284 0.213854 -0.681116 0.000000 0.651009 0.481207 0.213854 -0.681116 0.000000 
0.646629 0.481807 0.206597 -0.663787 0.000000 0.647687 0.481576 0.206597 -0.663787 0.000000 0.648770 0.481499 0.213854 -0.681116 0.000000 0.649877 0.481284 0.213854 -0.681116 0.000000 0.651009 0.481207 0.213854 -0.681116 0.000000 0.652190 0.481007 0.213854 -0.681116 0.000000 
0.647687 0.481576 0.206597 -0.663787 0.000000 0.648770 0.481499 0.213854 -0.681116 0.000000 0.649877 0.481284 0.213854 -0.681116 0.000000 0.651009 0.481207 0.213854 -0.681116 0.000000 0.652190 0.481007 0.213854 -0.681116 0.000000 0.653346 0.480945 0.213854 -0.681116 0.000000 
0.648770 0.481499 0.213854 -0.681116 0.000000 0.649877 0.481284 0.213854 -0.681116 0.000000 0.651009 0.481207 0.213854 -0.681116 0.000000 0.652190 0.481007 0.213854 -0.681116 0.000000 0.653346 0.480945 0.213854 -0.681116 0.000000 0.654528 0.480838 0.213854 -0.681116 0.000000 
0.649877 0.481284 0.213854 -0.681116 0.000000 0.651009 0.481207 0.213854 -0.681116 0.000000 0.652190 0.481007 0.213854 -0.681116 0.000000 0.653346 0.480945 0.213854 -0.681116 0.000000 0.654528 0.480838 0.213854 -0.681116 0.000000 0.655635 0.480746 0.213854 -0.681116 0.000000 
0.651009 0.481207 0.213854 -0.681116 0.000000 0.652190 0.481007 0.213854 -0.681116 0.000000 0.653346 0.480945 0.213854 -0.681116 0.000000 0.654528 0.480838 0.213854 -0.681116 0.000000 0.655635 0.480746 0.213854 -0.681116 0.000000 0.656693 0.480669 0.213854 -0.681116 0.000000 
0.652190 0.481007 0.213854 -0.681116 0.000000 0.653346 0.480945 0.213854 -0.681116 0.000000 0.654528 0.480838 0.213854 -0.681116 0.000000 0.655635 0.480746 0.213854 -0.681116 0.000000 0.656693 0.480669 0.213854 -0.681116 0.000000 0.657702 0.480576 0.213854 -0.681116 0.000000 
0.653346 0.480945 0.213854 -0.681116 0.000000 0.654528 0.480838 0.213854 -0.681116 0.000000 0.655635 0.480746 0.213854 -0.681116 0.000000 0.656693 0.480669 0.213854 -0.681116 0.000000 0.657702 0.480576 0.213854 -0.681116 0.000000 0.658637 0.480576 0.213854 -0.681116 0.000000 
0.654528 0.480838 0.213854 -0.681116 0.000000 0.655635 0.480746 0.213854 -0.681116 0.000000 0.656693 0.480669 0.213854 -0.681116 0.000000 0.657702 0.480576 0.213854 -0.681116 0.000000 0.658637 0.480576 0.213854 -0.681116 0.000000 0.659498 0.480576 0.206597 -0.663787 0.000000 
0.655635 0.480746 0.213854 -0.681116 0.000000 0.656693 0.480669 0.213854 -0.681116 0.000000 0.657702 0.480576 0.213854 -0.681116 0.000000 0.658637 0.480576 0.213854 -0.681116 0.000000 0.659498 0.480576 0.206597 -0.663787 0.000000 0.660261 0.480576 0.206597 -0.663787 0.000000 
0.656693 0.480669 0.213854 -0.681116 0.000000 0.657702 0.480576 0.213854 -0.681116 0.000000 0.658637 0.480576 0.213854 -0.681116 0.000000 0.659498 0.480576 0.206597 -0.663787 0.000000 0.660261 0.480576 0.206597 -0.663787 0.000000 0.660925 0.480576 0.206597 -0.663787 0.000000 
0.657702 0.480576 0.213854 -0.681116 0.000000 0.658637 0.480576 0.213854 -0.681116 0.000000 0.659498 0.480576 0.206597 -0.663787 0.000000 0.660261 0.480576 0.206597 -0.663787 0.000000 0.660925 0.480576 0.206597 -0.663787 0.000000 0.661491 0.480576 0.206597 -0.663787 0.000000 
0.658637 0.480576 0.213854 -0.681116 0.000000 0.659498 0.480576 0.206597 -0.663787 0.000000 0.660261 0.480576 0.206597 -0.663787 0.000000 0.660925 0.480576 0.206597 -0.663787 0.000000 0.661491 0.480576 0.206597 -0.663787 0.000000 0.661959 0.480653 0.206597 -0.663787 0.000000 
0.659498 0.480576 0.206597 -0.663787 0.000000 0.660261 0.480576 0.206597 -0.663787 0.000000 0.660925 0.480576 0.206597 -0.663787 0.000000 0.661491 0.480576 0.206597 -0.663787 0.000000 0.661959 0.480653 0.206597 -0.663787 0.000000 0.662352 0.480807 0.206597 -0.663787 0.000000 
0.660261 0.480576 0.206597 -0.663787 0.000000 0.660925 0.480576 0.206597 -0.663787 0.000000 0.661491 0.480576 0.206597 -0.663787 0.000000 0.661959 0.480653 0.206597 -0.663787 0.000000 0.662352 0.480807 0.206597 -0.663787 0.000000 0.662598 0.480976 0.212112 -0.644154 0.000000 
0.660925 0.480576 0.206597 -0.663787 0.000000 0.661491 0.480576 0.206597 -0.663787 0.000000 0.661959 0.480653 0.206597 -0.663787 0.000000 0.662352 0.480807 0.206597 -0.663787 0.000000 0.662598 0.480976 0.212112 -0.644154 0.000000 0.662771 0.481161 0.212112 -0.644154 0.000000 
0.661491 0.480576 0.206597 -0.663787 0.000000 0.661959 0.480653 0.206597 -0.663787 0.000000 0.662352 0.480807 0.206597 -0.663787 0.000000 0.662598 0.480976 0.212112 -0.644154 0.000000 0.662771 0.481161 0.212112 -0.644154 0.000000 0.662869 0.481376 0.212112 -0.644154 0.000000 
0.661959 0.480653 0.206597 -0.663787 0.000000 0.662352 0.480807 0.206597 -0.663787 0.000000 0.662598 0.480976 0.212112 -0.644154 0.000000 0.662771 0.481161 0.212112 -0.644154 0.000000 0.662869 0.481376 0.212112 -0.644154 0.000000 0.662894 0.481607 0.212112 -0.644154 0.000000 
0.662352 0.480807 0.206597 -0.663787 0.000000 0.662598 0.480976 0.212112 -0.644154 0.000000 0.662771 0.481161 0.212112 -0.644154 0.000000 0.662869 0.481376 0.212112 -0.644154 0.000000 0.662894 0.481607 0.212112 -0.644154 0.000000 0.662894 0.481837 0.212112 -0.644154 0.000000 
0.662598 0.480976 0.212112 -0.644154 0.000000 0.662771 0.481161 0.212112 -0.644154 0.000000 0.662869 0.481376 0.212112 -0.644154 0.000000 0.662894 0.481607 0.212112 -0.644154 0.000000 0.662894 0.481837 0.212112 -0.644154 0.000000 0.662894 0.482099 0.212112 -0.644154 0.000000 
0.662771 0.481161 0.212112 -0.644154 0.000000 0.662869 0.481376 0.212112 -0.644154 0.000000 0.662894 0.481607 0.212112 -0.644154 0.000000 0.662894 0.481837 0.212112 -0.644154 0.000000 0.662894 0.482099 0.212112 -0.644154 0.000000 0.662894 0.482360 0.212112 -0.644154 0.030303 
0.662869 0.481376 0.212112 -0.644154 0.000000 0.662894 0.481607 0.212112 -0.644154 0.000000 0.662894 0.481837 0.212112 -0.644154 0.000000 0.662894 0.482099 0.212112 -0.644154 0.000000 0.662894 0.482360 0.212112 -0.644154 0.030303 0.662894 0.482653 0.212112 -0.644154 0.055718 
0.662894 0.481607 0.212112 -0.644154 0.000000 0.662894 0.481837 0.212112 -0.644154 0.000000 0.662894 0.482099 0.212112 -0.644154 0.000000 0.662894 0.482360 0.212112 -0.644154 0.030303 0.662894 0.482653 0.212112 -0.644154 0.055718 0.662894 0.482929 0.212112 -0.644154 0.080156 
0.662894 0.481837 0.212112 -0.644154 0.000000 0.662894 0.482099 0.212112 -0.644154 0.000000 0.662894 0.482360 0.212112 -0.644154 0.030303 0.662894 0.482653 0.212112 -0.644154 0.055718 0.662894 0.482929 0.212112 -0.644154 0.080156 0.662894 0.483175 0.212112 -0.644154 0.104594 
0.662894 0.482099 0.212112 -0.644154 0.000000 0.662894 0.482360 0.212112 -0.644154 0.030303 0.662894 0.482653 0.212112 -0.644154 0.055718 0.662894 0.482929 0.212112 -0.644154 0.080156 0.662894 0.483175 0.212112 -0.644154 0.104594 0.662844 0.483391 0.212112 -0.644154 0.129032 
0.662894 0.482360 0.212112 -0.644154 0.030303 0.662894 0.482653 0.212112 -0.644154 0.055718 0.662894 0.482929 0.212112 -0.644154 0.080156 0.662894 0.483175 0.212112 -0.644154 0.104594 0.662844 0.483391 0.212112 -0.644154 0.129032 0.662746 0.483560 0.212112 -0.644154 0.150538 
0.662894 0.482653 0.212112 -0.644154 0.055718 0.662894 0.482929 0.212112 -0.644154 0.080156 0.662894 0.483175 0.212112 -0.644154 0.104594 0.662844 0.483391 0.212112 -0.644154 0.129032 0.662746 0.483560 0.212112 -0.644154 0.150538 0.662697 0.483698 0.212112 -0.644154 0.199413 
0.662894 0.482929 0.212112 -0.644154 0.080156 0.662894 0.483175 0.212112 -0.644154 0.104594 0.662844 0.483391 0.212112 -0.644154 0.129032 0.662746 0.483560 0.212112 -0.644154 0.150538 0.662697 0.483698 0.212112 -0.644154 0.199413 0.662648 0.483806 0.212112 -0.644154 0.230694 
0.662894 0.483175 0.212112 -0.644154 0.104594 0.662844 0.483391 0.212112 -0.644154 0.129032 0.662746 0.483560 0.212112 -0.644154 0.150538 0.662697 0.483698 0.212112 -0.644154 0.199413 0.662648 0.483806 0.212112 -0.644154 0.230694 0.662623 0.483867 0.212112 -0.644154 0.263930 
0.662844 0.483391 0.212112 -0.644154 0.129032 0.662746 0.483560 0.212112 -0.644154 0.150538 0.662697 0.483698 0.212112 -0.644154 0.199413 0.662648 0.483806 0.212112 -0.644154 0.230694 0.662623 0.483867 0.212112 -0.644154 0.263930 0.662623 0.483821 0.212112 -0.644154 0.436950 
0.662746 0.483560 0.212112 -0.644154 0.150538 0.662697 0.483698 0.212112 -0.644154 0.199413 0.662648 0.483806 0.212112 -0.644154 0.230694 0.662623 0.483867 0.212112 -0.644154 0.263930 0.662623 0.483821 0.212112 -0.644154 0.436950 0.662623 0.483575 0.212112 -0.644154 0.438905 
0.662697 0.483698 0.212112 -0.644154 0.199413 0.662648 0.483806 0.212112 -0.644154 0.230694 0.662623 0.483867 0.212112 -0.644154 0.263930 0.662623 0.483821 0.212112 -0.644154 0.436950 0.662623 0.483575 0.212112 -0.644154 0.438905 0.662500 0.483114 0.212112 -0.644154 0.437928 
0.662648 0.483806 0.212112 -0.644154 0.230694 0.662623 0.483867 0.212112 -0.644154 0.263930 0.662623 0.483821 0.212112 -0.644154 0.436950 0.662623 0.483575 0.212112 -0.644154 0.438905 0.662500 0.483114 0.212112 -0.644154 0.437928 0.662328 0.482514 0.212112 -0.644154 0.436950 
0.662623 0.483867 0.212112 -0.644154 0.263930 0.662623 0.483821 0.212112 -0.644154 0.436950 0.662623 0.483575 0.212112 -0.644154 0.438905 0.662500 0.483114 0.212112 -0.644154 0.437928 0.662328 0.482514 0.212112 -0.644154 0.436950 0.662106 0.481745 0.212112 -0.644154 0.438905 
0.662623 0.483821 0.212112 -0.644154 0.436950 0.662623 0.483575 0.212112 -0.644154 0.438905 0.662500 0.483114 0.212112 -0.644154 0.437928 0.662328 0.482514 0.212112 -0.644154 0.436950 0.662106 0.481745 0.212112 -0.644154 0.438905 0.661885 0.480838 0.212112 -0.644154 0.449658 
0.662623 0.483575 0.212112 -0.644154 0.438905 0.662500 0.483114 0.212112 -0.644154 0.437928 0.662328 0.482514 0.212112 -0.644154 0.436950 0.662106 0.481745 0.212112 -0.644154 0.438905 0.661885 0.480838 0.212112 -0.644154 0.449658 0.661614 0.479807 0.212112 -0.644154 0.470186 
0.662500 0.483114 0.212112 -0.644154 0.437928 0.662328 0.482514 0.212112 -0.644154 0.436950 0.662106 0.481745 0.212112 -0.644154 0.438905 0.661885 0.480838 0.212112 -0.644154 0.449658 0.661614 0.479807 0.212112 -0.644154 0.470186 0.661319 0.478623 0.212112 -0.644154 0.475073 
0.662328 0.482514 0.212112 -0.644154 0.436950 0.662106 0.481745 0.212112 -0.644154 0.438905 0.661885 0.480838 0.212112 -0.644154 0.449658 0.661614 0.479807 0.212112 -0.644154 0.470186 0.661319 0.478623 0.212112 -0.644154 0.475073 0.660999 0.477347 0.186806 -0.648651 0.481916 
0.662106 0.481745 0.212112 -0.644154 0.438905 0.661885 0.480838 0.212112 -0.644154 0.449658 0.661614 0.479807 0.212112 -0.644154 0.470186 0.661319 0.478623 0.212112 -0.644154 0.475073 0.660999 0.477347 0.186806 -0.648651 0.481916 0.660704 0.476024 0.186806 -0.648651 0.490714 
0.661885 0.480838 0.212112 -0.644154 0.449658 0.661614 0.479807 0.212112 -0.644154 0.470186 0.661319 0.478623 0.212112 -0.644154 0.475073 0.660999 0.477347 0.186806 -0.648651 0.481916 0.660704 0.476024 0.186806 -0.648651 0.490714 0.660408 0.474763 0.186806 -0.648651 0.499511 
0.661614 0.479807 0.212112 -0.644154 0.470186 0.661319 0.478623 0.212112 -0.644154 0.475073 0.660999 0.477347 0.186806 -0.648651 0.481916 0.660704 0.476024 0.186806 -0.648651 0.490714 0.660408 0.474763 0.186806 -0.648651 0.499511 0.660113 0.473487 0.186806 -0.648651 0.511241 
0.661319 0.478623 0.212112 -0.644154 0.475073 0.660999 0.477347 0.186806 -0.648651 0.481916 0.660704 0.476024 0.186806 -0.648651 0.490714 0.660408 0.474763 0.186806 -0.648651 0.499511 0.660113 0.473487 0.186806 -0.648651 0.511241 0.659818 0.472241 0.173974 -0.650670 0.521017 
0.660999 0.477347 0.186806 -0.648651 0.481916 0.660704 0.476024 0.186806 -0.648651 0.490714 0.660408 0.474763 0.186806 -0.648651 0.499511 0.660113 0.473487 0.186806 -0.648651 0.511241 0.659818 0.472241 0.173974 -0.650670 0.521017 0.659449 0.471026 0.173974 -0.650670 0.526882 
0.660704 0.476024 0.186806 -0.648651 0.490714 0.660408 0.474763 0.186806 -0.648651 0.499511 0.660113 0.473487 0.186806 -0.648651 0.511241 0.659818 0.472241 0.173974 -0.650670 0.521017 0.659449 0.471026 0.173974 -0.650670 0.526882 0.659055 0.469780 0.180321 -0.631341 0.530792 
0.660408 0.474763 0.186806 -0.648651 0.499511 0.660113 0.473487 0.186806 -0.648651 0.511241 0.659818 0.472241 0.173974 -0.650670 0.521017 0.659449 0.471026 0.173974 -0.650670 0.526882 0.659055 0.469780 0.180321 -0.631341 0.530792 0.658661 0.468565 0.155409 -0.635185 0.539589 
0.660113 0.473487 0.186806 -0.648651 0.511241 0.659818 0.472241 0.173974 -0.650670 0.521017 0.659449 0.471026 0.173974 -0.650670 0.526882 0.659055 0.469780 0.180321 -0.631341 0.530792 0.658661 0.468565 0.155409 -0.635185 0.539589 0.658243 0.467412 0.155409 -0.635185 0.546432 
0.659818 0.472241 0.173974 -0.650670 0.521017 0.659449 0.471026 0.173974 -0.650670 0.526882 0.659055 0.469780 0.180321 -0.631341 0.530792 0.658661 0.468565 0.155409 -0.635185 0.539589 0.658243 0.467412 0.155409 -0.635185 0.546432 0.657751 0.466305 0.142806 -0.636882 0.549365 
0.659449 0.471026 0.173974 -0.650670 0.526882 0.659055 0.469780 0.180321 -0.631341 0.530792 0.658661 0.468565 0.155409 -0.635185 0.539589 0.658243 0.467412 0.155409 -0.635185 0.546432 0.657751 0.466305 0.142806 -0.636882 0.549365 0.657308 0.465274 0.142806 -0.636882 0.559140 
0.659055 0.469780 0.180321 -0.631341 0.530792 0.658661 0.468565 0.155409 -0.635185 0.539589 0.658243 0.467412 0.155409 -0.635185 0.546432 0.657751 0.466305 0.142806 -0.636882 0.549365 0.657308 0.465274 0.142806 -0.636882 0.559140 0.656841 0.464259 0.142806 -0.636882 0.563050 
0.658661 0.468565 0.155409 -0.635185 0.539589 0.658243 0.467412 0.155409 -0.635185 0.546432 0.657751 0.466305 0.142806 -0.636882 0.549365 0.657308 0.465274 0.142806 -0.636882 0.559140 0.656841 0.464259 0.142806 -0.636882 0.563050 0.656398 0.463244 0.125500 -0.621056 0.564027 
0.658243 0.467412 0.155409 -0.635185 0.546432 0.657751 0.466305 0.142806 -0.636882 0.549365 0.657308 0.465274 0.142806 -0.636882 0.559140 0.656841 0.464259 0.142806 -0.636882 0.563050 0.656398 0.463244 0.125500 -0.621056 0.564027 0.656029 0.462260 0.125500 -0.621056 0.576735 
0.657751 0.466305 0.142806 -0.636882 0.549365 0.657308 0.465274 0.142806 -0.636882 0.559140 0.656841 0.464259 0.142806 -0.636882 0.563050 0.656398 0.463244 0.125500 -0.621056 0.564027 0.656029 0.462260 0.125500 -0.621056 0.576735 0.655709 0.461291 0.100773 -0.623675 0.583578 
0.657308 0.465274 0.142806 -0.636882 0.559140 0.656841 0.464259 0.142806 -0.636882 0.563050 0.656398 0.463244 0.125500 -0.621056 0.564027 0.656029 0.462260 0.125500 -0.621056 0.576735 0.655709 0.461291 0.100773 -0.623675 0.583578 0.655389 0.460292 0.100773 -0.623675 0.595308 
0.656841 0.464259 0.142806 -0.636882 0.563050 0.656398 0.463244 0.125500 -0.621056 0.564027 0.656029 0.462260 0.125500 -0.621056 0.576735 0.655709 0.461291 0.100773 -0.623675 0.583578 0.655389 0.460292 0.100773 -0.623675 0.595308 0.655093 0.459246 0.100773 -0.623675 0.601173 
0.656398 0.463244 0.125500 -0.621056 0.564027 0.656029 0.462260 0.125500 -0.621056 0.576735 0.655709 0.461291 0.100773 -0.623675 0.583578 0.655389 0.460292 0.100773 -0.623675 0.595308 0.655093 0.459246 0.100773 -0.623675 0.601173 0.654823 0.458169 0.100773 -0.623675 0.611926 
0.656029 0.462260 0.125500 -0.621056 0.576735 0.655709 0.461291 0.100773 -0.623675 0.583578 0.655389 0.460292 0.100773 -0.623675 0.595308 0.655093 0.459246 0.100773 -0.623675 0.601173 0.654823 0.458169 0.100773 -0.623675 0.611926 0.654528 0.457047 0.100773 -0.623675 0.627566 
0.655709 0.461291 0.100773 -0.623675 0.583578 0.655389 0.460292 0.100773 -0.623675 0.595308 0.655093 0.459246 0.100773 -0.623675 0.601173 0.654823 0.458169 0.100773 -0.623675 0.611926 0.654528 0.457047 0.100773 -0.623675 0.627566 0.654282 0.455909 0.088313 -0.624765 0.642229 
0.655389 0.460292 0.100773 -0.623675 0.595308 0.655093 0.459246 0.100773 -0.623675 0.601173 0.654823 0.458169 0.100773 -0.623675 0.611926 0.654528 0.457047 0.100773 -0.623675 0.627566 0.654282 0.455909 0.088313 -0.624765 0.642229 0.654035 0.454786 0.088313 -0.624765 0.662757 
0.655093 0.459246 0.100773 -0.623675 0.601173 0.654823 0.458169 0.100773 -0.623675 0.611926 0.654528 0.457047 0.100773 -0.623675 0.627566 0.654282 0.455909 0.088313 -0.624765 0.642229 0.654035 0.454786 0.088313 -0.624765 0.662757 0.653789 0.453648 0.088313 -0.624765 0.680352 
0.654823 0.458169 0.100773 -0.623675 0.611926 0.654528 0.457047 0.100773 -0.623675 0.627566 0.654282 0.455909 0.088313 -0.624765 0.642229 0.654035 0.454786 0.088313 -0.624765 0.662757 0.653789 0.453648 0.088313 -0.624765 0.680352 0.653568 0.452525 0.088313 -0.624765 0.680352 
0.654528 0.457047 0.100773 -0.623675 0.627566 0.654282 0.455909 0.088313 -0.624765 0.642229 0.654035 0.454786 0.088313 -0.624765 0.662757 0.653789 0.453648 0.088313 -0.624765 0.680352 0.653568 0.452525 0.088313 -0.624765 0.680352 0.653346 0.451403 0.088313 -0.624765 0.686217 
0.654282 0.455909 0.088313 -0.624765 0.642229 0.654035 0.454786 0.088313 -0.624765 0.662757 0.653789 0.453648 0.088313 -0.624765 0.680352 0.653568 0.452525 0.088313 -0.624765 0.680352 0.653346 0.451403 0.088313 -0.624765 0.686217 0.653150 0.450295 0.088313 -0.624765 0.692082 
0.654035 0.454786 0.088313 -0.624765 0.662757 0.653789 0.453648 0.088313 -0.624765 0.680352 0.653568 0.452525 0.088313 -0.624765 0.680352 0.653346 0.451403 0.088313 -0.624765 0.686217 0.653150 0.450295 0.088313 -0.624765 0.692082 0.652977 0.449188 0.073061 -0.608287 0.693060 
0.653789 0.453648 0.088313 -0.624765 0.680352 0.653568 0.452525 0.088313 -0.624765 0.680352 0.653346 0.451403 0.088313 -0.624765 0.686217 0.653150 0.450295 0.088313 -0.624765 0.692082 0.652977 0.449188 0.073061 -0.608287 0.693060 0.652854 0.448096 0.073061 -0.608287 0.698925 
0.653568 0.452525 0.088313 -0.624765 0.680352 0.653346 0.451403 0.088313 -0.624765 0.686217 0.653150 0.450295 0.088313 -0.624765 0.692082 0.652977 0.449188 0.073061 -0.608287 0.693060 0.652854 0.448096 0.073061 -0.608287 0.698925 0.652658 0.447004 0.073061 -0.608287 0.699902 
0.653346 0.451403 0.088313 -0.624765 0.686217 0.653150 0.450295 0.088313 -0.624765 0.692082 0.652977 0.449188 0.073061 -0.608287 0.693060 0.652854 0.448096 0.073061 -0.608287 0.698925 0.652658 0.447004 0.073061 -0.608287 0.699902 0.652485 0.445928 0.073061 -0.608287 0.699902 
0.653150 0.450295 0.088313 -0.624765 0.692082 0.652977 0.449188 0.073061 -0.608287 0.693060 0.652854 0.448096 0.073061 -0.608287 0.698925 0.652658 0.447004 0.073061 -0.608287 0.699902 0.652485 0.445928 0.073061 -0.608287 0.699902 0.652264 0.444897 0.073061 -0.608287 0.706745 
0.652977 0.449188 0.073061 -0.608287 0.693060 0.652854 0.448096 0.073061 -0.608287 0.698925 0.652658 0.447004 0.073061 -0.608287 0.699902 0.652485 0.445928 0.073061 -0.608287 0.699902 0.652264 0.444897 0.073061 -0.608287 0.706745 0.652067 0.443898 0.073061 -0.608287 0.715542 
0.652854 0.448096 0.073061 -0.608287 0.698925 0.652658 0.447004 0.073061 -0.608287 0.699902 0.652485 0.445928 0.073061 -0.608287 0.699902 0.652264 0.444897 0.073061 -0.608287 0.706745 0.652067 0.443898 0.073061 -0.608287 0.715542 0.651870 0.442898 0.073061 -0.608287 0.718475 
0.652658 0.447004 0.073061 -0.608287 0.699902 0.652485 0.445928 0.073061 -0.608287 0.699902 0.652264 0.444897 0.073061 -0.608287 0.706745 0.652067 0.443898 0.073061 -0.608287 0.715542 0.651870 0.442898 0.073061 -0.608287 0.718475 0.651673 0.441945 0.073061 -0.608287 0.718475 
0.652485 0.445928 0.073061 -0.608287 0.699902 0.652264 0.444897 0.073061 -0.608287 0.706745 0.652067 0.443898 0.073061 -0.608287 0.715542 0.651870 0.442898 0.073061 -0.608287 0.718475 0.651673 0.441945 0.073061 -0.608287 0.718475 0.651452 0.440945 0.048805 -0.609720 0.723363 
0.652264 0.444897 0.073061 -0.608287 0.706745 0.652067 0.443898 0.073061 -0.608287 0.715542 0.651870 0.442898 0.073061 -0.608287 0.718475 0.651673 0.441945 0.073061 -0.608287 0.718475 0.651452 0.440945 0.048805 -0.609720 0.723363 0.651230 0.439945 0.048805 -0.609720 0.729228 
0.652067 0.443898 0.073061 -0.608287 0.715542 0.651870 0.442898 0.073061 -0.608287 0.718475 0.651673 0.441945 0.073061 -0.608287 0.718475 0.651452 0.440945 0.048805 -0.609720 0.723363 0.651230 0.439945 0.048805 -0.609720 0.729228 0.651058 0.438992 0.048805 -0.609720 0.738025 
0.651870 0.442898 0.073061 -0.608287 0.718475 0.651673 0.441945 0.073061 -0.608287 0.718475 0.651452 0.440945 0.048805 -0.609720 0.723363 0.651230 0.439945 0.048805 -0.609720 0.729228 0.651058 0.438992 0.048805 -0.609720 0.738025 0.650886 0.438084 0.048805 -0.609720 0.741935 
0.651673 0.441945 0.073061 -0.608287 0.718475 0.651452 0.440945 0.048805 -0.609720 0.723363 0.651230 0.439945 0.048805 -0.609720 0.729228 0.651058 0.438992 0.048805 -0.609720 0.738025 0.650886 0.438084 0.048805 -0.609720 0.741935 0.650664 0.437131 0.048805 -0.609720 0.744868 
0.651452 0.440945 0.048805 -0.609720 0.723363 0.651230 0.439945 0.048805 -0.609720 0.729228 0.651058 0.438992 0.048805 -0.609720 0.738025 0.650886 0.438084 0.048805 -0.609720 0.741935 0.650664 0.437131 0.048805 -0.609720 0.744868 0.650468 0.436147 0.048805 -0.609720 0.746823 
0.651230 0.439945 0.048805 -0.609720 0.729228 0.651058 0.438992 0.048805 -0.609720 0.738025 0.650886 0.438084 0.048805 -0.609720 0.741935 0.650664 0.437131 0.048805 -0.609720 0.744868 0.650468 0.436147 0.048805 -0.609720 0.746823 0.650246 0.435224 0.036630 -0.610221 0.751711 
0.651058 0.438992 0.048805 -0.609720 0.738025 0.650886 0.438084 0.048805 -0.609720 0.741935 0.650664 0.437131 0.048805 -0.609720 0.744868 0.650468 0.436147 0.048805 -0.609720 0.746823 0.650246 0.435224 0.036630 -0.610221 0.751711 0.650049 0.434301 0.036630 -0.610221 0.754643 
0.650886 0.438084 0.048805 -0.609720 0.741935 0.650664 0.437131 0.048805 -0.609720 0.744868 0.650468 0.436147 0.048805 -0.609720 0.746823 0.650246 0.435224 0.036630 -0.610221 0.751711 0.650049 0.434301 0.036630 -0.610221 0.754643 0.649877 0.433440 0.036630 -0.610221 0.759531 
0.650664 0.437131 0.048805 -0.609720 0.744868 0.650468 0.436147 0.048805 -0.609720 0.746823 0.650246 0.435224 0.036630 -0.610221 0.751711 0.650049 0.434301 0.036630 -0.610221 0.754643 0.649877 0.433440 0.036630 -0.610221 0.759531 0.649705 0.432671 0.036630 -0.610221 0.757576 
0.650468 0.436147 0.048805 -0.609720 0.746823 0.650246 0.435224 0.036630 -0.610221 0.751711 0.650049 0.434301 0.036630 -0.610221 0.754643 0.649877 0.433440 0.036630 -0.610221 0.759531 0.649705 0.432671 0.036630 -0.610221 0.757576 0.649532 0.431856 0.012220 -0.610794 0.754643 
0.650246 0.435224 0.036630 -0.610221 0.751711 0.650049 0.434301 0.036630 -0.610221 0.754643 0.649877 0.433440 0.036630 -0.610221 0.759531 0.649705 0.432671 0.036630 -0.610221 0.757576 0.649532 0.431856 0.012220 -0.610794 0.754643 0.649336 0.431025 0.012220 -0.610794 0.752688 
0.650049 0.434301 0.036630 -0.610221 0.754643 0.649877 0.433440 0.036630 -0.610221 0.759531 0.649705 0.432671 0.036630 -0.610221 0.757576 0.649532 0.431856 0.012220 -0.610794 0.754643 0.649336 0.431025 0.012220 -0.610794 0.752688 0.649188 0.430226 0.012220 -0.610794 0.751711 
0.649877 0.433440 0.036630 -0.610221 0.759531 0.649705 0.432671 0.036630 -0.610221 0.757576 0.649532 0.431856 0.012220 -0.610794 0.754643 0.649336 0.431025 0.012220 -0.610794 0.752688 0.649188 0.430226 0.012220 -0.610794 0.751711 0.649040 0.429426 0.000000 -0.610865 0.751711 
0.649705 0.432671 0.036630 -0.610221 0.757576 0.649532 0.431856 0.012220 -0.610794 0.754643 0.649336 0.431025 0.012220 -0.610794 0.752688 0.649188 0.430226 0.012220 -0.610794 0.751711 0.649040 0.429426 0.000000 -0.610865 0.751711 0.648893 0.428642 0.000000 -0.610865 0.755621 
0.649532 0.431856 0.012220 -0.610794 0.754643 0.649336 0.431025 0.012220 -0.610794 0.752688 0.649188 0.430226 0.012220 -0.610794 0.751711 0.649040 0.429426 0.000000 -0.610865 0.751711 0.648893 0.428642 0.000000 -0.610865 0.755621 0.648745 0.427842 0.000000 -0.610865 0.751711 
0.649336 0.431025 0.012220 -0.610794 0.752688 0.649188 0.430226 0.012220 -0.610794 0.751711 0.649040 0.429426 0.000000 -0.610865 0.751711 0.648893 0.428642 0.000000 -0.610865 0.755621 0.648745 0.427842 0.000000 -0.610865 0.751711 0.648622 0.427073 0.000000 -0.610865 0.756598 
0.649188 0.430226 0.012220 -0.610794 0.751711 0.649040 0.429426 0.000000 -0.610865 0.751711 0.648893 0.428642 0.000000 -0.610865 0.755621 0.648745 0.427842 0.000000 -0.610865 0.751711 0.648622 0.427073 0.000000 -0.610865 0.756598 0.648474 0.426273 0.000000 -0.610865 0.758553 
0.649040 0.429426 0.000000 -0.610865 0.751711 0.648893 0.428642 0.000000 -0.610865 0.755621 0.648745 0.427842 0.000000 -0.610865 0.751711 0.648622 0.427073 0.000000 -0.610865 0.756598 0.648474 0.426273 0.000000 -0.610865 0.758553 0.648351 0.425443 0.000000 -0.610865 0.763441 
0.648893 0.428642 0.000000 -0.610865 0.755621 0.648745 0.427842 0.000000 -0.610865 0.751711 0.648622 0.427073 0.000000 -0.610865 0.756598 0.648474 0.426273 0.000000 -0.610865 0.758553 0.648351 0.425443 0.000000 -0.610865 0.763441 0.648253 0.424659 0.000000 -0.610865 0.764418 
0.648745 0.427842 0.000000 -0.610865 0.751711 0.648622 0.427073 0.000000 -0.610865 0.756598 0.648474 0.426273 0.000000 -0.610865 0.758553 0.648351 0.425443 0.000000 -0.610865 0.763441 0.648253 0.424659 0.000000 -0.610865 0.764418 0.648154 0.423905 0.000000 -0.593412 0.764418 
0.648622 0.427073 0.000000 -0.610865 0.756598 0.648474 0.426273 0.000000 -0.610865 0.758553 0.648351 0.425443 0.000000 -0.610865 0.763441 0.648253 0.424659 0.000000 -0.610865 0.764418 0.648154 0.423905 0.000000 -0.593412 0.764418 0.648105 0.423151 0.000000 -0.593412 0.766373 
0.648474 0.426273 0.000000 -0.610865 0.758553 0.648351 0.425443 0.000000 -0.610865 0.763441 0.648253 0.424659 0.000000 -0.610865 0.764418 0.648154 0.423905 0.000000 -0.593412 0.764418 0.648105 0.423151 0.000000 -0.593412 0.766373 0.648081 0.422398 0.000000 -0.593412 0.771261 
0.648351 0.425443 0.000000 -0.610865 0.763441 0.648253 0.424659 0.000000 -0.610865 0.764418 0.648154 0.423905 0.000000 -0.593412 0.764418 0.648105 0.423151 0.000000 -0.593412 0.766373 0.648081 0.422398 0.000000 -0.593412 0.771261 0.648056 0.421675 0.000000 -0.593412 0.772238 
0.648253 0.424659 0.000000 -0.610865 0.764418 0.648154 0.423905 0.000000 -0.593412 0.764418 0.648105 0.423151 0.000000 -0.593412 0.766373 0.648081 0.422398 0.000000 -0.593412 0.771261 0.648056 0.421675 0.000000 -0.593412 0.772238 0.648007 0.420968 0.000000 -0.593412 0.778104 
0.648154 0.423905 0.000000 -0.593412 0.764418 0.648105 0.423151 0.000000 -0.593412 0.766373 0.648081 0.422398 0.000000 -0.593412 0.771261 0.648056 0.421675 0.000000 -0.593412 0.772238 0.648007 0.420968 0.000000 -0.593412 0.778104 0.647982 0.420306 0.000000 -0.593412 0.780059 
0.648105 0.423151 0.000000 -0.593412 0.766373 0.648081 0.422398 0.000000 -0.593412 0.771261 0.648056 0.421675 0.000000 -0.593412 0.772238 0.648007 0.420968 0.000000 -0.593412 0.778104 0.647982 0.420306 0.000000 -0.593412 0.780059 0.647958 0.419737 0.000000 -0.593412 0.782014 
0.648081 0.422398 0.000000 -0.593412 0.771261 0.648056 0.421675 0.000000 -0.593412 0.772238 0.648007 0.420968 0.000000 -0.593412 0.778104 0.647982 0.420306 0.000000 -0.593412 0.780059 0.647958 0.419737 0.000000 -0.593412 0.782014 0.647908 0.419184 0.000000 -0.593412 0.786901 
0.648056 0.421675 0.000000 -0.593412 0.772238 0.648007 0.420968 0.000000 -0.593412 0.778104 0.647982 0.420306 0.000000 -0.593412 0.780059 0.647958 0.419737 0.000000 -0.593412 0.782014 0.647908 0.419184 0.000000 -0.593412 0.786901 0.647884 0.418645 0.000000 -0.593412 0.789834 
0.648007 0.420968 0.000000 -0.593412 0.778104 0.647982 0.420306 0.000000 -0.593412 0.780059 0.647958 0.419737 0.000000 -0.593412 0.782014 0.647908 0.419184 0.000000 -0.593412 0.786901 0.647884 0.418645 0.000000 -0.593412 0.789834 0.647835 0.418123 0.000000 -0.593412 0.792766 
0.647982 0.420306 0.000000 -0.593412 0.780059 0.647958 0.419737 0.000000 -0.593412 0.782014 0.647908 0.419184 0.000000 -0.593412 0.786901 0.647884 0.418645 0.000000 -0.593412 0.789834 0.647835 0.418123 0.000000 -0.593412 0.792766 0.647736 0.417630 0.000000 -0.593412 0.791789 
0.647958 0.419737 0.000000 -0.593412 0.782014 0.647908 0.419184 0.000000 -0.593412 0.786901 0.647884 0.418645 0.000000 -0.593412 0.789834 0.647835 0.418123 0.000000 -0.593412 0.792766 0.647736 0.417630 0.000000 -0.593412 0.791789 0.647638 0.417092 0.000000 -0.593412 0.790811 
0.647908 0.419184 0.000000 -0.593412 0.786901 0.647884 0.418645 0.000000 -0.593412 0.789834 0.647835 0.418123 0.000000 -0.593412 0.792766 0.647736 0.417630 0.000000 -0.593412 0.791789 0.647638 0.417092 0.000000 -0.593412 0.790811 0.647515 0.416569 0.000000 -0.593412 0.791789 
0.647884 0.418645 0.000000 -0.593412 0.789834 0.647835 0.418123 0.000000 -0.593412 0.792766 0.647736 0.417630 0.000000 -0.593412 0.791789 0.647638 0.417092 0.000000 -0.593412 0.790811 0.647515 0.416569 0.000000 -0.593412 0.791789 0.647392 0.416092 0.000000 -0.593412 0.790811 
0.647835 0.418123 0.000000 -0.593412 0.792766 0.647736 0.417630 0.000000 -0.593412 0.791789 0.647638 0.417092 0.000000 -0.593412 0.790811 0.647515 0.416569 0.000000 -0.593412 0.791789 0.647392 0.416092 0.000000 -0.593412 0.790811 0.647293 0.415631 0.000000 -0.593412 0.793744 
0.647736 0.417630 0.000000 -0.593412 0.791789 0.647638 0.417092 0.000000 -0.593412 0.790811 0.647515 0.416569 0.000000 -0.593412 0.791789 0.647392 0.416092 0.000000 -0.593412 0.790811 0.647293 0.415631 0.000000 -0.593412 0.793744 0.647170 0.415154 0.000000 -0.593412 0.790811 
0.647638 0.417092 0.000000 -0.593412 0.790811 0.647515 0.416569 0.000000 -0.593412 0.791789 0.647392 0.416092 0.000000 -0.593412 0.790811 0.647293 0.415631 0.000000 -0.593412 0.793744 0.647170 0.415154 0.000000 -0.593412 0.790811 0.647047 0.414693 0.000000 -0.593412 0.789834 
0.647515 0.416569 0.000000 -0.593412 0.791789 0.647392 0.416092 0.000000 -0.593412 0.790811 0.647293 0.415631 0.000000 -0.593412 0.793744 0.647170 0.415154 0.000000 -0.593412 0.790811 0.647047 0.414693 0.000000 -0.593412 0.789834 0.646924 0.414232 0.000000 -0.593412 0.791789 
0.647392 0.416092 0.000000 -0.593412 0.790811 0.647293 0.415631 0.000000 -0.593412 0.793744 0.647170 0.415154 0.000000 -0.593412 0.790811 0.647047 0.414693 0.000000 -0.593412 0.789834 0.646924 0.414232 0.000000 -0.593412 0.791789 0.646826 0.413801 0.000000 -0.593412 0.790811 
0.647293 0.415631 0.000000 -0.593412 0.793744 0.647170 0.415154 0.000000 -0.593412 0.790811 0.647047 0.414693 0.000000 -0.593412 0.789834 0.646924 0.414232 0.000000 -0.593412 0.791789 0.646826 0.413801 0.000000 -0.593412 0.790811 0.646752 0.413417 0.000000 -0.593412 0.790811 
0.647170 0.415154 0.000000 -0.593412 0.790811 0.647047 0.414693 0.000000 -0.593412 0.789834 0.646924 0.414232 0.000000 -0.593412 0.791789 0.646826 0.413801 0.000000 -0.593412 0.790811 0.646752 0.413417 0.000000 -0.593412 0.790811 0.646703 0.413017 0.000000 -0.593412 0.791789 
0.647047 0.414693 0.000000 -0.593412 0.789834 0.646924 0.414232 0.000000 -0.593412 0.791789 0.646826 0.413801 0.000000 -0.593412 0.790811 0.646752 0.413417 0.000000 -0.593412 0.790811 0.646703 0.413017 0.000000 -0.593412 0.791789 0.646629 0.412586 0.000000 -0.593412 0.794721 
0.646924 0.414232 0.000000 -0.593412 0.791789 0.646826 0.413801 0.000000 -0.593412 0.790811 0.646752 0.413417 0.000000 -0.593412 0.790811 0.646703 0.413017 0.000000 -0.593412 0.791789 0.646629 0.412586 0.000000 -0.593412 0.794721 0.646580 0.412140 0.000000 -0.593412 0.793744 
0.646826 0.413801 0.000000 -0.593412 0.790811 0.646752 0.413417 0.000000 -0.593412 0.790811 0.646703 0.413017 0.000000 -0.593412 0.791789 0.646629 0.412586 0.000000 -0.593412 0.794721 0.646580 0.412140 0.000000 -0.593412 0.793744 0.646555 0.411663 0.000000 -0.593412 0.793744 
0.646752 0.413417 0.000000 -0.593412 0.790811 0.646703 0.413017 0.000000 -0.593412 0.791789 0.646629 0.412586 0.000000 -0.593412 0.794721 0.646580 0.412140 0.000000 -0.593412 0.793744 0.646555 0.411663 0.000000 -0.593412 0.793744 0.646506 0.411202 0.000000 -0.593412 0.793744 
0.646703 0.413017 0.000000 -0.593412 0.791789 0.646629 0.412586 0.000000 -0.593412 0.794721 0.646580 0.412140 0.000000 -0.593412 0.793744 0.646555 0.411663 0.000000 -0.593412 0.793744 0.646506 0.411202 0.000000 -0.593412 0.793744 0.646457 0.410741 -0.011771 -0.593341 0.790811 
0.646629 0.412586 0.000000 -0.593412 0.794721 0.646580 0.412140 0.000000 -0.593412 0.793744 0.646555 0.411663 0.000000 -0.593412 0.793744 0.646506 0.411202 0.000000 -0.593412 0.793744 0.646457 0.410741 -0.011771 -0.593341 0.790811 0.646407 0.410233 -0.011771 -0.593341 0.792766 
0.646580 0.412140 0.000000 -0.593412 0.793744 0.646555 0.411663 0.000000 -0.593412 0.793744 0.646506 0.411202 0.000000 -0.593412 0.793744 0.646457 0.410741 -0.011771 -0.593341 0.790811 0.646407 0.410233 -0.011771 -0.593341 0.792766 0.646383 0.409741 -0.011771 -0.593341 0.791789 
0.646555 0.411663 0.000000 -0.593412 0.793744 0.646506 0.411202 0.000000 -0.593412 0.793744 0.646457 0.410741 -0.011771 -0.593341 0.790811 0.646407 0.410233 -0.011771 -0.593341 0.792766 0.646383 0.409741 -0.011771 -0.593341 0.791789 0.646334 0.409280 -0.011771 -0.593341 0.790811 
0.646506 0.411202 0.000000 -0.593412 0.793744 0.646457 0.410741 -0.011771 -0.593341 0.790811 0.646407 0.410233 -0.011771 -0.593341 0.792766 0.646383 0.409741 -0.011771 -0.593341 0.791789 0.646334 0.409280 -0.011771 -0.593341 0.790811 0.646309 0.408834 -0.011771 -0.593341 0.790811 
0.646457 0.410741 -0.011771 -0.593341 0.790811 0.646407 0.410233 -0.011771 -0.593341 0.792766 0.646383 0.409741 -0.011771 -0.593341 0.791789 0.646334 0.409280 -0.011771 -0.593341 0.790811 0.646309 0.408834 -0.011771 -0.593341 0.790811 0.646284 0.408418 -0.011771 -0.593341 0.786901 
0.646407 0.410233 -0.011771 -0.593341 0.792766 0.646383 0.409741 -0.011771 -0.593341 0.791789 0.646334 0.409280 -0.011771 -0.593341 0.790811 0.646309 0.408834 -0.011771 -0.593341 0.790811 0.646284 0.408418 -0.011771 -0.593341 0.786901 0.646260 0.408003 -0.011771 -0.593341 0.793744 
0.646383 0.409741 -0.011771 -0.593341 0.791789 0.646334 0.409280 -0.011771 -0.593341 0.790811 0.646309 0.408834 -0.011771 -0.593341 0.790811 0.646284 0.408418 -0.011771 -0.593341 0.786901 0.646260 0.408003 -0.011771 -0.593341 0.793744 0.646235 0.407573 -0.011771 -0.593341 0.795699 
0.646334 0.409280 -0.011771 -0.593341 0.790811 0.646309 0.408834 -0.011771 -0.593341 0.790811 0.646284 0.408418 -0.011771 -0.593341 0.786901 0.646260 0.408003 -0.011771 -0.593341 0.793744 0.646235 0.407573 -0.011771 -0.593341 0.795699 0.646235 0.407173 -0.011771 -0.593341 0.796676 
0.646309 0.408834 -0.011771 -0.593341 0.790811 0.646284 0.408418 -0.011771 -0.593341 0.786901 0.646260 0.408003 -0.011771 -0.593341 0.793744 0.646235 0.407573 -0.011771 -0.593341 0.795699 0.646235 0.407173 -0.011771 -0.593341 0.796676 0.646211 0.406834 -0.011771 -0.593341 0.797654 
0.646284 0.408418 -0.011771 -0.593341 0.786901 0.646260 0.408003 -0.011771 -0.593341 0.793744 0.646235 0.407573 -0.011771 -0.593341 0.795699 0.646235 0.407173 -0.011771 -0.593341 0.796676 0.646211 0.406834 -0.011771 -0.593341 0.797654 0.646186 0.406496 -0.011771 -0.593341 0.797654 
0.646260 0.408003 -0.011771 -0.593341 0.793744 0.646235 0.407573 -0.011771 -0.593341 0.795699 0.646235 0.407173 -0.011771 -0.593341 0.796676 0.646211 0.406834 -0.011771 -0.593341 0.797654 0.646186 0.406496 -0.011771 -0.593341 0.797654 0.646161 0.406158 -0.011771 -0.593341 0.799609 
0.646235 0.407573 -0.011771 -0.593341 0.795699 0.646235 0.407173 -0.011771 -0.593341 0.796676 0.646211 0.406834 -0.011771 -0.593341 0.797654 0.646186 0.406496 -0.011771 -0.593341 0.797654 0.646161 0.406158 -0.011771 -0.593341 0.799609 0.646112 0.405819 -0.011771 -0.593341 0.801564 
0.646235 0.407173 -0.011771 -0.593341 0.796676 0.646211 0.406834 -0.011771 -0.593341 0.797654 0.646186 0.406496 -0.011771 -0.593341 0.797654 0.646161 0.406158 -0.011771 -0.593341 0.799609 0.646112 0.405819 -0.011771 -0.593341 0.801564 0.646063 0.405496 -0.011771 -0.593341 0.798631 
0.646211 0.406834 -0.011771 -0.593341 0.797654 0.646186 0.406496 -0.011771 -0.593341 0.797654 0.646161 0.406158 -0.011771 -0.593341 0.799609 0.646112 0.405819 -0.011771 -0.593341 0.801564 0.646063 0.405496 -0.011771 -0.593341 0.798631 0.645989 0.405189 -0.011771 -0.593341 0.799609 
0.646186 0.406496 -0.011771 -0.593341 0.797654 0.646161 0.406158 -0.011771 -0.593341 0.799609 0.646112 0.405819 -0.011771 -0.593341 0.801564 0.646063 0.405496 -0.011771 -0.593341 0.798631 0.645989 0.405189 -0.011771 -0.593341 0.799609 0.645965 0.404881 -0.011771 -0.593341 0.798631 
0.646161 0.406158 -0.011771 -0.593341 0.799609 0.646112 0.405819 -0.011771 -0.593341 0.801564 0.646063 0.405496 -0.011771 -0.593341 0.798631 0.645989 0.405189 -0.011771 -0.593341 0.799609 0.645965 0.404881 -0.011771 -0.593341 0.798631 0.645915 0.404604 -0.011771 -0.593341 0.796676 
0.646112 0.405819 -0.011771 -0.593341 0.801564 0.646063 0.405496 -0.011771 -0.593341 0.798631 0.645989 0.405189 -0.011771 -0.593341 0.799609 0.645965 0.404881 -0.011771 -0.593341 0.798631 0.645915 0.404604 -0.011771 -0.593341 0.796676 0.645842 0.404358 -0.011771 -0.593341 0.795699 
0.646063 0.405496 -0.011771 -0.593341 0.798631 0.645989 0.405189 -0.011771 -0.593341 0.799609 0.645965 0.404881 -0.011771 -0.593341 0.798631 0.645915 0.404604 -0.011771 -0.593341 0.796676 0.645842 0.404358 -0.011771 -0.593341 0.795699 0.645768 0.404128 -0.011771 -0.593341 0.792766 
0.645989 0.405189 -0.011771 -0.593341 0.799609 0.645965 0.404881 -0.011771 -0.593341 0.798631 0.645915 0.404604 -0.011771 -0.593341 0.796676 0.645842 0.404358 -0.011771 -0.593341 0.795699 0.645768 0.404128 -0.011771 -0.593341 0.792766 0.645743 0.403928 -0.011771 -0.593341 0.788856 
0.645965 0.404881 -0.011771 -0.593341 0.798631 0.645915 0.404604 -0.011771 -0.593341 0.796676 0.645842 0.404358 -0.011771 -0.593341 0.795699 0.645768 0.404128 -0.011771 -0.593341 0.792766 0.645743 0.403928 -0.011771 -0.593341 0.788856 0.645718 0.403759 -0.011771 -0.593341 0.786901 
0.645915 0.404604 -0.011771 -0.593341 0.796676 0.645842 0.404358 -0.011771 -0.593341 0.795699 0.645768 0.404128 -0.011771 -0.593341 0.792766 0.645743 0.403928 -0.011771 -0.593341 0.788856 0.645718 0.403759 -0.011771 -0.593341 0.786901 0.645669 0.403636 -0.011771 -0.593341 0.782014 
0.645842 0.404358 -0.011771 -0.593341 0.795699 0.645768 0.404128 -0.011771 -0.593341 0.792766 0.645743 0.403928 -0.011771 -0.593341 0.788856 0.645718 0.403759 -0.011771 -0.593341 0.786901 0.645669 0.403636 -0.011771 -0.593341 0.782014 0.645645 0.403559 -0.035286 -0.592776 0.773216 
0.645768 0.404128 -0.011771 -0.593341 0.792766 0.645743 0.403928 -0.011771 -0.593341 0.788856 0.645718 0.403759 -0.011771 -0.593341 0.786901 0.645669 0.403636 -0.011771 -0.593341 0.782014 0.645645 0.403559 -0.035286 -0.592776 0.773216 0.645620 0.403513 -0.035286 -0.592776 0.766373 
0.645743 0.403928 -0.011771 -0.593341 0.788856 0.645718 0.403759 -0.011771 -0.593341 0.786901 0.645669 0.403636 -0.011771 -0.593341 0.782014 0.645645 0.403559 -0.035286 -0.592776 0.773216 0.645620 0.403513 -0.035286 -0.592776 0.766373 0.645571 0.403497 -0.035286 -0.592776 0.760508 
0.645718 0.403759 -0.011771 -0.593341 0.786901 0.645669 0.403636 -0.011771 -0.593341 0.782014 0.645645 0.403559 -0.035286 -0.592776 0.773216 0.645620 0.403513 -0.035286 -0.592776 0.766373 0.645571 0.403497 -0.035286 -0.592776 0.760508 0.645546 0.403497 -0.035286 -0.592776 0.752688 
0.645669 0.403636 -0.011771 -0.593341 0.782014 0.645645 0.403559 -0.035286 -0.592776 0.773216 0.645620 0.403513 -0.035286 -0.592776 0.766373 0.645571 0.403497 -0.035286 -0.592776 0.760508 0.645546 0.403497 -0.035286 -0.592776 0.752688 0.645546 0.403482 -0.035286 -0.592776 0.739980 
0.645645 0.403559 -0.035286 -0.592776 0.773216 0.645620 0.403513 -0.035286 -0.592776 0.766373 0.645571 0.403497 -0.035286 -0.592776 0.760508 0.645546 0.403497 -0.035286 -0.592776 0.752688 0.645546 0.403482 -0.035286 -0.592776 0.739980 0.645522 0.403482 -0.035286 -0.592776 0.728250 
0.645620 0.403513 -0.035286 -0.592776 0.766373 0.645571 0.403497 -0.035286 -0.592776 0.760508 0.645546 0.403497 -0.035286 -0.592776 0.752688 0.645546 0.403482 -0.035286 -0.592776 0.739980 0.645522 0.403482 -0.035286 -0.592776 0.728250 0.645497 0.403482 -0.035286 -0.592776 0.635386 
0.645571 0.403497 -0.035286 -0.592776 0.760508 0.645546 0.403497 -0.035286 -0.592776 0.752688 0.645546 0.403482 -0.035286 -0.592776 0.739980 0.645522 0.403482 -0.035286 -0.592776 0.728250 0.645497 0.403482 -0.035286 -0.592776 0.635386 0.645472 0.403482 -0.035286 -0.592776 0.580645 
0.645546 0.403497 -0.035286 -0.592776 0.752688 0.645546 0.403482 -0.035286 -0.592776 0.739980 0.645522 0.403482 -0.035286 -0.592776 0.728250 0.645497 0.403482 -0.035286 -0.592776 0.635386 0.645472 0.403482 -0.035286 -0.592776 0.580645 0.645448 0.403466 -0.035286 -0.592776 0.560117 
0.645546 0.403482 -0.035286 -0.592776 0.739980 0.645522 0.403482 -0.035286 -0.592776 0.728250 0.645497 0.403482 -0.035286 -0.592776 0.635386 0.645472 0.403482 -0.035286 -0.592776 0.580645 0.645448 0.403466 -0.035286 -0.592776 0.560117 0.645423 0.403466 -0.035286 -0.592776 0.551320 
0.645522 0.403482 -0.035286 -0.592776 0.728250 0.645497 0.403482 -0.035286 -0.592776 0.635386 0.645472 0.403482 -0.035286 -0.592776 0.580645 0.645448 0.403466 -0.035286 -0.592776 0.560117 0.645423 0.403466 -0.035286 -0.592776 0.551320 0.645399 0.403466 -0.035286 -0.592776 0.533724 
0.645497 0.403482 -0.035286 -0.592776 0.635386 0.645472 0.403482 -0.035286 -0.592776 0.580645 0.645448 0.403466 -0.035286 -0.592776 0.560117 0.645423 0.403466 -0.035286 -0.592776 0.551320 0.645399 0.403466 -0.035286 -0.592776 0.533724 0.645399 0.403451 -0.035286 -0.592776 0.485826 
0.645472 0.403482 -0.035286 -0.592776 0.580645 0.645448 0.403466 -0.035286 -0.592776 0.560117 0.645423 0.403466 -0.035286 -0.592776 0.551320 0.645399 0.403466 -0.035286 -0.592776 0.533724 0.645399 0.403451 -0.035286 -0.592776 0.485826 0.645399 0.403436 -0.035286 -0.592776 0.468231 
0.645448 0.403466 -0.035286 -0.592776 0.560117 0.645423 0.403466 -0.035286 -0.592776 0.551320 0.645399 0.403466 -0.035286 -0.592776 0.533724 0.645399 0.403451 -0.035286 -0.592776 0.485826 0.645399 0.403436 -0.035286 -0.592776 0.468231 0.645374 0.403420 -0.035286 -0.592776 0.456501 
0.645423 0.403466 -0.035286 -0.592776 0.551320 0.645399 0.403466 -0.035286 -0.592776 0.533724 0.645399 0.403451 -0.035286 -0.592776 0.485826 0.645399 0.403436 -0.035286 -0.592776 0.468231 0.645374 0.403420 -0.035286 -0.592776 0.456501 0.645349 0.403374 -0.035286 -0.592776 0.457478 
0.645399 0.403466 -0.035286 -0.592776 0.533724 0.645399 0.403451 -0.035286 -0.592776 0.485826 0.645399 0.403436 -0.035286 -0.592776 0.468231 0.645374 0.403420 -0.035286 -0.592776 0.456501 0.645349 0.403374 -0.035286 -0.592776 0.457478 0.645325 0.403297 -0.035286 -0.592776 0.458456 
0.645399 0.403451 -0.035286 -0.592776 0.485826 0.645399 0.403436 -0.035286 -0.592776 0.468231 0.645374 0.403420 -0.035286 -0.592776 0.456501 0.645349 0.403374 -0.035286 -0.592776 0.457478 0.645325 0.403297 -0.035286 -0.592776 0.458456 0.645251 0.403174 -0.035286 -0.592776 0.455523 
0.645399 0.403436 -0.035286 -0.592776 0.468231 0.645374 0.403420 -0.035286 -0.592776 0.456501 0.645349 0.403374 -0.035286 -0.592776 0.457478 0.645325 0.403297 -0.035286 -0.592776 0.458456 0.645251 0.403174 -0.035286 -0.592776 0.455523 0.645153 0.403005 -0.035286 -0.592776 0.453568 
0.645374 0.403420 -0.035286 -0.592776 0.456501 0.645349 0.403374 -0.035286 -0.592776 0.457478 0.645325 0.403297 -0.035286 -0.592776 0.458456 0.645251 0.403174 -0.035286 -0.592776 0.455523 0.645153 0.403005 -0.035286 -0.592776 0.453568 0.645079 0.402790 -0.035286 -0.592776 0.464321 
0.645349 0.403374 -0.035286 -0.592776 0.457478 0.645325 0.403297 -0.035286 -0.592776 0.458456 0.645251 0.403174 -0.035286 -0.592776 0.455523 0.645153 0.403005 -0.035286 -0.592776 0.453568 0.645079 0.402790 -0.035286 -0.592776 0.464321 0.644980 0.402559 -0.035286 -0.592776 0.475073 
0.645325 0.403297 -0.035286 -0.592776 0.458456 0.645251 0.403174 -0.035286 -0.592776 0.455523 0.645153 0.403005 -0.035286 -0.592776 0.453568 0.645079 0.402790 -0.035286 -0.592776 0.464321 0.644980 0.402559 -0.035286 -0.592776 0.475073 0.644857 0.402298 -0.035286 -0.592776 0.478983 
0.645251 0.403174 -0.035286 -0.592776 0.455523 0.645153 0.403005 -0.035286 -0.592776 0.453568 0.645079 0.402790 -0.035286 -0.592776 0.464321 0.644980 0.402559 -0.035286 -0.592776 0.475073 0.644857 0.402298 -0.035286 -0.592776 0.478983 0.644759 0.402005 -0.035286 -0.592776 0.483871 
0.645153 0.403005 -0.035286 -0.592776 0.453568 0.645079 0.402790 -0.035286 -0.592776 0.464321 0.644980 0.402559 -0.035286 -0.592776 0.475073 0.644857 0.402298 -0.035286 -0.592776 0.478983 0.644759 0.402005 -0.035286 -0.592776 0.483871 0.644636 0.401698 -0.035286 -0.592776 0.485826 
0.645079 0.402790 -0.035286 -0.592776 0.464321 0.644980 0.402559 -0.035286 -0.592776 0.475073 0.644857 0.402298 -0.035286 -0.592776 0.478983 0.644759 0.402005 -0.035286 -0.592776 0.483871 0.644636 0.401698 -0.035286 -0.592776 0.485826 0.644537 0.401375 -0.035286 -0.592776 0.491691 
0.644980 0.402559 -0.035286 -0.592776 0.475073 0.644857 0.402298 -0.035286 -0.592776 0.478983 0.644759 0.402005 -0.035286 -0.592776 0.483871 0.644636 0.401698 -0.035286 -0.592776 0.485826 0.644537 0.401375 -0.035286 -0.592776 0.491691 0.644414 0.401083 -0.035286 -0.592776 0.496579 
0.644857 0.402298 -0.035286 -0.592776 0.478983 0.644759 0.402005 -0.035286 -0.592776 0.483871 0.644636 0.401698 -0.035286 -0.592776 0.485826 0.644537 0.401375 -0.035286 -0.592776 0.491691 0.644414 0.401083 -0.035286 -0.592776 0.496579 0.644291 0.400775 -0.035286 -0.592776 0.503421 
0.644759 0.402005 -0.035286 -0.592776 0.483871 0.644636 0.401698 -0.035286 -0.592776 0.485826 0.644537 0.401375 -0.035286 -0.592776 0.491691 0.644414 0.401083 -0.035286 -0.592776 0.496579 0.644291 0.400775 -0.035286 -0.592776 0.503421 0.644119 0.400498 -0.035286 -0.592776 0.511241 
0.644636 0.401698 -0.035286 -0.592776 0.485826 0.644537 0.401375 -0.035286 -0.592776 0.491691 0.644414 0.401083 -0.035286 -0.592776 0.496579 0.644291 0.400775 -0.035286 -0.592776 0.503421 0.644119 0.400498 -0.035286 -0.592776 0.511241 0.643922 0.400206 -0.035286 -0.592776 0.520039 
0.644537 0.401375 -0.035286 -0.592776 0.491691 0.644414 0.401083 -0.035286 -0.592776 0.496579 0.644291 0.400775 -0.035286 -0.592776 0.503421 0.644119 0.400498 -0.035286 -0.592776 0.511241 0.643922 0.400206 -0.035286 -0.592776 0.520039 0.643775 0.399883 -0.035286 -0.592776 0.531769 
0.644414 0.401083 -0.035286 -0.592776 0.496579 0.644291 0.400775 -0.035286 -0.592776 0.503421 0.644119 0.400498 -0.035286 -0.592776 0.511241 0.643922 0.400206 -0.035286 -0.592776 0.520039 0.643775 0.399883 -0.035286 -0.592776 0.531769 0.643578 0.399560 -0.035286 -0.592776 0.541544 
0.644291 0.400775 -0.035286 -0.592776 0.503421 0.644119 0.400498 -0.035286 -0.592776 0.511241 0.643922 0.400206 -0.035286 -0.592776 0.520039 0.643775 0.399883 -0.035286 -0.592776 0.531769 0.643578 0.399560 -0.035286 -0.592776 0.541544 0.643356 0.399222 -0.047017 -0.592282 0.546432 
0.636688 0.392517 -0.011771 -0.593341 0.000000 0.636934 0.393716 -0.022660 -0.575680 0.000000 0.636934 0.395116 -0.020967 -0.540783 0.000000 0.636860 0.396730 -0.019343 -0.505887 0.000000 0.635999 0.398530 -0.017020 -0.453546 0.000000 0.634670 0.400483 -0.015537 -0.418653 0.000000 
0.636934 0.393716 -0.022660 -0.575680 0.000000 0.636934 0.395116 -0.020967 -0.540783 0.000000 0.636860 0.396730 -0.019343 -0.505887 0.000000 0.635999 0.398530 -0.017020 -0.453546 0.000000 0.634670 0.400483 -0.015537 -0.418653 0.000000 0.632800 0.402528 -0.020087 -0.366061 0.000000 
0.636934 0.395116 -0.020967 -0.540783 0.000000 0.636860 0.396730 -0.019343 -0.505887 0.000000 0.635999 0.398530 -0.017020 -0.453546 0.000000 0.634670 0.400483 -0.015537 -0.418653 0.000000 0.632800 0.402528 -0.020087 -0.366061 0.000000 0.630364 0.404651 -0.017003 -0.313756 0.000000 
0.636860 0.396730 -0.019343 -0.505887 0.000000 0.635999 0.398530 -0.017020 -0.453546 0.000000 0.634670 0.400483 -0.015537 -0.418653 0.000000 0.632800 0.402528 -0.020087 -0.366061 0.000000 0.630364 0.404651 -0.017003 -0.313756 0.000000 0.628273 0.406850 0.000000 -0.261799 0.000000 
0.635999 0.398530 -0.017020 -0.453546 0.000000 0.634670 0.400483 -0.015537 -0.418653 0.000000 0.632800 0.402528 -0.020087 -0.366061 0.000000 0.630364 0.404651 -0.017003 -0.313756 0.000000 0.628273 0.406850 0.000000 -0.261799 0.000000 0.625910 0.409018 0.000000 -0.209440 0.000000 
0.622220 0.399099 0.101242 -0.570314 0.000000 0.622736 0.399283 0.116596 -0.586335 0.000000 0.623401 0.399468 0.125500 -0.621056 0.000000 0.624139 0.399606 0.117340 -0.639828 0.000000 0.624951 0.399745 0.121617 -0.657224 0.000000 0.625443 0.399914 0.126007 -0.674628 0.000000 
0.622736 0.399283 0.116596 -0.586335 0.000000 0.623401 0.399468 0.125500 -0.621056 0.000000 0.624139 0.399606 0.117340 -0.639828 0.000000 0.624951 0.399745 0.121617 -0.657224 0.000000 0.625443 0.399914 0.126007 -0.674628 0.000000 0.625960 0.399975 0.116254 -0.693320 0.000000 
0.623401 0.399468 0.125500 -0.621056 0.000000 0.624139 0.399606 0.117340 -0.639828 0.000000 0.624951 0.399745 0.121617 -0.657224 0.000000 0.625443 0.399914 0.126007 -0.674628 0.000000 0.625960 0.399975 0.116254 -0.693320 0.000000 0.626501 0.400037 0.116254 -0.693320 0.000000 
0.624139 0.399606 0.117340 -0.639828 0.000000 0.624951 0.399745 0.121617 -0.657224 0.000000 0.625443 0.399914 0.126007 -0.674628 0.000000 0.625960 0.399975 0.116254 -0.693320 0.000000 0.626501 0.400037 0.116254 -0.693320 0.000000 0.627042 0.400052 0.120396 -0.710746 0.000000 
0.624951 0.399745 0.121617 -0.657224 0.000000 0.625443 0.399914 0.126007 -0.674628 0.000000 0.625960 0.399975 0.116254 -0.693320 0.000000 0.626501 0.400037 0.116254 -0.693320 0.000000 0.627042 0.400052 0.120396 -0.710746 0.000000 0.627633 0.400068 0.120396 -0.710746 0.000000 
0.625443 0.399914 0.126007 -0.674628 0.000000 0.625960 0.399975 0.116254 -0.693320 0.000000 0.626501 0.400037 0.116254 -0.693320 0.000000 0.627042 0.400052 0.120396 -0.710746 0.000000 0.627633 0.400068 0.120396 -0.710746 0.000000 0.628199 0.400068 0.120396 -0.710746 0.000000 
0.625960 0.399975 0.116254 -0.693320 0.000000 0.626501 0.400037 0.116254 -0.693320 0.000000 0.627042 0.400052 0.120396 -0.710746 0.000000 0.627633 0.400068 0.120396 -0.710746 0.000000 0.628199 0.400068 0.120396 -0.710746 0.000000 0.628814 0.400068 0.120396 -0.710746 0.000000 
0.626501 0.400037 0.116254 -0.693320 0.000000 0.627042 0.400052 0.120396 -0.710746 0.000000 0.627633 0.400068 0.120396 -0.710746 0.000000 0.628199 0.400068 0.120396 -0.710746 0.000000 0.628814 0.400068 0.120396 -0.710746 0.000000 0.629380 0.400068 0.120396 -0.710746 0.000000 
0.627042 0.400052 0.120396 -0.710746 0.000000 0.627633 0.400068 0.120396 -0.710746 0.000000 0.628199 0.400068 0.120396 -0.710746 0.000000 0.628814 0.400068 0.120396 -0.710746 0.000000 0.629380 0.400068 0.120396 -0.710746 0.000000 0.629380 0.400083 0.120396 -0.710746 0.000000 
0.627633 0.400068 0.120396 -0.710746 0.000000 0.628199 0.400068 0.120396 -0.710746 0.000000 0.628814 0.400068 0.120396 -0.710746 0.000000 0.629380 0.400068 0.120396 -0.710746 0.000000 0.629380 0.400083 0.120396 -0.710746 0.000000 0.630093 0.400083 0.116254 -0.693320 0.000000 
0.628199 0.400068 0.120396 -0.710746 0.000000 0.628814 0.400068 0.120396 -0.710746 0.000000 0.629380 0.400068 0.120396 -0.710746 0.000000 0.629380 0.400083 0.120396 -0.710746 0.000000 0.630093 0.400083 0.116254 -0.693320 0.000000 0.630758 0.400098 0.116254 -0.693320 0.000000 
0.628814 0.400068 0.120396 -0.710746 0.000000 0.629380 0.400068 0.120396 -0.710746 0.000000 0.629380 0.400083 0.120396 -0.710746 0.000000 0.630093 0.400083 0.116254 -0.693320 0.000000 0.630758 0.400098 0.116254 -0.693320 0.000000 0.630881 0.400129 0.116254 -0.693320 0.000000 
0.629380 0.400068 0.120396 -0.710746 0.000000 0.629380 0.400083 0.120396 -0.710746 0.000000 0.630093 0.400083 0.116254 -0.693320 0.000000 0.630758 0.400098 0.116254 -0.693320 0.000000 0.630881 0.400129 0.116254 -0.693320 0.000000 0.631348 0.400145 0.126007 -0.674628 0.000000 
0.629380 0.400083 0.120396 -0.710746 0.000000 0.630093 0.400083 0.116254 -0.693320 0.000000 0.630758 0.400098 0.116254 -0.693320 0.000000 0.630881 0.400129 0.116254 -0.693320 0.000000 0.631348 0.400145 0.126007 -0.674628 0.000000 0.631619 0.400175 0.126007 -0.674628 0.000000 
0.630093 0.400083 0.116254 -0.693320 0.000000 0.630758 0.400098 0.116254 -0.693320 0.000000 0.630881 0.400129 0.116254 -0.693320 0.000000 0.631348 0.400145 0.126007 -0.674628 0.000000 0.631619 0.400175 0.126007 -0.674628 0.000000 0.631791 0.400237 0.121617 -0.657224 0.000000 
0.630758 0.400098 0.116254 -0.693320 0.000000 0.630881 0.400129 0.116254 -0.693320 0.000000 0.631348 0.400145 0.126007 -0.674628 0.000000 0.631619 0.400175 0.126007 -0.674628 0.000000 0.631791 0.400237 0.121617 -0.657224 0.000000 0.631890 0.400252 0.121617 -0.657224 0.000000 
0.630881 0.400129 0.116254 -0.693320 0.000000 0.631348 0.400145 0.126007 -0.674628 0.000000 0.631619 0.400175 0.126007 -0.674628 0.000000 0.631791 0.400237 0.121617 -0.657224 0.000000 0.631890 0.400252 0.121617 -0.657224 0.000000 0.631988 0.400298 0.121617 -0.657224 0.000000 
0.631348 0.400145 0.126007 -0.674628 0.000000 0.631619 0.400175 0.126007 -0.674628 0.000000 0.631791 0.400237 0.121617 -0.657224 0.000000 0.631890 0.400252 0.121617 -0.657224 0.000000 0.631988 0.400298 0.121617 -0.657224 0.000000 0.632087 0.400298 0.121617 -0.657224 0.000000 
0.631619 0.400175 0.126007 -0.674628 0.000000 0.631791 0.400237 0.121617 -0.657224 0.000000 0.631890 0.400252 0.121617 -0.657224 0.000000 0.631988 0.400298 0.121617 -0.657224 0.000000 0.632087 0.400298 0.121617 -0.657224 0.000000 0.632382 0.400298 0.117340 -0.639828 0.000000 
0.631791 0.400237 0.121617 -0.657224 0.000000 0.631890 0.400252 0.121617 -0.657224 0.000000 0.631988 0.400298 0.121617 -0.657224 0.000000 0.632087 0.400298 0.121617 -0.657224 0.000000 0.632382 0.400298 0.117340 -0.639828 0.000000 0.632726 0.400298 0.117340 -0.639828 0.000000 
0.631890 0.400252 0.121617 -0.657224 0.000000 0.631988 0.400298 0.121617 -0.657224 0.000000 0.632087 0.400298 0.121617 -0.657224 0.000000 0.632382 0.400298 0.117340 -0.639828 0.000000 0.632726 0.400298 0.117340 -0.639828 0.000000 0.633096 0.400298 0.117340 -0.639828 0.000000 
0.631988 0.400298 0.121617 -0.657224 0.000000 0.632087 0.400298 0.121617 -0.657224 0.000000 0.632382 0.400298 0.117340 -0.639828 0.000000 0.632726 0.400298 0.117340 -0.639828 0.000000 0.633096 0.400298 0.117340 -0.639828 0.000000 0.633391 0.400268 0.117340 -0.639828 0.000000 
0.632087 0.400298 0.121617 -0.657224 0.000000 0.632382 0.400298 0.117340 -0.639828 0.000000 0.632726 0.400298 0.117340 -0.639828 0.000000 0.633096 0.400298 0.117340 -0.639828 0.000000 0.633391 0.400268 0.117340 -0.639828 0.000000 0.633735 0.400160 0.125500 -0.621056 0.000000 
0.632382 0.400298 0.117340 -0.639828 0.000000 0.632726 0.400298 0.117340 -0.639828 0.000000 0.633096 0.400298 0.117340 -0.639828 0.000000 0.633391 0.400268 0.117340 -0.639828 0.000000 0.633735 0.400160 0.125500 -0.621056 0.000000 0.634104 0.400052 0.125500 -0.621056 0.000000 
0.632726 0.400298 0.117340 -0.639828 0.000000 0.633096 0.400298 0.117340 -0.639828 0.000000 0.633391 0.400268 0.117340 -0.639828 0.000000 0.633735 0.400160 0.125500 -0.621056 0.000000 0.634104 0.400052 0.125500 -0.621056 0.000000 0.634523 0.399960 0.125500 -0.621056 0.000000 
0.633096 0.400298 0.117340 -0.639828 0.000000 0.633391 0.400268 0.117340 -0.639828 0.000000 0.633735 0.400160 0.125500 -0.621056 0.000000 0.634104 0.400052 0.125500 -0.621056 0.000000 0.634523 0.399960 0.125500 -0.621056 0.000000 0.634941 0.399883 0.125500 -0.621056 0.000000 
0.633391 0.400268 0.117340 -0.639828 0.000000 0.633735 0.400160 0.125500 -0.621056 0.000000 0.634104 0.400052 0.125500 -0.621056 0.000000 0.634523 0.399960 0.125500 -0.621056 0.000000 0.634941 0.399883 0.125500 -0.621056 0.000000 0.635384 0.399806 0.125500 -0.621056 0.000000 
0.633735 0.400160 0.125500 -0.621056 0.000000 0.634104 0.400052 0.125500 -0.621056 0.000000 0.634523 0.399960 0.125500 -0.621056 0.000000 0.634941 0.399883 0.125500 -0.621056 0.000000 0.635384 0.399806 0.125500 -0.621056 0.000000 0.635827 0.399745 0.120996 -0.603691 0.000000 
0.634104 0.400052 0.125500 -0.621056 0.000000 0.634523 0.399960 0.125500 -0.621056 0.000000 0.634941 0.399883 0.125500 -0.621056 0.000000 0.635384 0.399806 0.125500 -0.621056 0.000000 0.635827 0.399745 0.120996 -0.603691 0.000000 0.636245 0.399699 0.120996 -0.603691 0.043988 
0.634523 0.399960 0.125500 -0.621056 0.000000 0.634941 0.399883 0.125500 -0.621056 0.000000 0.635384 0.399806 0.125500 -0.621056 0.000000 0.635827 0.399745 0.120996 -0.603691 0.000000 0.636245 0.399699 0.120996 -0.603691 0.043988 0.636663 0.399668 0.120996 -0.603691 0.066471 
0.634941 0.399883 0.125500 -0.621056 0.000000 0.635384 0.399806 0.125500 -0.621056 0.000000 0.635827 0.399745 0.120996 -0.603691 0.000000 0.636245 0.399699 0.120996 -0.603691 0.043988 0.636663 0.399668 0.120996 -0.603691 0.066471 0.637057 0.399637 0.120996 -0.603691 0.093842 
0.635384 0.399806 0.125500 -0.621056 0.000000 0.635827 0.399745 0.120996 -0.603691 0.000000 0.636245 0.399699 0.120996 -0.603691 0.043988 0.636663 0.399668 0.120996 -0.603691 0.066471 0.637057 0.399637 0.120996 -0.603691 0.093842 0.637451 0.399637 0.120996 -0.603691 0.105572 
0.635827 0.399745 0.120996 -0.603691 0.000000 0.636245 0.399699 0.120996 -0.603691 0.043988 0.636663 0.399668 0.120996 -0.603691 0.066471 0.637057 0.399637 0.120996 -0.603691 0.093842 0.637451 0.399637 0.120996 -0.603691 0.105572 0.637845 0.399637 0.120996 -0.603691 0.111437 
0.636245 0.399699 0.120996 -0.603691 0.043988 0.636663 0.399668 0.120996 -0.603691 0.066471 0.637057 0.399637 0.120996 -0.603691 0.093842 0.637451 0.399637 0.120996 -0.603691 0.105572 0.637845 0.399637 0.120996 -0.603691 0.111437 0.638263 0.399637 0.125500 -0.621056 0.128055 
0.636663 0.399668 0.120996 -0.603691 0.066471 0.637057 0.399637 0.120996 -0.603691 0.093842 0.637451 0.399637 0.120996 -0.603691 0.105572 0.637845 0.399637 0.120996 -0.603691 0.111437 0.638263 0.399637 0.125500 -0.621056 0.128055 0.638681 0.399637 0.125500 -0.621056 0.139785 
0.637057 0.399637 0.120996 -0.603691 0.093842 0.637451 0.399637 0.120996 -0.603691 0.105572 0.637845 0.399637 0.120996 -0.603691 0.111437 0.638263 0.399637 0.125500 -0.621056 0.128055 0.638681 0.399637 0.125500 -0.621056 0.139785 0.639099 0.399622 0.125500 -0.621056 0.154448 
0.637451 0.399637 0.120996 -0.603691 0.105572 0.637845 0.399637 0.120996 -0.603691 0.111437 0.638263 0.399637 0.125500 -0.621056 0.128055 0.638681 0.399637 0.125500 -0.621056 0.139785 0.639099 0.399622 0.125500 -0.621056 0.154448 0.639542 0.399591 0.125500 -0.621056 0.166178 
0.637845 0.399637 0.120996 -0.603691 0.111437 0.638263 0.399637 0.125500 -0.621056 0.128055 0.638681 0.399637 0.125500 -0.621056 0.139785 0.639099 0.399622 0.125500 -0.621056 0.154448 0.639542 0.399591 0.125500 -0.621056 0.166178 0.640010 0.399545 0.125500 -0.621056 0.172043 
0.638263 0.399637 0.125500 -0.621056 0.128055 0.638681 0.399637 0.125500 -0.621056 0.139785 0.639099 0.399622 0.125500 -0.621056 0.154448 0.639542 0.399591 0.125500 -0.621056 0.166178 0.640010 0.399545 0.125500 -0.621056 0.172043 0.640502 0.399468 0.125500 -0.621056 0.173998 
0.638681 0.399637 0.125500 -0.621056 0.139785 0.639099 0.399622 0.125500 -0.621056 0.154448 0.639542 0.399591 0.125500 -0.621056 0.166178 0.640010 0.399545 0.125500 -0.621056 0.172043 0.640502 0.399468 0.125500 -0.621056 0.173998 0.640994 0.399376 0.125500 -0.621056 0.183773 
0.639099 0.399622 0.125500 -0.621056 0.154448 0.639542 0.399591 0.125500 -0.621056 0.166178 0.640010 0.399545 0.125500 -0.621056 0.172043 0.640502 0.399468 0.125500 -0.621056 0.173998 0.640994 0.399376 0.125500 -0.621056 0.183773 0.641462 0.399314 0.125500 -0.621056 0.200391 
0.639542 0.399591 0.125500 -0.621056 0.166178 0.640010 0.399545 0.125500 -0.621056 0.172043 0.640502 0.399468 0.125500 -0.621056 0.173998 0.640994 0.399376 0.125500 -0.621056 0.183773 0.641462 0.399314 0.125500 -0.621056 0.200391 0.641855 0.399237 0.125500 -0.621056 0.210166 
0.640010 0.399545 0.125500 -0.621056 0.172043 0.640502 0.399468 0.125500 -0.621056 0.173998 0.640994 0.399376 0.125500 -0.621056 0.183773 0.641462 0.399314 0.125500 -0.621056 0.200391 0.641855 0.399237 0.125500 -0.621056 0.210166 0.642224 0.399176 0.125500 -0.621056 0.207234 
0.624163 0.415493 0.021804 -0.558232 0.896383 0.624434 0.415154 0.021804 -0.558232 0.890518 0.624655 0.414862 0.021804 -0.558232 0.891496 0.624852 0.414585 0.021804 -0.558232 0.893451 0.625000 0.414339 0.021804 -0.558232 0.896383 0.625197 0.414109 0.021804 -0.558232 0.897361 
0.624434 0.415154 0.021804 -0.558232 0.890518 0.624655 0.414862 0.021804 -0.558232 0.891496 0.624852 0.414585 0.021804 -0.558232 0.893451 0.625000 0.414339 0.021804 -0.558232 0.896383 0.625197 0.414109 0.021804 -0.558232 0.897361 0.625345 0.413909 0.021804 -0.558232 0.896383 
0.624655 0.414862 0.021804 -0.558232 0.891496 0.624852 0.414585 0.021804 -0.558232 0.893451 0.625000 0.414339 0.021804 -0.558232 0.896383 0.625197 0.414109 0.021804 -0.558232 0.897361 0.625345 0.413909 0.021804 -0.558232 0.896383 0.625468 0.413724 0.021804 -0.558232 0.897361 
0.624852 0.414585 0.021804 -0.558232 0.893451 0.625000 0.414339 0.021804 -0.558232 0.896383 0.625197 0.414109 0.021804 -0.558232 0.897361 0.625345 0.413909 0.021804 -0.558232 0.896383 0.625468 0.413724 0.021804 -0.558232 0.897361 0.625566 0.413570 0.032691 -0.557889 0.896383 
0.625000 0.414339 0.021804 -0.558232 0.896383 0.625197 0.414109 0.021804 -0.558232 0.897361 0.625345 0.413909 0.021804 -0.558232 0.896383 0.625468 0.413724 0.021804 -0.558232 0.897361 0.625566 0.413570 0.032691 -0.557889 0.896383 0.625664 0.413432 0.032691 -0.557889 0.896383 
0.625197 0.414109 0.021804 -0.558232 0.897361 0.625345 0.413909 0.021804 -0.558232 0.896383 0.625468 0.413724 0.021804 -0.558232 0.897361 0.625566 0.413570 0.032691 -0.557889 0.896383 0.625664 0.413432 0.032691 -0.557889 0.896383 0.625738 0.413309 0.032691 -0.557889 0.896383 
0.625345 0.413909 0.021804 -0.558232 0.896383 0.625468 0.413724 0.021804 -0.558232 0.897361 0.625566 0.413570 0.032691 -0.557889 0.896383 0.625664 0.413432 0.032691 -0.557889 0.896383 0.625738 0.413309 0.032691 -0.557889 0.896383 0.625837 0.413186 0.032691 -0.557889 0.897361 
0.625468 0.413724 0.021804 -0.558232 0.897361 0.625566 0.413570 0.032691 -0.557889 0.896383 0.625664 0.413432 0.032691 -0.557889 0.896383 0.625738 0.413309 0.032691 -0.557889 0.896383 0.625837 0.413186 0.032691 -0.557889 0.897361 0.625935 0.413078 0.032691 -0.557889 0.899316 
0.625566 0.413570 0.032691 -0.557889 0.896383 0.625664 0.413432 0.032691 -0.557889 0.896383 0.625738 0.413309 0.032691 -0.557889 0.896383 0.625837 0.413186 0.032691 -0.557889 0.897361 0.625935 0.413078 0.032691 -0.557889 0.899316 0.626009 0.412955 0.032691 -0.557889 0.900293 
0.625664 0.413432 0.032691 -0.557889 0.896383 0.625738 0.413309 0.032691 -0.557889 0.896383 0.625837 0.413186 0.032691 -0.557889 0.897361 0.625935 0.413078 0.032691 -0.557889 0.899316 0.626009 0.412955 0.032691 -0.557889 0.900293 0.626083 0.412832 0.032691 -0.557889 0.902248 
0.625738 0.413309 0.032691 -0.557889 0.896383 0.625837 0.413186 0.032691 -0.557889 0.897361 0.625935 0.413078 0.032691 -0.557889 0.899316 0.626009 0.412955 0.032691 -0.557889 0.900293 0.626083 0.412832 0.032691 -0.557889 0.902248 0.626157 0.412694 0.032691 -0.557889 0.899316 
0.625837 0.413186 0.032691 -0.557889 0.897361 0.625935 0.413078 0.032691 -0.557889 0.899316 0.626009 0.412955 0.032691 -0.557889 0.900293 0.626083 0.412832 0.032691 -0.557889 0.902248 0.626157 0.412694 0.032691 -0.557889 0.899316 0.626255 0.412540 0.021804 -0.558232 0.899316 
0.625935 0.413078 0.032691 -0.557889 0.899316 0.626009 0.412955 0.032691 -0.557889 0.900293 0.626083 0.412832 0.032691 -0.557889 0.902248 0.626157 0.412694 0.032691 -0.557889 0.899316 0.626255 0.412540 0.021804 -0.558232 0.899316 0.626378 0.412355 0.021804 -0.558232 0.900293 
0.626009 0.412955 0.032691 -0.557889 0.900293 0.626083 0.412832 0.032691 -0.557889 0.902248 0.626157 0.412694 0.032691 -0.557889 0.899316 0.626255 0.412540 0.021804 -0.558232 0.899316 0.626378 0.412355 0.021804 -0.558232 0.900293 0.626526 0.412140 0.021804 -0.558232 0.899316 
0.626083 0.412832 0.032691 -0.557889 0.902248 0.626157 0.412694 0.032691 -0.557889 0.899316 0.626255 0.412540 0.021804 -0.558232 0.899316 0.626378 0.412355 0.021804 -0.558232 0.900293 0.626526 0.412140 0.021804 -0.558232 0.899316 0.626722 0.411909 0.021804 -0.558232 0.899316 
0.626157 0.412694 0.032691 -0.557889 0.899316 0.626255 0.412540 0.021804 -0.558232 0.899316 0.626378 0.412355 0.021804 -0.558232 0.900293 0.626526 0.412140 0.021804 -0.558232 0.899316 0.626722 0.411909 0.021804 -0.558232 0.899316 0.626919 0.411633 0.021804 -0.558232 0.899316 
0.626255 0.412540 0.021804 -0.558232 0.899316 0.626378 0.412355 0.021804 -0.558232 0.900293 0.626526 0.412140 0.021804 -0.558232 0.899316 0.626722 0.411909 0.021804 -0.558232 0.899316 0.626919 0.411633 0.021804 -0.558232 0.899316 0.627141 0.411356 0.021804 -0.558232 0.898338 
0.626378 0.412355 0.021804 -0.558232 0.900293 0.626526 0.412140 0.021804 -0.558232 0.899316 0.626722 0.411909 0.021804 -0.558232 0.899316 0.626919 0.411633 0.021804 -0.558232 0.899316 0.627141 0.411356 0.021804 -0.558232 0.898338 0.627411 0.411079 0.021804 -0.558232 0.899316 
0.626526 0.412140 0.021804 -0.558232 0.899316 0.626722 0.411909 0.021804 -0.558232 0.899316 0.626919 0.411633 0.021804 -0.558232 0.899316 0.627141 0.411356 0.021804 -0.558232 0.898338 0.627411 0.411079 0.021804 -0.558232 0.899316 0.627633 0.410802 0.021804 -0.558232 0.906158 
0.626722 0.411909 0.021804 -0.558232 0.899316 0.626919 0.411633 0.021804 -0.558232 0.899316 0.627141 0.411356 0.021804 -0.558232 0.898338 0.627411 0.411079 0.021804 -0.558232 0.899316 0.627633 0.410802 0.021804 -0.558232 0.906158 0.627904 0.410541 0.021804 -0.558232 0.908113 
0.626919 0.411633 0.021804 -0.558232 0.899316 0.627141 0.411356 0.021804 -0.558232 0.898338 0.627411 0.411079 0.021804 -0.558232 0.899316 0.627633 0.410802 0.021804 -0.558232 0.906158 0.627904 0.410541 0.021804 -0.558232 0.908113 0.628125 0.410295 0.021804 -0.558232 0.910068 
0.627141 0.411356 0.021804 -0.558232 0.898338 0.627411 0.411079 0.021804 -0.558232 0.899316 0.627633 0.410802 0.021804 -0.558232 0.906158 0.627904 0.410541 0.021804 -0.558232 0.908113 0.628125 0.410295 0.021804 -0.558232 0.910068 0.628371 0.410064 0.021804 -0.558232 0.911046 
0.627411 0.411079 0.021804 -0.558232 0.899316 0.627633 0.410802 0.021804 -0.558232 0.906158 0.627904 0.410541 0.021804 -0.558232 0.908113 0.628125 0.410295 0.021804 -0.558232 0.910068 0.628371 0.410064 0.021804 -0.558232 0.911046 0.628642 0.409818 0.021804 -0.558232 0.913979 
0.627633 0.410802 0.021804 -0.558232 0.906158 0.627904 0.410541 0.021804 -0.558232 0.908113 0.628125 0.410295 0.021804 -0.558232 0.910068 0.628371 0.410064 0.021804 -0.558232 0.911046 0.628642 0.409818 0.021804 -0.558232 0.913979 0.628888 0.409556 0.021804 -0.558232 0.913979 
0.627904 0.410541 0.021804 -0.558232 0.908113 0.628125 0.410295 0.021804 -0.558232 0.910068 0.628371 0.410064 0.021804 -0.558232 0.911046 0.628642 0.409818 0.021804 -0.558232 0.913979 0.628888 0.409556 0.021804 -0.558232 0.913979 0.629134 0.409310 0.020967 -0.540783 0.912023 
0.628125 0.410295 0.021804 -0.558232 0.910068 0.628371 0.410064 0.021804 -0.558232 0.911046 0.628642 0.409818 0.021804 -0.558232 0.913979 0.628888 0.409556 0.021804 -0.558232 0.913979 0.629134 0.409310 0.020967 -0.540783 0.912023 0.629405 0.409049 0.020967 -0.540783 0.911046 
0.628371 0.410064 0.021804 -0.558232 0.911046 0.628642 0.409818 0.021804 -0.558232 0.913979 0.628888 0.409556 0.021804 -0.558232 0.913979 0.629134 0.409310 0.020967 -0.540783 0.912023 0.629405 0.409049 0.020967 -0.540783 0.911046 0.629675 0.408772 0.020967 -0.540783 0.906158 
0.628642 0.409818 0.021804 -0.558232 0.913979 0.628888 0.409556 0.021804 -0.558232 0.913979 0.629134 0.409310 0.020967 -0.540783 0.912023 0.629405 0.409049 0.020967 -0.540783 0.911046 0.629675 0.408772 0.020967 -0.540783 0.906158 0.629897 0.408526 0.020967 -0.540783 0.895406 
0.628888 0.409556 0.021804 -0.558232 0.913979 0.629134 0.409310 0.020967 -0.540783 0.912023 0.629405 0.409049 0.020967 -0.540783 0.911046 0.629675 0.408772 0.020967 -0.540783 0.906158 0.629897 0.408526 0.020967 -0.540783 0.895406 0.630093 0.408326 0.020967 -0.540783 0.893451 
0.629134 0.409310 0.020967 -0.540783 0.912023 0.629405 0.409049 0.020967 -0.540783 0.911046 0.629675 0.408772 0.020967 -0.540783 0.906158 0.629897 0.408526 0.020967 -0.540783 0.895406 0.630093 0.408326 0.020967 -0.540783 0.893451 0.630266 0.408142 0.020967 -0.540783 0.885630 
0.629405 0.409049 0.020967 -0.540783 0.911046 0.629675 0.408772 0.020967 -0.540783 0.906158 0.629897 0.408526 0.020967 -0.540783 0.895406 0.630093 0.408326 0.020967 -0.540783 0.893451 0.630266 0.408142 0.020967 -0.540783 0.885630 0.630389 0.407988 0.020967 -0.540783 0.871945 
0.629675 0.408772 0.020967 -0.540783 0.906158 0.629897 0.408526 0.020967 -0.540783 0.895406 0.630093 0.408326 0.020967 -0.540783 0.893451 0.630266 0.408142 0.020967 -0.540783 0.885630 0.630389 0.407988 0.020967 -0.540783 0.871945 0.630463 0.407896 0.020967 -0.540783 0.859238 
0.629897 0.408526 0.020967 -0.540783 0.895406 0.630093 0.408326 0.020967 -0.540783 0.893451 0.630266 0.408142 0.020967 -0.540783 0.885630 0.630389 0.407988 0.020967 -0.540783 0.871945 0.630463 0.407896 0.020967 -0.540783 0.859238 0.630512 0.407834 0.020967 -0.540783 0.840665 
0.630093 0.408326 0.020967 -0.540783 0.893451 0.630266 0.408142 0.020967 -0.540783 0.885630 0.630389 0.407988 0.020967 -0.540783 0.871945 0.630463 0.407896 0.020967 -0.540783 0.859238 0.630512 0.407834 0.020967 -0.540783 0.840665 0.630512 0.407803 0.020967 -0.540783 0.818182 
0.630266 0.408142 0.020967 -0.540783 0.885630 0.630389 0.407988 0.020967 -0.540783 0.871945 0.630463 0.407896 0.020967 -0.540783 0.859238 0.630512 0.407834 0.020967 -0.540783 0.840665 0.630512 0.407803 0.020967 -0.540783 0.818182 0.630512 0.407788 0.020967 -0.540783 0.765396 
0.630389 0.407988 0.020967 -0.540783 0.871945 0.630463 0.407896 0.020967 -0.540783 0.859238 0.630512 0.407834 0.020967 -0.540783 0.840665 0.630512 0.407803 0.020967 -0.540783 0.818182 0.630512 0.407788 0.020967 -0.540783 0.765396 0.630512 0.407773 0.020967 -0.540783 0.514174 
0.630463 0.407896 0.020967 -0.540783 0.859238 0.630512 0.407834 0.020967 -0.540783 0.840665 0.630512 0.407803 0.020967 -0.540783 0.818182 0.630512 0.407788 0.020967 -0.540783 0.765396 0.630512 0.407773 0.020967 -0.540783 0.514174 0.630438 0.407757 0.020967 -0.540783 0.413490 
0.630512 0.407834 0.020967 -0.540783 0.840665 0.630512 0.407803 0.020967 -0.540783 0.818182 0.630512 0.407788 0.020967 -0.540783 0.765396 0.630512 0.407773 0.020967 -0.540783 0.514174 0.630438 0.407757 0.020967 -0.540783 0.413490 0.630143 0.407757 0.020967 -0.540783 0.281525 
0.630512 0.407803 0.020967 -0.540783 0.818182 0.630512 0.407788 0.020967 -0.540783 0.765396 0.630512 0.407773 0.020967 -0.540783 0.514174 0.630438 0.407757 0.020967 -0.540783 0.413490 0.630143 0.407757 0.020967 -0.540783 0.281525 0.629798 0.407757 0.000000 -0.541052 0.146628 
0.630512 0.407788 0.020967 -0.540783 0.765396 0.630512 0.407773 0.020967 -0.540783 0.514174 0.630438 0.407757 0.020967 -0.540783 0.413490 0.630143 0.407757 0.020967 -0.540783 0.281525 0.629798 0.407757 0.000000 -0.541052 0.146628 0.629429 0.407757 0.000000 -0.541052 0.042033 
0.630512 0.407773 0.020967 -0.540783 0.514174 0.630438 0.407757 0.020967 -0.540783 0.413490 0.630143 0.407757 0.020967 -0.540783 0.281525 0.629798 0.407757 0.000000 -0.541052 0.146628 0.629429 0.407757 0.000000 -0.541052 0.042033 0.628617 0.408326 0.000000 -0.558505 0.000000 
0.630438 0.407757 0.020967 -0.540783 0.413490 0.630143 0.407757 0.020967 -0.540783 0.281525 0.629798 0.407757 0.000000 -0.541052 0.146628 0.629429 0.407757 0.000000 -0.541052 0.042033 0.628617 0.408326 0.000000 -0.558505 0.000000 0.628174 0.408834 0.000000 -0.558505 0.000000 
0.630143 0.407757 0.020967 -0.540783 0.281525 0.629798 0.407757 0.000000 -0.541052 0.146628 0.629429 0.407757 0.000000 -0.541052 0.042033 0.628617 0.408326 0.000000 -0.558505 0.000000 0.628174 0.408834 0.000000 -0.558505 0.000000 0.627707 0.409510 0.000000 -0.558505 0.000000 
0.629798 0.407757 0.000000 -0.541052 0.146628 0.629429 0.407757 0.000000 -0.541052 0.042033 0.628617 0.408326 0.000000 -0.558505 0.000000 0.628174 0.408834 0.000000 -0.558505 0.000000 0.627707 0.409510 0.000000 -0.558505 0.000000 0.627190 0.410402 0.000000 -0.575959 0.000000 
0.629429 0.407757 0.000000 -0.541052 0.042033 0.628617 0.408326 0.000000 -0.558505 0.000000 0.628174 0.408834 0.000000 -0.558505 0.000000 0.627707 0.409510 0.000000 -0.558505 0.000000 0.627190 0.410402 0.000000 -0.575959 0.000000 0.626649 0.411448 0.000000 -0.575959 0.000000 
0.628617 0.408326 0.000000 -0.558505 0.000000 0.628174 0.408834 0.000000 -0.558505 0.000000 0.627707 0.409510 0.000000 -0.558505 0.000000 0.627190 0.410402 0.000000 -0.575959 0.000000 0.626649 0.411448 0.000000 -0.575959 0.000000 0.625984 0.412663 0.000000 -0.593412 0.000000 
0.628174 0.408834 0.000000 -0.558505 0.000000 0.627707 0.409510 0.000000 -0.558505 0.000000 0.627190 0.410402 0.000000 -0.575959 0.000000 0.626649 0.411448 0.000000 -0.575959 0.000000 0.625984 0.412663 0.000000 -0.593412 0.000000 0.625197 0.414032 0.000000 -0.610865 0.000000 
