0.621998 0.426381 -0.021804 -0.558232 0.424242 0.622613 0.424120 -0.021804 -0.558232 0.434018 0.623278 0.421921 -0.032691 -0.557889 0.427175 0.623917 0.419830 -0.032691 -0.557889 0.437928 0.624508 0.417815 -0.032691 -0.557889 0.430108 0.625074 0.415893 -0.032691 -0.557889 0.475073 
0.622613 0.424120 -0.021804 -0.558232 0.434018 0.623278 0.421921 -0.032691 -0.557889 0.427175 0.623917 0.419830 -0.032691 -0.557889 0.437928 0.624508 0.417815 -0.032691 -0.557889 0.430108 0.625074 0.415893 -0.032691 -0.557889 0.475073 0.625541 0.414078 -0.032691 -0.557889 0.482893 
0.623278 0.421921 -0.032691 -0.557889 0.427175 0.623917 0.419830 -0.032691 -0.557889 0.437928 0.624508 0.417815 -0.032691 -0.557889 0.430108 0.625074 0.415893 -0.032691 -0.557889 0.475073 0.625541 0.414078 -0.032691 -0.557889 0.482893 0.626009 0.412355 -0.054407 -0.556793 0.479961 
0.623917 0.419830 -0.032691 -0.557889 0.437928 0.624508 0.417815 -0.032691 -0.557889 0.430108 0.625074 0.415893 -0.032691 -0.557889 0.475073 0.625541 0.414078 -0.032691 -0.557889 0.482893 0.626009 0.412355 -0.054407 -0.556793 0.479961 0.626845 0.407942 -0.054407 -0.556793 0.519062 
0.624508 0.417815 -0.032691 -0.557889 0.430108 0.625074 0.415893 -0.032691 -0.557889 0.475073 0.625541 0.414078 -0.032691 -0.557889 0.482893 0.626009 0.412355 -0.054407 -0.556793 0.479961 0.626845 0.407942 -0.054407 -0.556793 0.519062 0.626353 0.410802 -0.054407 -0.556793 0.493646 
0.625074 0.415893 -0.032691 -0.557889 0.475073 0.625541 0.414078 -0.032691 -0.557889 0.482893 0.626009 0.412355 -0.054407 -0.556793 0.479961 0.626845 0.407942 -0.054407 -0.556793 0.519062 0.626353 0.410802 -0.054407 -0.556793 0.493646 0.626673 0.409326 -0.054407 -0.556793 0.502444 
0.625541 0.414078 -0.032691 -0.557889 0.482893 0.626009 0.412355 -0.054407 -0.556793 0.479961 0.626845 0.407942 -0.054407 -0.556793 0.519062 0.626353 0.410802 -0.054407 -0.556793 0.493646 0.626673 0.409326 -0.054407 -0.556793 0.502444 0.626944 0.406634 -0.054407 -0.556793 0.525904 
0.626009 0.412355 -0.054407 -0.556793 0.479961 0.626845 0.407942 -0.054407 -0.556793 0.519062 0.626353 0.410802 -0.054407 -0.556793 0.493646 0.626673 0.409326 -0.054407 -0.556793 0.502444 0.626944 0.406634 -0.054407 -0.556793 0.525904 0.626968 0.404281 -0.054407 -0.556793 0.531769 
0.626845 0.407942 -0.054407 -0.556793 0.519062 0.626353 0.410802 -0.054407 -0.556793 0.493646 0.626673 0.409326 -0.054407 -0.556793 0.502444 0.626944 0.406634 -0.054407 -0.556793 0.525904 0.626968 0.404281 -0.054407 -0.556793 0.531769 0.626968 0.405404 -0.054407 -0.556793 0.528837 
0.626353 0.410802 -0.054407 -0.556793 0.493646 0.626673 0.409326 -0.054407 -0.556793 0.502444 0.626944 0.406634 -0.054407 -0.556793 0.525904 0.626968 0.404281 -0.054407 -0.556793 0.531769 0.626968 0.405404 -0.054407 -0.556793 0.528837 0.626968 0.403159 -0.054407 -0.556793 0.526882 
0.626673 0.409326 -0.054407 -0.556793 0.502444 0.626944 0.406634 -0.054407 -0.556793 0.525904 0.626968 0.404281 -0.054407 -0.556793 0.531769 0.626968 0.405404 -0.054407 -0.556793 0.528837 0.626968 0.403159 -0.054407 -0.556793 0.526882 0.626968 0.401990 -0.065224 -0.556040 0.515152 
0.626944 0.406634 -0.054407 -0.556793 0.525904 0.626968 0.404281 -0.054407 -0.556793 0.531769 0.626968 0.405404 -0.054407 -0.556793 0.528837 0.626968 0.403159 -0.054407 -0.556793 0.526882 0.626968 0.401990 -0.065224 -0.556040 0.515152 0.626870 0.400790 -0.065224 -0.556040 0.521017 
0.626968 0.404281 -0.054407 -0.556793 0.531769 0.626968 0.405404 -0.054407 -0.556793 0.528837 0.626968 0.403159 -0.054407 -0.556793 0.526882 0.626968 0.401990 -0.065224 -0.556040 0.515152 0.626870 0.400790 -0.065224 -0.556040 0.521017 0.626575 0.399591 -0.065224 -0.556040 0.515152 
0.626895 0.393593 -0.101242 -0.570314 0.436950 0.627092 0.394931 -0.101242 -0.570314 0.431085 0.627313 0.396331 -0.090135 -0.571501 0.447703 0.627510 0.397745 -0.090135 -0.571501 0.445748 0.627633 0.399160 -0.090135 -0.571501 0.447703 0.627756 0.400560 -0.090135 -0.571501 0.456501 
0.627092 0.394931 -0.101242 -0.570314 0.431085 0.627313 0.396331 -0.090135 -0.571501 0.447703 0.627510 0.397745 -0.090135 -0.571501 0.445748 0.627633 0.399160 -0.090135 -0.571501 0.447703 0.627756 0.400560 -0.090135 -0.571501 0.456501 0.627830 0.402036 -0.090135 -0.571501 0.442815 
0.627313 0.396331 -0.090135 -0.571501 0.447703 0.627510 0.397745 -0.090135 -0.571501 0.445748 0.627633 0.399160 -0.090135 -0.571501 0.447703 0.627756 0.400560 -0.090135 -0.571501 0.456501 0.627830 0.402036 -0.090135 -0.571501 0.442815 0.627854 0.405112 -0.065224 -0.556040 0.452590 
0.627510 0.397745 -0.090135 -0.571501 0.445748 0.627633 0.399160 -0.090135 -0.571501 0.447703 0.627756 0.400560 -0.090135 -0.571501 0.456501 0.627830 0.402036 -0.090135 -0.571501 0.442815 0.627854 0.405112 -0.065224 -0.556040 0.452590 0.627854 0.403574 -0.086747 -0.554120 0.437928 
0.627633 0.399160 -0.090135 -0.571501 0.447703 0.627756 0.400560 -0.090135 -0.571501 0.456501 0.627830 0.402036 -0.090135 -0.571501 0.442815 0.627854 0.405112 -0.065224 -0.556040 0.452590 0.627854 0.403574 -0.086747 -0.554120 0.437928 0.627854 0.406634 -0.065224 -0.556040 0.454545 
0.627756 0.400560 -0.090135 -0.571501 0.456501 0.627830 0.402036 -0.090135 -0.571501 0.442815 0.627854 0.405112 -0.065224 -0.556040 0.452590 0.627854 0.403574 -0.086747 -0.554120 0.437928 0.627854 0.406634 -0.065224 -0.556040 0.454545 0.627854 0.408172 -0.065224 -0.556040 0.449658 
0.627830 0.402036 -0.090135 -0.571501 0.442815 0.627854 0.405112 -0.065224 -0.556040 0.452590 0.627854 0.403574 -0.086747 -0.554120 0.437928 0.627854 0.406634 -0.065224 -0.556040 0.454545 0.627854 0.408172 -0.065224 -0.556040 0.449658 0.627854 0.409680 -0.065224 -0.556040 0.449658 
0.627854 0.405112 -0.065224 -0.556040 0.452590 0.627854 0.403574 -0.086747 -0.554120 0.437928 0.627854 0.406634 -0.065224 -0.556040 0.454545 0.627854 0.408172 -0.065224 -0.556040 0.449658 0.627854 0.409680 -0.065224 -0.556040 0.449658 0.627830 0.411233 -0.065224 -0.556040 0.440860 
0.627854 0.403574 -0.086747 -0.554120 0.437928 0.627854 0.406634 -0.065224 -0.556040 0.454545 0.627854 0.408172 -0.065224 -0.556040 0.449658 0.627854 0.409680 -0.065224 -0.556040 0.449658 0.627830 0.411233 -0.065224 -0.556040 0.440860 0.627707 0.412771 -0.054407 -0.556793 0.447703 
0.627854 0.406634 -0.065224 -0.556040 0.454545 0.627854 0.408172 -0.065224 -0.556040 0.449658 0.627854 0.409680 -0.065224 -0.556040 0.449658 0.627830 0.411233 -0.065224 -0.556040 0.440860 0.627707 0.412771 -0.054407 -0.556793 0.447703 0.627608 0.414324 -0.054407 -0.556793 0.439883 
0.627854 0.408172 -0.065224 -0.556040 0.449658 0.627854 0.409680 -0.065224 -0.556040 0.449658 0.627830 0.411233 -0.065224 -0.556040 0.440860 0.627707 0.412771 -0.054407 -0.556793 0.447703 0.627608 0.414324 -0.054407 -0.556793 0.439883 0.627510 0.415877 -0.056539 -0.574219 0.438905 
0.627854 0.409680 -0.065224 -0.556040 0.449658 0.627830 0.411233 -0.065224 -0.556040 0.440860 0.627707 0.412771 -0.054407 -0.556793 0.447703 0.627608 0.414324 -0.054407 -0.556793 0.439883 0.627510 0.415877 -0.056539 -0.574219 0.438905 0.627411 0.417415 -0.056539 -0.574219 0.434995 
0.627830 0.411233 -0.065224 -0.556040 0.440860 0.627707 0.412771 -0.054407 -0.556793 0.447703 0.627608 0.414324 -0.054407 -0.556793 0.439883 0.627510 0.415877 -0.056539 -0.574219 0.438905 0.627411 0.417415 -0.056539 -0.574219 0.434995 0.627338 0.418953 -0.056539 -0.574219 0.446725 
0.627707 0.412771 -0.054407 -0.556793 0.447703 0.627608 0.414324 -0.054407 -0.556793 0.439883 0.627510 0.415877 -0.056539 -0.574219 0.438905 0.627411 0.417415 -0.056539 -0.574219 0.434995 0.627338 0.418953 -0.056539 -0.574219 0.446725 0.627215 0.420460 -0.056539 -0.574219 0.430108 
0.627608 0.414324 -0.054407 -0.556793 0.439883 0.627510 0.415877 -0.056539 -0.574219 0.438905 0.627411 0.417415 -0.056539 -0.574219 0.434995 0.627338 0.418953 -0.056539 -0.574219 0.446725 0.627215 0.420460 -0.056539 -0.574219 0.430108 0.627092 0.421952 -0.056539 -0.574219 0.446725 
0.627510 0.415877 -0.056539 -0.574219 0.438905 0.627411 0.417415 -0.056539 -0.574219 0.434995 0.627338 0.418953 -0.056539 -0.574219 0.446725 0.627215 0.420460 -0.056539 -0.574219 0.430108 0.627092 0.421952 -0.056539 -0.574219 0.446725 0.626944 0.423382 -0.056539 -0.574219 0.440860 
0.627411 0.417415 -0.056539 -0.574219 0.434995 0.627338 0.418953 -0.056539 -0.574219 0.446725 0.627215 0.420460 -0.056539 -0.574219 0.430108 0.627092 0.421952 -0.056539 -0.574219 0.446725 0.626944 0.423382 -0.056539 -0.574219 0.440860 0.626796 0.424782 -0.056539 -0.574219 0.449658 
0.627338 0.418953 -0.056539 -0.574219 0.446725 0.627215 0.420460 -0.056539 -0.574219 0.430108 0.627092 0.421952 -0.056539 -0.574219 0.446725 0.626944 0.423382 -0.056539 -0.574219 0.440860 0.626796 0.424782 -0.056539 -0.574219 0.449658 0.626624 0.426135 -0.056539 -0.574219 0.445748 
0.627215 0.420460 -0.056539 -0.574219 0.430108 0.627092 0.421952 -0.056539 -0.574219 0.446725 0.626944 0.423382 -0.056539 -0.574219 0.440860 0.626796 0.424782 -0.056539 -0.574219 0.449658 0.626624 0.426135 -0.056539 -0.574219 0.445748 0.626403 0.427396 -0.056539 -0.574219 0.452590 
0.627092 0.421952 -0.056539 -0.574219 0.446725 0.626944 0.423382 -0.056539 -0.574219 0.440860 0.626796 0.424782 -0.056539 -0.574219 0.449658 0.626624 0.426135 -0.056539 -0.574219 0.445748 0.626403 0.427396 -0.056539 -0.574219 0.452590 0.626157 0.428626 -0.056539 -0.574219 0.454545 
0.626944 0.423382 -0.056539 -0.574219 0.440860 0.626796 0.424782 -0.056539 -0.574219 0.449658 0.626624 0.426135 -0.056539 -0.574219 0.445748 0.626403 0.427396 -0.056539 -0.574219 0.452590 0.626157 0.428626 -0.056539 -0.574219 0.454545 0.625910 0.429826 -0.056539 -0.574219 0.459433 
0.626796 0.424782 -0.056539 -0.574219 0.449658 0.626624 0.426135 -0.056539 -0.574219 0.445748 0.626403 0.427396 -0.056539 -0.574219 0.452590 0.626157 0.428626 -0.056539 -0.574219 0.454545 0.625910 0.429826 -0.056539 -0.574219 0.459433 0.625664 0.430949 -0.056539 -0.574219 0.456501 
0.626624 0.426135 -0.056539 -0.574219 0.445748 0.626403 0.427396 -0.056539 -0.574219 0.452590 0.626157 0.428626 -0.056539 -0.574219 0.454545 0.625910 0.429826 -0.056539 -0.574219 0.459433 0.625664 0.430949 -0.056539 -0.574219 0.456501 0.625394 0.432071 -0.056539 -0.574219 0.458456 
0.626403 0.427396 -0.056539 -0.574219 0.452590 0.626157 0.428626 -0.056539 -0.574219 0.454545 0.625910 0.429826 -0.056539 -0.574219 0.459433 0.625664 0.430949 -0.056539 -0.574219 0.456501 0.625394 0.432071 -0.056539 -0.574219 0.458456 0.625074 0.433179 -0.056539 -0.574219 0.460411 
0.624311 0.435316 -0.095718 -0.941318 0.000000 0.624582 0.435977 -0.095718 -0.941318 0.000000 0.624754 0.436070 -0.095718 -0.941318 0.000000 0.624828 0.436131 -0.095718 -0.941318 0.000000 0.625000 0.436193 -0.095718 -0.941318 0.000000 0.625148 0.436254 -0.095718 -0.941318 0.000000 
0.624582 0.435977 -0.095718 -0.941318 0.000000 0.624754 0.436070 -0.095718 -0.941318 0.000000 0.624828 0.436131 -0.095718 -0.941318 0.000000 0.625000 0.436193 -0.095718 -0.941318 0.000000 0.625148 0.436254 -0.095718 -0.941318 0.000000 0.625271 0.436300 -0.095718 -0.941318 0.000000 
0.624754 0.436070 -0.095718 -0.941318 0.000000 0.624828 0.436131 -0.095718 -0.941318 0.000000 0.625000 0.436193 -0.095718 -0.941318 0.000000 0.625148 0.436254 -0.095718 -0.941318 0.000000 0.625271 0.436300 -0.095718 -0.941318 0.000000 0.625345 0.436439 -0.095718 -0.941318 0.000000 
0.624828 0.436131 -0.095718 -0.941318 0.000000 0.625000 0.436193 -0.095718 -0.941318 0.000000 0.625148 0.436254 -0.095718 -0.941318 0.000000 0.625271 0.436300 -0.095718 -0.941318 0.000000 0.625345 0.436439 -0.095718 -0.941318 0.000000 0.625345 0.436485 -0.095718 -0.941318 0.000000 
0.625000 0.436193 -0.095718 -0.941318 0.000000 0.625148 0.436254 -0.095718 -0.941318 0.000000 0.625271 0.436300 -0.095718 -0.941318 0.000000 0.625345 0.436439 -0.095718 -0.941318 0.000000 0.625345 0.436485 -0.095718 -0.941318 0.000000 0.625394 0.436593 -0.095718 -0.941318 0.000000 
0.625148 0.436254 -0.095718 -0.941318 0.000000 0.625271 0.436300 -0.095718 -0.941318 0.000000 0.625345 0.436439 -0.095718 -0.941318 0.000000 0.625345 0.436485 -0.095718 -0.941318 0.000000 0.625394 0.436593 -0.095718 -0.941318 0.000000 0.625418 0.436700 -0.099295 -0.958785 0.000000 
0.625271 0.436300 -0.095718 -0.941318 0.000000 0.625345 0.436439 -0.095718 -0.941318 0.000000 0.625345 0.436485 -0.095718 -0.941318 0.000000 0.625394 0.436593 -0.095718 -0.941318 0.000000 0.625418 0.436700 -0.099295 -0.958785 0.000000 0.625443 0.436793 -0.099295 -0.958785 0.000000 
0.625345 0.436439 -0.095718 -0.941318 0.000000 0.625345 0.436485 -0.095718 -0.941318 0.000000 0.625394 0.436593 -0.095718 -0.941318 0.000000 0.625418 0.436700 -0.099295 -0.958785 0.000000 0.625443 0.436793 -0.099295 -0.958785 0.000000 0.625443 0.436885 -0.099295 -0.958785 0.000000 
0.625345 0.436485 -0.095718 -0.941318 0.000000 0.625394 0.436593 -0.095718 -0.941318 0.000000 0.625418 0.436700 -0.099295 -0.958785 0.000000 0.625443 0.436793 -0.099295 -0.958785 0.000000 0.625443 0.436885 -0.099295 -0.958785 0.000000 0.625443 0.436962 -0.099295 -0.958785 0.000000 
0.625394 0.436593 -0.095718 -0.941318 0.000000 0.625418 0.436700 -0.099295 -0.958785 0.000000 0.625443 0.436793 -0.099295 -0.958785 0.000000 0.625443 0.436885 -0.099295 -0.958785 0.000000 0.625443 0.436962 -0.099295 -0.958785 0.000000 0.625443 0.437085 -0.099295 -0.958785 0.000000 
0.625418 0.436700 -0.099295 -0.958785 0.000000 0.625443 0.436793 -0.099295 -0.958785 0.000000 0.625443 0.436885 -0.099295 -0.958785 0.000000 0.625443 0.436962 -0.099295 -0.958785 0.000000 0.625443 0.437085 -0.099295 -0.958785 0.000000 0.625443 0.437208 -0.099295 -0.958785 0.000000 
0.625443 0.436793 -0.099295 -0.958785 0.000000 0.625443 0.436885 -0.099295 -0.958785 0.000000 0.625443 0.436962 -0.099295 -0.958785 0.000000 0.625443 0.437085 -0.099295 -0.958785 0.000000 0.625443 0.437208 -0.099295 -0.958785 0.000000 0.625443 0.437269 -0.099295 -0.958785 0.000000 
0.625443 0.436885 -0.099295 -0.958785 0.000000 0.625443 0.436962 -0.099295 -0.958785 0.000000 0.625443 0.437085 -0.099295 -0.958785 0.000000 0.625443 0.437208 -0.099295 -0.958785 0.000000 0.625443 0.437269 -0.099295 -0.958785 0.000000 0.625443 0.437408 -0.099295 -0.958785 0.000000 
0.625443 0.436962 -0.099295 -0.958785 0.000000 0.625443 0.437085 -0.099295 -0.958785 0.000000 0.625443 0.437208 -0.099295 -0.958785 0.000000 0.625443 0.437269 -0.099295 -0.958785 0.000000 0.625443 0.437408 -0.099295 -0.958785 0.000000 0.625443 0.437469 -0.099295 -0.958785 0.000000 
0.625443 0.437085 -0.099295 -0.958785 0.000000 0.625443 0.437208 -0.099295 -0.958785 0.000000 0.625443 0.437269 -0.099295 -0.958785 0.000000 0.625443 0.437408 -0.099295 -0.958785 0.000000 0.625443 0.437469 -0.099295 -0.958785 0.000000 0.625443 0.437638 -0.099295 -0.958785 0.000000 
0.625443 0.437208 -0.099295 -0.958785 0.000000 0.625443 0.437269 -0.099295 -0.958785 0.000000 0.625443 0.437408 -0.099295 -0.958785 0.000000 0.625443 0.437469 -0.099295 -0.958785 0.000000 0.625443 0.437638 -0.099295 -0.958785 0.000000 0.625295 0.437977 -0.074605 -0.959287 0.000000 
0.625443 0.437269 -0.099295 -0.958785 0.000000 0.625443 0.437408 -0.099295 -0.958785 0.000000 0.625443 0.437469 -0.099295 -0.958785 0.000000 0.625443 0.437638 -0.099295 -0.958785 0.000000 0.625295 0.437977 -0.074605 -0.959287 0.000000 0.625443 0.437700 -0.099295 -0.958785 0.000000 
0.625443 0.437408 -0.099295 -0.958785 0.000000 0.625443 0.437469 -0.099295 -0.958785 0.000000 0.625443 0.437638 -0.099295 -0.958785 0.000000 0.625295 0.437977 -0.074605 -0.959287 0.000000 0.625443 0.437700 -0.099295 -0.958785 0.000000 0.625369 0.437869 -0.074605 -0.959287 0.000000 
0.625443 0.437469 -0.099295 -0.958785 0.000000 0.625443 0.437638 -0.099295 -0.958785 0.000000 0.625295 0.437977 -0.074605 -0.959287 0.000000 0.625443 0.437700 -0.099295 -0.958785 0.000000 0.625369 0.437869 -0.074605 -0.959287 0.000000 0.625246 0.438084 -0.071910 -0.941826 0.000000 
0.625443 0.437638 -0.099295 -0.958785 0.000000 0.625295 0.437977 -0.074605 -0.959287 0.000000 0.625443 0.437700 -0.099295 -0.958785 0.000000 0.625369 0.437869 -0.074605 -0.959287 0.000000 0.625246 0.438084 -0.071910 -0.941826 0.000000 0.625197 0.438177 -0.071910 -0.941826 0.000000 
0.625295 0.437977 -0.074605 -0.959287 0.000000 0.625443 0.437700 -0.099295 -0.958785 0.000000 0.625369 0.437869 -0.074605 -0.959287 0.000000 0.625246 0.438084 -0.071910 -0.941826 0.000000 0.625197 0.438177 -0.071910 -0.941826 0.000000 0.625123 0.438254 -0.071910 -0.941826 0.000000 
0.625443 0.437700 -0.099295 -0.958785 0.000000 0.625369 0.437869 -0.074605 -0.959287 0.000000 0.625246 0.438084 -0.071910 -0.941826 0.000000 0.625197 0.438177 -0.071910 -0.941826 0.000000 0.625123 0.438254 -0.071910 -0.941826 0.000000 0.625074 0.438377 -0.071910 -0.941826 0.000000 
0.625049 0.438546 -0.071910 -0.941826 0.000000 0.625049 0.438577 -0.071910 -0.941826 0.000000 0.625049 0.438607 -0.071910 -0.941826 0.000000 0.625049 0.438638 -0.069341 -0.924365 0.000000 0.625049 0.438684 -0.069341 -0.924365 0.000000 0.625123 0.438746 -0.069341 -0.924365 0.000000 
0.625049 0.438577 -0.071910 -0.941826 0.000000 0.625049 0.438607 -0.071910 -0.941826 0.000000 0.625049 0.438638 -0.069341 -0.924365 0.000000 0.625049 0.438684 -0.069341 -0.924365 0.000000 0.625123 0.438746 -0.069341 -0.924365 0.000000 0.625123 0.438792 -0.069341 -0.924365 0.000000 
0.625049 0.438607 -0.071910 -0.941826 0.000000 0.625049 0.438638 -0.069341 -0.924365 0.000000 0.625049 0.438684 -0.069341 -0.924365 0.000000 0.625123 0.438746 -0.069341 -0.924365 0.000000 0.625123 0.438792 -0.069341 -0.924365 0.000000 0.625123 0.438884 -0.069341 -0.924365 0.000000 
0.625049 0.438638 -0.069341 -0.924365 0.000000 0.625049 0.438684 -0.069341 -0.924365 0.000000 0.625123 0.438746 -0.069341 -0.924365 0.000000 0.625123 0.438792 -0.069341 -0.924365 0.000000 0.625123 0.438884 -0.069341 -0.924365 0.000000 0.625123 0.438946 -0.069341 -0.924365 0.000000 
0.625049 0.438684 -0.069341 -0.924365 0.000000 0.625123 0.438746 -0.069341 -0.924365 0.000000 0.625123 0.438792 -0.069341 -0.924365 0.000000 0.625123 0.438884 -0.069341 -0.924365 0.000000 0.625123 0.438946 -0.069341 -0.924365 0.000000 0.625123 0.439069 -0.069341 -0.924365 0.000000 
0.625123 0.438746 -0.069341 -0.924365 0.000000 0.625123 0.438792 -0.069341 -0.924365 0.000000 0.625123 0.438884 -0.069341 -0.924365 0.000000 0.625123 0.438946 -0.069341 -0.924365 0.000000 0.625123 0.439069 -0.069341 -0.924365 0.000000 0.625123 0.439176 -0.069341 -0.924365 0.000000 
0.625123 0.438792 -0.069341 -0.924365 0.000000 0.625123 0.438884 -0.069341 -0.924365 0.000000 0.625123 0.438946 -0.069341 -0.924365 0.000000 0.625123 0.439069 -0.069341 -0.924365 0.000000 0.625123 0.439176 -0.069341 -0.924365 0.000000 0.625123 0.439345 -0.069341 -0.924365 0.000000 
0.625123 0.438884 -0.069341 -0.924365 0.000000 0.625123 0.438946 -0.069341 -0.924365 0.000000 0.625123 0.439069 -0.069341 -0.924365 0.000000 0.625123 0.439176 -0.069341 -0.924365 0.000000 0.625123 0.439345 -0.069341 -0.924365 0.000000 0.625123 0.439545 -0.066887 -0.906906 0.000000 
0.625123 0.438946 -0.069341 -0.924365 0.000000 0.625123 0.439069 -0.069341 -0.924365 0.000000 0.625123 0.439176 -0.069341 -0.924365 0.000000 0.625123 0.439345 -0.069341 -0.924365 0.000000 0.625123 0.439545 -0.066887 -0.906906 0.000000 0.625123 0.439684 -0.066887 -0.906906 0.000000 
0.625123 0.439069 -0.069341 -0.924365 0.000000 0.625123 0.439176 -0.069341 -0.924365 0.000000 0.625123 0.439345 -0.069341 -0.924365 0.000000 0.625123 0.439545 -0.066887 -0.906906 0.000000 0.625123 0.439684 -0.066887 -0.906906 0.000000 0.625123 0.439807 -0.066887 -0.906906 0.000000 
0.625123 0.439176 -0.069341 -0.924365 0.000000 0.625123 0.439345 -0.069341 -0.924365 0.000000 0.625123 0.439545 -0.066887 -0.906906 0.000000 0.625123 0.439684 -0.066887 -0.906906 0.000000 0.625123 0.439807 -0.066887 -0.906906 0.000000 0.625123 0.439853 -0.066887 -0.906906 0.000000 
0.625123 0.439345 -0.069341 -0.924365 0.000000 0.625123 0.439545 -0.066887 -0.906906 0.000000 0.625123 0.439684 -0.066887 -0.906906 0.000000 0.625123 0.439807 -0.066887 -0.906906 0.000000 0.625123 0.439853 -0.066887 -0.906906 0.000000 0.625123 0.439976 -0.066887 -0.906906 0.000000 
0.625123 0.439545 -0.066887 -0.906906 0.000000 0.625123 0.439684 -0.066887 -0.906906 0.000000 0.625123 0.439807 -0.066887 -0.906906 0.000000 0.625123 0.439853 -0.066887 -0.906906 0.000000 0.625123 0.439976 -0.066887 -0.906906 0.000000 0.625123 0.440053 -0.066887 -0.906906 0.000000 
0.625123 0.439684 -0.066887 -0.906906 0.000000 0.625123 0.439807 -0.066887 -0.906906 0.000000 0.625123 0.439853 -0.066887 -0.906906 0.000000 0.625123 0.439976 -0.066887 -0.906906 0.000000 0.625123 0.440053 -0.066887 -0.906906 0.000000 0.625123 0.440130 -0.066887 -0.906906 0.000000 
0.625123 0.439807 -0.066887 -0.906906 0.000000 0.625123 0.439853 -0.066887 -0.906906 0.000000 0.625123 0.439976 -0.066887 -0.906906 0.000000 0.625123 0.440053 -0.066887 -0.906906 0.000000 0.625123 0.440130 -0.066887 -0.906906 0.000000 0.625123 0.440207 -0.064540 -0.889447 0.000000 
0.625123 0.439853 -0.066887 -0.906906 0.000000 0.625123 0.439976 -0.066887 -0.906906 0.000000 0.625123 0.440053 -0.066887 -0.906906 0.000000 0.625123 0.440130 -0.066887 -0.906906 0.000000 0.625123 0.440207 -0.064540 -0.889447 0.000000 0.625123 0.440268 -0.064540 -0.889447 0.000000 
0.625123 0.439976 -0.066887 -0.906906 0.000000 0.625123 0.440053 -0.066887 -0.906906 0.000000 0.625123 0.440130 -0.066887 -0.906906 0.000000 0.625123 0.440207 -0.064540 -0.889447 0.000000 0.625123 0.440268 -0.064540 -0.889447 0.000000 0.625123 0.440330 -0.064540 -0.889447 0.000000 
0.625123 0.440053 -0.066887 -0.906906 0.000000 0.625123 0.440130 -0.066887 -0.906906 0.000000 0.625123 0.440207 -0.064540 -0.889447 0.000000 0.625123 0.440268 -0.064540 -0.889447 0.000000 0.625123 0.440330 -0.064540 -0.889447 0.000000 0.625123 0.440391 -0.064540 -0.889447 0.000000 
0.625123 0.440130 -0.066887 -0.906906 0.000000 0.625123 0.440207 -0.064540 -0.889447 0.000000 0.625123 0.440268 -0.064540 -0.889447 0.000000 0.625123 0.440330 -0.064540 -0.889447 0.000000 0.625123 0.440391 -0.064540 -0.889447 0.000000 0.625123 0.440453 -0.064540 -0.889447 0.000000 
0.625123 0.440207 -0.064540 -0.889447 0.000000 0.625123 0.440268 -0.064540 -0.889447 0.000000 0.625123 0.440330 -0.064540 -0.889447 0.000000 0.625123 0.440391 -0.064540 -0.889447 0.000000 0.625123 0.440453 -0.064540 -0.889447 0.000000 0.625123 0.440514 -0.064540 -0.889447 0.000000 
0.625123 0.440268 -0.064540 -0.889447 0.000000 0.625123 0.440330 -0.064540 -0.889447 0.000000 0.625123 0.440391 -0.064540 -0.889447 0.000000 0.625123 0.440453 -0.064540 -0.889447 0.000000 0.625123 0.440514 -0.064540 -0.889447 0.000000 0.625074 0.440591 -0.064540 -0.889447 0.000000 
0.625123 0.440330 -0.064540 -0.889447 0.000000 0.625123 0.440391 -0.064540 -0.889447 0.000000 0.625123 0.440453 -0.064540 -0.889447 0.000000 0.625123 0.440514 -0.064540 -0.889447 0.000000 0.625074 0.440591 -0.064540 -0.889447 0.000000 0.625074 0.440668 -0.064540 -0.889447 0.000000 
