0.635704 0.472133 0.149933 -0.761756 0.089932 0.636024 0.472472 0.160536 -0.742860 0.120235 0.636368 0.472764 0.160536 -0.742860 0.153470 0.637082 0.473687 0.160536 -0.742860 0.226784 0.636663 0.473071 0.160536 -0.742860 0.183773 0.636909 0.473379 0.160536 -0.742860 0.206256 
0.636024 0.472472 0.160536 -0.742860 0.120235 0.636368 0.472764 0.160536 -0.742860 0.153470 0.637082 0.473687 0.160536 -0.742860 0.226784 0.636663 0.473071 0.160536 -0.742860 0.183773 0.636909 0.473379 0.160536 -0.742860 0.206256 0.637205 0.474010 0.160536 -0.742860 0.264907 
0.636368 0.472764 0.160536 -0.742860 0.153470 0.637082 0.473687 0.160536 -0.742860 0.226784 0.636663 0.473071 0.160536 -0.742860 0.183773 0.636909 0.473379 0.160536 -0.742860 0.206256 0.637205 0.474010 0.160536 -0.742860 0.264907 0.637279 0.474286 0.160536 -0.742860 0.313783 
0.637082 0.473687 0.160536 -0.742860 0.226784 0.636663 0.473071 0.160536 -0.742860 0.183773 0.636909 0.473379 0.160536 -0.742860 0.206256 0.637205 0.474010 0.160536 -0.742860 0.264907 0.637279 0.474286 0.160536 -0.742860 0.313783 0.637377 0.474532 0.160536 -0.742860 0.367546 
0.636663 0.473071 0.160536 -0.742860 0.183773 0.636909 0.473379 0.160536 -0.742860 0.206256 0.637205 0.474010 0.160536 -0.742860 0.264907 0.637279 0.474286 0.160536 -0.742860 0.313783 0.637377 0.474532 0.160536 -0.742860 0.367546 0.637451 0.474748 0.160536 -0.742860 0.418377 
0.636909 0.473379 0.160536 -0.742860 0.206256 0.637205 0.474010 0.160536 -0.742860 0.264907 0.637279 0.474286 0.160536 -0.742860 0.313783 0.637377 0.474532 0.160536 -0.742860 0.367546 0.637451 0.474748 0.160536 -0.742860 0.418377 0.637549 0.474963 0.160536 -0.742860 0.458456 
0.637205 0.474010 0.160536 -0.742860 0.264907 0.637279 0.474286 0.160536 -0.742860 0.313783 0.637377 0.474532 0.160536 -0.742860 0.367546 0.637451 0.474748 0.160536 -0.742860 0.418377 0.637549 0.474963 0.160536 -0.742860 0.458456 0.637623 0.475117 0.160536 -0.742860 0.495601 
0.637279 0.474286 0.160536 -0.742860 0.313783 0.637377 0.474532 0.160536 -0.742860 0.367546 0.637451 0.474748 0.160536 -0.742860 0.418377 0.637549 0.474963 0.160536 -0.742860 0.458456 0.637623 0.475117 0.160536 -0.742860 0.495601 0.637697 0.475255 0.160536 -0.742860 0.541544 
0.637377 0.474532 0.160536 -0.742860 0.367546 0.637451 0.474748 0.160536 -0.742860 0.418377 0.637549 0.474963 0.160536 -0.742860 0.458456 0.637623 0.475117 0.160536 -0.742860 0.495601 0.637697 0.475255 0.160536 -0.742860 0.541544 0.637746 0.475348 0.160536 -0.742860 0.589443 
0.637451 0.474748 0.160536 -0.742860 0.418377 0.637549 0.474963 0.160536 -0.742860 0.458456 0.637623 0.475117 0.160536 -0.742860 0.495601 0.637697 0.475255 0.160536 -0.742860 0.541544 0.637746 0.475348 0.160536 -0.742860 0.589443 0.637771 0.475424 0.160536 -0.742860 0.640274 
0.637549 0.474963 0.160536 -0.742860 0.458456 0.637623 0.475117 0.160536 -0.742860 0.495601 0.637697 0.475255 0.160536 -0.742860 0.541544 0.637746 0.475348 0.160536 -0.742860 0.589443 0.637771 0.475424 0.160536 -0.742860 0.640274 0.637845 0.475486 0.160536 -0.742860 0.678397 
0.637623 0.475117 0.160536 -0.742860 0.495601 0.637697 0.475255 0.160536 -0.742860 0.541544 0.637746 0.475348 0.160536 -0.742860 0.589443 0.637771 0.475424 0.160536 -0.742860 0.640274 0.637845 0.475486 0.160536 -0.742860 0.678397 0.637894 0.475532 0.160536 -0.742860 0.707722 
0.637697 0.475255 0.160536 -0.742860 0.541544 0.637746 0.475348 0.160536 -0.742860 0.589443 0.637771 0.475424 0.160536 -0.742860 0.640274 0.637845 0.475486 0.160536 -0.742860 0.678397 0.637894 0.475532 0.160536 -0.742860 0.707722 0.637918 0.475563 0.160536 -0.742860 0.733138 
0.637746 0.475348 0.160536 -0.742860 0.589443 0.637771 0.475424 0.160536 -0.742860 0.640274 0.637845 0.475486 0.160536 -0.742860 0.678397 0.637894 0.475532 0.160536 -0.742860 0.707722 0.637918 0.475563 0.160536 -0.742860 0.733138 0.637943 0.475594 0.160536 -0.742860 0.752688 
0.637771 0.475424 0.160536 -0.742860 0.640274 0.637845 0.475486 0.160536 -0.742860 0.678397 0.637894 0.475532 0.160536 -0.742860 0.707722 0.637918 0.475563 0.160536 -0.742860 0.733138 0.637943 0.475594 0.160536 -0.742860 0.752688 0.637943 0.475609 0.160536 -0.742860 0.773216 
0.637845 0.475486 0.160536 -0.742860 0.678397 0.637894 0.475532 0.160536 -0.742860 0.707722 0.637918 0.475563 0.160536 -0.742860 0.733138 0.637943 0.475594 0.160536 -0.742860 0.752688 0.637943 0.475609 0.160536 -0.742860 0.773216 0.637943 0.475548 0.166144 -0.760297 0.921799 
0.637894 0.475532 0.160536 -0.742860 0.707722 0.637918 0.475563 0.160536 -0.742860 0.733138 0.637943 0.475594 0.160536 -0.742860 0.752688 0.637943 0.475609 0.160536 -0.742860 0.773216 0.637943 0.475548 0.166144 -0.760297 0.921799 0.637943 0.475440 0.166144 -0.760297 0.926686 
0.637918 0.475563 0.160536 -0.742860 0.733138 0.637943 0.475594 0.160536 -0.742860 0.752688 0.637943 0.475609 0.160536 -0.742860 0.773216 0.637943 0.475548 0.166144 -0.760297 0.921799 0.637943 0.475440 0.166144 -0.760297 0.926686 0.637943 0.475271 0.166144 -0.760297 0.929619 
0.637943 0.475594 0.160536 -0.742860 0.752688 0.637943 0.475609 0.160536 -0.742860 0.773216 0.637943 0.475548 0.166144 -0.760297 0.921799 0.637943 0.475440 0.166144 -0.760297 0.926686 0.637943 0.475271 0.166144 -0.760297 0.929619 0.637943 0.475071 0.166144 -0.760297 0.932551 
0.637943 0.475609 0.160536 -0.742860 0.773216 0.637943 0.475548 0.166144 -0.760297 0.921799 0.637943 0.475440 0.166144 -0.760297 0.926686 0.637943 0.475271 0.166144 -0.760297 0.929619 0.637943 0.475071 0.166144 -0.760297 0.932551 0.637943 0.474763 0.166144 -0.760297 0.933529 
0.637943 0.475548 0.166144 -0.760297 0.921799 0.637943 0.475440 0.166144 -0.760297 0.926686 0.637943 0.475271 0.166144 -0.760297 0.929619 0.637943 0.475071 0.166144 -0.760297 0.932551 0.637943 0.474763 0.166144 -0.760297 0.933529 0.637943 0.474317 0.166144 -0.760297 0.933529 
0.637943 0.475440 0.166144 -0.760297 0.926686 0.637943 0.475271 0.166144 -0.760297 0.929619 0.637943 0.475071 0.166144 -0.760297 0.932551 0.637943 0.474763 0.166144 -0.760297 0.933529 0.637943 0.474317 0.166144 -0.760297 0.933529 0.637943 0.473764 0.166144 -0.760297 0.937439 
0.637943 0.475271 0.166144 -0.760297 0.929619 0.637943 0.475071 0.166144 -0.760297 0.932551 0.637943 0.474763 0.166144 -0.760297 0.933529 0.637943 0.474317 0.166144 -0.760297 0.933529 0.637943 0.473764 0.166144 -0.760297 0.937439 0.637943 0.473056 0.166144 -0.760297 0.937439 
0.637943 0.475071 0.166144 -0.760297 0.932551 0.637943 0.474763 0.166144 -0.760297 0.933529 0.637943 0.474317 0.166144 -0.760297 0.933529 0.637943 0.473764 0.166144 -0.760297 0.937439 0.637943 0.473056 0.166144 -0.760297 0.937439 0.637943 0.472133 0.166144 -0.760297 0.941349 
0.637943 0.474763 0.166144 -0.760297 0.933529 0.637943 0.474317 0.166144 -0.760297 0.933529 0.637943 0.473764 0.166144 -0.760297 0.937439 0.637943 0.473056 0.166144 -0.760297 0.937439 0.637943 0.472133 0.166144 -0.760297 0.941349 0.637943 0.471103 0.166144 -0.760297 0.942326 
0.637943 0.474317 0.166144 -0.760297 0.933529 0.637943 0.473764 0.166144 -0.760297 0.937439 0.637943 0.473056 0.166144 -0.760297 0.937439 0.637943 0.472133 0.166144 -0.760297 0.941349 0.637943 0.471103 0.166144 -0.760297 0.942326 0.637943 0.470026 0.166144 -0.760297 0.949169 
0.637943 0.473764 0.166144 -0.760297 0.937439 0.637943 0.473056 0.166144 -0.760297 0.937439 0.637943 0.472133 0.166144 -0.760297 0.941349 0.637943 0.471103 0.166144 -0.760297 0.942326 0.637943 0.470026 0.166144 -0.760297 0.949169 0.637943 0.468796 0.166144 -0.760297 0.945259 
0.637943 0.473056 0.166144 -0.760297 0.937439 0.637943 0.472133 0.166144 -0.760297 0.941349 0.637943 0.471103 0.166144 -0.760297 0.942326 0.637943 0.470026 0.166144 -0.760297 0.949169 0.637943 0.468796 0.166144 -0.760297 0.945259 0.637943 0.467474 0.149933 -0.761756 0.956012 
0.637943 0.472133 0.166144 -0.760297 0.941349 0.637943 0.471103 0.166144 -0.760297 0.942326 0.637943 0.470026 0.166144 -0.760297 0.949169 0.637943 0.468796 0.166144 -0.760297 0.945259 0.637943 0.467474 0.149933 -0.761756 0.956012 0.637943 0.465997 0.149933 -0.761756 0.962854 
0.637943 0.471103 0.166144 -0.760297 0.942326 0.637943 0.470026 0.166144 -0.760297 0.949169 0.637943 0.468796 0.166144 -0.760297 0.945259 0.637943 0.467474 0.149933 -0.761756 0.956012 0.637943 0.465997 0.149933 -0.761756 0.962854 0.637943 0.464398 0.149933 -0.761756 0.958944 
0.637943 0.470026 0.166144 -0.760297 0.949169 0.637943 0.468796 0.166144 -0.760297 0.945259 0.637943 0.467474 0.149933 -0.761756 0.956012 0.637943 0.465997 0.149933 -0.761756 0.962854 0.637943 0.464398 0.149933 -0.761756 0.958944 0.637943 0.462691 0.149933 -0.761756 0.961877 
0.637943 0.468796 0.166144 -0.760297 0.945259 0.637943 0.467474 0.149933 -0.761756 0.956012 0.637943 0.465997 0.149933 -0.761756 0.962854 0.637943 0.464398 0.149933 -0.761756 0.958944 0.637943 0.462691 0.149933 -0.761756 0.961877 0.637943 0.461061 0.149933 -0.761756 0.963832 
0.637943 0.467474 0.149933 -0.761756 0.956012 0.637943 0.465997 0.149933 -0.761756 0.962854 0.637943 0.464398 0.149933 -0.761756 0.958944 0.637943 0.462691 0.149933 -0.761756 0.961877 0.637943 0.461061 0.149933 -0.761756 0.963832 0.637943 0.459384 0.133597 -0.763059 0.974585 
0.637943 0.465997 0.149933 -0.761756 0.962854 0.637943 0.464398 0.149933 -0.761756 0.958944 0.637943 0.462691 0.149933 -0.761756 0.961877 0.637943 0.461061 0.149933 -0.761756 0.963832 0.637943 0.459384 0.133597 -0.763059 0.974585 0.637943 0.457616 0.133597 -0.763059 0.969697 
0.637943 0.464398 0.149933 -0.761756 0.958944 0.637943 0.462691 0.149933 -0.761756 0.961877 0.637943 0.461061 0.149933 -0.761756 0.963832 0.637943 0.459384 0.133597 -0.763059 0.974585 0.637943 0.457616 0.133597 -0.763059 0.969697 0.637943 0.455847 0.133597 -0.763059 0.984360 
0.637943 0.462691 0.149933 -0.761756 0.961877 0.637943 0.461061 0.149933 -0.761756 0.963832 0.637943 0.459384 0.133597 -0.763059 0.974585 0.637943 0.457616 0.133597 -0.763059 0.969697 0.637943 0.455847 0.133597 -0.763059 0.984360 0.637943 0.454109 0.133597 -0.763059 0.988270 
0.637943 0.461061 0.149933 -0.761756 0.963832 0.637943 0.459384 0.133597 -0.763059 0.974585 0.637943 0.457616 0.133597 -0.763059 0.969697 0.637943 0.455847 0.133597 -0.763059 0.984360 0.637943 0.454109 0.133597 -0.763059 0.988270 0.637943 0.452479 0.117149 -0.764207 0.990225 
0.637943 0.459384 0.133597 -0.763059 0.974585 0.637943 0.457616 0.133597 -0.763059 0.969697 0.637943 0.455847 0.133597 -0.763059 0.984360 0.637943 0.454109 0.133597 -0.763059 0.988270 0.637943 0.452479 0.117149 -0.764207 0.990225 0.637943 0.450849 0.117149 -0.764207 0.990225 
0.637943 0.457616 0.133597 -0.763059 0.969697 0.637943 0.455847 0.133597 -0.763059 0.984360 0.637943 0.454109 0.133597 -0.763059 0.988270 0.637943 0.452479 0.117149 -0.764207 0.990225 0.637943 0.450849 0.117149 -0.764207 0.990225 0.637943 0.449126 0.117149 -0.764207 0.995112 
0.637943 0.455847 0.133597 -0.763059 0.984360 0.637943 0.454109 0.133597 -0.763059 0.988270 0.637943 0.452479 0.117149 -0.764207 0.990225 0.637943 0.450849 0.117149 -0.764207 0.990225 0.637943 0.449126 0.117149 -0.764207 0.995112 0.637943 0.447373 0.117149 -0.764207 0.991202 
0.637943 0.454109 0.133597 -0.763059 0.988270 0.637943 0.452479 0.117149 -0.764207 0.990225 0.637943 0.450849 0.117149 -0.764207 0.990225 0.637943 0.449126 0.117149 -0.764207 0.995112 0.637943 0.447373 0.117149 -0.764207 0.991202 0.637894 0.445559 0.117149 -0.764207 1.000000 
0.637943 0.452479 0.117149 -0.764207 0.990225 0.637943 0.450849 0.117149 -0.764207 0.990225 0.637943 0.449126 0.117149 -0.764207 0.995112 0.637943 0.447373 0.117149 -0.764207 0.991202 0.637894 0.445559 0.117149 -0.764207 1.000000 0.637746 0.443605 0.100601 -0.765200 0.993157 
0.637943 0.450849 0.117149 -0.764207 0.990225 0.637943 0.449126 0.117149 -0.764207 0.995112 0.637943 0.447373 0.117149 -0.764207 0.991202 0.637894 0.445559 0.117149 -0.764207 1.000000 0.637746 0.443605 0.100601 -0.765200 0.993157 0.637623 0.441575 0.100601 -0.765200 1.000000 
0.637943 0.449126 0.117149 -0.764207 0.995112 0.637943 0.447373 0.117149 -0.764207 0.991202 0.637894 0.445559 0.117149 -0.764207 1.000000 0.637746 0.443605 0.100601 -0.765200 0.993157 0.637623 0.441575 0.100601 -0.765200 1.000000 0.637475 0.439453 0.100601 -0.765200 1.000000 
0.637943 0.447373 0.117149 -0.764207 0.991202 0.637894 0.445559 0.117149 -0.764207 1.000000 0.637746 0.443605 0.100601 -0.765200 0.993157 0.637623 0.441575 0.100601 -0.765200 1.000000 0.637475 0.439453 0.100601 -0.765200 1.000000 0.637303 0.437285 0.100601 -0.765200 1.000000 
0.637894 0.445559 0.117149 -0.764207 1.000000 0.637746 0.443605 0.100601 -0.765200 0.993157 0.637623 0.441575 0.100601 -0.765200 1.000000 0.637475 0.439453 0.100601 -0.765200 1.000000 0.637303 0.437285 0.100601 -0.765200 1.000000 0.637229 0.435209 0.083967 -0.766040 1.000000 
0.637746 0.443605 0.100601 -0.765200 0.993157 0.637623 0.441575 0.100601 -0.765200 1.000000 0.637475 0.439453 0.100601 -0.765200 1.000000 0.637303 0.437285 0.100601 -0.765200 1.000000 0.637229 0.435209 0.083967 -0.766040 1.000000 0.637082 0.433194 0.083967 -0.766040 1.000000 
0.637623 0.441575 0.100601 -0.765200 1.000000 0.637475 0.439453 0.100601 -0.765200 1.000000 0.637303 0.437285 0.100601 -0.765200 1.000000 0.637229 0.435209 0.083967 -0.766040 1.000000 0.637082 0.433194 0.083967 -0.766040 1.000000 0.636934 0.429088 0.064957 -0.749275 1.000000 
0.637475 0.439453 0.100601 -0.765200 1.000000 0.637303 0.437285 0.100601 -0.765200 1.000000 0.637229 0.435209 0.083967 -0.766040 1.000000 0.637082 0.433194 0.083967 -0.766040 1.000000 0.636934 0.429088 0.064957 -0.749275 1.000000 0.637008 0.431118 0.083967 -0.766040 1.000000 
0.637303 0.437285 0.100601 -0.765200 1.000000 0.637229 0.435209 0.083967 -0.766040 1.000000 0.637082 0.433194 0.083967 -0.766040 1.000000 0.636934 0.429088 0.064957 -0.749275 1.000000 0.637008 0.431118 0.083967 -0.766040 1.000000 0.636885 0.427242 0.064957 -0.749275 1.000000 
0.637229 0.435209 0.083967 -0.766040 1.000000 0.637082 0.433194 0.083967 -0.766040 1.000000 0.636934 0.429088 0.064957 -0.749275 1.000000 0.637008 0.431118 0.083967 -0.766040 1.000000 0.636885 0.427242 0.064957 -0.749275 1.000000 0.636885 0.425397 0.048765 -0.749808 1.000000 
0.637082 0.433194 0.083967 -0.766040 1.000000 0.636934 0.429088 0.064957 -0.749275 1.000000 0.637008 0.431118 0.083967 -0.766040 1.000000 0.636885 0.427242 0.064957 -0.749275 1.000000 0.636885 0.425397 0.048765 -0.749808 1.000000 0.636713 0.423582 0.048765 -0.749808 1.000000 
0.636934 0.429088 0.064957 -0.749275 1.000000 0.637008 0.431118 0.083967 -0.766040 1.000000 0.636885 0.427242 0.064957 -0.749275 1.000000 0.636885 0.425397 0.048765 -0.749808 1.000000 0.636713 0.423582 0.048765 -0.749808 1.000000 0.636590 0.421675 0.048765 -0.749808 1.000000 
0.637008 0.431118 0.083967 -0.766040 1.000000 0.636885 0.427242 0.064957 -0.749275 1.000000 0.636885 0.425397 0.048765 -0.749808 1.000000 0.636713 0.423582 0.048765 -0.749808 1.000000 0.636590 0.421675 0.048765 -0.749808 1.000000 0.636442 0.419753 0.032533 -0.750188 1.000000 
0.636885 0.427242 0.064957 -0.749275 1.000000 0.636885 0.425397 0.048765 -0.749808 1.000000 0.636713 0.423582 0.048765 -0.749808 1.000000 0.636590 0.421675 0.048765 -0.749808 1.000000 0.636442 0.419753 0.032533 -0.750188 1.000000 0.636343 0.417861 0.032533 -0.750188 1.000000 
0.636885 0.425397 0.048765 -0.749808 1.000000 0.636713 0.423582 0.048765 -0.749808 1.000000 0.636590 0.421675 0.048765 -0.749808 1.000000 0.636442 0.419753 0.032533 -0.750188 1.000000 0.636343 0.417861 0.032533 -0.750188 1.000000 0.636245 0.415954 0.032533 -0.750188 1.000000 
0.636713 0.423582 0.048765 -0.749808 1.000000 0.636590 0.421675 0.048765 -0.749808 1.000000 0.636442 0.419753 0.032533 -0.750188 1.000000 0.636343 0.417861 0.032533 -0.750188 1.000000 0.636245 0.415954 0.032533 -0.750188 1.000000 0.636048 0.414047 0.032533 -0.750188 1.000000 
0.636590 0.421675 0.048765 -0.749808 1.000000 0.636442 0.419753 0.032533 -0.750188 1.000000 0.636343 0.417861 0.032533 -0.750188 1.000000 0.636245 0.415954 0.032533 -0.750188 1.000000 0.636048 0.414047 0.032533 -0.750188 1.000000 0.635925 0.412109 0.032533 -0.750188 1.000000 
0.636442 0.419753 0.032533 -0.750188 1.000000 0.636343 0.417861 0.032533 -0.750188 1.000000 0.636245 0.415954 0.032533 -0.750188 1.000000 0.636048 0.414047 0.032533 -0.750188 1.000000 0.635925 0.412109 0.032533 -0.750188 1.000000 0.635704 0.410125 0.032533 -0.750188 1.000000 
0.636343 0.417861 0.032533 -0.750188 1.000000 0.636245 0.415954 0.032533 -0.750188 1.000000 0.636048 0.414047 0.032533 -0.750188 1.000000 0.635925 0.412109 0.032533 -0.750188 1.000000 0.635704 0.410125 0.032533 -0.750188 1.000000 0.635605 0.408111 0.016273 -0.750416 1.000000 
0.636245 0.415954 0.032533 -0.750188 1.000000 0.636048 0.414047 0.032533 -0.750188 1.000000 0.635925 0.412109 0.032533 -0.750188 1.000000 0.635704 0.410125 0.032533 -0.750188 1.000000 0.635605 0.408111 0.016273 -0.750416 1.000000 0.635507 0.406204 0.016273 -0.750416 1.000000 
0.636048 0.414047 0.032533 -0.750188 1.000000 0.635925 0.412109 0.032533 -0.750188 1.000000 0.635704 0.410125 0.032533 -0.750188 1.000000 0.635605 0.408111 0.016273 -0.750416 1.000000 0.635507 0.406204 0.016273 -0.750416 1.000000 0.635359 0.404266 0.016273 -0.750416 1.000000 
0.635925 0.412109 0.032533 -0.750188 1.000000 0.635704 0.410125 0.032533 -0.750188 1.000000 0.635605 0.408111 0.016273 -0.750416 1.000000 0.635507 0.406204 0.016273 -0.750416 1.000000 0.635359 0.404266 0.016273 -0.750416 1.000000 0.635187 0.402313 0.015713 -0.732963 1.000000 
0.635704 0.410125 0.032533 -0.750188 1.000000 0.635605 0.408111 0.016273 -0.750416 1.000000 0.635507 0.406204 0.016273 -0.750416 1.000000 0.635359 0.404266 0.016273 -0.750416 1.000000 0.635187 0.402313 0.015713 -0.732963 1.000000 0.635039 0.400467 0.015713 -0.732963 1.000000 
0.598105 0.477639 0.109294 -0.729319 1.000000 0.603642 0.477639 0.081096 -0.748590 1.000000 0.609129 0.477639 0.081096 -0.748590 1.000000 0.614542 0.477639 0.081096 -0.748590 1.000000 0.619956 0.477639 0.093841 -0.730308 1.000000 0.625271 0.477808 0.093841 -0.730308 1.000000 
0.603642 0.477639 0.081096 -0.748590 1.000000 0.609129 0.477639 0.081096 -0.748590 1.000000 0.614542 0.477639 0.081096 -0.748590 1.000000 0.619956 0.477639 0.093841 -0.730308 1.000000 0.625271 0.477808 0.093841 -0.730308 1.000000 0.630536 0.478070 0.093841 -0.730308 1.000000 
0.609129 0.477639 0.081096 -0.748590 1.000000 0.614542 0.477639 0.081096 -0.748590 1.000000 0.619956 0.477639 0.093841 -0.730308 1.000000 0.625271 0.477808 0.093841 -0.730308 1.000000 0.630536 0.478070 0.093841 -0.730308 1.000000 0.635605 0.478346 0.093841 -0.730308 1.000000 
0.614542 0.477639 0.081096 -0.748590 1.000000 0.619956 0.477639 0.093841 -0.730308 1.000000 0.625271 0.477808 0.093841 -0.730308 1.000000 0.630536 0.478070 0.093841 -0.730308 1.000000 0.635605 0.478346 0.093841 -0.730308 1.000000 0.640650 0.478608 0.062727 -0.731826 1.000000 
0.619956 0.477639 0.093841 -0.730308 1.000000 0.625271 0.477808 0.093841 -0.730308 1.000000 0.630536 0.478070 0.093841 -0.730308 1.000000 0.635605 0.478346 0.093841 -0.730308 1.000000 0.640650 0.478608 0.062727 -0.731826 1.000000 0.645645 0.478808 0.062727 -0.731826 1.000000 
0.625271 0.477808 0.093841 -0.730308 1.000000 0.630536 0.478070 0.093841 -0.730308 1.000000 0.635605 0.478346 0.093841 -0.730308 1.000000 0.640650 0.478608 0.062727 -0.731826 1.000000 0.645645 0.478808 0.062727 -0.731826 1.000000 0.650689 0.478992 0.062727 -0.731826 1.000000 
0.630536 0.478070 0.093841 -0.730308 1.000000 0.635605 0.478346 0.093841 -0.730308 1.000000 0.640650 0.478608 0.062727 -0.731826 1.000000 0.645645 0.478808 0.062727 -0.731826 1.000000 0.650689 0.478992 0.062727 -0.731826 1.000000 0.655684 0.479146 0.062727 -0.731826 1.000000 
0.635605 0.478346 0.093841 -0.730308 1.000000 0.640650 0.478608 0.062727 -0.731826 1.000000 0.645645 0.478808 0.062727 -0.731826 1.000000 0.650689 0.478992 0.062727 -0.731826 1.000000 0.655684 0.479146 0.062727 -0.731826 1.000000 0.660384 0.479269 0.062727 -0.731826 1.000000 
0.640650 0.478608 0.062727 -0.731826 1.000000 0.645645 0.478808 0.062727 -0.731826 1.000000 0.650689 0.478992 0.062727 -0.731826 1.000000 0.655684 0.479146 0.062727 -0.731826 1.000000 0.660384 0.479269 0.062727 -0.731826 1.000000 0.664813 0.479423 0.062727 -0.731826 1.000000 
0.645645 0.478808 0.062727 -0.731826 1.000000 0.650689 0.478992 0.062727 -0.731826 1.000000 0.655684 0.479146 0.062727 -0.731826 1.000000 0.660384 0.479269 0.062727 -0.731826 1.000000 0.664813 0.479423 0.062727 -0.731826 1.000000 0.669021 0.479561 0.062727 -0.731826 1.000000 
0.650689 0.478992 0.062727 -0.731826 1.000000 0.655684 0.479146 0.062727 -0.731826 1.000000 0.660384 0.479269 0.062727 -0.731826 1.000000 0.664813 0.479423 0.062727 -0.731826 1.000000 0.669021 0.479561 0.062727 -0.731826 1.000000 0.673056 0.479623 0.062727 -0.731826 1.000000 
0.655684 0.479146 0.062727 -0.731826 1.000000 0.660384 0.479269 0.062727 -0.731826 1.000000 0.664813 0.479423 0.062727 -0.731826 1.000000 0.669021 0.479561 0.062727 -0.731826 1.000000 0.673056 0.479623 0.062727 -0.731826 1.000000 0.676821 0.479623 0.062727 -0.731826 1.000000 
0.660384 0.479269 0.062727 -0.731826 1.000000 0.664813 0.479423 0.062727 -0.731826 1.000000 0.669021 0.479561 0.062727 -0.731826 1.000000 0.673056 0.479623 0.062727 -0.731826 1.000000 0.676821 0.479623 0.062727 -0.731826 1.000000 0.680364 0.479623 0.047089 -0.732356 1.000000 
0.664813 0.479423 0.062727 -0.731826 1.000000 0.669021 0.479561 0.062727 -0.731826 1.000000 0.673056 0.479623 0.062727 -0.731826 1.000000 0.676821 0.479623 0.062727 -0.731826 1.000000 0.680364 0.479623 0.047089 -0.732356 1.000000 0.683588 0.479623 0.047089 -0.732356 1.000000 
0.669021 0.479561 0.062727 -0.731826 1.000000 0.673056 0.479623 0.062727 -0.731826 1.000000 0.676821 0.479623 0.062727 -0.731826 1.000000 0.680364 0.479623 0.047089 -0.732356 1.000000 0.683588 0.479623 0.047089 -0.732356 1.000000 0.686540 0.479638 0.047089 -0.732356 1.000000 
0.673056 0.479623 0.062727 -0.731826 1.000000 0.676821 0.479623 0.062727 -0.731826 1.000000 0.680364 0.479623 0.047089 -0.732356 1.000000 0.683588 0.479623 0.047089 -0.732356 1.000000 0.686540 0.479638 0.047089 -0.732356 1.000000 0.689272 0.479638 0.047089 -0.732356 1.000000 
0.676821 0.479623 0.062727 -0.731826 1.000000 0.680364 0.479623 0.047089 -0.732356 1.000000 0.683588 0.479623 0.047089 -0.732356 1.000000 0.686540 0.479638 0.047089 -0.732356 1.000000 0.689272 0.479638 0.047089 -0.732356 1.000000 0.691757 0.479638 0.047089 -0.732356 1.000000 
0.680364 0.479623 0.047089 -0.732356 1.000000 0.683588 0.479623 0.047089 -0.732356 1.000000 0.686540 0.479638 0.047089 -0.732356 1.000000 0.689272 0.479638 0.047089 -0.732356 1.000000 0.691757 0.479638 0.047089 -0.732356 1.000000 0.693898 0.479638 0.047089 -0.732356 1.000000 
0.683588 0.479623 0.047089 -0.732356 1.000000 0.686540 0.479638 0.047089 -0.732356 1.000000 0.689272 0.479638 0.047089 -0.732356 1.000000 0.691757 0.479638 0.047089 -0.732356 1.000000 0.693898 0.479638 0.047089 -0.732356 1.000000 0.695768 0.479638 0.047089 -0.732356 1.000000 
0.686540 0.479638 0.047089 -0.732356 1.000000 0.689272 0.479638 0.047089 -0.732356 1.000000 0.691757 0.479638 0.047089 -0.732356 1.000000 0.693898 0.479638 0.047089 -0.732356 1.000000 0.695768 0.479638 0.047089 -0.732356 1.000000 0.697293 0.479638 0.047089 -0.732356 1.000000 
0.689272 0.479638 0.047089 -0.732356 1.000000 0.691757 0.479638 0.047089 -0.732356 1.000000 0.693898 0.479638 0.047089 -0.732356 1.000000 0.695768 0.479638 0.047089 -0.732356 1.000000 0.697293 0.479638 0.047089 -0.732356 1.000000 0.698499 0.479638 0.047089 -0.732356 1.000000 
0.691757 0.479638 0.047089 -0.732356 1.000000 0.693898 0.479638 0.047089 -0.732356 1.000000 0.695768 0.479638 0.047089 -0.732356 1.000000 0.697293 0.479638 0.047089 -0.732356 1.000000 0.698499 0.479638 0.047089 -0.732356 1.000000 0.699385 0.479638 0.031413 -0.732735 1.000000 
0.693898 0.479638 0.047089 -0.732356 1.000000 0.695768 0.479638 0.047089 -0.732356 1.000000 0.697293 0.479638 0.047089 -0.732356 1.000000 0.698499 0.479638 0.047089 -0.732356 1.000000 0.699385 0.479638 0.031413 -0.732735 1.000000 0.700025 0.479638 0.031413 -0.732735 1.000000 
0.695768 0.479638 0.047089 -0.732356 1.000000 0.697293 0.479638 0.047089 -0.732356 1.000000 0.698499 0.479638 0.047089 -0.732356 1.000000 0.699385 0.479638 0.031413 -0.732735 1.000000 0.700025 0.479638 0.031413 -0.732735 1.000000 0.700418 0.479638 0.031413 -0.732735 1.000000 
0.697293 0.479638 0.047089 -0.732356 1.000000 0.698499 0.479638 0.047089 -0.732356 1.000000 0.699385 0.479638 0.031413 -0.732735 1.000000 0.700025 0.479638 0.031413 -0.732735 1.000000 0.700418 0.479638 0.031413 -0.732735 1.000000 0.700714 0.479638 0.031413 -0.732735 1.000000 
0.698499 0.479638 0.047089 -0.732356 1.000000 0.699385 0.479638 0.031413 -0.732735 1.000000 0.700025 0.479638 0.031413 -0.732735 1.000000 0.700418 0.479638 0.031413 -0.732735 1.000000 0.700714 0.479638 0.031413 -0.732735 1.000000 0.700886 0.479638 0.031413 -0.732735 1.000000 
0.699385 0.479638 0.031413 -0.732735 1.000000 0.700025 0.479638 0.031413 -0.732735 1.000000 0.700418 0.479638 0.031413 -0.732735 1.000000 0.700714 0.479638 0.031413 -0.732735 1.000000 0.700886 0.479638 0.031413 -0.732735 1.000000 0.700984 0.479638 0.031413 -0.732735 1.000000 
0.700025 0.479638 0.031413 -0.732735 1.000000 0.700418 0.479638 0.031413 -0.732735 1.000000 0.700714 0.479638 0.031413 -0.732735 1.000000 0.700886 0.479638 0.031413 -0.732735 1.000000 0.700984 0.479638 0.031413 -0.732735 1.000000 0.701033 0.479638 0.031413 -0.732735 1.000000 
0.700418 0.479638 0.031413 -0.732735 1.000000 0.700714 0.479638 0.031413 -0.732735 1.000000 0.700886 0.479638 0.031413 -0.732735 1.000000 0.700984 0.479638 0.031413 -0.732735 1.000000 0.701033 0.479638 0.031413 -0.732735 1.000000 0.701058 0.479638 0.032533 -0.750188 1.000000 
0.700714 0.479638 0.031413 -0.732735 1.000000 0.700886 0.479638 0.031413 -0.732735 1.000000 0.700984 0.479638 0.031413 -0.732735 1.000000 0.701033 0.479638 0.031413 -0.732735 1.000000 0.701058 0.479638 0.032533 -0.750188 1.000000 0.700837 0.479638 0.048765 -0.749808 0.988270 
0.700886 0.479638 0.031413 -0.732735 1.000000 0.700984 0.479638 0.031413 -0.732735 1.000000 0.701033 0.479638 0.031413 -0.732735 1.000000 0.701058 0.479638 0.032533 -0.750188 1.000000 0.700837 0.479638 0.048765 -0.749808 0.988270 0.700418 0.479638 0.050497 -0.767260 0.876833 
0.700984 0.479638 0.031413 -0.732735 1.000000 0.701033 0.479638 0.031413 -0.732735 1.000000 0.701058 0.479638 0.032533 -0.750188 1.000000 0.700837 0.479638 0.048765 -0.749808 0.988270 0.700418 0.479638 0.050497 -0.767260 0.876833 0.699852 0.479484 0.050497 -0.767260 0.756598 
0.701033 0.479638 0.031413 -0.732735 1.000000 0.701058 0.479638 0.032533 -0.750188 1.000000 0.700837 0.479638 0.048765 -0.749808 0.988270 0.700418 0.479638 0.050497 -0.767260 0.876833 0.699852 0.479484 0.050497 -0.767260 0.756598 0.699065 0.479085 0.067261 -0.766726 0.615836 
0.701058 0.479638 0.032533 -0.750188 1.000000 0.700837 0.479638 0.048765 -0.749808 0.988270 0.700418 0.479638 0.050497 -0.767260 0.876833 0.699852 0.479484 0.050497 -0.767260 0.756598 0.699065 0.479085 0.067261 -0.766726 0.615836 0.698179 0.478408 0.067261 -0.766726 0.495601 
0.700837 0.479638 0.048765 -0.749808 0.988270 0.700418 0.479638 0.050497 -0.767260 0.876833 0.699852 0.479484 0.050497 -0.767260 0.756598 0.699065 0.479085 0.067261 -0.766726 0.615836 0.698179 0.478408 0.067261 -0.766726 0.495601 0.697146 0.477547 0.064957 -0.749275 0.356794 
0.700418 0.479638 0.050497 -0.767260 0.876833 0.699852 0.479484 0.050497 -0.767260 0.756598 0.699065 0.479085 0.067261 -0.766726 0.615836 0.698179 0.478408 0.067261 -0.766726 0.495601 0.697146 0.477547 0.064957 -0.749275 0.356794 0.696014 0.476547 0.081096 -0.748590 0.217009 
0.699852 0.479484 0.050497 -0.767260 0.756598 0.699065 0.479085 0.067261 -0.766726 0.615836 0.698179 0.478408 0.067261 -0.766726 0.495601 0.697146 0.477547 0.064957 -0.749275 0.356794 0.696014 0.476547 0.081096 -0.748590 0.217009 0.694882 0.475409 0.081096 -0.748590 0.081134 
0.699065 0.479085 0.067261 -0.766726 0.615836 0.698179 0.478408 0.067261 -0.766726 0.495601 0.697146 0.477547 0.064957 -0.749275 0.356794 0.696014 0.476547 0.081096 -0.748590 0.217009 0.694882 0.475409 0.081096 -0.748590 0.081134 0.692741 0.472964 0.081096 -0.748590 0.000000 
0.698179 0.478408 0.067261 -0.766726 0.495601 0.697146 0.477547 0.064957 -0.749275 0.356794 0.696014 0.476547 0.081096 -0.748590 0.217009 0.694882 0.475409 0.081096 -0.748590 0.081134 0.692741 0.472964 0.081096 -0.748590 0.000000 0.691634 0.471749 0.081096 -0.748590 0.000000 
0.697146 0.477547 0.064957 -0.749275 0.356794 0.696014 0.476547 0.081096 -0.748590 0.217009 0.694882 0.475409 0.081096 -0.748590 0.081134 0.692741 0.472964 0.081096 -0.748590 0.000000 0.691634 0.471749 0.081096 -0.748590 0.000000 0.690600 0.470688 0.097167 -0.747752 0.000000 
0.696014 0.476547 0.081096 -0.748590 0.217009 0.694882 0.475409 0.081096 -0.748590 0.081134 0.692741 0.472964 0.081096 -0.748590 0.000000 0.691634 0.471749 0.081096 -0.748590 0.000000 0.690600 0.470688 0.097167 -0.747752 0.000000 0.689518 0.469811 0.097167 -0.747752 0.000000 
0.694882 0.475409 0.081096 -0.748590 0.081134 0.692741 0.472964 0.081096 -0.748590 0.000000 0.691634 0.471749 0.081096 -0.748590 0.000000 0.690600 0.470688 0.097167 -0.747752 0.000000 0.689518 0.469811 0.097167 -0.747752 0.000000 0.688361 0.469104 0.100601 -0.765200 0.000000 
0.692741 0.472964 0.081096 -0.748590 0.000000 0.691634 0.471749 0.081096 -0.748590 0.000000 0.690600 0.470688 0.097167 -0.747752 0.000000 0.689518 0.469811 0.097167 -0.747752 0.000000 0.688361 0.469104 0.100601 -0.765200 0.000000 0.687106 0.468535 0.100601 -0.765200 0.000000 
0.691634 0.471749 0.081096 -0.748590 0.000000 0.690600 0.470688 0.097167 -0.747752 0.000000 0.689518 0.469811 0.097167 -0.747752 0.000000 0.688361 0.469104 0.100601 -0.765200 0.000000 0.687106 0.468535 0.100601 -0.765200 0.000000 0.685728 0.468535 0.100601 -0.765200 0.000000 
0.690600 0.470688 0.097167 -0.747752 0.000000 0.689518 0.469811 0.097167 -0.747752 0.000000 0.688361 0.469104 0.100601 -0.765200 0.000000 0.687106 0.468535 0.100601 -0.765200 0.000000 0.685728 0.468535 0.100601 -0.765200 0.000000 0.684154 0.468535 0.100601 -0.765200 0.000000 
0.689518 0.469811 0.097167 -0.747752 0.000000 0.688361 0.469104 0.100601 -0.765200 0.000000 0.687106 0.468535 0.100601 -0.765200 0.000000 0.685728 0.468535 0.100601 -0.765200 0.000000 0.684154 0.468535 0.100601 -0.765200 0.000000 0.682431 0.468427 0.117149 -0.764207 0.000000 
0.688361 0.469104 0.100601 -0.765200 0.000000 0.687106 0.468535 0.100601 -0.765200 0.000000 0.685728 0.468535 0.100601 -0.765200 0.000000 0.684154 0.468535 0.100601 -0.765200 0.000000 0.682431 0.468427 0.117149 -0.764207 0.000000 0.680561 0.468335 0.129060 -0.745615 0.000000 
0.687106 0.468535 0.100601 -0.765200 0.000000 0.685728 0.468535 0.100601 -0.765200 0.000000 0.684154 0.468535 0.100601 -0.765200 0.000000 0.682431 0.468427 0.117149 -0.764207 0.000000 0.680561 0.468335 0.129060 -0.745615 0.000000 0.678543 0.468258 0.129060 -0.745615 0.000000 
0.685728 0.468535 0.100601 -0.765200 0.000000 0.684154 0.468535 0.100601 -0.765200 0.000000 0.682431 0.468427 0.117149 -0.764207 0.000000 0.680561 0.468335 0.129060 -0.745615 0.000000 0.678543 0.468258 0.129060 -0.745615 0.000000 0.674114 0.468104 0.124662 -0.728178 0.000000 
0.684154 0.468535 0.100601 -0.765200 0.000000 0.682431 0.468427 0.117149 -0.764207 0.000000 0.680561 0.468335 0.129060 -0.745615 0.000000 0.678543 0.468258 0.129060 -0.745615 0.000000 0.674114 0.468104 0.124662 -0.728178 0.000000 0.676403 0.468166 0.129060 -0.745615 0.000000 
0.682431 0.468427 0.117149 -0.764207 0.000000 0.680561 0.468335 0.129060 -0.745615 0.000000 0.678543 0.468258 0.129060 -0.745615 0.000000 0.674114 0.468104 0.124662 -0.728178 0.000000 0.676403 0.468166 0.129060 -0.745615 0.000000 0.671678 0.468027 0.124662 -0.728178 0.000000 
0.680561 0.468335 0.129060 -0.745615 0.000000 0.678543 0.468258 0.129060 -0.745615 0.000000 0.674114 0.468104 0.124662 -0.728178 0.000000 0.676403 0.468166 0.129060 -0.745615 0.000000 0.671678 0.468027 0.124662 -0.728178 0.000000 0.669045 0.467950 0.120396 -0.710746 0.000000 
0.678543 0.468258 0.129060 -0.745615 0.000000 0.674114 0.468104 0.124662 -0.728178 0.000000 0.676403 0.468166 0.129060 -0.745615 0.000000 0.671678 0.468027 0.124662 -0.728178 0.000000 0.669045 0.467950 0.120396 -0.710746 0.000000 0.666388 0.467504 0.116254 -0.693320 0.000000 
0.674114 0.468104 0.124662 -0.728178 0.000000 0.676403 0.468166 0.129060 -0.745615 0.000000 0.671678 0.468027 0.124662 -0.728178 0.000000 0.669045 0.467950 0.120396 -0.710746 0.000000 0.666388 0.467504 0.116254 -0.693320 0.000000 0.663755 0.467412 0.116254 -0.693320 0.000000 
0.676403 0.468166 0.129060 -0.745615 0.000000 0.671678 0.468027 0.124662 -0.728178 0.000000 0.669045 0.467950 0.120396 -0.710746 0.000000 0.666388 0.467504 0.116254 -0.693320 0.000000 0.663755 0.467412 0.116254 -0.693320 0.000000 0.661147 0.467028 0.126007 -0.674628 0.000000 
0.671678 0.468027 0.124662 -0.728178 0.000000 0.669045 0.467950 0.120396 -0.710746 0.000000 0.666388 0.467504 0.116254 -0.693320 0.000000 0.663755 0.467412 0.116254 -0.693320 0.000000 0.661147 0.467028 0.126007 -0.674628 0.000000 0.658612 0.466720 0.108308 -0.658486 0.000000 
0.669045 0.467950 0.120396 -0.710746 0.000000 0.666388 0.467504 0.116254 -0.693320 0.000000 0.663755 0.467412 0.116254 -0.693320 0.000000 0.661147 0.467028 0.126007 -0.674628 0.000000 0.658612 0.466720 0.108308 -0.658486 0.000000 0.656053 0.466489 0.108308 -0.658486 0.000000 
0.666388 0.467504 0.116254 -0.693320 0.000000 0.663755 0.467412 0.116254 -0.693320 0.000000 0.661147 0.467028 0.126007 -0.674628 0.000000 0.658612 0.466720 0.108308 -0.658486 0.000000 0.656053 0.466489 0.108308 -0.658486 0.000000 0.653568 0.466397 0.104492 -0.641078 0.000000 
0.663755 0.467412 0.116254 -0.693320 0.000000 0.661147 0.467028 0.126007 -0.674628 0.000000 0.658612 0.466720 0.108308 -0.658486 0.000000 0.656053 0.466489 0.108308 -0.658486 0.000000 0.653568 0.466397 0.104492 -0.641078 0.000000 0.651132 0.466166 0.100773 -0.623675 0.000000 
0.661147 0.467028 0.126007 -0.674628 0.000000 0.658612 0.466720 0.108308 -0.658486 0.000000 0.656053 0.466489 0.108308 -0.658486 0.000000 0.653568 0.466397 0.104492 -0.641078 0.000000 0.651132 0.466166 0.100773 -0.623675 0.000000 0.648819 0.466089 0.109102 -0.605057 0.000000 
0.658612 0.466720 0.108308 -0.658486 0.000000 0.656053 0.466489 0.108308 -0.658486 0.000000 0.653568 0.466397 0.104492 -0.641078 0.000000 0.651132 0.466166 0.100773 -0.623675 0.000000 0.648819 0.466089 0.109102 -0.605057 0.000000 0.646481 0.465966 0.090135 -0.571501 0.000000 
0.656053 0.466489 0.108308 -0.658486 0.000000 0.653568 0.466397 0.104492 -0.641078 0.000000 0.651132 0.466166 0.100773 -0.623675 0.000000 0.648819 0.466089 0.109102 -0.605057 0.000000 0.646481 0.465966 0.090135 -0.571501 0.000000 0.644021 0.465828 0.086747 -0.554120 0.000000 
0.653568 0.466397 0.104492 -0.641078 0.000000 0.651132 0.466166 0.100773 -0.623675 0.000000 0.648819 0.466089 0.109102 -0.605057 0.000000 0.646481 0.465966 0.090135 -0.571501 0.000000 0.644021 0.465828 0.086747 -0.554120 0.000000 0.641560 0.465551 0.070246 -0.520365 0.000000 
0.651132 0.466166 0.100773 -0.623675 0.000000 0.648819 0.466089 0.109102 -0.605057 0.000000 0.646481 0.465966 0.090135 -0.571501 0.000000 0.644021 0.465828 0.086747 -0.554120 0.000000 0.641560 0.465551 0.070246 -0.520365 0.000000 0.639075 0.465428 0.064709 -0.485597 0.000000 
0.648819 0.466089 0.109102 -0.605057 0.000000 0.646481 0.465966 0.090135 -0.571501 0.000000 0.644021 0.465828 0.086747 -0.554120 0.000000 0.641560 0.465551 0.070246 -0.520365 0.000000 0.639075 0.465428 0.064709 -0.485597 0.000000 0.636590 0.465305 0.067775 -0.449944 0.000000 
0.646481 0.465966 0.090135 -0.571501 0.000000 0.644021 0.465828 0.086747 -0.554120 0.000000 0.641560 0.465551 0.070246 -0.520365 0.000000 0.639075 0.465428 0.064709 -0.485597 0.000000 0.636590 0.465305 0.067775 -0.449944 0.000000 0.634104 0.465182 0.054207 -0.416106 0.000000 
0.644021 0.465828 0.086747 -0.554120 0.000000 0.641560 0.465551 0.070246 -0.520365 0.000000 0.639075 0.465428 0.064709 -0.485597 0.000000 0.636590 0.465305 0.067775 -0.449944 0.000000 0.634104 0.465182 0.054207 -0.416106 0.000000 0.631644 0.465074 0.049199 -0.381381 0.000000 
0.641560 0.465551 0.070246 -0.520365 0.000000 0.639075 0.465428 0.064709 -0.485597 0.000000 0.636590 0.465305 0.067775 -0.449944 0.000000 0.634104 0.465182 0.054207 -0.416106 0.000000 0.631644 0.465074 0.049199 -0.381381 0.000000 0.629282 0.464890 0.033443 -0.365245 0.000000 
0.639075 0.465428 0.064709 -0.485597 0.000000 0.636590 0.465305 0.067775 -0.449944 0.000000 0.634104 0.465182 0.054207 -0.416106 0.000000 0.631644 0.465074 0.049199 -0.381381 0.000000 0.629282 0.464890 0.033443 -0.365245 0.000000 0.626968 0.464721 0.031711 -0.347842 0.000000 
0.620620 0.467797 0.101109 -0.481045 0.000000 0.621580 0.467797 0.101109 -0.481045 0.000000 0.622638 0.467797 0.105543 -0.462360 0.000000 0.623647 0.467750 0.105543 -0.462360 0.000000 0.624680 0.467658 0.105543 -0.462360 0.000000 0.625714 0.467658 0.124052 -0.495212 0.000000 
0.621580 0.467797 0.101109 -0.481045 0.000000 0.622638 0.467797 0.105543 -0.462360 0.000000 0.623647 0.467750 0.105543 -0.462360 0.000000 0.624680 0.467658 0.105543 -0.462360 0.000000 0.625714 0.467658 0.124052 -0.495212 0.000000 0.626747 0.467658 0.124052 -0.495212 0.000000 
0.622638 0.467797 0.105543 -0.462360 0.000000 0.623647 0.467750 0.105543 -0.462360 0.000000 0.624680 0.467658 0.105543 -0.462360 0.000000 0.625714 0.467658 0.124052 -0.495212 0.000000 0.626747 0.467658 0.124052 -0.495212 0.000000 0.627756 0.468196 0.138776 -0.510641 0.000000 
0.623647 0.467750 0.105543 -0.462360 0.000000 0.624680 0.467658 0.105543 -0.462360 0.000000 0.625714 0.467658 0.124052 -0.495212 0.000000 0.626747 0.467658 0.124052 -0.495212 0.000000 0.627756 0.468196 0.138776 -0.510641 0.000000 0.628716 0.468765 0.138776 -0.510641 0.000000 
0.624680 0.467658 0.105543 -0.462360 0.000000 0.625714 0.467658 0.124052 -0.495212 0.000000 0.626747 0.467658 0.124052 -0.495212 0.000000 0.627756 0.468196 0.138776 -0.510641 0.000000 0.628716 0.468765 0.138776 -0.510641 0.000000 0.629651 0.469242 0.160340 -0.543046 0.000000 
0.625714 0.467658 0.124052 -0.495212 0.000000 0.626747 0.467658 0.124052 -0.495212 0.000000 0.627756 0.468196 0.138776 -0.510641 0.000000 0.628716 0.468765 0.138776 -0.510641 0.000000 0.629651 0.469242 0.160340 -0.543046 0.000000 0.630536 0.469611 0.177125 -0.558060 0.000000 
0.626747 0.467658 0.124052 -0.495212 0.000000 0.627756 0.468196 0.138776 -0.510641 0.000000 0.628716 0.468765 0.138776 -0.510641 0.000000 0.629651 0.469242 0.160340 -0.543046 0.000000 0.630536 0.469611 0.177125 -0.558060 0.000000 0.631373 0.469934 0.172834 -0.577447 0.000000 
0.627756 0.468196 0.138776 -0.510641 0.000000 0.628716 0.468765 0.138776 -0.510641 0.000000 0.629651 0.469242 0.160340 -0.543046 0.000000 0.630536 0.469611 0.177125 -0.558060 0.000000 0.631373 0.469934 0.172834 -0.577447 0.000000 0.631373 0.470242 0.197648 -0.609650 0.000000 
0.628716 0.468765 0.138776 -0.510641 0.000000 0.629651 0.469242 0.160340 -0.543046 0.000000 0.630536 0.469611 0.177125 -0.558060 0.000000 0.631373 0.469934 0.172834 -0.577447 0.000000 0.631373 0.470242 0.197648 -0.609650 0.000000 0.632308 0.470580 0.204796 -0.626890 0.000000 
0.629651 0.469242 0.160340 -0.543046 0.000000 0.630536 0.469611 0.177125 -0.558060 0.000000 0.631373 0.469934 0.172834 -0.577447 0.000000 0.631373 0.470242 0.197648 -0.609650 0.000000 0.632308 0.470580 0.204796 -0.626890 0.000000 0.632308 0.470595 0.206597 -0.663787 0.000000 
0.630536 0.469611 0.177125 -0.558060 0.000000 0.631373 0.469934 0.172834 -0.577447 0.000000 0.631373 0.470242 0.197648 -0.609650 0.000000 0.632308 0.470580 0.204796 -0.626890 0.000000 0.632308 0.470595 0.206597 -0.663787 0.000000 0.632308 0.470965 0.221303 -0.698464 0.000000 
0.631373 0.469934 0.172834 -0.577447 0.000000 0.631373 0.470242 0.197648 -0.609650 0.000000 0.632308 0.470580 0.204796 -0.626890 0.000000 0.632308 0.470595 0.206597 -0.663787 0.000000 0.632308 0.470965 0.221303 -0.698464 0.000000 0.632456 0.471364 0.228955 -0.715834 0.000000 
0.631373 0.470242 0.197648 -0.609650 0.000000 0.632308 0.470580 0.204796 -0.626890 0.000000 0.632308 0.470595 0.206597 -0.663787 0.000000 0.632308 0.470965 0.221303 -0.698464 0.000000 0.632456 0.471364 0.228955 -0.715834 0.000000 0.632554 0.471764 0.236824 -0.733224 0.000000 
0.632308 0.470580 0.204796 -0.626890 0.000000 0.632308 0.470595 0.206597 -0.663787 0.000000 0.632308 0.470965 0.221303 -0.698464 0.000000 0.632456 0.471364 0.228955 -0.715834 0.000000 0.632554 0.471764 0.236824 -0.733224 0.000000 0.632972 0.472118 0.237361 -0.770323 0.000000 
0.632308 0.470595 0.206597 -0.663787 0.000000 0.632308 0.470965 0.221303 -0.698464 0.000000 0.632456 0.471364 0.228955 -0.715834 0.000000 0.632554 0.471764 0.236824 -0.733224 0.000000 0.632972 0.472118 0.237361 -0.770323 0.000000 0.633563 0.472195 0.237361 -0.770323 0.000000 
0.632308 0.470965 0.221303 -0.698464 0.000000 0.632456 0.471364 0.228955 -0.715834 0.000000 0.632554 0.471764 0.236824 -0.733224 0.000000 0.632972 0.472118 0.237361 -0.770323 0.000000 0.633563 0.472195 0.237361 -0.770323 0.000000 0.633834 0.472241 0.245466 -0.787778 0.000000 
0.632456 0.471364 0.228955 -0.715834 0.000000 0.632554 0.471764 0.236824 -0.733224 0.000000 0.632972 0.472118 0.237361 -0.770323 0.000000 0.633563 0.472195 0.237361 -0.770323 0.000000 0.633834 0.472241 0.245466 -0.787778 0.000000 0.634178 0.472287 0.245466 -0.787778 0.000000 
0.632554 0.471764 0.236824 -0.733224 0.000000 0.632972 0.472118 0.237361 -0.770323 0.000000 0.633563 0.472195 0.237361 -0.770323 0.000000 0.633834 0.472241 0.245466 -0.787778 0.000000 0.634178 0.472287 0.245466 -0.787778 0.000000 0.634375 0.472395 0.270735 -0.802995 0.000000 
0.632972 0.472118 0.237361 -0.770323 0.000000 0.633563 0.472195 0.237361 -0.770323 0.000000 0.633834 0.472241 0.245466 -0.787778 0.000000 0.634178 0.472287 0.245466 -0.787778 0.000000 0.634375 0.472395 0.270735 -0.802995 0.000000 0.634523 0.472549 0.270735 -0.802995 0.000000 
0.633563 0.472195 0.237361 -0.770323 0.000000 0.633834 0.472241 0.245466 -0.787778 0.000000 0.634178 0.472287 0.245466 -0.787778 0.000000 0.634375 0.472395 0.270735 -0.802995 0.000000 0.634523 0.472549 0.270735 -0.802995 0.000000 0.634621 0.472641 0.270735 -0.802995 0.000000 
0.633834 0.472241 0.245466 -0.787778 0.000000 0.634178 0.472287 0.245466 -0.787778 0.000000 0.634375 0.472395 0.270735 -0.802995 0.000000 0.634523 0.472549 0.270735 -0.802995 0.000000 0.634621 0.472641 0.270735 -0.802995 0.000000 0.634793 0.472641 0.270735 -0.802995 0.000000 
0.634178 0.472287 0.245466 -0.787778 0.000000 0.634375 0.472395 0.270735 -0.802995 0.000000 0.634523 0.472549 0.270735 -0.802995 0.000000 0.634621 0.472641 0.270735 -0.802995 0.000000 0.634793 0.472641 0.270735 -0.802995 0.000000 0.635039 0.472641 0.270735 -0.802995 0.000000 
0.634375 0.472395 0.270735 -0.802995 0.000000 0.634523 0.472549 0.270735 -0.802995 0.000000 0.634621 0.472641 0.270735 -0.802995 0.000000 0.634793 0.472641 0.270735 -0.802995 0.000000 0.635039 0.472641 0.270735 -0.802995 0.000000 0.635187 0.472549 0.270735 -0.802995 0.000000 
0.634523 0.472549 0.270735 -0.802995 0.000000 0.634621 0.472641 0.270735 -0.802995 0.000000 0.634793 0.472641 0.270735 -0.802995 0.000000 0.635039 0.472641 0.270735 -0.802995 0.000000 0.635187 0.472549 0.270735 -0.802995 0.000000 0.635556 0.472395 0.270735 -0.802995 0.000000 
0.634621 0.472641 0.270735 -0.802995 0.000000 0.634793 0.472641 0.270735 -0.802995 0.000000 0.635039 0.472641 0.270735 -0.802995 0.000000 0.635187 0.472549 0.270735 -0.802995 0.000000 0.635556 0.472395 0.270735 -0.802995 0.000000 0.635704 0.472333 0.270735 -0.802995 0.000000 
0.634793 0.472641 0.270735 -0.802995 0.000000 0.635039 0.472641 0.270735 -0.802995 0.000000 0.635187 0.472549 0.270735 -0.802995 0.000000 0.635556 0.472395 0.270735 -0.802995 0.000000 0.635704 0.472333 0.270735 -0.802995 0.000000 0.636147 0.472303 0.270735 -0.802995 0.000000 
0.635039 0.472641 0.270735 -0.802995 0.000000 0.635187 0.472549 0.270735 -0.802995 0.000000 0.635556 0.472395 0.270735 -0.802995 0.000000 0.635704 0.472333 0.270735 -0.802995 0.000000 0.636147 0.472303 0.270735 -0.802995 0.000000 0.636294 0.472287 0.270735 -0.802995 0.000000 
0.635187 0.472549 0.270735 -0.802995 0.000000 0.635556 0.472395 0.270735 -0.802995 0.000000 0.635704 0.472333 0.270735 -0.802995 0.000000 0.636147 0.472303 0.270735 -0.802995 0.000000 0.636294 0.472287 0.270735 -0.802995 0.000000 0.636713 0.472210 0.270735 -0.802995 0.000000 
0.635556 0.472395 0.270735 -0.802995 0.000000 0.635704 0.472333 0.270735 -0.802995 0.000000 0.636147 0.472303 0.270735 -0.802995 0.000000 0.636294 0.472287 0.270735 -0.802995 0.000000 0.636713 0.472210 0.270735 -0.802995 0.000000 0.637131 0.472133 0.270735 -0.802995 0.000000 
0.635704 0.472333 0.270735 -0.802995 0.000000 0.636147 0.472303 0.270735 -0.802995 0.000000 0.636294 0.472287 0.270735 -0.802995 0.000000 0.636713 0.472210 0.270735 -0.802995 0.000000 0.637131 0.472133 0.270735 -0.802995 0.000000 0.637279 0.472133 0.262482 -0.822742 0.000000 
0.636147 0.472303 0.270735 -0.802995 0.000000 0.636294 0.472287 0.270735 -0.802995 0.000000 0.636713 0.472210 0.270735 -0.802995 0.000000 0.637131 0.472133 0.270735 -0.802995 0.000000 0.637279 0.472133 0.262482 -0.822742 0.000000 0.638214 0.472133 0.253834 -0.805251 0.000000 
0.636294 0.472287 0.270735 -0.802995 0.000000 0.636713 0.472210 0.270735 -0.802995 0.000000 0.637131 0.472133 0.270735 -0.802995 0.000000 0.637279 0.472133 0.262482 -0.822742 0.000000 0.638214 0.472133 0.253834 -0.805251 0.000000 0.637721 0.472133 0.270735 -0.802995 0.000000 
0.636713 0.472210 0.270735 -0.802995 0.000000 0.637131 0.472133 0.270735 -0.802995 0.000000 0.637279 0.472133 0.262482 -0.822742 0.000000 0.638214 0.472133 0.253834 -0.805251 0.000000 0.637721 0.472133 0.270735 -0.802995 0.000000 0.637845 0.472133 0.270735 -0.802995 0.000000 
0.637131 0.472133 0.270735 -0.802995 0.000000 0.637279 0.472133 0.262482 -0.822742 0.000000 0.638214 0.472133 0.253834 -0.805251 0.000000 0.637721 0.472133 0.270735 -0.802995 0.000000 0.637845 0.472133 0.270735 -0.802995 0.000000 0.638337 0.472133 0.253834 -0.805251 0.000000 
0.637279 0.472133 0.262482 -0.822742 0.000000 0.638214 0.472133 0.253834 -0.805251 0.000000 0.637721 0.472133 0.270735 -0.802995 0.000000 0.637845 0.472133 0.270735 -0.802995 0.000000 0.638337 0.472133 0.253834 -0.805251 0.000000 0.638706 0.472210 0.253834 -0.805251 0.000000 
0.638214 0.472133 0.253834 -0.805251 0.000000 0.637721 0.472133 0.270735 -0.802995 0.000000 0.637845 0.472133 0.270735 -0.802995 0.000000 0.638337 0.472133 0.253834 -0.805251 0.000000 0.638706 0.472210 0.253834 -0.805251 0.000000 0.638903 0.472241 0.253834 -0.805251 0.000000 
0.637721 0.472133 0.270735 -0.802995 0.000000 0.637845 0.472133 0.270735 -0.802995 0.000000 0.638337 0.472133 0.253834 -0.805251 0.000000 0.638706 0.472210 0.253834 -0.805251 0.000000 0.638903 0.472241 0.253834 -0.805251 0.000000 0.639247 0.472318 0.245466 -0.787778 0.000000 
0.637845 0.472133 0.270735 -0.802995 0.000000 0.638337 0.472133 0.253834 -0.805251 0.000000 0.638706 0.472210 0.253834 -0.805251 0.000000 0.638903 0.472241 0.253834 -0.805251 0.000000 0.639247 0.472318 0.245466 -0.787778 0.000000 0.639444 0.472395 0.245466 -0.787778 0.000000 
0.638337 0.472133 0.253834 -0.805251 0.000000 0.638706 0.472210 0.253834 -0.805251 0.000000 0.638903 0.472241 0.253834 -0.805251 0.000000 0.639247 0.472318 0.245466 -0.787778 0.000000 0.639444 0.472395 0.245466 -0.787778 0.000000 0.639715 0.472456 0.245466 -0.787778 0.000000 
0.638706 0.472210 0.253834 -0.805251 0.000000 0.638903 0.472241 0.253834 -0.805251 0.000000 0.639247 0.472318 0.245466 -0.787778 0.000000 0.639444 0.472395 0.245466 -0.787778 0.000000 0.639715 0.472456 0.245466 -0.787778 0.000000 0.639911 0.472487 0.245466 -0.787778 0.000000 
0.638903 0.472241 0.253834 -0.805251 0.000000 0.639247 0.472318 0.245466 -0.787778 0.000000 0.639444 0.472395 0.245466 -0.787778 0.000000 0.639715 0.472456 0.245466 -0.787778 0.000000 0.639911 0.472487 0.245466 -0.787778 0.000000 0.640157 0.472502 0.245466 -0.787778 0.000000 
0.639247 0.472318 0.245466 -0.787778 0.000000 0.639444 0.472395 0.245466 -0.787778 0.000000 0.639715 0.472456 0.245466 -0.787778 0.000000 0.639911 0.472487 0.245466 -0.787778 0.000000 0.640157 0.472502 0.245466 -0.787778 0.000000 0.640379 0.472502 0.237361 -0.770323 0.000000 
0.639444 0.472395 0.245466 -0.787778 0.000000 0.639715 0.472456 0.245466 -0.787778 0.000000 0.639911 0.472487 0.245466 -0.787778 0.000000 0.640157 0.472502 0.245466 -0.787778 0.000000 0.640379 0.472502 0.237361 -0.770323 0.000000 0.640625 0.472502 0.237361 -0.770323 0.000000 
0.639715 0.472456 0.245466 -0.787778 0.000000 0.639911 0.472487 0.245466 -0.787778 0.000000 0.640157 0.472502 0.245466 -0.787778 0.000000 0.640379 0.472502 0.237361 -0.770323 0.000000 0.640625 0.472502 0.237361 -0.770323 0.000000 0.640822 0.472502 0.237361 -0.770323 0.000000 
0.639911 0.472487 0.245466 -0.787778 0.000000 0.640157 0.472502 0.245466 -0.787778 0.000000 0.640379 0.472502 0.237361 -0.770323 0.000000 0.640625 0.472502 0.237361 -0.770323 0.000000 0.640822 0.472502 0.237361 -0.770323 0.000000 0.641043 0.472502 0.237361 -0.770323 0.000000 
0.640157 0.472502 0.245466 -0.787778 0.000000 0.640379 0.472502 0.237361 -0.770323 0.000000 0.640625 0.472502 0.237361 -0.770323 0.000000 0.640822 0.472502 0.237361 -0.770323 0.000000 0.641043 0.472502 0.237361 -0.770323 0.000000 0.641216 0.472502 0.221268 -0.772418 0.000000 
0.640379 0.472502 0.237361 -0.770323 0.000000 0.640625 0.472502 0.237361 -0.770323 0.000000 0.640822 0.472502 0.237361 -0.770323 0.000000 0.641043 0.472502 0.237361 -0.770323 0.000000 0.641216 0.472502 0.221268 -0.772418 0.000000 0.641289 0.472502 0.221268 -0.772418 0.000000 
0.640625 0.472502 0.237361 -0.770323 0.000000 0.640822 0.472502 0.237361 -0.770323 0.000000 0.641043 0.472502 0.237361 -0.770323 0.000000 0.641216 0.472502 0.221268 -0.772418 0.000000 0.641289 0.472502 0.221268 -0.772418 0.000000 0.641412 0.472441 0.221268 -0.772418 0.000000 
0.640822 0.472502 0.237361 -0.770323 0.000000 0.641043 0.472502 0.237361 -0.770323 0.000000 0.641216 0.472502 0.221268 -0.772418 0.000000 0.641289 0.472502 0.221268 -0.772418 0.000000 0.641412 0.472441 0.221268 -0.772418 0.000000 0.641462 0.472333 0.221268 -0.772418 0.000000 
0.641043 0.472502 0.237361 -0.770323 0.000000 0.641216 0.472502 0.221268 -0.772418 0.000000 0.641289 0.472502 0.221268 -0.772418 0.000000 0.641412 0.472441 0.221268 -0.772418 0.000000 0.641462 0.472333 0.221268 -0.772418 0.000000 0.641535 0.472210 0.221268 -0.772418 0.000000 
0.641216 0.472502 0.221268 -0.772418 0.000000 0.641289 0.472502 0.221268 -0.772418 0.000000 0.641412 0.472441 0.221268 -0.772418 0.000000 0.641462 0.472333 0.221268 -0.772418 0.000000 0.641535 0.472210 0.221268 -0.772418 0.000000 0.641609 0.472056 0.221268 -0.772418 0.000000 
0.641289 0.472502 0.221268 -0.772418 0.000000 0.641412 0.472441 0.221268 -0.772418 0.000000 0.641462 0.472333 0.221268 -0.772418 0.000000 0.641535 0.472210 0.221268 -0.772418 0.000000 0.641609 0.472056 0.221268 -0.772418 0.000000 0.641683 0.471903 0.221268 -0.772418 0.000000 
0.641412 0.472441 0.221268 -0.772418 0.000000 0.641462 0.472333 0.221268 -0.772418 0.000000 0.641535 0.472210 0.221268 -0.772418 0.000000 0.641609 0.472056 0.221268 -0.772418 0.000000 0.641683 0.471903 0.221268 -0.772418 0.000000 0.641732 0.471764 0.221268 -0.772418 0.000000 
0.641462 0.472333 0.221268 -0.772418 0.000000 0.641535 0.472210 0.221268 -0.772418 0.000000 0.641609 0.472056 0.221268 -0.772418 0.000000 0.641683 0.471903 0.221268 -0.772418 0.000000 0.641732 0.471764 0.221268 -0.772418 0.000000 0.641806 0.471672 0.221268 -0.772418 0.000000 
0.641535 0.472210 0.221268 -0.772418 0.000000 0.641609 0.472056 0.221268 -0.772418 0.000000 0.641683 0.471903 0.221268 -0.772418 0.000000 0.641732 0.471764 0.221268 -0.772418 0.000000 0.641806 0.471672 0.221268 -0.772418 0.000000 0.641905 0.471610 0.221268 -0.772418 0.000000 
0.641609 0.472056 0.221268 -0.772418 0.000000 0.641683 0.471903 0.221268 -0.772418 0.000000 0.641732 0.471764 0.221268 -0.772418 0.000000 0.641806 0.471672 0.221268 -0.772418 0.000000 0.641905 0.471610 0.221268 -0.772418 0.000000 0.642003 0.471595 0.221268 -0.772418 0.000000 
0.641683 0.471903 0.221268 -0.772418 0.000000 0.641732 0.471764 0.221268 -0.772418 0.000000 0.641806 0.471672 0.221268 -0.772418 0.000000 0.641905 0.471610 0.221268 -0.772418 0.000000 0.642003 0.471595 0.221268 -0.772418 0.000000 0.642126 0.471580 0.221268 -0.772418 0.000000 
0.641732 0.471764 0.221268 -0.772418 0.000000 0.641806 0.471672 0.221268 -0.772418 0.000000 0.641905 0.471610 0.221268 -0.772418 0.000000 0.642003 0.471595 0.221268 -0.772418 0.000000 0.642126 0.471580 0.221268 -0.772418 0.000000 0.642249 0.471564 0.221268 -0.772418 0.000000 
0.641806 0.471672 0.221268 -0.772418 0.000000 0.641905 0.471610 0.221268 -0.772418 0.000000 0.642003 0.471595 0.221268 -0.772418 0.000000 0.642126 0.471580 0.221268 -0.772418 0.000000 0.642249 0.471564 0.221268 -0.772418 0.000000 0.642667 0.471564 0.221268 -0.772418 0.000000 
0.641905 0.471610 0.221268 -0.772418 0.000000 0.642003 0.471595 0.221268 -0.772418 0.000000 0.642126 0.471580 0.221268 -0.772418 0.000000 0.642249 0.471564 0.221268 -0.772418 0.000000 0.642667 0.471564 0.221268 -0.772418 0.000000 0.642347 0.471564 0.221268 -0.772418 0.000000 
0.642003 0.471595 0.221268 -0.772418 0.000000 0.642126 0.471580 0.221268 -0.772418 0.000000 0.642249 0.471564 0.221268 -0.772418 0.000000 0.642667 0.471564 0.221268 -0.772418 0.000000 0.642347 0.471564 0.221268 -0.772418 0.000000 0.642495 0.471564 0.221268 -0.772418 0.000000 
0.642126 0.471580 0.221268 -0.772418 0.000000 0.642249 0.471564 0.221268 -0.772418 0.000000 0.642667 0.471564 0.221268 -0.772418 0.000000 0.642347 0.471564 0.221268 -0.772418 0.000000 0.642495 0.471564 0.221268 -0.772418 0.000000 0.642840 0.471564 0.221268 -0.772418 0.000000 
0.642249 0.471564 0.221268 -0.772418 0.000000 0.642667 0.471564 0.221268 -0.772418 0.000000 0.642347 0.471564 0.221268 -0.772418 0.000000 0.642495 0.471564 0.221268 -0.772418 0.000000 0.642840 0.471564 0.221268 -0.772418 0.000000 0.643036 0.471564 0.221268 -0.772418 0.000000 
0.642667 0.471564 0.221268 -0.772418 0.000000 0.642347 0.471564 0.221268 -0.772418 0.000000 0.642495 0.471564 0.221268 -0.772418 0.000000 0.642840 0.471564 0.221268 -0.772418 0.000000 0.643036 0.471564 0.221268 -0.772418 0.000000 0.643233 0.471564 0.221268 -0.772418 0.000000 
0.642347 0.471564 0.221268 -0.772418 0.000000 0.642495 0.471564 0.221268 -0.772418 0.000000 0.642840 0.471564 0.221268 -0.772418 0.000000 0.643036 0.471564 0.221268 -0.772418 0.000000 0.643233 0.471564 0.221268 -0.772418 0.000000 0.643430 0.471564 0.221268 -0.772418 0.000000 
0.642495 0.471564 0.221268 -0.772418 0.000000 0.642840 0.471564 0.221268 -0.772418 0.000000 0.643036 0.471564 0.221268 -0.772418 0.000000 0.643233 0.471564 0.221268 -0.772418 0.000000 0.643430 0.471564 0.221268 -0.772418 0.000000 0.643627 0.471564 0.221268 -0.772418 0.000000 
0.642840 0.471564 0.221268 -0.772418 0.000000 0.643036 0.471564 0.221268 -0.772418 0.000000 0.643233 0.471564 0.221268 -0.772418 0.000000 0.643430 0.471564 0.221268 -0.772418 0.000000 0.643627 0.471564 0.221268 -0.772418 0.000000 0.643824 0.471564 0.221268 -0.772418 0.000000 
0.643036 0.471564 0.221268 -0.772418 0.000000 0.643233 0.471564 0.221268 -0.772418 0.000000 0.643430 0.471564 0.221268 -0.772418 0.000000 0.643627 0.471564 0.221268 -0.772418 0.000000 0.643824 0.471564 0.221268 -0.772418 0.000000 0.643971 0.471518 0.221268 -0.772418 0.000000 
0.643233 0.471564 0.221268 -0.772418 0.000000 0.643430 0.471564 0.221268 -0.772418 0.000000 0.643627 0.471564 0.221268 -0.772418 0.000000 0.643824 0.471564 0.221268 -0.772418 0.000000 0.643971 0.471518 0.221268 -0.772418 0.000000 0.644144 0.471457 0.221268 -0.772418 0.000000 
0.643430 0.471564 0.221268 -0.772418 0.000000 0.643627 0.471564 0.221268 -0.772418 0.000000 0.643824 0.471564 0.221268 -0.772418 0.000000 0.643971 0.471518 0.221268 -0.772418 0.000000 0.644144 0.471457 0.221268 -0.772418 0.000000 0.644267 0.471395 0.221268 -0.772418 0.000000 
0.643627 0.471564 0.221268 -0.772418 0.000000 0.643824 0.471564 0.221268 -0.772418 0.000000 0.643971 0.471518 0.221268 -0.772418 0.000000 0.644144 0.471457 0.221268 -0.772418 0.000000 0.644267 0.471395 0.221268 -0.772418 0.000000 0.644365 0.471334 0.221268 -0.772418 0.015640 
0.643824 0.471564 0.221268 -0.772418 0.000000 0.643971 0.471518 0.221268 -0.772418 0.000000 0.644144 0.471457 0.221268 -0.772418 0.000000 0.644267 0.471395 0.221268 -0.772418 0.000000 0.644365 0.471334 0.221268 -0.772418 0.015640 0.644464 0.471272 0.221268 -0.772418 0.036168 
0.643971 0.471518 0.221268 -0.772418 0.000000 0.644144 0.471457 0.221268 -0.772418 0.000000 0.644267 0.471395 0.221268 -0.772418 0.000000 0.644365 0.471334 0.221268 -0.772418 0.015640 0.644464 0.471272 0.221268 -0.772418 0.036168 0.644513 0.471226 0.221268 -0.772418 0.046921 
0.644144 0.471457 0.221268 -0.772418 0.000000 0.644267 0.471395 0.221268 -0.772418 0.000000 0.644365 0.471334 0.221268 -0.772418 0.015640 0.644464 0.471272 0.221268 -0.772418 0.036168 0.644513 0.471226 0.221268 -0.772418 0.046921 0.644587 0.471180 0.221268 -0.772418 0.049853 
0.644267 0.471395 0.221268 -0.772418 0.000000 0.644365 0.471334 0.221268 -0.772418 0.015640 0.644464 0.471272 0.221268 -0.772418 0.036168 0.644513 0.471226 0.221268 -0.772418 0.046921 0.644587 0.471180 0.221268 -0.772418 0.049853 0.644660 0.471134 0.221268 -0.772418 0.049853 
0.644365 0.471334 0.221268 -0.772418 0.015640 0.644464 0.471272 0.221268 -0.772418 0.036168 0.644513 0.471226 0.221268 -0.772418 0.046921 0.644587 0.471180 0.221268 -0.772418 0.049853 0.644660 0.471134 0.221268 -0.772418 0.049853 0.644734 0.471088 0.221268 -0.772418 0.050831 
0.644464 0.471272 0.221268 -0.772418 0.036168 0.644513 0.471226 0.221268 -0.772418 0.046921 0.644587 0.471180 0.221268 -0.772418 0.049853 0.644660 0.471134 0.221268 -0.772418 0.049853 0.644734 0.471088 0.221268 -0.772418 0.050831 0.644783 0.471057 0.221268 -0.772418 0.061584 
0.644513 0.471226 0.221268 -0.772418 0.046921 0.644587 0.471180 0.221268 -0.772418 0.049853 0.644660 0.471134 0.221268 -0.772418 0.049853 0.644734 0.471088 0.221268 -0.772418 0.050831 0.644783 0.471057 0.221268 -0.772418 0.061584 0.644882 0.471011 0.221268 -0.772418 0.085044 
0.644587 0.471180 0.221268 -0.772418 0.049853 0.644660 0.471134 0.221268 -0.772418 0.049853 0.644734 0.471088 0.221268 -0.772418 0.050831 0.644783 0.471057 0.221268 -0.772418 0.061584 0.644882 0.471011 0.221268 -0.772418 0.085044 0.644980 0.470995 0.221268 -0.772418 0.117302 
0.644660 0.471134 0.221268 -0.772418 0.049853 0.644734 0.471088 0.221268 -0.772418 0.050831 0.644783 0.471057 0.221268 -0.772418 0.061584 0.644882 0.471011 0.221268 -0.772418 0.085044 0.644980 0.470995 0.221268 -0.772418 0.117302 0.645103 0.470965 0.221268 -0.772418 0.152493 
0.644734 0.471088 0.221268 -0.772418 0.050831 0.644783 0.471057 0.221268 -0.772418 0.061584 0.644882 0.471011 0.221268 -0.772418 0.085044 0.644980 0.470995 0.221268 -0.772418 0.117302 0.645103 0.470965 0.221268 -0.772418 0.152493 0.645276 0.470949 0.221268 -0.772418 0.190616 
0.644783 0.471057 0.221268 -0.772418 0.061584 0.644882 0.471011 0.221268 -0.772418 0.085044 0.644980 0.470995 0.221268 -0.772418 0.117302 0.645103 0.470965 0.221268 -0.772418 0.152493 0.645276 0.470949 0.221268 -0.772418 0.190616 0.645472 0.470934 0.221268 -0.772418 0.221896 
0.644882 0.471011 0.221268 -0.772418 0.085044 0.644980 0.470995 0.221268 -0.772418 0.117302 0.645103 0.470965 0.221268 -0.772418 0.152493 0.645276 0.470949 0.221268 -0.772418 0.190616 0.645472 0.470934 0.221268 -0.772418 0.221896 0.645645 0.470934 0.221268 -0.772418 0.244379 
0.644980 0.470995 0.221268 -0.772418 0.117302 0.645103 0.470965 0.221268 -0.772418 0.152493 0.645276 0.470949 0.221268 -0.772418 0.190616 0.645472 0.470934 0.221268 -0.772418 0.221896 0.645645 0.470934 0.221268 -0.772418 0.244379 0.645842 0.470934 0.221268 -0.772418 0.264907 
0.645103 0.470965 0.221268 -0.772418 0.152493 0.645276 0.470949 0.221268 -0.772418 0.190616 0.645472 0.470934 0.221268 -0.772418 0.221896 0.645645 0.470934 0.221268 -0.772418 0.244379 0.645842 0.470934 0.221268 -0.772418 0.264907 0.646014 0.470934 0.221268 -0.772418 0.293255 
0.645276 0.470949 0.221268 -0.772418 0.190616 0.645472 0.470934 0.221268 -0.772418 0.221896 0.645645 0.470934 0.221268 -0.772418 0.244379 0.645842 0.470934 0.221268 -0.772418 0.264907 0.646014 0.470934 0.221268 -0.772418 0.293255 0.646211 0.470934 0.221268 -0.772418 0.323558 
0.645472 0.470934 0.221268 -0.772418 0.221896 0.645645 0.470934 0.221268 -0.772418 0.244379 0.645842 0.470934 0.221268 -0.772418 0.264907 0.646014 0.470934 0.221268 -0.772418 0.293255 0.646211 0.470934 0.221268 -0.772418 0.323558 0.646358 0.470934 0.221268 -0.772418 0.347019 
0.645645 0.470934 0.221268 -0.772418 0.244379 0.645842 0.470934 0.221268 -0.772418 0.264907 0.646014 0.470934 0.221268 -0.772418 0.293255 0.646211 0.470934 0.221268 -0.772418 0.323558 0.646358 0.470934 0.221268 -0.772418 0.347019 0.646506 0.470934 0.221268 -0.772418 0.364614 
0.645842 0.470934 0.221268 -0.772418 0.264907 0.646014 0.470934 0.221268 -0.772418 0.293255 0.646211 0.470934 0.221268 -0.772418 0.323558 0.646358 0.470934 0.221268 -0.772418 0.347019 0.646506 0.470934 0.221268 -0.772418 0.364614 0.646604 0.470934 0.221268 -0.772418 0.380254 
0.646014 0.470934 0.221268 -0.772418 0.293255 0.646211 0.470934 0.221268 -0.772418 0.323558 0.646358 0.470934 0.221268 -0.772418 0.347019 0.646506 0.470934 0.221268 -0.772418 0.364614 0.646604 0.470934 0.221268 -0.772418 0.380254 0.646703 0.470934 0.228862 -0.789873 0.394917 
0.646211 0.470934 0.221268 -0.772418 0.323558 0.646358 0.470934 0.221268 -0.772418 0.347019 0.646506 0.470934 0.221268 -0.772418 0.364614 0.646604 0.470934 0.221268 -0.772418 0.380254 0.646703 0.470934 0.228862 -0.789873 0.394917 0.646801 0.470934 0.228862 -0.789873 0.408602 
0.646358 0.470934 0.221268 -0.772418 0.347019 0.646506 0.470934 0.221268 -0.772418 0.364614 0.646604 0.470934 0.221268 -0.772418 0.380254 0.646703 0.470934 0.228862 -0.789873 0.394917 0.646801 0.470934 0.228862 -0.789873 0.408602 0.646900 0.470934 0.228862 -0.789873 0.422287 
0.646506 0.470934 0.221268 -0.772418 0.364614 0.646604 0.470934 0.221268 -0.772418 0.380254 0.646703 0.470934 0.228862 -0.789873 0.394917 0.646801 0.470934 0.228862 -0.789873 0.408602 0.646900 0.470934 0.228862 -0.789873 0.422287 0.646973 0.470934 0.228862 -0.789873 0.434018 
0.646604 0.470934 0.221268 -0.772418 0.380254 0.646703 0.470934 0.228862 -0.789873 0.394917 0.646801 0.470934 0.228862 -0.789873 0.408602 0.646900 0.470934 0.228862 -0.789873 0.422287 0.646973 0.470934 0.228862 -0.789873 0.434018 0.647047 0.470934 0.228862 -0.789873 0.445748 
0.646703 0.470934 0.228862 -0.789873 0.394917 0.646801 0.470934 0.228862 -0.789873 0.408602 0.646900 0.470934 0.228862 -0.789873 0.422287 0.646973 0.470934 0.228862 -0.789873 0.434018 0.647047 0.470934 0.228862 -0.789873 0.445748 0.647072 0.470934 0.228862 -0.789873 0.455523 
0.646801 0.470934 0.228862 -0.789873 0.408602 0.646900 0.470934 0.228862 -0.789873 0.422287 0.646973 0.470934 0.228862 -0.789873 0.434018 0.647047 0.470934 0.228862 -0.789873 0.445748 0.647072 0.470934 0.228862 -0.789873 0.455523 0.647121 0.470934 0.228862 -0.789873 0.463343 
0.646900 0.470934 0.228862 -0.789873 0.422287 0.646973 0.470934 0.228862 -0.789873 0.434018 0.647047 0.470934 0.228862 -0.789873 0.445748 0.647072 0.470934 0.228862 -0.789873 0.455523 0.647121 0.470934 0.228862 -0.789873 0.463343 0.647146 0.470934 0.228862 -0.789873 0.469208 
0.646973 0.470934 0.228862 -0.789873 0.434018 0.647047 0.470934 0.228862 -0.789873 0.445748 0.647072 0.470934 0.228862 -0.789873 0.455523 0.647121 0.470934 0.228862 -0.789873 0.463343 0.647146 0.470934 0.228862 -0.789873 0.469208 0.647195 0.470934 0.228862 -0.789873 0.478006 
0.647047 0.470934 0.228862 -0.789873 0.445748 0.647072 0.470934 0.228862 -0.789873 0.455523 0.647121 0.470934 0.228862 -0.789873 0.463343 0.647146 0.470934 0.228862 -0.789873 0.469208 0.647195 0.470934 0.228862 -0.789873 0.478006 0.647170 0.470934 0.221268 -0.772418 0.077224 
0.647072 0.470934 0.228862 -0.789873 0.455523 0.647121 0.470934 0.228862 -0.789873 0.463343 0.647146 0.470934 0.228862 -0.789873 0.469208 0.647195 0.470934 0.228862 -0.789873 0.478006 0.647170 0.470934 0.221268 -0.772418 0.077224 0.647072 0.470980 0.221268 -0.772418 0.050831 
0.647121 0.470934 0.228862 -0.789873 0.463343 0.647146 0.470934 0.228862 -0.789873 0.469208 0.647195 0.470934 0.228862 -0.789873 0.478006 0.647170 0.470934 0.221268 -0.772418 0.077224 0.647072 0.470980 0.221268 -0.772418 0.050831 0.646924 0.471072 0.221268 -0.772418 0.017595 
0.647146 0.470934 0.228862 -0.789873 0.469208 0.647195 0.470934 0.228862 -0.789873 0.478006 0.647170 0.470934 0.221268 -0.772418 0.077224 0.647072 0.470980 0.221268 -0.772418 0.050831 0.646924 0.471072 0.221268 -0.772418 0.017595 0.646506 0.471411 0.221268 -0.772418 0.000000 
0.647195 0.470934 0.228862 -0.789873 0.478006 0.647170 0.470934 0.221268 -0.772418 0.077224 0.647072 0.470980 0.221268 -0.772418 0.050831 0.646924 0.471072 0.221268 -0.772418 0.017595 0.646506 0.471411 0.221268 -0.772418 0.000000 0.646654 0.471303 0.221268 -0.772418 0.000000 
0.647170 0.470934 0.221268 -0.772418 0.077224 0.647072 0.470980 0.221268 -0.772418 0.050831 0.646924 0.471072 0.221268 -0.772418 0.017595 0.646506 0.471411 0.221268 -0.772418 0.000000 0.646654 0.471303 0.221268 -0.772418 0.000000 0.646432 0.471518 0.221268 -0.772418 0.000000 
0.647072 0.470980 0.221268 -0.772418 0.050831 0.646924 0.471072 0.221268 -0.772418 0.017595 0.646506 0.471411 0.221268 -0.772418 0.000000 0.646654 0.471303 0.221268 -0.772418 0.000000 0.646432 0.471518 0.221268 -0.772418 0.000000 0.646334 0.471641 0.221268 -0.772418 0.000000 
0.646924 0.471072 0.221268 -0.772418 0.017595 0.646506 0.471411 0.221268 -0.772418 0.000000 0.646654 0.471303 0.221268 -0.772418 0.000000 0.646432 0.471518 0.221268 -0.772418 0.000000 0.646334 0.471641 0.221268 -0.772418 0.000000 0.646284 0.471764 0.221268 -0.772418 0.000000 
0.646506 0.471411 0.221268 -0.772418 0.000000 0.646654 0.471303 0.221268 -0.772418 0.000000 0.646432 0.471518 0.221268 -0.772418 0.000000 0.646334 0.471641 0.221268 -0.772418 0.000000 0.646284 0.471764 0.221268 -0.772418 0.000000 0.646211 0.471887 0.228862 -0.789873 0.000000 
0.646654 0.471303 0.221268 -0.772418 0.000000 0.646432 0.471518 0.221268 -0.772418 0.000000 0.646334 0.471641 0.221268 -0.772418 0.000000 0.646284 0.471764 0.221268 -0.772418 0.000000 0.646211 0.471887 0.228862 -0.789873 0.000000 0.646112 0.472026 0.228862 -0.789873 0.000000 
0.646432 0.471518 0.221268 -0.772418 0.000000 0.646334 0.471641 0.221268 -0.772418 0.000000 0.646284 0.471764 0.221268 -0.772418 0.000000 0.646211 0.471887 0.228862 -0.789873 0.000000 0.646112 0.472026 0.228862 -0.789873 0.000000 0.646014 0.472195 0.236708 -0.807344 0.000000 
0.646334 0.471641 0.221268 -0.772418 0.000000 0.646284 0.471764 0.221268 -0.772418 0.000000 0.646211 0.471887 0.228862 -0.789873 0.000000 0.646112 0.472026 0.228862 -0.789873 0.000000 0.646014 0.472195 0.236708 -0.807344 0.000000 0.645891 0.472395 0.236708 -0.807344 0.000000 
0.646284 0.471764 0.221268 -0.772418 0.000000 0.646211 0.471887 0.228862 -0.789873 0.000000 0.646112 0.472026 0.228862 -0.789873 0.000000 0.646014 0.472195 0.236708 -0.807344 0.000000 0.645891 0.472395 0.236708 -0.807344 0.000000 0.645620 0.472641 0.226932 -0.826759 0.000000 
0.646211 0.471887 0.228862 -0.789873 0.000000 0.646112 0.472026 0.228862 -0.789873 0.000000 0.646014 0.472195 0.236708 -0.807344 0.000000 0.645891 0.472395 0.236708 -0.807344 0.000000 0.645620 0.472641 0.226932 -0.826759 0.000000 0.645325 0.472933 0.226932 -0.826759 0.000000 
0.646112 0.472026 0.228862 -0.789873 0.000000 0.646014 0.472195 0.236708 -0.807344 0.000000 0.645891 0.472395 0.236708 -0.807344 0.000000 0.645620 0.472641 0.226932 -0.826759 0.000000 0.645325 0.472933 0.226932 -0.826759 0.000000 0.645054 0.473241 0.253222 -0.842334 0.000000 
0.646014 0.472195 0.236708 -0.807344 0.000000 0.645891 0.472395 0.236708 -0.807344 0.000000 0.645620 0.472641 0.226932 -0.826759 0.000000 0.645325 0.472933 0.226932 -0.826759 0.000000 0.645054 0.473241 0.253222 -0.842334 0.000000 0.644907 0.473579 0.253222 -0.842334 0.000000 
0.645891 0.472395 0.236708 -0.807344 0.000000 0.645620 0.472641 0.226932 -0.826759 0.000000 0.645325 0.472933 0.226932 -0.826759 0.000000 0.645054 0.473241 0.253222 -0.842334 0.000000 0.644907 0.473579 0.253222 -0.842334 0.000000 0.644439 0.473917 0.253222 -0.842334 0.000000 
0.645620 0.472641 0.226932 -0.826759 0.000000 0.645325 0.472933 0.226932 -0.826759 0.000000 0.645054 0.473241 0.253222 -0.842334 0.000000 0.644907 0.473579 0.253222 -0.842334 0.000000 0.644439 0.473917 0.253222 -0.842334 0.000000 0.644144 0.474225 0.242888 -0.861765 0.000000 
0.645325 0.472933 0.226932 -0.826759 0.000000 0.645054 0.473241 0.253222 -0.842334 0.000000 0.644907 0.473579 0.253222 -0.842334 0.000000 0.644439 0.473917 0.253222 -0.842334 0.000000 0.644144 0.474225 0.242888 -0.861765 0.000000 0.644144 0.474502 0.242888 -0.861765 0.000000 
0.645054 0.473241 0.253222 -0.842334 0.000000 0.644907 0.473579 0.253222 -0.842334 0.000000 0.644439 0.473917 0.253222 -0.842334 0.000000 0.644144 0.474225 0.242888 -0.861765 0.000000 0.644144 0.474502 0.242888 -0.861765 0.000000 0.643701 0.474748 0.270960 -0.877387 0.000000 
0.644907 0.473579 0.253222 -0.842334 0.000000 0.644439 0.473917 0.253222 -0.842334 0.000000 0.644144 0.474225 0.242888 -0.861765 0.000000 0.644144 0.474502 0.242888 -0.861765 0.000000 0.643701 0.474748 0.270960 -0.877387 0.000000 0.643602 0.474748 0.270960 -0.877387 0.000000 
0.644439 0.473917 0.253222 -0.842334 0.000000 0.644144 0.474225 0.242888 -0.861765 0.000000 0.644144 0.474502 0.242888 -0.861765 0.000000 0.643701 0.474748 0.270960 -0.877387 0.000000 0.643602 0.474748 0.270960 -0.877387 0.000000 0.643504 0.474779 0.270960 -0.877387 0.000000 
0.644144 0.474225 0.242888 -0.861765 0.000000 0.644144 0.474502 0.242888 -0.861765 0.000000 0.643701 0.474748 0.270960 -0.877387 0.000000 0.643602 0.474748 0.270960 -0.877387 0.000000 0.643504 0.474779 0.270960 -0.877387 0.000000 0.643405 0.475132 0.270960 -0.877387 0.000000 
0.644144 0.474502 0.242888 -0.861765 0.000000 0.643701 0.474748 0.270960 -0.877387 0.000000 0.643602 0.474748 0.270960 -0.877387 0.000000 0.643504 0.474779 0.270960 -0.877387 0.000000 0.643405 0.475132 0.270960 -0.877387 0.000000 0.643332 0.475209 0.270960 -0.877387 0.000000 
0.643701 0.474748 0.270960 -0.877387 0.000000 0.643602 0.474748 0.270960 -0.877387 0.000000 0.643504 0.474779 0.270960 -0.877387 0.000000 0.643405 0.475132 0.270960 -0.877387 0.000000 0.643332 0.475209 0.270960 -0.877387 0.000000 0.643012 0.475286 0.270960 -0.877387 0.000000 
0.643602 0.474748 0.270960 -0.877387 0.000000 0.643504 0.474779 0.270960 -0.877387 0.000000 0.643405 0.475132 0.270960 -0.877387 0.000000 0.643332 0.475209 0.270960 -0.877387 0.000000 0.643012 0.475286 0.270960 -0.877387 0.000000 0.642864 0.475548 0.270960 -0.877387 0.000000 
0.643504 0.474779 0.270960 -0.877387 0.000000 0.643405 0.475132 0.270960 -0.877387 0.000000 0.643332 0.475209 0.270960 -0.877387 0.000000 0.643012 0.475286 0.270960 -0.877387 0.000000 0.642864 0.475548 0.270960 -0.877387 0.000000 0.642692 0.475609 0.290308 -0.875326 0.000000 
0.643405 0.475132 0.270960 -0.877387 0.000000 0.643332 0.475209 0.270960 -0.877387 0.000000 0.643012 0.475286 0.270960 -0.877387 0.000000 0.642864 0.475548 0.270960 -0.877387 0.000000 0.642692 0.475609 0.290308 -0.875326 0.000000 0.642569 0.475824 0.261927 -0.859852 0.000000 
0.643332 0.475209 0.270960 -0.877387 0.000000 0.643012 0.475286 0.270960 -0.877387 0.000000 0.642864 0.475548 0.270960 -0.877387 0.000000 0.642692 0.475609 0.290308 -0.875326 0.000000 0.642569 0.475824 0.261927 -0.859852 0.000000 0.642470 0.475886 0.261927 -0.859852 0.000000 
0.643012 0.475286 0.270960 -0.877387 0.000000 0.642864 0.475548 0.270960 -0.877387 0.000000 0.642692 0.475609 0.290308 -0.875326 0.000000 0.642569 0.475824 0.261927 -0.859852 0.000000 0.642470 0.475886 0.261927 -0.859852 0.000000 0.642372 0.476086 0.261927 -0.859852 0.000000 
0.642864 0.475548 0.270960 -0.877387 0.000000 0.642692 0.475609 0.290308 -0.875326 0.000000 0.642569 0.475824 0.261927 -0.859852 0.000000 0.642470 0.475886 0.261927 -0.859852 0.000000 0.642372 0.476086 0.261927 -0.859852 0.000000 0.642347 0.476301 0.261927 -0.859852 0.000000 
0.642692 0.475609 0.290308 -0.875326 0.000000 0.642569 0.475824 0.261927 -0.859852 0.000000 0.642470 0.475886 0.261927 -0.859852 0.000000 0.642372 0.476086 0.261927 -0.859852 0.000000 0.642347 0.476301 0.261927 -0.859852 0.000000 0.642347 0.476516 0.261927 -0.859852 0.000000 
0.642569 0.475824 0.261927 -0.859852 0.000000 0.642470 0.475886 0.261927 -0.859852 0.000000 0.642372 0.476086 0.261927 -0.859852 0.000000 0.642347 0.476301 0.261927 -0.859852 0.000000 0.642347 0.476516 0.261927 -0.859852 0.000000 0.642347 0.476732 0.271431 -0.840252 0.000000 
0.642470 0.475886 0.261927 -0.859852 0.000000 0.642372 0.476086 0.261927 -0.859852 0.000000 0.642347 0.476301 0.261927 -0.859852 0.000000 0.642347 0.476516 0.261927 -0.859852 0.000000 0.642347 0.476732 0.271431 -0.840252 0.000000 0.642347 0.476901 0.271431 -0.840252 0.000000 
0.642372 0.476086 0.261927 -0.859852 0.000000 0.642347 0.476301 0.261927 -0.859852 0.000000 0.642347 0.476516 0.261927 -0.859852 0.000000 0.642347 0.476732 0.271431 -0.840252 0.000000 0.642347 0.476901 0.271431 -0.840252 0.000000 0.642347 0.477132 0.271431 -0.840252 0.000000 
0.642347 0.476301 0.261927 -0.859852 0.000000 0.642347 0.476516 0.261927 -0.859852 0.000000 0.642347 0.476732 0.271431 -0.840252 0.000000 0.642347 0.476901 0.271431 -0.840252 0.000000 0.642347 0.477132 0.271431 -0.840252 0.000000 0.642347 0.477055 0.271431 -0.840252 0.000000 
0.642347 0.476516 0.261927 -0.859852 0.000000 0.642347 0.476732 0.271431 -0.840252 0.000000 0.642347 0.476901 0.271431 -0.840252 0.000000 0.642347 0.477132 0.271431 -0.840252 0.000000 0.642347 0.477055 0.271431 -0.840252 0.000000 0.642347 0.477378 0.271431 -0.840252 0.000000 
0.642347 0.476732 0.271431 -0.840252 0.000000 0.642347 0.476901 0.271431 -0.840252 0.000000 0.642347 0.477132 0.271431 -0.840252 0.000000 0.642347 0.477055 0.271431 -0.840252 0.000000 0.642347 0.477378 0.271431 -0.840252 0.000000 0.642347 0.477547 0.271431 -0.840252 0.000000 
0.642347 0.476901 0.271431 -0.840252 0.000000 0.642347 0.477132 0.271431 -0.840252 0.000000 0.642347 0.477055 0.271431 -0.840252 0.000000 0.642347 0.477378 0.271431 -0.840252 0.000000 0.642347 0.477547 0.271431 -0.840252 0.000000 0.642347 0.477731 0.271431 -0.840252 0.000000 
0.642347 0.477132 0.271431 -0.840252 0.000000 0.642347 0.477055 0.271431 -0.840252 0.000000 0.642347 0.477378 0.271431 -0.840252 0.000000 0.642347 0.477547 0.271431 -0.840252 0.000000 0.642347 0.477731 0.271431 -0.840252 0.000000 0.642347 0.477931 0.271431 -0.840252 0.000000 
0.642347 0.477055 0.271431 -0.840252 0.000000 0.642347 0.477378 0.271431 -0.840252 0.000000 0.642347 0.477547 0.271431 -0.840252 0.000000 0.642347 0.477731 0.271431 -0.840252 0.000000 0.642347 0.477931 0.271431 -0.840252 0.000000 0.642347 0.478116 0.271431 -0.840252 0.000000 
0.642347 0.477378 0.271431 -0.840252 0.000000 0.642347 0.477547 0.271431 -0.840252 0.000000 0.642347 0.477731 0.271431 -0.840252 0.000000 0.642347 0.477931 0.271431 -0.840252 0.000000 0.642347 0.478116 0.271431 -0.840252 0.000000 0.642347 0.478331 0.271431 -0.840252 0.000000 
0.642347 0.477547 0.271431 -0.840252 0.000000 0.642347 0.477731 0.271431 -0.840252 0.000000 0.642347 0.477931 0.271431 -0.840252 0.000000 0.642347 0.478116 0.271431 -0.840252 0.000000 0.642347 0.478331 0.271431 -0.840252 0.000000 0.642347 0.478546 0.271431 -0.840252 0.000000 
0.642347 0.477731 0.271431 -0.840252 0.000000 0.642347 0.477931 0.271431 -0.840252 0.000000 0.642347 0.478116 0.271431 -0.840252 0.000000 0.642347 0.478331 0.271431 -0.840252 0.000000 0.642347 0.478546 0.271431 -0.840252 0.000000 0.642347 0.478808 0.271431 -0.840252 0.000000 
0.642347 0.477931 0.271431 -0.840252 0.000000 0.642347 0.478116 0.271431 -0.840252 0.000000 0.642347 0.478331 0.271431 -0.840252 0.000000 0.642347 0.478546 0.271431 -0.840252 0.000000 0.642347 0.478808 0.271431 -0.840252 0.000000 0.642347 0.479085 0.271431 -0.840252 0.000000 
0.642347 0.478116 0.271431 -0.840252 0.000000 0.642347 0.478331 0.271431 -0.840252 0.000000 0.642347 0.478546 0.271431 -0.840252 0.000000 0.642347 0.478808 0.271431 -0.840252 0.000000 0.642347 0.479085 0.271431 -0.840252 0.000000 0.642347 0.479377 0.271431 -0.840252 0.000000 
0.642347 0.478331 0.271431 -0.840252 0.000000 0.642347 0.478546 0.271431 -0.840252 0.000000 0.642347 0.478808 0.271431 -0.840252 0.000000 0.642347 0.479085 0.271431 -0.840252 0.000000 0.642347 0.479377 0.271431 -0.840252 0.000000 0.642347 0.479700 0.271431 -0.840252 0.000000 
0.642347 0.478546 0.271431 -0.840252 0.000000 0.642347 0.478808 0.271431 -0.840252 0.000000 0.642347 0.479085 0.271431 -0.840252 0.000000 0.642347 0.479377 0.271431 -0.840252 0.000000 0.642347 0.479700 0.271431 -0.840252 0.000000 0.642347 0.480054 0.271431 -0.840252 0.000000 
0.642347 0.478808 0.271431 -0.840252 0.000000 0.642347 0.479085 0.271431 -0.840252 0.000000 0.642347 0.479377 0.271431 -0.840252 0.000000 0.642347 0.479700 0.271431 -0.840252 0.000000 0.642347 0.480054 0.271431 -0.840252 0.000000 0.642347 0.480453 0.280699 -0.857780 0.000000 
0.642347 0.479085 0.271431 -0.840252 0.000000 0.642347 0.479377 0.271431 -0.840252 0.000000 0.642347 0.479700 0.271431 -0.840252 0.000000 0.642347 0.480054 0.271431 -0.840252 0.000000 0.642347 0.480453 0.280699 -0.857780 0.000000 0.642347 0.480930 0.280699 -0.857780 0.000000 
0.642347 0.479377 0.271431 -0.840252 0.000000 0.642347 0.479700 0.271431 -0.840252 0.000000 0.642347 0.480054 0.271431 -0.840252 0.000000 0.642347 0.480453 0.280699 -0.857780 0.000000 0.642347 0.480930 0.280699 -0.857780 0.000000 0.642347 0.481515 0.280699 -0.857780 0.000000 
0.642347 0.479700 0.271431 -0.840252 0.000000 0.642347 0.480054 0.271431 -0.840252 0.000000 0.642347 0.480453 0.280699 -0.857780 0.000000 0.642347 0.480930 0.280699 -0.857780 0.000000 0.642347 0.481515 0.280699 -0.857780 0.000000 0.642323 0.482222 0.290308 -0.875326 0.000000 
0.642347 0.480054 0.271431 -0.840252 0.000000 0.642347 0.480453 0.280699 -0.857780 0.000000 0.642347 0.480930 0.280699 -0.857780 0.000000 0.642347 0.481515 0.280699 -0.857780 0.000000 0.642323 0.482222 0.290308 -0.875326 0.000000 0.642052 0.483099 0.290308 -0.875326 0.000000 
0.642347 0.480453 0.280699 -0.857780 0.000000 0.642347 0.480930 0.280699 -0.857780 0.000000 0.642347 0.481515 0.280699 -0.857780 0.000000 0.642323 0.482222 0.290308 -0.875326 0.000000 0.642052 0.483099 0.290308 -0.875326 0.000000 0.641609 0.484160 0.290308 -0.875326 0.000000 
0.642347 0.480930 0.280699 -0.857780 0.000000 0.642347 0.481515 0.280699 -0.857780 0.000000 0.642323 0.482222 0.290308 -0.875326 0.000000 0.642052 0.483099 0.290308 -0.875326 0.000000 0.641609 0.484160 0.290308 -0.875326 0.000000 0.641019 0.485390 0.300283 -0.892891 0.000000 
0.642347 0.481515 0.280699 -0.857780 0.000000 0.642323 0.482222 0.290308 -0.875326 0.000000 0.642052 0.483099 0.290308 -0.875326 0.000000 0.641609 0.484160 0.290308 -0.875326 0.000000 0.641019 0.485390 0.300283 -0.892891 0.000000 0.638410 0.489942 0.310647 -0.910473 0.000000 
0.642323 0.482222 0.290308 -0.875326 0.000000 0.642052 0.483099 0.290308 -0.875326 0.000000 0.641609 0.484160 0.290308 -0.875326 0.000000 0.641019 0.485390 0.300283 -0.892891 0.000000 0.638410 0.489942 0.310647 -0.910473 0.000000 0.640133 0.486774 0.300283 -0.892891 0.000000 
0.642052 0.483099 0.290308 -0.875326 0.000000 0.641609 0.484160 0.290308 -0.875326 0.000000 0.641019 0.485390 0.300283 -0.892891 0.000000 0.638410 0.489942 0.310647 -0.910473 0.000000 0.640133 0.486774 0.300283 -0.892891 0.000000 0.639321 0.488312 0.310647 -0.910473 0.000000 
0.641609 0.484160 0.290308 -0.875326 0.000000 0.641019 0.485390 0.300283 -0.892891 0.000000 0.638410 0.489942 0.310647 -0.910473 0.000000 0.640133 0.486774 0.300283 -0.892891 0.000000 0.639321 0.488312 0.310647 -0.910473 0.000000 0.637451 0.491665 0.310647 -0.910473 0.000000 
0.641019 0.485390 0.300283 -0.892891 0.000000 0.638410 0.489942 0.310647 -0.910473 0.000000 0.640133 0.486774 0.300283 -0.892891 0.000000 0.639321 0.488312 0.310647 -0.910473 0.000000 0.637451 0.491665 0.310647 -0.910473 0.000000 0.636467 0.493402 0.319895 -0.890684 0.000000 
0.638410 0.489942 0.310647 -0.910473 0.000000 0.640133 0.486774 0.300283 -0.892891 0.000000 0.639321 0.488312 0.310647 -0.910473 0.000000 0.637451 0.491665 0.310647 -0.910473 0.000000 0.636467 0.493402 0.319895 -0.890684 0.000000 0.635482 0.495125 0.319895 -0.890684 0.000000 
0.640133 0.486774 0.300283 -0.892891 0.000000 0.639321 0.488312 0.310647 -0.910473 0.000000 0.637451 0.491665 0.310647 -0.910473 0.000000 0.636467 0.493402 0.319895 -0.890684 0.000000 0.635482 0.495125 0.319895 -0.890684 0.000000 0.634572 0.496832 0.309354 -0.873105 0.000000 
0.639321 0.488312 0.310647 -0.910473 0.000000 0.637451 0.491665 0.310647 -0.910473 0.000000 0.636467 0.493402 0.319895 -0.890684 0.000000 0.635482 0.495125 0.319895 -0.890684 0.000000 0.634572 0.496832 0.309354 -0.873105 0.000000 0.633686 0.498508 0.307056 -0.835600 0.000000 
0.632628 0.505213 0.000000 0.000000 0.000000 0.632628 0.503629 0.000000 0.000000 0.000000 0.632529 0.502061 0.000000 0.000000 0.000000 0.632234 0.500508 0.000000 0.000000 0.000000 0.631890 0.499062 0.000000 0.000000 0.000000 0.633071 0.497755 0.000000 -0.017453 0.000000 
0.632628 0.503629 0.000000 0.000000 0.000000 0.632529 0.502061 0.000000 0.000000 0.000000 0.632234 0.500508 0.000000 0.000000 0.000000 0.631890 0.499062 0.000000 0.000000 0.000000 0.633071 0.497755 0.000000 -0.017453 0.000000 0.633071 0.496540 0.000000 -0.017453 0.000000 
0.632529 0.502061 0.000000 0.000000 0.000000 0.632234 0.500508 0.000000 0.000000 0.000000 0.631890 0.499062 0.000000 0.000000 0.000000 0.633071 0.497755 0.000000 -0.017453 0.000000 0.633071 0.496540 0.000000 -0.017453 0.000000 0.634154 0.495540 0.000000 -0.017453 0.000000 
0.632234 0.500508 0.000000 0.000000 0.000000 0.631890 0.499062 0.000000 0.000000 0.000000 0.633071 0.497755 0.000000 -0.017453 0.000000 0.633071 0.496540 0.000000 -0.017453 0.000000 0.634154 0.495540 0.000000 -0.017453 0.000000 0.634154 0.495586 -0.015852 -0.031105 0.000000 
0.631890 0.499062 0.000000 0.000000 0.000000 0.633071 0.497755 0.000000 -0.017453 0.000000 0.633071 0.496540 0.000000 -0.017453 0.000000 0.634154 0.495540 0.000000 -0.017453 0.000000 0.634154 0.495586 -0.015852 -0.031105 0.000000 0.634104 0.496017 -0.015852 -0.031105 0.000000 
0.633071 0.497755 0.000000 -0.017453 0.000000 0.633071 0.496540 0.000000 -0.017453 0.000000 0.634154 0.495540 0.000000 -0.017453 0.000000 0.634154 0.495586 -0.015852 -0.031105 0.000000 0.634104 0.496017 -0.015852 -0.031105 0.000000 0.634104 0.495202 -0.037041 -0.037041 0.000000 
0.633071 0.496540 0.000000 -0.017453 0.000000 0.634154 0.495540 0.000000 -0.017453 0.000000 0.634154 0.495586 -0.015852 -0.031105 0.000000 0.634104 0.496017 -0.015852 -0.031105 0.000000 0.634104 0.495202 -0.037041 -0.037041 0.000000 0.634104 0.494510 -0.039083 -0.057907 0.000000 
0.634154 0.495540 0.000000 -0.017453 0.000000 0.634154 0.495586 -0.015852 -0.031105 0.000000 0.634104 0.496017 -0.015852 -0.031105 0.000000 0.634104 0.495202 -0.037041 -0.037041 0.000000 0.634104 0.494510 -0.039083 -0.057907 0.000000 0.635015 0.494510 -0.039083 -0.057907 0.000000 
0.634154 0.495586 -0.015852 -0.031105 0.000000 0.634104 0.496017 -0.015852 -0.031105 0.000000 0.634104 0.495202 -0.037041 -0.037041 0.000000 0.634104 0.494510 -0.039083 -0.057907 0.000000 0.635015 0.494510 -0.039083 -0.057907 0.000000 0.636442 0.497386 -0.031735 -0.062225 0.000000 
0.634104 0.496017 -0.015852 -0.031105 0.000000 0.634104 0.495202 -0.037041 -0.037041 0.000000 0.634104 0.494510 -0.039083 -0.057907 0.000000 0.635015 0.494510 -0.039083 -0.057907 0.000000 0.636442 0.497386 -0.031735 -0.062225 0.000000 0.635064 0.495109 -0.039083 -0.057907 0.000000 
0.634104 0.495202 -0.037041 -0.037041 0.000000 0.634104 0.494510 -0.039083 -0.057907 0.000000 0.635015 0.494510 -0.039083 -0.057907 0.000000 0.636442 0.497386 -0.031735 -0.062225 0.000000 0.635064 0.495109 -0.039083 -0.057907 0.000000 0.635851 0.496171 -0.031735 -0.062225 0.000000 
0.634104 0.494510 -0.039083 -0.057907 0.000000 0.635015 0.494510 -0.039083 -0.057907 0.000000 0.636442 0.497386 -0.031735 -0.062225 0.000000 0.635064 0.495109 -0.039083 -0.057907 0.000000 0.635851 0.496171 -0.031735 -0.062225 0.000000 0.636860 0.498724 -0.031735 -0.062225 0.000000 
0.620325 0.511150 0.461539 -0.691438 0.843597 0.622220 0.508597 0.461539 -0.691438 0.878788 0.624163 0.505998 0.449829 -0.696493 0.875855 0.625984 0.503460 0.449829 -0.696493 0.882698 0.627707 0.500938 0.449829 -0.696493 0.896383 0.629478 0.498447 0.437865 -0.701357 0.915934 
0.622220 0.508597 0.461539 -0.691438 0.878788 0.624163 0.505998 0.449829 -0.696493 0.875855 0.625984 0.503460 0.449829 -0.696493 0.882698 0.627707 0.500938 0.449829 -0.696493 0.896383 0.629478 0.498447 0.437865 -0.701357 0.915934 0.631078 0.496078 0.437865 -0.701357 0.916911 
0.624163 0.505998 0.449829 -0.696493 0.875855 0.625984 0.503460 0.449829 -0.696493 0.882698 0.627707 0.500938 0.449829 -0.696493 0.896383 0.629478 0.498447 0.437865 -0.701357 0.915934 0.631078 0.496078 0.437865 -0.701357 0.916911 0.632628 0.493818 0.425647 -0.706032 0.930596 
0.625984 0.503460 0.449829 -0.696493 0.882698 0.627707 0.500938 0.449829 -0.696493 0.896383 0.629478 0.498447 0.437865 -0.701357 0.915934 0.631078 0.496078 0.437865 -0.701357 0.916911 0.632628 0.493818 0.425647 -0.706032 0.930596 0.634104 0.491726 0.425647 -0.706032 0.942326 
0.627707 0.500938 0.449829 -0.696493 0.896383 0.629478 0.498447 0.437865 -0.701357 0.915934 0.631078 0.496078 0.437865 -0.701357 0.916911 0.632628 0.493818 0.425647 -0.706032 0.930596 0.634104 0.491726 0.425647 -0.706032 0.942326 0.635433 0.489881 0.400475 -0.693287 0.934506 
0.629478 0.498447 0.437865 -0.701357 0.915934 0.631078 0.496078 0.437865 -0.701357 0.916911 0.632628 0.493818 0.425647 -0.706032 0.930596 0.634104 0.491726 0.425647 -0.706032 0.942326 0.635433 0.489881 0.400475 -0.693287 0.934506 0.636516 0.488235 0.400475 -0.693287 0.958944 
0.631078 0.496078 0.437865 -0.701357 0.916911 0.632628 0.493818 0.425647 -0.706032 0.930596 0.634104 0.491726 0.425647 -0.706032 0.942326 0.635433 0.489881 0.400475 -0.693287 0.934506 0.636516 0.488235 0.400475 -0.693287 0.958944 0.637451 0.486666 0.388059 -0.697568 0.964809 
0.632628 0.493818 0.425647 -0.706032 0.930596 0.634104 0.491726 0.425647 -0.706032 0.942326 0.635433 0.489881 0.400475 -0.693287 0.934506 0.636516 0.488235 0.400475 -0.693287 0.958944 0.637451 0.486666 0.388059 -0.697568 0.964809 0.638386 0.485129 0.388059 -0.697568 0.985337 
0.634104 0.491726 0.425647 -0.706032 0.942326 0.635433 0.489881 0.400475 -0.693287 0.934506 0.636516 0.488235 0.400475 -0.693287 0.958944 0.637451 0.486666 0.388059 -0.697568 0.964809 0.638386 0.485129 0.388059 -0.697568 0.985337 0.639124 0.483652 0.375408 -0.701669 0.991202 
0.635433 0.489881 0.400475 -0.693287 0.934506 0.636516 0.488235 0.400475 -0.693287 0.958944 0.637451 0.486666 0.388059 -0.697568 0.964809 0.638386 0.485129 0.388059 -0.697568 0.985337 0.639124 0.483652 0.375408 -0.701669 0.991202 0.639813 0.482145 0.374268 -0.722894 0.998045 
0.636516 0.488235 0.400475 -0.693287 0.958944 0.637451 0.486666 0.388059 -0.697568 0.964809 0.638386 0.485129 0.388059 -0.697568 0.985337 0.639124 0.483652 0.375408 -0.701669 0.991202 0.639813 0.482145 0.374268 -0.722894 0.998045 0.640477 0.480669 0.374268 -0.722894 1.000000 
0.637451 0.486666 0.388059 -0.697568 0.964809 0.638386 0.485129 0.388059 -0.697568 0.985337 0.639124 0.483652 0.375408 -0.701669 0.991202 0.639813 0.482145 0.374268 -0.722894 0.998045 0.640477 0.480669 0.374268 -0.722894 1.000000 0.641043 0.479254 0.374268 -0.722894 1.000000 
0.638386 0.485129 0.388059 -0.697568 0.985337 0.639124 0.483652 0.375408 -0.701669 0.991202 0.639813 0.482145 0.374268 -0.722894 0.998045 0.640477 0.480669 0.374268 -0.722894 1.000000 0.641043 0.479254 0.374268 -0.722894 1.000000 0.641511 0.477885 0.349412 -0.709342 1.000000 
0.639124 0.483652 0.375408 -0.701669 0.991202 0.639813 0.482145 0.374268 -0.722894 0.998045 0.640477 0.480669 0.374268 -0.722894 1.000000 0.641043 0.479254 0.374268 -0.722894 1.000000 0.641511 0.477885 0.349412 -0.709342 1.000000 0.642028 0.476486 0.349412 -0.709342 1.000000 
0.639813 0.482145 0.374268 -0.722894 0.998045 0.640477 0.480669 0.374268 -0.722894 1.000000 0.641043 0.479254 0.374268 -0.722894 1.000000 0.641511 0.477885 0.349412 -0.709342 1.000000 0.642028 0.476486 0.349412 -0.709342 1.000000 0.642520 0.475117 0.349412 -0.709342 1.000000 
0.640477 0.480669 0.374268 -0.722894 1.000000 0.641043 0.479254 0.374268 -0.722894 1.000000 0.641511 0.477885 0.349412 -0.709342 1.000000 0.642028 0.476486 0.349412 -0.709342 1.000000 0.642520 0.475117 0.349412 -0.709342 1.000000 0.642938 0.473825 0.349412 -0.709342 1.000000 
0.641043 0.479254 0.374268 -0.722894 1.000000 0.641511 0.477885 0.349412 -0.709342 1.000000 0.642028 0.476486 0.349412 -0.709342 1.000000 0.642520 0.475117 0.349412 -0.709342 1.000000 0.642938 0.473825 0.349412 -0.709342 1.000000 0.643381 0.472625 0.336075 -0.712917 1.000000 
0.641511 0.477885 0.349412 -0.709342 1.000000 0.642028 0.476486 0.349412 -0.709342 1.000000 0.642520 0.475117 0.349412 -0.709342 1.000000 0.642938 0.473825 0.349412 -0.709342 1.000000 0.643381 0.472625 0.336075 -0.712917 1.000000 0.643775 0.471549 0.333171 -0.733670 1.000000 
0.642028 0.476486 0.349412 -0.709342 1.000000 0.642520 0.475117 0.349412 -0.709342 1.000000 0.642938 0.473825 0.349412 -0.709342 1.000000 0.643381 0.472625 0.336075 -0.712917 1.000000 0.643775 0.471549 0.333171 -0.733670 1.000000 0.644094 0.470595 0.333171 -0.733670 1.000000 
0.642520 0.475117 0.349412 -0.709342 1.000000 0.642938 0.473825 0.349412 -0.709342 1.000000 0.643381 0.472625 0.336075 -0.712917 1.000000 0.643775 0.471549 0.333171 -0.733670 1.000000 0.644094 0.470595 0.333171 -0.733670 1.000000 0.645054 0.468304 0.319005 -0.736916 1.000000 
0.642938 0.473825 0.349412 -0.709342 1.000000 0.643381 0.472625 0.336075 -0.712917 1.000000 0.643775 0.471549 0.333171 -0.733670 1.000000 0.644094 0.470595 0.333171 -0.733670 1.000000 0.645054 0.468304 0.319005 -0.736916 1.000000 0.644439 0.469750 0.319005 -0.736916 1.000000 
0.643381 0.472625 0.336075 -0.712917 1.000000 0.643775 0.471549 0.333171 -0.733670 1.000000 0.644094 0.470595 0.333171 -0.733670 1.000000 0.645054 0.468304 0.319005 -0.736916 1.000000 0.644439 0.469750 0.319005 -0.736916 1.000000 0.644759 0.468950 0.319005 -0.736916 1.000000 
0.643775 0.471549 0.333171 -0.733670 1.000000 0.644094 0.470595 0.333171 -0.733670 1.000000 0.645054 0.468304 0.319005 -0.736916 1.000000 0.644439 0.469750 0.319005 -0.736916 1.000000 0.644759 0.468950 0.319005 -0.736916 1.000000 0.645300 0.467781 0.319005 -0.736916 1.000000 
0.644094 0.470595 0.333171 -0.733670 1.000000 0.645054 0.468304 0.319005 -0.736916 1.000000 0.644439 0.469750 0.319005 -0.736916 1.000000 0.644759 0.468950 0.319005 -0.736916 1.000000 0.645300 0.467781 0.319005 -0.736916 1.000000 0.645472 0.467412 0.304613 -0.739993 0.992180 
0.645054 0.468304 0.319005 -0.736916 1.000000 0.644439 0.469750 0.319005 -0.736916 1.000000 0.644759 0.468950 0.319005 -0.736916 1.000000 0.645300 0.467781 0.319005 -0.736916 1.000000 0.645472 0.467412 0.304613 -0.739993 0.992180 0.645620 0.467135 0.290001 -0.742902 0.968719 
0.644439 0.469750 0.319005 -0.736916 1.000000 0.644759 0.468950 0.319005 -0.736916 1.000000 0.645300 0.467781 0.319005 -0.736916 1.000000 0.645472 0.467412 0.304613 -0.739993 0.992180 0.645620 0.467135 0.290001 -0.742902 0.968719 0.645743 0.466966 0.290001 -0.742902 0.952102 
0.644759 0.468950 0.319005 -0.736916 1.000000 0.645300 0.467781 0.319005 -0.736916 1.000000 0.645472 0.467412 0.304613 -0.739993 0.992180 0.645620 0.467135 0.290001 -0.742902 0.968719 0.645743 0.466966 0.290001 -0.742902 0.952102 0.645866 0.466874 0.290001 -0.742902 0.911046 
0.645300 0.467781 0.319005 -0.736916 1.000000 0.645472 0.467412 0.304613 -0.739993 0.992180 0.645620 0.467135 0.290001 -0.742902 0.968719 0.645743 0.466966 0.290001 -0.742902 0.952102 0.645866 0.466874 0.290001 -0.742902 0.911046 0.645940 0.466843 0.290001 -0.742902 0.870968 
0.645472 0.467412 0.304613 -0.739993 0.992180 0.645620 0.467135 0.290001 -0.742902 0.968719 0.645743 0.466966 0.290001 -0.742902 0.952102 0.645866 0.466874 0.290001 -0.742902 0.911046 0.645940 0.466843 0.290001 -0.742902 0.870968 0.645989 0.466843 0.280562 -0.725516 0.821114 
0.645620 0.467135 0.290001 -0.742902 0.968719 0.645743 0.466966 0.290001 -0.742902 0.952102 0.645866 0.466874 0.290001 -0.742902 0.911046 0.645940 0.466843 0.290001 -0.742902 0.870968 0.645989 0.466843 0.280562 -0.725516 0.821114 0.645915 0.466843 0.280562 -0.725516 0.069404 
0.645743 0.466966 0.290001 -0.742902 0.952102 0.645866 0.466874 0.290001 -0.742902 0.911046 0.645940 0.466843 0.290001 -0.742902 0.870968 0.645989 0.466843 0.280562 -0.725516 0.821114 0.645915 0.466843 0.280562 -0.725516 0.069404 0.645030 0.467289 0.280562 -0.725516 0.000000 
0.645866 0.466874 0.290001 -0.742902 0.911046 0.645940 0.466843 0.290001 -0.742902 0.870968 0.645989 0.466843 0.280562 -0.725516 0.821114 0.645915 0.466843 0.280562 -0.725516 0.069404 0.645030 0.467289 0.280562 -0.725516 0.000000 0.644291 0.467720 0.275177 -0.745644 0.000000 
0.645940 0.466843 0.290001 -0.742902 0.870968 0.645989 0.466843 0.280562 -0.725516 0.821114 0.645915 0.466843 0.280562 -0.725516 0.069404 0.645030 0.467289 0.280562 -0.725516 0.000000 0.644291 0.467720 0.275177 -0.745644 0.000000 0.643332 0.468350 0.275177 -0.745644 0.000000 
0.645989 0.466843 0.280562 -0.725516 0.821114 0.645915 0.466843 0.280562 -0.725516 0.069404 0.645030 0.467289 0.280562 -0.725516 0.000000 0.644291 0.467720 0.275177 -0.745644 0.000000 0.643332 0.468350 0.275177 -0.745644 0.000000 0.642077 0.469181 0.275177 -0.745644 0.000000 
0.645915 0.466843 0.280562 -0.725516 0.069404 0.645030 0.467289 0.280562 -0.725516 0.000000 0.644291 0.467720 0.275177 -0.745644 0.000000 0.643332 0.468350 0.275177 -0.745644 0.000000 0.642077 0.469181 0.275177 -0.745644 0.000000 0.640404 0.470196 0.280562 -0.725516 0.000000 
0.645030 0.467289 0.280562 -0.725516 0.000000 0.644291 0.467720 0.275177 -0.745644 0.000000 0.643332 0.468350 0.275177 -0.745644 0.000000 0.642077 0.469181 0.275177 -0.745644 0.000000 0.640404 0.470196 0.280562 -0.725516 0.000000 0.638337 0.471503 0.271376 -0.708160 0.000000 
0.644291 0.467720 0.275177 -0.745644 0.000000 0.643332 0.468350 0.275177 -0.745644 0.000000 0.642077 0.469181 0.275177 -0.745644 0.000000 0.640404 0.470196 0.280562 -0.725516 0.000000 0.638337 0.471503 0.271376 -0.708160 0.000000 0.635753 0.472948 0.253709 -0.673539 0.000000 
0.643332 0.468350 0.275177 -0.745644 0.000000 0.642077 0.469181 0.275177 -0.745644 0.000000 0.640404 0.470196 0.280562 -0.725516 0.000000 0.638337 0.471503 0.271376 -0.708160 0.000000 0.635753 0.472948 0.253709 -0.673539 0.000000 0.632554 0.474502 0.249080 -0.636243 0.000000 
0.642077 0.469181 0.275177 -0.745644 0.000000 0.640404 0.470196 0.280562 -0.725516 0.000000 0.638337 0.471503 0.271376 -0.708160 0.000000 0.635753 0.472948 0.253709 -0.673539 0.000000 0.632554 0.474502 0.249080 -0.636243 0.000000 0.628568 0.476101 0.226729 -0.564924 0.000000 
