0.631988 0.502707 0.620291 -0.539985 0.509286 0.632111 0.502061 0.620291 -0.539985 0.508309 0.632234 0.501415 0.620291 -0.539985 0.510264 0.632333 0.500800 0.613257 -0.549040 0.513196 0.632382 0.500215 0.613257 -0.549040 0.516129 0.632554 0.498447 0.613257 -0.549040 0.509286 
0.632333 0.500800 0.613257 -0.549040 0.513196 0.632382 0.500215 0.613257 -0.549040 0.516129 0.632554 0.498447 0.613257 -0.549040 0.509286 0.632431 0.499631 0.613257 -0.549040 0.512219 0.632505 0.499047 0.613257 -0.549040 0.509286 0.632603 0.497862 0.613257 -0.549040 0.507331 
0.632382 0.500215 0.613257 -0.549040 0.516129 0.632554 0.498447 0.613257 -0.549040 0.509286 0.632431 0.499631 0.613257 -0.549040 0.512219 0.632505 0.499047 0.613257 -0.549040 0.509286 0.632603 0.497862 0.613257 -0.549040 0.507331 0.632628 0.497309 0.613257 -0.549040 0.512219 
0.632554 0.498447 0.613257 -0.549040 0.509286 0.632431 0.499631 0.613257 -0.549040 0.512219 0.632505 0.499047 0.613257 -0.549040 0.509286 0.632603 0.497862 0.613257 -0.549040 0.507331 0.632628 0.497309 0.613257 -0.549040 0.512219 0.632628 0.496770 0.613257 -0.549040 0.508309 
0.632431 0.499631 0.613257 -0.549040 0.512219 0.632505 0.499047 0.613257 -0.549040 0.509286 0.632603 0.497862 0.613257 -0.549040 0.507331 0.632628 0.497309 0.613257 -0.549040 0.512219 0.632628 0.496770 0.613257 -0.549040 0.508309 0.632628 0.496263 0.613257 -0.549040 0.512219 
0.632505 0.499047 0.613257 -0.549040 0.509286 0.632603 0.497862 0.613257 -0.549040 0.507331 0.632628 0.497309 0.613257 -0.549040 0.512219 0.632628 0.496770 0.613257 -0.549040 0.508309 0.632628 0.496263 0.613257 -0.549040 0.512219 0.632677 0.495786 0.613257 -0.549040 0.513196 
0.632603 0.497862 0.613257 -0.549040 0.507331 0.632628 0.497309 0.613257 -0.549040 0.512219 0.632628 0.496770 0.613257 -0.549040 0.508309 0.632628 0.496263 0.613257 -0.549040 0.512219 0.632677 0.495786 0.613257 -0.549040 0.513196 0.632702 0.495340 0.613257 -0.549040 0.512219 
0.632628 0.497309 0.613257 -0.549040 0.512219 0.632628 0.496770 0.613257 -0.549040 0.508309 0.632628 0.496263 0.613257 -0.549040 0.512219 0.632677 0.495786 0.613257 -0.549040 0.513196 0.632702 0.495340 0.613257 -0.549040 0.512219 0.632702 0.494910 0.613257 -0.549040 0.516129 
0.632628 0.496770 0.613257 -0.549040 0.508309 0.632628 0.496263 0.613257 -0.549040 0.512219 0.632677 0.495786 0.613257 -0.549040 0.513196 0.632702 0.495340 0.613257 -0.549040 0.512219 0.632702 0.494910 0.613257 -0.549040 0.516129 0.632751 0.494510 0.613257 -0.549040 0.512219 
0.632628 0.496263 0.613257 -0.549040 0.512219 0.632677 0.495786 0.613257 -0.549040 0.513196 0.632702 0.495340 0.613257 -0.549040 0.512219 0.632702 0.494910 0.613257 -0.549040 0.516129 0.632751 0.494510 0.613257 -0.549040 0.512219 0.632751 0.494110 0.613257 -0.549040 0.510264 
0.632677 0.495786 0.613257 -0.549040 0.513196 0.632702 0.495340 0.613257 -0.549040 0.512219 0.632702 0.494910 0.613257 -0.549040 0.516129 0.632751 0.494510 0.613257 -0.549040 0.512219 0.632751 0.494110 0.613257 -0.549040 0.510264 0.632800 0.493725 0.613257 -0.549040 0.510264 
0.632702 0.495340 0.613257 -0.549040 0.512219 0.632702 0.494910 0.613257 -0.549040 0.516129 0.632751 0.494510 0.613257 -0.549040 0.512219 0.632751 0.494110 0.613257 -0.549040 0.510264 0.632800 0.493725 0.613257 -0.549040 0.510264 0.632849 0.493356 0.613257 -0.549040 0.514174 
0.632702 0.494910 0.613257 -0.549040 0.516129 0.632751 0.494510 0.613257 -0.549040 0.512219 0.632751 0.494110 0.613257 -0.549040 0.510264 0.632800 0.493725 0.613257 -0.549040 0.510264 0.632849 0.493356 0.613257 -0.549040 0.514174 0.632874 0.492972 0.613257 -0.549040 0.521017 
0.632751 0.494510 0.613257 -0.549040 0.512219 0.632751 0.494110 0.613257 -0.549040 0.510264 0.632800 0.493725 0.613257 -0.549040 0.510264 0.632849 0.493356 0.613257 -0.549040 0.514174 0.632874 0.492972 0.613257 -0.549040 0.521017 0.632899 0.492572 0.613257 -0.549040 0.525904 
0.632751 0.494110 0.613257 -0.549040 0.510264 0.632800 0.493725 0.613257 -0.549040 0.510264 0.632849 0.493356 0.613257 -0.549040 0.514174 0.632874 0.492972 0.613257 -0.549040 0.521017 0.632899 0.492572 0.613257 -0.549040 0.525904 0.632948 0.492141 0.613257 -0.549040 0.522972 
0.632800 0.493725 0.613257 -0.549040 0.510264 0.632849 0.493356 0.613257 -0.549040 0.514174 0.632874 0.492972 0.613257 -0.549040 0.521017 0.632899 0.492572 0.613257 -0.549040 0.525904 0.632948 0.492141 0.613257 -0.549040 0.522972 0.633022 0.491726 0.613257 -0.549040 0.522972 
0.632849 0.493356 0.613257 -0.549040 0.514174 0.632874 0.492972 0.613257 -0.549040 0.521017 0.632899 0.492572 0.613257 -0.549040 0.525904 0.632948 0.492141 0.613257 -0.549040 0.522972 0.633022 0.491726 0.613257 -0.549040 0.522972 0.633071 0.491311 0.613257 -0.549040 0.521994 
0.632874 0.492972 0.613257 -0.549040 0.521017 0.632899 0.492572 0.613257 -0.549040 0.525904 0.632948 0.492141 0.613257 -0.549040 0.522972 0.633022 0.491726 0.613257 -0.549040 0.522972 0.633071 0.491311 0.613257 -0.549040 0.521994 0.633145 0.490880 0.613257 -0.549040 0.528837 
0.632899 0.492572 0.613257 -0.549040 0.525904 0.632948 0.492141 0.613257 -0.549040 0.522972 0.633022 0.491726 0.613257 -0.549040 0.522972 0.633071 0.491311 0.613257 -0.549040 0.521994 0.633145 0.490880 0.613257 -0.549040 0.528837 0.633219 0.490496 0.613257 -0.549040 0.527859 
0.632948 0.492141 0.613257 -0.549040 0.522972 0.633022 0.491726 0.613257 -0.549040 0.522972 0.633071 0.491311 0.613257 -0.549040 0.521994 0.633145 0.490880 0.613257 -0.549040 0.528837 0.633219 0.490496 0.613257 -0.549040 0.527859 0.633243 0.490111 0.613257 -0.549040 0.526882 
0.633022 0.491726 0.613257 -0.549040 0.522972 0.633071 0.491311 0.613257 -0.549040 0.521994 0.633145 0.490880 0.613257 -0.549040 0.528837 0.633219 0.490496 0.613257 -0.549040 0.527859 0.633243 0.490111 0.613257 -0.549040 0.526882 0.633268 0.489742 0.613257 -0.549040 0.524927 
0.633071 0.491311 0.613257 -0.549040 0.521994 0.633145 0.490880 0.613257 -0.549040 0.528837 0.633219 0.490496 0.613257 -0.549040 0.527859 0.633243 0.490111 0.613257 -0.549040 0.526882 0.633268 0.489742 0.613257 -0.549040 0.524927 0.633268 0.489373 0.613257 -0.549040 0.525904 
0.633145 0.490880 0.613257 -0.549040 0.528837 0.633219 0.490496 0.613257 -0.549040 0.527859 0.633243 0.490111 0.613257 -0.549040 0.526882 0.633268 0.489742 0.613257 -0.549040 0.524927 0.633268 0.489373 0.613257 -0.549040 0.525904 0.633268 0.489019 0.613257 -0.549040 0.522972 
0.633219 0.490496 0.613257 -0.549040 0.527859 0.633243 0.490111 0.613257 -0.549040 0.526882 0.633268 0.489742 0.613257 -0.549040 0.524927 0.633268 0.489373 0.613257 -0.549040 0.525904 0.633268 0.489019 0.613257 -0.549040 0.522972 0.633268 0.487851 0.613257 -0.549040 0.520039 
0.633243 0.490111 0.613257 -0.549040 0.526882 0.633268 0.489742 0.613257 -0.549040 0.524927 0.633268 0.489373 0.613257 -0.549040 0.525904 0.633268 0.489019 0.613257 -0.549040 0.522972 0.633268 0.487851 0.613257 -0.549040 0.520039 0.633268 0.488635 0.613257 -0.549040 0.519062 
0.633268 0.489742 0.613257 -0.549040 0.524927 0.633268 0.489373 0.613257 -0.549040 0.525904 0.633268 0.489019 0.613257 -0.549040 0.522972 0.633268 0.487851 0.613257 -0.549040 0.520039 0.633268 0.488635 0.613257 -0.549040 0.519062 0.633268 0.488250 0.613257 -0.549040 0.519062 
0.633268 0.489373 0.613257 -0.549040 0.525904 0.633268 0.489019 0.613257 -0.549040 0.522972 0.633268 0.487851 0.613257 -0.549040 0.520039 0.633268 0.488635 0.613257 -0.549040 0.519062 0.633268 0.488250 0.613257 -0.549040 0.519062 0.633268 0.487435 0.613257 -0.549040 0.522972 
0.633268 0.489019 0.613257 -0.549040 0.522972 0.633268 0.487851 0.613257 -0.549040 0.520039 0.633268 0.488635 0.613257 -0.549040 0.519062 0.633268 0.488250 0.613257 -0.549040 0.519062 0.633268 0.487435 0.613257 -0.549040 0.522972 0.633268 0.486989 0.620291 -0.539985 0.519062 
0.633268 0.487851 0.613257 -0.549040 0.520039 0.633268 0.488635 0.613257 -0.549040 0.519062 0.633268 0.488250 0.613257 -0.549040 0.519062 0.633268 0.487435 0.613257 -0.549040 0.522972 0.633268 0.486989 0.620291 -0.539985 0.519062 0.633268 0.486513 0.620291 -0.539985 0.524927 
0.633268 0.488635 0.613257 -0.549040 0.519062 0.633268 0.488250 0.613257 -0.549040 0.519062 0.633268 0.487435 0.613257 -0.549040 0.522972 0.633268 0.486989 0.620291 -0.539985 0.519062 0.633268 0.486513 0.620291 -0.539985 0.524927 0.633268 0.486021 0.613257 -0.549040 0.524927 
0.633268 0.488250 0.613257 -0.549040 0.519062 0.633268 0.487435 0.613257 -0.549040 0.522972 0.633268 0.486989 0.620291 -0.539985 0.519062 0.633268 0.486513 0.620291 -0.539985 0.524927 0.633268 0.486021 0.613257 -0.549040 0.524927 0.633268 0.485082 0.613257 -0.549040 0.529814 
0.633268 0.487435 0.613257 -0.549040 0.522972 0.633268 0.486989 0.620291 -0.539985 0.519062 0.633268 0.486513 0.620291 -0.539985 0.524927 0.633268 0.486021 0.613257 -0.549040 0.524927 0.633268 0.485082 0.613257 -0.549040 0.529814 0.633268 0.485528 0.613257 -0.549040 0.524927 
0.633268 0.486989 0.620291 -0.539985 0.519062 0.633268 0.486513 0.620291 -0.539985 0.524927 0.633268 0.486021 0.613257 -0.549040 0.524927 0.633268 0.485082 0.613257 -0.549040 0.529814 0.633268 0.485528 0.613257 -0.549040 0.524927 0.633268 0.484652 0.613257 -0.549040 0.530792 
0.633268 0.486513 0.620291 -0.539985 0.524927 0.633268 0.486021 0.613257 -0.549040 0.524927 0.633268 0.485082 0.613257 -0.549040 0.529814 0.633268 0.485528 0.613257 -0.549040 0.524927 0.633268 0.484652 0.613257 -0.549040 0.530792 0.633268 0.484267 0.613257 -0.549040 0.528837 
0.633268 0.486021 0.613257 -0.549040 0.524927 0.633268 0.485082 0.613257 -0.549040 0.529814 0.633268 0.485528 0.613257 -0.549040 0.524927 0.633268 0.484652 0.613257 -0.549040 0.530792 0.633268 0.484267 0.613257 -0.549040 0.528837 0.633268 0.483883 0.613257 -0.549040 0.528837 
0.633268 0.485082 0.613257 -0.549040 0.529814 0.633268 0.485528 0.613257 -0.549040 0.524927 0.633268 0.484652 0.613257 -0.549040 0.530792 0.633268 0.484267 0.613257 -0.549040 0.528837 0.633268 0.483883 0.613257 -0.549040 0.528837 0.633268 0.483483 0.613257 -0.549040 0.524927 
0.633268 0.485528 0.613257 -0.549040 0.524927 0.633268 0.484652 0.613257 -0.549040 0.530792 0.633268 0.484267 0.613257 -0.549040 0.528837 0.633268 0.483883 0.613257 -0.549040 0.528837 0.633268 0.483483 0.613257 -0.549040 0.524927 0.633268 0.483099 0.613257 -0.549040 0.524927 
0.633268 0.484652 0.613257 -0.549040 0.530792 0.633268 0.484267 0.613257 -0.549040 0.528837 0.633268 0.483883 0.613257 -0.549040 0.528837 0.633268 0.483483 0.613257 -0.549040 0.524927 0.633268 0.483099 0.613257 -0.549040 0.524927 0.633268 0.482683 0.613257 -0.549040 0.530792 
0.633268 0.484267 0.613257 -0.549040 0.528837 0.633268 0.483883 0.613257 -0.549040 0.528837 0.633268 0.483483 0.613257 -0.549040 0.524927 0.633268 0.483099 0.613257 -0.549040 0.524927 0.633268 0.482683 0.613257 -0.549040 0.530792 0.633366 0.482330 0.589706 -0.542247 0.530792 
0.633268 0.483883 0.613257 -0.549040 0.528837 0.633268 0.483483 0.613257 -0.549040 0.524927 0.633268 0.483099 0.613257 -0.549040 0.524927 0.633268 0.482683 0.613257 -0.549040 0.530792 0.633366 0.482330 0.589706 -0.542247 0.530792 0.633440 0.481991 0.589706 -0.542247 0.538612 
0.633268 0.483483 0.613257 -0.549040 0.524927 0.633268 0.483099 0.613257 -0.549040 0.524927 0.633268 0.482683 0.613257 -0.549040 0.530792 0.633366 0.482330 0.589706 -0.542247 0.530792 0.633440 0.481991 0.589706 -0.542247 0.538612 0.633514 0.481684 0.589706 -0.542247 0.542522 
0.633268 0.483099 0.613257 -0.549040 0.524927 0.633268 0.482683 0.613257 -0.549040 0.530792 0.633366 0.482330 0.589706 -0.542247 0.530792 0.633440 0.481991 0.589706 -0.542247 0.538612 0.633514 0.481684 0.589706 -0.542247 0.542522 0.633563 0.481422 0.589706 -0.542247 0.544477 
0.633268 0.482683 0.613257 -0.549040 0.530792 0.633366 0.482330 0.589706 -0.542247 0.530792 0.633440 0.481991 0.589706 -0.542247 0.538612 0.633514 0.481684 0.589706 -0.542247 0.542522 0.633563 0.481422 0.589706 -0.542247 0.544477 0.633637 0.481207 0.589706 -0.542247 0.542522 
0.633366 0.482330 0.589706 -0.542247 0.530792 0.633440 0.481991 0.589706 -0.542247 0.538612 0.633514 0.481684 0.589706 -0.542247 0.542522 0.633563 0.481422 0.589706 -0.542247 0.544477 0.633637 0.481207 0.589706 -0.542247 0.542522 0.633661 0.481038 0.589706 -0.542247 0.541544 
0.633440 0.481991 0.589706 -0.542247 0.538612 0.633514 0.481684 0.589706 -0.542247 0.542522 0.633563 0.481422 0.589706 -0.542247 0.544477 0.633637 0.481207 0.589706 -0.542247 0.542522 0.633661 0.481038 0.589706 -0.542247 0.541544 0.633686 0.480945 0.589706 -0.542247 0.540567 
0.633514 0.481684 0.589706 -0.542247 0.542522 0.633563 0.481422 0.589706 -0.542247 0.544477 0.633637 0.481207 0.589706 -0.542247 0.542522 0.633661 0.481038 0.589706 -0.542247 0.541544 0.633686 0.480945 0.589706 -0.542247 0.540567 0.633686 0.480899 0.589706 -0.542247 0.536657 
0.633563 0.481422 0.589706 -0.542247 0.544477 0.633637 0.481207 0.589706 -0.542247 0.542522 0.633661 0.481038 0.589706 -0.542247 0.541544 0.633686 0.480945 0.589706 -0.542247 0.540567 0.633686 0.480899 0.589706 -0.542247 0.536657 0.633711 0.480853 0.589706 -0.542247 0.536657 
0.633637 0.481207 0.589706 -0.542247 0.542522 0.633661 0.481038 0.589706 -0.542247 0.541544 0.633686 0.480945 0.589706 -0.542247 0.540567 0.633686 0.480899 0.589706 -0.542247 0.536657 0.633711 0.480853 0.589706 -0.542247 0.536657 0.633711 0.480822 0.589706 -0.542247 0.533724 
0.633661 0.481038 0.589706 -0.542247 0.541544 0.633686 0.480945 0.589706 -0.542247 0.540567 0.633686 0.480899 0.589706 -0.542247 0.536657 0.633711 0.480853 0.589706 -0.542247 0.536657 0.633711 0.480822 0.589706 -0.542247 0.533724 0.633711 0.480776 0.589706 -0.542247 0.534702 
0.633686 0.480945 0.589706 -0.542247 0.540567 0.633686 0.480899 0.589706 -0.542247 0.536657 0.633711 0.480853 0.589706 -0.542247 0.536657 0.633711 0.480822 0.589706 -0.542247 0.533724 0.633711 0.480776 0.589706 -0.542247 0.534702 0.633735 0.480746 0.589706 -0.542247 0.531769 
0.633686 0.480899 0.589706 -0.542247 0.536657 0.633711 0.480853 0.589706 -0.542247 0.536657 0.633711 0.480822 0.589706 -0.542247 0.533724 0.633711 0.480776 0.589706 -0.542247 0.534702 0.633735 0.480746 0.589706 -0.542247 0.531769 0.633760 0.480699 0.589706 -0.542247 0.532747 
0.633711 0.480853 0.589706 -0.542247 0.536657 0.633711 0.480822 0.589706 -0.542247 0.533724 0.633711 0.480776 0.589706 -0.542247 0.534702 0.633735 0.480746 0.589706 -0.542247 0.531769 0.633760 0.480699 0.589706 -0.542247 0.532747 0.633784 0.480638 0.589706 -0.542247 0.530792 
0.633711 0.480822 0.589706 -0.542247 0.533724 0.633711 0.480776 0.589706 -0.542247 0.534702 0.633735 0.480746 0.589706 -0.542247 0.531769 0.633760 0.480699 0.589706 -0.542247 0.532747 0.633784 0.480638 0.589706 -0.542247 0.530792 0.633784 0.480576 0.589706 -0.542247 0.532747 
0.633711 0.480776 0.589706 -0.542247 0.534702 0.633735 0.480746 0.589706 -0.542247 0.531769 0.633760 0.480699 0.589706 -0.542247 0.532747 0.633784 0.480638 0.589706 -0.542247 0.530792 0.633784 0.480576 0.589706 -0.542247 0.532747 0.633809 0.480500 0.589706 -0.542247 0.530792 
0.633735 0.480746 0.589706 -0.542247 0.531769 0.633760 0.480699 0.589706 -0.542247 0.532747 0.633784 0.480638 0.589706 -0.542247 0.530792 0.633784 0.480576 0.589706 -0.542247 0.532747 0.633809 0.480500 0.589706 -0.542247 0.530792 0.634006 0.480069 0.589706 -0.542247 0.533724 
0.633760 0.480699 0.589706 -0.542247 0.532747 0.633784 0.480638 0.589706 -0.542247 0.530792 0.633784 0.480576 0.589706 -0.542247 0.532747 0.633809 0.480500 0.589706 -0.542247 0.530792 0.634006 0.480069 0.589706 -0.542247 0.533724 0.633834 0.480392 0.589706 -0.542247 0.532747 
0.633784 0.480638 0.589706 -0.542247 0.530792 0.633784 0.480576 0.589706 -0.542247 0.532747 0.633809 0.480500 0.589706 -0.542247 0.530792 0.634006 0.480069 0.589706 -0.542247 0.533724 0.633834 0.480392 0.589706 -0.542247 0.532747 0.633883 0.480253 0.589706 -0.542247 0.532747 
0.633784 0.480576 0.589706 -0.542247 0.532747 0.633809 0.480500 0.589706 -0.542247 0.530792 0.634006 0.480069 0.589706 -0.542247 0.533724 0.633834 0.480392 0.589706 -0.542247 0.532747 0.633883 0.480253 0.589706 -0.542247 0.532747 0.634129 0.479823 0.589706 -0.542247 0.536657 
0.633809 0.480500 0.589706 -0.542247 0.530792 0.634006 0.480069 0.589706 -0.542247 0.533724 0.633834 0.480392 0.589706 -0.542247 0.532747 0.633883 0.480253 0.589706 -0.542247 0.532747 0.634129 0.479823 0.589706 -0.542247 0.536657 0.634252 0.479546 0.582337 -0.550704 0.538612 
0.634006 0.480069 0.589706 -0.542247 0.533724 0.633834 0.480392 0.589706 -0.542247 0.532747 0.633883 0.480253 0.589706 -0.542247 0.532747 0.634129 0.479823 0.589706 -0.542247 0.536657 0.634252 0.479546 0.582337 -0.550704 0.538612 0.634400 0.479254 0.582337 -0.550704 0.540567 
0.633834 0.480392 0.589706 -0.542247 0.532747 0.633883 0.480253 0.589706 -0.542247 0.532747 0.634129 0.479823 0.589706 -0.542247 0.536657 0.634252 0.479546 0.582337 -0.550704 0.538612 0.634400 0.479254 0.582337 -0.550704 0.540567 0.634547 0.478977 0.582337 -0.550704 0.546432 
0.633883 0.480253 0.589706 -0.542247 0.532747 0.634129 0.479823 0.589706 -0.542247 0.536657 0.634252 0.479546 0.582337 -0.550704 0.538612 0.634400 0.479254 0.582337 -0.550704 0.540567 0.634547 0.478977 0.582337 -0.550704 0.546432 0.634843 0.478408 0.582337 -0.550704 0.547410 
0.634129 0.479823 0.589706 -0.542247 0.536657 0.634252 0.479546 0.582337 -0.550704 0.538612 0.634400 0.479254 0.582337 -0.550704 0.540567 0.634547 0.478977 0.582337 -0.550704 0.546432 0.634843 0.478408 0.582337 -0.550704 0.547410 0.634695 0.478700 0.582337 -0.550704 0.548387 
0.634252 0.479546 0.582337 -0.550704 0.538612 0.634400 0.479254 0.582337 -0.550704 0.540567 0.634547 0.478977 0.582337 -0.550704 0.546432 0.634843 0.478408 0.582337 -0.550704 0.547410 0.634695 0.478700 0.582337 -0.550704 0.548387 0.634966 0.478100 0.582337 -0.550704 0.551320 
0.634400 0.479254 0.582337 -0.550704 0.540567 0.634547 0.478977 0.582337 -0.550704 0.546432 0.634843 0.478408 0.582337 -0.550704 0.547410 0.634695 0.478700 0.582337 -0.550704 0.548387 0.634966 0.478100 0.582337 -0.550704 0.551320 0.635089 0.477808 0.582337 -0.550704 0.549365 
0.634547 0.478977 0.582337 -0.550704 0.546432 0.634843 0.478408 0.582337 -0.550704 0.547410 0.634695 0.478700 0.582337 -0.550704 0.548387 0.634966 0.478100 0.582337 -0.550704 0.551320 0.635089 0.477808 0.582337 -0.550704 0.549365 0.635138 0.477547 0.582337 -0.550704 0.555230 
0.634843 0.478408 0.582337 -0.550704 0.547410 0.634695 0.478700 0.582337 -0.550704 0.548387 0.634966 0.478100 0.582337 -0.550704 0.551320 0.635089 0.477808 0.582337 -0.550704 0.549365 0.635138 0.477547 0.582337 -0.550704 0.555230 0.635187 0.477316 0.582337 -0.550704 0.553275 
0.634695 0.478700 0.582337 -0.550704 0.548387 0.634966 0.478100 0.582337 -0.550704 0.551320 0.635089 0.477808 0.582337 -0.550704 0.549365 0.635138 0.477547 0.582337 -0.550704 0.555230 0.635187 0.477316 0.582337 -0.550704 0.553275 0.635236 0.477101 0.582337 -0.550704 0.556207 
0.634966 0.478100 0.582337 -0.550704 0.551320 0.635089 0.477808 0.582337 -0.550704 0.549365 0.635138 0.477547 0.582337 -0.550704 0.555230 0.635187 0.477316 0.582337 -0.550704 0.553275 0.635236 0.477101 0.582337 -0.550704 0.556207 0.635285 0.476885 0.582337 -0.550704 0.552297 
0.635089 0.477808 0.582337 -0.550704 0.549365 0.635138 0.477547 0.582337 -0.550704 0.555230 0.635187 0.477316 0.582337 -0.550704 0.553275 0.635236 0.477101 0.582337 -0.550704 0.556207 0.635285 0.476885 0.582337 -0.550704 0.552297 0.635310 0.476686 0.582337 -0.550704 0.555230 
0.635138 0.477547 0.582337 -0.550704 0.555230 0.635187 0.477316 0.582337 -0.550704 0.553275 0.635236 0.477101 0.582337 -0.550704 0.556207 0.635285 0.476885 0.582337 -0.550704 0.552297 0.635310 0.476686 0.582337 -0.550704 0.555230 0.635310 0.476516 0.582337 -0.550704 0.549365 
0.635187 0.477316 0.582337 -0.550704 0.553275 0.635236 0.477101 0.582337 -0.550704 0.556207 0.635285 0.476885 0.582337 -0.550704 0.552297 0.635310 0.476686 0.582337 -0.550704 0.555230 0.635310 0.476516 0.582337 -0.550704 0.549365 0.635335 0.476363 0.582337 -0.550704 0.549365 
0.635236 0.477101 0.582337 -0.550704 0.556207 0.635285 0.476885 0.582337 -0.550704 0.552297 0.635310 0.476686 0.582337 -0.550704 0.555230 0.635310 0.476516 0.582337 -0.550704 0.549365 0.635335 0.476363 0.582337 -0.550704 0.549365 0.635335 0.476224 0.582337 -0.550704 0.545455 
0.635285 0.476885 0.582337 -0.550704 0.552297 0.635310 0.476686 0.582337 -0.550704 0.555230 0.635310 0.476516 0.582337 -0.550704 0.549365 0.635335 0.476363 0.582337 -0.550704 0.549365 0.635335 0.476224 0.582337 -0.550704 0.545455 0.635335 0.476117 0.558824 -0.543251 0.544477 
0.635310 0.476686 0.582337 -0.550704 0.555230 0.635310 0.476516 0.582337 -0.550704 0.549365 0.635335 0.476363 0.582337 -0.550704 0.549365 0.635335 0.476224 0.582337 -0.550704 0.545455 0.635335 0.476117 0.558824 -0.543251 0.544477 0.635335 0.476009 0.558824 -0.543251 0.545455 
0.635310 0.476516 0.582337 -0.550704 0.549365 0.635335 0.476363 0.582337 -0.550704 0.549365 0.635335 0.476224 0.582337 -0.550704 0.545455 0.635335 0.476117 0.558824 -0.543251 0.544477 0.635335 0.476009 0.558824 -0.543251 0.545455 0.635335 0.475886 0.558824 -0.543251 0.543500 
0.635335 0.476363 0.582337 -0.550704 0.549365 0.635335 0.476224 0.582337 -0.550704 0.545455 0.635335 0.476117 0.558824 -0.543251 0.544477 0.635335 0.476009 0.558824 -0.543251 0.545455 0.635335 0.475886 0.558824 -0.543251 0.543500 0.635335 0.475778 0.558824 -0.543251 0.545455 
0.635335 0.476224 0.582337 -0.550704 0.545455 0.635335 0.476117 0.558824 -0.543251 0.544477 0.635335 0.476009 0.558824 -0.543251 0.545455 0.635335 0.475886 0.558824 -0.543251 0.543500 0.635335 0.475778 0.558824 -0.543251 0.545455 0.635335 0.475640 0.551143 -0.551143 0.542522 
0.635335 0.476117 0.558824 -0.543251 0.544477 0.635335 0.476009 0.558824 -0.543251 0.545455 0.635335 0.475886 0.558824 -0.543251 0.543500 0.635335 0.475778 0.558824 -0.543251 0.545455 0.635335 0.475640 0.551143 -0.551143 0.542522 0.635335 0.475517 0.551143 -0.551143 0.544477 
0.635335 0.476009 0.558824 -0.543251 0.545455 0.635335 0.475886 0.558824 -0.543251 0.543500 0.635335 0.475778 0.558824 -0.543251 0.545455 0.635335 0.475640 0.551143 -0.551143 0.542522 0.635335 0.475517 0.551143 -0.551143 0.544477 0.635335 0.475394 0.558824 -0.543251 0.541544 
0.635335 0.475886 0.558824 -0.543251 0.543500 0.635335 0.475778 0.558824 -0.543251 0.545455 0.635335 0.475640 0.551143 -0.551143 0.542522 0.635335 0.475517 0.551143 -0.551143 0.544477 0.635335 0.475394 0.558824 -0.543251 0.541544 0.635335 0.475271 0.558824 -0.543251 0.543500 
0.635335 0.475778 0.558824 -0.543251 0.545455 0.635335 0.475640 0.551143 -0.551143 0.542522 0.635335 0.475517 0.551143 -0.551143 0.544477 0.635335 0.475394 0.558824 -0.543251 0.541544 0.635335 0.475271 0.558824 -0.543251 0.543500 0.635335 0.475148 0.558824 -0.543251 0.542522 
0.635335 0.475640 0.551143 -0.551143 0.542522 0.635335 0.475517 0.551143 -0.551143 0.544477 0.635335 0.475394 0.558824 -0.543251 0.541544 0.635335 0.475271 0.558824 -0.543251 0.543500 0.635335 0.475148 0.558824 -0.543251 0.542522 0.635335 0.475009 0.558824 -0.543251 0.544477 
0.635335 0.475517 0.551143 -0.551143 0.544477 0.635335 0.475394 0.558824 -0.543251 0.541544 0.635335 0.475271 0.558824 -0.543251 0.543500 0.635335 0.475148 0.558824 -0.543251 0.542522 0.635335 0.475009 0.558824 -0.543251 0.544477 0.635335 0.474871 0.558824 -0.543251 0.544477 
0.635335 0.475394 0.558824 -0.543251 0.541544 0.635335 0.475271 0.558824 -0.543251 0.543500 0.635335 0.475148 0.558824 -0.543251 0.542522 0.635335 0.475009 0.558824 -0.543251 0.544477 0.635335 0.474871 0.558824 -0.543251 0.544477 0.635335 0.474748 0.558824 -0.543251 0.548387 
0.635335 0.475271 0.558824 -0.543251 0.543500 0.635335 0.475148 0.558824 -0.543251 0.542522 0.635335 0.475009 0.558824 -0.543251 0.544477 0.635335 0.474871 0.558824 -0.543251 0.544477 0.635335 0.474748 0.558824 -0.543251 0.548387 0.635335 0.474609 0.558824 -0.543251 0.548387 
0.635335 0.475148 0.558824 -0.543251 0.542522 0.635335 0.475009 0.558824 -0.543251 0.544477 0.635335 0.474871 0.558824 -0.543251 0.544477 0.635335 0.474748 0.558824 -0.543251 0.548387 0.635335 0.474609 0.558824 -0.543251 0.548387 0.635335 0.474486 0.558824 -0.543251 0.548387 
0.635335 0.475009 0.558824 -0.543251 0.544477 0.635335 0.474871 0.558824 -0.543251 0.544477 0.635335 0.474748 0.558824 -0.543251 0.548387 0.635335 0.474609 0.558824 -0.543251 0.548387 0.635335 0.474486 0.558824 -0.543251 0.548387 0.635310 0.474394 0.558824 -0.543251 0.552297 
0.635335 0.474871 0.558824 -0.543251 0.544477 0.635335 0.474748 0.558824 -0.543251 0.548387 0.635335 0.474609 0.558824 -0.543251 0.548387 0.635335 0.474486 0.558824 -0.543251 0.548387 0.635310 0.474394 0.558824 -0.543251 0.552297 0.635310 0.474302 0.558824 -0.543251 0.552297 
0.635335 0.474748 0.558824 -0.543251 0.548387 0.635335 0.474609 0.558824 -0.543251 0.548387 0.635335 0.474486 0.558824 -0.543251 0.548387 0.635310 0.474394 0.558824 -0.543251 0.552297 0.635310 0.474302 0.558824 -0.543251 0.552297 0.635310 0.474240 0.558824 -0.543251 0.553275 
0.635335 0.474609 0.558824 -0.543251 0.548387 0.635335 0.474486 0.558824 -0.543251 0.548387 0.635310 0.474394 0.558824 -0.543251 0.552297 0.635310 0.474302 0.558824 -0.543251 0.552297 0.635310 0.474240 0.558824 -0.543251 0.553275 0.635285 0.474194 0.558824 -0.543251 0.551320 
0.635335 0.474486 0.558824 -0.543251 0.548387 0.635310 0.474394 0.558824 -0.543251 0.552297 0.635310 0.474302 0.558824 -0.543251 0.552297 0.635310 0.474240 0.558824 -0.543251 0.553275 0.635285 0.474194 0.558824 -0.543251 0.551320 0.635285 0.474163 0.558824 -0.543251 0.555230 
0.635310 0.474394 0.558824 -0.543251 0.552297 0.635310 0.474302 0.558824 -0.543251 0.552297 0.635310 0.474240 0.558824 -0.543251 0.553275 0.635285 0.474194 0.558824 -0.543251 0.551320 0.635285 0.474163 0.558824 -0.543251 0.555230 0.635285 0.474148 0.558824 -0.543251 0.552297 
0.635310 0.474302 0.558824 -0.543251 0.552297 0.635310 0.474240 0.558824 -0.543251 0.553275 0.635285 0.474194 0.558824 -0.543251 0.551320 0.635285 0.474163 0.558824 -0.543251 0.555230 0.635285 0.474148 0.558824 -0.543251 0.552297 0.635285 0.474133 0.558824 -0.543251 0.555230 
0.635310 0.474240 0.558824 -0.543251 0.553275 0.635285 0.474194 0.558824 -0.543251 0.551320 0.635285 0.474163 0.558824 -0.543251 0.555230 0.635285 0.474148 0.558824 -0.543251 0.552297 0.635285 0.474133 0.558824 -0.543251 0.555230 0.635285 0.474117 0.558824 -0.543251 0.506354 
0.635285 0.474194 0.558824 -0.543251 0.551320 0.635285 0.474163 0.558824 -0.543251 0.555230 0.635285 0.474148 0.558824 -0.543251 0.552297 0.635285 0.474133 0.558824 -0.543251 0.555230 0.635285 0.474117 0.558824 -0.543251 0.506354 0.635261 0.474117 0.558824 -0.543251 0.485826 
0.635285 0.474163 0.558824 -0.543251 0.555230 0.635285 0.474148 0.558824 -0.543251 0.552297 0.635285 0.474133 0.558824 -0.543251 0.555230 0.635285 0.474117 0.558824 -0.543251 0.506354 0.635261 0.474117 0.558824 -0.543251 0.485826 0.635236 0.474102 0.558824 -0.543251 0.466276 
0.635285 0.474148 0.558824 -0.543251 0.552297 0.635285 0.474133 0.558824 -0.543251 0.555230 0.635285 0.474117 0.558824 -0.543251 0.506354 0.635261 0.474117 0.558824 -0.543251 0.485826 0.635236 0.474102 0.558824 -0.543251 0.466276 0.635212 0.474071 0.558824 -0.543251 0.444770 
0.635285 0.474133 0.558824 -0.543251 0.555230 0.635285 0.474117 0.558824 -0.543251 0.506354 0.635261 0.474117 0.558824 -0.543251 0.485826 0.635236 0.474102 0.558824 -0.543251 0.466276 0.635212 0.474071 0.558824 -0.543251 0.444770 0.635187 0.474025 0.558824 -0.543251 0.427175 
0.635285 0.474117 0.558824 -0.543251 0.506354 0.635261 0.474117 0.558824 -0.543251 0.485826 0.635236 0.474102 0.558824 -0.543251 0.466276 0.635212 0.474071 0.558824 -0.543251 0.444770 0.635187 0.474025 0.558824 -0.543251 0.427175 0.635162 0.473979 0.558824 -0.543251 0.407625 
0.635261 0.474117 0.558824 -0.543251 0.485826 0.635236 0.474102 0.558824 -0.543251 0.466276 0.635212 0.474071 0.558824 -0.543251 0.444770 0.635187 0.474025 0.558824 -0.543251 0.427175 0.635162 0.473979 0.558824 -0.543251 0.407625 0.635138 0.473917 0.558824 -0.543251 0.393939 
0.635236 0.474102 0.558824 -0.543251 0.466276 0.635212 0.474071 0.558824 -0.543251 0.444770 0.635187 0.474025 0.558824 -0.543251 0.427175 0.635162 0.473979 0.558824 -0.543251 0.407625 0.635138 0.473917 0.558824 -0.543251 0.393939 0.635064 0.473856 0.558824 -0.543251 0.383187 
0.635212 0.474071 0.558824 -0.543251 0.444770 0.635187 0.474025 0.558824 -0.543251 0.427175 0.635162 0.473979 0.558824 -0.543251 0.407625 0.635138 0.473917 0.558824 -0.543251 0.393939 0.635064 0.473856 0.558824 -0.543251 0.383187 0.634990 0.473779 0.558824 -0.543251 0.377322 
0.635187 0.474025 0.558824 -0.543251 0.427175 0.635162 0.473979 0.558824 -0.543251 0.407625 0.635138 0.473917 0.558824 -0.543251 0.393939 0.635064 0.473856 0.558824 -0.543251 0.383187 0.634990 0.473779 0.558824 -0.543251 0.377322 0.634916 0.473687 0.558824 -0.543251 0.372434 
0.635162 0.473979 0.558824 -0.543251 0.407625 0.635138 0.473917 0.558824 -0.543251 0.393939 0.635064 0.473856 0.558824 -0.543251 0.383187 0.634990 0.473779 0.558824 -0.543251 0.377322 0.634916 0.473687 0.558824 -0.543251 0.372434 0.634818 0.473594 0.558824 -0.543251 0.370479 
0.635138 0.473917 0.558824 -0.543251 0.393939 0.635064 0.473856 0.558824 -0.543251 0.383187 0.634990 0.473779 0.558824 -0.543251 0.377322 0.634916 0.473687 0.558824 -0.543251 0.372434 0.634818 0.473594 0.558824 -0.543251 0.370479 0.634621 0.473225 0.558824 -0.543251 0.372434 
0.635064 0.473856 0.558824 -0.543251 0.383187 0.634990 0.473779 0.558824 -0.543251 0.377322 0.634916 0.473687 0.558824 -0.543251 0.372434 0.634818 0.473594 0.558824 -0.543251 0.370479 0.634621 0.473225 0.558824 -0.543251 0.372434 0.634744 0.473487 0.558824 -0.543251 0.367546 
0.634990 0.473779 0.558824 -0.543251 0.377322 0.634916 0.473687 0.558824 -0.543251 0.372434 0.634818 0.473594 0.558824 -0.543251 0.370479 0.634621 0.473225 0.558824 -0.543251 0.372434 0.634744 0.473487 0.558824 -0.543251 0.367546 0.634670 0.473364 0.558824 -0.543251 0.369501 
0.634916 0.473687 0.558824 -0.543251 0.372434 0.634818 0.473594 0.558824 -0.543251 0.370479 0.634621 0.473225 0.558824 -0.543251 0.372434 0.634744 0.473487 0.558824 -0.543251 0.367546 0.634670 0.473364 0.558824 -0.543251 0.369501 0.634547 0.473087 0.558824 -0.543251 0.377322 
0.634818 0.473594 0.558824 -0.543251 0.370479 0.634621 0.473225 0.558824 -0.543251 0.372434 0.634744 0.473487 0.558824 -0.543251 0.367546 0.634670 0.473364 0.558824 -0.543251 0.369501 0.634547 0.473087 0.558824 -0.543251 0.377322 0.634523 0.472933 0.558824 -0.543251 0.382209 
0.634621 0.473225 0.558824 -0.543251 0.372434 0.634744 0.473487 0.558824 -0.543251 0.367546 0.634670 0.473364 0.558824 -0.543251 0.369501 0.634547 0.473087 0.558824 -0.543251 0.377322 0.634523 0.472933 0.558824 -0.543251 0.382209 0.634473 0.472779 0.558824 -0.543251 0.386119 
0.634744 0.473487 0.558824 -0.543251 0.367546 0.634670 0.473364 0.558824 -0.543251 0.369501 0.634547 0.473087 0.558824 -0.543251 0.377322 0.634523 0.472933 0.558824 -0.543251 0.382209 0.634473 0.472779 0.558824 -0.543251 0.386119 0.634449 0.472641 0.558824 -0.543251 0.390029 
0.634670 0.473364 0.558824 -0.543251 0.369501 0.634547 0.473087 0.558824 -0.543251 0.377322 0.634523 0.472933 0.558824 -0.543251 0.382209 0.634473 0.472779 0.558824 -0.543251 0.386119 0.634449 0.472641 0.558824 -0.543251 0.390029 0.634424 0.472487 0.558824 -0.543251 0.393939 
0.634547 0.473087 0.558824 -0.543251 0.377322 0.634523 0.472933 0.558824 -0.543251 0.382209 0.634473 0.472779 0.558824 -0.543251 0.386119 0.634449 0.472641 0.558824 -0.543251 0.390029 0.634424 0.472487 0.558824 -0.543251 0.393939 0.634424 0.472349 0.558824 -0.543251 0.395894 
0.634523 0.472933 0.558824 -0.543251 0.382209 0.634473 0.472779 0.558824 -0.543251 0.386119 0.634449 0.472641 0.558824 -0.543251 0.390029 0.634424 0.472487 0.558824 -0.543251 0.393939 0.634424 0.472349 0.558824 -0.543251 0.395894 0.634424 0.472241 0.558824 -0.543251 0.398827 
0.634473 0.472779 0.558824 -0.543251 0.386119 0.634449 0.472641 0.558824 -0.543251 0.390029 0.634424 0.472487 0.558824 -0.543251 0.393939 0.634424 0.472349 0.558824 -0.543251 0.395894 0.634424 0.472241 0.558824 -0.543251 0.398827 0.634424 0.472149 0.558824 -0.543251 0.400782 
0.634449 0.472641 0.558824 -0.543251 0.390029 0.634424 0.472487 0.558824 -0.543251 0.393939 0.634424 0.472349 0.558824 -0.543251 0.395894 0.634424 0.472241 0.558824 -0.543251 0.398827 0.634424 0.472149 0.558824 -0.543251 0.400782 0.634424 0.472072 0.582337 -0.550704 0.404692 
0.634424 0.472487 0.558824 -0.543251 0.393939 0.634424 0.472349 0.558824 -0.543251 0.395894 0.634424 0.472241 0.558824 -0.543251 0.398827 0.634424 0.472149 0.558824 -0.543251 0.400782 0.634424 0.472072 0.582337 -0.550704 0.404692 0.634424 0.472010 0.582337 -0.550704 0.408602 
0.634424 0.472349 0.558824 -0.543251 0.395894 0.634424 0.472241 0.558824 -0.543251 0.398827 0.634424 0.472149 0.558824 -0.543251 0.400782 0.634424 0.472072 0.582337 -0.550704 0.404692 0.634424 0.472010 0.582337 -0.550704 0.408602 0.634424 0.471933 0.582337 -0.550704 0.411535 
0.634424 0.472241 0.558824 -0.543251 0.398827 0.634424 0.472149 0.558824 -0.543251 0.400782 0.634424 0.472072 0.582337 -0.550704 0.404692 0.634424 0.472010 0.582337 -0.550704 0.408602 0.634424 0.471933 0.582337 -0.550704 0.411535 0.634424 0.471872 0.558824 -0.543251 0.417400 
0.634424 0.472149 0.558824 -0.543251 0.400782 0.634424 0.472072 0.582337 -0.550704 0.404692 0.634424 0.472010 0.582337 -0.550704 0.408602 0.634424 0.471933 0.582337 -0.550704 0.411535 0.634424 0.471872 0.558824 -0.543251 0.417400 0.634424 0.471826 0.558824 -0.543251 0.424242 
0.634424 0.472072 0.582337 -0.550704 0.404692 0.634424 0.472010 0.582337 -0.550704 0.408602 0.634424 0.471933 0.582337 -0.550704 0.411535 0.634424 0.471872 0.558824 -0.543251 0.417400 0.634424 0.471826 0.558824 -0.543251 0.424242 0.634424 0.471764 0.558824 -0.543251 0.430108 
0.634424 0.472010 0.582337 -0.550704 0.408602 0.634424 0.471933 0.582337 -0.550704 0.411535 0.634424 0.471872 0.558824 -0.543251 0.417400 0.634424 0.471826 0.558824 -0.543251 0.424242 0.634424 0.471764 0.558824 -0.543251 0.430108 0.634424 0.471718 0.558824 -0.543251 0.436950 
0.634424 0.471933 0.582337 -0.550704 0.411535 0.634424 0.471872 0.558824 -0.543251 0.417400 0.634424 0.471826 0.558824 -0.543251 0.424242 0.634424 0.471764 0.558824 -0.543251 0.430108 0.634424 0.471718 0.558824 -0.543251 0.436950 0.634424 0.471672 0.558824 -0.543251 0.444770 
0.634424 0.471872 0.558824 -0.543251 0.417400 0.634424 0.471826 0.558824 -0.543251 0.424242 0.634424 0.471764 0.558824 -0.543251 0.430108 0.634424 0.471718 0.558824 -0.543251 0.436950 0.634424 0.471672 0.558824 -0.543251 0.444770 0.634424 0.471626 0.558824 -0.543251 0.450635 
0.634424 0.471826 0.558824 -0.543251 0.424242 0.634424 0.471764 0.558824 -0.543251 0.430108 0.634424 0.471718 0.558824 -0.543251 0.436950 0.634424 0.471672 0.558824 -0.543251 0.444770 0.634424 0.471626 0.558824 -0.543251 0.450635 0.634424 0.471595 0.558824 -0.543251 0.456501 
0.634424 0.471764 0.558824 -0.543251 0.430108 0.634424 0.471718 0.558824 -0.543251 0.436950 0.634424 0.471672 0.558824 -0.543251 0.444770 0.634424 0.471626 0.558824 -0.543251 0.450635 0.634424 0.471595 0.558824 -0.543251 0.456501 0.634424 0.471580 0.558824 -0.543251 0.460411 
0.634424 0.471718 0.558824 -0.543251 0.436950 0.634424 0.471672 0.558824 -0.543251 0.444770 0.634424 0.471626 0.558824 -0.543251 0.450635 0.634424 0.471595 0.558824 -0.543251 0.456501 0.634424 0.471580 0.558824 -0.543251 0.460411 0.634424 0.471549 0.558824 -0.543251 0.464321 
0.634424 0.471672 0.558824 -0.543251 0.444770 0.634424 0.471626 0.558824 -0.543251 0.450635 0.634424 0.471595 0.558824 -0.543251 0.456501 0.634424 0.471580 0.558824 -0.543251 0.460411 0.634424 0.471549 0.558824 -0.543251 0.464321 0.634424 0.471534 0.558824 -0.543251 0.467253 
0.634424 0.471626 0.558824 -0.543251 0.450635 0.634424 0.471595 0.558824 -0.543251 0.456501 0.634424 0.471580 0.558824 -0.543251 0.460411 0.634424 0.471549 0.558824 -0.543251 0.464321 0.634424 0.471534 0.558824 -0.543251 0.467253 0.634424 0.471518 0.558824 -0.543251 0.481916 
0.634424 0.471595 0.558824 -0.543251 0.456501 0.634424 0.471580 0.558824 -0.543251 0.460411 0.634424 0.471549 0.558824 -0.543251 0.464321 0.634424 0.471534 0.558824 -0.543251 0.467253 0.634424 0.471518 0.558824 -0.543251 0.481916 0.634424 0.471503 0.558824 -0.543251 0.489736 
0.634424 0.471580 0.558824 -0.543251 0.460411 0.634424 0.471549 0.558824 -0.543251 0.464321 0.634424 0.471534 0.558824 -0.543251 0.467253 0.634424 0.471518 0.558824 -0.543251 0.481916 0.634424 0.471503 0.558824 -0.543251 0.489736 0.634424 0.471487 0.558824 -0.543251 0.490714 
0.634424 0.471549 0.558824 -0.543251 0.464321 0.634424 0.471534 0.558824 -0.543251 0.467253 0.634424 0.471518 0.558824 -0.543251 0.481916 0.634424 0.471503 0.558824 -0.543251 0.489736 0.634424 0.471487 0.558824 -0.543251 0.490714 0.634424 0.471472 0.558824 -0.543251 0.488759 
0.634424 0.471534 0.558824 -0.543251 0.467253 0.634424 0.471518 0.558824 -0.543251 0.481916 0.634424 0.471503 0.558824 -0.543251 0.489736 0.634424 0.471487 0.558824 -0.543251 0.490714 0.634424 0.471472 0.558824 -0.543251 0.488759 0.634424 0.471441 0.558824 -0.543251 0.488759 
0.634424 0.471518 0.558824 -0.543251 0.481916 0.634424 0.471503 0.558824 -0.543251 0.489736 0.634424 0.471487 0.558824 -0.543251 0.490714 0.634424 0.471472 0.558824 -0.543251 0.488759 0.634424 0.471441 0.558824 -0.543251 0.488759 0.634424 0.471411 0.558824 -0.543251 0.488759 
0.634424 0.471503 0.558824 -0.543251 0.489736 0.634424 0.471487 0.558824 -0.543251 0.490714 0.634424 0.471472 0.558824 -0.543251 0.488759 0.634424 0.471441 0.558824 -0.543251 0.488759 0.634424 0.471411 0.558824 -0.543251 0.488759 0.634424 0.471380 0.558824 -0.543251 0.488759 
0.634424 0.471487 0.558824 -0.543251 0.490714 0.634424 0.471472 0.558824 -0.543251 0.488759 0.634424 0.471441 0.558824 -0.543251 0.488759 0.634424 0.471411 0.558824 -0.543251 0.488759 0.634424 0.471380 0.558824 -0.543251 0.488759 0.634424 0.471334 0.558824 -0.543251 0.488759 
0.634424 0.471472 0.558824 -0.543251 0.488759 0.634424 0.471441 0.558824 -0.543251 0.488759 0.634424 0.471411 0.558824 -0.543251 0.488759 0.634424 0.471380 0.558824 -0.543251 0.488759 0.634424 0.471334 0.558824 -0.543251 0.488759 0.634424 0.471272 0.558824 -0.543251 0.487781 
0.634424 0.471441 0.558824 -0.543251 0.488759 0.634424 0.471411 0.558824 -0.543251 0.488759 0.634424 0.471380 0.558824 -0.543251 0.488759 0.634424 0.471334 0.558824 -0.543251 0.488759 0.634424 0.471272 0.558824 -0.543251 0.487781 0.634424 0.471226 0.558824 -0.543251 0.487781 
0.634424 0.471411 0.558824 -0.543251 0.488759 0.634424 0.471380 0.558824 -0.543251 0.488759 0.634424 0.471334 0.558824 -0.543251 0.488759 0.634424 0.471272 0.558824 -0.543251 0.487781 0.634424 0.471226 0.558824 -0.543251 0.487781 0.634424 0.471180 0.558824 -0.543251 0.487781 
0.634424 0.471380 0.558824 -0.543251 0.488759 0.634424 0.471334 0.558824 -0.543251 0.488759 0.634424 0.471272 0.558824 -0.543251 0.487781 0.634424 0.471226 0.558824 -0.543251 0.487781 0.634424 0.471180 0.558824 -0.543251 0.487781 0.634424 0.471134 0.558824 -0.543251 0.488759 
0.634424 0.471334 0.558824 -0.543251 0.488759 0.634424 0.471272 0.558824 -0.543251 0.487781 0.634424 0.471226 0.558824 -0.543251 0.487781 0.634424 0.471180 0.558824 -0.543251 0.487781 0.634424 0.471134 0.558824 -0.543251 0.488759 0.634424 0.471072 0.558824 -0.543251 0.487781 
0.634424 0.471272 0.558824 -0.543251 0.487781 0.634424 0.471226 0.558824 -0.543251 0.487781 0.634424 0.471180 0.558824 -0.543251 0.487781 0.634424 0.471134 0.558824 -0.543251 0.488759 0.634424 0.471072 0.558824 -0.543251 0.487781 0.634424 0.471026 0.558824 -0.543251 0.488759 
0.634424 0.471226 0.558824 -0.543251 0.487781 0.634424 0.471180 0.558824 -0.543251 0.487781 0.634424 0.471134 0.558824 -0.543251 0.488759 0.634424 0.471072 0.558824 -0.543251 0.487781 0.634424 0.471026 0.558824 -0.543251 0.488759 0.634424 0.470949 0.558824 -0.543251 0.488759 
0.634424 0.471180 0.558824 -0.543251 0.487781 0.634424 0.471134 0.558824 -0.543251 0.488759 0.634424 0.471072 0.558824 -0.543251 0.487781 0.634424 0.471026 0.558824 -0.543251 0.488759 0.634424 0.470949 0.558824 -0.543251 0.488759 0.634424 0.470903 0.558824 -0.543251 0.490714 
0.634424 0.471134 0.558824 -0.543251 0.488759 0.634424 0.471072 0.558824 -0.543251 0.487781 0.634424 0.471026 0.558824 -0.543251 0.488759 0.634424 0.470949 0.558824 -0.543251 0.488759 0.634424 0.470903 0.558824 -0.543251 0.490714 0.634424 0.470842 0.558824 -0.543251 0.490714 
0.634424 0.471072 0.558824 -0.543251 0.487781 0.634424 0.471026 0.558824 -0.543251 0.488759 0.634424 0.470949 0.558824 -0.543251 0.488759 0.634424 0.470903 0.558824 -0.543251 0.490714 0.634424 0.470842 0.558824 -0.543251 0.490714 0.634424 0.470765 0.558824 -0.543251 0.492669 
0.634424 0.471026 0.558824 -0.543251 0.488759 0.634424 0.470949 0.558824 -0.543251 0.488759 0.634424 0.470903 0.558824 -0.543251 0.490714 0.634424 0.470842 0.558824 -0.543251 0.490714 0.634424 0.470765 0.558824 -0.543251 0.492669 0.634424 0.470688 0.558824 -0.543251 0.492669 
0.634424 0.470949 0.558824 -0.543251 0.488759 0.634424 0.470903 0.558824 -0.543251 0.490714 0.634424 0.470842 0.558824 -0.543251 0.490714 0.634424 0.470765 0.558824 -0.543251 0.492669 0.634424 0.470688 0.558824 -0.543251 0.492669 0.634424 0.470611 0.558824 -0.543251 0.493646 
0.634424 0.470903 0.558824 -0.543251 0.490714 0.634424 0.470842 0.558824 -0.543251 0.490714 0.634424 0.470765 0.558824 -0.543251 0.492669 0.634424 0.470688 0.558824 -0.543251 0.492669 0.634424 0.470611 0.558824 -0.543251 0.493646 0.634424 0.470549 0.558824 -0.543251 0.494624 
0.634424 0.470842 0.558824 -0.543251 0.490714 0.634424 0.470765 0.558824 -0.543251 0.492669 0.634424 0.470688 0.558824 -0.543251 0.492669 0.634424 0.470611 0.558824 -0.543251 0.493646 0.634424 0.470549 0.558824 -0.543251 0.494624 0.634424 0.470457 0.558824 -0.543251 0.493646 
0.634424 0.470765 0.558824 -0.543251 0.492669 0.634424 0.470688 0.558824 -0.543251 0.492669 0.634424 0.470611 0.558824 -0.543251 0.493646 0.634424 0.470549 0.558824 -0.543251 0.494624 0.634424 0.470457 0.558824 -0.543251 0.493646 0.634424 0.470396 0.558824 -0.543251 0.493646 
0.634424 0.470688 0.558824 -0.543251 0.492669 0.634424 0.470611 0.558824 -0.543251 0.493646 0.634424 0.470549 0.558824 -0.543251 0.494624 0.634424 0.470457 0.558824 -0.543251 0.493646 0.634424 0.470396 0.558824 -0.543251 0.493646 0.634424 0.470303 0.558824 -0.543251 0.492669 
0.634424 0.470611 0.558824 -0.543251 0.493646 0.634424 0.470549 0.558824 -0.543251 0.494624 0.634424 0.470457 0.558824 -0.543251 0.493646 0.634424 0.470396 0.558824 -0.543251 0.493646 0.634424 0.470303 0.558824 -0.543251 0.492669 0.634424 0.470211 0.558824 -0.543251 0.491691 
0.634424 0.470549 0.558824 -0.543251 0.494624 0.634424 0.470457 0.558824 -0.543251 0.493646 0.634424 0.470396 0.558824 -0.543251 0.493646 0.634424 0.470303 0.558824 -0.543251 0.492669 0.634424 0.470211 0.558824 -0.543251 0.491691 0.634424 0.470119 0.558824 -0.543251 0.490714 
0.634424 0.470457 0.558824 -0.543251 0.493646 0.634424 0.470396 0.558824 -0.543251 0.493646 0.634424 0.470303 0.558824 -0.543251 0.492669 0.634424 0.470211 0.558824 -0.543251 0.491691 0.634424 0.470119 0.558824 -0.543251 0.490714 0.634400 0.470011 0.558824 -0.543251 0.488759 
0.634424 0.470396 0.558824 -0.543251 0.493646 0.634424 0.470303 0.558824 -0.543251 0.492669 0.634424 0.470211 0.558824 -0.543251 0.491691 0.634424 0.470119 0.558824 -0.543251 0.490714 0.634400 0.470011 0.558824 -0.543251 0.488759 0.634252 0.469519 0.535503 -0.535503 0.488759 
0.634424 0.470303 0.558824 -0.543251 0.492669 0.634424 0.470211 0.558824 -0.543251 0.491691 0.634424 0.470119 0.558824 -0.543251 0.490714 0.634400 0.470011 0.558824 -0.543251 0.488759 0.634252 0.469519 0.535503 -0.535503 0.488759 0.634350 0.469873 0.558824 -0.543251 0.489736 
0.634424 0.470211 0.558824 -0.543251 0.491691 0.634424 0.470119 0.558824 -0.543251 0.490714 0.634400 0.470011 0.558824 -0.543251 0.488759 0.634252 0.469519 0.535503 -0.535503 0.488759 0.634350 0.469873 0.558824 -0.543251 0.489736 0.634301 0.469703 0.558824 -0.543251 0.488759 
0.634424 0.470119 0.558824 -0.543251 0.490714 0.634400 0.470011 0.558824 -0.543251 0.488759 0.634252 0.469519 0.535503 -0.535503 0.488759 0.634350 0.469873 0.558824 -0.543251 0.489736 0.634301 0.469703 0.558824 -0.543251 0.488759 0.634203 0.469319 0.535503 -0.535503 0.489736 
0.634400 0.470011 0.558824 -0.543251 0.488759 0.634252 0.469519 0.535503 -0.535503 0.488759 0.634350 0.469873 0.558824 -0.543251 0.489736 0.634301 0.469703 0.558824 -0.543251 0.488759 0.634203 0.469319 0.535503 -0.535503 0.489736 0.634154 0.469058 0.535503 -0.535503 0.491691 
0.634252 0.469519 0.535503 -0.535503 0.488759 0.634350 0.469873 0.558824 -0.543251 0.489736 0.634301 0.469703 0.558824 -0.543251 0.488759 0.634203 0.469319 0.535503 -0.535503 0.489736 0.634154 0.469058 0.535503 -0.535503 0.491691 0.634104 0.468796 0.535503 -0.535503 0.496579 
0.634350 0.469873 0.558824 -0.543251 0.489736 0.634301 0.469703 0.558824 -0.543251 0.488759 0.634203 0.469319 0.535503 -0.535503 0.489736 0.634154 0.469058 0.535503 -0.535503 0.491691 0.634104 0.468796 0.535503 -0.535503 0.496579 0.634104 0.467950 0.535503 -0.535503 0.511241 
0.634301 0.469703 0.558824 -0.543251 0.488759 0.634203 0.469319 0.535503 -0.535503 0.489736 0.634154 0.469058 0.535503 -0.535503 0.491691 0.634104 0.468796 0.535503 -0.535503 0.496579 0.634104 0.467950 0.535503 -0.535503 0.511241 0.634104 0.468504 0.535503 -0.535503 0.501466 
0.634203 0.469319 0.535503 -0.535503 0.489736 0.634154 0.469058 0.535503 -0.535503 0.491691 0.634104 0.468796 0.535503 -0.535503 0.496579 0.634104 0.467950 0.535503 -0.535503 0.511241 0.634104 0.468504 0.535503 -0.535503 0.501466 0.634104 0.468212 0.535503 -0.535503 0.503421 
0.634154 0.469058 0.535503 -0.535503 0.491691 0.634104 0.468796 0.535503 -0.535503 0.496579 0.634104 0.467950 0.535503 -0.535503 0.511241 0.634104 0.468504 0.535503 -0.535503 0.501466 0.634104 0.468212 0.535503 -0.535503 0.503421 0.634104 0.467720 0.527742 -0.543061 0.520039 
0.634104 0.468796 0.535503 -0.535503 0.496579 0.634104 0.467950 0.535503 -0.535503 0.511241 0.634104 0.468504 0.535503 -0.535503 0.501466 0.634104 0.468212 0.535503 -0.535503 0.503421 0.634104 0.467720 0.527742 -0.543061 0.520039 0.634104 0.467535 0.527742 -0.543061 0.519062 
0.634104 0.467950 0.535503 -0.535503 0.511241 0.634104 0.468504 0.535503 -0.535503 0.501466 0.634104 0.468212 0.535503 -0.535503 0.503421 0.634104 0.467720 0.527742 -0.543061 0.520039 0.634104 0.467535 0.527742 -0.543061 0.519062 0.634104 0.467366 0.520032 -0.520032 0.518084 
0.634104 0.468504 0.535503 -0.535503 0.501466 0.634104 0.468212 0.535503 -0.535503 0.503421 0.634104 0.467720 0.527742 -0.543061 0.520039 0.634104 0.467535 0.527742 -0.543061 0.519062 0.634104 0.467366 0.520032 -0.520032 0.518084 0.634104 0.467258 0.520032 -0.520032 0.520039 
0.634104 0.468212 0.535503 -0.535503 0.503421 0.634104 0.467720 0.527742 -0.543061 0.520039 0.634104 0.467535 0.527742 -0.543061 0.519062 0.634104 0.467366 0.520032 -0.520032 0.518084 0.634104 0.467258 0.520032 -0.520032 0.520039 0.634104 0.467197 0.520032 -0.520032 0.521994 
0.634104 0.467720 0.527742 -0.543061 0.520039 0.634104 0.467535 0.527742 -0.543061 0.519062 0.634104 0.467366 0.520032 -0.520032 0.518084 0.634104 0.467258 0.520032 -0.520032 0.520039 0.634104 0.467197 0.520032 -0.520032 0.521994 0.634104 0.467166 0.520032 -0.520032 0.525904 
0.634104 0.467535 0.527742 -0.543061 0.519062 0.634104 0.467366 0.520032 -0.520032 0.518084 0.634104 0.467258 0.520032 -0.520032 0.520039 0.634104 0.467197 0.520032 -0.520032 0.521994 0.634104 0.467166 0.520032 -0.520032 0.525904 0.634104 0.467151 0.520032 -0.520032 0.524927 
0.634104 0.467366 0.520032 -0.520032 0.518084 0.634104 0.467258 0.520032 -0.520032 0.520039 0.634104 0.467197 0.520032 -0.520032 0.521994 0.634104 0.467166 0.520032 -0.520032 0.525904 0.634104 0.467151 0.520032 -0.520032 0.524927 0.634104 0.467135 0.520032 -0.520032 0.550342 
0.634104 0.467258 0.520032 -0.520032 0.520039 0.634104 0.467197 0.520032 -0.520032 0.521994 0.634104 0.467166 0.520032 -0.520032 0.525904 0.634104 0.467151 0.520032 -0.520032 0.524927 0.634104 0.467135 0.520032 -0.520032 0.550342 0.634104 0.467120 0.520032 -0.520032 0.293255 
0.634104 0.467197 0.520032 -0.520032 0.521994 0.634104 0.467166 0.520032 -0.520032 0.525904 0.634104 0.467151 0.520032 -0.520032 0.524927 0.634104 0.467135 0.520032 -0.520032 0.550342 0.634104 0.467120 0.520032 -0.520032 0.293255 0.634055 0.467089 0.520032 -0.520032 0.224829 
0.634104 0.467166 0.520032 -0.520032 0.525904 0.634104 0.467151 0.520032 -0.520032 0.524927 0.634104 0.467135 0.520032 -0.520032 0.550342 0.634104 0.467120 0.520032 -0.520032 0.293255 0.634055 0.467089 0.520032 -0.520032 0.224829 0.633563 0.466981 0.520032 -0.520032 0.023460 
0.634104 0.467151 0.520032 -0.520032 0.524927 0.634104 0.467135 0.520032 -0.520032 0.550342 0.634104 0.467120 0.520032 -0.520032 0.293255 0.634055 0.467089 0.520032 -0.520032 0.224829 0.633563 0.466981 0.520032 -0.520032 0.023460 0.633932 0.467058 0.520032 -0.520032 0.159335 
0.634104 0.467135 0.520032 -0.520032 0.550342 0.634104 0.467120 0.520032 -0.520032 0.293255 0.634055 0.467089 0.520032 -0.520032 0.224829 0.633563 0.466981 0.520032 -0.520032 0.023460 0.633932 0.467058 0.520032 -0.520032 0.159335 0.633809 0.467028 0.520032 -0.520032 0.104594 
0.634104 0.467120 0.520032 -0.520032 0.293255 0.634055 0.467089 0.520032 -0.520032 0.224829 0.633563 0.466981 0.520032 -0.520032 0.023460 0.633932 0.467058 0.520032 -0.520032 0.159335 0.633809 0.467028 0.520032 -0.520032 0.104594 0.633711 0.466981 0.520032 -0.520032 0.062561 
0.634055 0.467089 0.520032 -0.520032 0.224829 0.633563 0.466981 0.520032 -0.520032 0.023460 0.633932 0.467058 0.520032 -0.520032 0.159335 0.633809 0.467028 0.520032 -0.520032 0.104594 0.633711 0.466981 0.520032 -0.520032 0.062561 0.633268 0.466981 0.520032 -0.520032 0.000000 
0.633563 0.466981 0.520032 -0.520032 0.023460 0.633932 0.467058 0.520032 -0.520032 0.159335 0.633809 0.467028 0.520032 -0.520032 0.104594 0.633711 0.466981 0.520032 -0.520032 0.062561 0.633268 0.466981 0.520032 -0.520032 0.000000 0.633145 0.466981 0.520032 -0.520032 0.000000 
0.633932 0.467058 0.520032 -0.520032 0.159335 0.633809 0.467028 0.520032 -0.520032 0.104594 0.633711 0.466981 0.520032 -0.520032 0.062561 0.633268 0.466981 0.520032 -0.520032 0.000000 0.633145 0.466981 0.520032 -0.520032 0.000000 0.632948 0.467151 0.520032 -0.520032 0.000000 
0.633809 0.467028 0.520032 -0.520032 0.104594 0.633711 0.466981 0.520032 -0.520032 0.062561 0.633268 0.466981 0.520032 -0.520032 0.000000 0.633145 0.466981 0.520032 -0.520032 0.000000 0.632948 0.467151 0.520032 -0.520032 0.000000 0.632751 0.467489 0.520032 -0.520032 0.000000 
0.633711 0.466981 0.520032 -0.520032 0.062561 0.633268 0.466981 0.520032 -0.520032 0.000000 0.633145 0.466981 0.520032 -0.520032 0.000000 0.632948 0.467151 0.520032 -0.520032 0.000000 0.632751 0.467489 0.520032 -0.520032 0.000000 0.632554 0.467935 0.520032 -0.520032 0.000000 
0.633268 0.466981 0.520032 -0.520032 0.000000 0.633145 0.466981 0.520032 -0.520032 0.000000 0.632948 0.467151 0.520032 -0.520032 0.000000 0.632751 0.467489 0.520032 -0.520032 0.000000 0.632554 0.467935 0.520032 -0.520032 0.000000 0.632382 0.468504 0.520032 -0.520032 0.000000 
0.633145 0.466981 0.520032 -0.520032 0.000000 0.632948 0.467151 0.520032 -0.520032 0.000000 0.632751 0.467489 0.520032 -0.520032 0.000000 0.632554 0.467935 0.520032 -0.520032 0.000000 0.632382 0.468504 0.520032 -0.520032 0.000000 0.632357 0.469165 0.520032 -0.520032 0.000000 
0.632948 0.467151 0.520032 -0.520032 0.000000 0.632751 0.467489 0.520032 -0.520032 0.000000 0.632554 0.467935 0.520032 -0.520032 0.000000 0.632382 0.468504 0.520032 -0.520032 0.000000 0.632357 0.469165 0.520032 -0.520032 0.000000 0.632160 0.469980 0.520032 -0.520032 0.000000 
0.632751 0.467489 0.520032 -0.520032 0.000000 0.632554 0.467935 0.520032 -0.520032 0.000000 0.632382 0.468504 0.520032 -0.520032 0.000000 0.632357 0.469165 0.520032 -0.520032 0.000000 0.632160 0.469980 0.520032 -0.520032 0.000000 0.632160 0.470888 0.520032 -0.520032 0.000000 
0.632554 0.467935 0.520032 -0.520032 0.000000 0.632382 0.468504 0.520032 -0.520032 0.000000 0.632357 0.469165 0.520032 -0.520032 0.000000 0.632160 0.469980 0.520032 -0.520032 0.000000 0.632160 0.470888 0.520032 -0.520032 0.000000 0.632160 0.471903 0.520032 -0.520032 0.000000 
0.632382 0.468504 0.520032 -0.520032 0.000000 0.632357 0.469165 0.520032 -0.520032 0.000000 0.632160 0.469980 0.520032 -0.520032 0.000000 0.632160 0.470888 0.520032 -0.520032 0.000000 0.632160 0.471903 0.520032 -0.520032 0.000000 0.632136 0.473025 0.520032 -0.520032 0.000000 
0.632357 0.469165 0.520032 -0.520032 0.000000 0.632160 0.469980 0.520032 -0.520032 0.000000 0.632160 0.470888 0.520032 -0.520032 0.000000 0.632160 0.471903 0.520032 -0.520032 0.000000 0.632136 0.473025 0.520032 -0.520032 0.000000 0.632136 0.474194 0.535503 -0.535503 0.000000 
0.632160 0.469980 0.520032 -0.520032 0.000000 0.632160 0.470888 0.520032 -0.520032 0.000000 0.632160 0.471903 0.520032 -0.520032 0.000000 0.632136 0.473025 0.520032 -0.520032 0.000000 0.632136 0.474194 0.535503 -0.535503 0.000000 0.632062 0.475455 0.535503 -0.535503 0.000000 
0.632160 0.470888 0.520032 -0.520032 0.000000 0.632160 0.471903 0.520032 -0.520032 0.000000 0.632136 0.473025 0.520032 -0.520032 0.000000 0.632136 0.474194 0.535503 -0.535503 0.000000 0.632062 0.475455 0.535503 -0.535503 0.000000 0.632013 0.476793 0.558824 -0.543251 0.000000 
0.632160 0.471903 0.520032 -0.520032 0.000000 0.632136 0.473025 0.520032 -0.520032 0.000000 0.632136 0.474194 0.535503 -0.535503 0.000000 0.632062 0.475455 0.535503 -0.535503 0.000000 0.632013 0.476793 0.558824 -0.543251 0.000000 0.631939 0.478193 0.551143 -0.551143 0.000000 
0.632136 0.473025 0.520032 -0.520032 0.000000 0.632136 0.474194 0.535503 -0.535503 0.000000 0.632062 0.475455 0.535503 -0.535503 0.000000 0.632013 0.476793 0.558824 -0.543251 0.000000 0.631939 0.478193 0.551143 -0.551143 0.000000 0.631841 0.479684 0.574754 -0.558940 0.000000 
0.632136 0.474194 0.535503 -0.535503 0.000000 0.632062 0.475455 0.535503 -0.535503 0.000000 0.632013 0.476793 0.558824 -0.543251 0.000000 0.631939 0.478193 0.551143 -0.551143 0.000000 0.631841 0.479684 0.574754 -0.558940 0.000000 0.631644 0.481268 0.574754 -0.558940 0.000000 
0.632062 0.475455 0.535503 -0.535503 0.000000 0.632013 0.476793 0.558824 -0.543251 0.000000 0.631939 0.478193 0.551143 -0.551143 0.000000 0.631841 0.479684 0.574754 -0.558940 0.000000 0.631644 0.481268 0.574754 -0.558940 0.000000 0.631299 0.482914 0.598542 -0.566452 0.000000 
0.632013 0.476793 0.558824 -0.543251 0.000000 0.631939 0.478193 0.551143 -0.551143 0.000000 0.631841 0.479684 0.574754 -0.558940 0.000000 0.631644 0.481268 0.574754 -0.558940 0.000000 0.631299 0.482914 0.598542 -0.566452 0.000000 0.630979 0.484636 0.598542 -0.566452 0.000000 
0.631939 0.478193 0.551143 -0.551143 0.000000 0.631841 0.479684 0.574754 -0.558940 0.000000 0.631644 0.481268 0.574754 -0.558940 0.000000 0.631299 0.482914 0.598542 -0.566452 0.000000 0.630979 0.484636 0.598542 -0.566452 0.000000 0.630610 0.486405 0.598542 -0.566452 0.000000 
0.631841 0.479684 0.574754 -0.558940 0.000000 0.631644 0.481268 0.574754 -0.558940 0.000000 0.631299 0.482914 0.598542 -0.566452 0.000000 0.630979 0.484636 0.598542 -0.566452 0.000000 0.630610 0.486405 0.598542 -0.566452 0.000000 0.630266 0.488174 0.582337 -0.550704 0.000000 
0.631644 0.481268 0.574754 -0.558940 0.000000 0.631299 0.482914 0.598542 -0.566452 0.000000 0.630979 0.484636 0.598542 -0.566452 0.000000 0.630610 0.486405 0.598542 -0.566452 0.000000 0.630266 0.488174 0.582337 -0.550704 0.000000 0.629823 0.489942 0.550417 -0.519776 0.000000 
0.631299 0.482914 0.598542 -0.566452 0.000000 0.630979 0.484636 0.598542 -0.566452 0.000000 0.630610 0.486405 0.598542 -0.566452 0.000000 0.630266 0.488174 0.582337 -0.550704 0.000000 0.629823 0.489942 0.550417 -0.519776 0.000000 0.629454 0.491695 0.534693 -0.504585 0.000000 
0.630979 0.484636 0.598542 -0.566452 0.000000 0.630610 0.486405 0.598542 -0.566452 0.000000 0.630266 0.488174 0.582337 -0.550704 0.000000 0.629823 0.489942 0.550417 -0.519776 0.000000 0.629454 0.491695 0.534693 -0.504585 0.000000 0.629454 0.493387 0.512017 -0.497242 0.000000 
0.630610 0.486405 0.598542 -0.566452 0.000000 0.630266 0.488174 0.582337 -0.550704 0.000000 0.629823 0.489942 0.550417 -0.519776 0.000000 0.629454 0.491695 0.534693 -0.504585 0.000000 0.629454 0.493387 0.512017 -0.497242 0.000000 0.629454 0.494956 0.466593 -0.452713 0.000000 
0.630266 0.488174 0.582337 -0.550704 0.000000 0.629823 0.489942 0.550417 -0.519776 0.000000 0.629454 0.491695 0.534693 -0.504585 0.000000 0.629454 0.493387 0.512017 -0.497242 0.000000 0.629454 0.494956 0.466593 -0.452713 0.000000 0.629454 0.496447 0.437020 -0.423782 0.000000 
0.629823 0.489942 0.550417 -0.519776 0.000000 0.629454 0.491695 0.534693 -0.504585 0.000000 0.629454 0.493387 0.512017 -0.497242 0.000000 0.629454 0.494956 0.466593 -0.452713 0.000000 0.629454 0.496447 0.437020 -0.423782 0.000000 0.629011 0.497801 0.393635 -0.381421 0.000000 
0.621752 0.468642 0.379417 -0.367557 0.000000 0.622293 0.468489 0.393635 -0.381421 0.000000 0.623376 0.468027 0.422433 -0.409528 0.000000 0.623967 0.467827 0.422433 -0.409528 0.000000 0.624606 0.467627 0.422433 -0.409528 0.000000 0.625295 0.467397 0.422433 -0.409528 0.000000 
0.622293 0.468489 0.393635 -0.381421 0.000000 0.623376 0.468027 0.422433 -0.409528 0.000000 0.623967 0.467827 0.422433 -0.409528 0.000000 0.624606 0.467627 0.422433 -0.409528 0.000000 0.625295 0.467397 0.422433 -0.409528 0.000000 0.625812 0.467135 0.422433 -0.409528 0.000000 
0.623376 0.468027 0.422433 -0.409528 0.000000 0.623967 0.467827 0.422433 -0.409528 0.000000 0.624606 0.467627 0.422433 -0.409528 0.000000 0.625295 0.467397 0.422433 -0.409528 0.000000 0.625812 0.467135 0.422433 -0.409528 0.000000 0.626280 0.466843 0.437020 -0.423782 0.000000 
0.623967 0.467827 0.422433 -0.409528 0.000000 0.624606 0.467627 0.422433 -0.409528 0.000000 0.625295 0.467397 0.422433 -0.409528 0.000000 0.625812 0.467135 0.422433 -0.409528 0.000000 0.626280 0.466843 0.437020 -0.423782 0.000000 0.626304 0.466843 0.437020 -0.423782 0.000000 
0.624606 0.467627 0.422433 -0.409528 0.000000 0.625295 0.467397 0.422433 -0.409528 0.000000 0.625812 0.467135 0.422433 -0.409528 0.000000 0.626280 0.466843 0.437020 -0.423782 0.000000 0.626304 0.466843 0.437020 -0.423782 0.000000 0.627092 0.466843 0.437020 -0.423782 0.000000 
0.625295 0.467397 0.422433 -0.409528 0.000000 0.625812 0.467135 0.422433 -0.409528 0.000000 0.626280 0.466843 0.437020 -0.423782 0.000000 0.626304 0.466843 0.437020 -0.423782 0.000000 0.627092 0.466843 0.437020 -0.423782 0.000000 0.627879 0.466766 0.437020 -0.423782 0.000000 
0.625812 0.467135 0.422433 -0.409528 0.000000 0.626280 0.466843 0.437020 -0.423782 0.000000 0.626304 0.466843 0.437020 -0.423782 0.000000 0.627092 0.466843 0.437020 -0.423782 0.000000 0.627879 0.466766 0.437020 -0.423782 0.000000 0.628396 0.466674 0.437020 -0.423782 0.000000 
0.626280 0.466843 0.437020 -0.423782 0.000000 0.626304 0.466843 0.437020 -0.423782 0.000000 0.627092 0.466843 0.437020 -0.423782 0.000000 0.627879 0.466766 0.437020 -0.423782 0.000000 0.628396 0.466674 0.437020 -0.423782 0.000000 0.628888 0.466397 0.437020 -0.423782 0.000000 
0.626304 0.466843 0.437020 -0.423782 0.000000 0.627092 0.466843 0.437020 -0.423782 0.000000 0.627879 0.466766 0.437020 -0.423782 0.000000 0.628396 0.466674 0.437020 -0.423782 0.000000 0.628888 0.466397 0.437020 -0.423782 0.000000 0.629380 0.466105 0.437020 -0.423782 0.000000 
0.627092 0.466843 0.437020 -0.423782 0.000000 0.627879 0.466766 0.437020 -0.423782 0.000000 0.628396 0.466674 0.437020 -0.423782 0.000000 0.628888 0.466397 0.437020 -0.423782 0.000000 0.629380 0.466105 0.437020 -0.423782 0.000000 0.629872 0.465997 0.449634 -0.409922 0.000000 
0.627879 0.466766 0.437020 -0.423782 0.000000 0.628396 0.466674 0.437020 -0.423782 0.000000 0.628888 0.466397 0.437020 -0.423782 0.000000 0.629380 0.466105 0.437020 -0.423782 0.000000 0.629872 0.465997 0.449634 -0.409922 0.000000 0.630364 0.465705 0.479799 -0.438156 0.000000 
0.628396 0.466674 0.437020 -0.423782 0.000000 0.628888 0.466397 0.437020 -0.423782 0.000000 0.629380 0.466105 0.437020 -0.423782 0.000000 0.629872 0.465997 0.449634 -0.409922 0.000000 0.630364 0.465705 0.479799 -0.438156 0.000000 0.630364 0.465413 0.488419 -0.460042 0.000000 
0.628888 0.466397 0.437020 -0.423782 0.000000 0.629380 0.466105 0.437020 -0.423782 0.000000 0.629872 0.465997 0.449634 -0.409922 0.000000 0.630364 0.465705 0.479799 -0.438156 0.000000 0.630364 0.465413 0.488419 -0.460042 0.000000 0.630389 0.465121 0.501559 -0.444798 0.000000 
0.629380 0.466105 0.437020 -0.423782 0.000000 0.629872 0.465997 0.449634 -0.409922 0.000000 0.630364 0.465705 0.479799 -0.438156 0.000000 0.630364 0.465413 0.488419 -0.460042 0.000000 0.630389 0.465121 0.501559 -0.444798 0.000000 0.630512 0.464798 0.532770 -0.473653 0.000000 
0.629872 0.465997 0.449634 -0.409922 0.000000 0.630364 0.465705 0.479799 -0.438156 0.000000 0.630364 0.465413 0.488419 -0.460042 0.000000 0.630389 0.465121 0.501559 -0.444798 0.000000 0.630512 0.464798 0.532770 -0.473653 0.000000 0.630610 0.464429 0.541732 -0.496565 0.000000 
0.630364 0.465705 0.479799 -0.438156 0.000000 0.630364 0.465413 0.488419 -0.460042 0.000000 0.630389 0.465121 0.501559 -0.444798 0.000000 0.630512 0.464798 0.532770 -0.473653 0.000000 0.630610 0.464429 0.541732 -0.496565 0.000000 0.630905 0.464059 0.571288 -0.494640 0.000000 
0.630364 0.465413 0.488419 -0.460042 0.000000 0.630389 0.465121 0.501559 -0.444798 0.000000 0.630512 0.464798 0.532770 -0.473653 0.000000 0.630610 0.464429 0.541732 -0.496565 0.000000 0.630905 0.464059 0.571288 -0.494640 0.000000 0.631102 0.463798 0.596864 -0.533567 0.000000 
0.630389 0.465121 0.501559 -0.444798 0.000000 0.630512 0.464798 0.532770 -0.473653 0.000000 0.630610 0.464429 0.541732 -0.496565 0.000000 0.630905 0.464059 0.571288 -0.494640 0.000000 0.631102 0.463798 0.596864 -0.533567 0.000000 0.631398 0.463552 0.613257 -0.549040 0.000000 
0.630512 0.464798 0.532770 -0.473653 0.000000 0.630610 0.464429 0.541732 -0.496565 0.000000 0.630905 0.464059 0.571288 -0.494640 0.000000 0.631102 0.463798 0.596864 -0.533567 0.000000 0.631398 0.463552 0.613257 -0.549040 0.000000 0.631521 0.463321 0.629804 -0.564723 0.000000 
0.630610 0.464429 0.541732 -0.496565 0.000000 0.630905 0.464059 0.571288 -0.494640 0.000000 0.631102 0.463798 0.596864 -0.533567 0.000000 0.631398 0.463552 0.613257 -0.549040 0.000000 0.631521 0.463321 0.629804 -0.564723 0.000000 0.631619 0.463244 0.636916 -0.555525 0.000000 
0.630905 0.464059 0.571288 -0.494640 0.000000 0.631102 0.463798 0.596864 -0.533567 0.000000 0.631398 0.463552 0.613257 -0.549040 0.000000 0.631521 0.463321 0.629804 -0.564723 0.000000 0.631619 0.463244 0.636916 -0.555525 0.000000 0.631644 0.463167 0.653691 -0.571288 0.000000 
0.631102 0.463798 0.596864 -0.533567 0.000000 0.631398 0.463552 0.613257 -0.549040 0.000000 0.631521 0.463321 0.629804 -0.564723 0.000000 0.631619 0.463244 0.636916 -0.555525 0.000000 0.631644 0.463167 0.653691 -0.571288 0.000000 0.631644 0.463014 0.677636 -0.577556 0.000000 
0.631398 0.463552 0.613257 -0.549040 0.000000 0.631521 0.463321 0.629804 -0.564723 0.000000 0.631619 0.463244 0.636916 -0.555525 0.000000 0.631644 0.463167 0.653691 -0.571288 0.000000 0.631644 0.463014 0.677636 -0.577556 0.000000 0.631914 0.462675 0.677636 -0.577556 0.000000 
0.631521 0.463321 0.629804 -0.564723 0.000000 0.631619 0.463244 0.636916 -0.555525 0.000000 0.631644 0.463167 0.653691 -0.571288 0.000000 0.631644 0.463014 0.677636 -0.577556 0.000000 0.631914 0.462675 0.677636 -0.577556 0.000000 0.631693 0.462891 0.677636 -0.577556 0.000000 
0.631619 0.463244 0.636916 -0.555525 0.000000 0.631644 0.463167 0.653691 -0.571288 0.000000 0.631644 0.463014 0.677636 -0.577556 0.000000 0.631914 0.462675 0.677636 -0.577556 0.000000 0.631693 0.462891 0.677636 -0.577556 0.000000 0.631742 0.462737 0.677636 -0.577556 0.000000 
0.631644 0.463167 0.653691 -0.571288 0.000000 0.631644 0.463014 0.677636 -0.577556 0.000000 0.631914 0.462675 0.677636 -0.577556 0.000000 0.631693 0.462891 0.677636 -0.577556 0.000000 0.631742 0.462737 0.677636 -0.577556 0.000000 0.632111 0.462675 0.677636 -0.577556 0.000000 
0.631644 0.463014 0.677636 -0.577556 0.000000 0.631914 0.462675 0.677636 -0.577556 0.000000 0.631693 0.462891 0.677636 -0.577556 0.000000 0.631742 0.462737 0.677636 -0.577556 0.000000 0.632111 0.462675 0.677636 -0.577556 0.000000 0.632628 0.462675 0.653691 -0.571288 0.000000 
0.631914 0.462675 0.677636 -0.577556 0.000000 0.631693 0.462891 0.677636 -0.577556 0.000000 0.631742 0.462737 0.677636 -0.577556 0.000000 0.632111 0.462675 0.677636 -0.577556 0.000000 0.632628 0.462675 0.653691 -0.571288 0.000000 0.632357 0.462675 0.653691 -0.571288 0.000000 
0.631693 0.462891 0.677636 -0.577556 0.000000 0.631742 0.462737 0.677636 -0.577556 0.000000 0.632111 0.462675 0.677636 -0.577556 0.000000 0.632628 0.462675 0.653691 -0.571288 0.000000 0.632357 0.462675 0.653691 -0.571288 0.000000 0.632899 0.462752 0.646508 -0.580623 0.000000 
0.631742 0.462737 0.677636 -0.577556 0.000000 0.632111 0.462675 0.677636 -0.577556 0.000000 0.632628 0.462675 0.653691 -0.571288 0.000000 0.632357 0.462675 0.653691 -0.571288 0.000000 0.632899 0.462752 0.646508 -0.580623 0.000000 0.633145 0.462891 0.646508 -0.580623 0.000000 
0.632111 0.462675 0.677636 -0.577556 0.000000 0.632628 0.462675 0.653691 -0.571288 0.000000 0.632357 0.462675 0.653691 -0.571288 0.000000 0.632899 0.462752 0.646508 -0.580623 0.000000 0.633145 0.462891 0.646508 -0.580623 0.000000 0.633366 0.463075 0.646508 -0.580623 0.000000 
0.632628 0.462675 0.653691 -0.571288 0.000000 0.632357 0.462675 0.653691 -0.571288 0.000000 0.632899 0.462752 0.646508 -0.580623 0.000000 0.633145 0.462891 0.646508 -0.580623 0.000000 0.633366 0.463075 0.646508 -0.580623 0.000000 0.633588 0.463229 0.646508 -0.580623 0.000000 
0.632357 0.462675 0.653691 -0.571288 0.000000 0.632899 0.462752 0.646508 -0.580623 0.000000 0.633145 0.462891 0.646508 -0.580623 0.000000 0.633366 0.463075 0.646508 -0.580623 0.000000 0.633588 0.463229 0.646508 -0.580623 0.000000 0.633784 0.463383 0.646508 -0.580623 0.000000 
0.632899 0.462752 0.646508 -0.580623 0.000000 0.633145 0.462891 0.646508 -0.580623 0.000000 0.633366 0.463075 0.646508 -0.580623 0.000000 0.633588 0.463229 0.646508 -0.580623 0.000000 0.633784 0.463383 0.646508 -0.580623 0.000000 0.633981 0.463521 0.646508 -0.580623 0.000000 
0.633145 0.462891 0.646508 -0.580623 0.000000 0.633366 0.463075 0.646508 -0.580623 0.000000 0.633588 0.463229 0.646508 -0.580623 0.000000 0.633784 0.463383 0.646508 -0.580623 0.000000 0.633981 0.463521 0.646508 -0.580623 0.000000 0.634129 0.463644 0.622471 -0.573679 0.000000 
0.633366 0.463075 0.646508 -0.580623 0.000000 0.633588 0.463229 0.646508 -0.580623 0.000000 0.633784 0.463383 0.646508 -0.580623 0.000000 0.633981 0.463521 0.646508 -0.580623 0.000000 0.634129 0.463644 0.622471 -0.573679 0.000000 0.634252 0.463736 0.622471 -0.573679 0.000000 
0.633588 0.463229 0.646508 -0.580623 0.000000 0.633784 0.463383 0.646508 -0.580623 0.000000 0.633981 0.463521 0.646508 -0.580623 0.000000 0.634129 0.463644 0.622471 -0.573679 0.000000 0.634252 0.463736 0.622471 -0.573679 0.000000 0.634350 0.463813 0.622471 -0.573679 0.000000 
0.633784 0.463383 0.646508 -0.580623 0.000000 0.633981 0.463521 0.646508 -0.580623 0.000000 0.634129 0.463644 0.622471 -0.573679 0.000000 0.634252 0.463736 0.622471 -0.573679 0.000000 0.634350 0.463813 0.622471 -0.573679 0.000000 0.634473 0.463890 0.622471 -0.573679 0.000000 
0.633981 0.463521 0.646508 -0.580623 0.000000 0.634129 0.463644 0.622471 -0.573679 0.000000 0.634252 0.463736 0.622471 -0.573679 0.000000 0.634350 0.463813 0.622471 -0.573679 0.000000 0.634473 0.463890 0.622471 -0.573679 0.000000 0.634572 0.463936 0.622471 -0.573679 0.000000 
0.634129 0.463644 0.622471 -0.573679 0.000000 0.634252 0.463736 0.622471 -0.573679 0.000000 0.634350 0.463813 0.622471 -0.573679 0.000000 0.634473 0.463890 0.622471 -0.573679 0.000000 0.634572 0.463936 0.622471 -0.573679 0.000000 0.634670 0.463967 0.622471 -0.573679 0.000000 
0.634252 0.463736 0.622471 -0.573679 0.000000 0.634350 0.463813 0.622471 -0.573679 0.000000 0.634473 0.463890 0.622471 -0.573679 0.000000 0.634572 0.463936 0.622471 -0.573679 0.000000 0.634670 0.463967 0.622471 -0.573679 0.000000 0.634769 0.463998 0.622471 -0.573679 0.000000 
0.634350 0.463813 0.622471 -0.573679 0.000000 0.634473 0.463890 0.622471 -0.573679 0.000000 0.634572 0.463936 0.622471 -0.573679 0.000000 0.634670 0.463967 0.622471 -0.573679 0.000000 0.634769 0.463998 0.622471 -0.573679 0.000000 0.634843 0.463998 0.614915 -0.582396 0.000000 
0.634473 0.463890 0.622471 -0.573679 0.000000 0.634572 0.463936 0.622471 -0.573679 0.000000 0.634670 0.463967 0.622471 -0.573679 0.000000 0.634769 0.463998 0.622471 -0.573679 0.000000 0.634843 0.463998 0.614915 -0.582396 0.000000 0.634916 0.463998 0.614915 -0.582396 0.000000 
0.634572 0.463936 0.622471 -0.573679 0.000000 0.634670 0.463967 0.622471 -0.573679 0.000000 0.634769 0.463998 0.622471 -0.573679 0.000000 0.634843 0.463998 0.614915 -0.582396 0.000000 0.634916 0.463998 0.614915 -0.582396 0.000000 0.635015 0.463998 0.614915 -0.582396 0.000000 
0.634670 0.463967 0.622471 -0.573679 0.000000 0.634769 0.463998 0.622471 -0.573679 0.000000 0.634843 0.463998 0.614915 -0.582396 0.000000 0.634916 0.463998 0.614915 -0.582396 0.000000 0.635015 0.463998 0.614915 -0.582396 0.000000 0.635138 0.463998 0.606008 -0.557861 0.000000 
0.634769 0.463998 0.622471 -0.573679 0.000000 0.634843 0.463998 0.614915 -0.582396 0.000000 0.634916 0.463998 0.614915 -0.582396 0.000000 0.635015 0.463998 0.614915 -0.582396 0.000000 0.635138 0.463998 0.606008 -0.557861 0.000000 0.635236 0.463998 0.606008 -0.557861 0.000000 
0.634843 0.463998 0.614915 -0.582396 0.000000 0.634916 0.463998 0.614915 -0.582396 0.000000 0.635015 0.463998 0.614915 -0.582396 0.000000 0.635138 0.463998 0.606008 -0.557861 0.000000 0.635236 0.463998 0.606008 -0.557861 0.000000 0.635359 0.463998 0.606008 -0.557861 0.000000 
0.634916 0.463998 0.614915 -0.582396 0.000000 0.635015 0.463998 0.614915 -0.582396 0.000000 0.635138 0.463998 0.606008 -0.557861 0.000000 0.635236 0.463998 0.606008 -0.557861 0.000000 0.635359 0.463998 0.606008 -0.557861 0.000000 0.635458 0.463998 0.606008 -0.557861 0.000000 
0.635015 0.463998 0.614915 -0.582396 0.000000 0.635138 0.463998 0.606008 -0.557861 0.000000 0.635236 0.463998 0.606008 -0.557861 0.000000 0.635359 0.463998 0.606008 -0.557861 0.000000 0.635458 0.463998 0.606008 -0.557861 0.000000 0.635556 0.463998 0.606008 -0.557861 0.000000 
0.635138 0.463998 0.606008 -0.557861 0.000000 0.635236 0.463998 0.606008 -0.557861 0.000000 0.635359 0.463998 0.606008 -0.557861 0.000000 0.635458 0.463998 0.606008 -0.557861 0.000000 0.635556 0.463998 0.606008 -0.557861 0.000000 0.635630 0.463998 0.606008 -0.557861 0.000000 
0.635236 0.463998 0.606008 -0.557861 0.000000 0.635359 0.463998 0.606008 -0.557861 0.000000 0.635458 0.463998 0.606008 -0.557861 0.000000 0.635556 0.463998 0.606008 -0.557861 0.000000 0.635630 0.463998 0.606008 -0.557861 0.000000 0.635704 0.463998 0.606008 -0.557861 0.027370 
0.635359 0.463998 0.606008 -0.557861 0.000000 0.635458 0.463998 0.606008 -0.557861 0.000000 0.635556 0.463998 0.606008 -0.557861 0.000000 0.635630 0.463998 0.606008 -0.557861 0.000000 0.635704 0.463998 0.606008 -0.557861 0.027370 0.635728 0.463998 0.606008 -0.557861 0.043011 
0.635458 0.463998 0.606008 -0.557861 0.000000 0.635556 0.463998 0.606008 -0.557861 0.000000 0.635630 0.463998 0.606008 -0.557861 0.000000 0.635704 0.463998 0.606008 -0.557861 0.027370 0.635728 0.463998 0.606008 -0.557861 0.043011 0.635655 0.463998 0.606008 -0.557861 0.122190 
0.635556 0.463998 0.606008 -0.557861 0.000000 0.635630 0.463998 0.606008 -0.557861 0.000000 0.635704 0.463998 0.606008 -0.557861 0.027370 0.635728 0.463998 0.606008 -0.557861 0.043011 0.635655 0.463998 0.606008 -0.557861 0.122190 0.635458 0.463998 0.606008 -0.557861 0.127077 
0.635630 0.463998 0.606008 -0.557861 0.000000 0.635704 0.463998 0.606008 -0.557861 0.027370 0.635728 0.463998 0.606008 -0.557861 0.043011 0.635655 0.463998 0.606008 -0.557861 0.122190 0.635458 0.463998 0.606008 -0.557861 0.127077 0.635261 0.463998 0.606008 -0.557861 0.131965 
0.635704 0.463998 0.606008 -0.557861 0.027370 0.635728 0.463998 0.606008 -0.557861 0.043011 0.635655 0.463998 0.606008 -0.557861 0.122190 0.635458 0.463998 0.606008 -0.557861 0.127077 0.635261 0.463998 0.606008 -0.557861 0.131965 0.635015 0.463983 0.606008 -0.557861 0.137830 
0.635728 0.463998 0.606008 -0.557861 0.043011 0.635655 0.463998 0.606008 -0.557861 0.122190 0.635458 0.463998 0.606008 -0.557861 0.127077 0.635261 0.463998 0.606008 -0.557861 0.131965 0.635015 0.463983 0.606008 -0.557861 0.137830 0.634769 0.463952 0.606008 -0.557861 0.142717 
0.635655 0.463998 0.606008 -0.557861 0.122190 0.635458 0.463998 0.606008 -0.557861 0.127077 0.635261 0.463998 0.606008 -0.557861 0.131965 0.635015 0.463983 0.606008 -0.557861 0.137830 0.634769 0.463952 0.606008 -0.557861 0.142717 0.634498 0.463936 0.606008 -0.557861 0.149560 
0.635458 0.463998 0.606008 -0.557861 0.127077 0.635261 0.463998 0.606008 -0.557861 0.131965 0.635015 0.463983 0.606008 -0.557861 0.137830 0.634769 0.463952 0.606008 -0.557861 0.142717 0.634498 0.463936 0.606008 -0.557861 0.149560 0.634252 0.463921 0.606008 -0.557861 0.155425 
0.635261 0.463998 0.606008 -0.557861 0.131965 0.635015 0.463983 0.606008 -0.557861 0.137830 0.634769 0.463952 0.606008 -0.557861 0.142717 0.634498 0.463936 0.606008 -0.557861 0.149560 0.634252 0.463921 0.606008 -0.557861 0.155425 0.634055 0.463921 0.606008 -0.557861 0.163245 
0.635015 0.463983 0.606008 -0.557861 0.137830 0.634769 0.463952 0.606008 -0.557861 0.142717 0.634498 0.463936 0.606008 -0.557861 0.149560 0.634252 0.463921 0.606008 -0.557861 0.155425 0.634055 0.463921 0.606008 -0.557861 0.163245 0.633834 0.463906 0.606008 -0.557861 0.171065 
0.634769 0.463952 0.606008 -0.557861 0.142717 0.634498 0.463936 0.606008 -0.557861 0.149560 0.634252 0.463921 0.606008 -0.557861 0.155425 0.634055 0.463921 0.606008 -0.557861 0.163245 0.633834 0.463906 0.606008 -0.557861 0.171065 0.633661 0.463890 0.606008 -0.557861 0.175953 
0.634498 0.463936 0.606008 -0.557861 0.149560 0.634252 0.463921 0.606008 -0.557861 0.155425 0.634055 0.463921 0.606008 -0.557861 0.163245 0.633834 0.463906 0.606008 -0.557861 0.171065 0.633661 0.463890 0.606008 -0.557861 0.175953 0.633489 0.463890 0.606008 -0.557861 0.179863 
0.634252 0.463921 0.606008 -0.557861 0.155425 0.634055 0.463921 0.606008 -0.557861 0.163245 0.633834 0.463906 0.606008 -0.557861 0.171065 0.633661 0.463890 0.606008 -0.557861 0.175953 0.633489 0.463890 0.606008 -0.557861 0.179863 0.633366 0.463890 0.606008 -0.557861 0.178886 
0.634055 0.463921 0.606008 -0.557861 0.163245 0.633834 0.463906 0.606008 -0.557861 0.171065 0.633661 0.463890 0.606008 -0.557861 0.175953 0.633489 0.463890 0.606008 -0.557861 0.179863 0.633366 0.463890 0.606008 -0.557861 0.178886 0.633268 0.463890 0.606008 -0.557861 0.178886 
0.633834 0.463906 0.606008 -0.557861 0.171065 0.633661 0.463890 0.606008 -0.557861 0.175953 0.633489 0.463890 0.606008 -0.557861 0.179863 0.633366 0.463890 0.606008 -0.557861 0.178886 0.633268 0.463890 0.606008 -0.557861 0.178886 0.633194 0.463890 0.606008 -0.557861 0.179863 
0.633661 0.463890 0.606008 -0.557861 0.175953 0.633489 0.463890 0.606008 -0.557861 0.179863 0.633366 0.463890 0.606008 -0.557861 0.178886 0.633268 0.463890 0.606008 -0.557861 0.178886 0.633194 0.463890 0.606008 -0.557861 0.179863 0.633145 0.463890 0.606008 -0.557861 0.181818 
0.633489 0.463890 0.606008 -0.557861 0.179863 0.633366 0.463890 0.606008 -0.557861 0.178886 0.633268 0.463890 0.606008 -0.557861 0.178886 0.633194 0.463890 0.606008 -0.557861 0.179863 0.633145 0.463890 0.606008 -0.557861 0.181818 0.633120 0.463890 0.606008 -0.557861 0.186706 
0.633366 0.463890 0.606008 -0.557861 0.178886 0.633268 0.463890 0.606008 -0.557861 0.178886 0.633194 0.463890 0.606008 -0.557861 0.179863 0.633145 0.463890 0.606008 -0.557861 0.181818 0.633120 0.463890 0.606008 -0.557861 0.186706 0.633096 0.463890 0.606008 -0.557861 0.194526 
0.633268 0.463890 0.606008 -0.557861 0.178886 0.633194 0.463890 0.606008 -0.557861 0.179863 0.633145 0.463890 0.606008 -0.557861 0.181818 0.633120 0.463890 0.606008 -0.557861 0.186706 0.633096 0.463890 0.606008 -0.557861 0.194526 0.633071 0.463890 0.606008 -0.557861 0.201369 
0.633194 0.463890 0.606008 -0.557861 0.179863 0.633145 0.463890 0.606008 -0.557861 0.181818 0.633120 0.463890 0.606008 -0.557861 0.186706 0.633096 0.463890 0.606008 -0.557861 0.194526 0.633071 0.463890 0.606008 -0.557861 0.201369 0.633046 0.463890 0.606008 -0.557861 0.217009 
0.633145 0.463890 0.606008 -0.557861 0.181818 0.633120 0.463890 0.606008 -0.557861 0.186706 0.633096 0.463890 0.606008 -0.557861 0.194526 0.633071 0.463890 0.606008 -0.557861 0.201369 0.633046 0.463890 0.606008 -0.557861 0.217009 0.633022 0.463890 0.606008 -0.557861 0.225806 
0.633120 0.463890 0.606008 -0.557861 0.186706 0.633096 0.463890 0.606008 -0.557861 0.194526 0.633071 0.463890 0.606008 -0.557861 0.201369 0.633046 0.463890 0.606008 -0.557861 0.217009 0.633022 0.463890 0.606008 -0.557861 0.225806 0.632972 0.463890 0.606008 -0.557861 0.232649 
0.633096 0.463890 0.606008 -0.557861 0.194526 0.633071 0.463890 0.606008 -0.557861 0.201369 0.633046 0.463890 0.606008 -0.557861 0.217009 0.633022 0.463890 0.606008 -0.557861 0.225806 0.632972 0.463890 0.606008 -0.557861 0.232649 0.632899 0.463875 0.606008 -0.557861 0.237537 
0.633071 0.463890 0.606008 -0.557861 0.201369 0.633046 0.463890 0.606008 -0.557861 0.217009 0.633022 0.463890 0.606008 -0.557861 0.225806 0.632972 0.463890 0.606008 -0.557861 0.232649 0.632899 0.463875 0.606008 -0.557861 0.237537 0.632776 0.463875 0.606008 -0.557861 0.242424 
0.633046 0.463890 0.606008 -0.557861 0.217009 0.633022 0.463890 0.606008 -0.557861 0.225806 0.632972 0.463890 0.606008 -0.557861 0.232649 0.632899 0.463875 0.606008 -0.557861 0.237537 0.632776 0.463875 0.606008 -0.557861 0.242424 0.632628 0.463875 0.606008 -0.557861 0.245357 
0.633022 0.463890 0.606008 -0.557861 0.225806 0.632972 0.463890 0.606008 -0.557861 0.232649 0.632899 0.463875 0.606008 -0.557861 0.237537 0.632776 0.463875 0.606008 -0.557861 0.242424 0.632628 0.463875 0.606008 -0.557861 0.245357 0.632382 0.463875 0.606008 -0.557861 0.248289 
0.632972 0.463890 0.606008 -0.557861 0.232649 0.632899 0.463875 0.606008 -0.557861 0.237537 0.632776 0.463875 0.606008 -0.557861 0.242424 0.632628 0.463875 0.606008 -0.557861 0.245357 0.632382 0.463875 0.606008 -0.557861 0.248289 0.632111 0.463875 0.613257 -0.549040 0.253177 
0.632899 0.463875 0.606008 -0.557861 0.237537 0.632776 0.463875 0.606008 -0.557861 0.242424 0.632628 0.463875 0.606008 -0.557861 0.245357 0.632382 0.463875 0.606008 -0.557861 0.248289 0.632111 0.463875 0.613257 -0.549040 0.253177 0.631816 0.463875 0.613257 -0.549040 0.260020 
0.632776 0.463875 0.606008 -0.557861 0.242424 0.632628 0.463875 0.606008 -0.557861 0.245357 0.632382 0.463875 0.606008 -0.557861 0.248289 0.632111 0.463875 0.613257 -0.549040 0.253177 0.631816 0.463875 0.613257 -0.549040 0.260020 0.631496 0.463875 0.613257 -0.549040 0.264907 
0.632628 0.463875 0.606008 -0.557861 0.245357 0.632382 0.463875 0.606008 -0.557861 0.248289 0.632111 0.463875 0.613257 -0.549040 0.253177 0.631816 0.463875 0.613257 -0.549040 0.260020 0.631496 0.463875 0.613257 -0.549040 0.264907 0.631127 0.463875 0.613257 -0.549040 0.271750 
0.632382 0.463875 0.606008 -0.557861 0.248289 0.632111 0.463875 0.613257 -0.549040 0.253177 0.631816 0.463875 0.613257 -0.549040 0.260020 0.631496 0.463875 0.613257 -0.549040 0.264907 0.631127 0.463875 0.613257 -0.549040 0.271750 0.630733 0.463875 0.613257 -0.549040 0.282502 
0.632111 0.463875 0.613257 -0.549040 0.253177 0.631816 0.463875 0.613257 -0.549040 0.260020 0.631496 0.463875 0.613257 -0.549040 0.264907 0.631127 0.463875 0.613257 -0.549040 0.271750 0.630733 0.463875 0.613257 -0.549040 0.282502 0.630340 0.463875 0.613257 -0.549040 0.291300 
0.631816 0.463875 0.613257 -0.549040 0.260020 0.631496 0.463875 0.613257 -0.549040 0.264907 0.631127 0.463875 0.613257 -0.549040 0.271750 0.630733 0.463875 0.613257 -0.549040 0.282502 0.630340 0.463875 0.613257 -0.549040 0.291300 0.629897 0.463875 0.613257 -0.549040 0.298143 
0.631496 0.463875 0.613257 -0.549040 0.264907 0.631127 0.463875 0.613257 -0.549040 0.271750 0.630733 0.463875 0.613257 -0.549040 0.282502 0.630340 0.463875 0.613257 -0.549040 0.291300 0.629897 0.463875 0.613257 -0.549040 0.298143 0.629478 0.463875 0.613257 -0.549040 0.305963 
0.631127 0.463875 0.613257 -0.549040 0.271750 0.630733 0.463875 0.613257 -0.549040 0.282502 0.630340 0.463875 0.613257 -0.549040 0.291300 0.629897 0.463875 0.613257 -0.549040 0.298143 0.629478 0.463875 0.613257 -0.549040 0.305963 0.629035 0.463859 0.613257 -0.549040 0.312805 
0.630733 0.463875 0.613257 -0.549040 0.282502 0.630340 0.463875 0.613257 -0.549040 0.291300 0.629897 0.463875 0.613257 -0.549040 0.298143 0.629478 0.463875 0.613257 -0.549040 0.305963 0.629035 0.463859 0.613257 -0.549040 0.312805 0.628543 0.463844 0.613257 -0.549040 0.316716 
0.630340 0.463875 0.613257 -0.549040 0.291300 0.629897 0.463875 0.613257 -0.549040 0.298143 0.629478 0.463875 0.613257 -0.549040 0.305963 0.629035 0.463859 0.613257 -0.549040 0.312805 0.628543 0.463844 0.613257 -0.549040 0.316716 0.628051 0.463813 0.603813 -0.524662 0.328446 
0.629897 0.463875 0.613257 -0.549040 0.298143 0.629478 0.463875 0.613257 -0.549040 0.305963 0.629035 0.463859 0.613257 -0.549040 0.312805 0.628543 0.463844 0.613257 -0.549040 0.316716 0.628051 0.463813 0.603813 -0.524662 0.328446 0.627534 0.463798 0.603813 -0.524662 0.338221 
0.629478 0.463875 0.613257 -0.549040 0.305963 0.629035 0.463859 0.613257 -0.549040 0.312805 0.628543 0.463844 0.613257 -0.549040 0.316716 0.628051 0.463813 0.603813 -0.524662 0.328446 0.627534 0.463798 0.603813 -0.524662 0.338221 0.626993 0.463767 0.603813 -0.524662 0.339198 
0.629035 0.463859 0.613257 -0.549040 0.312805 0.628543 0.463844 0.613257 -0.549040 0.316716 0.628051 0.463813 0.603813 -0.524662 0.328446 0.627534 0.463798 0.603813 -0.524662 0.338221 0.626993 0.463767 0.603813 -0.524662 0.339198 0.626403 0.463736 0.603813 -0.524662 0.340176 
0.628543 0.463844 0.613257 -0.549040 0.316716 0.628051 0.463813 0.603813 -0.524662 0.328446 0.627534 0.463798 0.603813 -0.524662 0.338221 0.626993 0.463767 0.603813 -0.524662 0.339198 0.626403 0.463736 0.603813 -0.524662 0.340176 0.625886 0.463706 0.603813 -0.524662 0.345064 
0.628051 0.463813 0.603813 -0.524662 0.328446 0.627534 0.463798 0.603813 -0.524662 0.338221 0.626993 0.463767 0.603813 -0.524662 0.339198 0.626403 0.463736 0.603813 -0.524662 0.340176 0.625886 0.463706 0.603813 -0.524662 0.345064 0.625345 0.463660 0.603813 -0.524662 0.347996 
0.622416 0.469334 0.636916 -0.555525 0.000000 0.622933 0.468965 0.636916 -0.555525 0.000000 0.623474 0.468581 0.636916 -0.555525 0.000000 0.624040 0.468212 0.643809 -0.546082 0.000000 0.624582 0.467858 0.643809 -0.546082 0.000000 0.625148 0.467520 0.620291 -0.539985 0.000000 
0.622933 0.468965 0.636916 -0.555525 0.000000 0.623474 0.468581 0.636916 -0.555525 0.000000 0.624040 0.468212 0.643809 -0.546082 0.000000 0.624582 0.467858 0.643809 -0.546082 0.000000 0.625148 0.467520 0.620291 -0.539985 0.000000 0.625689 0.467227 0.620291 -0.539985 0.000000 
0.623474 0.468581 0.636916 -0.555525 0.000000 0.624040 0.468212 0.643809 -0.546082 0.000000 0.624582 0.467858 0.643809 -0.546082 0.000000 0.625148 0.467520 0.620291 -0.539985 0.000000 0.625689 0.467227 0.620291 -0.539985 0.000000 0.626255 0.466966 0.620291 -0.539985 0.000000 
0.624040 0.468212 0.643809 -0.546082 0.000000 0.624582 0.467858 0.643809 -0.546082 0.000000 0.625148 0.467520 0.620291 -0.539985 0.000000 0.625689 0.467227 0.620291 -0.539985 0.000000 0.626255 0.466966 0.620291 -0.539985 0.000000 0.627830 0.466443 0.633723 -0.521168 0.000000 
0.624582 0.467858 0.643809 -0.546082 0.000000 0.625148 0.467520 0.620291 -0.539985 0.000000 0.625689 0.467227 0.620291 -0.539985 0.000000 0.626255 0.466966 0.620291 -0.539985 0.000000 0.627830 0.466443 0.633723 -0.521168 0.000000 0.626772 0.466720 0.620291 -0.539985 0.000000 
0.625148 0.467520 0.620291 -0.539985 0.000000 0.625689 0.467227 0.620291 -0.539985 0.000000 0.626255 0.466966 0.620291 -0.539985 0.000000 0.627830 0.466443 0.633723 -0.521168 0.000000 0.626772 0.466720 0.620291 -0.539985 0.000000 0.627313 0.466643 0.633723 -0.521168 0.000000 
0.625689 0.467227 0.620291 -0.539985 0.000000 0.626255 0.466966 0.620291 -0.539985 0.000000 0.627830 0.466443 0.633723 -0.521168 0.000000 0.626772 0.466720 0.620291 -0.539985 0.000000 0.627313 0.466643 0.633723 -0.521168 0.000000 0.628371 0.466182 0.633723 -0.521168 0.000000 
0.626255 0.466966 0.620291 -0.539985 0.000000 0.627830 0.466443 0.633723 -0.521168 0.000000 0.626772 0.466720 0.620291 -0.539985 0.000000 0.627313 0.466643 0.633723 -0.521168 0.000000 0.628371 0.466182 0.633723 -0.521168 0.000000 0.629454 0.465920 0.633723 -0.521168 0.000000 
0.627830 0.466443 0.633723 -0.521168 0.000000 0.626772 0.466720 0.620291 -0.539985 0.000000 0.627313 0.466643 0.633723 -0.521168 0.000000 0.628371 0.466182 0.633723 -0.521168 0.000000 0.629454 0.465920 0.633723 -0.521168 0.000000 0.628912 0.466043 0.633723 -0.521168 0.000000 
0.626772 0.466720 0.620291 -0.539985 0.000000 0.627313 0.466643 0.633723 -0.521168 0.000000 0.628371 0.466182 0.633723 -0.521168 0.000000 0.629454 0.465920 0.633723 -0.521168 0.000000 0.628912 0.466043 0.633723 -0.521168 0.000000 0.630020 0.465797 0.633723 -0.521168 0.000000 
0.627313 0.466643 0.633723 -0.521168 0.000000 0.628371 0.466182 0.633723 -0.521168 0.000000 0.629454 0.465920 0.633723 -0.521168 0.000000 0.628912 0.466043 0.633723 -0.521168 0.000000 0.630020 0.465797 0.633723 -0.521168 0.000000 0.631176 0.465567 0.633723 -0.521168 0.000000 
0.628371 0.466182 0.633723 -0.521168 0.000000 0.629454 0.465920 0.633723 -0.521168 0.000000 0.628912 0.466043 0.633723 -0.521168 0.000000 0.630020 0.465797 0.633723 -0.521168 0.000000 0.631176 0.465567 0.633723 -0.521168 0.000000 0.630586 0.465674 0.633723 -0.521168 0.000000 
0.629454 0.465920 0.633723 -0.521168 0.000000 0.628912 0.466043 0.633723 -0.521168 0.000000 0.630020 0.465797 0.633723 -0.521168 0.000000 0.631176 0.465567 0.633723 -0.521168 0.000000 0.630586 0.465674 0.633723 -0.521168 0.000000 0.631742 0.465474 0.603813 -0.524662 0.000000 
0.628912 0.466043 0.633723 -0.521168 0.000000 0.630020 0.465797 0.633723 -0.521168 0.000000 0.631176 0.465567 0.633723 -0.521168 0.000000 0.630586 0.465674 0.633723 -0.521168 0.000000 0.631742 0.465474 0.603813 -0.524662 0.000000 0.632283 0.465397 0.603813 -0.524662 0.000000 
0.630020 0.465797 0.633723 -0.521168 0.000000 0.631176 0.465567 0.633723 -0.521168 0.000000 0.630586 0.465674 0.633723 -0.521168 0.000000 0.631742 0.465474 0.603813 -0.524662 0.000000 0.632283 0.465397 0.603813 -0.524662 0.000000 0.632776 0.465320 0.603813 -0.524662 0.000000 
0.631176 0.465567 0.633723 -0.521168 0.000000 0.630586 0.465674 0.633723 -0.521168 0.000000 0.631742 0.465474 0.603813 -0.524662 0.000000 0.632283 0.465397 0.603813 -0.524662 0.000000 0.632776 0.465320 0.603813 -0.524662 0.000000 0.633219 0.465290 0.603813 -0.524662 0.000000 
0.630586 0.465674 0.633723 -0.521168 0.000000 0.631742 0.465474 0.603813 -0.524662 0.000000 0.632283 0.465397 0.603813 -0.524662 0.000000 0.632776 0.465320 0.603813 -0.524662 0.000000 0.633219 0.465290 0.603813 -0.524662 0.000000 0.633588 0.465274 0.603813 -0.524662 0.000000 
0.631742 0.465474 0.603813 -0.524662 0.000000 0.632283 0.465397 0.603813 -0.524662 0.000000 0.632776 0.465320 0.603813 -0.524662 0.000000 0.633219 0.465290 0.603813 -0.524662 0.000000 0.633588 0.465274 0.603813 -0.524662 0.000000 0.633883 0.465274 0.603813 -0.524662 0.000000 
0.632283 0.465397 0.603813 -0.524662 0.000000 0.632776 0.465320 0.603813 -0.524662 0.000000 0.633219 0.465290 0.603813 -0.524662 0.000000 0.633588 0.465274 0.603813 -0.524662 0.000000 0.633883 0.465274 0.603813 -0.524662 0.000000 0.634154 0.465274 0.603813 -0.524662 0.000000 
0.632776 0.465320 0.603813 -0.524662 0.000000 0.633219 0.465290 0.603813 -0.524662 0.000000 0.633588 0.465274 0.603813 -0.524662 0.000000 0.633883 0.465274 0.603813 -0.524662 0.000000 0.634154 0.465274 0.603813 -0.524662 0.000000 0.634326 0.465274 0.603813 -0.524662 0.000000 
0.633219 0.465290 0.603813 -0.524662 0.000000 0.633588 0.465274 0.603813 -0.524662 0.000000 0.633883 0.465274 0.603813 -0.524662 0.000000 0.634154 0.465274 0.603813 -0.524662 0.000000 0.634326 0.465274 0.603813 -0.524662 0.000000 0.634473 0.465274 0.603813 -0.524662 0.000000 
0.633588 0.465274 0.603813 -0.524662 0.000000 0.633883 0.465274 0.603813 -0.524662 0.000000 0.634154 0.465274 0.603813 -0.524662 0.000000 0.634326 0.465274 0.603813 -0.524662 0.000000 0.634473 0.465274 0.603813 -0.524662 0.000000 0.634547 0.465274 0.603813 -0.524662 0.028348 
0.633883 0.465274 0.603813 -0.524662 0.000000 0.634154 0.465274 0.603813 -0.524662 0.000000 0.634326 0.465274 0.603813 -0.524662 0.000000 0.634473 0.465274 0.603813 -0.524662 0.000000 0.634547 0.465274 0.603813 -0.524662 0.028348 0.634596 0.465336 0.613257 -0.549040 0.040078 
0.634154 0.465274 0.603813 -0.524662 0.000000 0.634326 0.465274 0.603813 -0.524662 0.000000 0.634473 0.465274 0.603813 -0.524662 0.000000 0.634547 0.465274 0.603813 -0.524662 0.028348 0.634596 0.465336 0.613257 -0.549040 0.040078 0.634596 0.465444 0.613257 -0.549040 0.049853 
0.634326 0.465274 0.603813 -0.524662 0.000000 0.634473 0.465274 0.603813 -0.524662 0.000000 0.634547 0.465274 0.603813 -0.524662 0.028348 0.634596 0.465336 0.613257 -0.549040 0.040078 0.634596 0.465444 0.613257 -0.549040 0.049853 0.634596 0.465567 0.613257 -0.549040 0.058651 
0.634473 0.465274 0.603813 -0.524662 0.000000 0.634547 0.465274 0.603813 -0.524662 0.028348 0.634596 0.465336 0.613257 -0.549040 0.040078 0.634596 0.465444 0.613257 -0.549040 0.049853 0.634596 0.465567 0.613257 -0.549040 0.058651 0.634596 0.465674 0.613257 -0.549040 0.069404 
0.634547 0.465274 0.603813 -0.524662 0.028348 0.634596 0.465336 0.613257 -0.549040 0.040078 0.634596 0.465444 0.613257 -0.549040 0.049853 0.634596 0.465567 0.613257 -0.549040 0.058651 0.634596 0.465674 0.613257 -0.549040 0.069404 0.634596 0.465828 0.613257 -0.549040 0.086999 
0.634596 0.465336 0.613257 -0.549040 0.040078 0.634596 0.465444 0.613257 -0.549040 0.049853 0.634596 0.465567 0.613257 -0.549040 0.058651 0.634596 0.465674 0.613257 -0.549040 0.069404 0.634596 0.465828 0.613257 -0.549040 0.086999 0.634596 0.465951 0.613257 -0.549040 0.103617 
0.634596 0.465444 0.613257 -0.549040 0.049853 0.634596 0.465567 0.613257 -0.549040 0.058651 0.634596 0.465674 0.613257 -0.549040 0.069404 0.634596 0.465828 0.613257 -0.549040 0.086999 0.634596 0.465951 0.613257 -0.549040 0.103617 0.634523 0.466059 0.613257 -0.549040 0.114370 
0.634596 0.465567 0.613257 -0.549040 0.058651 0.634596 0.465674 0.613257 -0.549040 0.069404 0.634596 0.465828 0.613257 -0.549040 0.086999 0.634596 0.465951 0.613257 -0.549040 0.103617 0.634523 0.466059 0.613257 -0.549040 0.114370 0.634350 0.466151 0.613257 -0.549040 0.118280 
0.634596 0.465674 0.613257 -0.549040 0.069404 0.634596 0.465828 0.613257 -0.549040 0.086999 0.634596 0.465951 0.613257 -0.549040 0.103617 0.634523 0.466059 0.613257 -0.549040 0.114370 0.634350 0.466151 0.613257 -0.549040 0.118280 0.634178 0.466212 0.613257 -0.549040 0.119257 
0.634596 0.465828 0.613257 -0.549040 0.086999 0.634596 0.465951 0.613257 -0.549040 0.103617 0.634523 0.466059 0.613257 -0.549040 0.114370 0.634350 0.466151 0.613257 -0.549040 0.118280 0.634178 0.466212 0.613257 -0.549040 0.119257 0.633981 0.466259 0.613257 -0.549040 0.121212 
0.634596 0.465951 0.613257 -0.549040 0.103617 0.634523 0.466059 0.613257 -0.549040 0.114370 0.634350 0.466151 0.613257 -0.549040 0.118280 0.634178 0.466212 0.613257 -0.549040 0.119257 0.633981 0.466259 0.613257 -0.549040 0.121212 0.633834 0.466289 0.613257 -0.549040 0.123167 
0.634523 0.466059 0.613257 -0.549040 0.114370 0.634350 0.466151 0.613257 -0.549040 0.118280 0.634178 0.466212 0.613257 -0.549040 0.119257 0.633981 0.466259 0.613257 -0.549040 0.121212 0.633834 0.466289 0.613257 -0.549040 0.123167 0.633661 0.466289 0.613257 -0.549040 0.122190 
0.634350 0.466151 0.613257 -0.549040 0.118280 0.634178 0.466212 0.613257 -0.549040 0.119257 0.633981 0.466259 0.613257 -0.549040 0.121212 0.633834 0.466289 0.613257 -0.549040 0.123167 0.633661 0.466289 0.613257 -0.549040 0.122190 0.633465 0.466289 0.613257 -0.549040 0.126100 
0.634178 0.466212 0.613257 -0.549040 0.119257 0.633981 0.466259 0.613257 -0.549040 0.121212 0.633834 0.466289 0.613257 -0.549040 0.123167 0.633661 0.466289 0.613257 -0.549040 0.122190 0.633465 0.466289 0.613257 -0.549040 0.126100 0.633268 0.466289 0.613257 -0.549040 0.132942 
0.633981 0.466259 0.613257 -0.549040 0.121212 0.633834 0.466289 0.613257 -0.549040 0.123167 0.633661 0.466289 0.613257 -0.549040 0.122190 0.633465 0.466289 0.613257 -0.549040 0.126100 0.633268 0.466289 0.613257 -0.549040 0.132942 0.633071 0.466289 0.613257 -0.549040 0.142717 
0.633834 0.466289 0.613257 -0.549040 0.123167 0.633661 0.466289 0.613257 -0.549040 0.122190 0.633465 0.466289 0.613257 -0.549040 0.126100 0.633268 0.466289 0.613257 -0.549040 0.132942 0.633071 0.466289 0.613257 -0.549040 0.142717 0.632825 0.466289 0.613257 -0.549040 0.156403 
0.633661 0.466289 0.613257 -0.549040 0.122190 0.633465 0.466289 0.613257 -0.549040 0.126100 0.633268 0.466289 0.613257 -0.549040 0.132942 0.633071 0.466289 0.613257 -0.549040 0.142717 0.632825 0.466289 0.613257 -0.549040 0.156403 0.632554 0.466305 0.613257 -0.549040 0.175953 
0.633465 0.466289 0.613257 -0.549040 0.126100 0.633268 0.466289 0.613257 -0.549040 0.132942 0.633071 0.466289 0.613257 -0.549040 0.142717 0.632825 0.466289 0.613257 -0.549040 0.156403 0.632554 0.466305 0.613257 -0.549040 0.175953 0.632259 0.466351 0.613257 -0.549040 0.200391 
0.633268 0.466289 0.613257 -0.549040 0.132942 0.633071 0.466289 0.613257 -0.549040 0.142717 0.632825 0.466289 0.613257 -0.549040 0.156403 0.632554 0.466305 0.613257 -0.549040 0.175953 0.632259 0.466351 0.613257 -0.549040 0.200391 0.631914 0.466443 0.613257 -0.549040 0.216031 
0.633071 0.466289 0.613257 -0.549040 0.142717 0.632825 0.466289 0.613257 -0.549040 0.156403 0.632554 0.466305 0.613257 -0.549040 0.175953 0.632259 0.466351 0.613257 -0.549040 0.200391 0.631914 0.466443 0.613257 -0.549040 0.216031 0.631521 0.466551 0.613257 -0.549040 0.229717 
0.632825 0.466289 0.613257 -0.549040 0.156403 0.632554 0.466305 0.613257 -0.549040 0.175953 0.632259 0.466351 0.613257 -0.549040 0.200391 0.631914 0.466443 0.613257 -0.549040 0.216031 0.631521 0.466551 0.613257 -0.549040 0.229717 0.631078 0.466674 0.603813 -0.524662 0.239492 
0.632554 0.466305 0.613257 -0.549040 0.175953 0.632259 0.466351 0.613257 -0.549040 0.200391 0.631914 0.466443 0.613257 -0.549040 0.216031 0.631521 0.466551 0.613257 -0.549040 0.229717 0.631078 0.466674 0.603813 -0.524662 0.239492 0.630561 0.466843 0.603813 -0.524662 0.251222 
0.632259 0.466351 0.613257 -0.549040 0.200391 0.631914 0.466443 0.613257 -0.549040 0.216031 0.631521 0.466551 0.613257 -0.549040 0.229717 0.631078 0.466674 0.603813 -0.524662 0.239492 0.630561 0.466843 0.603813 -0.524662 0.251222 0.629946 0.467028 0.603813 -0.524662 0.267840 
0.631914 0.466443 0.613257 -0.549040 0.216031 0.631521 0.466551 0.613257 -0.549040 0.229717 0.631078 0.466674 0.603813 -0.524662 0.239492 0.630561 0.466843 0.603813 -0.524662 0.251222 0.629946 0.467028 0.603813 -0.524662 0.267840 0.629282 0.467227 0.603813 -0.524662 0.283480 
0.631521 0.466551 0.613257 -0.549040 0.229717 0.631078 0.466674 0.603813 -0.524662 0.239492 0.630561 0.466843 0.603813 -0.524662 0.251222 0.629946 0.467028 0.603813 -0.524662 0.267840 0.629282 0.467227 0.603813 -0.524662 0.283480 0.628494 0.467489 0.596864 -0.533567 0.301075 
0.631078 0.466674 0.603813 -0.524662 0.239492 0.630561 0.466843 0.603813 -0.524662 0.251222 0.629946 0.467028 0.603813 -0.524662 0.267840 0.629282 0.467227 0.603813 -0.524662 0.283480 0.628494 0.467489 0.596864 -0.533567 0.301075 0.627633 0.467781 0.596864 -0.533567 0.312805 
0.630561 0.466843 0.603813 -0.524662 0.251222 0.629946 0.467028 0.603813 -0.524662 0.267840 0.629282 0.467227 0.603813 -0.524662 0.283480 0.628494 0.467489 0.596864 -0.533567 0.301075 0.627633 0.467781 0.596864 -0.533567 0.312805 0.626698 0.468119 0.596864 -0.533567 0.334311 
0.629946 0.467028 0.603813 -0.524662 0.267840 0.629282 0.467227 0.603813 -0.524662 0.283480 0.628494 0.467489 0.596864 -0.533567 0.301075 0.627633 0.467781 0.596864 -0.533567 0.312805 0.626698 0.468119 0.596864 -0.533567 0.334311 0.625714 0.468504 0.594136 -0.500583 0.349951 
