0.624286 0.399007 0.686310 -0.520764 0.730205 0.624459 0.399206 0.686310 -0.520764 0.734115 0.624631 0.399422 0.663208 -0.516269 0.739980 0.624803 0.399622 0.663208 -0.516269 0.739980 0.624926 0.399837 0.663208 -0.516269 0.735093 0.625098 0.400068 0.663208 -0.516269 0.720430 
0.624459 0.399206 0.686310 -0.520764 0.734115 0.624631 0.399422 0.663208 -0.516269 0.739980 0.624803 0.399622 0.663208 -0.516269 0.739980 0.624926 0.399837 0.663208 -0.516269 0.735093 0.625098 0.400068 0.663208 -0.516269 0.720430 0.625271 0.400329 0.663208 -0.516269 0.726295 
0.624631 0.399422 0.663208 -0.516269 0.739980 0.624803 0.399622 0.663208 -0.516269 0.739980 0.624926 0.399837 0.663208 -0.516269 0.735093 0.625098 0.400068 0.663208 -0.516269 0.720430 0.625271 0.400329 0.663208 -0.516269 0.726295 0.625492 0.400606 0.663208 -0.516269 0.735093 
0.624803 0.399622 0.663208 -0.516269 0.739980 0.624926 0.399837 0.663208 -0.516269 0.735093 0.625098 0.400068 0.663208 -0.516269 0.720430 0.625271 0.400329 0.663208 -0.516269 0.726295 0.625492 0.400606 0.663208 -0.516269 0.735093 0.625714 0.400898 0.669257 -0.505830 0.737048 
0.624926 0.399837 0.663208 -0.516269 0.735093 0.625098 0.400068 0.663208 -0.516269 0.720430 0.625271 0.400329 0.663208 -0.516269 0.726295 0.625492 0.400606 0.663208 -0.516269 0.735093 0.625714 0.400898 0.669257 -0.505830 0.737048 0.625935 0.401190 0.669257 -0.505830 0.732160 
0.625098 0.400068 0.663208 -0.516269 0.720430 0.625271 0.400329 0.663208 -0.516269 0.726295 0.625492 0.400606 0.663208 -0.516269 0.735093 0.625714 0.400898 0.669257 -0.505830 0.737048 0.625935 0.401190 0.669257 -0.505830 0.732160 0.626157 0.401498 0.669257 -0.505830 0.731183 
0.625271 0.400329 0.663208 -0.516269 0.726295 0.625492 0.400606 0.663208 -0.516269 0.735093 0.625714 0.400898 0.669257 -0.505830 0.737048 0.625935 0.401190 0.669257 -0.505830 0.732160 0.626157 0.401498 0.669257 -0.505830 0.731183 0.626378 0.401790 0.669257 -0.505830 0.729228 
0.625492 0.400606 0.663208 -0.516269 0.735093 0.625714 0.400898 0.669257 -0.505830 0.737048 0.625935 0.401190 0.669257 -0.505830 0.732160 0.626157 0.401498 0.669257 -0.505830 0.731183 0.626378 0.401790 0.669257 -0.505830 0.729228 0.626599 0.402128 0.646324 -0.501398 0.725318 
0.625714 0.400898 0.669257 -0.505830 0.737048 0.625935 0.401190 0.669257 -0.505830 0.732160 0.626157 0.401498 0.669257 -0.505830 0.731183 0.626378 0.401790 0.669257 -0.505830 0.729228 0.626599 0.402128 0.646324 -0.501398 0.725318 0.626821 0.402482 0.646324 -0.501398 0.733138 
0.625935 0.401190 0.669257 -0.505830 0.732160 0.626157 0.401498 0.669257 -0.505830 0.731183 0.626378 0.401790 0.669257 -0.505830 0.729228 0.626599 0.402128 0.646324 -0.501398 0.725318 0.626821 0.402482 0.646324 -0.501398 0.733138 0.627067 0.402867 0.646324 -0.501398 0.738025 
0.626157 0.401498 0.669257 -0.505830 0.731183 0.626378 0.401790 0.669257 -0.505830 0.729228 0.626599 0.402128 0.646324 -0.501398 0.725318 0.626821 0.402482 0.646324 -0.501398 0.733138 0.627067 0.402867 0.646324 -0.501398 0.738025 0.627264 0.403266 0.646324 -0.501398 0.741935 
0.626378 0.401790 0.669257 -0.505830 0.729228 0.626599 0.402128 0.646324 -0.501398 0.725318 0.626821 0.402482 0.646324 -0.501398 0.733138 0.627067 0.402867 0.646324 -0.501398 0.738025 0.627264 0.403266 0.646324 -0.501398 0.741935 0.627485 0.403712 0.646324 -0.501398 0.741935 
0.626599 0.402128 0.646324 -0.501398 0.725318 0.626821 0.402482 0.646324 -0.501398 0.733138 0.627067 0.402867 0.646324 -0.501398 0.738025 0.627264 0.403266 0.646324 -0.501398 0.741935 0.627485 0.403712 0.646324 -0.501398 0.741935 0.627682 0.404189 0.646324 -0.501398 0.739003 
0.626821 0.402482 0.646324 -0.501398 0.733138 0.627067 0.402867 0.646324 -0.501398 0.738025 0.627264 0.403266 0.646324 -0.501398 0.741935 0.627485 0.403712 0.646324 -0.501398 0.741935 0.627682 0.404189 0.646324 -0.501398 0.739003 0.627830 0.404697 0.646324 -0.501398 0.734115 
0.627067 0.402867 0.646324 -0.501398 0.738025 0.627264 0.403266 0.646324 -0.501398 0.741935 0.627485 0.403712 0.646324 -0.501398 0.741935 0.627682 0.404189 0.646324 -0.501398 0.739003 0.627830 0.404697 0.646324 -0.501398 0.734115 0.627977 0.405235 0.646324 -0.501398 0.738025 
0.627264 0.403266 0.646324 -0.501398 0.741935 0.627485 0.403712 0.646324 -0.501398 0.741935 0.627682 0.404189 0.646324 -0.501398 0.739003 0.627830 0.404697 0.646324 -0.501398 0.734115 0.627977 0.405235 0.646324 -0.501398 0.738025 0.628174 0.405804 0.646324 -0.501398 0.733138 
0.627485 0.403712 0.646324 -0.501398 0.741935 0.627682 0.404189 0.646324 -0.501398 0.739003 0.627830 0.404697 0.646324 -0.501398 0.734115 0.627977 0.405235 0.646324 -0.501398 0.738025 0.628174 0.405804 0.646324 -0.501398 0.733138 0.628297 0.406358 0.646324 -0.501398 0.723363 
0.627682 0.404189 0.646324 -0.501398 0.739003 0.627830 0.404697 0.646324 -0.501398 0.734115 0.627977 0.405235 0.646324 -0.501398 0.738025 0.628174 0.405804 0.646324 -0.501398 0.733138 0.628297 0.406358 0.646324 -0.501398 0.723363 0.628445 0.406927 0.646324 -0.501398 0.726295 
0.627830 0.404697 0.646324 -0.501398 0.734115 0.627977 0.405235 0.646324 -0.501398 0.738025 0.628174 0.405804 0.646324 -0.501398 0.733138 0.628297 0.406358 0.646324 -0.501398 0.723363 0.628445 0.406927 0.646324 -0.501398 0.726295 0.628592 0.407511 0.646324 -0.501398 0.733138 
0.627977 0.405235 0.646324 -0.501398 0.738025 0.628174 0.405804 0.646324 -0.501398 0.733138 0.628297 0.406358 0.646324 -0.501398 0.723363 0.628445 0.406927 0.646324 -0.501398 0.726295 0.628592 0.407511 0.646324 -0.501398 0.733138 0.628740 0.408095 0.669257 -0.505830 0.727273 
0.628174 0.405804 0.646324 -0.501398 0.733138 0.628297 0.406358 0.646324 -0.501398 0.723363 0.628445 0.406927 0.646324 -0.501398 0.726295 0.628592 0.407511 0.646324 -0.501398 0.733138 0.628740 0.408095 0.669257 -0.505830 0.727273 0.628863 0.408726 0.663208 -0.516269 0.731183 
0.628297 0.406358 0.646324 -0.501398 0.723363 0.628445 0.406927 0.646324 -0.501398 0.726295 0.628592 0.407511 0.646324 -0.501398 0.733138 0.628740 0.408095 0.669257 -0.505830 0.727273 0.628863 0.408726 0.663208 -0.516269 0.731183 0.629011 0.409357 0.663208 -0.516269 0.731183 
0.628445 0.406927 0.646324 -0.501398 0.726295 0.628592 0.407511 0.646324 -0.501398 0.733138 0.628740 0.408095 0.669257 -0.505830 0.727273 0.628863 0.408726 0.663208 -0.516269 0.731183 0.629011 0.409357 0.663208 -0.516269 0.731183 0.629158 0.410002 0.663208 -0.516269 0.729228 
0.628592 0.407511 0.646324 -0.501398 0.733138 0.628740 0.408095 0.669257 -0.505830 0.727273 0.628863 0.408726 0.663208 -0.516269 0.731183 0.629011 0.409357 0.663208 -0.516269 0.731183 0.629158 0.410002 0.663208 -0.516269 0.729228 0.629257 0.410679 0.663208 -0.516269 0.726295 
0.628740 0.408095 0.669257 -0.505830 0.727273 0.628863 0.408726 0.663208 -0.516269 0.731183 0.629011 0.409357 0.663208 -0.516269 0.731183 0.629158 0.410002 0.663208 -0.516269 0.729228 0.629257 0.410679 0.663208 -0.516269 0.726295 0.629380 0.411387 0.663208 -0.516269 0.715542 
0.628863 0.408726 0.663208 -0.516269 0.731183 0.629011 0.409357 0.663208 -0.516269 0.731183 0.629158 0.410002 0.663208 -0.516269 0.729228 0.629257 0.410679 0.663208 -0.516269 0.726295 0.629380 0.411387 0.663208 -0.516269 0.715542 0.629454 0.412079 0.663208 -0.516269 0.715542 
0.629011 0.409357 0.663208 -0.516269 0.731183 0.629158 0.410002 0.663208 -0.516269 0.729228 0.629257 0.410679 0.663208 -0.516269 0.726295 0.629380 0.411387 0.663208 -0.516269 0.715542 0.629454 0.412079 0.663208 -0.516269 0.715542 0.629577 0.412771 0.686310 -0.520764 0.726295 
0.629158 0.410002 0.663208 -0.516269 0.729228 0.629257 0.410679 0.663208 -0.516269 0.726295 0.629380 0.411387 0.663208 -0.516269 0.715542 0.629454 0.412079 0.663208 -0.516269 0.715542 0.629577 0.412771 0.686310 -0.520764 0.726295 0.629675 0.413463 0.686310 -0.520764 0.722385 
0.629257 0.410679 0.663208 -0.516269 0.726295 0.629380 0.411387 0.663208 -0.516269 0.715542 0.629454 0.412079 0.663208 -0.516269 0.715542 0.629577 0.412771 0.686310 -0.520764 0.726295 0.629675 0.413463 0.686310 -0.520764 0.722385 0.629798 0.414139 0.686310 -0.520764 0.709677 
0.629380 0.411387 0.663208 -0.516269 0.715542 0.629454 0.412079 0.663208 -0.516269 0.715542 0.629577 0.412771 0.686310 -0.520764 0.726295 0.629675 0.413463 0.686310 -0.520764 0.722385 0.629798 0.414139 0.686310 -0.520764 0.709677 0.629897 0.414801 0.686310 -0.520764 0.720430 
0.629454 0.412079 0.663208 -0.516269 0.715542 0.629577 0.412771 0.686310 -0.520764 0.726295 0.629675 0.413463 0.686310 -0.520764 0.722385 0.629798 0.414139 0.686310 -0.520764 0.709677 0.629897 0.414801 0.686310 -0.520764 0.720430 0.630044 0.415462 0.686310 -0.520764 0.719453 
0.629577 0.412771 0.686310 -0.520764 0.726295 0.629675 0.413463 0.686310 -0.520764 0.722385 0.629798 0.414139 0.686310 -0.520764 0.709677 0.629897 0.414801 0.686310 -0.520764 0.720430 0.630044 0.415462 0.686310 -0.520764 0.719453 0.630167 0.416139 0.686310 -0.520764 0.723363 
0.629675 0.413463 0.686310 -0.520764 0.722385 0.629798 0.414139 0.686310 -0.520764 0.709677 0.629897 0.414801 0.686310 -0.520764 0.720430 0.630044 0.415462 0.686310 -0.520764 0.719453 0.630167 0.416139 0.686310 -0.520764 0.723363 0.630290 0.416800 0.686310 -0.520764 0.721408 
0.629798 0.414139 0.686310 -0.520764 0.709677 0.629897 0.414801 0.686310 -0.520764 0.720430 0.630044 0.415462 0.686310 -0.520764 0.719453 0.630167 0.416139 0.686310 -0.520764 0.723363 0.630290 0.416800 0.686310 -0.520764 0.721408 0.630438 0.417446 0.686310 -0.520764 0.722385 
0.629897 0.414801 0.686310 -0.520764 0.720430 0.630044 0.415462 0.686310 -0.520764 0.719453 0.630167 0.416139 0.686310 -0.520764 0.723363 0.630290 0.416800 0.686310 -0.520764 0.721408 0.630438 0.417446 0.686310 -0.520764 0.722385 0.630536 0.418138 0.686310 -0.520764 0.719453 
0.630044 0.415462 0.686310 -0.520764 0.719453 0.630167 0.416139 0.686310 -0.520764 0.723363 0.630290 0.416800 0.686310 -0.520764 0.721408 0.630438 0.417446 0.686310 -0.520764 0.722385 0.630536 0.418138 0.686310 -0.520764 0.719453 0.630659 0.418861 0.686310 -0.520764 0.720430 
0.630167 0.416139 0.686310 -0.520764 0.723363 0.630290 0.416800 0.686310 -0.520764 0.721408 0.630438 0.417446 0.686310 -0.520764 0.722385 0.630536 0.418138 0.686310 -0.520764 0.719453 0.630659 0.418861 0.686310 -0.520764 0.720430 0.630733 0.419614 0.703481 -0.535963 0.714565 
0.630290 0.416800 0.686310 -0.520764 0.721408 0.630438 0.417446 0.686310 -0.520764 0.722385 0.630536 0.418138 0.686310 -0.520764 0.719453 0.630659 0.418861 0.686310 -0.520764 0.720430 0.630733 0.419614 0.703481 -0.535963 0.714565 0.630832 0.420368 0.703481 -0.535963 0.728250 
0.630438 0.417446 0.686310 -0.520764 0.722385 0.630536 0.418138 0.686310 -0.520764 0.719453 0.630659 0.418861 0.686310 -0.520764 0.720430 0.630733 0.419614 0.703481 -0.535963 0.714565 0.630832 0.420368 0.703481 -0.535963 0.728250 0.630905 0.421152 0.703481 -0.535963 0.727273 
0.630536 0.418138 0.686310 -0.520764 0.719453 0.630659 0.418861 0.686310 -0.520764 0.720430 0.630733 0.419614 0.703481 -0.535963 0.714565 0.630832 0.420368 0.703481 -0.535963 0.728250 0.630905 0.421152 0.703481 -0.535963 0.727273 0.630979 0.421952 0.703481 -0.535963 0.717498 
0.630659 0.418861 0.686310 -0.520764 0.720430 0.630733 0.419614 0.703481 -0.535963 0.714565 0.630832 0.420368 0.703481 -0.535963 0.728250 0.630905 0.421152 0.703481 -0.535963 0.727273 0.630979 0.421952 0.703481 -0.535963 0.717498 0.631078 0.422798 0.703481 -0.535963 0.708700 
0.630733 0.419614 0.703481 -0.535963 0.714565 0.630832 0.420368 0.703481 -0.535963 0.728250 0.630905 0.421152 0.703481 -0.535963 0.727273 0.630979 0.421952 0.703481 -0.535963 0.717498 0.631078 0.422798 0.703481 -0.535963 0.708700 0.631102 0.423705 0.703481 -0.535963 0.721408 
0.630832 0.420368 0.703481 -0.535963 0.728250 0.630905 0.421152 0.703481 -0.535963 0.727273 0.630979 0.421952 0.703481 -0.535963 0.717498 0.631078 0.422798 0.703481 -0.535963 0.708700 0.631102 0.423705 0.703481 -0.535963 0.721408 0.631152 0.424612 0.703481 -0.535963 0.725318 
0.630905 0.421152 0.703481 -0.535963 0.727273 0.630979 0.421952 0.703481 -0.535963 0.717498 0.631078 0.422798 0.703481 -0.535963 0.708700 0.631102 0.423705 0.703481 -0.535963 0.721408 0.631152 0.424612 0.703481 -0.535963 0.725318 0.631176 0.425520 0.709404 -0.524881 0.721408 
0.630979 0.421952 0.703481 -0.535963 0.717498 0.631078 0.422798 0.703481 -0.535963 0.708700 0.631102 0.423705 0.703481 -0.535963 0.721408 0.631152 0.424612 0.703481 -0.535963 0.725318 0.631176 0.425520 0.709404 -0.524881 0.721408 0.631176 0.426427 0.709404 -0.524881 0.703812 
0.631078 0.422798 0.703481 -0.535963 0.708700 0.631102 0.423705 0.703481 -0.535963 0.721408 0.631152 0.424612 0.703481 -0.535963 0.725318 0.631176 0.425520 0.709404 -0.524881 0.721408 0.631176 0.426427 0.709404 -0.524881 0.703812 0.631176 0.427335 0.709404 -0.524881 0.703812 
0.631102 0.423705 0.703481 -0.535963 0.721408 0.631152 0.424612 0.703481 -0.535963 0.725318 0.631176 0.425520 0.709404 -0.524881 0.721408 0.631176 0.426427 0.709404 -0.524881 0.703812 0.631176 0.427335 0.709404 -0.524881 0.703812 0.631176 0.428242 0.709404 -0.524881 0.709677 
0.631152 0.424612 0.703481 -0.535963 0.725318 0.631176 0.425520 0.709404 -0.524881 0.721408 0.631176 0.426427 0.709404 -0.524881 0.703812 0.631176 0.427335 0.709404 -0.524881 0.703812 0.631176 0.428242 0.709404 -0.524881 0.709677 0.631176 0.429088 0.709404 -0.524881 0.714565 
0.631176 0.425520 0.709404 -0.524881 0.721408 0.631176 0.426427 0.709404 -0.524881 0.703812 0.631176 0.427335 0.709404 -0.524881 0.703812 0.631176 0.428242 0.709404 -0.524881 0.709677 0.631176 0.429088 0.709404 -0.524881 0.714565 0.631176 0.429918 0.709404 -0.524881 0.714565 
0.631176 0.426427 0.709404 -0.524881 0.703812 0.631176 0.427335 0.709404 -0.524881 0.703812 0.631176 0.428242 0.709404 -0.524881 0.709677 0.631176 0.429088 0.709404 -0.524881 0.714565 0.631176 0.429918 0.709404 -0.524881 0.714565 0.631176 0.430733 0.703481 -0.535963 0.718475 
0.631176 0.427335 0.709404 -0.524881 0.703812 0.631176 0.428242 0.709404 -0.524881 0.709677 0.631176 0.429088 0.709404 -0.524881 0.714565 0.631176 0.429918 0.709404 -0.524881 0.714565 0.631176 0.430733 0.703481 -0.535963 0.718475 0.631176 0.431502 0.703481 -0.535963 0.719453 
0.631176 0.428242 0.709404 -0.524881 0.709677 0.631176 0.429088 0.709404 -0.524881 0.714565 0.631176 0.429918 0.709404 -0.524881 0.714565 0.631176 0.430733 0.703481 -0.535963 0.718475 0.631176 0.431502 0.703481 -0.535963 0.719453 0.631102 0.432225 0.697880 -0.498718 0.729228 
0.631176 0.429088 0.709404 -0.524881 0.714565 0.631176 0.429918 0.709404 -0.524881 0.714565 0.631176 0.430733 0.703481 -0.535963 0.718475 0.631176 0.431502 0.703481 -0.535963 0.719453 0.631102 0.432225 0.697880 -0.498718 0.729228 0.631029 0.432948 0.697880 -0.498718 0.717498 
0.631176 0.429918 0.709404 -0.524881 0.714565 0.631176 0.430733 0.703481 -0.535963 0.718475 0.631176 0.431502 0.703481 -0.535963 0.719453 0.631102 0.432225 0.697880 -0.498718 0.729228 0.631029 0.432948 0.697880 -0.498718 0.717498 0.630955 0.433671 0.697880 -0.498718 0.719453 
0.631176 0.430733 0.703481 -0.535963 0.718475 0.631176 0.431502 0.703481 -0.535963 0.719453 0.631102 0.432225 0.697880 -0.498718 0.729228 0.631029 0.432948 0.697880 -0.498718 0.717498 0.630955 0.433671 0.697880 -0.498718 0.719453 0.630881 0.434409 0.697880 -0.498718 0.722385 
0.631176 0.431502 0.703481 -0.535963 0.719453 0.631102 0.432225 0.697880 -0.498718 0.729228 0.631029 0.432948 0.697880 -0.498718 0.717498 0.630955 0.433671 0.697880 -0.498718 0.719453 0.630881 0.434409 0.697880 -0.498718 0.722385 0.630782 0.435193 0.675102 -0.495138 0.732160 
0.631102 0.432225 0.697880 -0.498718 0.729228 0.631029 0.432948 0.697880 -0.498718 0.717498 0.630955 0.433671 0.697880 -0.498718 0.719453 0.630881 0.434409 0.697880 -0.498718 0.722385 0.630782 0.435193 0.675102 -0.495138 0.732160 0.630684 0.435977 0.675102 -0.495138 0.721408 
0.631029 0.432948 0.697880 -0.498718 0.717498 0.630955 0.433671 0.697880 -0.498718 0.719453 0.630881 0.434409 0.697880 -0.498718 0.722385 0.630782 0.435193 0.675102 -0.495138 0.732160 0.630684 0.435977 0.675102 -0.495138 0.721408 0.630610 0.436762 0.675102 -0.495138 0.729228 
0.630955 0.433671 0.697880 -0.498718 0.719453 0.630881 0.434409 0.697880 -0.498718 0.722385 0.630782 0.435193 0.675102 -0.495138 0.732160 0.630684 0.435977 0.675102 -0.495138 0.721408 0.630610 0.436762 0.675102 -0.495138 0.729228 0.630536 0.437562 0.675102 -0.495138 0.719453 
0.630881 0.434409 0.697880 -0.498718 0.722385 0.630782 0.435193 0.675102 -0.495138 0.732160 0.630684 0.435977 0.675102 -0.495138 0.721408 0.630610 0.436762 0.675102 -0.495138 0.729228 0.630536 0.437562 0.675102 -0.495138 0.719453 0.630438 0.438407 0.675102 -0.495138 0.715542 
0.630782 0.435193 0.675102 -0.495138 0.732160 0.630684 0.435977 0.675102 -0.495138 0.721408 0.630610 0.436762 0.675102 -0.495138 0.729228 0.630536 0.437562 0.675102 -0.495138 0.719453 0.630438 0.438407 0.675102 -0.495138 0.715542 0.630340 0.439269 0.675102 -0.495138 0.721408 
0.630684 0.435977 0.675102 -0.495138 0.721408 0.630610 0.436762 0.675102 -0.495138 0.729228 0.630536 0.437562 0.675102 -0.495138 0.719453 0.630438 0.438407 0.675102 -0.495138 0.715542 0.630340 0.439269 0.675102 -0.495138 0.721408 0.630266 0.440145 0.675102 -0.495138 0.715542 
0.630610 0.436762 0.675102 -0.495138 0.729228 0.630536 0.437562 0.675102 -0.495138 0.719453 0.630438 0.438407 0.675102 -0.495138 0.715542 0.630340 0.439269 0.675102 -0.495138 0.721408 0.630266 0.440145 0.675102 -0.495138 0.715542 0.630192 0.441037 0.675102 -0.495138 0.705767 
0.630536 0.437562 0.675102 -0.495138 0.719453 0.630438 0.438407 0.675102 -0.495138 0.715542 0.630340 0.439269 0.675102 -0.495138 0.721408 0.630266 0.440145 0.675102 -0.495138 0.715542 0.630192 0.441037 0.675102 -0.495138 0.705767 0.630118 0.441929 0.675102 -0.495138 0.711632 
0.630438 0.438407 0.675102 -0.495138 0.715542 0.630340 0.439269 0.675102 -0.495138 0.721408 0.630266 0.440145 0.675102 -0.495138 0.715542 0.630192 0.441037 0.675102 -0.495138 0.705767 0.630118 0.441929 0.675102 -0.495138 0.711632 0.630093 0.442806 0.675102 -0.495138 0.713587 
0.630340 0.439269 0.675102 -0.495138 0.721408 0.630266 0.440145 0.675102 -0.495138 0.715542 0.630192 0.441037 0.675102 -0.495138 0.705767 0.630118 0.441929 0.675102 -0.495138 0.711632 0.630093 0.442806 0.675102 -0.495138 0.713587 0.630020 0.443713 0.675102 -0.495138 0.707722 
0.630266 0.440145 0.675102 -0.495138 0.715542 0.630192 0.441037 0.675102 -0.495138 0.705767 0.630118 0.441929 0.675102 -0.495138 0.711632 0.630093 0.442806 0.675102 -0.495138 0.713587 0.630020 0.443713 0.675102 -0.495138 0.707722 0.629995 0.444651 0.675102 -0.495138 0.710655 
0.630192 0.441037 0.675102 -0.495138 0.705767 0.630118 0.441929 0.675102 -0.495138 0.711632 0.630093 0.442806 0.675102 -0.495138 0.713587 0.630020 0.443713 0.675102 -0.495138 0.707722 0.629995 0.444651 0.675102 -0.495138 0.710655 0.629946 0.445620 0.675102 -0.495138 0.714565 
0.630118 0.441929 0.675102 -0.495138 0.711632 0.630093 0.442806 0.675102 -0.495138 0.713587 0.630020 0.443713 0.675102 -0.495138 0.707722 0.629995 0.444651 0.675102 -0.495138 0.710655 0.629946 0.445620 0.675102 -0.495138 0.714565 0.629897 0.446604 0.697880 -0.498718 0.718475 
0.630093 0.442806 0.675102 -0.495138 0.713587 0.630020 0.443713 0.675102 -0.495138 0.707722 0.629995 0.444651 0.675102 -0.495138 0.710655 0.629946 0.445620 0.675102 -0.495138 0.714565 0.629897 0.446604 0.697880 -0.498718 0.718475 0.629872 0.447573 0.697880 -0.498718 0.719453 
0.630020 0.443713 0.675102 -0.495138 0.707722 0.629995 0.444651 0.675102 -0.495138 0.710655 0.629946 0.445620 0.675102 -0.495138 0.714565 0.629897 0.446604 0.697880 -0.498718 0.718475 0.629872 0.447573 0.697880 -0.498718 0.719453 0.629872 0.448527 0.697880 -0.498718 0.715542 
0.629995 0.444651 0.675102 -0.495138 0.710655 0.629946 0.445620 0.675102 -0.495138 0.714565 0.629897 0.446604 0.697880 -0.498718 0.718475 0.629872 0.447573 0.697880 -0.498718 0.719453 0.629872 0.448527 0.697880 -0.498718 0.715542 0.629847 0.449496 0.697880 -0.498718 0.704790 
0.629946 0.445620 0.675102 -0.495138 0.714565 0.629897 0.446604 0.697880 -0.498718 0.718475 0.629872 0.447573 0.697880 -0.498718 0.719453 0.629872 0.448527 0.697880 -0.498718 0.715542 0.629847 0.449496 0.697880 -0.498718 0.704790 0.629798 0.450495 0.697880 -0.498718 0.704790 
0.629897 0.446604 0.697880 -0.498718 0.718475 0.629872 0.447573 0.697880 -0.498718 0.719453 0.629872 0.448527 0.697880 -0.498718 0.715542 0.629847 0.449496 0.697880 -0.498718 0.704790 0.629798 0.450495 0.697880 -0.498718 0.704790 0.629774 0.451479 0.697880 -0.498718 0.708700 
0.629872 0.447573 0.697880 -0.498718 0.719453 0.629872 0.448527 0.697880 -0.498718 0.715542 0.629847 0.449496 0.697880 -0.498718 0.704790 0.629798 0.450495 0.697880 -0.498718 0.704790 0.629774 0.451479 0.697880 -0.498718 0.708700 0.629749 0.452433 0.697880 -0.498718 0.707722 
0.629872 0.448527 0.697880 -0.498718 0.715542 0.629847 0.449496 0.697880 -0.498718 0.704790 0.629798 0.450495 0.697880 -0.498718 0.704790 0.629774 0.451479 0.697880 -0.498718 0.708700 0.629749 0.452433 0.697880 -0.498718 0.707722 0.629700 0.453371 0.715119 -0.513521 0.714565 
0.629847 0.449496 0.697880 -0.498718 0.704790 0.629798 0.450495 0.697880 -0.498718 0.704790 0.629774 0.451479 0.697880 -0.498718 0.708700 0.629749 0.452433 0.697880 -0.498718 0.707722 0.629700 0.453371 0.715119 -0.513521 0.714565 0.629675 0.454294 0.715119 -0.513521 0.704790 
0.629798 0.450495 0.697880 -0.498718 0.704790 0.629774 0.451479 0.697880 -0.498718 0.708700 0.629749 0.452433 0.697880 -0.498718 0.707722 0.629700 0.453371 0.715119 -0.513521 0.714565 0.629675 0.454294 0.715119 -0.513521 0.704790 0.629651 0.455217 0.715119 -0.513521 0.720430 
0.629774 0.451479 0.697880 -0.498718 0.708700 0.629749 0.452433 0.697880 -0.498718 0.707722 0.629700 0.453371 0.715119 -0.513521 0.714565 0.629675 0.454294 0.715119 -0.513521 0.704790 0.629651 0.455217 0.715119 -0.513521 0.720430 0.629577 0.456155 0.715119 -0.513521 0.720430 
0.629749 0.452433 0.697880 -0.498718 0.707722 0.629700 0.453371 0.715119 -0.513521 0.714565 0.629675 0.454294 0.715119 -0.513521 0.704790 0.629651 0.455217 0.715119 -0.513521 0.720430 0.629577 0.456155 0.715119 -0.513521 0.720430 0.629552 0.457062 0.715119 -0.513521 0.726295 
0.629700 0.453371 0.715119 -0.513521 0.714565 0.629675 0.454294 0.715119 -0.513521 0.704790 0.629651 0.455217 0.715119 -0.513521 0.720430 0.629577 0.456155 0.715119 -0.513521 0.720430 0.629552 0.457062 0.715119 -0.513521 0.726295 0.629528 0.457923 0.715119 -0.513521 0.717498 
0.629675 0.454294 0.715119 -0.513521 0.704790 0.629651 0.455217 0.715119 -0.513521 0.720430 0.629577 0.456155 0.715119 -0.513521 0.720430 0.629552 0.457062 0.715119 -0.513521 0.726295 0.629528 0.457923 0.715119 -0.513521 0.717498 0.629528 0.458784 0.715119 -0.513521 0.716520 
0.629651 0.455217 0.715119 -0.513521 0.720430 0.629577 0.456155 0.715119 -0.513521 0.720430 0.629552 0.457062 0.715119 -0.513521 0.726295 0.629528 0.457923 0.715119 -0.513521 0.717498 0.629528 0.458784 0.715119 -0.513521 0.716520 0.629528 0.459630 0.737995 -0.516761 0.719453 
0.629577 0.456155 0.715119 -0.513521 0.720430 0.629552 0.457062 0.715119 -0.513521 0.726295 0.629528 0.457923 0.715119 -0.513521 0.717498 0.629528 0.458784 0.715119 -0.513521 0.716520 0.629528 0.459630 0.737995 -0.516761 0.719453 0.629528 0.460507 0.725935 -0.489961 0.718475 
0.629552 0.457062 0.715119 -0.513521 0.726295 0.629528 0.457923 0.715119 -0.513521 0.717498 0.629528 0.458784 0.715119 -0.513521 0.716520 0.629528 0.459630 0.737995 -0.516761 0.719453 0.629528 0.460507 0.725935 -0.489961 0.718475 0.629503 0.461353 0.725935 -0.489961 0.720430 
0.629528 0.457923 0.715119 -0.513521 0.717498 0.629528 0.458784 0.715119 -0.513521 0.716520 0.629528 0.459630 0.737995 -0.516761 0.719453 0.629528 0.460507 0.725935 -0.489961 0.718475 0.629503 0.461353 0.725935 -0.489961 0.720430 0.629503 0.462168 0.725935 -0.489961 0.717498 
0.629528 0.458784 0.715119 -0.513521 0.716520 0.629528 0.459630 0.737995 -0.516761 0.719453 0.629528 0.460507 0.725935 -0.489961 0.718475 0.629503 0.461353 0.725935 -0.489961 0.720430 0.629503 0.462168 0.725935 -0.489961 0.717498 0.629503 0.462998 0.725935 -0.489961 0.720430 
0.629528 0.459630 0.737995 -0.516761 0.719453 0.629528 0.460507 0.725935 -0.489961 0.718475 0.629503 0.461353 0.725935 -0.489961 0.720430 0.629503 0.462168 0.725935 -0.489961 0.717498 0.629503 0.462998 0.725935 -0.489961 0.720430 0.629503 0.463844 0.725935 -0.489961 0.720430 
0.629528 0.460507 0.725935 -0.489961 0.718475 0.629503 0.461353 0.725935 -0.489961 0.720430 0.629503 0.462168 0.725935 -0.489961 0.717498 0.629503 0.462998 0.725935 -0.489961 0.720430 0.629503 0.463844 0.725935 -0.489961 0.720430 0.629454 0.464721 0.725935 -0.489961 0.714565 
0.629503 0.461353 0.725935 -0.489961 0.720430 0.629503 0.462168 0.725935 -0.489961 0.717498 0.629503 0.462998 0.725935 -0.489961 0.720430 0.629503 0.463844 0.725935 -0.489961 0.720430 0.629454 0.464721 0.725935 -0.489961 0.714565 0.629429 0.465628 0.703360 -0.487296 0.725318 
0.629503 0.462168 0.725935 -0.489961 0.717498 0.629503 0.462998 0.725935 -0.489961 0.720430 0.629503 0.463844 0.725935 -0.489961 0.720430 0.629454 0.464721 0.725935 -0.489961 0.714565 0.629429 0.465628 0.703360 -0.487296 0.725318 0.629405 0.466551 0.703360 -0.487296 0.717498 
0.629503 0.462998 0.725935 -0.489961 0.720430 0.629503 0.463844 0.725935 -0.489961 0.720430 0.629454 0.464721 0.725935 -0.489961 0.714565 0.629429 0.465628 0.703360 -0.487296 0.725318 0.629405 0.466551 0.703360 -0.487296 0.717498 0.629405 0.467458 0.703360 -0.487296 0.724340 
0.629503 0.463844 0.725935 -0.489961 0.720430 0.629454 0.464721 0.725935 -0.489961 0.714565 0.629429 0.465628 0.703360 -0.487296 0.725318 0.629405 0.466551 0.703360 -0.487296 0.717498 0.629405 0.467458 0.703360 -0.487296 0.724340 0.629405 0.468366 0.703360 -0.487296 0.717498 
0.629454 0.464721 0.725935 -0.489961 0.714565 0.629429 0.465628 0.703360 -0.487296 0.725318 0.629405 0.466551 0.703360 -0.487296 0.717498 0.629405 0.467458 0.703360 -0.487296 0.724340 0.629405 0.468366 0.703360 -0.487296 0.717498 0.629355 0.469319 0.703360 -0.487296 0.721408 
0.629429 0.465628 0.703360 -0.487296 0.725318 0.629405 0.466551 0.703360 -0.487296 0.717498 0.629405 0.467458 0.703360 -0.487296 0.724340 0.629405 0.468366 0.703360 -0.487296 0.717498 0.629355 0.469319 0.703360 -0.487296 0.721408 0.629355 0.470273 0.680745 -0.484193 0.716520 
0.629405 0.466551 0.703360 -0.487296 0.717498 0.629405 0.467458 0.703360 -0.487296 0.724340 0.629405 0.468366 0.703360 -0.487296 0.717498 0.629355 0.469319 0.703360 -0.487296 0.721408 0.629355 0.470273 0.680745 -0.484193 0.716520 0.629331 0.471257 0.680745 -0.484193 0.720430 
0.629405 0.467458 0.703360 -0.487296 0.724340 0.629405 0.468366 0.703360 -0.487296 0.717498 0.629355 0.469319 0.703360 -0.487296 0.721408 0.629355 0.470273 0.680745 -0.484193 0.716520 0.629331 0.471257 0.680745 -0.484193 0.720430 0.629331 0.472241 0.680745 -0.484193 0.723363 
0.629405 0.468366 0.703360 -0.487296 0.717498 0.629355 0.469319 0.703360 -0.487296 0.721408 0.629355 0.470273 0.680745 -0.484193 0.716520 0.629331 0.471257 0.680745 -0.484193 0.720430 0.629331 0.472241 0.680745 -0.484193 0.723363 0.629282 0.473164 0.680745 -0.484193 0.719453 
0.629355 0.469319 0.703360 -0.487296 0.721408 0.629355 0.470273 0.680745 -0.484193 0.716520 0.629331 0.471257 0.680745 -0.484193 0.720430 0.629331 0.472241 0.680745 -0.484193 0.723363 0.629282 0.473164 0.680745 -0.484193 0.719453 0.629232 0.474086 0.680745 -0.484193 0.719453 
0.629355 0.470273 0.680745 -0.484193 0.716520 0.629331 0.471257 0.680745 -0.484193 0.720430 0.629331 0.472241 0.680745 -0.484193 0.723363 0.629282 0.473164 0.680745 -0.484193 0.719453 0.629232 0.474086 0.680745 -0.484193 0.719453 0.629158 0.475009 0.703360 -0.487296 0.711632 
0.629331 0.471257 0.680745 -0.484193 0.720430 0.629331 0.472241 0.680745 -0.484193 0.723363 0.629282 0.473164 0.680745 -0.484193 0.719453 0.629232 0.474086 0.680745 -0.484193 0.719453 0.629158 0.475009 0.703360 -0.487296 0.711632 0.629085 0.475917 0.703360 -0.487296 0.702835 
0.629331 0.472241 0.680745 -0.484193 0.723363 0.629282 0.473164 0.680745 -0.484193 0.719453 0.629232 0.474086 0.680745 -0.484193 0.719453 0.629158 0.475009 0.703360 -0.487296 0.711632 0.629085 0.475917 0.703360 -0.487296 0.702835 0.629011 0.476809 0.703360 -0.487296 0.715542 
0.629282 0.473164 0.680745 -0.484193 0.719453 0.629232 0.474086 0.680745 -0.484193 0.719453 0.629158 0.475009 0.703360 -0.487296 0.711632 0.629085 0.475917 0.703360 -0.487296 0.702835 0.629011 0.476809 0.703360 -0.487296 0.715542 0.628888 0.477701 0.703360 -0.487296 0.725318 
0.629232 0.474086 0.680745 -0.484193 0.719453 0.629158 0.475009 0.703360 -0.487296 0.711632 0.629085 0.475917 0.703360 -0.487296 0.702835 0.629011 0.476809 0.703360 -0.487296 0.715542 0.628888 0.477701 0.703360 -0.487296 0.725318 0.628789 0.478562 0.703360 -0.487296 0.709677 
0.629158 0.475009 0.703360 -0.487296 0.711632 0.629085 0.475917 0.703360 -0.487296 0.702835 0.629011 0.476809 0.703360 -0.487296 0.715542 0.628888 0.477701 0.703360 -0.487296 0.725318 0.628789 0.478562 0.703360 -0.487296 0.709677 0.628642 0.479423 0.703360 -0.487296 0.721408 
0.629085 0.475917 0.703360 -0.487296 0.702835 0.629011 0.476809 0.703360 -0.487296 0.715542 0.628888 0.477701 0.703360 -0.487296 0.725318 0.628789 0.478562 0.703360 -0.487296 0.709677 0.628642 0.479423 0.703360 -0.487296 0.721408 0.628519 0.480300 0.725935 -0.489961 0.716520 
0.629011 0.476809 0.703360 -0.487296 0.715542 0.628888 0.477701 0.703360 -0.487296 0.725318 0.628789 0.478562 0.703360 -0.487296 0.709677 0.628642 0.479423 0.703360 -0.487296 0.721408 0.628519 0.480300 0.725935 -0.489961 0.716520 0.628371 0.481176 0.725935 -0.489961 0.721408 
0.628888 0.477701 0.703360 -0.487296 0.725318 0.628789 0.478562 0.703360 -0.487296 0.709677 0.628642 0.479423 0.703360 -0.487296 0.721408 0.628519 0.480300 0.725935 -0.489961 0.716520 0.628371 0.481176 0.725935 -0.489961 0.721408 0.628248 0.482053 0.713724 -0.463648 0.720430 
0.628789 0.478562 0.703360 -0.487296 0.709677 0.628642 0.479423 0.703360 -0.487296 0.721408 0.628519 0.480300 0.725935 -0.489961 0.716520 0.628371 0.481176 0.725935 -0.489961 0.721408 0.628248 0.482053 0.713724 -0.463648 0.720430 0.628125 0.482960 0.713724 -0.463648 0.720430 
0.628642 0.479423 0.703360 -0.487296 0.721408 0.628519 0.480300 0.725935 -0.489961 0.716520 0.628371 0.481176 0.725935 -0.489961 0.721408 0.628248 0.482053 0.713724 -0.463648 0.720430 0.628125 0.482960 0.713724 -0.463648 0.720430 0.628002 0.483898 0.713724 -0.463648 0.714565 
0.628519 0.480300 0.725935 -0.489961 0.716520 0.628371 0.481176 0.725935 -0.489961 0.721408 0.628248 0.482053 0.713724 -0.463648 0.720430 0.628125 0.482960 0.713724 -0.463648 0.720430 0.628002 0.483898 0.713724 -0.463648 0.714565 0.627904 0.484836 0.731042 -0.477759 0.706745 
0.628371 0.481176 0.725935 -0.489961 0.721408 0.628248 0.482053 0.713724 -0.463648 0.720430 0.628125 0.482960 0.713724 -0.463648 0.720430 0.628002 0.483898 0.713724 -0.463648 0.714565 0.627904 0.484836 0.731042 -0.477759 0.706745 0.627756 0.485805 0.731042 -0.477759 0.720430 
0.628248 0.482053 0.713724 -0.463648 0.720430 0.628125 0.482960 0.713724 -0.463648 0.720430 0.628002 0.483898 0.713724 -0.463648 0.714565 0.627904 0.484836 0.731042 -0.477759 0.706745 0.627756 0.485805 0.731042 -0.477759 0.720430 0.627608 0.486789 0.731042 -0.477759 0.719453 
0.628125 0.482960 0.713724 -0.463648 0.720430 0.628002 0.483898 0.713724 -0.463648 0.714565 0.627904 0.484836 0.731042 -0.477759 0.706745 0.627756 0.485805 0.731042 -0.477759 0.720430 0.627608 0.486789 0.731042 -0.477759 0.719453 0.627461 0.487805 0.731042 -0.477759 0.707722 
0.628002 0.483898 0.713724 -0.463648 0.714565 0.627904 0.484836 0.731042 -0.477759 0.706745 0.627756 0.485805 0.731042 -0.477759 0.720430 0.627608 0.486789 0.731042 -0.477759 0.719453 0.627461 0.487805 0.731042 -0.477759 0.707722 0.627288 0.488835 0.731042 -0.477759 0.717498 
0.627904 0.484836 0.731042 -0.477759 0.706745 0.627756 0.485805 0.731042 -0.477759 0.720430 0.627608 0.486789 0.731042 -0.477759 0.719453 0.627461 0.487805 0.731042 -0.477759 0.707722 0.627288 0.488835 0.731042 -0.477759 0.717498 0.627092 0.489835 0.731042 -0.477759 0.724340 
0.627756 0.485805 0.731042 -0.477759 0.720430 0.627608 0.486789 0.731042 -0.477759 0.719453 0.627461 0.487805 0.731042 -0.477759 0.707722 0.627288 0.488835 0.731042 -0.477759 0.717498 0.627092 0.489835 0.731042 -0.477759 0.724340 0.626895 0.490788 0.731042 -0.477759 0.718475 
0.627608 0.486789 0.731042 -0.477759 0.719453 0.627461 0.487805 0.731042 -0.477759 0.707722 0.627288 0.488835 0.731042 -0.477759 0.717498 0.627092 0.489835 0.731042 -0.477759 0.724340 0.626895 0.490788 0.731042 -0.477759 0.718475 0.626698 0.491742 0.753372 -0.479436 0.708700 
0.627461 0.487805 0.731042 -0.477759 0.707722 0.627288 0.488835 0.731042 -0.477759 0.717498 0.627092 0.489835 0.731042 -0.477759 0.724340 0.626895 0.490788 0.731042 -0.477759 0.718475 0.626698 0.491742 0.753372 -0.479436 0.708700 0.626452 0.492695 0.753372 -0.479436 0.715542 
0.627288 0.488835 0.731042 -0.477759 0.717498 0.627092 0.489835 0.731042 -0.477759 0.724340 0.626895 0.490788 0.731042 -0.477759 0.718475 0.626698 0.491742 0.753372 -0.479436 0.708700 0.626452 0.492695 0.753372 -0.479436 0.715542 0.626230 0.493618 0.731042 -0.477759 0.730205 
0.627092 0.489835 0.731042 -0.477759 0.724340 0.626895 0.490788 0.731042 -0.477759 0.718475 0.626698 0.491742 0.753372 -0.479436 0.708700 0.626452 0.492695 0.753372 -0.479436 0.715542 0.626230 0.493618 0.731042 -0.477759 0.730205 0.626058 0.494510 0.731042 -0.477759 0.743891 
0.626895 0.490788 0.731042 -0.477759 0.718475 0.626698 0.491742 0.753372 -0.479436 0.708700 0.626452 0.492695 0.753372 -0.479436 0.715542 0.626230 0.493618 0.731042 -0.477759 0.730205 0.626058 0.494510 0.731042 -0.477759 0.743891 0.625886 0.495356 0.731042 -0.477759 0.729228 
0.626698 0.491742 0.753372 -0.479436 0.708700 0.626452 0.492695 0.753372 -0.479436 0.715542 0.626230 0.493618 0.731042 -0.477759 0.730205 0.626058 0.494510 0.731042 -0.477759 0.743891 0.625886 0.495356 0.731042 -0.477759 0.729228 0.625738 0.496217 0.731042 -0.477759 0.712610 
0.626452 0.492695 0.753372 -0.479436 0.715542 0.626230 0.493618 0.731042 -0.477759 0.730205 0.626058 0.494510 0.731042 -0.477759 0.743891 0.625886 0.495356 0.731042 -0.477759 0.729228 0.625738 0.496217 0.731042 -0.477759 0.712610 0.625541 0.497140 0.731042 -0.477759 0.714565 
0.626230 0.493618 0.731042 -0.477759 0.730205 0.626058 0.494510 0.731042 -0.477759 0.743891 0.625886 0.495356 0.731042 -0.477759 0.729228 0.625738 0.496217 0.731042 -0.477759 0.712610 0.625541 0.497140 0.731042 -0.477759 0.714565 0.625320 0.498108 0.731042 -0.477759 0.730205 
0.621014 0.403897 0.694770 -0.593656 0.437928 0.621826 0.403405 0.694770 -0.593656 0.434018 0.622712 0.402867 0.694770 -0.593656 0.436950 0.623647 0.402344 0.694770 -0.593656 0.436950 0.624631 0.401821 0.694770 -0.593656 0.435973 0.625566 0.401344 0.694770 -0.593656 0.437928 
0.621826 0.403405 0.694770 -0.593656 0.434018 0.622712 0.402867 0.694770 -0.593656 0.436950 0.623647 0.402344 0.694770 -0.593656 0.436950 0.624631 0.401821 0.694770 -0.593656 0.435973 0.625566 0.401344 0.694770 -0.593656 0.437928 0.626550 0.400852 0.694770 -0.593656 0.425220 
0.622712 0.402867 0.694770 -0.593656 0.436950 0.623647 0.402344 0.694770 -0.593656 0.436950 0.624631 0.401821 0.694770 -0.593656 0.435973 0.625566 0.401344 0.694770 -0.593656 0.437928 0.626550 0.400852 0.694770 -0.593656 0.425220 0.627534 0.400406 0.694770 -0.593656 0.437928 
0.623647 0.402344 0.694770 -0.593656 0.436950 0.624631 0.401821 0.694770 -0.593656 0.435973 0.625566 0.401344 0.694770 -0.593656 0.437928 0.626550 0.400852 0.694770 -0.593656 0.425220 0.627534 0.400406 0.694770 -0.593656 0.437928 0.628494 0.399975 0.694770 -0.593656 0.441838 
0.624631 0.401821 0.694770 -0.593656 0.435973 0.625566 0.401344 0.694770 -0.593656 0.437928 0.626550 0.400852 0.694770 -0.593656 0.425220 0.627534 0.400406 0.694770 -0.593656 0.437928 0.628494 0.399975 0.694770 -0.593656 0.441838 0.629405 0.399560 0.694770 -0.593656 0.437928 
0.625566 0.401344 0.694770 -0.593656 0.437928 0.626550 0.400852 0.694770 -0.593656 0.425220 0.627534 0.400406 0.694770 -0.593656 0.437928 0.628494 0.399975 0.694770 -0.593656 0.441838 0.629405 0.399560 0.694770 -0.593656 0.437928 0.630241 0.399176 0.694770 -0.593656 0.437928 
0.632603 0.397822 0.718929 -0.599744 0.136852 0.632111 0.398022 0.718929 -0.599744 0.090909 0.631570 0.398238 0.718929 -0.599744 0.057674 0.630979 0.398484 0.718929 -0.599744 0.028348 0.629601 0.399022 0.718929 -0.599744 0.000000 0.628839 0.399314 0.718929 -0.599744 0.000000 
0.632111 0.398022 0.718929 -0.599744 0.090909 0.631570 0.398238 0.718929 -0.599744 0.057674 0.630979 0.398484 0.718929 -0.599744 0.028348 0.629601 0.399022 0.718929 -0.599744 0.000000 0.628839 0.399314 0.718929 -0.599744 0.000000 0.628002 0.399668 0.718929 -0.599744 0.000000 
0.631570 0.398238 0.718929 -0.599744 0.057674 0.630979 0.398484 0.718929 -0.599744 0.028348 0.629601 0.399022 0.718929 -0.599744 0.000000 0.628839 0.399314 0.718929 -0.599744 0.000000 0.628002 0.399668 0.718929 -0.599744 0.000000 0.627067 0.400052 0.694770 -0.593656 0.000000 
0.630979 0.398484 0.718929 -0.599744 0.028348 0.629601 0.399022 0.718929 -0.599744 0.000000 0.628839 0.399314 0.718929 -0.599744 0.000000 0.628002 0.399668 0.718929 -0.599744 0.000000 0.627067 0.400052 0.694770 -0.593656 0.000000 0.626107 0.400467 0.694770 -0.593656 0.000000 
0.629601 0.399022 0.718929 -0.599744 0.000000 0.628839 0.399314 0.718929 -0.599744 0.000000 0.628002 0.399668 0.718929 -0.599744 0.000000 0.627067 0.400052 0.694770 -0.593656 0.000000 0.626107 0.400467 0.694770 -0.593656 0.000000 0.625098 0.400929 0.694770 -0.593656 0.000000 
