0.624213 0.436608 -0.014132 -0.680604 0.096774 0.624459 0.436485 -0.014132 -0.680604 0.097752 0.624655 0.436362 -0.014132 -0.680604 0.108504 0.624828 0.436239 -0.014132 -0.680604 0.131965 0.625000 0.436070 -0.014132 -0.680604 0.159335 0.625148 0.435854 -0.040867 -0.662560 0.185728 
0.624459 0.436485 -0.014132 -0.680604 0.097752 0.624655 0.436362 -0.014132 -0.680604 0.108504 0.624828 0.436239 -0.014132 -0.680604 0.131965 0.625000 0.436070 -0.014132 -0.680604 0.159335 0.625148 0.435854 -0.040867 -0.662560 0.185728 0.625295 0.435593 -0.040867 -0.662560 0.199413 
0.624655 0.436362 -0.014132 -0.680604 0.108504 0.624828 0.436239 -0.014132 -0.680604 0.131965 0.625000 0.436070 -0.014132 -0.680604 0.159335 0.625148 0.435854 -0.040867 -0.662560 0.185728 0.625295 0.435593 -0.040867 -0.662560 0.199413 0.625443 0.435301 -0.040867 -0.662560 0.216031 
0.624828 0.436239 -0.014132 -0.680604 0.131965 0.625000 0.436070 -0.014132 -0.680604 0.159335 0.625148 0.435854 -0.040867 -0.662560 0.185728 0.625295 0.435593 -0.040867 -0.662560 0.199413 0.625443 0.435301 -0.040867 -0.662560 0.216031 0.625566 0.434962 -0.040867 -0.662560 0.238514 
0.625000 0.436070 -0.014132 -0.680604 0.159335 0.625148 0.435854 -0.040867 -0.662560 0.185728 0.625295 0.435593 -0.040867 -0.662560 0.199413 0.625443 0.435301 -0.040867 -0.662560 0.216031 0.625566 0.434962 -0.040867 -0.662560 0.238514 0.625714 0.434101 -0.040867 -0.662560 0.281525 
0.625148 0.435854 -0.040867 -0.662560 0.185728 0.625295 0.435593 -0.040867 -0.662560 0.199413 0.625443 0.435301 -0.040867 -0.662560 0.216031 0.625566 0.434962 -0.040867 -0.662560 0.238514 0.625714 0.434101 -0.040867 -0.662560 0.281525 0.625664 0.434547 -0.040867 -0.662560 0.265885 
0.625295 0.435593 -0.040867 -0.662560 0.199413 0.625443 0.435301 -0.040867 -0.662560 0.216031 0.625566 0.434962 -0.040867 -0.662560 0.238514 0.625714 0.434101 -0.040867 -0.662560 0.281525 0.625664 0.434547 -0.040867 -0.662560 0.265885 0.625812 0.433594 -0.040867 -0.662560 0.283480 
0.625443 0.435301 -0.040867 -0.662560 0.216031 0.625566 0.434962 -0.040867 -0.662560 0.238514 0.625714 0.434101 -0.040867 -0.662560 0.281525 0.625664 0.434547 -0.040867 -0.662560 0.265885 0.625812 0.433594 -0.040867 -0.662560 0.283480 0.625837 0.433055 -0.040867 -0.662560 0.310850 
0.625566 0.434962 -0.040867 -0.662560 0.238514 0.625714 0.434101 -0.040867 -0.662560 0.281525 0.625664 0.434547 -0.040867 -0.662560 0.265885 0.625812 0.433594 -0.040867 -0.662560 0.283480 0.625837 0.433055 -0.040867 -0.662560 0.310850 0.625837 0.432440 -0.040867 -0.662560 0.323558 
0.625714 0.434101 -0.040867 -0.662560 0.281525 0.625664 0.434547 -0.040867 -0.662560 0.265885 0.625812 0.433594 -0.040867 -0.662560 0.283480 0.625837 0.433055 -0.040867 -0.662560 0.310850 0.625837 0.432440 -0.040867 -0.662560 0.323558 0.625837 0.431733 -0.040867 -0.662560 0.338221 
0.625664 0.434547 -0.040867 -0.662560 0.265885 0.625812 0.433594 -0.040867 -0.662560 0.283480 0.625837 0.433055 -0.040867 -0.662560 0.310850 0.625837 0.432440 -0.040867 -0.662560 0.323558 0.625837 0.431733 -0.040867 -0.662560 0.338221 0.625837 0.430902 -0.040867 -0.662560 0.346041 
0.625812 0.433594 -0.040867 -0.662560 0.283480 0.625837 0.433055 -0.040867 -0.662560 0.310850 0.625837 0.432440 -0.040867 -0.662560 0.323558 0.625837 0.431733 -0.040867 -0.662560 0.338221 0.625837 0.430902 -0.040867 -0.662560 0.346041 0.625837 0.429949 -0.054446 -0.662042 0.351906 
0.625837 0.433055 -0.040867 -0.662560 0.310850 0.625837 0.432440 -0.040867 -0.662560 0.323558 0.625837 0.431733 -0.040867 -0.662560 0.338221 0.625837 0.430902 -0.040867 -0.662560 0.346041 0.625837 0.429949 -0.054446 -0.662042 0.351906 0.625640 0.428888 -0.054446 -0.662042 0.353861 
0.625837 0.432440 -0.040867 -0.662560 0.323558 0.625837 0.431733 -0.040867 -0.662560 0.338221 0.625837 0.430902 -0.040867 -0.662560 0.346041 0.625837 0.429949 -0.054446 -0.662042 0.351906 0.625640 0.428888 -0.054446 -0.662042 0.353861 0.625369 0.427688 -0.054446 -0.662042 0.365591 
0.625837 0.431733 -0.040867 -0.662560 0.338221 0.625837 0.430902 -0.040867 -0.662560 0.346041 0.625837 0.429949 -0.054446 -0.662042 0.351906 0.625640 0.428888 -0.054446 -0.662042 0.353861 0.625369 0.427688 -0.054446 -0.662042 0.365591 0.625074 0.426335 -0.054446 -0.662042 0.386119 
