0.615059 0.488758 0.505830 -0.669257 0.000000 0.617446 0.490034 0.501398 -0.646324 0.000000 0.619759 0.491296 0.491152 -0.652320 0.000000 0.622121 0.492541 0.476721 -0.635497 0.000000 0.624508 0.493787 0.472372 -0.612916 0.000000 0.626895 0.495002 0.453469 -0.574068 0.000000 
0.617446 0.490034 0.501398 -0.646324 0.000000 0.619759 0.491296 0.491152 -0.652320 0.000000 0.622121 0.492541 0.476721 -0.635497 0.000000 0.624508 0.493787 0.472372 -0.612916 0.000000 0.626895 0.495002 0.453469 -0.574068 0.000000 0.629306 0.496201 0.407971 -0.553025 0.000000 
0.619759 0.491296 0.491152 -0.652320 0.000000 0.622121 0.492541 0.476721 -0.635497 0.000000 0.624508 0.493787 0.472372 -0.612916 0.000000 0.626895 0.495002 0.453469 -0.574068 0.000000 0.629306 0.496201 0.407971 -0.553025 0.000000 0.631718 0.497386 0.394843 -0.536845 0.000000 
0.622121 0.492541 0.476721 -0.635497 0.000000 0.624508 0.493787 0.472372 -0.612916 0.000000 0.626895 0.495002 0.453469 -0.574068 0.000000 0.629306 0.496201 0.407971 -0.553025 0.000000 0.631718 0.497386 0.394843 -0.536845 0.000000 0.634080 0.498524 0.403607 -0.531390 0.000000 
0.687598 0.512472 0.458201 -0.596387 0.889541 0.688460 0.503614 0.458201 -0.596387 0.931574 0.687746 0.509735 0.458201 -0.596387 0.908113 0.688091 0.506782 0.458201 -0.596387 0.910068 0.688829 0.500354 0.458201 -0.596387 0.941349 0.689149 0.496878 0.458201 -0.596387 0.934506 
0.688460 0.503614 0.458201 -0.596387 0.931574 0.687746 0.509735 0.458201 -0.596387 0.908113 0.688091 0.506782 0.458201 -0.596387 0.910068 0.688829 0.500354 0.458201 -0.596387 0.941349 0.689149 0.496878 0.458201 -0.596387 0.934506 0.689468 0.493310 0.434824 -0.585693 0.938416 
0.687746 0.509735 0.458201 -0.596387 0.908113 0.688091 0.506782 0.458201 -0.596387 0.910068 0.688829 0.500354 0.458201 -0.596387 0.941349 0.689149 0.496878 0.458201 -0.596387 0.934506 0.689468 0.493310 0.434824 -0.585693 0.938416 0.689690 0.489696 0.434824 -0.585693 0.924731 
0.688091 0.506782 0.458201 -0.596387 0.910068 0.688829 0.500354 0.458201 -0.596387 0.941349 0.689149 0.496878 0.458201 -0.596387 0.934506 0.689468 0.493310 0.434824 -0.585693 0.938416 0.689690 0.489696 0.434824 -0.585693 0.924731 0.689936 0.486082 0.434824 -0.585693 0.930596 
0.688829 0.500354 0.458201 -0.596387 0.941349 0.689149 0.496878 0.458201 -0.596387 0.934506 0.689468 0.493310 0.434824 -0.585693 0.938416 0.689690 0.489696 0.434824 -0.585693 0.924731 0.689936 0.486082 0.434824 -0.585693 0.930596 0.690108 0.482406 0.418400 -0.618467 0.932551 
0.689149 0.496878 0.458201 -0.596387 0.934506 0.689468 0.493310 0.434824 -0.585693 0.938416 0.689690 0.489696 0.434824 -0.585693 0.924731 0.689936 0.486082 0.434824 -0.585693 0.930596 0.690108 0.482406 0.418400 -0.618467 0.932551 0.690207 0.478700 0.418400 -0.618467 0.906158 
0.689468 0.493310 0.434824 -0.585693 0.938416 0.689690 0.489696 0.434824 -0.585693 0.924731 0.689936 0.486082 0.434824 -0.585693 0.930596 0.690108 0.482406 0.418400 -0.618467 0.932551 0.690207 0.478700 0.418400 -0.618467 0.906158 0.690256 0.475009 0.418400 -0.618467 0.922776 
0.689690 0.489696 0.434824 -0.585693 0.924731 0.689936 0.486082 0.434824 -0.585693 0.930596 0.690108 0.482406 0.418400 -0.618467 0.932551 0.690207 0.478700 0.418400 -0.618467 0.906158 0.690256 0.475009 0.418400 -0.618467 0.922776 0.690256 0.471395 0.418400 -0.618467 0.913979 
0.689936 0.486082 0.434824 -0.585693 0.930596 0.690108 0.482406 0.418400 -0.618467 0.932551 0.690207 0.478700 0.418400 -0.618467 0.906158 0.690256 0.475009 0.418400 -0.618467 0.922776 0.690256 0.471395 0.418400 -0.618467 0.913979 0.690256 0.467858 0.395134 -0.606769 0.910068 
0.690108 0.482406 0.418400 -0.618467 0.932551 0.690207 0.478700 0.418400 -0.618467 0.906158 0.690256 0.475009 0.418400 -0.618467 0.922776 0.690256 0.471395 0.418400 -0.618467 0.913979 0.690256 0.467858 0.395134 -0.606769 0.910068 0.690256 0.464275 0.395134 -0.606769 0.946237 
0.690207 0.478700 0.418400 -0.618467 0.906158 0.690256 0.475009 0.418400 -0.618467 0.922776 0.690256 0.471395 0.418400 -0.618467 0.913979 0.690256 0.467858 0.395134 -0.606769 0.910068 0.690256 0.464275 0.395134 -0.606769 0.946237 0.690231 0.460814 0.395134 -0.606769 0.923754 
0.690256 0.475009 0.418400 -0.618467 0.922776 0.690256 0.471395 0.418400 -0.618467 0.913979 0.690256 0.467858 0.395134 -0.606769 0.910068 0.690256 0.464275 0.395134 -0.606769 0.946237 0.690231 0.460814 0.395134 -0.606769 0.923754 0.689936 0.457493 0.395134 -0.606769 0.926686 
0.690256 0.471395 0.418400 -0.618467 0.913979 0.690256 0.467858 0.395134 -0.606769 0.910068 0.690256 0.464275 0.395134 -0.606769 0.946237 0.690231 0.460814 0.395134 -0.606769 0.923754 0.689936 0.457493 0.395134 -0.606769 0.926686 0.689592 0.454278 0.397245 -0.628410 0.910068 
0.690256 0.467858 0.395134 -0.606769 0.910068 0.690256 0.464275 0.395134 -0.606769 0.946237 0.690231 0.460814 0.395134 -0.606769 0.923754 0.689936 0.457493 0.395134 -0.606769 0.926686 0.689592 0.454278 0.397245 -0.628410 0.910068 0.689124 0.451249 0.397245 -0.628410 0.928641 
0.690256 0.464275 0.395134 -0.606769 0.946237 0.690231 0.460814 0.395134 -0.606769 0.923754 0.689936 0.457493 0.395134 -0.606769 0.926686 0.689592 0.454278 0.397245 -0.628410 0.910068 0.689124 0.451249 0.397245 -0.628410 0.928641 0.688583 0.448404 0.397245 -0.628410 0.912023 
0.690231 0.460814 0.395134 -0.606769 0.923754 0.689936 0.457493 0.395134 -0.606769 0.926686 0.689592 0.454278 0.397245 -0.628410 0.910068 0.689124 0.451249 0.397245 -0.628410 0.928641 0.688583 0.448404 0.397245 -0.628410 0.912023 0.687992 0.445712 0.397245 -0.628410 0.914956 
0.689936 0.457493 0.395134 -0.606769 0.926686 0.689592 0.454278 0.397245 -0.628410 0.910068 0.689124 0.451249 0.397245 -0.628410 0.928641 0.688583 0.448404 0.397245 -0.628410 0.912023 0.687992 0.445712 0.397245 -0.628410 0.914956 0.687328 0.443190 0.397245 -0.628410 0.912023 
0.689592 0.454278 0.397245 -0.628410 0.910068 0.689124 0.451249 0.397245 -0.628410 0.928641 0.688583 0.448404 0.397245 -0.628410 0.912023 0.687992 0.445712 0.397245 -0.628410 0.914956 0.687328 0.443190 0.397245 -0.628410 0.912023 0.686614 0.440914 0.395134 -0.606769 0.905181 
0.689124 0.451249 0.397245 -0.628410 0.928641 0.688583 0.448404 0.397245 -0.628410 0.912023 0.687992 0.445712 0.397245 -0.628410 0.914956 0.687328 0.443190 0.397245 -0.628410 0.912023 0.686614 0.440914 0.395134 -0.606769 0.905181 0.685851 0.438730 0.395134 -0.606769 0.914956 
0.688583 0.448404 0.397245 -0.628410 0.912023 0.687992 0.445712 0.397245 -0.628410 0.914956 0.687328 0.443190 0.397245 -0.628410 0.912023 0.686614 0.440914 0.395134 -0.606769 0.905181 0.685851 0.438730 0.395134 -0.606769 0.914956 0.685064 0.436639 0.395134 -0.606769 0.909091 
0.687992 0.445712 0.397245 -0.628410 0.914956 0.687328 0.443190 0.397245 -0.628410 0.912023 0.686614 0.440914 0.395134 -0.606769 0.905181 0.685851 0.438730 0.395134 -0.606769 0.914956 0.685064 0.436639 0.395134 -0.606769 0.909091 0.684326 0.434747 0.395134 -0.606769 0.929619 
0.687328 0.443190 0.397245 -0.628410 0.912023 0.686614 0.440914 0.395134 -0.606769 0.905181 0.685851 0.438730 0.395134 -0.606769 0.914956 0.685064 0.436639 0.395134 -0.606769 0.909091 0.684326 0.434747 0.395134 -0.606769 0.929619 0.683637 0.432994 0.395134 -0.606769 0.913979 
0.686614 0.440914 0.395134 -0.606769 0.905181 0.685851 0.438730 0.395134 -0.606769 0.914956 0.685064 0.436639 0.395134 -0.606769 0.909091 0.684326 0.434747 0.395134 -0.606769 0.929619 0.683637 0.432994 0.395134 -0.606769 0.913979 0.682972 0.431410 0.418400 -0.618467 0.911046 
0.685851 0.438730 0.395134 -0.606769 0.914956 0.685064 0.436639 0.395134 -0.606769 0.909091 0.684326 0.434747 0.395134 -0.606769 0.929619 0.683637 0.432994 0.395134 -0.606769 0.913979 0.682972 0.431410 0.418400 -0.618467 0.911046 0.682456 0.429949 0.415378 -0.596590 0.922776 
0.685064 0.436639 0.395134 -0.606769 0.909091 0.684326 0.434747 0.395134 -0.606769 0.929619 0.683637 0.432994 0.395134 -0.606769 0.913979 0.682972 0.431410 0.418400 -0.618467 0.911046 0.682456 0.429949 0.415378 -0.596590 0.922776 0.681988 0.428519 0.415378 -0.596590 0.911046 
0.684326 0.434747 0.395134 -0.606769 0.929619 0.683637 0.432994 0.395134 -0.606769 0.913979 0.682972 0.431410 0.418400 -0.618467 0.911046 0.682456 0.429949 0.415378 -0.596590 0.922776 0.681988 0.428519 0.415378 -0.596590 0.911046 0.681619 0.427135 0.415378 -0.596590 0.911046 
0.683637 0.432994 0.395134 -0.606769 0.913979 0.682972 0.431410 0.418400 -0.618467 0.911046 0.682456 0.429949 0.415378 -0.596590 0.922776 0.681988 0.428519 0.415378 -0.596590 0.911046 0.681619 0.427135 0.415378 -0.596590 0.911046 0.681373 0.425843 0.415378 -0.596590 0.904203 
0.682972 0.431410 0.418400 -0.618467 0.911046 0.682456 0.429949 0.415378 -0.596590 0.922776 0.681988 0.428519 0.415378 -0.596590 0.911046 0.681619 0.427135 0.415378 -0.596590 0.911046 0.681373 0.425843 0.415378 -0.596590 0.904203 0.681078 0.422321 0.411898 -0.574767 0.920821 
0.682456 0.429949 0.415378 -0.596590 0.922776 0.681988 0.428519 0.415378 -0.596590 0.911046 0.681619 0.427135 0.415378 -0.596590 0.911046 0.681373 0.425843 0.415378 -0.596590 0.904203 0.681078 0.422321 0.411898 -0.574767 0.920821 0.681250 0.424628 0.411898 -0.574767 0.904203 
0.681988 0.428519 0.415378 -0.596590 0.911046 0.681619 0.427135 0.415378 -0.596590 0.911046 0.681373 0.425843 0.415378 -0.596590 0.904203 0.681078 0.422321 0.411898 -0.574767 0.920821 0.681250 0.424628 0.411898 -0.574767 0.904203 0.681127 0.423490 0.411898 -0.574767 0.919844 
0.681619 0.427135 0.415378 -0.596590 0.911046 0.681373 0.425843 0.415378 -0.596590 0.904203 0.681078 0.422321 0.411898 -0.574767 0.920821 0.681250 0.424628 0.411898 -0.574767 0.904203 0.681127 0.423490 0.411898 -0.574767 0.919844 0.681078 0.421106 0.411898 -0.574767 0.918866 
0.681373 0.425843 0.415378 -0.596590 0.904203 0.681078 0.422321 0.411898 -0.574767 0.920821 0.681250 0.424628 0.411898 -0.574767 0.904203 0.681127 0.423490 0.411898 -0.574767 0.919844 0.681078 0.421106 0.411898 -0.574767 0.918866 0.681078 0.418799 0.444247 -0.579972 0.917889 
0.681078 0.422321 0.411898 -0.574767 0.920821 0.681250 0.424628 0.411898 -0.574767 0.904203 0.681127 0.423490 0.411898 -0.574767 0.919844 0.681078 0.421106 0.411898 -0.574767 0.918866 0.681078 0.418799 0.444247 -0.579972 0.917889 0.681078 0.419922 0.411898 -0.574767 0.926686 
0.681250 0.424628 0.411898 -0.574767 0.904203 0.681127 0.423490 0.411898 -0.574767 0.919844 0.681078 0.421106 0.411898 -0.574767 0.918866 0.681078 0.418799 0.444247 -0.579972 0.917889 0.681078 0.419922 0.411898 -0.574767 0.926686 0.681078 0.417661 0.444247 -0.579972 0.915934 
0.681127 0.423490 0.411898 -0.574767 0.919844 0.681078 0.421106 0.411898 -0.574767 0.918866 0.681078 0.418799 0.444247 -0.579972 0.917889 0.681078 0.419922 0.411898 -0.574767 0.926686 0.681078 0.417661 0.444247 -0.579972 0.915934 0.681078 0.416508 0.444247 -0.579972 0.921799 
0.681078 0.421106 0.411898 -0.574767 0.918866 0.681078 0.418799 0.444247 -0.579972 0.917889 0.681078 0.419922 0.411898 -0.574767 0.926686 0.681078 0.417661 0.444247 -0.579972 0.915934 0.681078 0.416508 0.444247 -0.579972 0.921799 0.681078 0.415431 0.444247 -0.579972 0.902248 
0.681078 0.418799 0.444247 -0.579972 0.917889 0.681078 0.419922 0.411898 -0.574767 0.926686 0.681078 0.417661 0.444247 -0.579972 0.915934 0.681078 0.416508 0.444247 -0.579972 0.921799 0.681078 0.415431 0.444247 -0.579972 0.902248 0.681102 0.414339 0.411898 -0.574767 0.913001 
0.681078 0.419922 0.411898 -0.574767 0.926686 0.681078 0.417661 0.444247 -0.579972 0.915934 0.681078 0.416508 0.444247 -0.579972 0.921799 0.681078 0.415431 0.444247 -0.579972 0.902248 0.681102 0.414339 0.411898 -0.574767 0.913001 0.681127 0.413340 0.411898 -0.574767 0.900293 
0.681078 0.417661 0.444247 -0.579972 0.915934 0.681078 0.416508 0.444247 -0.579972 0.921799 0.681078 0.415431 0.444247 -0.579972 0.902248 0.681102 0.414339 0.411898 -0.574767 0.913001 0.681127 0.413340 0.411898 -0.574767 0.900293 0.681127 0.412402 0.411898 -0.574767 0.901271 
0.681078 0.416508 0.444247 -0.579972 0.921799 0.681078 0.415431 0.444247 -0.579972 0.902248 0.681102 0.414339 0.411898 -0.574767 0.913001 0.681127 0.413340 0.411898 -0.574767 0.900293 0.681127 0.412402 0.411898 -0.574767 0.901271 0.681127 0.411571 0.415378 -0.596590 0.884653 
0.681078 0.415431 0.444247 -0.579972 0.902248 0.681102 0.414339 0.411898 -0.574767 0.913001 0.681127 0.413340 0.411898 -0.574767 0.900293 0.681127 0.412402 0.411898 -0.574767 0.901271 0.681127 0.411571 0.415378 -0.596590 0.884653 0.681127 0.410848 0.415378 -0.596590 0.870968 
0.681102 0.414339 0.411898 -0.574767 0.913001 0.681127 0.413340 0.411898 -0.574767 0.900293 0.681127 0.412402 0.411898 -0.574767 0.901271 0.681127 0.411571 0.415378 -0.596590 0.884653 0.681127 0.410848 0.415378 -0.596590 0.870968 0.681127 0.410249 0.415378 -0.596590 0.877810 
0.681127 0.413340 0.411898 -0.574767 0.900293 0.681127 0.412402 0.411898 -0.574767 0.901271 0.681127 0.411571 0.415378 -0.596590 0.884653 0.681127 0.410848 0.415378 -0.596590 0.870968 0.681127 0.410249 0.415378 -0.596590 0.877810 0.681102 0.409756 0.405355 -0.601768 0.869013 
0.681127 0.412402 0.411898 -0.574767 0.901271 0.681127 0.411571 0.415378 -0.596590 0.884653 0.681127 0.410848 0.415378 -0.596590 0.870968 0.681127 0.410249 0.415378 -0.596590 0.877810 0.681102 0.409756 0.405355 -0.601768 0.869013 0.680881 0.409357 0.405355 -0.601768 0.865103 
0.681127 0.411571 0.415378 -0.596590 0.884653 0.681127 0.410848 0.415378 -0.596590 0.870968 0.681127 0.410249 0.415378 -0.596590 0.877810 0.681102 0.409756 0.405355 -0.601768 0.869013 0.680881 0.409357 0.405355 -0.601768 0.865103 0.680684 0.409018 0.402310 -0.580051 0.849462 
0.681127 0.410848 0.415378 -0.596590 0.870968 0.681127 0.410249 0.415378 -0.596590 0.877810 0.681102 0.409756 0.405355 -0.601768 0.869013 0.680881 0.409357 0.405355 -0.601768 0.865103 0.680684 0.409018 0.402310 -0.580051 0.849462 0.680463 0.408741 0.402310 -0.580051 0.850440 
0.681127 0.410249 0.415378 -0.596590 0.877810 0.681102 0.409756 0.405355 -0.601768 0.869013 0.680881 0.409357 0.405355 -0.601768 0.865103 0.680684 0.409018 0.402310 -0.580051 0.849462 0.680463 0.408741 0.402310 -0.580051 0.850440 0.680241 0.408511 0.402310 -0.580051 0.847507 
0.681102 0.409756 0.405355 -0.601768 0.869013 0.680881 0.409357 0.405355 -0.601768 0.865103 0.680684 0.409018 0.402310 -0.580051 0.849462 0.680463 0.408741 0.402310 -0.580051 0.850440 0.680241 0.408511 0.402310 -0.580051 0.847507 0.680020 0.408280 0.402310 -0.580051 0.847507 
0.680881 0.409357 0.405355 -0.601768 0.865103 0.680684 0.409018 0.402310 -0.580051 0.849462 0.680463 0.408741 0.402310 -0.580051 0.850440 0.680241 0.408511 0.402310 -0.580051 0.847507 0.680020 0.408280 0.402310 -0.580051 0.847507 0.679823 0.408003 0.402310 -0.580051 0.846530 
0.680684 0.409018 0.402310 -0.580051 0.849462 0.680463 0.408741 0.402310 -0.580051 0.850440 0.680241 0.408511 0.402310 -0.580051 0.847507 0.680020 0.408280 0.402310 -0.580051 0.847507 0.679823 0.408003 0.402310 -0.580051 0.846530 0.679626 0.407696 0.402310 -0.580051 0.851417 
0.680463 0.408741 0.402310 -0.580051 0.850440 0.680241 0.408511 0.402310 -0.580051 0.847507 0.680020 0.408280 0.402310 -0.580051 0.847507 0.679823 0.408003 0.402310 -0.580051 0.846530 0.679626 0.407696 0.402310 -0.580051 0.851417 0.679478 0.407327 0.398802 -0.558401 0.852395 
0.680241 0.408511 0.402310 -0.580051 0.847507 0.680020 0.408280 0.402310 -0.580051 0.847507 0.679823 0.408003 0.402310 -0.580051 0.846530 0.679626 0.407696 0.402310 -0.580051 0.851417 0.679478 0.407327 0.398802 -0.558401 0.852395 0.679380 0.406881 0.398802 -0.558401 0.858260 
0.680020 0.408280 0.402310 -0.580051 0.847507 0.679823 0.408003 0.402310 -0.580051 0.846530 0.679626 0.407696 0.402310 -0.580051 0.851417 0.679478 0.407327 0.398802 -0.558401 0.852395 0.679380 0.406881 0.398802 -0.558401 0.858260 0.679306 0.406342 0.398802 -0.558401 0.869990 
0.679823 0.408003 0.402310 -0.580051 0.846530 0.679626 0.407696 0.402310 -0.580051 0.851417 0.679478 0.407327 0.398802 -0.558401 0.852395 0.679380 0.406881 0.398802 -0.558401 0.858260 0.679306 0.406342 0.398802 -0.558401 0.869990 0.679281 0.405758 0.407971 -0.553025 0.873900 
0.679626 0.407696 0.402310 -0.580051 0.851417 0.679478 0.407327 0.398802 -0.558401 0.852395 0.679380 0.406881 0.398802 -0.558401 0.858260 0.679306 0.406342 0.398802 -0.558401 0.869990 0.679281 0.405758 0.407971 -0.553025 0.873900 0.679281 0.405127 0.407971 -0.553025 0.871945 
0.679478 0.407327 0.398802 -0.558401 0.852395 0.679380 0.406881 0.398802 -0.558401 0.858260 0.679306 0.406342 0.398802 -0.558401 0.869990 0.679281 0.405758 0.407971 -0.553025 0.873900 0.679281 0.405127 0.407971 -0.553025 0.871945 0.679281 0.404420 0.398802 -0.558401 0.880743 
0.679380 0.406881 0.398802 -0.558401 0.858260 0.679306 0.406342 0.398802 -0.558401 0.869990 0.679281 0.405758 0.407971 -0.553025 0.873900 0.679281 0.405127 0.407971 -0.553025 0.871945 0.679281 0.404420 0.398802 -0.558401 0.880743 0.679281 0.403697 0.398802 -0.558401 0.876833 
0.679306 0.406342 0.398802 -0.558401 0.869990 0.679281 0.405758 0.407971 -0.553025 0.873900 0.679281 0.405127 0.407971 -0.553025 0.871945 0.679281 0.404420 0.398802 -0.558401 0.880743 0.679281 0.403697 0.398802 -0.558401 0.876833 0.679281 0.402913 0.398802 -0.558401 0.871945 
0.679281 0.405758 0.407971 -0.553025 0.873900 0.679281 0.405127 0.407971 -0.553025 0.871945 0.679281 0.404420 0.398802 -0.558401 0.880743 0.679281 0.403697 0.398802 -0.558401 0.876833 0.679281 0.402913 0.398802 -0.558401 0.871945 0.679478 0.402144 0.398802 -0.558401 0.867058 
0.679281 0.405127 0.407971 -0.553025 0.871945 0.679281 0.404420 0.398802 -0.558401 0.880743 0.679281 0.403697 0.398802 -0.558401 0.876833 0.679281 0.402913 0.398802 -0.558401 0.871945 0.679478 0.402144 0.398802 -0.558401 0.867058 0.679847 0.400837 0.398802 -0.558401 0.865103 
0.679281 0.404420 0.398802 -0.558401 0.880743 0.679281 0.403697 0.398802 -0.558401 0.876833 0.679281 0.402913 0.398802 -0.558401 0.871945 0.679478 0.402144 0.398802 -0.558401 0.867058 0.679847 0.400837 0.398802 -0.558401 0.865103 0.679675 0.401452 0.398802 -0.558401 0.870968 
0.679281 0.403697 0.398802 -0.558401 0.876833 0.679281 0.402913 0.398802 -0.558401 0.871945 0.679478 0.402144 0.398802 -0.558401 0.867058 0.679847 0.400837 0.398802 -0.558401 0.865103 0.679675 0.401452 0.398802 -0.558401 0.870968 0.679971 0.400298 0.398802 -0.558401 0.869990 
0.679281 0.402913 0.398802 -0.558401 0.871945 0.679478 0.402144 0.398802 -0.558401 0.867058 0.679847 0.400837 0.398802 -0.558401 0.865103 0.679675 0.401452 0.398802 -0.558401 0.870968 0.679971 0.400298 0.398802 -0.558401 0.869990 0.680069 0.399852 0.398802 -0.558401 0.866080 
0.679478 0.402144 0.398802 -0.558401 0.867058 0.679847 0.400837 0.398802 -0.558401 0.865103 0.679675 0.401452 0.398802 -0.558401 0.870968 0.679971 0.400298 0.398802 -0.558401 0.869990 0.680069 0.399852 0.398802 -0.558401 0.866080 0.680143 0.399514 0.398802 -0.558401 0.866080 
0.679847 0.400837 0.398802 -0.558401 0.865103 0.679675 0.401452 0.398802 -0.558401 0.870968 0.679971 0.400298 0.398802 -0.558401 0.869990 0.680069 0.399852 0.398802 -0.558401 0.866080 0.680143 0.399514 0.398802 -0.558401 0.866080 0.680192 0.399283 0.398802 -0.558401 0.859238 
0.614518 0.424797 0.458201 -0.596387 0.953079 0.615920 0.423874 0.458201 -0.596387 0.951124 0.617717 0.422752 0.467626 -0.590400 0.952102 0.619907 0.421414 0.467626 -0.590400 0.946237 0.622515 0.419814 0.476840 -0.584222 0.953079 0.625517 0.418046 0.453469 -0.574068 0.958944 
0.615920 0.423874 0.458201 -0.596387 0.951124 0.617717 0.422752 0.467626 -0.590400 0.952102 0.619907 0.421414 0.467626 -0.590400 0.946237 0.622515 0.419814 0.476840 -0.584222 0.953079 0.625517 0.418046 0.453469 -0.574068 0.958944 0.628666 0.416262 0.453469 -0.574068 0.953079 
0.617717 0.422752 0.467626 -0.590400 0.952102 0.619907 0.421414 0.467626 -0.590400 0.946237 0.622515 0.419814 0.476840 -0.584222 0.953079 0.625517 0.418046 0.453469 -0.574068 0.958944 0.628666 0.416262 0.453469 -0.574068 0.953079 0.631988 0.414524 0.453469 -0.574068 0.971652 
0.619907 0.421414 0.467626 -0.590400 0.946237 0.622515 0.419814 0.476840 -0.584222 0.953079 0.625517 0.418046 0.453469 -0.574068 0.958944 0.628666 0.416262 0.453469 -0.574068 0.953079 0.631988 0.414524 0.453469 -0.574068 0.971652 0.635433 0.412817 0.453469 -0.574068 0.958944 
0.622515 0.419814 0.476840 -0.584222 0.953079 0.625517 0.418046 0.453469 -0.574068 0.958944 0.628666 0.416262 0.453469 -0.574068 0.953079 0.631988 0.414524 0.453469 -0.574068 0.971652 0.635433 0.412817 0.453469 -0.574068 0.958944 0.638976 0.411094 0.453469 -0.574068 0.968719 
0.625517 0.418046 0.453469 -0.574068 0.958944 0.628666 0.416262 0.453469 -0.574068 0.953079 0.631988 0.414524 0.453469 -0.574068 0.971652 0.635433 0.412817 0.453469 -0.574068 0.958944 0.638976 0.411094 0.453469 -0.574068 0.968719 0.642618 0.409418 0.444247 -0.579972 1.000000 
0.628666 0.416262 0.453469 -0.574068 0.953079 0.631988 0.414524 0.453469 -0.574068 0.971652 0.635433 0.412817 0.453469 -0.574068 0.958944 0.638976 0.411094 0.453469 -0.574068 0.968719 0.642618 0.409418 0.444247 -0.579972 1.000000 0.646334 0.407788 0.444247 -0.579972 0.994135 
0.631988 0.414524 0.453469 -0.574068 0.971652 0.635433 0.412817 0.453469 -0.574068 0.958944 0.638976 0.411094 0.453469 -0.574068 0.968719 0.642618 0.409418 0.444247 -0.579972 1.000000 0.646334 0.407788 0.444247 -0.579972 0.994135 0.649975 0.406327 0.444247 -0.579972 1.000000 
0.635433 0.412817 0.453469 -0.574068 0.958944 0.638976 0.411094 0.453469 -0.574068 0.968719 0.642618 0.409418 0.444247 -0.579972 1.000000 0.646334 0.407788 0.444247 -0.579972 0.994135 0.649975 0.406327 0.444247 -0.579972 1.000000 0.653494 0.404989 0.434824 -0.585693 1.000000 
0.638976 0.411094 0.453469 -0.574068 0.968719 0.642618 0.409418 0.444247 -0.579972 1.000000 0.646334 0.407788 0.444247 -0.579972 0.994135 0.649975 0.406327 0.444247 -0.579972 1.000000 0.653494 0.404989 0.434824 -0.585693 1.000000 0.656964 0.403697 0.415378 -0.596590 1.000000 
0.642618 0.409418 0.444247 -0.579972 1.000000 0.646334 0.407788 0.444247 -0.579972 0.994135 0.649975 0.406327 0.444247 -0.579972 1.000000 0.653494 0.404989 0.434824 -0.585693 1.000000 0.656964 0.403697 0.415378 -0.596590 1.000000 0.660261 0.402482 0.415378 -0.596590 1.000000 
0.646334 0.407788 0.444247 -0.579972 0.994135 0.649975 0.406327 0.444247 -0.579972 1.000000 0.653494 0.404989 0.434824 -0.585693 1.000000 0.656964 0.403697 0.415378 -0.596590 1.000000 0.660261 0.402482 0.415378 -0.596590 1.000000 0.668553 0.399345 0.415378 -0.596590 1.000000 
0.649975 0.406327 0.444247 -0.579972 1.000000 0.653494 0.404989 0.434824 -0.585693 1.000000 0.656964 0.403697 0.415378 -0.596590 1.000000 0.660261 0.402482 0.415378 -0.596590 1.000000 0.668553 0.399345 0.415378 -0.596590 1.000000 0.663312 0.401329 0.415378 -0.596590 1.000000 
0.653494 0.404989 0.434824 -0.585693 1.000000 0.656964 0.403697 0.415378 -0.596590 1.000000 0.660261 0.402482 0.415378 -0.596590 1.000000 0.668553 0.399345 0.415378 -0.596590 1.000000 0.663312 0.401329 0.415378 -0.596590 1.000000 0.666142 0.400283 0.415378 -0.596590 1.000000 
0.675000 0.396454 0.415378 -0.596590 0.859238 0.674926 0.396577 0.415378 -0.596590 0.758553 0.674926 0.396869 0.415378 -0.596590 0.584555 0.674926 0.397346 0.415378 -0.596590 0.215054 0.674975 0.399083 0.415378 -0.596590 0.000000 0.675172 0.400544 0.402310 -0.580051 0.000000 
0.674926 0.396577 0.415378 -0.596590 0.758553 0.674926 0.396869 0.415378 -0.596590 0.584555 0.674926 0.397346 0.415378 -0.596590 0.215054 0.674975 0.399083 0.415378 -0.596590 0.000000 0.675172 0.400544 0.402310 -0.580051 0.000000 0.675172 0.402313 0.389452 -0.563605 0.000000 
0.674926 0.396869 0.415378 -0.596590 0.584555 0.674926 0.397346 0.415378 -0.596590 0.215054 0.674975 0.399083 0.415378 -0.596590 0.000000 0.675172 0.400544 0.402310 -0.580051 0.000000 0.675172 0.402313 0.389452 -0.563605 0.000000 0.674705 0.404343 0.343283 -0.519589 0.000000 
0.674926 0.397346 0.415378 -0.596590 0.215054 0.674975 0.399083 0.415378 -0.596590 0.000000 0.675172 0.400544 0.402310 -0.580051 0.000000 0.675172 0.402313 0.389452 -0.563605 0.000000 0.674705 0.404343 0.343283 -0.519589 0.000000 0.673179 0.406573 0.336160 -0.477975 0.000000 
