0.645792 0.502215 0.418400 -0.618467 0.244379 0.645792 0.501461 0.418400 -0.618467 0.248289 0.645792 0.500723 0.418400 -0.618467 0.256109 0.645792 0.499969 0.418400 -0.618467 0.270772 0.645792 0.499216 0.418400 -0.618467 0.267840 0.645792 0.498447 0.397245 -0.628410 0.277615 
0.645792 0.501461 0.418400 -0.618467 0.248289 0.645792 0.500723 0.418400 -0.618467 0.256109 0.645792 0.499969 0.418400 -0.618467 0.270772 0.645792 0.499216 0.418400 -0.618467 0.267840 0.645792 0.498447 0.397245 -0.628410 0.277615 0.645792 0.497647 0.397245 -0.628410 0.272727 
0.645792 0.500723 0.418400 -0.618467 0.256109 0.645792 0.499969 0.418400 -0.618467 0.270772 0.645792 0.499216 0.418400 -0.618467 0.267840 0.645792 0.498447 0.397245 -0.628410 0.277615 0.645792 0.497647 0.397245 -0.628410 0.272727 0.645743 0.496817 0.397245 -0.628410 0.270772 
0.645792 0.499969 0.418400 -0.618467 0.270772 0.645792 0.499216 0.418400 -0.618467 0.267840 0.645792 0.498447 0.397245 -0.628410 0.277615 0.645792 0.497647 0.397245 -0.628410 0.272727 0.645743 0.496817 0.397245 -0.628410 0.270772 0.645497 0.495925 0.397245 -0.628410 0.281525 
0.645792 0.499216 0.418400 -0.618467 0.267840 0.645792 0.498447 0.397245 -0.628410 0.277615 0.645792 0.497647 0.397245 -0.628410 0.272727 0.645743 0.496817 0.397245 -0.628410 0.270772 0.645497 0.495925 0.397245 -0.628410 0.281525 0.645276 0.495002 0.397245 -0.628410 0.287390 
0.645792 0.498447 0.397245 -0.628410 0.277615 0.645792 0.497647 0.397245 -0.628410 0.272727 0.645743 0.496817 0.397245 -0.628410 0.270772 0.645497 0.495925 0.397245 -0.628410 0.281525 0.645276 0.495002 0.397245 -0.628410 0.287390 0.644980 0.494018 0.397245 -0.628410 0.282502 
0.645792 0.497647 0.397245 -0.628410 0.272727 0.645743 0.496817 0.397245 -0.628410 0.270772 0.645497 0.495925 0.397245 -0.628410 0.281525 0.645276 0.495002 0.397245 -0.628410 0.287390 0.644980 0.494018 0.397245 -0.628410 0.282502 0.644685 0.493033 0.397245 -0.628410 0.279570 
0.645743 0.496817 0.397245 -0.628410 0.270772 0.645497 0.495925 0.397245 -0.628410 0.281525 0.645276 0.495002 0.397245 -0.628410 0.287390 0.644980 0.494018 0.397245 -0.628410 0.282502 0.644685 0.493033 0.397245 -0.628410 0.279570 0.644390 0.492018 0.397245 -0.628410 0.274682 
0.645497 0.495925 0.397245 -0.628410 0.281525 0.645276 0.495002 0.397245 -0.628410 0.287390 0.644980 0.494018 0.397245 -0.628410 0.282502 0.644685 0.493033 0.397245 -0.628410 0.279570 0.644390 0.492018 0.397245 -0.628410 0.274682 0.644021 0.491034 0.397245 -0.628410 0.275660 
0.645276 0.495002 0.397245 -0.628410 0.287390 0.644980 0.494018 0.397245 -0.628410 0.282502 0.644685 0.493033 0.397245 -0.628410 0.279570 0.644390 0.492018 0.397245 -0.628410 0.274682 0.644021 0.491034 0.397245 -0.628410 0.275660 0.643701 0.490081 0.397245 -0.628410 0.278592 
0.644980 0.494018 0.397245 -0.628410 0.282502 0.644685 0.493033 0.397245 -0.628410 0.279570 0.644390 0.492018 0.397245 -0.628410 0.274682 0.644021 0.491034 0.397245 -0.628410 0.275660 0.643701 0.490081 0.397245 -0.628410 0.278592 0.643332 0.489142 0.395134 -0.606769 0.275660 
0.644685 0.493033 0.397245 -0.628410 0.279570 0.644390 0.492018 0.397245 -0.628410 0.274682 0.644021 0.491034 0.397245 -0.628410 0.275660 0.643701 0.490081 0.397245 -0.628410 0.278592 0.643332 0.489142 0.395134 -0.606769 0.275660 0.642987 0.488204 0.395134 -0.606769 0.280547 
0.644390 0.492018 0.397245 -0.628410 0.274682 0.644021 0.491034 0.397245 -0.628410 0.275660 0.643701 0.490081 0.397245 -0.628410 0.278592 0.643332 0.489142 0.395134 -0.606769 0.275660 0.642987 0.488204 0.395134 -0.606769 0.280547 0.642667 0.487282 0.395134 -0.606769 0.280547 
0.644021 0.491034 0.397245 -0.628410 0.275660 0.643701 0.490081 0.397245 -0.628410 0.278592 0.643332 0.489142 0.395134 -0.606769 0.275660 0.642987 0.488204 0.395134 -0.606769 0.280547 0.642667 0.487282 0.395134 -0.606769 0.280547 0.642372 0.486390 0.395134 -0.606769 0.285435 
0.643701 0.490081 0.397245 -0.628410 0.278592 0.643332 0.489142 0.395134 -0.606769 0.275660 0.642987 0.488204 0.395134 -0.606769 0.280547 0.642667 0.487282 0.395134 -0.606769 0.280547 0.642372 0.486390 0.395134 -0.606769 0.285435 0.642077 0.485498 0.395134 -0.606769 0.285435 
0.643332 0.489142 0.395134 -0.606769 0.275660 0.642987 0.488204 0.395134 -0.606769 0.280547 0.642667 0.487282 0.395134 -0.606769 0.280547 0.642372 0.486390 0.395134 -0.606769 0.285435 0.642077 0.485498 0.395134 -0.606769 0.285435 0.641831 0.484621 0.395134 -0.606769 0.291300 
0.642987 0.488204 0.395134 -0.606769 0.280547 0.642667 0.487282 0.395134 -0.606769 0.280547 0.642372 0.486390 0.395134 -0.606769 0.285435 0.642077 0.485498 0.395134 -0.606769 0.285435 0.641831 0.484621 0.395134 -0.606769 0.291300 0.641585 0.483729 0.384717 -0.611594 0.299120 
0.642667 0.487282 0.395134 -0.606769 0.280547 0.642372 0.486390 0.395134 -0.606769 0.285435 0.642077 0.485498 0.395134 -0.606769 0.285435 0.641831 0.484621 0.395134 -0.606769 0.291300 0.641585 0.483729 0.384717 -0.611594 0.299120 0.641412 0.482776 0.384717 -0.611594 0.299120 
0.642372 0.486390 0.395134 -0.606769 0.285435 0.642077 0.485498 0.395134 -0.606769 0.285435 0.641831 0.484621 0.395134 -0.606769 0.291300 0.641585 0.483729 0.384717 -0.611594 0.299120 0.641412 0.482776 0.384717 -0.611594 0.299120 0.641265 0.481822 0.384717 -0.611594 0.300098 
0.642077 0.485498 0.395134 -0.606769 0.285435 0.641831 0.484621 0.395134 -0.606769 0.291300 0.641585 0.483729 0.384717 -0.611594 0.299120 0.641412 0.482776 0.384717 -0.611594 0.299120 0.641265 0.481822 0.384717 -0.611594 0.300098 0.641117 0.480853 0.384717 -0.611594 0.306940 
0.641831 0.484621 0.395134 -0.606769 0.291300 0.641585 0.483729 0.384717 -0.611594 0.299120 0.641412 0.482776 0.384717 -0.611594 0.299120 0.641265 0.481822 0.384717 -0.611594 0.300098 0.641117 0.480853 0.384717 -0.611594 0.306940 0.640970 0.479900 0.384717 -0.611594 0.312805 
0.641585 0.483729 0.384717 -0.611594 0.299120 0.641412 0.482776 0.384717 -0.611594 0.299120 0.641265 0.481822 0.384717 -0.611594 0.300098 0.641117 0.480853 0.384717 -0.611594 0.306940 0.640970 0.479900 0.384717 -0.611594 0.312805 0.640846 0.478900 0.384717 -0.611594 0.306940 
0.641412 0.482776 0.384717 -0.611594 0.299120 0.641265 0.481822 0.384717 -0.611594 0.300098 0.641117 0.480853 0.384717 -0.611594 0.306940 0.640970 0.479900 0.384717 -0.611594 0.312805 0.640846 0.478900 0.384717 -0.611594 0.306940 0.640699 0.477916 0.374103 -0.616243 0.308895 
0.641265 0.481822 0.384717 -0.611594 0.300098 0.641117 0.480853 0.384717 -0.611594 0.306940 0.640970 0.479900 0.384717 -0.611594 0.312805 0.640846 0.478900 0.384717 -0.611594 0.306940 0.640699 0.477916 0.374103 -0.616243 0.308895 0.640551 0.476901 0.374103 -0.616243 0.319648 
0.641117 0.480853 0.384717 -0.611594 0.306940 0.640970 0.479900 0.384717 -0.611594 0.312805 0.640846 0.478900 0.384717 -0.611594 0.306940 0.640699 0.477916 0.374103 -0.616243 0.308895 0.640551 0.476901 0.374103 -0.616243 0.319648 0.640428 0.475840 0.374103 -0.616243 0.322581 
0.640970 0.479900 0.384717 -0.611594 0.312805 0.640846 0.478900 0.384717 -0.611594 0.306940 0.640699 0.477916 0.374103 -0.616243 0.308895 0.640551 0.476901 0.374103 -0.616243 0.319648 0.640428 0.475840 0.374103 -0.616243 0.322581 0.640305 0.474763 0.374103 -0.616243 0.323558 
0.640846 0.478900 0.384717 -0.611594 0.306940 0.640699 0.477916 0.374103 -0.616243 0.308895 0.640551 0.476901 0.374103 -0.616243 0.319648 0.640428 0.475840 0.374103 -0.616243 0.322581 0.640305 0.474763 0.374103 -0.616243 0.323558 0.640207 0.473671 0.374103 -0.616243 0.324536 
0.640699 0.477916 0.374103 -0.616243 0.308895 0.640551 0.476901 0.374103 -0.616243 0.319648 0.640428 0.475840 0.374103 -0.616243 0.322581 0.640305 0.474763 0.374103 -0.616243 0.323558 0.640207 0.473671 0.374103 -0.616243 0.324536 0.640059 0.472564 0.340852 -0.608124 0.325513 
0.640551 0.476901 0.374103 -0.616243 0.319648 0.640428 0.475840 0.374103 -0.616243 0.322581 0.640305 0.474763 0.374103 -0.616243 0.323558 0.640207 0.473671 0.374103 -0.616243 0.324536 0.640059 0.472564 0.340852 -0.608124 0.325513 0.639936 0.471441 0.340852 -0.608124 0.326491 
0.640428 0.475840 0.374103 -0.616243 0.322581 0.640305 0.474763 0.374103 -0.616243 0.323558 0.640207 0.473671 0.374103 -0.616243 0.324536 0.640059 0.472564 0.340852 -0.608124 0.325513 0.639936 0.471441 0.340852 -0.608124 0.326491 0.639788 0.470303 0.340852 -0.608124 0.328446 
0.640305 0.474763 0.374103 -0.616243 0.323558 0.640207 0.473671 0.374103 -0.616243 0.324536 0.640059 0.472564 0.340852 -0.608124 0.325513 0.639936 0.471441 0.340852 -0.608124 0.326491 0.639788 0.470303 0.340852 -0.608124 0.328446 0.639715 0.469134 0.340852 -0.608124 0.325513 
0.640207 0.473671 0.374103 -0.616243 0.324536 0.640059 0.472564 0.340852 -0.608124 0.325513 0.639936 0.471441 0.340852 -0.608124 0.326491 0.639788 0.470303 0.340852 -0.608124 0.328446 0.639715 0.469134 0.340852 -0.608124 0.325513 0.639665 0.467950 0.329972 -0.612211 0.327468 
0.640059 0.472564 0.340852 -0.608124 0.325513 0.639936 0.471441 0.340852 -0.608124 0.326491 0.639788 0.470303 0.340852 -0.608124 0.328446 0.639715 0.469134 0.340852 -0.608124 0.325513 0.639665 0.467950 0.329972 -0.612211 0.327468 0.639641 0.466812 0.329972 -0.612211 0.333333 
0.639936 0.471441 0.340852 -0.608124 0.326491 0.639788 0.470303 0.340852 -0.608124 0.328446 0.639715 0.469134 0.340852 -0.608124 0.325513 0.639665 0.467950 0.329972 -0.612211 0.327468 0.639641 0.466812 0.329972 -0.612211 0.333333 0.639567 0.465751 0.329972 -0.612211 0.329423 
0.639788 0.470303 0.340852 -0.608124 0.328446 0.639715 0.469134 0.340852 -0.608124 0.325513 0.639665 0.467950 0.329972 -0.612211 0.327468 0.639641 0.466812 0.329972 -0.612211 0.333333 0.639567 0.465751 0.329972 -0.612211 0.329423 0.639493 0.464705 0.329972 -0.612211 0.330401 
0.639715 0.469134 0.340852 -0.608124 0.325513 0.639665 0.467950 0.329972 -0.612211 0.327468 0.639641 0.466812 0.329972 -0.612211 0.333333 0.639567 0.465751 0.329972 -0.612211 0.329423 0.639493 0.464705 0.329972 -0.612211 0.330401 0.639468 0.463721 0.318915 -0.616132 0.331378 
0.639665 0.467950 0.329972 -0.612211 0.327468 0.639641 0.466812 0.329972 -0.612211 0.333333 0.639567 0.465751 0.329972 -0.612211 0.329423 0.639493 0.464705 0.329972 -0.612211 0.330401 0.639468 0.463721 0.318915 -0.616132 0.331378 0.639444 0.462737 0.318915 -0.616132 0.333333 
0.639641 0.466812 0.329972 -0.612211 0.333333 0.639567 0.465751 0.329972 -0.612211 0.329423 0.639493 0.464705 0.329972 -0.612211 0.330401 0.639468 0.463721 0.318915 -0.616132 0.331378 0.639444 0.462737 0.318915 -0.616132 0.333333 0.639419 0.461783 0.318915 -0.616132 0.335288 
0.639567 0.465751 0.329972 -0.612211 0.329423 0.639493 0.464705 0.329972 -0.612211 0.330401 0.639468 0.463721 0.318915 -0.616132 0.331378 0.639444 0.462737 0.318915 -0.616132 0.333333 0.639419 0.461783 0.318915 -0.616132 0.335288 0.639419 0.460845 0.318915 -0.616132 0.340176 
0.639493 0.464705 0.329972 -0.612211 0.330401 0.639468 0.463721 0.318915 -0.616132 0.331378 0.639444 0.462737 0.318915 -0.616132 0.333333 0.639419 0.461783 0.318915 -0.616132 0.335288 0.639419 0.460845 0.318915 -0.616132 0.340176 0.639419 0.459938 0.318915 -0.616132 0.341153 
0.639468 0.463721 0.318915 -0.616132 0.331378 0.639444 0.462737 0.318915 -0.616132 0.333333 0.639419 0.461783 0.318915 -0.616132 0.335288 0.639419 0.460845 0.318915 -0.616132 0.340176 0.639419 0.459938 0.318915 -0.616132 0.341153 0.639370 0.457124 0.318915 -0.616132 0.358749 
0.639444 0.462737 0.318915 -0.616132 0.333333 0.639419 0.461783 0.318915 -0.616132 0.335288 0.639419 0.460845 0.318915 -0.616132 0.340176 0.639419 0.459938 0.318915 -0.616132 0.341153 0.639370 0.457124 0.318915 -0.616132 0.358749 0.639370 0.459015 0.318915 -0.616132 0.347019 
0.639419 0.461783 0.318915 -0.616132 0.335288 0.639419 0.460845 0.318915 -0.616132 0.340176 0.639419 0.459938 0.318915 -0.616132 0.341153 0.639370 0.457124 0.318915 -0.616132 0.358749 0.639370 0.459015 0.318915 -0.616132 0.347019 0.639370 0.458092 0.318915 -0.616132 0.353861 
0.639419 0.460845 0.318915 -0.616132 0.340176 0.639419 0.459938 0.318915 -0.616132 0.341153 0.639370 0.457124 0.318915 -0.616132 0.358749 0.639370 0.459015 0.318915 -0.616132 0.347019 0.639370 0.458092 0.318915 -0.616132 0.353861 0.639370 0.456093 0.318915 -0.616132 0.354839 
0.639419 0.459938 0.318915 -0.616132 0.341153 0.639370 0.457124 0.318915 -0.616132 0.358749 0.639370 0.459015 0.318915 -0.616132 0.347019 0.639370 0.458092 0.318915 -0.616132 0.353861 0.639370 0.456093 0.318915 -0.616132 0.354839 0.639370 0.455063 0.318915 -0.616132 0.353861 
0.639370 0.457124 0.318915 -0.616132 0.358749 0.639370 0.459015 0.318915 -0.616132 0.347019 0.639370 0.458092 0.318915 -0.616132 0.353861 0.639370 0.456093 0.318915 -0.616132 0.354839 0.639370 0.455063 0.318915 -0.616132 0.353861 0.639370 0.454017 0.318915 -0.616132 0.355816 
0.639370 0.459015 0.318915 -0.616132 0.347019 0.639370 0.458092 0.318915 -0.616132 0.353861 0.639370 0.456093 0.318915 -0.616132 0.354839 0.639370 0.455063 0.318915 -0.616132 0.353861 0.639370 0.454017 0.318915 -0.616132 0.355816 0.639419 0.450803 0.297408 -0.602902 0.369501 
0.639370 0.458092 0.318915 -0.616132 0.353861 0.639370 0.456093 0.318915 -0.616132 0.354839 0.639370 0.455063 0.318915 -0.616132 0.353861 0.639370 0.454017 0.318915 -0.616132 0.355816 0.639419 0.450803 0.297408 -0.602902 0.369501 0.639370 0.452940 0.318915 -0.616132 0.356794 
0.639370 0.456093 0.318915 -0.616132 0.354839 0.639370 0.455063 0.318915 -0.616132 0.353861 0.639370 0.454017 0.318915 -0.616132 0.355816 0.639419 0.450803 0.297408 -0.602902 0.369501 0.639370 0.452940 0.318915 -0.616132 0.356794 0.639370 0.451879 0.318915 -0.616132 0.360704 
0.639370 0.455063 0.318915 -0.616132 0.353861 0.639370 0.454017 0.318915 -0.616132 0.355816 0.639419 0.450803 0.297408 -0.602902 0.369501 0.639370 0.452940 0.318915 -0.616132 0.356794 0.639370 0.451879 0.318915 -0.616132 0.360704 0.639518 0.449757 0.297408 -0.602902 0.368524 
0.639370 0.454017 0.318915 -0.616132 0.355816 0.639419 0.450803 0.297408 -0.602902 0.369501 0.639370 0.452940 0.318915 -0.616132 0.356794 0.639370 0.451879 0.318915 -0.616132 0.360704 0.639518 0.449757 0.297408 -0.602902 0.368524 0.639567 0.448742 0.297408 -0.602902 0.367546 
0.639419 0.450803 0.297408 -0.602902 0.369501 0.639370 0.452940 0.318915 -0.616132 0.356794 0.639370 0.451879 0.318915 -0.616132 0.360704 0.639518 0.449757 0.297408 -0.602902 0.368524 0.639567 0.448742 0.297408 -0.602902 0.367546 0.639616 0.447758 0.297408 -0.602902 0.373412 
0.639370 0.452940 0.318915 -0.616132 0.356794 0.639370 0.451879 0.318915 -0.616132 0.360704 0.639518 0.449757 0.297408 -0.602902 0.368524 0.639567 0.448742 0.297408 -0.602902 0.367546 0.639616 0.447758 0.297408 -0.602902 0.373412 0.639715 0.446789 0.296287 -0.623481 0.373412 
0.639370 0.451879 0.318915 -0.616132 0.360704 0.639518 0.449757 0.297408 -0.602902 0.368524 0.639567 0.448742 0.297408 -0.602902 0.367546 0.639616 0.447758 0.297408 -0.602902 0.373412 0.639715 0.446789 0.296287 -0.623481 0.373412 0.639813 0.445820 0.296287 -0.623481 0.376344 
0.639518 0.449757 0.297408 -0.602902 0.368524 0.639567 0.448742 0.297408 -0.602902 0.367546 0.639616 0.447758 0.297408 -0.602902 0.373412 0.639715 0.446789 0.296287 -0.623481 0.373412 0.639813 0.445820 0.296287 -0.623481 0.376344 0.639887 0.444882 0.284723 -0.626912 0.387097 
0.639567 0.448742 0.297408 -0.602902 0.367546 0.639616 0.447758 0.297408 -0.602902 0.373412 0.639715 0.446789 0.296287 -0.623481 0.373412 0.639813 0.445820 0.296287 -0.623481 0.376344 0.639887 0.444882 0.284723 -0.626912 0.387097 0.640034 0.443975 0.284723 -0.626912 0.396872 
0.639616 0.447758 0.297408 -0.602902 0.373412 0.639715 0.446789 0.296287 -0.623481 0.373412 0.639813 0.445820 0.296287 -0.623481 0.376344 0.639887 0.444882 0.284723 -0.626912 0.387097 0.640034 0.443975 0.284723 -0.626912 0.396872 0.640157 0.443052 0.284723 -0.626912 0.405670 
0.639715 0.446789 0.296287 -0.623481 0.373412 0.639813 0.445820 0.296287 -0.623481 0.376344 0.639887 0.444882 0.284723 -0.626912 0.387097 0.640034 0.443975 0.284723 -0.626912 0.396872 0.640157 0.443052 0.284723 -0.626912 0.405670 0.640305 0.442114 0.284723 -0.626912 0.409580 
0.639813 0.445820 0.296287 -0.623481 0.376344 0.639887 0.444882 0.284723 -0.626912 0.387097 0.640034 0.443975 0.284723 -0.626912 0.396872 0.640157 0.443052 0.284723 -0.626912 0.405670 0.640305 0.442114 0.284723 -0.626912 0.409580 0.640527 0.441129 0.284723 -0.626912 0.415445 
0.639887 0.444882 0.284723 -0.626912 0.387097 0.640034 0.443975 0.284723 -0.626912 0.396872 0.640157 0.443052 0.284723 -0.626912 0.405670 0.640305 0.442114 0.284723 -0.626912 0.409580 0.640527 0.441129 0.284723 -0.626912 0.415445 0.640748 0.440130 0.284723 -0.626912 0.417400 
0.640034 0.443975 0.284723 -0.626912 0.396872 0.640157 0.443052 0.284723 -0.626912 0.405670 0.640305 0.442114 0.284723 -0.626912 0.409580 0.640527 0.441129 0.284723 -0.626912 0.415445 0.640748 0.440130 0.284723 -0.626912 0.417400 0.641019 0.439115 0.261115 -0.633292 0.420332 
0.640157 0.443052 0.284723 -0.626912 0.405670 0.640305 0.442114 0.284723 -0.626912 0.409580 0.640527 0.441129 0.284723 -0.626912 0.415445 0.640748 0.440130 0.284723 -0.626912 0.417400 0.641019 0.439115 0.261115 -0.633292 0.420332 0.641314 0.438100 0.261115 -0.633292 0.422287 
0.640305 0.442114 0.284723 -0.626912 0.409580 0.640527 0.441129 0.284723 -0.626912 0.415445 0.640748 0.440130 0.284723 -0.626912 0.417400 0.641019 0.439115 0.261115 -0.633292 0.420332 0.641314 0.438100 0.261115 -0.633292 0.422287 0.641560 0.437085 0.261115 -0.633292 0.427175 
0.640527 0.441129 0.284723 -0.626912 0.415445 0.640748 0.440130 0.284723 -0.626912 0.417400 0.641019 0.439115 0.261115 -0.633292 0.420332 0.641314 0.438100 0.261115 -0.633292 0.422287 0.641560 0.437085 0.261115 -0.633292 0.427175 0.641831 0.436008 0.261115 -0.633292 0.429130 
0.640748 0.440130 0.284723 -0.626912 0.417400 0.641019 0.439115 0.261115 -0.633292 0.420332 0.641314 0.438100 0.261115 -0.633292 0.422287 0.641560 0.437085 0.261115 -0.633292 0.427175 0.641831 0.436008 0.261115 -0.633292 0.429130 0.642175 0.434839 0.249080 -0.636243 0.434995 
0.641019 0.439115 0.261115 -0.633292 0.420332 0.641314 0.438100 0.261115 -0.633292 0.422287 0.641560 0.437085 0.261115 -0.633292 0.427175 0.641831 0.436008 0.261115 -0.633292 0.429130 0.642175 0.434839 0.249080 -0.636243 0.434995 0.642470 0.433609 0.249080 -0.636243 0.437928 
0.641314 0.438100 0.261115 -0.633292 0.422287 0.641560 0.437085 0.261115 -0.633292 0.427175 0.641831 0.436008 0.261115 -0.633292 0.429130 0.642175 0.434839 0.249080 -0.636243 0.434995 0.642470 0.433609 0.249080 -0.636243 0.437928 0.642790 0.432317 0.249080 -0.636243 0.440860 
0.641560 0.437085 0.261115 -0.633292 0.427175 0.641831 0.436008 0.261115 -0.633292 0.429130 0.642175 0.434839 0.249080 -0.636243 0.434995 0.642470 0.433609 0.249080 -0.636243 0.437928 0.642790 0.432317 0.249080 -0.636243 0.440860 0.643184 0.430995 0.249080 -0.636243 0.434995 
0.641831 0.436008 0.261115 -0.633292 0.429130 0.642175 0.434839 0.249080 -0.636243 0.434995 0.642470 0.433609 0.249080 -0.636243 0.437928 0.642790 0.432317 0.249080 -0.636243 0.440860 0.643184 0.430995 0.249080 -0.636243 0.434995 0.643504 0.429672 0.228784 -0.621828 0.433040 
0.642175 0.434839 0.249080 -0.636243 0.434995 0.642470 0.433609 0.249080 -0.636243 0.437928 0.642790 0.432317 0.249080 -0.636243 0.440860 0.643184 0.430995 0.249080 -0.636243 0.434995 0.643504 0.429672 0.228784 -0.621828 0.433040 0.643775 0.428334 0.228784 -0.621828 0.431085 
0.642470 0.433609 0.249080 -0.636243 0.437928 0.642790 0.432317 0.249080 -0.636243 0.440860 0.643184 0.430995 0.249080 -0.636243 0.434995 0.643504 0.429672 0.228784 -0.621828 0.433040 0.643775 0.428334 0.228784 -0.621828 0.431085 0.644119 0.427027 0.224573 -0.641673 0.434995 
0.642790 0.432317 0.249080 -0.636243 0.440860 0.643184 0.430995 0.249080 -0.636243 0.434995 0.643504 0.429672 0.228784 -0.621828 0.433040 0.643775 0.428334 0.228784 -0.621828 0.431085 0.644119 0.427027 0.224573 -0.641673 0.434995 0.644980 0.423382 0.212112 -0.644154 0.430108 
0.643184 0.430995 0.249080 -0.636243 0.434995 0.643504 0.429672 0.228784 -0.621828 0.433040 0.643775 0.428334 0.228784 -0.621828 0.431085 0.644119 0.427027 0.224573 -0.641673 0.434995 0.644980 0.423382 0.212112 -0.644154 0.430108 0.644390 0.425735 0.224573 -0.641673 0.431085 
0.643504 0.429672 0.228784 -0.621828 0.433040 0.643775 0.428334 0.228784 -0.621828 0.431085 0.644119 0.427027 0.224573 -0.641673 0.434995 0.644980 0.423382 0.212112 -0.644154 0.430108 0.644390 0.425735 0.224573 -0.641673 0.431085 0.644660 0.424520 0.224573 -0.641673 0.430108 
0.643775 0.428334 0.228784 -0.621828 0.431085 0.644119 0.427027 0.224573 -0.641673 0.434995 0.644980 0.423382 0.212112 -0.644154 0.430108 0.644390 0.425735 0.224573 -0.641673 0.431085 0.644660 0.424520 0.224573 -0.641673 0.430108 0.645251 0.422321 0.212112 -0.644154 0.430108 
0.644119 0.427027 0.224573 -0.641673 0.434995 0.644980 0.423382 0.212112 -0.644154 0.430108 0.644390 0.425735 0.224573 -0.641673 0.431085 0.644660 0.424520 0.224573 -0.641673 0.430108 0.645251 0.422321 0.212112 -0.644154 0.430108 0.645448 0.421337 0.212112 -0.644154 0.431085 
0.644980 0.423382 0.212112 -0.644154 0.430108 0.644390 0.425735 0.224573 -0.641673 0.431085 0.644660 0.424520 0.224573 -0.641673 0.430108 0.645251 0.422321 0.212112 -0.644154 0.430108 0.645448 0.421337 0.212112 -0.644154 0.431085 0.645669 0.420414 0.212112 -0.644154 0.429130 
0.644390 0.425735 0.224573 -0.641673 0.431085 0.644660 0.424520 0.224573 -0.641673 0.430108 0.645251 0.422321 0.212112 -0.644154 0.430108 0.645448 0.421337 0.212112 -0.644154 0.431085 0.645669 0.420414 0.212112 -0.644154 0.429130 0.645866 0.419522 0.212112 -0.644154 0.434018 
0.644660 0.424520 0.224573 -0.641673 0.430108 0.645251 0.422321 0.212112 -0.644154 0.430108 0.645448 0.421337 0.212112 -0.644154 0.431085 0.645669 0.420414 0.212112 -0.644154 0.429130 0.645866 0.419522 0.212112 -0.644154 0.434018 0.646088 0.418615 0.212112 -0.644154 0.434018 
0.645251 0.422321 0.212112 -0.644154 0.430108 0.645448 0.421337 0.212112 -0.644154 0.431085 0.645669 0.420414 0.212112 -0.644154 0.429130 0.645866 0.419522 0.212112 -0.644154 0.434018 0.646088 0.418615 0.212112 -0.644154 0.434018 0.646309 0.417738 0.186806 -0.648651 0.437928 
0.645448 0.421337 0.212112 -0.644154 0.431085 0.645669 0.420414 0.212112 -0.644154 0.429130 0.645866 0.419522 0.212112 -0.644154 0.434018 0.646088 0.418615 0.212112 -0.644154 0.434018 0.646309 0.417738 0.186806 -0.648651 0.437928 0.646506 0.416877 0.193454 -0.665979 0.439883 
0.645669 0.420414 0.212112 -0.644154 0.429130 0.645866 0.419522 0.212112 -0.644154 0.434018 0.646088 0.418615 0.212112 -0.644154 0.434018 0.646309 0.417738 0.186806 -0.648651 0.437928 0.646506 0.416877 0.193454 -0.665979 0.439883 0.646678 0.416077 0.193454 -0.665979 0.442815 
0.645866 0.419522 0.212112 -0.644154 0.434018 0.646088 0.418615 0.212112 -0.644154 0.434018 0.646309 0.417738 0.186806 -0.648651 0.437928 0.646506 0.416877 0.193454 -0.665979 0.439883 0.646678 0.416077 0.193454 -0.665979 0.442815 0.646826 0.415293 0.193454 -0.665979 0.443793 
0.646088 0.418615 0.212112 -0.644154 0.434018 0.646309 0.417738 0.186806 -0.648651 0.437928 0.646506 0.416877 0.193454 -0.665979 0.439883 0.646678 0.416077 0.193454 -0.665979 0.442815 0.646826 0.415293 0.193454 -0.665979 0.443793 0.646998 0.414493 0.193454 -0.665979 0.447703 
0.646309 0.417738 0.186806 -0.648651 0.437928 0.646506 0.416877 0.193454 -0.665979 0.439883 0.646678 0.416077 0.193454 -0.665979 0.442815 0.646826 0.415293 0.193454 -0.665979 0.443793 0.646998 0.414493 0.193454 -0.665979 0.447703 0.647146 0.413678 0.193454 -0.665979 0.449658 
0.646506 0.416877 0.193454 -0.665979 0.439883 0.646678 0.416077 0.193454 -0.665979 0.442815 0.646826 0.415293 0.193454 -0.665979 0.443793 0.646998 0.414493 0.193454 -0.665979 0.447703 0.647146 0.413678 0.193454 -0.665979 0.449658 0.647343 0.412894 0.193454 -0.665979 0.457478 
0.646678 0.416077 0.193454 -0.665979 0.442815 0.646826 0.415293 0.193454 -0.665979 0.443793 0.646998 0.414493 0.193454 -0.665979 0.447703 0.647146 0.413678 0.193454 -0.665979 0.449658 0.647343 0.412894 0.193454 -0.665979 0.457478 0.647539 0.412125 0.180186 -0.668016 0.455523 
0.646826 0.415293 0.193454 -0.665979 0.443793 0.646998 0.414493 0.193454 -0.665979 0.447703 0.647146 0.413678 0.193454 -0.665979 0.449658 0.647343 0.412894 0.193454 -0.665979 0.457478 0.647539 0.412125 0.180186 -0.668016 0.455523 0.647687 0.411356 0.180186 -0.668016 0.450635 
0.646998 0.414493 0.193454 -0.665979 0.447703 0.647146 0.413678 0.193454 -0.665979 0.449658 0.647343 0.412894 0.193454 -0.665979 0.457478 0.647539 0.412125 0.180186 -0.668016 0.455523 0.647687 0.411356 0.180186 -0.668016 0.450635 0.647835 0.410618 0.180186 -0.668016 0.456501 
0.647146 0.413678 0.193454 -0.665979 0.449658 0.647343 0.412894 0.193454 -0.665979 0.457478 0.647539 0.412125 0.180186 -0.668016 0.455523 0.647687 0.411356 0.180186 -0.668016 0.450635 0.647835 0.410618 0.180186 -0.668016 0.456501 0.648007 0.409864 0.180186 -0.668016 0.464321 
0.647343 0.412894 0.193454 -0.665979 0.457478 0.647539 0.412125 0.180186 -0.668016 0.455523 0.647687 0.411356 0.180186 -0.668016 0.450635 0.647835 0.410618 0.180186 -0.668016 0.456501 0.648007 0.409864 0.180186 -0.668016 0.464321 0.648204 0.409157 0.180186 -0.668016 0.462366 
0.647539 0.412125 0.180186 -0.668016 0.455523 0.647687 0.411356 0.180186 -0.668016 0.450635 0.647835 0.410618 0.180186 -0.668016 0.456501 0.648007 0.409864 0.180186 -0.668016 0.464321 0.648204 0.409157 0.180186 -0.668016 0.462366 0.648376 0.408495 0.180186 -0.668016 0.465298 
0.647687 0.411356 0.180186 -0.668016 0.450635 0.647835 0.410618 0.180186 -0.668016 0.456501 0.648007 0.409864 0.180186 -0.668016 0.464321 0.648204 0.409157 0.180186 -0.668016 0.462366 0.648376 0.408495 0.180186 -0.668016 0.465298 0.648499 0.407911 0.180186 -0.668016 0.466276 
0.647835 0.410618 0.180186 -0.668016 0.456501 0.648007 0.409864 0.180186 -0.668016 0.464321 0.648204 0.409157 0.180186 -0.668016 0.462366 0.648376 0.408495 0.180186 -0.668016 0.465298 0.648499 0.407911 0.180186 -0.668016 0.466276 0.648622 0.407373 0.180186 -0.668016 0.472141 
0.648007 0.409864 0.180186 -0.668016 0.464321 0.648204 0.409157 0.180186 -0.668016 0.462366 0.648376 0.408495 0.180186 -0.668016 0.465298 0.648499 0.407911 0.180186 -0.668016 0.466276 0.648622 0.407373 0.180186 -0.668016 0.472141 0.648696 0.406850 0.180186 -0.668016 0.470186 
0.648204 0.409157 0.180186 -0.668016 0.462366 0.648376 0.408495 0.180186 -0.668016 0.465298 0.648499 0.407911 0.180186 -0.668016 0.466276 0.648622 0.407373 0.180186 -0.668016 0.472141 0.648696 0.406850 0.180186 -0.668016 0.470186 0.648819 0.406388 0.153302 -0.671627 0.471163 
0.648376 0.408495 0.180186 -0.668016 0.465298 0.648499 0.407911 0.180186 -0.668016 0.466276 0.648622 0.407373 0.180186 -0.668016 0.472141 0.648696 0.406850 0.180186 -0.668016 0.470186 0.648819 0.406388 0.153302 -0.671627 0.471163 0.648942 0.406004 0.153302 -0.671627 0.468231 
0.648499 0.407911 0.180186 -0.668016 0.466276 0.648622 0.407373 0.180186 -0.668016 0.472141 0.648696 0.406850 0.180186 -0.668016 0.470186 0.648819 0.406388 0.153302 -0.671627 0.471163 0.648942 0.406004 0.153302 -0.671627 0.468231 0.649016 0.405696 0.153302 -0.671627 0.470186 
0.648622 0.407373 0.180186 -0.668016 0.472141 0.648696 0.406850 0.180186 -0.668016 0.470186 0.648819 0.406388 0.153302 -0.671627 0.471163 0.648942 0.406004 0.153302 -0.671627 0.468231 0.649016 0.405696 0.153302 -0.671627 0.470186 0.649040 0.405435 0.153302 -0.671627 0.466276 
0.648696 0.406850 0.180186 -0.668016 0.470186 0.648819 0.406388 0.153302 -0.671627 0.471163 0.648942 0.406004 0.153302 -0.671627 0.468231 0.649016 0.405696 0.153302 -0.671627 0.470186 0.649040 0.405435 0.153302 -0.671627 0.466276 0.649090 0.405220 0.153302 -0.671627 0.467253 
0.648819 0.406388 0.153302 -0.671627 0.471163 0.648942 0.406004 0.153302 -0.671627 0.468231 0.649016 0.405696 0.153302 -0.671627 0.470186 0.649040 0.405435 0.153302 -0.671627 0.466276 0.649090 0.405220 0.153302 -0.671627 0.467253 0.649163 0.405035 0.153302 -0.671627 0.465298 
0.648942 0.406004 0.153302 -0.671627 0.468231 0.649016 0.405696 0.153302 -0.671627 0.470186 0.649040 0.405435 0.153302 -0.671627 0.466276 0.649090 0.405220 0.153302 -0.671627 0.467253 0.649163 0.405035 0.153302 -0.671627 0.465298 0.649188 0.404881 0.153302 -0.671627 0.464321 
0.649016 0.405696 0.153302 -0.671627 0.470186 0.649040 0.405435 0.153302 -0.671627 0.466276 0.649090 0.405220 0.153302 -0.671627 0.467253 0.649163 0.405035 0.153302 -0.671627 0.465298 0.649188 0.404881 0.153302 -0.671627 0.464321 0.649237 0.404743 0.134846 -0.655812 0.443793 
0.649040 0.405435 0.153302 -0.671627 0.466276 0.649090 0.405220 0.153302 -0.671627 0.467253 0.649163 0.405035 0.153302 -0.671627 0.465298 0.649188 0.404881 0.153302 -0.671627 0.464321 0.649237 0.404743 0.134846 -0.655812 0.443793 0.649237 0.404820 0.153302 -0.671627 0.457478 
0.649090 0.405220 0.153302 -0.671627 0.467253 0.649163 0.405035 0.153302 -0.671627 0.465298 0.649188 0.404881 0.153302 -0.671627 0.464321 0.649237 0.404743 0.134846 -0.655812 0.443793 0.649237 0.404820 0.153302 -0.671627 0.457478 0.649237 0.404774 0.134846 -0.655812 0.453568 
0.649163 0.405035 0.153302 -0.671627 0.465298 0.649188 0.404881 0.153302 -0.671627 0.464321 0.649237 0.404743 0.134846 -0.655812 0.443793 0.649237 0.404820 0.153302 -0.671627 0.457478 0.649237 0.404774 0.134846 -0.655812 0.453568 0.649237 0.404789 0.139702 -0.673203 0.270772 
0.649188 0.404881 0.153302 -0.671627 0.464321 0.649237 0.404743 0.134846 -0.655812 0.443793 0.649237 0.404820 0.153302 -0.671627 0.457478 0.649237 0.404774 0.134846 -0.655812 0.453568 0.649237 0.404789 0.139702 -0.673203 0.270772 0.649237 0.405020 0.139702 -0.673203 0.230694 
0.649237 0.404743 0.134846 -0.655812 0.443793 0.649237 0.404820 0.153302 -0.671627 0.457478 0.649237 0.404774 0.134846 -0.655812 0.453568 0.649237 0.404789 0.139702 -0.673203 0.270772 0.649237 0.405020 0.139702 -0.673203 0.230694 0.649237 0.405358 0.139702 -0.673203 0.192571 
0.649237 0.404820 0.153302 -0.671627 0.457478 0.649237 0.404774 0.134846 -0.655812 0.453568 0.649237 0.404789 0.139702 -0.673203 0.270772 0.649237 0.405020 0.139702 -0.673203 0.230694 0.649237 0.405358 0.139702 -0.673203 0.192571 0.649237 0.405866 0.139702 -0.673203 0.156403 
0.649237 0.404774 0.134846 -0.655812 0.453568 0.649237 0.404789 0.139702 -0.673203 0.270772 0.649237 0.405020 0.139702 -0.673203 0.230694 0.649237 0.405358 0.139702 -0.673203 0.192571 0.649237 0.405866 0.139702 -0.673203 0.156403 0.649065 0.406527 0.139702 -0.673203 0.124145 
0.649237 0.404789 0.139702 -0.673203 0.270772 0.649237 0.405020 0.139702 -0.673203 0.230694 0.649237 0.405358 0.139702 -0.673203 0.192571 0.649237 0.405866 0.139702 -0.673203 0.156403 0.649065 0.406527 0.139702 -0.673203 0.124145 0.648819 0.407388 0.139702 -0.673203 0.100684 
0.649237 0.405020 0.139702 -0.673203 0.230694 0.649237 0.405358 0.139702 -0.673203 0.192571 0.649237 0.405866 0.139702 -0.673203 0.156403 0.649065 0.406527 0.139702 -0.673203 0.124145 0.648819 0.407388 0.139702 -0.673203 0.100684 0.648474 0.408434 0.139702 -0.673203 0.054741 
0.649237 0.405358 0.139702 -0.673203 0.192571 0.649237 0.405866 0.139702 -0.673203 0.156403 0.649065 0.406527 0.139702 -0.673203 0.124145 0.648819 0.407388 0.139702 -0.673203 0.100684 0.648474 0.408434 0.139702 -0.673203 0.054741 0.647662 0.411156 0.139702 -0.673203 0.000000 
0.649237 0.405866 0.139702 -0.673203 0.156403 0.649065 0.406527 0.139702 -0.673203 0.124145 0.648819 0.407388 0.139702 -0.673203 0.100684 0.648474 0.408434 0.139702 -0.673203 0.054741 0.647662 0.411156 0.139702 -0.673203 0.000000 0.647195 0.412801 0.139702 -0.673203 0.000000 
0.649065 0.406527 0.139702 -0.673203 0.124145 0.648819 0.407388 0.139702 -0.673203 0.100684 0.648474 0.408434 0.139702 -0.673203 0.054741 0.647662 0.411156 0.139702 -0.673203 0.000000 0.647195 0.412801 0.139702 -0.673203 0.000000 0.646752 0.414647 0.139702 -0.673203 0.000000 
0.648819 0.407388 0.139702 -0.673203 0.100684 0.648474 0.408434 0.139702 -0.673203 0.054741 0.647662 0.411156 0.139702 -0.673203 0.000000 0.647195 0.412801 0.139702 -0.673203 0.000000 0.646752 0.414647 0.139702 -0.673203 0.000000 0.646358 0.416677 0.158760 -0.689016 0.000000 
0.648474 0.408434 0.139702 -0.673203 0.054741 0.647662 0.411156 0.139702 -0.673203 0.000000 0.647195 0.412801 0.139702 -0.673203 0.000000 0.646752 0.414647 0.139702 -0.673203 0.000000 0.646358 0.416677 0.158760 -0.689016 0.000000 0.646014 0.418876 0.158760 -0.689016 0.000000 
0.647662 0.411156 0.139702 -0.673203 0.000000 0.647195 0.412801 0.139702 -0.673203 0.000000 0.646752 0.414647 0.139702 -0.673203 0.000000 0.646358 0.416677 0.158760 -0.689016 0.000000 0.646014 0.418876 0.158760 -0.689016 0.000000 0.645718 0.421198 0.158760 -0.689016 0.000000 
0.647195 0.412801 0.139702 -0.673203 0.000000 0.646752 0.414647 0.139702 -0.673203 0.000000 0.646358 0.416677 0.158760 -0.689016 0.000000 0.646014 0.418876 0.158760 -0.689016 0.000000 0.645718 0.421198 0.158760 -0.689016 0.000000 0.645472 0.423659 0.158760 -0.689016 0.000000 
0.646752 0.414647 0.139702 -0.673203 0.000000 0.646358 0.416677 0.158760 -0.689016 0.000000 0.646014 0.418876 0.158760 -0.689016 0.000000 0.645718 0.421198 0.158760 -0.689016 0.000000 0.645472 0.423659 0.158760 -0.689016 0.000000 0.645276 0.426258 0.172720 -0.687274 0.000000 
0.646358 0.416677 0.158760 -0.689016 0.000000 0.646014 0.418876 0.158760 -0.689016 0.000000 0.645718 0.421198 0.158760 -0.689016 0.000000 0.645472 0.423659 0.158760 -0.689016 0.000000 0.645276 0.426258 0.172720 -0.687274 0.000000 0.645177 0.428949 0.172720 -0.687274 0.000000 
0.646014 0.418876 0.158760 -0.689016 0.000000 0.645718 0.421198 0.158760 -0.689016 0.000000 0.645472 0.423659 0.158760 -0.689016 0.000000 0.645276 0.426258 0.172720 -0.687274 0.000000 0.645177 0.428949 0.172720 -0.687274 0.000000 0.644882 0.431733 0.186561 -0.685377 0.000000 
0.645718 0.421198 0.158760 -0.689016 0.000000 0.645472 0.423659 0.158760 -0.689016 0.000000 0.645276 0.426258 0.172720 -0.687274 0.000000 0.645177 0.428949 0.172720 -0.687274 0.000000 0.644882 0.431733 0.186561 -0.685377 0.000000 0.644660 0.434547 0.186561 -0.685377 0.000000 
0.645472 0.423659 0.158760 -0.689016 0.000000 0.645276 0.426258 0.172720 -0.687274 0.000000 0.645177 0.428949 0.172720 -0.687274 0.000000 0.644882 0.431733 0.186561 -0.685377 0.000000 0.644660 0.434547 0.186561 -0.685377 0.000000 0.643356 0.443052 0.228955 -0.715834 0.000000 
0.645276 0.426258 0.172720 -0.687274 0.000000 0.645177 0.428949 0.172720 -0.687274 0.000000 0.644882 0.431733 0.186561 -0.685377 0.000000 0.644660 0.434547 0.186561 -0.685377 0.000000 0.643356 0.443052 0.228955 -0.715834 0.000000 0.644341 0.437377 0.193110 -0.702754 0.000000 
0.645177 0.428949 0.172720 -0.687274 0.000000 0.644882 0.431733 0.186561 -0.685377 0.000000 0.644660 0.434547 0.186561 -0.685377 0.000000 0.643356 0.443052 0.228955 -0.715834 0.000000 0.644341 0.437377 0.193110 -0.702754 0.000000 0.643898 0.440207 0.207279 -0.700688 0.000000 
0.644882 0.431733 0.186561 -0.685377 0.000000 0.644660 0.434547 0.186561 -0.685377 0.000000 0.643356 0.443052 0.228955 -0.715834 0.000000 0.644341 0.437377 0.193110 -0.702754 0.000000 0.643898 0.440207 0.207279 -0.700688 0.000000 0.642741 0.445897 0.221881 -0.735469 0.000000 
0.644660 0.434547 0.186561 -0.685377 0.000000 0.643356 0.443052 0.228955 -0.715834 0.000000 0.644341 0.437377 0.193110 -0.702754 0.000000 0.643898 0.440207 0.207279 -0.700688 0.000000 0.642741 0.445897 0.221881 -0.735469 0.000000 0.641978 0.448742 0.236824 -0.733224 0.000000 
0.643356 0.443052 0.228955 -0.715834 0.000000 0.644341 0.437377 0.193110 -0.702754 0.000000 0.643898 0.440207 0.207279 -0.700688 0.000000 0.642741 0.445897 0.221881 -0.735469 0.000000 0.641978 0.448742 0.236824 -0.733224 0.000000 0.641142 0.451587 0.260148 -0.748221 0.000000 
0.644341 0.437377 0.193110 -0.702754 0.000000 0.643898 0.440207 0.207279 -0.700688 0.000000 0.642741 0.445897 0.221881 -0.735469 0.000000 0.641978 0.448742 0.236824 -0.733224 0.000000 0.641142 0.451587 0.260148 -0.748221 0.000000 0.640157 0.454432 0.275177 -0.745644 0.000000 
0.643898 0.440207 0.207279 -0.700688 0.000000 0.642741 0.445897 0.221881 -0.735469 0.000000 0.641978 0.448742 0.236824 -0.733224 0.000000 0.641142 0.451587 0.260148 -0.748221 0.000000 0.640157 0.454432 0.275177 -0.745644 0.000000 0.639075 0.457247 0.275177 -0.745644 0.000000 
0.642741 0.445897 0.221881 -0.735469 0.000000 0.641978 0.448742 0.236824 -0.733224 0.000000 0.641142 0.451587 0.260148 -0.748221 0.000000 0.640157 0.454432 0.275177 -0.745644 0.000000 0.639075 0.457247 0.275177 -0.745644 0.000000 0.637869 0.460061 0.280562 -0.725516 0.000000 
0.641978 0.448742 0.236824 -0.733224 0.000000 0.641142 0.451587 0.260148 -0.748221 0.000000 0.640157 0.454432 0.275177 -0.745644 0.000000 0.639075 0.457247 0.275177 -0.745644 0.000000 0.637869 0.460061 0.280562 -0.725516 0.000000 0.636639 0.462875 0.304613 -0.739993 0.000000 
0.641142 0.451587 0.260148 -0.748221 0.000000 0.640157 0.454432 0.275177 -0.745644 0.000000 0.639075 0.457247 0.275177 -0.745644 0.000000 0.637869 0.460061 0.280562 -0.725516 0.000000 0.636639 0.462875 0.304613 -0.739993 0.000000 0.635335 0.465690 0.294754 -0.722618 0.000000 
0.640157 0.454432 0.275177 -0.745644 0.000000 0.639075 0.457247 0.275177 -0.745644 0.000000 0.637869 0.460061 0.280562 -0.725516 0.000000 0.636639 0.462875 0.304613 -0.739993 0.000000 0.635335 0.465690 0.294754 -0.722618 0.000000 0.633907 0.468473 0.301996 -0.681744 0.000000 
0.639075 0.457247 0.275177 -0.745644 0.000000 0.637869 0.460061 0.280562 -0.725516 0.000000 0.636639 0.462875 0.304613 -0.739993 0.000000 0.635335 0.465690 0.294754 -0.722618 0.000000 0.633907 0.468473 0.301996 -0.681744 0.000000 0.632406 0.471226 0.292105 -0.664516 0.000000 
0.637869 0.460061 0.280562 -0.725516 0.000000 0.636639 0.462875 0.304613 -0.739993 0.000000 0.635335 0.465690 0.294754 -0.722618 0.000000 0.633907 0.468473 0.301996 -0.681744 0.000000 0.632406 0.471226 0.292105 -0.664516 0.000000 0.630856 0.473948 0.284723 -0.626912 0.000000 
0.636639 0.462875 0.304613 -0.739993 0.000000 0.635335 0.465690 0.294754 -0.722618 0.000000 0.633907 0.468473 0.301996 -0.681744 0.000000 0.632406 0.471226 0.292105 -0.664516 0.000000 0.630856 0.473948 0.284723 -0.626912 0.000000 0.629257 0.476701 0.276606 -0.589468 0.000000 
0.635335 0.465690 0.294754 -0.722618 0.000000 0.633907 0.468473 0.301996 -0.681744 0.000000 0.632406 0.471226 0.292105 -0.664516 0.000000 0.630856 0.473948 0.284723 -0.626912 0.000000 0.629257 0.476701 0.276606 -0.589468 0.000000 0.627608 0.479454 0.277454 -0.569080 0.000000 
0.633907 0.468473 0.301996 -0.681744 0.000000 0.632406 0.471226 0.292105 -0.664516 0.000000 0.630856 0.473948 0.284723 -0.626912 0.000000 0.629257 0.476701 0.276606 -0.589468 0.000000 0.627608 0.479454 0.277454 -0.569080 0.000000 0.625886 0.482191 0.287710 -0.565475 0.000000 
0.619734 0.414109 0.279478 -0.667687 0.000000 0.620965 0.413493 0.279478 -0.667687 0.000000 0.622220 0.412878 0.279478 -0.667687 0.000000 0.623474 0.412279 0.279478 -0.667687 0.000000 0.624655 0.411679 0.279478 -0.667687 0.000000 0.625886 0.411094 0.282442 -0.647329 0.000000 
0.620965 0.413493 0.279478 -0.667687 0.000000 0.622220 0.412878 0.279478 -0.667687 0.000000 0.623474 0.412279 0.279478 -0.667687 0.000000 0.624655 0.411679 0.279478 -0.667687 0.000000 0.625886 0.411094 0.282442 -0.647329 0.000000 0.629478 0.409403 0.270190 -0.650471 0.000000 
0.622220 0.412878 0.279478 -0.667687 0.000000 0.623474 0.412279 0.279478 -0.667687 0.000000 0.624655 0.411679 0.279478 -0.667687 0.000000 0.625886 0.411094 0.282442 -0.647329 0.000000 0.629478 0.409403 0.270190 -0.650471 0.000000 0.627116 0.410510 0.282442 -0.647329 0.000000 
0.623474 0.412279 0.279478 -0.667687 0.000000 0.624655 0.411679 0.279478 -0.667687 0.000000 0.625886 0.411094 0.282442 -0.647329 0.000000 0.629478 0.409403 0.270190 -0.650471 0.000000 0.627116 0.410510 0.282442 -0.647329 0.000000 0.628297 0.409956 0.270190 -0.650471 0.000000 
0.624655 0.411679 0.279478 -0.667687 0.000000 0.625886 0.411094 0.282442 -0.647329 0.000000 0.629478 0.409403 0.270190 -0.650471 0.000000 0.627116 0.410510 0.282442 -0.647329 0.000000 0.628297 0.409956 0.270190 -0.650471 0.000000 0.630635 0.408880 0.261115 -0.633292 0.000000 
0.625886 0.411094 0.282442 -0.647329 0.000000 0.629478 0.409403 0.270190 -0.650471 0.000000 0.627116 0.410510 0.282442 -0.647329 0.000000 0.628297 0.409956 0.270190 -0.650471 0.000000 0.630635 0.408880 0.261115 -0.633292 0.000000 0.631767 0.408403 0.261115 -0.633292 0.000000 
0.629478 0.409403 0.270190 -0.650471 0.000000 0.627116 0.410510 0.282442 -0.647329 0.000000 0.628297 0.409956 0.270190 -0.650471 0.000000 0.630635 0.408880 0.261115 -0.633292 0.000000 0.631767 0.408403 0.261115 -0.633292 0.000000 0.632825 0.407942 0.261115 -0.633292 0.000000 
0.627116 0.410510 0.282442 -0.647329 0.000000 0.628297 0.409956 0.270190 -0.650471 0.000000 0.630635 0.408880 0.261115 -0.633292 0.000000 0.631767 0.408403 0.261115 -0.633292 0.000000 0.632825 0.407942 0.261115 -0.633292 0.000000 0.633858 0.407526 0.261115 -0.633292 0.000000 
0.628297 0.409956 0.270190 -0.650471 0.000000 0.630635 0.408880 0.261115 -0.633292 0.000000 0.631767 0.408403 0.261115 -0.633292 0.000000 0.632825 0.407942 0.261115 -0.633292 0.000000 0.633858 0.407526 0.261115 -0.633292 0.000000 0.634843 0.407157 0.261115 -0.633292 0.000000 
0.630635 0.408880 0.261115 -0.633292 0.000000 0.631767 0.408403 0.261115 -0.633292 0.000000 0.632825 0.407942 0.261115 -0.633292 0.000000 0.633858 0.407526 0.261115 -0.633292 0.000000 0.634843 0.407157 0.261115 -0.633292 0.000000 0.635753 0.406819 0.261115 -0.633292 0.000000 
0.631767 0.408403 0.261115 -0.633292 0.000000 0.632825 0.407942 0.261115 -0.633292 0.000000 0.633858 0.407526 0.261115 -0.633292 0.000000 0.634843 0.407157 0.261115 -0.633292 0.000000 0.635753 0.406819 0.261115 -0.633292 0.000000 0.636590 0.406511 0.261115 -0.633292 0.000000 
0.632825 0.407942 0.261115 -0.633292 0.000000 0.633858 0.407526 0.261115 -0.633292 0.000000 0.634843 0.407157 0.261115 -0.633292 0.000000 0.635753 0.406819 0.261115 -0.633292 0.000000 0.636590 0.406511 0.261115 -0.633292 0.000000 0.637352 0.406235 0.249080 -0.636243 0.000000 
0.633858 0.407526 0.261115 -0.633292 0.000000 0.634843 0.407157 0.261115 -0.633292 0.000000 0.635753 0.406819 0.261115 -0.633292 0.000000 0.636590 0.406511 0.261115 -0.633292 0.000000 0.637352 0.406235 0.249080 -0.636243 0.000000 0.638066 0.405989 0.249080 -0.636243 0.000000 
0.634843 0.407157 0.261115 -0.633292 0.000000 0.635753 0.406819 0.261115 -0.633292 0.000000 0.636590 0.406511 0.261115 -0.633292 0.000000 0.637352 0.406235 0.249080 -0.636243 0.000000 0.638066 0.405989 0.249080 -0.636243 0.000000 0.638730 0.405758 0.249080 -0.636243 0.000000 
0.635753 0.406819 0.261115 -0.633292 0.000000 0.636590 0.406511 0.261115 -0.633292 0.000000 0.637352 0.406235 0.249080 -0.636243 0.000000 0.638066 0.405989 0.249080 -0.636243 0.000000 0.638730 0.405758 0.249080 -0.636243 0.000000 0.639321 0.405558 0.249080 -0.636243 0.000000 
0.636590 0.406511 0.261115 -0.633292 0.000000 0.637352 0.406235 0.249080 -0.636243 0.000000 0.638066 0.405989 0.249080 -0.636243 0.000000 0.638730 0.405758 0.249080 -0.636243 0.000000 0.639321 0.405558 0.249080 -0.636243 0.000000 0.639838 0.405373 0.249080 -0.636243 0.000000 
0.637352 0.406235 0.249080 -0.636243 0.000000 0.638066 0.405989 0.249080 -0.636243 0.000000 0.638730 0.405758 0.249080 -0.636243 0.000000 0.639321 0.405558 0.249080 -0.636243 0.000000 0.639838 0.405373 0.249080 -0.636243 0.000000 0.640231 0.405220 0.249080 -0.636243 0.000000 
0.638066 0.405989 0.249080 -0.636243 0.000000 0.638730 0.405758 0.249080 -0.636243 0.000000 0.639321 0.405558 0.249080 -0.636243 0.000000 0.639838 0.405373 0.249080 -0.636243 0.000000 0.640231 0.405220 0.249080 -0.636243 0.000000 0.640551 0.405081 0.249080 -0.636243 0.000000 
0.638730 0.405758 0.249080 -0.636243 0.000000 0.639321 0.405558 0.249080 -0.636243 0.000000 0.639838 0.405373 0.249080 -0.636243 0.000000 0.640231 0.405220 0.249080 -0.636243 0.000000 0.640551 0.405081 0.249080 -0.636243 0.000000 0.640822 0.404958 0.249080 -0.636243 0.000000 
0.639321 0.405558 0.249080 -0.636243 0.000000 0.639838 0.405373 0.249080 -0.636243 0.000000 0.640231 0.405220 0.249080 -0.636243 0.000000 0.640551 0.405081 0.249080 -0.636243 0.000000 0.640822 0.404958 0.249080 -0.636243 0.000000 0.640994 0.404866 0.249080 -0.636243 0.000000 
0.639838 0.405373 0.249080 -0.636243 0.000000 0.640231 0.405220 0.249080 -0.636243 0.000000 0.640551 0.405081 0.249080 -0.636243 0.000000 0.640822 0.404958 0.249080 -0.636243 0.000000 0.640994 0.404866 0.249080 -0.636243 0.000000 0.641166 0.404804 0.249080 -0.636243 0.000000 
0.640231 0.405220 0.249080 -0.636243 0.000000 0.640551 0.405081 0.249080 -0.636243 0.000000 0.640822 0.404958 0.249080 -0.636243 0.000000 0.640994 0.404866 0.249080 -0.636243 0.000000 0.641166 0.404804 0.249080 -0.636243 0.000000 0.641265 0.404758 0.228784 -0.621828 0.000000 
0.640551 0.405081 0.249080 -0.636243 0.000000 0.640822 0.404958 0.249080 -0.636243 0.000000 0.640994 0.404866 0.249080 -0.636243 0.000000 0.641166 0.404804 0.249080 -0.636243 0.000000 0.641265 0.404758 0.228784 -0.621828 0.000000 0.641339 0.404712 0.228784 -0.621828 0.000000 
0.640822 0.404958 0.249080 -0.636243 0.000000 0.640994 0.404866 0.249080 -0.636243 0.000000 0.641166 0.404804 0.249080 -0.636243 0.000000 0.641265 0.404758 0.228784 -0.621828 0.000000 0.641339 0.404712 0.228784 -0.621828 0.000000 0.641388 0.404681 0.228784 -0.621828 0.000000 
0.640994 0.404866 0.249080 -0.636243 0.000000 0.641166 0.404804 0.249080 -0.636243 0.000000 0.641265 0.404758 0.228784 -0.621828 0.000000 0.641339 0.404712 0.228784 -0.621828 0.000000 0.641388 0.404681 0.228784 -0.621828 0.000000 0.641437 0.404666 0.228784 -0.621828 0.000000 
0.641166 0.404804 0.249080 -0.636243 0.000000 0.641265 0.404758 0.228784 -0.621828 0.000000 0.641339 0.404712 0.228784 -0.621828 0.000000 0.641388 0.404681 0.228784 -0.621828 0.000000 0.641437 0.404666 0.228784 -0.621828 0.000000 0.641486 0.404666 0.228784 -0.621828 0.000000 
0.641265 0.404758 0.228784 -0.621828 0.000000 0.641339 0.404712 0.228784 -0.621828 0.000000 0.641388 0.404681 0.228784 -0.621828 0.000000 0.641437 0.404666 0.228784 -0.621828 0.000000 0.641486 0.404666 0.228784 -0.621828 0.000000 0.641535 0.404666 0.228784 -0.621828 0.000000 
0.641339 0.404712 0.228784 -0.621828 0.000000 0.641388 0.404681 0.228784 -0.621828 0.000000 0.641437 0.404666 0.228784 -0.621828 0.000000 0.641486 0.404666 0.228784 -0.621828 0.000000 0.641535 0.404666 0.228784 -0.621828 0.000000 0.641535 0.404712 0.228784 -0.621828 0.025415 
0.641388 0.404681 0.228784 -0.621828 0.000000 0.641437 0.404666 0.228784 -0.621828 0.000000 0.641486 0.404666 0.228784 -0.621828 0.000000 0.641535 0.404666 0.228784 -0.621828 0.000000 0.641535 0.404712 0.228784 -0.621828 0.025415 0.641535 0.404789 0.228784 -0.621828 0.040078 
0.641437 0.404666 0.228784 -0.621828 0.000000 0.641486 0.404666 0.228784 -0.621828 0.000000 0.641535 0.404666 0.228784 -0.621828 0.000000 0.641535 0.404712 0.228784 -0.621828 0.025415 0.641535 0.404789 0.228784 -0.621828 0.040078 0.641462 0.404866 0.228784 -0.621828 0.056696 
0.641486 0.404666 0.228784 -0.621828 0.000000 0.641535 0.404666 0.228784 -0.621828 0.000000 0.641535 0.404712 0.228784 -0.621828 0.025415 0.641535 0.404789 0.228784 -0.621828 0.040078 0.641462 0.404866 0.228784 -0.621828 0.056696 0.641289 0.404958 0.249080 -0.636243 0.073314 
0.641535 0.404666 0.228784 -0.621828 0.000000 0.641535 0.404712 0.228784 -0.621828 0.025415 0.641535 0.404789 0.228784 -0.621828 0.040078 0.641462 0.404866 0.228784 -0.621828 0.056696 0.641289 0.404958 0.249080 -0.636243 0.073314 0.641166 0.405035 0.249080 -0.636243 0.086999 
0.641535 0.404712 0.228784 -0.621828 0.025415 0.641535 0.404789 0.228784 -0.621828 0.040078 0.641462 0.404866 0.228784 -0.621828 0.056696 0.641289 0.404958 0.249080 -0.636243 0.073314 0.641166 0.405035 0.249080 -0.636243 0.086999 0.640994 0.405143 0.249080 -0.636243 0.098729 
0.641535 0.404789 0.228784 -0.621828 0.040078 0.641462 0.404866 0.228784 -0.621828 0.056696 0.641289 0.404958 0.249080 -0.636243 0.073314 0.641166 0.405035 0.249080 -0.636243 0.086999 0.640994 0.405143 0.249080 -0.636243 0.098729 0.640773 0.405297 0.249080 -0.636243 0.110459 
0.641462 0.404866 0.228784 -0.621828 0.056696 0.641289 0.404958 0.249080 -0.636243 0.073314 0.641166 0.405035 0.249080 -0.636243 0.086999 0.640994 0.405143 0.249080 -0.636243 0.098729 0.640773 0.405297 0.249080 -0.636243 0.110459 0.640551 0.405450 0.249080 -0.636243 0.122190 
0.641289 0.404958 0.249080 -0.636243 0.073314 0.641166 0.405035 0.249080 -0.636243 0.086999 0.640994 0.405143 0.249080 -0.636243 0.098729 0.640773 0.405297 0.249080 -0.636243 0.110459 0.640551 0.405450 0.249080 -0.636243 0.122190 0.640256 0.405650 0.249080 -0.636243 0.130010 
0.641166 0.405035 0.249080 -0.636243 0.086999 0.640994 0.405143 0.249080 -0.636243 0.098729 0.640773 0.405297 0.249080 -0.636243 0.110459 0.640551 0.405450 0.249080 -0.636243 0.122190 0.640256 0.405650 0.249080 -0.636243 0.130010 0.639887 0.405866 0.249080 -0.636243 0.132942 
0.640994 0.405143 0.249080 -0.636243 0.098729 0.640773 0.405297 0.249080 -0.636243 0.110459 0.640551 0.405450 0.249080 -0.636243 0.122190 0.640256 0.405650 0.249080 -0.636243 0.130010 0.639887 0.405866 0.249080 -0.636243 0.132942 0.639468 0.406142 0.252241 -0.616148 0.137830 
0.640773 0.405297 0.249080 -0.636243 0.110459 0.640551 0.405450 0.249080 -0.636243 0.122190 0.640256 0.405650 0.249080 -0.636243 0.130010 0.639887 0.405866 0.249080 -0.636243 0.132942 0.639468 0.406142 0.252241 -0.616148 0.137830 0.638952 0.406450 0.252241 -0.616148 0.144673 
0.640551 0.405450 0.249080 -0.636243 0.122190 0.640256 0.405650 0.249080 -0.636243 0.130010 0.639887 0.405866 0.249080 -0.636243 0.132942 0.639468 0.406142 0.252241 -0.616148 0.137830 0.638952 0.406450 0.252241 -0.616148 0.144673 0.638410 0.406819 0.252241 -0.616148 0.150538 
0.640256 0.405650 0.249080 -0.636243 0.130010 0.639887 0.405866 0.249080 -0.636243 0.132942 0.639468 0.406142 0.252241 -0.616148 0.137830 0.638952 0.406450 0.252241 -0.616148 0.144673 0.638410 0.406819 0.252241 -0.616148 0.150538 0.637771 0.407219 0.252241 -0.616148 0.160313 
0.639887 0.405866 0.249080 -0.636243 0.132942 0.639468 0.406142 0.252241 -0.616148 0.137830 0.638952 0.406450 0.252241 -0.616148 0.144673 0.638410 0.406819 0.252241 -0.616148 0.150538 0.637771 0.407219 0.252241 -0.616148 0.160313 0.637033 0.407649 0.252241 -0.616148 0.170088 
0.639468 0.406142 0.252241 -0.616148 0.137830 0.638952 0.406450 0.252241 -0.616148 0.144673 0.638410 0.406819 0.252241 -0.616148 0.150538 0.637771 0.407219 0.252241 -0.616148 0.160313 0.637033 0.407649 0.252241 -0.616148 0.170088 0.636220 0.408126 0.252241 -0.616148 0.179863 
0.638952 0.406450 0.252241 -0.616148 0.144673 0.638410 0.406819 0.252241 -0.616148 0.150538 0.637771 0.407219 0.252241 -0.616148 0.160313 0.637033 0.407649 0.252241 -0.616148 0.170088 0.636220 0.408126 0.252241 -0.616148 0.179863 0.635310 0.408664 0.252241 -0.616148 0.189638 
0.638410 0.406819 0.252241 -0.616148 0.150538 0.637771 0.407219 0.252241 -0.616148 0.160313 0.637033 0.407649 0.252241 -0.616148 0.170088 0.636220 0.408126 0.252241 -0.616148 0.179863 0.635310 0.408664 0.252241 -0.616148 0.189638 0.634252 0.409280 0.243559 -0.599039 0.193548 
0.637771 0.407219 0.252241 -0.616148 0.160313 0.637033 0.407649 0.252241 -0.616148 0.170088 0.636220 0.408126 0.252241 -0.616148 0.179863 0.635310 0.408664 0.252241 -0.616148 0.189638 0.634252 0.409280 0.243559 -0.599039 0.193548 0.633046 0.409941 0.265731 -0.592814 0.203324 
0.637033 0.407649 0.252241 -0.616148 0.170088 0.636220 0.408126 0.252241 -0.616148 0.179863 0.635310 0.408664 0.252241 -0.616148 0.189638 0.634252 0.409280 0.243559 -0.599039 0.193548 0.633046 0.409941 0.265731 -0.592814 0.203324 0.631767 0.410648 0.265731 -0.592814 0.210166 
0.636220 0.408126 0.252241 -0.616148 0.179863 0.635310 0.408664 0.252241 -0.616148 0.189638 0.634252 0.409280 0.243559 -0.599039 0.193548 0.633046 0.409941 0.265731 -0.592814 0.203324 0.631767 0.410648 0.265731 -0.592814 0.210166 0.630340 0.411402 0.265731 -0.592814 0.224829 
0.635310 0.408664 0.252241 -0.616148 0.189638 0.634252 0.409280 0.243559 -0.599039 0.193548 0.633046 0.409941 0.265731 -0.592814 0.203324 0.631767 0.410648 0.265731 -0.592814 0.210166 0.630340 0.411402 0.265731 -0.592814 0.224829 0.628814 0.412171 0.265731 -0.592814 0.221896 
0.634252 0.409280 0.243559 -0.599039 0.193548 0.633046 0.409941 0.265731 -0.592814 0.203324 0.631767 0.410648 0.265731 -0.592814 0.210166 0.630340 0.411402 0.265731 -0.592814 0.224829 0.628814 0.412171 0.265731 -0.592814 0.221896 0.627215 0.412986 0.265731 -0.592814 0.217009 
0.631767 0.410648 0.265731 -0.592814 0.210166 0.630340 0.411402 0.265731 -0.592814 0.224829 0.628814 0.412171 0.265731 -0.592814 0.221896 0.627215 0.412986 0.265731 -0.592814 0.217009 0.621949 0.415585 0.265731 -0.592814 0.221896 0.625517 0.413847 0.265731 -0.592814 0.224829 
0.617667 0.410818 0.496565 -0.541732 0.000000 0.619439 0.410310 0.496565 -0.541732 0.000000 0.621088 0.409803 0.479928 -0.555234 0.000000 0.622589 0.409310 0.479928 -0.555234 0.000000 0.624016 0.408834 0.465407 -0.539315 0.000000 0.625345 0.408357 0.465407 -0.539315 0.000000 
0.619439 0.410310 0.496565 -0.541732 0.000000 0.621088 0.409803 0.479928 -0.555234 0.000000 0.622589 0.409310 0.479928 -0.555234 0.000000 0.624016 0.408834 0.465407 -0.539315 0.000000 0.625345 0.408357 0.465407 -0.539315 0.000000 0.626526 0.407911 0.465407 -0.539315 0.000000 
0.621088 0.409803 0.479928 -0.555234 0.000000 0.622589 0.409310 0.479928 -0.555234 0.000000 0.624016 0.408834 0.465407 -0.539315 0.000000 0.625345 0.408357 0.465407 -0.539315 0.000000 0.626526 0.407911 0.465407 -0.539315 0.000000 0.627657 0.407465 0.465407 -0.539315 0.000000 
0.622589 0.409310 0.479928 -0.555234 0.000000 0.624016 0.408834 0.465407 -0.539315 0.000000 0.625345 0.408357 0.465407 -0.539315 0.000000 0.626526 0.407911 0.465407 -0.539315 0.000000 0.627657 0.407465 0.465407 -0.539315 0.000000 0.628691 0.407065 0.465407 -0.539315 0.000000 
0.624016 0.408834 0.465407 -0.539315 0.000000 0.625345 0.408357 0.465407 -0.539315 0.000000 0.626526 0.407911 0.465407 -0.539315 0.000000 0.627657 0.407465 0.465407 -0.539315 0.000000 0.628691 0.407065 0.465407 -0.539315 0.000000 0.629700 0.406681 0.473653 -0.532770 0.000000 
0.625345 0.408357 0.465407 -0.539315 0.000000 0.626526 0.407911 0.465407 -0.539315 0.000000 0.627657 0.407465 0.465407 -0.539315 0.000000 0.628691 0.407065 0.465407 -0.539315 0.000000 0.629700 0.406681 0.473653 -0.532770 0.000000 0.630610 0.406327 0.451070 -0.523528 0.000000 
0.626526 0.407911 0.465407 -0.539315 0.000000 0.627657 0.407465 0.465407 -0.539315 0.000000 0.628691 0.407065 0.465407 -0.539315 0.000000 0.629700 0.406681 0.473653 -0.532770 0.000000 0.630610 0.406327 0.451070 -0.523528 0.000000 0.632899 0.405373 0.451070 -0.523528 0.000000 
0.627657 0.407465 0.465407 -0.539315 0.000000 0.628691 0.407065 0.465407 -0.539315 0.000000 0.629700 0.406681 0.473653 -0.532770 0.000000 0.630610 0.406327 0.451070 -0.523528 0.000000 0.632899 0.405373 0.451070 -0.523528 0.000000 0.631447 0.406004 0.451070 -0.523528 0.000000 
0.628691 0.407065 0.465407 -0.539315 0.000000 0.629700 0.406681 0.473653 -0.532770 0.000000 0.630610 0.406327 0.451070 -0.523528 0.000000 0.632899 0.405373 0.451070 -0.523528 0.000000 0.631447 0.406004 0.451070 -0.523528 0.000000 0.632210 0.405681 0.451070 -0.523528 0.000000 
0.629700 0.406681 0.473653 -0.532770 0.000000 0.630610 0.406327 0.451070 -0.523528 0.000000 0.632899 0.405373 0.451070 -0.523528 0.000000 0.631447 0.406004 0.451070 -0.523528 0.000000 0.632210 0.405681 0.451070 -0.523528 0.000000 0.633588 0.405097 0.451070 -0.523528 0.000000 
0.630610 0.406327 0.451070 -0.523528 0.000000 0.632899 0.405373 0.451070 -0.523528 0.000000 0.631447 0.406004 0.451070 -0.523528 0.000000 0.632210 0.405681 0.451070 -0.523528 0.000000 0.633588 0.405097 0.451070 -0.523528 0.000000 0.634695 0.404604 0.442817 -0.529780 0.000000 
0.632899 0.405373 0.451070 -0.523528 0.000000 0.631447 0.406004 0.451070 -0.523528 0.000000 0.632210 0.405681 0.451070 -0.523528 0.000000 0.633588 0.405097 0.451070 -0.523528 0.000000 0.634695 0.404604 0.442817 -0.529780 0.000000 0.634154 0.404835 0.442817 -0.529780 0.000000 
0.631447 0.406004 0.451070 -0.523528 0.000000 0.632210 0.405681 0.451070 -0.523528 0.000000 0.633588 0.405097 0.451070 -0.523528 0.000000 0.634695 0.404604 0.442817 -0.529780 0.000000 0.634154 0.404835 0.442817 -0.529780 0.000000 0.635162 0.404389 0.442817 -0.529780 0.000000 
0.632210 0.405681 0.451070 -0.523528 0.000000 0.633588 0.405097 0.451070 -0.523528 0.000000 0.634695 0.404604 0.442817 -0.529780 0.000000 0.634154 0.404835 0.442817 -0.529780 0.000000 0.635162 0.404389 0.442817 -0.529780 0.000000 0.635999 0.404005 0.420610 -0.519971 0.000000 
0.633588 0.405097 0.451070 -0.523528 0.000000 0.634695 0.404604 0.442817 -0.529780 0.000000 0.634154 0.404835 0.442817 -0.529780 0.000000 0.635162 0.404389 0.442817 -0.529780 0.000000 0.635999 0.404005 0.420610 -0.519971 0.000000 0.635581 0.404189 0.442817 -0.529780 0.000000 
0.634695 0.404604 0.442817 -0.529780 0.000000 0.634154 0.404835 0.442817 -0.529780 0.000000 0.635162 0.404389 0.442817 -0.529780 0.000000 0.635999 0.404005 0.420610 -0.519971 0.000000 0.635581 0.404189 0.442817 -0.529780 0.000000 0.636393 0.403851 0.420610 -0.519971 0.000000 
0.634154 0.404835 0.442817 -0.529780 0.000000 0.635162 0.404389 0.442817 -0.529780 0.000000 0.635999 0.404005 0.420610 -0.519971 0.000000 0.635581 0.404189 0.442817 -0.529780 0.000000 0.636393 0.403851 0.420610 -0.519971 0.000000 0.636762 0.403743 0.420610 -0.519971 0.000000 
0.635162 0.404389 0.442817 -0.529780 0.000000 0.635999 0.404005 0.420610 -0.519971 0.000000 0.635581 0.404189 0.442817 -0.529780 0.000000 0.636393 0.403851 0.420610 -0.519971 0.000000 0.636762 0.403743 0.420610 -0.519971 0.000000 0.637106 0.403682 0.420610 -0.519971 0.000000 
0.635999 0.404005 0.420610 -0.519971 0.000000 0.635581 0.404189 0.442817 -0.529780 0.000000 0.636393 0.403851 0.420610 -0.519971 0.000000 0.636762 0.403743 0.420610 -0.519971 0.000000 0.637106 0.403682 0.420610 -0.519971 0.000000 0.637402 0.403620 0.420610 -0.519971 0.000000 
0.635581 0.404189 0.442817 -0.529780 0.000000 0.636393 0.403851 0.420610 -0.519971 0.000000 0.636762 0.403743 0.420610 -0.519971 0.000000 0.637106 0.403682 0.420610 -0.519971 0.000000 0.637402 0.403620 0.420610 -0.519971 0.000000 0.637697 0.403574 0.420610 -0.519971 0.000000 
0.636393 0.403851 0.420610 -0.519971 0.000000 0.636762 0.403743 0.420610 -0.519971 0.000000 0.637106 0.403682 0.420610 -0.519971 0.000000 0.637402 0.403620 0.420610 -0.519971 0.000000 0.637697 0.403574 0.420610 -0.519971 0.000000 0.637943 0.403543 0.420610 -0.519971 0.000000 
0.636762 0.403743 0.420610 -0.519971 0.000000 0.637106 0.403682 0.420610 -0.519971 0.000000 0.637402 0.403620 0.420610 -0.519971 0.000000 0.637697 0.403574 0.420610 -0.519971 0.000000 0.637943 0.403543 0.420610 -0.519971 0.000000 0.638189 0.403543 0.420610 -0.519971 0.000000 
0.637106 0.403682 0.420610 -0.519971 0.000000 0.637402 0.403620 0.420610 -0.519971 0.000000 0.637697 0.403574 0.420610 -0.519971 0.000000 0.637943 0.403543 0.420610 -0.519971 0.000000 0.638189 0.403543 0.420610 -0.519971 0.000000 0.638410 0.403543 0.420610 -0.519971 0.000000 
0.637402 0.403620 0.420610 -0.519971 0.000000 0.637697 0.403574 0.420610 -0.519971 0.000000 0.637943 0.403543 0.420610 -0.519971 0.000000 0.638189 0.403543 0.420610 -0.519971 0.000000 0.638410 0.403543 0.420610 -0.519971 0.000000 0.638583 0.403543 0.420610 -0.519971 0.000000 
0.637697 0.403574 0.420610 -0.519971 0.000000 0.637943 0.403543 0.420610 -0.519971 0.000000 0.638189 0.403543 0.420610 -0.519971 0.000000 0.638410 0.403543 0.420610 -0.519971 0.000000 0.638583 0.403543 0.420610 -0.519971 0.000000 0.638755 0.403543 0.420610 -0.519971 0.000000 
0.637943 0.403543 0.420610 -0.519971 0.000000 0.638189 0.403543 0.420610 -0.519971 0.000000 0.638410 0.403543 0.420610 -0.519971 0.000000 0.638583 0.403543 0.420610 -0.519971 0.000000 0.638755 0.403543 0.420610 -0.519971 0.000000 0.638853 0.403543 0.420610 -0.519971 0.000000 
0.638189 0.403543 0.420610 -0.519971 0.000000 0.638410 0.403543 0.420610 -0.519971 0.000000 0.638583 0.403543 0.420610 -0.519971 0.000000 0.638755 0.403543 0.420610 -0.519971 0.000000 0.638853 0.403543 0.420610 -0.519971 0.000000 0.638976 0.403543 0.420610 -0.519971 0.000000 
0.638410 0.403543 0.420610 -0.519971 0.000000 0.638583 0.403543 0.420610 -0.519971 0.000000 0.638755 0.403543 0.420610 -0.519971 0.000000 0.638853 0.403543 0.420610 -0.519971 0.000000 0.638976 0.403543 0.420610 -0.519971 0.000000 0.639099 0.403543 0.420610 -0.519971 0.000000 
0.638583 0.403543 0.420610 -0.519971 0.000000 0.638755 0.403543 0.420610 -0.519971 0.000000 0.638853 0.403543 0.420610 -0.519971 0.000000 0.638976 0.403543 0.420610 -0.519971 0.000000 0.639099 0.403543 0.420610 -0.519971 0.000000 0.639173 0.403543 0.420610 -0.519971 0.018573 
0.638755 0.403543 0.420610 -0.519971 0.000000 0.638853 0.403543 0.420610 -0.519971 0.000000 0.638976 0.403543 0.420610 -0.519971 0.000000 0.639099 0.403543 0.420610 -0.519971 0.000000 0.639173 0.403543 0.420610 -0.519971 0.018573 0.639247 0.403543 0.420610 -0.519971 0.029326 
0.638853 0.403543 0.420610 -0.519971 0.000000 0.638976 0.403543 0.420610 -0.519971 0.000000 0.639099 0.403543 0.420610 -0.519971 0.000000 0.639173 0.403543 0.420610 -0.519971 0.018573 0.639247 0.403543 0.420610 -0.519971 0.029326 0.639296 0.403543 0.420610 -0.519971 0.037146 
0.638976 0.403543 0.420610 -0.519971 0.000000 0.639099 0.403543 0.420610 -0.519971 0.000000 0.639173 0.403543 0.420610 -0.519971 0.018573 0.639247 0.403543 0.420610 -0.519971 0.029326 0.639296 0.403543 0.420610 -0.519971 0.037146 0.639345 0.403543 0.420610 -0.519971 0.044966 
0.639099 0.403543 0.420610 -0.519971 0.000000 0.639173 0.403543 0.420610 -0.519971 0.018573 0.639247 0.403543 0.420610 -0.519971 0.029326 0.639296 0.403543 0.420610 -0.519971 0.037146 0.639345 0.403543 0.420610 -0.519971 0.044966 0.639370 0.403543 0.420610 -0.519971 0.060606 
0.639173 0.403543 0.420610 -0.519971 0.018573 0.639247 0.403543 0.420610 -0.519971 0.029326 0.639296 0.403543 0.420610 -0.519971 0.037146 0.639345 0.403543 0.420610 -0.519971 0.044966 0.639370 0.403543 0.420610 -0.519971 0.060606 0.639395 0.403543 0.420610 -0.519971 0.069404 
0.639247 0.403543 0.420610 -0.519971 0.029326 0.639296 0.403543 0.420610 -0.519971 0.037146 0.639345 0.403543 0.420610 -0.519971 0.044966 0.639370 0.403543 0.420610 -0.519971 0.060606 0.639395 0.403543 0.420610 -0.519971 0.069404 0.639395 0.403497 0.420610 -0.519971 0.098729 
0.639296 0.403543 0.420610 -0.519971 0.037146 0.639345 0.403543 0.420610 -0.519971 0.044966 0.639370 0.403543 0.420610 -0.519971 0.060606 0.639395 0.403543 0.420610 -0.519971 0.069404 0.639395 0.403497 0.420610 -0.519971 0.098729 0.639395 0.403451 0.420610 -0.519971 0.100684 
0.639345 0.403543 0.420610 -0.519971 0.044966 0.639370 0.403543 0.420610 -0.519971 0.060606 0.639395 0.403543 0.420610 -0.519971 0.069404 0.639395 0.403497 0.420610 -0.519971 0.098729 0.639395 0.403451 0.420610 -0.519971 0.100684 0.639395 0.403389 0.425761 -0.541753 0.102639 
0.639370 0.403543 0.420610 -0.519971 0.060606 0.639395 0.403543 0.420610 -0.519971 0.069404 0.639395 0.403497 0.420610 -0.519971 0.098729 0.639395 0.403451 0.420610 -0.519971 0.100684 0.639395 0.403389 0.425761 -0.541753 0.102639 0.639395 0.403328 0.420610 -0.519971 0.103617 
0.639395 0.403543 0.420610 -0.519971 0.069404 0.639395 0.403497 0.420610 -0.519971 0.098729 0.639395 0.403451 0.420610 -0.519971 0.100684 0.639395 0.403389 0.425761 -0.541753 0.102639 0.639395 0.403328 0.420610 -0.519971 0.103617 0.639395 0.403251 0.420610 -0.519971 0.106549 
0.639395 0.403497 0.420610 -0.519971 0.098729 0.639395 0.403451 0.420610 -0.519971 0.100684 0.639395 0.403389 0.425761 -0.541753 0.102639 0.639395 0.403328 0.420610 -0.519971 0.103617 0.639395 0.403251 0.420610 -0.519971 0.106549 0.639296 0.403190 0.420610 -0.519971 0.110459 
0.639395 0.403451 0.420610 -0.519971 0.100684 0.639395 0.403389 0.425761 -0.541753 0.102639 0.639395 0.403328 0.420610 -0.519971 0.103617 0.639395 0.403251 0.420610 -0.519971 0.106549 0.639296 0.403190 0.420610 -0.519971 0.110459 0.639124 0.403143 0.420610 -0.519971 0.115347 
0.639395 0.403389 0.425761 -0.541753 0.102639 0.639395 0.403328 0.420610 -0.519971 0.103617 0.639395 0.403251 0.420610 -0.519971 0.106549 0.639296 0.403190 0.420610 -0.519971 0.110459 0.639124 0.403143 0.420610 -0.519971 0.115347 0.638927 0.403067 0.420610 -0.519971 0.119257 
0.639395 0.403328 0.420610 -0.519971 0.103617 0.639395 0.403251 0.420610 -0.519971 0.106549 0.639296 0.403190 0.420610 -0.519971 0.110459 0.639124 0.403143 0.420610 -0.519971 0.115347 0.638927 0.403067 0.420610 -0.519971 0.119257 0.638706 0.403005 0.442817 -0.529780 0.123167 
0.639395 0.403251 0.420610 -0.519971 0.106549 0.639296 0.403190 0.420610 -0.519971 0.110459 0.639124 0.403143 0.420610 -0.519971 0.115347 0.638927 0.403067 0.420610 -0.519971 0.119257 0.638706 0.403005 0.442817 -0.529780 0.123167 0.638460 0.402944 0.442817 -0.529780 0.125122 
0.639296 0.403190 0.420610 -0.519971 0.110459 0.639124 0.403143 0.420610 -0.519971 0.115347 0.638927 0.403067 0.420610 -0.519971 0.119257 0.638706 0.403005 0.442817 -0.529780 0.123167 0.638460 0.402944 0.442817 -0.529780 0.125122 0.638189 0.402882 0.442817 -0.529780 0.129032 
0.639124 0.403143 0.420610 -0.519971 0.115347 0.638927 0.403067 0.420610 -0.519971 0.119257 0.638706 0.403005 0.442817 -0.529780 0.123167 0.638460 0.402944 0.442817 -0.529780 0.125122 0.638189 0.402882 0.442817 -0.529780 0.129032 0.637845 0.402836 0.442817 -0.529780 0.133920 
0.638927 0.403067 0.420610 -0.519971 0.119257 0.638706 0.403005 0.442817 -0.529780 0.123167 0.638460 0.402944 0.442817 -0.529780 0.125122 0.638189 0.402882 0.442817 -0.529780 0.129032 0.637845 0.402836 0.442817 -0.529780 0.133920 0.637475 0.402774 0.442817 -0.529780 0.141740 
0.638706 0.403005 0.442817 -0.529780 0.123167 0.638460 0.402944 0.442817 -0.529780 0.125122 0.638189 0.402882 0.442817 -0.529780 0.129032 0.637845 0.402836 0.442817 -0.529780 0.133920 0.637475 0.402774 0.442817 -0.529780 0.141740 0.637033 0.402713 0.442817 -0.529780 0.151515 
0.638460 0.402944 0.442817 -0.529780 0.125122 0.638189 0.402882 0.442817 -0.529780 0.129032 0.637845 0.402836 0.442817 -0.529780 0.133920 0.637475 0.402774 0.442817 -0.529780 0.141740 0.637033 0.402713 0.442817 -0.529780 0.151515 0.636540 0.402651 0.442817 -0.529780 0.154448 
0.638189 0.402882 0.442817 -0.529780 0.129032 0.637845 0.402836 0.442817 -0.529780 0.133920 0.637475 0.402774 0.442817 -0.529780 0.141740 0.637033 0.402713 0.442817 -0.529780 0.151515 0.636540 0.402651 0.442817 -0.529780 0.154448 0.635974 0.402574 0.442817 -0.529780 0.160313 
0.637845 0.402836 0.442817 -0.529780 0.133920 0.637475 0.402774 0.442817 -0.529780 0.141740 0.637033 0.402713 0.442817 -0.529780 0.151515 0.636540 0.402651 0.442817 -0.529780 0.154448 0.635974 0.402574 0.442817 -0.529780 0.160313 0.635310 0.402528 0.442817 -0.529780 0.165200 
0.637475 0.402774 0.442817 -0.529780 0.141740 0.637033 0.402713 0.442817 -0.529780 0.151515 0.636540 0.402651 0.442817 -0.529780 0.154448 0.635974 0.402574 0.442817 -0.529780 0.160313 0.635310 0.402528 0.442817 -0.529780 0.165200 0.634547 0.402482 0.442817 -0.529780 0.172043 
0.637033 0.402713 0.442817 -0.529780 0.151515 0.636540 0.402651 0.442817 -0.529780 0.154448 0.635974 0.402574 0.442817 -0.529780 0.160313 0.635310 0.402528 0.442817 -0.529780 0.165200 0.634547 0.402482 0.442817 -0.529780 0.172043 0.633711 0.402436 0.442817 -0.529780 0.172043 
0.636540 0.402651 0.442817 -0.529780 0.154448 0.635974 0.402574 0.442817 -0.529780 0.160313 0.635310 0.402528 0.442817 -0.529780 0.165200 0.634547 0.402482 0.442817 -0.529780 0.172043 0.633711 0.402436 0.442817 -0.529780 0.172043 0.632800 0.402390 0.442817 -0.529780 0.175953 
0.635974 0.402574 0.442817 -0.529780 0.160313 0.635310 0.402528 0.442817 -0.529780 0.165200 0.634547 0.402482 0.442817 -0.529780 0.172043 0.633711 0.402436 0.442817 -0.529780 0.172043 0.632800 0.402390 0.442817 -0.529780 0.175953 0.631791 0.402359 0.436911 -0.507869 0.177908 
0.635310 0.402528 0.442817 -0.529780 0.165200 0.634547 0.402482 0.442817 -0.529780 0.172043 0.633711 0.402436 0.442817 -0.529780 0.172043 0.632800 0.402390 0.442817 -0.529780 0.175953 0.631791 0.402359 0.436911 -0.507869 0.177908 0.630733 0.402313 0.436911 -0.507869 0.177908 
0.634547 0.402482 0.442817 -0.529780 0.172043 0.633711 0.402436 0.442817 -0.529780 0.172043 0.632800 0.402390 0.442817 -0.529780 0.175953 0.631791 0.402359 0.436911 -0.507869 0.177908 0.630733 0.402313 0.436911 -0.507869 0.177908 0.629577 0.402282 0.436911 -0.507869 0.181818 
0.633711 0.402436 0.442817 -0.529780 0.172043 0.632800 0.402390 0.442817 -0.529780 0.175953 0.631791 0.402359 0.436911 -0.507869 0.177908 0.630733 0.402313 0.436911 -0.507869 0.177908 0.629577 0.402282 0.436911 -0.507869 0.181818 0.628396 0.402251 0.436911 -0.507869 0.190616 
0.632800 0.402390 0.442817 -0.529780 0.175953 0.631791 0.402359 0.436911 -0.507869 0.177908 0.630733 0.402313 0.436911 -0.507869 0.177908 0.629577 0.402282 0.436911 -0.507869 0.181818 0.628396 0.402251 0.436911 -0.507869 0.190616 0.627215 0.402221 0.436911 -0.507869 0.193548 
0.631791 0.402359 0.436911 -0.507869 0.177908 0.630733 0.402313 0.436911 -0.507869 0.177908 0.629577 0.402282 0.436911 -0.507869 0.181818 0.628396 0.402251 0.436911 -0.507869 0.190616 0.627215 0.402221 0.436911 -0.507869 0.193548 0.625935 0.402190 0.436911 -0.507869 0.199413 
