0.616880 0.453894 -0.015852 0.031105 0.000000 0.618898 0.456662 -0.015852 0.031105 0.000000 0.620915 0.459461 -0.015852 0.031105 0.000000 0.623032 0.462199 -0.015852 0.031105 0.000000 0.624360 0.464951 -0.015852 0.031105 0.000000 0.625763 0.467581 -0.012342 0.012342 0.000000 
0.618898 0.456662 -0.015852 0.031105 0.000000 0.620915 0.459461 -0.015852 0.031105 0.000000 0.623032 0.462199 -0.015852 0.031105 0.000000 0.624360 0.464951 -0.015852 0.031105 0.000000 0.625763 0.467581 -0.012342 0.012342 0.000000 0.627042 0.470057 -0.012342 0.012342 0.000000 
0.620915 0.459461 -0.015852 0.031105 0.000000 0.623032 0.462199 -0.015852 0.031105 0.000000 0.624360 0.464951 -0.015852 0.031105 0.000000 0.625763 0.467581 -0.012342 0.012342 0.000000 0.627042 0.470057 -0.012342 0.012342 0.000000 0.628273 0.472379 0.000000 0.017453 0.000000 
0.623032 0.462199 -0.015852 0.031105 0.000000 0.624360 0.464951 -0.015852 0.031105 0.000000 0.625763 0.467581 -0.012342 0.012342 0.000000 0.627042 0.470057 -0.012342 0.012342 0.000000 0.628273 0.472379 0.000000 0.017453 0.000000 0.628273 0.474502 0.000000 0.017453 0.000000 
0.624360 0.464951 -0.015852 0.031105 0.000000 0.625763 0.467581 -0.012342 0.012342 0.000000 0.627042 0.470057 -0.012342 0.012342 0.000000 0.628273 0.472379 0.000000 0.017453 0.000000 0.628273 0.474502 0.000000 0.017453 0.000000 0.630044 0.476455 0.000000 0.017453 0.000000 
0.625763 0.467581 -0.012342 0.012342 0.000000 0.627042 0.470057 -0.012342 0.012342 0.000000 0.628273 0.472379 0.000000 0.017453 0.000000 0.628273 0.474502 0.000000 0.017453 0.000000 0.630044 0.476455 0.000000 0.017453 0.000000 0.631791 0.478254 0.000000 0.000000 0.000000 
0.627042 0.470057 -0.012342 0.012342 0.000000 0.628273 0.472379 0.000000 0.017453 0.000000 0.628273 0.474502 0.000000 0.017453 0.000000 0.630044 0.476455 0.000000 0.017453 0.000000 0.631791 0.478254 0.000000 0.000000 0.000000 0.632751 0.479946 0.000000 0.000000 0.000000 
0.628273 0.472379 0.000000 0.017453 0.000000 0.628273 0.474502 0.000000 0.017453 0.000000 0.630044 0.476455 0.000000 0.017453 0.000000 0.631791 0.478254 0.000000 0.000000 0.000000 0.632751 0.479946 0.000000 0.000000 0.000000 0.632751 0.481561 0.000000 0.000000 0.000000 
0.628273 0.474502 0.000000 0.017453 0.000000 0.630044 0.476455 0.000000 0.017453 0.000000 0.631791 0.478254 0.000000 0.000000 0.000000 0.632751 0.479946 0.000000 0.000000 0.000000 0.632751 0.481561 0.000000 0.000000 0.000000 0.634031 0.483129 0.000000 0.000000 0.000000 
0.630044 0.476455 0.000000 0.017453 0.000000 0.631791 0.478254 0.000000 0.000000 0.000000 0.632751 0.479946 0.000000 0.000000 0.000000 0.632751 0.481561 0.000000 0.000000 0.000000 0.634031 0.483129 0.000000 0.000000 0.000000 0.635285 0.484652 0.012342 -0.012342 0.000000 
0.631791 0.478254 0.000000 0.000000 0.000000 0.632751 0.479946 0.000000 0.000000 0.000000 0.632751 0.481561 0.000000 0.000000 0.000000 0.634031 0.483129 0.000000 0.000000 0.000000 0.635285 0.484652 0.012342 -0.012342 0.000000 0.636122 0.486113 0.037041 -0.037041 0.000000 
0.632751 0.479946 0.000000 0.000000 0.000000 0.632751 0.481561 0.000000 0.000000 0.000000 0.634031 0.483129 0.000000 0.000000 0.000000 0.635285 0.484652 0.012342 -0.012342 0.000000 0.636122 0.486113 0.037041 -0.037041 0.000000 0.636836 0.487512 0.039083 -0.057907 0.000000 
0.632751 0.481561 0.000000 0.000000 0.000000 0.634031 0.483129 0.000000 0.000000 0.000000 0.635285 0.484652 0.012342 -0.012342 0.000000 0.636122 0.486113 0.037041 -0.037041 0.000000 0.636836 0.487512 0.039083 -0.057907 0.000000 0.637574 0.488896 0.052603 -0.069758 0.000000 
0.634031 0.483129 0.000000 0.000000 0.000000 0.635285 0.484652 0.012342 -0.012342 0.000000 0.636122 0.486113 0.037041 -0.037041 0.000000 0.636836 0.487512 0.039083 -0.057907 0.000000 0.637574 0.488896 0.052603 -0.069758 0.000000 0.638263 0.490204 0.066048 -0.081500 0.000000 
0.635285 0.484652 0.012342 -0.012342 0.000000 0.636122 0.486113 0.037041 -0.037041 0.000000 0.636836 0.487512 0.039083 -0.057907 0.000000 0.637574 0.488896 0.052603 -0.069758 0.000000 0.638263 0.490204 0.066048 -0.081500 0.000000 0.639001 0.491449 0.090093 -0.107247 0.000000 
0.636122 0.486113 0.037041 -0.037041 0.000000 0.636836 0.487512 0.039083 -0.057907 0.000000 0.637574 0.488896 0.052603 -0.069758 0.000000 0.638263 0.490204 0.066048 -0.081500 0.000000 0.639001 0.491449 0.090093 -0.107247 0.000000 0.639788 0.492633 0.105721 -0.139901 0.000000 
0.636836 0.487512 0.039083 -0.057907 0.000000 0.637574 0.488896 0.052603 -0.069758 0.000000 0.638263 0.490204 0.066048 -0.081500 0.000000 0.639001 0.491449 0.090093 -0.107247 0.000000 0.639788 0.492633 0.105721 -0.139901 0.000000 0.640551 0.493710 0.141281 -0.156666 0.000000 
0.637574 0.488896 0.052603 -0.069758 0.000000 0.638263 0.490204 0.066048 -0.081500 0.000000 0.639001 0.491449 0.090093 -0.107247 0.000000 0.639788 0.492633 0.105721 -0.139901 0.000000 0.640551 0.493710 0.141281 -0.156666 0.000000 0.641388 0.494740 0.153269 -0.169914 0.000000 
0.638263 0.490204 0.066048 -0.081500 0.000000 0.639001 0.491449 0.090093 -0.107247 0.000000 0.639788 0.492633 0.105721 -0.139901 0.000000 0.640551 0.493710 0.141281 -0.156666 0.000000 0.641388 0.494740 0.153269 -0.169914 0.000000 0.642224 0.495725 0.170561 -0.202449 0.000000 
0.639001 0.491449 0.090093 -0.107247 0.000000 0.639788 0.492633 0.105721 -0.139901 0.000000 0.640551 0.493710 0.141281 -0.156666 0.000000 0.641388 0.494740 0.153269 -0.169914 0.000000 0.642224 0.495725 0.170561 -0.202449 0.000000 0.643086 0.496647 0.194047 -0.230057 0.000000 
0.639788 0.492633 0.105721 -0.139901 0.000000 0.640551 0.493710 0.141281 -0.156666 0.000000 0.641388 0.494740 0.153269 -0.169914 0.000000 0.642224 0.495725 0.170561 -0.202449 0.000000 0.643086 0.496647 0.194047 -0.230057 0.000000 0.643971 0.497570 0.205895 -0.243946 0.000000 
0.641388 0.494740 0.153269 -0.169914 0.000000 0.642224 0.495725 0.170561 -0.202449 0.000000 0.643086 0.496647 0.194047 -0.230057 0.000000 0.643971 0.497570 0.205895 -0.243946 0.000000 0.645694 0.499323 0.243309 -0.260158 0.000000 0.644833 0.498447 0.222170 -0.254244 0.000000 
0.650664 0.505782 0.553025 -0.407971 0.849462 0.650369 0.504829 0.553025 -0.407971 0.860215 0.650098 0.503737 0.553025 -0.407971 0.863148 0.649828 0.502538 0.541753 -0.425761 0.865103 0.649557 0.501230 0.541753 -0.425761 0.876833 0.649040 0.498477 0.536845 -0.394843 0.893451 
0.650098 0.503737 0.553025 -0.407971 0.863148 0.649828 0.502538 0.541753 -0.425761 0.865103 0.649557 0.501230 0.541753 -0.425761 0.876833 0.649040 0.498477 0.536845 -0.394843 0.893451 0.649286 0.499877 0.541753 -0.425761 0.892473 0.648745 0.497032 0.531390 -0.403607 0.893451 
0.649828 0.502538 0.541753 -0.425761 0.865103 0.649557 0.501230 0.541753 -0.425761 0.876833 0.649040 0.498477 0.536845 -0.394843 0.893451 0.649286 0.499877 0.541753 -0.425761 0.892473 0.648745 0.497032 0.531390 -0.403607 0.893451 0.648105 0.493987 0.531390 -0.403607 0.920821 
0.649557 0.501230 0.541753 -0.425761 0.876833 0.649040 0.498477 0.536845 -0.394843 0.893451 0.649286 0.499877 0.541753 -0.425761 0.892473 0.648745 0.497032 0.531390 -0.403607 0.893451 0.648105 0.493987 0.531390 -0.403607 0.920821 0.648425 0.495509 0.531390 -0.403607 0.906158 
0.649040 0.498477 0.536845 -0.394843 0.893451 0.649286 0.499877 0.541753 -0.425761 0.892473 0.648745 0.497032 0.531390 -0.403607 0.893451 0.648105 0.493987 0.531390 -0.403607 0.920821 0.648425 0.495509 0.531390 -0.403607 0.906158 0.647712 0.492449 0.531390 -0.403607 0.911046 
0.649286 0.499877 0.541753 -0.425761 0.892473 0.648745 0.497032 0.531390 -0.403607 0.893451 0.648105 0.493987 0.531390 -0.403607 0.920821 0.648425 0.495509 0.531390 -0.403607 0.906158 0.647712 0.492449 0.531390 -0.403607 0.911046 0.647293 0.490819 0.531390 -0.403607 0.921799 
0.648745 0.497032 0.531390 -0.403607 0.893451 0.648105 0.493987 0.531390 -0.403607 0.920821 0.648425 0.495509 0.531390 -0.403607 0.906158 0.647712 0.492449 0.531390 -0.403607 0.911046 0.647293 0.490819 0.531390 -0.403607 0.921799 0.646826 0.489219 0.531390 -0.403607 0.943304 
0.648105 0.493987 0.531390 -0.403607 0.920821 0.648425 0.495509 0.531390 -0.403607 0.906158 0.647712 0.492449 0.531390 -0.403607 0.911046 0.647293 0.490819 0.531390 -0.403607 0.921799 0.646826 0.489219 0.531390 -0.403607 0.943304 0.646334 0.487558 0.531390 -0.403607 0.950147 
0.648425 0.495509 0.531390 -0.403607 0.906158 0.647712 0.492449 0.531390 -0.403607 0.911046 0.647293 0.490819 0.531390 -0.403607 0.921799 0.646826 0.489219 0.531390 -0.403607 0.943304 0.646334 0.487558 0.531390 -0.403607 0.950147 0.645768 0.485867 0.509887 -0.398814 0.964809 
0.647712 0.492449 0.531390 -0.403607 0.911046 0.647293 0.490819 0.531390 -0.403607 0.921799 0.646826 0.489219 0.531390 -0.403607 0.943304 0.646334 0.487558 0.531390 -0.403607 0.950147 0.645768 0.485867 0.509887 -0.398814 0.964809 0.644636 0.482283 0.509887 -0.398814 0.979472 
0.647293 0.490819 0.531390 -0.403607 0.921799 0.646826 0.489219 0.531390 -0.403607 0.943304 0.646334 0.487558 0.531390 -0.403607 0.950147 0.645768 0.485867 0.509887 -0.398814 0.964809 0.644636 0.482283 0.509887 -0.398814 0.979472 0.645226 0.484067 0.509887 -0.398814 0.975562 
0.646826 0.489219 0.531390 -0.403607 0.943304 0.646334 0.487558 0.531390 -0.403607 0.950147 0.645768 0.485867 0.509887 -0.398814 0.964809 0.644636 0.482283 0.509887 -0.398814 0.979472 0.645226 0.484067 0.509887 -0.398814 0.975562 0.644021 0.480453 0.509887 -0.398814 0.993157 
0.646334 0.487558 0.531390 -0.403607 0.950147 0.645768 0.485867 0.509887 -0.398814 0.964809 0.644636 0.482283 0.509887 -0.398814 0.979472 0.645226 0.484067 0.509887 -0.398814 0.975562 0.644021 0.480453 0.509887 -0.398814 0.993157 0.643381 0.478562 0.509887 -0.398814 0.995112 
0.645768 0.485867 0.509887 -0.398814 0.964809 0.644636 0.482283 0.509887 -0.398814 0.979472 0.645226 0.484067 0.509887 -0.398814 0.975562 0.644021 0.480453 0.509887 -0.398814 0.993157 0.643381 0.478562 0.509887 -0.398814 0.995112 0.642717 0.476686 0.482813 -0.401432 1.000000 
0.644636 0.482283 0.509887 -0.398814 0.979472 0.645226 0.484067 0.509887 -0.398814 0.975562 0.644021 0.480453 0.509887 -0.398814 0.993157 0.643381 0.478562 0.509887 -0.398814 0.995112 0.642717 0.476686 0.482813 -0.401432 1.000000 0.642052 0.474671 0.482813 -0.401432 1.000000 
0.645226 0.484067 0.509887 -0.398814 0.975562 0.644021 0.480453 0.509887 -0.398814 0.993157 0.643381 0.478562 0.509887 -0.398814 0.995112 0.642717 0.476686 0.482813 -0.401432 1.000000 0.642052 0.474671 0.482813 -0.401432 1.000000 0.641363 0.472549 0.476921 -0.409103 1.000000 
0.644021 0.480453 0.509887 -0.398814 0.993157 0.643381 0.478562 0.509887 -0.398814 0.995112 0.642717 0.476686 0.482813 -0.401432 1.000000 0.642052 0.474671 0.482813 -0.401432 1.000000 0.641363 0.472549 0.476921 -0.409103 1.000000 0.640650 0.470319 0.476921 -0.409103 1.000000 
0.643381 0.478562 0.509887 -0.398814 0.995112 0.642717 0.476686 0.482813 -0.401432 1.000000 0.642052 0.474671 0.482813 -0.401432 1.000000 0.641363 0.472549 0.476921 -0.409103 1.000000 0.640650 0.470319 0.476921 -0.409103 1.000000 0.639887 0.468073 0.455708 -0.402759 1.000000 
0.642717 0.476686 0.482813 -0.401432 1.000000 0.642052 0.474671 0.482813 -0.401432 1.000000 0.641363 0.472549 0.476921 -0.409103 1.000000 0.640650 0.470319 0.476921 -0.409103 1.000000 0.639887 0.468073 0.455708 -0.402759 1.000000 0.639124 0.465782 0.455708 -0.402759 1.000000 
0.642052 0.474671 0.482813 -0.401432 1.000000 0.641363 0.472549 0.476921 -0.409103 1.000000 0.640650 0.470319 0.476921 -0.409103 1.000000 0.639887 0.468073 0.455708 -0.402759 1.000000 0.639124 0.465782 0.455708 -0.402759 1.000000 0.638410 0.463414 0.434738 -0.396028 1.000000 
0.641363 0.472549 0.476921 -0.409103 1.000000 0.640650 0.470319 0.476921 -0.409103 1.000000 0.639887 0.468073 0.455708 -0.402759 1.000000 0.639124 0.465782 0.455708 -0.402759 1.000000 0.638410 0.463414 0.434738 -0.396028 1.000000 0.637845 0.460968 0.434738 -0.396028 1.000000 
0.640650 0.470319 0.476921 -0.409103 1.000000 0.639887 0.468073 0.455708 -0.402759 1.000000 0.639124 0.465782 0.455708 -0.402759 1.000000 0.638410 0.463414 0.434738 -0.396028 1.000000 0.637845 0.460968 0.434738 -0.396028 1.000000 0.637279 0.458554 0.434738 -0.396028 1.000000 
0.639887 0.468073 0.455708 -0.402759 1.000000 0.639124 0.465782 0.455708 -0.402759 1.000000 0.638410 0.463414 0.434738 -0.396028 1.000000 0.637845 0.460968 0.434738 -0.396028 1.000000 0.637279 0.458554 0.434738 -0.396028 1.000000 0.636688 0.456078 0.422433 -0.409528 1.000000 
0.639124 0.465782 0.455708 -0.402759 1.000000 0.638410 0.463414 0.434738 -0.396028 1.000000 0.637845 0.460968 0.434738 -0.396028 1.000000 0.637279 0.458554 0.434738 -0.396028 1.000000 0.636688 0.456078 0.422433 -0.409528 1.000000 0.635236 0.448788 0.422433 -0.409528 1.000000 
0.638410 0.463414 0.434738 -0.396028 1.000000 0.637845 0.460968 0.434738 -0.396028 1.000000 0.637279 0.458554 0.434738 -0.396028 1.000000 0.636688 0.456078 0.422433 -0.409528 1.000000 0.635236 0.448788 0.422433 -0.409528 1.000000 0.636122 0.453633 0.422433 -0.409528 1.000000 
0.637845 0.460968 0.434738 -0.396028 1.000000 0.637279 0.458554 0.434738 -0.396028 1.000000 0.636688 0.456078 0.422433 -0.409528 1.000000 0.635236 0.448788 0.422433 -0.409528 1.000000 0.636122 0.453633 0.422433 -0.409528 1.000000 0.635630 0.451218 0.422433 -0.409528 1.000000 
0.637279 0.458554 0.434738 -0.396028 1.000000 0.636688 0.456078 0.422433 -0.409528 1.000000 0.635236 0.448788 0.422433 -0.409528 1.000000 0.636122 0.453633 0.422433 -0.409528 1.000000 0.635630 0.451218 0.422433 -0.409528 1.000000 0.634892 0.446374 0.422433 -0.409528 1.000000 
0.636688 0.456078 0.422433 -0.409528 1.000000 0.635236 0.448788 0.422433 -0.409528 1.000000 0.636122 0.453633 0.422433 -0.409528 1.000000 0.635630 0.451218 0.422433 -0.409528 1.000000 0.634892 0.446374 0.422433 -0.409528 1.000000 0.634596 0.444021 0.401763 -0.401763 1.000000 
0.635236 0.448788 0.422433 -0.409528 1.000000 0.636122 0.453633 0.422433 -0.409528 1.000000 0.635630 0.451218 0.422433 -0.409528 1.000000 0.634892 0.446374 0.422433 -0.409528 1.000000 0.634596 0.444021 0.401763 -0.401763 1.000000 0.634252 0.441683 0.401763 -0.401763 1.000000 
0.636122 0.453633 0.422433 -0.409528 1.000000 0.635630 0.451218 0.422433 -0.409528 1.000000 0.634892 0.446374 0.422433 -0.409528 1.000000 0.634596 0.444021 0.401763 -0.401763 1.000000 0.634252 0.441683 0.401763 -0.401763 1.000000 0.633292 0.434547 0.387597 -0.387597 1.000000 
0.635630 0.451218 0.422433 -0.409528 1.000000 0.634892 0.446374 0.422433 -0.409528 1.000000 0.634596 0.444021 0.401763 -0.401763 1.000000 0.634252 0.441683 0.401763 -0.401763 1.000000 0.633292 0.434547 0.387597 -0.387597 1.000000 0.633932 0.439299 0.401763 -0.401763 1.000000 
0.634892 0.446374 0.422433 -0.409528 1.000000 0.634596 0.444021 0.401763 -0.401763 1.000000 0.634252 0.441683 0.401763 -0.401763 1.000000 0.633292 0.434547 0.387597 -0.387597 1.000000 0.633932 0.439299 0.401763 -0.401763 1.000000 0.633612 0.436931 0.401763 -0.401763 1.000000 
0.634596 0.444021 0.401763 -0.401763 1.000000 0.634252 0.441683 0.401763 -0.401763 1.000000 0.633292 0.434547 0.387597 -0.387597 1.000000 0.633932 0.439299 0.401763 -0.401763 1.000000 0.633612 0.436931 0.401763 -0.401763 1.000000 0.632972 0.432133 0.387597 -0.387597 1.000000 
0.634252 0.441683 0.401763 -0.401763 1.000000 0.633292 0.434547 0.387597 -0.387597 1.000000 0.633932 0.439299 0.401763 -0.401763 1.000000 0.633612 0.436931 0.401763 -0.401763 1.000000 0.632972 0.432133 0.387597 -0.387597 1.000000 0.632702 0.429718 0.387597 -0.387597 1.000000 
0.633292 0.434547 0.387597 -0.387597 1.000000 0.633932 0.439299 0.401763 -0.401763 1.000000 0.633612 0.436931 0.401763 -0.401763 1.000000 0.632972 0.432133 0.387597 -0.387597 1.000000 0.632702 0.429718 0.387597 -0.387597 1.000000 0.632382 0.427381 0.387597 -0.387597 1.000000 
0.633932 0.439299 0.401763 -0.401763 1.000000 0.633612 0.436931 0.401763 -0.401763 1.000000 0.632972 0.432133 0.387597 -0.387597 1.000000 0.632702 0.429718 0.387597 -0.387597 1.000000 0.632382 0.427381 0.387597 -0.387597 1.000000 0.632037 0.425043 0.387597 -0.387597 1.000000 
0.633612 0.436931 0.401763 -0.401763 1.000000 0.632972 0.432133 0.387597 -0.387597 1.000000 0.632702 0.429718 0.387597 -0.387597 1.000000 0.632382 0.427381 0.387597 -0.387597 1.000000 0.632037 0.425043 0.387597 -0.387597 1.000000 0.631619 0.422690 0.387597 -0.387597 1.000000 
0.632972 0.432133 0.387597 -0.387597 1.000000 0.632702 0.429718 0.387597 -0.387597 1.000000 0.632382 0.427381 0.387597 -0.387597 1.000000 0.632037 0.425043 0.387597 -0.387597 1.000000 0.631619 0.422690 0.387597 -0.387597 1.000000 0.631127 0.420476 0.387597 -0.387597 1.000000 
0.632702 0.429718 0.387597 -0.387597 1.000000 0.632382 0.427381 0.387597 -0.387597 1.000000 0.632037 0.425043 0.387597 -0.387597 1.000000 0.631619 0.422690 0.387597 -0.387597 1.000000 0.631127 0.420476 0.387597 -0.387597 1.000000 0.630733 0.418338 0.367557 -0.379417 1.000000 
0.632382 0.427381 0.387597 -0.387597 1.000000 0.632037 0.425043 0.387597 -0.387597 1.000000 0.631619 0.422690 0.387597 -0.387597 1.000000 0.631127 0.420476 0.387597 -0.387597 1.000000 0.630733 0.418338 0.367557 -0.379417 1.000000 0.630340 0.416246 0.367557 -0.379417 1.000000 
0.632037 0.425043 0.387597 -0.387597 1.000000 0.631619 0.422690 0.387597 -0.387597 1.000000 0.631127 0.420476 0.387597 -0.387597 1.000000 0.630733 0.418338 0.367557 -0.379417 1.000000 0.630340 0.416246 0.367557 -0.379417 1.000000 0.629872 0.414186 0.367557 -0.379417 1.000000 
0.631619 0.422690 0.387597 -0.387597 1.000000 0.631127 0.420476 0.387597 -0.387597 1.000000 0.630733 0.418338 0.367557 -0.379417 1.000000 0.630340 0.416246 0.367557 -0.379417 1.000000 0.629872 0.414186 0.367557 -0.379417 1.000000 0.629380 0.412140 0.367557 -0.379417 1.000000 
0.631127 0.420476 0.387597 -0.387597 1.000000 0.630733 0.418338 0.367557 -0.379417 1.000000 0.630340 0.416246 0.367557 -0.379417 1.000000 0.629872 0.414186 0.367557 -0.379417 1.000000 0.629380 0.412140 0.367557 -0.379417 1.000000 0.628863 0.410064 0.367557 -0.379417 1.000000 
0.630733 0.418338 0.367557 -0.379417 1.000000 0.630340 0.416246 0.367557 -0.379417 1.000000 0.629872 0.414186 0.367557 -0.379417 1.000000 0.629380 0.412140 0.367557 -0.379417 1.000000 0.628863 0.410064 0.367557 -0.379417 1.000000 0.628396 0.408049 0.367557 -0.379417 1.000000 
0.630340 0.416246 0.367557 -0.379417 1.000000 0.629872 0.414186 0.367557 -0.379417 1.000000 0.629380 0.412140 0.367557 -0.379417 1.000000 0.628863 0.410064 0.367557 -0.379417 1.000000 0.628396 0.408049 0.367557 -0.379417 1.000000 0.627953 0.406158 0.355176 -0.390750 1.000000 
0.629872 0.414186 0.367557 -0.379417 1.000000 0.629380 0.412140 0.367557 -0.379417 1.000000 0.628863 0.410064 0.367557 -0.379417 1.000000 0.628396 0.408049 0.367557 -0.379417 1.000000 0.627953 0.406158 0.355176 -0.390750 1.000000 0.627584 0.404205 0.355176 -0.390750 1.000000 
0.629380 0.412140 0.367557 -0.379417 1.000000 0.628863 0.410064 0.367557 -0.379417 1.000000 0.628396 0.408049 0.367557 -0.379417 1.000000 0.627953 0.406158 0.355176 -0.390750 1.000000 0.627584 0.404205 0.355176 -0.390750 1.000000 0.627165 0.402221 0.355176 -0.390750 1.000000 
0.628863 0.410064 0.367557 -0.379417 1.000000 0.628396 0.408049 0.367557 -0.379417 1.000000 0.627953 0.406158 0.355176 -0.390750 1.000000 0.627584 0.404205 0.355176 -0.390750 1.000000 0.627165 0.402221 0.355176 -0.390750 1.000000 0.626722 0.400314 0.329330 -0.386795 1.000000 
