0.613287 0.463183 0.629192 -0.192616 1.000000 0.616068 0.462998 0.629192 -0.192616 1.000000 0.618725 0.462844 0.626890 -0.204796 1.000000 0.621211 0.462691 0.626890 -0.204796 1.000000 0.623597 0.462598 0.626890 -0.204796 1.000000 0.625837 0.462491 0.626890 -0.204796 1.000000 
0.616068 0.462998 0.629192 -0.192616 1.000000 0.618725 0.462844 0.626890 -0.204796 1.000000 0.621211 0.462691 0.626890 -0.204796 1.000000 0.623597 0.462598 0.626890 -0.204796 1.000000 0.625837 0.462491 0.626890 -0.204796 1.000000 0.627879 0.462445 0.626890 -0.204796 1.000000 
0.618725 0.462844 0.626890 -0.204796 1.000000 0.621211 0.462691 0.626890 -0.204796 1.000000 0.623597 0.462598 0.626890 -0.204796 1.000000 0.625837 0.462491 0.626890 -0.204796 1.000000 0.627879 0.462445 0.626890 -0.204796 1.000000 0.629749 0.462414 0.626890 -0.204796 1.000000 
0.621211 0.462691 0.626890 -0.204796 1.000000 0.623597 0.462598 0.626890 -0.204796 1.000000 0.625837 0.462491 0.626890 -0.204796 1.000000 0.627879 0.462445 0.626890 -0.204796 1.000000 0.629749 0.462414 0.626890 -0.204796 1.000000 0.631496 0.462398 0.626890 -0.204796 1.000000 
0.623597 0.462598 0.626890 -0.204796 1.000000 0.625837 0.462491 0.626890 -0.204796 1.000000 0.627879 0.462445 0.626890 -0.204796 1.000000 0.629749 0.462414 0.626890 -0.204796 1.000000 0.631496 0.462398 0.626890 -0.204796 1.000000 0.633022 0.462398 0.626890 -0.204796 1.000000 
0.625837 0.462491 0.626890 -0.204796 1.000000 0.627879 0.462445 0.626890 -0.204796 1.000000 0.629749 0.462414 0.626890 -0.204796 1.000000 0.631496 0.462398 0.626890 -0.204796 1.000000 0.633022 0.462398 0.626890 -0.204796 1.000000 0.634449 0.462398 0.626890 -0.204796 1.000000 
0.627879 0.462445 0.626890 -0.204796 1.000000 0.629749 0.462414 0.626890 -0.204796 1.000000 0.631496 0.462398 0.626890 -0.204796 1.000000 0.633022 0.462398 0.626890 -0.204796 1.000000 0.634449 0.462398 0.626890 -0.204796 1.000000 0.635655 0.462398 0.626890 -0.204796 1.000000 
0.629749 0.462414 0.626890 -0.204796 1.000000 0.631496 0.462398 0.626890 -0.204796 1.000000 0.633022 0.462398 0.626890 -0.204796 1.000000 0.634449 0.462398 0.626890 -0.204796 1.000000 0.635655 0.462398 0.626890 -0.204796 1.000000 0.636639 0.462398 0.626890 -0.204796 1.000000 
0.631496 0.462398 0.626890 -0.204796 1.000000 0.633022 0.462398 0.626890 -0.204796 1.000000 0.634449 0.462398 0.626890 -0.204796 1.000000 0.635655 0.462398 0.626890 -0.204796 1.000000 0.636639 0.462398 0.626890 -0.204796 1.000000 0.637426 0.462398 0.626890 -0.204796 1.000000 
0.633022 0.462398 0.626890 -0.204796 1.000000 0.634449 0.462398 0.626890 -0.204796 1.000000 0.635655 0.462398 0.626890 -0.204796 1.000000 0.636639 0.462398 0.626890 -0.204796 1.000000 0.637426 0.462398 0.626890 -0.204796 1.000000 0.638041 0.462398 0.626890 -0.204796 1.000000 
0.634449 0.462398 0.626890 -0.204796 1.000000 0.635655 0.462398 0.626890 -0.204796 1.000000 0.636639 0.462398 0.626890 -0.204796 1.000000 0.637426 0.462398 0.626890 -0.204796 1.000000 0.638041 0.462398 0.626890 -0.204796 1.000000 0.638484 0.462398 0.626890 -0.204796 1.000000 
0.635655 0.462398 0.626890 -0.204796 1.000000 0.636639 0.462398 0.626890 -0.204796 1.000000 0.637426 0.462398 0.626890 -0.204796 1.000000 0.638041 0.462398 0.626890 -0.204796 1.000000 0.638484 0.462398 0.626890 -0.204796 1.000000 0.639001 0.462460 0.626890 -0.204796 1.000000 
0.636639 0.462398 0.626890 -0.204796 1.000000 0.637426 0.462398 0.626890 -0.204796 1.000000 0.638041 0.462398 0.626890 -0.204796 1.000000 0.638484 0.462398 0.626890 -0.204796 1.000000 0.639001 0.462460 0.626890 -0.204796 1.000000 0.638755 0.462398 0.626890 -0.204796 1.000000 
0.637426 0.462398 0.626890 -0.204796 1.000000 0.638041 0.462398 0.626890 -0.204796 1.000000 0.638484 0.462398 0.626890 -0.204796 1.000000 0.639001 0.462460 0.626890 -0.204796 1.000000 0.638755 0.462398 0.626890 -0.204796 1.000000 0.638927 0.462429 0.626890 -0.204796 1.000000 
0.638041 0.462398 0.626890 -0.204796 1.000000 0.638484 0.462398 0.626890 -0.204796 1.000000 0.639001 0.462460 0.626890 -0.204796 1.000000 0.638755 0.462398 0.626890 -0.204796 1.000000 0.638927 0.462429 0.626890 -0.204796 1.000000 0.639050 0.462475 0.621828 -0.228784 1.000000 
0.638484 0.462398 0.626890 -0.204796 1.000000 0.639001 0.462460 0.626890 -0.204796 1.000000 0.638755 0.462398 0.626890 -0.204796 1.000000 0.638927 0.462429 0.626890 -0.204796 1.000000 0.639050 0.462475 0.621828 -0.228784 1.000000 0.639050 0.462491 0.621828 -0.228784 1.000000 
0.639001 0.462460 0.626890 -0.204796 1.000000 0.638755 0.462398 0.626890 -0.204796 1.000000 0.638927 0.462429 0.626890 -0.204796 1.000000 0.639050 0.462475 0.621828 -0.228784 1.000000 0.639050 0.462491 0.621828 -0.228784 1.000000 0.639050 0.462506 0.621828 -0.228784 1.000000 
0.638755 0.462398 0.626890 -0.204796 1.000000 0.638927 0.462429 0.626890 -0.204796 1.000000 0.639050 0.462475 0.621828 -0.228784 1.000000 0.639050 0.462491 0.621828 -0.228784 1.000000 0.639050 0.462506 0.621828 -0.228784 1.000000 0.639050 0.462522 0.621828 -0.228784 1.000000 
0.638927 0.462429 0.626890 -0.204796 1.000000 0.639050 0.462475 0.621828 -0.228784 1.000000 0.639050 0.462491 0.621828 -0.228784 1.000000 0.639050 0.462506 0.621828 -0.228784 1.000000 0.639050 0.462522 0.621828 -0.228784 1.000000 0.639050 0.462537 0.636243 -0.249080 1.000000 
0.639050 0.462475 0.621828 -0.228784 1.000000 0.639050 0.462491 0.621828 -0.228784 1.000000 0.639050 0.462506 0.621828 -0.228784 1.000000 0.639050 0.462522 0.621828 -0.228784 1.000000 0.639050 0.462537 0.636243 -0.249080 1.000000 0.639050 0.462552 0.636243 -0.249080 1.000000 
0.639050 0.462491 0.621828 -0.228784 1.000000 0.639050 0.462506 0.621828 -0.228784 1.000000 0.639050 0.462522 0.621828 -0.228784 1.000000 0.639050 0.462537 0.636243 -0.249080 1.000000 0.639050 0.462552 0.636243 -0.249080 1.000000 0.639050 0.462568 0.636243 -0.249080 1.000000 
0.639050 0.462506 0.621828 -0.228784 1.000000 0.639050 0.462522 0.621828 -0.228784 1.000000 0.639050 0.462537 0.636243 -0.249080 1.000000 0.639050 0.462552 0.636243 -0.249080 1.000000 0.639050 0.462568 0.636243 -0.249080 1.000000 0.639050 0.462598 0.636243 -0.249080 1.000000 
0.639050 0.462522 0.621828 -0.228784 1.000000 0.639050 0.462537 0.636243 -0.249080 1.000000 0.639050 0.462552 0.636243 -0.249080 1.000000 0.639050 0.462568 0.636243 -0.249080 1.000000 0.639050 0.462598 0.636243 -0.249080 1.000000 0.639050 0.462645 0.636243 -0.249080 1.000000 
0.639050 0.462537 0.636243 -0.249080 1.000000 0.639050 0.462552 0.636243 -0.249080 1.000000 0.639050 0.462568 0.636243 -0.249080 1.000000 0.639050 0.462598 0.636243 -0.249080 1.000000 0.639050 0.462645 0.636243 -0.249080 1.000000 0.639050 0.462691 0.636243 -0.249080 1.000000 
0.639050 0.462552 0.636243 -0.249080 1.000000 0.639050 0.462568 0.636243 -0.249080 1.000000 0.639050 0.462598 0.636243 -0.249080 1.000000 0.639050 0.462645 0.636243 -0.249080 1.000000 0.639050 0.462691 0.636243 -0.249080 1.000000 0.639050 0.462752 0.636243 -0.249080 1.000000 
0.639050 0.462568 0.636243 -0.249080 1.000000 0.639050 0.462598 0.636243 -0.249080 1.000000 0.639050 0.462645 0.636243 -0.249080 1.000000 0.639050 0.462691 0.636243 -0.249080 1.000000 0.639050 0.462752 0.636243 -0.249080 1.000000 0.639050 0.462860 0.636243 -0.249080 1.000000 
0.639050 0.462598 0.636243 -0.249080 1.000000 0.639050 0.462645 0.636243 -0.249080 1.000000 0.639050 0.462691 0.636243 -0.249080 1.000000 0.639050 0.462752 0.636243 -0.249080 1.000000 0.639050 0.462860 0.636243 -0.249080 1.000000 0.639026 0.462952 0.636243 -0.249080 1.000000 
0.639050 0.462645 0.636243 -0.249080 1.000000 0.639050 0.462691 0.636243 -0.249080 1.000000 0.639050 0.462752 0.636243 -0.249080 1.000000 0.639050 0.462860 0.636243 -0.249080 1.000000 0.639026 0.462952 0.636243 -0.249080 1.000000 0.639026 0.463075 0.636243 -0.249080 1.000000 
0.639050 0.462691 0.636243 -0.249080 1.000000 0.639050 0.462752 0.636243 -0.249080 1.000000 0.639050 0.462860 0.636243 -0.249080 1.000000 0.639026 0.462952 0.636243 -0.249080 1.000000 0.639026 0.463075 0.636243 -0.249080 1.000000 0.639026 0.463229 0.636243 -0.249080 1.000000 
0.639050 0.462752 0.636243 -0.249080 1.000000 0.639050 0.462860 0.636243 -0.249080 1.000000 0.639026 0.462952 0.636243 -0.249080 1.000000 0.639026 0.463075 0.636243 -0.249080 1.000000 0.639026 0.463229 0.636243 -0.249080 1.000000 0.639026 0.463444 0.636243 -0.249080 1.000000 
0.639050 0.462860 0.636243 -0.249080 1.000000 0.639026 0.462952 0.636243 -0.249080 1.000000 0.639026 0.463075 0.636243 -0.249080 1.000000 0.639026 0.463229 0.636243 -0.249080 1.000000 0.639026 0.463444 0.636243 -0.249080 1.000000 0.639026 0.463690 0.616148 -0.252241 1.000000 
0.639026 0.462952 0.636243 -0.249080 1.000000 0.639026 0.463075 0.636243 -0.249080 1.000000 0.639026 0.463229 0.636243 -0.249080 1.000000 0.639026 0.463444 0.636243 -0.249080 1.000000 0.639026 0.463690 0.616148 -0.252241 1.000000 0.639026 0.464029 0.613073 -0.263758 1.000000 
0.639026 0.463075 0.636243 -0.249080 1.000000 0.639026 0.463229 0.636243 -0.249080 1.000000 0.639026 0.463444 0.636243 -0.249080 1.000000 0.639026 0.463690 0.616148 -0.252241 1.000000 0.639026 0.464029 0.613073 -0.263758 1.000000 0.639026 0.464413 0.613073 -0.263758 1.000000 
0.639026 0.463229 0.636243 -0.249080 1.000000 0.639026 0.463444 0.636243 -0.249080 1.000000 0.639026 0.463690 0.616148 -0.252241 1.000000 0.639026 0.464029 0.613073 -0.263758 1.000000 0.639026 0.464413 0.613073 -0.263758 1.000000 0.639026 0.464859 0.613073 -0.263758 1.000000 
0.639026 0.463444 0.636243 -0.249080 1.000000 0.639026 0.463690 0.616148 -0.252241 1.000000 0.639026 0.464029 0.613073 -0.263758 1.000000 0.639026 0.464413 0.613073 -0.263758 1.000000 0.639026 0.464859 0.613073 -0.263758 1.000000 0.639124 0.465351 0.613073 -0.263758 1.000000 
0.639026 0.463690 0.616148 -0.252241 1.000000 0.639026 0.464029 0.613073 -0.263758 1.000000 0.639026 0.464413 0.613073 -0.263758 1.000000 0.639026 0.464859 0.613073 -0.263758 1.000000 0.639124 0.465351 0.613073 -0.263758 1.000000 0.639321 0.465936 0.613073 -0.263758 1.000000 
0.639026 0.464029 0.613073 -0.263758 1.000000 0.639026 0.464413 0.613073 -0.263758 1.000000 0.639026 0.464859 0.613073 -0.263758 1.000000 0.639124 0.465351 0.613073 -0.263758 1.000000 0.639321 0.465936 0.613073 -0.263758 1.000000 0.639518 0.466597 0.592814 -0.265731 1.000000 
0.639026 0.464413 0.613073 -0.263758 1.000000 0.639026 0.464859 0.613073 -0.263758 1.000000 0.639124 0.465351 0.613073 -0.263758 1.000000 0.639321 0.465936 0.613073 -0.263758 1.000000 0.639518 0.466597 0.592814 -0.265731 1.000000 0.639665 0.467320 0.592814 -0.265731 1.000000 
0.639026 0.464859 0.613073 -0.263758 1.000000 0.639124 0.465351 0.613073 -0.263758 1.000000 0.639321 0.465936 0.613073 -0.263758 1.000000 0.639518 0.466597 0.592814 -0.265731 1.000000 0.639665 0.467320 0.592814 -0.265731 1.000000 0.639788 0.468089 0.592814 -0.265731 1.000000 
0.639124 0.465351 0.613073 -0.263758 1.000000 0.639321 0.465936 0.613073 -0.263758 1.000000 0.639518 0.466597 0.592814 -0.265731 1.000000 0.639665 0.467320 0.592814 -0.265731 1.000000 0.639788 0.468089 0.592814 -0.265731 1.000000 0.639961 0.468873 0.592814 -0.265731 1.000000 
0.639321 0.465936 0.613073 -0.263758 1.000000 0.639518 0.466597 0.592814 -0.265731 1.000000 0.639665 0.467320 0.592814 -0.265731 1.000000 0.639788 0.468089 0.592814 -0.265731 1.000000 0.639961 0.468873 0.592814 -0.265731 1.000000 0.640108 0.469673 0.592814 -0.265731 1.000000 
0.639518 0.466597 0.592814 -0.265731 1.000000 0.639665 0.467320 0.592814 -0.265731 1.000000 0.639788 0.468089 0.592814 -0.265731 1.000000 0.639961 0.468873 0.592814 -0.265731 1.000000 0.640108 0.469673 0.592814 -0.265731 1.000000 0.640330 0.471395 0.592814 -0.265731 1.000000 
0.639665 0.467320 0.592814 -0.265731 1.000000 0.639788 0.468089 0.592814 -0.265731 1.000000 0.639961 0.468873 0.592814 -0.265731 1.000000 0.640108 0.469673 0.592814 -0.265731 1.000000 0.640330 0.471395 0.592814 -0.265731 1.000000 0.640182 0.470519 0.592814 -0.265731 1.000000 
0.639788 0.468089 0.592814 -0.265731 1.000000 0.639961 0.468873 0.592814 -0.265731 1.000000 0.640108 0.469673 0.592814 -0.265731 1.000000 0.640330 0.471395 0.592814 -0.265731 1.000000 0.640182 0.470519 0.592814 -0.265731 1.000000 0.640502 0.472303 0.592814 -0.265731 1.000000 
0.639961 0.468873 0.592814 -0.265731 1.000000 0.640108 0.469673 0.592814 -0.265731 1.000000 0.640330 0.471395 0.592814 -0.265731 1.000000 0.640182 0.470519 0.592814 -0.265731 1.000000 0.640502 0.472303 0.592814 -0.265731 1.000000 0.640551 0.473195 0.592814 -0.265731 1.000000 
0.640108 0.469673 0.592814 -0.265731 1.000000 0.640330 0.471395 0.592814 -0.265731 1.000000 0.640182 0.470519 0.592814 -0.265731 1.000000 0.640502 0.472303 0.592814 -0.265731 1.000000 0.640551 0.473195 0.592814 -0.265731 1.000000 0.640699 0.474071 0.592814 -0.265731 1.000000 
0.640330 0.471395 0.592814 -0.265731 1.000000 0.640182 0.470519 0.592814 -0.265731 1.000000 0.640502 0.472303 0.592814 -0.265731 1.000000 0.640551 0.473195 0.592814 -0.265731 1.000000 0.640699 0.474071 0.592814 -0.265731 1.000000 0.640846 0.474948 0.592814 -0.265731 1.000000 
0.640182 0.470519 0.592814 -0.265731 1.000000 0.640502 0.472303 0.592814 -0.265731 1.000000 0.640551 0.473195 0.592814 -0.265731 1.000000 0.640699 0.474071 0.592814 -0.265731 1.000000 0.640846 0.474948 0.592814 -0.265731 1.000000 0.640970 0.475855 0.592814 -0.265731 1.000000 
0.640502 0.472303 0.592814 -0.265731 1.000000 0.640551 0.473195 0.592814 -0.265731 1.000000 0.640699 0.474071 0.592814 -0.265731 1.000000 0.640846 0.474948 0.592814 -0.265731 1.000000 0.640970 0.475855 0.592814 -0.265731 1.000000 0.641093 0.476762 0.592814 -0.265731 1.000000 
0.640551 0.473195 0.592814 -0.265731 1.000000 0.640699 0.474071 0.592814 -0.265731 1.000000 0.640846 0.474948 0.592814 -0.265731 1.000000 0.640970 0.475855 0.592814 -0.265731 1.000000 0.641093 0.476762 0.592814 -0.265731 1.000000 0.641216 0.477670 0.613073 -0.263758 1.000000 
0.640699 0.474071 0.592814 -0.265731 1.000000 0.640846 0.474948 0.592814 -0.265731 1.000000 0.640970 0.475855 0.592814 -0.265731 1.000000 0.641093 0.476762 0.592814 -0.265731 1.000000 0.641216 0.477670 0.613073 -0.263758 1.000000 0.641314 0.478531 0.613073 -0.263758 1.000000 
0.640846 0.474948 0.592814 -0.265731 1.000000 0.640970 0.475855 0.592814 -0.265731 1.000000 0.641093 0.476762 0.592814 -0.265731 1.000000 0.641216 0.477670 0.613073 -0.263758 1.000000 0.641314 0.478531 0.613073 -0.263758 1.000000 0.641388 0.479346 0.613073 -0.263758 1.000000 
0.640970 0.475855 0.592814 -0.265731 1.000000 0.641093 0.476762 0.592814 -0.265731 1.000000 0.641216 0.477670 0.613073 -0.263758 1.000000 0.641314 0.478531 0.613073 -0.263758 1.000000 0.641388 0.479346 0.613073 -0.263758 1.000000 0.641486 0.480207 0.613073 -0.263758 1.000000 
0.641093 0.476762 0.592814 -0.265731 1.000000 0.641216 0.477670 0.613073 -0.263758 1.000000 0.641314 0.478531 0.613073 -0.263758 1.000000 0.641388 0.479346 0.613073 -0.263758 1.000000 0.641486 0.480207 0.613073 -0.263758 1.000000 0.641609 0.481069 0.613073 -0.263758 1.000000 
0.641216 0.477670 0.613073 -0.263758 1.000000 0.641314 0.478531 0.613073 -0.263758 1.000000 0.641388 0.479346 0.613073 -0.263758 1.000000 0.641486 0.480207 0.613073 -0.263758 1.000000 0.641609 0.481069 0.613073 -0.263758 1.000000 0.641708 0.481899 0.613073 -0.263758 1.000000 
0.641314 0.478531 0.613073 -0.263758 1.000000 0.641388 0.479346 0.613073 -0.263758 1.000000 0.641486 0.480207 0.613073 -0.263758 1.000000 0.641609 0.481069 0.613073 -0.263758 1.000000 0.641708 0.481899 0.613073 -0.263758 1.000000 0.641880 0.482668 0.633292 -0.261115 1.000000 
0.641388 0.479346 0.613073 -0.263758 1.000000 0.641486 0.480207 0.613073 -0.263758 1.000000 0.641609 0.481069 0.613073 -0.263758 1.000000 0.641708 0.481899 0.613073 -0.263758 1.000000 0.641880 0.482668 0.633292 -0.261115 1.000000 0.642077 0.483452 0.633292 -0.261115 1.000000 
0.641486 0.480207 0.613073 -0.263758 1.000000 0.641609 0.481069 0.613073 -0.263758 1.000000 0.641708 0.481899 0.613073 -0.263758 1.000000 0.641880 0.482668 0.633292 -0.261115 1.000000 0.642077 0.483452 0.633292 -0.261115 1.000000 0.642274 0.484298 0.633292 -0.261115 1.000000 
0.641609 0.481069 0.613073 -0.263758 1.000000 0.641708 0.481899 0.613073 -0.263758 1.000000 0.641880 0.482668 0.633292 -0.261115 1.000000 0.642077 0.483452 0.633292 -0.261115 1.000000 0.642274 0.484298 0.633292 -0.261115 1.000000 0.642397 0.485252 0.633292 -0.261115 1.000000 
0.641708 0.481899 0.613073 -0.263758 1.000000 0.641880 0.482668 0.633292 -0.261115 1.000000 0.642077 0.483452 0.633292 -0.261115 1.000000 0.642274 0.484298 0.633292 -0.261115 1.000000 0.642397 0.485252 0.633292 -0.261115 1.000000 0.642520 0.486205 0.633292 -0.261115 1.000000 
0.641880 0.482668 0.633292 -0.261115 1.000000 0.642077 0.483452 0.633292 -0.261115 1.000000 0.642274 0.484298 0.633292 -0.261115 1.000000 0.642397 0.485252 0.633292 -0.261115 1.000000 0.642520 0.486205 0.633292 -0.261115 1.000000 0.642667 0.487097 0.633292 -0.261115 1.000000 
0.642077 0.483452 0.633292 -0.261115 1.000000 0.642274 0.484298 0.633292 -0.261115 1.000000 0.642397 0.485252 0.633292 -0.261115 1.000000 0.642520 0.486205 0.633292 -0.261115 1.000000 0.642667 0.487097 0.633292 -0.261115 1.000000 0.642840 0.487974 0.626912 -0.284723 1.000000 
0.642274 0.484298 0.633292 -0.261115 1.000000 0.642397 0.485252 0.633292 -0.261115 1.000000 0.642520 0.486205 0.633292 -0.261115 1.000000 0.642667 0.487097 0.633292 -0.261115 1.000000 0.642840 0.487974 0.626912 -0.284723 1.000000 0.643036 0.488912 0.626912 -0.284723 1.000000 
0.642397 0.485252 0.633292 -0.261115 1.000000 0.642520 0.486205 0.633292 -0.261115 1.000000 0.642667 0.487097 0.633292 -0.261115 1.000000 0.642840 0.487974 0.626912 -0.284723 1.000000 0.643036 0.488912 0.626912 -0.284723 1.000000 0.643086 0.489927 0.626912 -0.284723 1.000000 
0.642520 0.486205 0.633292 -0.261115 1.000000 0.642667 0.487097 0.633292 -0.261115 1.000000 0.642840 0.487974 0.626912 -0.284723 1.000000 0.643036 0.488912 0.626912 -0.284723 1.000000 0.643086 0.489927 0.626912 -0.284723 1.000000 0.643135 0.490988 0.626912 -0.284723 1.000000 
0.642667 0.487097 0.633292 -0.261115 1.000000 0.642840 0.487974 0.626912 -0.284723 1.000000 0.643036 0.488912 0.626912 -0.284723 1.000000 0.643086 0.489927 0.626912 -0.284723 1.000000 0.643135 0.490988 0.626912 -0.284723 1.000000 0.643159 0.491988 0.626912 -0.284723 1.000000 
0.642840 0.487974 0.626912 -0.284723 1.000000 0.643036 0.488912 0.626912 -0.284723 1.000000 0.643086 0.489927 0.626912 -0.284723 1.000000 0.643135 0.490988 0.626912 -0.284723 1.000000 0.643159 0.491988 0.626912 -0.284723 1.000000 0.643159 0.492910 0.626912 -0.284723 1.000000 
0.643036 0.488912 0.626912 -0.284723 1.000000 0.643086 0.489927 0.626912 -0.284723 1.000000 0.643135 0.490988 0.626912 -0.284723 1.000000 0.643159 0.491988 0.626912 -0.284723 1.000000 0.643159 0.492910 0.626912 -0.284723 1.000000 0.643184 0.493802 0.626912 -0.284723 1.000000 
0.643086 0.489927 0.626912 -0.284723 1.000000 0.643135 0.490988 0.626912 -0.284723 1.000000 0.643159 0.491988 0.626912 -0.284723 1.000000 0.643159 0.492910 0.626912 -0.284723 1.000000 0.643184 0.493802 0.626912 -0.284723 1.000000 0.643209 0.494771 0.626912 -0.284723 1.000000 
0.643135 0.490988 0.626912 -0.284723 1.000000 0.643159 0.491988 0.626912 -0.284723 1.000000 0.643159 0.492910 0.626912 -0.284723 1.000000 0.643184 0.493802 0.626912 -0.284723 1.000000 0.643209 0.494771 0.626912 -0.284723 1.000000 0.643209 0.495817 0.626912 -0.284723 1.000000 
0.643159 0.491988 0.626912 -0.284723 1.000000 0.643159 0.492910 0.626912 -0.284723 1.000000 0.643184 0.493802 0.626912 -0.284723 1.000000 0.643209 0.494771 0.626912 -0.284723 1.000000 0.643209 0.495817 0.626912 -0.284723 1.000000 0.643209 0.496832 0.626912 -0.284723 1.000000 
0.643159 0.492910 0.626912 -0.284723 1.000000 0.643184 0.493802 0.626912 -0.284723 1.000000 0.643209 0.494771 0.626912 -0.284723 1.000000 0.643209 0.495817 0.626912 -0.284723 1.000000 0.643209 0.496832 0.626912 -0.284723 1.000000 0.643209 0.497832 0.609842 -0.275128 1.000000 
0.643209 0.494771 0.626912 -0.284723 1.000000 0.643209 0.495817 0.626912 -0.284723 1.000000 0.643209 0.496832 0.626912 -0.284723 1.000000 0.643209 0.497832 0.609842 -0.275128 1.000000 0.643209 0.499739 0.609842 -0.275128 1.000000 0.643209 0.498770 0.609842 -0.275128 1.000000 
0.622539 0.474117 0.617092 -0.506172 0.000000 0.620571 0.474425 0.617092 -0.506172 0.000000 0.621555 0.474256 0.617092 -0.506172 0.000000 0.623499 0.473963 0.617092 -0.506172 0.000000 0.624409 0.473810 0.606852 -0.481995 0.000000 0.625295 0.473641 0.606852 -0.481995 0.000000 
0.620571 0.474425 0.617092 -0.506172 0.000000 0.621555 0.474256 0.617092 -0.506172 0.000000 0.623499 0.473963 0.617092 -0.506172 0.000000 0.624409 0.473810 0.606852 -0.481995 0.000000 0.625295 0.473641 0.606852 -0.481995 0.000000 0.626107 0.473441 0.606852 -0.481995 0.000000 
0.621555 0.474256 0.617092 -0.506172 0.000000 0.623499 0.473963 0.617092 -0.506172 0.000000 0.624409 0.473810 0.606852 -0.481995 0.000000 0.625295 0.473641 0.606852 -0.481995 0.000000 0.626107 0.473441 0.606852 -0.481995 0.000000 0.626870 0.473210 0.606852 -0.481995 0.000000 
0.623499 0.473963 0.617092 -0.506172 0.000000 0.624409 0.473810 0.606852 -0.481995 0.000000 0.625295 0.473641 0.606852 -0.481995 0.000000 0.626107 0.473441 0.606852 -0.481995 0.000000 0.626870 0.473210 0.606852 -0.481995 0.000000 0.627559 0.472948 0.606852 -0.481995 0.000000 
0.624409 0.473810 0.606852 -0.481995 0.000000 0.625295 0.473641 0.606852 -0.481995 0.000000 0.626107 0.473441 0.606852 -0.481995 0.000000 0.626870 0.473210 0.606852 -0.481995 0.000000 0.627559 0.472948 0.606852 -0.481995 0.000000 0.628125 0.472687 0.606852 -0.481995 0.000000 
0.625295 0.473641 0.606852 -0.481995 0.000000 0.626107 0.473441 0.606852 -0.481995 0.000000 0.626870 0.473210 0.606852 -0.481995 0.000000 0.627559 0.472948 0.606852 -0.481995 0.000000 0.628125 0.472687 0.606852 -0.481995 0.000000 0.628543 0.472410 0.606852 -0.481995 0.000000 
0.626107 0.473441 0.606852 -0.481995 0.000000 0.626870 0.473210 0.606852 -0.481995 0.000000 0.627559 0.472948 0.606852 -0.481995 0.000000 0.628125 0.472687 0.606852 -0.481995 0.000000 0.628543 0.472410 0.606852 -0.481995 0.000000 0.628863 0.472149 0.606852 -0.481995 0.000000 
0.626870 0.473210 0.606852 -0.481995 0.000000 0.627559 0.472948 0.606852 -0.481995 0.000000 0.628125 0.472687 0.606852 -0.481995 0.000000 0.628543 0.472410 0.606852 -0.481995 0.000000 0.628863 0.472149 0.606852 -0.481995 0.000000 0.629060 0.471918 0.600593 -0.491399 0.000000 
0.627559 0.472948 0.606852 -0.481995 0.000000 0.628125 0.472687 0.606852 -0.481995 0.000000 0.628543 0.472410 0.606852 -0.481995 0.000000 0.628863 0.472149 0.606852 -0.481995 0.000000 0.629060 0.471918 0.600593 -0.491399 0.000000 0.629183 0.471703 0.600593 -0.491399 0.000000 
0.628125 0.472687 0.606852 -0.481995 0.000000 0.628543 0.472410 0.606852 -0.481995 0.000000 0.628863 0.472149 0.606852 -0.481995 0.000000 0.629060 0.471918 0.600593 -0.491399 0.000000 0.629183 0.471703 0.600593 -0.491399 0.000000 0.629282 0.471518 0.600593 -0.491399 0.000000 
0.628543 0.472410 0.606852 -0.481995 0.000000 0.628863 0.472149 0.606852 -0.481995 0.000000 0.629060 0.471918 0.600593 -0.491399 0.000000 0.629183 0.471703 0.600593 -0.491399 0.000000 0.629282 0.471518 0.600593 -0.491399 0.000000 0.629306 0.471364 0.590400 -0.467626 0.000000 
0.628863 0.472149 0.606852 -0.481995 0.000000 0.629060 0.471918 0.600593 -0.491399 0.000000 0.629183 0.471703 0.600593 -0.491399 0.000000 0.629282 0.471518 0.600593 -0.491399 0.000000 0.629306 0.471364 0.590400 -0.467626 0.000000 0.629306 0.471226 0.590400 -0.467626 0.000000 
0.629060 0.471918 0.600593 -0.491399 0.000000 0.629183 0.471703 0.600593 -0.491399 0.000000 0.629282 0.471518 0.600593 -0.491399 0.000000 0.629306 0.471364 0.590400 -0.467626 0.000000 0.629306 0.471226 0.590400 -0.467626 0.000000 0.629355 0.471103 0.584222 -0.476840 0.000000 
0.629183 0.471703 0.600593 -0.491399 0.000000 0.629282 0.471518 0.600593 -0.491399 0.000000 0.629306 0.471364 0.590400 -0.467626 0.000000 0.629306 0.471226 0.590400 -0.467626 0.000000 0.629355 0.471103 0.584222 -0.476840 0.000000 0.629429 0.470980 0.584222 -0.476840 0.000000 
0.629282 0.471518 0.600593 -0.491399 0.000000 0.629306 0.471364 0.590400 -0.467626 0.000000 0.629306 0.471226 0.590400 -0.467626 0.000000 0.629355 0.471103 0.584222 -0.476840 0.000000 0.629429 0.470980 0.584222 -0.476840 0.000000 0.629552 0.470872 0.584222 -0.476840 0.000000 
0.629306 0.471364 0.590400 -0.467626 0.000000 0.629306 0.471226 0.590400 -0.467626 0.000000 0.629355 0.471103 0.584222 -0.476840 0.000000 0.629429 0.470980 0.584222 -0.476840 0.000000 0.629552 0.470872 0.584222 -0.476840 0.000000 0.629749 0.470749 0.584222 -0.476840 0.000000 
0.629306 0.471226 0.590400 -0.467626 0.000000 0.629355 0.471103 0.584222 -0.476840 0.000000 0.629429 0.470980 0.584222 -0.476840 0.000000 0.629552 0.470872 0.584222 -0.476840 0.000000 0.629749 0.470749 0.584222 -0.476840 0.000000 0.629995 0.470595 0.561700 -0.471309 0.000000 
0.629355 0.471103 0.584222 -0.476840 0.000000 0.629429 0.470980 0.584222 -0.476840 0.000000 0.629552 0.470872 0.584222 -0.476840 0.000000 0.629749 0.470749 0.584222 -0.476840 0.000000 0.629995 0.470595 0.561700 -0.471309 0.000000 0.630290 0.470426 0.561700 -0.471309 0.000000 
0.629429 0.470980 0.584222 -0.476840 0.000000 0.629552 0.470872 0.584222 -0.476840 0.000000 0.629749 0.470749 0.584222 -0.476840 0.000000 0.629995 0.470595 0.561700 -0.471309 0.000000 0.630290 0.470426 0.561700 -0.471309 0.000000 0.630635 0.470242 0.561700 -0.471309 0.000000 
0.629552 0.470872 0.584222 -0.476840 0.000000 0.629749 0.470749 0.584222 -0.476840 0.000000 0.629995 0.470595 0.561700 -0.471309 0.000000 0.630290 0.470426 0.561700 -0.471309 0.000000 0.630635 0.470242 0.561700 -0.471309 0.000000 0.631053 0.470057 0.561700 -0.471309 0.000000 
0.629749 0.470749 0.584222 -0.476840 0.000000 0.629995 0.470595 0.561700 -0.471309 0.000000 0.630290 0.470426 0.561700 -0.471309 0.000000 0.630635 0.470242 0.561700 -0.471309 0.000000 0.631053 0.470057 0.561700 -0.471309 0.000000 0.632357 0.469442 0.561700 -0.471309 0.000000 
0.629995 0.470595 0.561700 -0.471309 0.000000 0.630290 0.470426 0.561700 -0.471309 0.000000 0.630635 0.470242 0.561700 -0.471309 0.000000 0.631053 0.470057 0.561700 -0.471309 0.000000 0.632357 0.469442 0.561700 -0.471309 0.000000 0.631471 0.469857 0.561700 -0.471309 0.000000 
0.630290 0.470426 0.561700 -0.471309 0.000000 0.630635 0.470242 0.561700 -0.471309 0.000000 0.631053 0.470057 0.561700 -0.471309 0.000000 0.632357 0.469442 0.561700 -0.471309 0.000000 0.631471 0.469857 0.561700 -0.471309 0.000000 0.631914 0.469657 0.561700 -0.471309 0.000000 
0.630635 0.470242 0.561700 -0.471309 0.000000 0.631053 0.470057 0.561700 -0.471309 0.000000 0.632357 0.469442 0.561700 -0.471309 0.000000 0.631471 0.469857 0.561700 -0.471309 0.000000 0.631914 0.469657 0.561700 -0.471309 0.000000 0.632800 0.469227 0.561700 -0.471309 0.000000 
0.631053 0.470057 0.561700 -0.471309 0.000000 0.632357 0.469442 0.561700 -0.471309 0.000000 0.631471 0.469857 0.561700 -0.471309 0.000000 0.631914 0.469657 0.561700 -0.471309 0.000000 0.632800 0.469227 0.561700 -0.471309 0.000000 0.633760 0.468781 0.561700 -0.471309 0.000000 
0.632357 0.469442 0.561700 -0.471309 0.000000 0.631471 0.469857 0.561700 -0.471309 0.000000 0.631914 0.469657 0.561700 -0.471309 0.000000 0.632800 0.469227 0.561700 -0.471309 0.000000 0.633760 0.468781 0.561700 -0.471309 0.000000 0.633292 0.468996 0.561700 -0.471309 0.000000 
0.631471 0.469857 0.561700 -0.471309 0.000000 0.631914 0.469657 0.561700 -0.471309 0.000000 0.632800 0.469227 0.561700 -0.471309 0.000000 0.633760 0.468781 0.561700 -0.471309 0.000000 0.633292 0.468996 0.561700 -0.471309 0.000000 0.634203 0.468535 0.539315 -0.465407 0.000000 
0.631914 0.469657 0.561700 -0.471309 0.000000 0.632800 0.469227 0.561700 -0.471309 0.000000 0.633760 0.468781 0.561700 -0.471309 0.000000 0.633292 0.468996 0.561700 -0.471309 0.000000 0.634203 0.468535 0.539315 -0.465407 0.000000 0.634990 0.468104 0.541732 -0.496565 0.000000 
0.632800 0.469227 0.561700 -0.471309 0.000000 0.633760 0.468781 0.561700 -0.471309 0.000000 0.633292 0.468996 0.561700 -0.471309 0.000000 0.634203 0.468535 0.539315 -0.465407 0.000000 0.634990 0.468104 0.541732 -0.496565 0.000000 0.634596 0.468304 0.541732 -0.496565 0.000000 
0.633760 0.468781 0.561700 -0.471309 0.000000 0.633292 0.468996 0.561700 -0.471309 0.000000 0.634203 0.468535 0.539315 -0.465407 0.000000 0.634990 0.468104 0.541732 -0.496565 0.000000 0.634596 0.468304 0.541732 -0.496565 0.000000 0.635359 0.467889 0.541732 -0.496565 0.000000 
0.633292 0.468996 0.561700 -0.471309 0.000000 0.634203 0.468535 0.539315 -0.465407 0.000000 0.634990 0.468104 0.541732 -0.496565 0.000000 0.634596 0.468304 0.541732 -0.496565 0.000000 0.635359 0.467889 0.541732 -0.496565 0.000000 0.635704 0.467689 0.541732 -0.496565 0.000000 
0.634203 0.468535 0.539315 -0.465407 0.000000 0.634990 0.468104 0.541732 -0.496565 0.000000 0.634596 0.468304 0.541732 -0.496565 0.000000 0.635359 0.467889 0.541732 -0.496565 0.000000 0.635704 0.467689 0.541732 -0.496565 0.000000 0.635974 0.467489 0.541732 -0.496565 0.000000 
0.634990 0.468104 0.541732 -0.496565 0.000000 0.634596 0.468304 0.541732 -0.496565 0.000000 0.635359 0.467889 0.541732 -0.496565 0.000000 0.635704 0.467689 0.541732 -0.496565 0.000000 0.635974 0.467489 0.541732 -0.496565 0.000000 0.636147 0.467289 0.541732 -0.496565 0.000000 
0.634596 0.468304 0.541732 -0.496565 0.000000 0.635359 0.467889 0.541732 -0.496565 0.000000 0.635704 0.467689 0.541732 -0.496565 0.000000 0.635974 0.467489 0.541732 -0.496565 0.000000 0.636147 0.467289 0.541732 -0.496565 0.000000 0.636245 0.467089 0.541732 -0.496565 0.000000 
0.635359 0.467889 0.541732 -0.496565 0.000000 0.635704 0.467689 0.541732 -0.496565 0.000000 0.635974 0.467489 0.541732 -0.496565 0.000000 0.636147 0.467289 0.541732 -0.496565 0.000000 0.636245 0.467089 0.541732 -0.496565 0.000000 0.636294 0.466935 0.534693 -0.504585 0.000000 
0.635704 0.467689 0.541732 -0.496565 0.000000 0.635974 0.467489 0.541732 -0.496565 0.000000 0.636147 0.467289 0.541732 -0.496565 0.000000 0.636245 0.467089 0.541732 -0.496565 0.000000 0.636294 0.466935 0.534693 -0.504585 0.000000 0.636319 0.466797 0.534693 -0.504585 0.000000 
0.635974 0.467489 0.541732 -0.496565 0.000000 0.636147 0.467289 0.541732 -0.496565 0.000000 0.636245 0.467089 0.541732 -0.496565 0.000000 0.636294 0.466935 0.534693 -0.504585 0.000000 0.636319 0.466797 0.534693 -0.504585 0.000000 0.636319 0.466658 0.534693 -0.504585 0.000000 
0.636147 0.467289 0.541732 -0.496565 0.000000 0.636245 0.467089 0.541732 -0.496565 0.000000 0.636294 0.466935 0.534693 -0.504585 0.000000 0.636319 0.466797 0.534693 -0.504585 0.000000 0.636319 0.466658 0.534693 -0.504585 0.000000 0.636319 0.466551 0.534693 -0.504585 0.000000 
0.636245 0.467089 0.541732 -0.496565 0.000000 0.636294 0.466935 0.534693 -0.504585 0.000000 0.636319 0.466797 0.534693 -0.504585 0.000000 0.636319 0.466658 0.534693 -0.504585 0.000000 0.636319 0.466551 0.534693 -0.504585 0.000000 0.636319 0.466459 0.541732 -0.496565 0.000000 
0.636294 0.466935 0.534693 -0.504585 0.000000 0.636319 0.466797 0.534693 -0.504585 0.000000 0.636319 0.466658 0.534693 -0.504585 0.000000 0.636319 0.466551 0.534693 -0.504585 0.000000 0.636319 0.466459 0.541732 -0.496565 0.000000 0.636319 0.466382 0.541732 -0.496565 0.000000 
0.636319 0.466797 0.534693 -0.504585 0.000000 0.636319 0.466658 0.534693 -0.504585 0.000000 0.636319 0.466551 0.534693 -0.504585 0.000000 0.636319 0.466459 0.541732 -0.496565 0.000000 0.636319 0.466382 0.541732 -0.496565 0.000000 0.636319 0.466336 0.541732 -0.496565 0.018573 
0.636319 0.466658 0.534693 -0.504585 0.000000 0.636319 0.466551 0.534693 -0.504585 0.000000 0.636319 0.466459 0.541732 -0.496565 0.000000 0.636319 0.466382 0.541732 -0.496565 0.000000 0.636319 0.466336 0.541732 -0.496565 0.018573 0.636319 0.466320 0.541732 -0.496565 0.038123 
0.636319 0.466551 0.534693 -0.504585 0.000000 0.636319 0.466459 0.541732 -0.496565 0.000000 0.636319 0.466382 0.541732 -0.496565 0.000000 0.636319 0.466336 0.541732 -0.496565 0.018573 0.636319 0.466320 0.541732 -0.496565 0.038123 0.636245 0.466289 0.541732 -0.496565 0.055718 
0.636319 0.466459 0.541732 -0.496565 0.000000 0.636319 0.466382 0.541732 -0.496565 0.000000 0.636319 0.466336 0.541732 -0.496565 0.018573 0.636319 0.466320 0.541732 -0.496565 0.038123 0.636245 0.466289 0.541732 -0.496565 0.055718 0.636196 0.466259 0.541732 -0.496565 0.079179 
0.636319 0.466382 0.541732 -0.496565 0.000000 0.636319 0.466336 0.541732 -0.496565 0.018573 0.636319 0.466320 0.541732 -0.496565 0.038123 0.636245 0.466289 0.541732 -0.496565 0.055718 0.636196 0.466259 0.541732 -0.496565 0.079179 0.636147 0.466212 0.541732 -0.496565 0.097752 
0.636319 0.466336 0.541732 -0.496565 0.018573 0.636319 0.466320 0.541732 -0.496565 0.038123 0.636245 0.466289 0.541732 -0.496565 0.055718 0.636196 0.466259 0.541732 -0.496565 0.079179 0.636147 0.466212 0.541732 -0.496565 0.097752 0.636122 0.466166 0.541732 -0.496565 0.117302 
0.636319 0.466320 0.541732 -0.496565 0.038123 0.636245 0.466289 0.541732 -0.496565 0.055718 0.636196 0.466259 0.541732 -0.496565 0.079179 0.636147 0.466212 0.541732 -0.496565 0.097752 0.636122 0.466166 0.541732 -0.496565 0.117302 0.636122 0.466136 0.541732 -0.496565 0.131965 
0.636245 0.466289 0.541732 -0.496565 0.055718 0.636196 0.466259 0.541732 -0.496565 0.079179 0.636147 0.466212 0.541732 -0.496565 0.097752 0.636122 0.466166 0.541732 -0.496565 0.117302 0.636122 0.466136 0.541732 -0.496565 0.131965 0.636097 0.466089 0.541732 -0.496565 0.146628 
0.636196 0.466259 0.541732 -0.496565 0.079179 0.636147 0.466212 0.541732 -0.496565 0.097752 0.636122 0.466166 0.541732 -0.496565 0.117302 0.636122 0.466136 0.541732 -0.496565 0.131965 0.636097 0.466089 0.541732 -0.496565 0.146628 0.636097 0.466059 0.541732 -0.496565 0.160313 
0.636147 0.466212 0.541732 -0.496565 0.097752 0.636122 0.466166 0.541732 -0.496565 0.117302 0.636122 0.466136 0.541732 -0.496565 0.131965 0.636097 0.466089 0.541732 -0.496565 0.146628 0.636097 0.466059 0.541732 -0.496565 0.160313 0.636073 0.466043 0.541732 -0.496565 0.174976 
0.636122 0.466166 0.541732 -0.496565 0.117302 0.636122 0.466136 0.541732 -0.496565 0.131965 0.636097 0.466089 0.541732 -0.496565 0.146628 0.636097 0.466059 0.541732 -0.496565 0.160313 0.636073 0.466043 0.541732 -0.496565 0.174976 0.636073 0.466013 0.541732 -0.496565 0.187683 
0.636122 0.466136 0.541732 -0.496565 0.131965 0.636097 0.466089 0.541732 -0.496565 0.146628 0.636097 0.466059 0.541732 -0.496565 0.160313 0.636073 0.466043 0.541732 -0.496565 0.174976 0.636073 0.466013 0.541732 -0.496565 0.187683 0.636048 0.466013 0.541732 -0.496565 0.252199 
0.636097 0.466089 0.541732 -0.496565 0.146628 0.636097 0.466059 0.541732 -0.496565 0.160313 0.636073 0.466043 0.541732 -0.496565 0.174976 0.636073 0.466013 0.541732 -0.496565 0.187683 0.636048 0.466013 0.541732 -0.496565 0.252199 0.635925 0.466013 0.541732 -0.496565 0.277615 
0.636097 0.466059 0.541732 -0.496565 0.160313 0.636073 0.466043 0.541732 -0.496565 0.174976 0.636073 0.466013 0.541732 -0.496565 0.187683 0.636048 0.466013 0.541732 -0.496565 0.252199 0.635925 0.466013 0.541732 -0.496565 0.277615 0.635679 0.466120 0.541732 -0.496565 0.311828 
0.636073 0.466043 0.541732 -0.496565 0.174976 0.636073 0.466013 0.541732 -0.496565 0.187683 0.636048 0.466013 0.541732 -0.496565 0.252199 0.635925 0.466013 0.541732 -0.496565 0.277615 0.635679 0.466120 0.541732 -0.496565 0.311828 0.635236 0.466489 0.541732 -0.496565 0.349951 
0.636073 0.466013 0.541732 -0.496565 0.187683 0.636048 0.466013 0.541732 -0.496565 0.252199 0.635925 0.466013 0.541732 -0.496565 0.277615 0.635679 0.466120 0.541732 -0.496565 0.311828 0.635236 0.466489 0.541732 -0.496565 0.349951 0.634572 0.467043 0.539315 -0.465407 0.387097 
0.636048 0.466013 0.541732 -0.496565 0.252199 0.635925 0.466013 0.541732 -0.496565 0.277615 0.635679 0.466120 0.541732 -0.496565 0.311828 0.635236 0.466489 0.541732 -0.496565 0.349951 0.634572 0.467043 0.539315 -0.465407 0.387097 0.633637 0.467781 0.539315 -0.465407 0.419355 
0.635925 0.466013 0.541732 -0.496565 0.277615 0.635679 0.466120 0.541732 -0.496565 0.311828 0.635236 0.466489 0.541732 -0.496565 0.349951 0.634572 0.467043 0.539315 -0.465407 0.387097 0.633637 0.467781 0.539315 -0.465407 0.419355 0.632431 0.468719 0.539315 -0.465407 0.425220 
0.635679 0.466120 0.541732 -0.496565 0.311828 0.635236 0.466489 0.541732 -0.496565 0.349951 0.634572 0.467043 0.539315 -0.465407 0.387097 0.633637 0.467781 0.539315 -0.465407 0.419355 0.632431 0.468719 0.539315 -0.465407 0.425220 0.630905 0.469827 0.539315 -0.465407 0.451613 
0.635236 0.466489 0.541732 -0.496565 0.349951 0.634572 0.467043 0.539315 -0.465407 0.387097 0.633637 0.467781 0.539315 -0.465407 0.419355 0.632431 0.468719 0.539315 -0.465407 0.425220 0.630905 0.469827 0.539315 -0.465407 0.451613 0.629183 0.471118 0.539315 -0.465407 0.468231 
0.634572 0.467043 0.539315 -0.465407 0.387097 0.633637 0.467781 0.539315 -0.465407 0.419355 0.632431 0.468719 0.539315 -0.465407 0.425220 0.630905 0.469827 0.539315 -0.465407 0.451613 0.629183 0.471118 0.539315 -0.465407 0.468231 0.627239 0.472564 0.539315 -0.465407 0.475073 
0.633637 0.467781 0.539315 -0.465407 0.419355 0.632431 0.468719 0.539315 -0.465407 0.425220 0.630905 0.469827 0.539315 -0.465407 0.451613 0.629183 0.471118 0.539315 -0.465407 0.468231 0.627239 0.472564 0.539315 -0.465407 0.475073 0.625172 0.474071 0.551856 -0.448338 0.521994 
