0.572638 0.488927 0.108271 -0.159775 0.000000 0.558661 0.494048 0.070155 -0.121116 0.000000 0.542790 0.499139 0.032762 -0.080941 0.000000 0.525935 0.503799 0.000000 -0.052360 0.000000 0.509400 0.507674 0.000000 -0.017453 0.000000 0.492446 0.510550 0.000000 0.000000 0.000000 
0.565797 0.491449 0.083735 -0.133519 0.000000 0.551009 0.496570 0.055685 -0.108968 0.000000 0.534350 0.501569 0.016915 -0.067746 0.000000 0.517717 0.505875 0.000000 -0.034907 0.000000 0.501033 0.509258 0.000000 -0.017453 0.000000 0.484055 0.511703 0.000000 0.000000 0.000000 
0.558661 0.494048 0.070155 -0.121116 0.000000 0.542790 0.499139 0.032762 -0.080941 0.000000 0.525935 0.503799 0.000000 -0.052360 0.000000 0.509400 0.507674 0.000000 -0.017453 0.000000 0.492446 0.510550 0.000000 0.000000 0.000000 0.476132 0.512595 0.000000 0.000000 0.000000 
0.551009 0.496570 0.055685 -0.108968 0.000000 0.534350 0.501569 0.016915 -0.067746 0.000000 0.517717 0.505875 0.000000 -0.034907 0.000000 0.501033 0.509258 0.000000 -0.017453 0.000000 0.484055 0.511703 0.000000 0.000000 0.000000 0.468602 0.513318 0.000000 0.000000 0.000000 
0.542790 0.499139 0.032762 -0.080941 0.000000 0.525935 0.503799 0.000000 -0.052360 0.000000 0.509400 0.507674 0.000000 -0.017453 0.000000 0.492446 0.510550 0.000000 0.000000 0.000000 0.476132 0.512595 0.000000 0.000000 0.000000 0.461147 0.513995 0.000000 0.000000 0.000000 
0.534350 0.501569 0.016915 -0.067746 0.000000 0.517717 0.505875 0.000000 -0.034907 0.000000 0.501033 0.509258 0.000000 -0.017453 0.000000 0.484055 0.511703 0.000000 0.000000 0.000000 0.468602 0.513318 0.000000 0.000000 0.000000 0.453814 0.514610 0.000000 0.000000 0.000000 
0.525935 0.503799 0.000000 -0.052360 0.000000 0.509400 0.507674 0.000000 -0.017453 0.000000 0.492446 0.510550 0.000000 0.000000 0.000000 0.476132 0.512595 0.000000 0.000000 0.000000 0.461147 0.513995 0.000000 0.000000 0.000000 0.446727 0.515241 0.000000 0.000000 0.000000 
0.517717 0.505875 0.000000 -0.034907 0.000000 0.501033 0.509258 0.000000 -0.017453 0.000000 0.484055 0.511703 0.000000 0.000000 0.000000 0.468602 0.513318 0.000000 0.000000 0.000000 0.453814 0.514610 0.000000 0.000000 0.000000 0.439542 0.515856 0.000000 0.000000 0.000000 
0.509400 0.507674 0.000000 -0.017453 0.000000 0.492446 0.510550 0.000000 0.000000 0.000000 0.476132 0.512595 0.000000 0.000000 0.000000 0.461147 0.513995 0.000000 0.000000 0.000000 0.446727 0.515241 0.000000 0.000000 0.000000 0.432530 0.516517 0.000000 0.000000 0.000000 
0.501033 0.509258 0.000000 -0.017453 0.000000 0.484055 0.511703 0.000000 0.000000 0.000000 0.468602 0.513318 0.000000 0.000000 0.000000 0.453814 0.514610 0.000000 0.000000 0.000000 0.439542 0.515856 0.000000 0.000000 0.000000 0.425861 0.517209 0.000000 0.000000 0.000000 
0.492446 0.510550 0.000000 0.000000 0.000000 0.476132 0.512595 0.000000 0.000000 0.000000 0.461147 0.513995 0.000000 0.000000 0.000000 0.446727 0.515241 0.000000 0.000000 0.000000 0.432530 0.516517 0.000000 0.000000 0.000000 0.419390 0.517993 0.000000 0.000000 0.000000 
0.484055 0.511703 0.000000 0.000000 0.000000 0.468602 0.513318 0.000000 0.000000 0.000000 0.453814 0.514610 0.000000 0.000000 0.000000 0.439542 0.515856 0.000000 0.000000 0.000000 0.425861 0.517209 0.000000 0.000000 0.000000 0.413238 0.518885 0.000000 0.000000 0.000000 
0.476132 0.512595 0.000000 0.000000 0.000000 0.461147 0.513995 0.000000 0.000000 0.000000 0.446727 0.515241 0.000000 0.000000 0.000000 0.432530 0.516517 0.000000 0.000000 0.000000 0.419390 0.517993 0.000000 0.000000 0.000000 0.407210 0.519916 0.000000 0.000000 0.000000 
0.468602 0.513318 0.000000 0.000000 0.000000 0.453814 0.514610 0.000000 0.000000 0.000000 0.439542 0.515856 0.000000 0.000000 0.000000 0.425861 0.517209 0.000000 0.000000 0.000000 0.413238 0.518885 0.000000 0.000000 0.000000 0.401550 0.520931 0.000000 0.000000 0.000000 
