0.431668 0.498201 0.557572 -0.511605 0.482893 0.429257 0.498278 0.557572 -0.511605 0.485826 0.427042 0.498385 0.557572 -0.511605 0.483871 0.424975 0.498508 0.557572 -0.511605 0.485826 0.422982 0.498708 0.557572 -0.511605 0.483871 0.421161 0.499000 0.557572 -0.511605 0.486804 
0.430438 0.498231 0.557572 -0.511605 0.485826 0.428125 0.498324 0.557572 -0.511605 0.483871 0.425984 0.498447 0.557572 -0.511605 0.483871 0.423942 0.498601 0.557572 -0.511605 0.481916 0.422047 0.498847 0.557572 -0.511605 0.482893 0.420325 0.499170 0.557572 -0.511605 0.480938 
0.429257 0.498278 0.557572 -0.511605 0.485826 0.427042 0.498385 0.557572 -0.511605 0.483871 0.424975 0.498508 0.557572 -0.511605 0.485826 0.422982 0.498708 0.557572 -0.511605 0.483871 0.421161 0.499000 0.557572 -0.511605 0.486804 0.419562 0.499339 0.557572 -0.511605 0.482893 
0.428125 0.498324 0.557572 -0.511605 0.483871 0.425984 0.498447 0.557572 -0.511605 0.483871 0.423942 0.498601 0.557572 -0.511605 0.481916 0.422047 0.498847 0.557572 -0.511605 0.482893 0.420325 0.499170 0.557572 -0.511605 0.480938 0.418873 0.499508 0.557572 -0.511605 0.484848 
0.427042 0.498385 0.557572 -0.511605 0.483871 0.424975 0.498508 0.557572 -0.511605 0.485826 0.422982 0.498708 0.557572 -0.511605 0.483871 0.421161 0.499000 0.557572 -0.511605 0.486804 0.419562 0.499339 0.557572 -0.511605 0.482893 0.418233 0.499692 0.557572 -0.511605 0.481916 
0.425984 0.498447 0.557572 -0.511605 0.483871 0.423942 0.498601 0.557572 -0.511605 0.481916 0.422047 0.498847 0.557572 -0.511605 0.482893 0.420325 0.499170 0.557572 -0.511605 0.480938 0.418873 0.499508 0.557572 -0.511605 0.484848 0.417224 0.499969 0.557572 -0.511605 0.485826 
0.424975 0.498508 0.557572 -0.511605 0.485826 0.422982 0.498708 0.557572 -0.511605 0.483871 0.421161 0.499000 0.557572 -0.511605 0.486804 0.419562 0.499339 0.557572 -0.511605 0.482893 0.418233 0.499692 0.557572 -0.511605 0.481916 0.417692 0.499846 0.557572 -0.511605 0.480938 
0.423942 0.498601 0.557572 -0.511605 0.481916 0.422047 0.498847 0.557572 -0.511605 0.482893 0.420325 0.499170 0.557572 -0.511605 0.480938 0.418873 0.499508 0.557572 -0.511605 0.484848 0.417224 0.499969 0.557572 -0.511605 0.485826 0.416880 0.500062 0.557572 -0.511605 0.490714 
0.422982 0.498708 0.557572 -0.511605 0.483871 0.421161 0.499000 0.557572 -0.511605 0.486804 0.419562 0.499339 0.557572 -0.511605 0.482893 0.418233 0.499692 0.557572 -0.511605 0.481916 0.417692 0.499846 0.557572 -0.511605 0.480938 0.416585 0.500138 0.557572 -0.511605 0.492669 
0.422047 0.498847 0.557572 -0.511605 0.482893 0.420325 0.499170 0.557572 -0.511605 0.480938 0.418873 0.499508 0.557572 -0.511605 0.484848 0.417224 0.499969 0.557572 -0.511605 0.485826 0.416880 0.500062 0.557572 -0.511605 0.490714 0.416363 0.500169 0.557572 -0.511605 0.495601 
0.421161 0.499000 0.557572 -0.511605 0.486804 0.419562 0.499339 0.557572 -0.511605 0.482893 0.418233 0.499692 0.557572 -0.511605 0.481916 0.417692 0.499846 0.557572 -0.511605 0.480938 0.416585 0.500138 0.557572 -0.511605 0.492669 0.416191 0.500200 0.557572 -0.511605 0.498534 
0.420325 0.499170 0.557572 -0.511605 0.480938 0.418873 0.499508 0.557572 -0.511605 0.484848 0.417224 0.499969 0.557572 -0.511605 0.485826 0.416880 0.500062 0.557572 -0.511605 0.490714 0.416363 0.500169 0.557572 -0.511605 0.495601 0.416068 0.500200 0.557572 -0.511605 0.502444 
0.419562 0.499339 0.557572 -0.511605 0.482893 0.418233 0.499692 0.557572 -0.511605 0.481916 0.417692 0.499846 0.557572 -0.511605 0.480938 0.416585 0.500138 0.557572 -0.511605 0.492669 0.416191 0.500200 0.557572 -0.511605 0.498534 0.416043 0.500200 0.557572 -0.511605 0.506354 
0.418873 0.499508 0.557572 -0.511605 0.484848 0.417224 0.499969 0.557572 -0.511605 0.485826 0.416880 0.500062 0.557572 -0.511605 0.490714 0.416363 0.500169 0.557572 -0.511605 0.495601 0.416068 0.500200 0.557572 -0.511605 0.502444 0.415994 0.500200 0.557572 -0.511605 0.509286 
0.418233 0.499692 0.557572 -0.511605 0.481916 0.417692 0.499846 0.557572 -0.511605 0.480938 0.416585 0.500138 0.557572 -0.511605 0.492669 0.416191 0.500200 0.557572 -0.511605 0.498534 0.416043 0.500200 0.557572 -0.511605 0.506354 0.415969 0.500200 0.555234 -0.479928 0.529814 
0.417224 0.499969 0.557572 -0.511605 0.485826 0.416880 0.500062 0.557572 -0.511605 0.490714 0.416363 0.500169 0.557572 -0.511605 0.495601 0.416068 0.500200 0.557572 -0.511605 0.502444 0.415994 0.500200 0.557572 -0.511605 0.509286 0.415945 0.500215 0.555234 -0.479928 0.605083 
0.417692 0.499846 0.557572 -0.511605 0.480938 0.416585 0.500138 0.557572 -0.511605 0.492669 0.416191 0.500200 0.557572 -0.511605 0.498534 0.416043 0.500200 0.557572 -0.511605 0.506354 0.415969 0.500200 0.555234 -0.479928 0.529814 0.415920 0.500231 0.555234 -0.479928 0.618768 
0.416880 0.500062 0.557572 -0.511605 0.490714 0.416363 0.500169 0.557572 -0.511605 0.495601 0.416068 0.500200 0.557572 -0.511605 0.502444 0.415994 0.500200 0.557572 -0.511605 0.509286 0.415945 0.500215 0.555234 -0.479928 0.605083 0.415920 0.500261 0.555234 -0.479928 0.625611 
0.416585 0.500138 0.557572 -0.511605 0.492669 0.416191 0.500200 0.557572 -0.511605 0.498534 0.416043 0.500200 0.557572 -0.511605 0.506354 0.415969 0.500200 0.555234 -0.479928 0.529814 0.415920 0.500231 0.555234 -0.479928 0.618768 0.415920 0.500292 0.555234 -0.479928 0.632454 
0.416363 0.500169 0.557572 -0.511605 0.495601 0.416068 0.500200 0.557572 -0.511605 0.502444 0.415994 0.500200 0.557572 -0.511605 0.509286 0.415945 0.500215 0.555234 -0.479928 0.605083 0.415920 0.500261 0.555234 -0.479928 0.625611 0.415920 0.500338 0.555234 -0.479928 0.637341 
0.416191 0.500200 0.557572 -0.511605 0.498534 0.416043 0.500200 0.557572 -0.511605 0.506354 0.415969 0.500200 0.555234 -0.479928 0.529814 0.415920 0.500231 0.555234 -0.479928 0.618768 0.415920 0.500292 0.555234 -0.479928 0.632454 0.415896 0.500369 0.555234 -0.479928 0.640274 
0.416068 0.500200 0.557572 -0.511605 0.502444 0.415994 0.500200 0.557572 -0.511605 0.509286 0.415945 0.500215 0.555234 -0.479928 0.605083 0.415920 0.500261 0.555234 -0.479928 0.625611 0.415920 0.500338 0.555234 -0.479928 0.637341 0.415871 0.500400 0.555234 -0.479928 0.642229 
0.416043 0.500200 0.557572 -0.511605 0.506354 0.415969 0.500200 0.555234 -0.479928 0.529814 0.415920 0.500231 0.555234 -0.479928 0.618768 0.415920 0.500292 0.555234 -0.479928 0.632454 0.415896 0.500369 0.555234 -0.479928 0.640274 0.415846 0.500431 0.555234 -0.479928 0.646139 
0.415994 0.500200 0.557572 -0.511605 0.509286 0.415945 0.500215 0.555234 -0.479928 0.605083 0.415920 0.500261 0.555234 -0.479928 0.625611 0.415920 0.500338 0.555234 -0.479928 0.637341 0.415871 0.500400 0.555234 -0.479928 0.642229 0.415846 0.500461 0.555234 -0.479928 0.649071 
0.415969 0.500200 0.555234 -0.479928 0.529814 0.415920 0.500231 0.555234 -0.479928 0.618768 0.415920 0.500292 0.555234 -0.479928 0.632454 0.415896 0.500369 0.555234 -0.479928 0.640274 0.415846 0.500431 0.555234 -0.479928 0.646139 0.415846 0.500492 0.541732 -0.496565 0.652981 
0.415945 0.500215 0.555234 -0.479928 0.605083 0.415920 0.500261 0.555234 -0.479928 0.625611 0.415920 0.500338 0.555234 -0.479928 0.637341 0.415871 0.500400 0.555234 -0.479928 0.642229 0.415846 0.500461 0.555234 -0.479928 0.649071 0.415822 0.500508 0.541732 -0.496565 0.653959 
0.415920 0.500231 0.555234 -0.479928 0.618768 0.415920 0.500292 0.555234 -0.479928 0.632454 0.415896 0.500369 0.555234 -0.479928 0.640274 0.415846 0.500431 0.555234 -0.479928 0.646139 0.415846 0.500492 0.541732 -0.496565 0.652981 0.415822 0.500523 0.541732 -0.496565 0.654936 
0.415920 0.500261 0.555234 -0.479928 0.625611 0.415920 0.500338 0.555234 -0.479928 0.637341 0.415871 0.500400 0.555234 -0.479928 0.642229 0.415846 0.500461 0.555234 -0.479928 0.649071 0.415822 0.500508 0.541732 -0.496565 0.653959 0.415797 0.500523 0.541732 -0.496565 0.655914 
0.415920 0.500292 0.555234 -0.479928 0.632454 0.415896 0.500369 0.555234 -0.479928 0.640274 0.415846 0.500431 0.555234 -0.479928 0.646139 0.415846 0.500492 0.541732 -0.496565 0.652981 0.415822 0.500523 0.541732 -0.496565 0.654936 0.415773 0.500523 0.541732 -0.496565 0.676442 
0.415920 0.500338 0.555234 -0.479928 0.637341 0.415871 0.500400 0.555234 -0.479928 0.642229 0.415846 0.500461 0.555234 -0.479928 0.649071 0.415822 0.500508 0.541732 -0.496565 0.653959 0.415797 0.500523 0.541732 -0.496565 0.655914 0.415748 0.500523 0.541732 -0.496565 0.685239 
0.415896 0.500369 0.555234 -0.479928 0.640274 0.415846 0.500431 0.555234 -0.479928 0.646139 0.415846 0.500492 0.541732 -0.496565 0.652981 0.415822 0.500523 0.541732 -0.496565 0.654936 0.415773 0.500523 0.541732 -0.496565 0.676442 0.415723 0.500523 0.541732 -0.496565 0.684262 
0.415871 0.500400 0.555234 -0.479928 0.642229 0.415846 0.500461 0.555234 -0.479928 0.649071 0.415822 0.500508 0.541732 -0.496565 0.653959 0.415797 0.500523 0.541732 -0.496565 0.655914 0.415748 0.500523 0.541732 -0.496565 0.685239 0.415699 0.500523 0.541732 -0.496565 0.680352 
0.415846 0.500431 0.555234 -0.479928 0.646139 0.415846 0.500492 0.541732 -0.496565 0.652981 0.415822 0.500523 0.541732 -0.496565 0.654936 0.415773 0.500523 0.541732 -0.496565 0.676442 0.415723 0.500523 0.541732 -0.496565 0.684262 0.415674 0.500523 0.541732 -0.496565 0.677419 
0.415846 0.500461 0.555234 -0.479928 0.649071 0.415822 0.500508 0.541732 -0.496565 0.653959 0.415797 0.500523 0.541732 -0.496565 0.655914 0.415748 0.500523 0.541732 -0.496565 0.685239 0.415699 0.500523 0.541732 -0.496565 0.680352 0.415625 0.500523 0.541732 -0.496565 0.676442 
0.415846 0.500492 0.541732 -0.496565 0.652981 0.415822 0.500523 0.541732 -0.496565 0.654936 0.415773 0.500523 0.541732 -0.496565 0.676442 0.415723 0.500523 0.541732 -0.496565 0.684262 0.415674 0.500523 0.541732 -0.496565 0.677419 0.415551 0.500523 0.541732 -0.496565 0.674487 
0.415822 0.500508 0.541732 -0.496565 0.653959 0.415797 0.500523 0.541732 -0.496565 0.655914 0.415748 0.500523 0.541732 -0.496565 0.685239 0.415699 0.500523 0.541732 -0.496565 0.680352 0.415625 0.500523 0.541732 -0.496565 0.676442 0.415527 0.500523 0.541732 -0.496565 0.668622 
0.415822 0.500523 0.541732 -0.496565 0.654936 0.415773 0.500523 0.541732 -0.496565 0.676442 0.415723 0.500523 0.541732 -0.496565 0.684262 0.415674 0.500523 0.541732 -0.496565 0.677419 0.415551 0.500523 0.541732 -0.496565 0.674487 0.415428 0.500523 0.541732 -0.496565 0.661779 
0.415797 0.500523 0.541732 -0.496565 0.655914 0.415748 0.500523 0.541732 -0.496565 0.685239 0.415699 0.500523 0.541732 -0.496565 0.680352 0.415625 0.500523 0.541732 -0.496565 0.676442 0.415527 0.500523 0.541732 -0.496565 0.668622 0.415354 0.500523 0.541732 -0.496565 0.657869 
0.415773 0.500523 0.541732 -0.496565 0.676442 0.415723 0.500523 0.541732 -0.496565 0.684262 0.415674 0.500523 0.541732 -0.496565 0.677419 0.415551 0.500523 0.541732 -0.496565 0.674487 0.415428 0.500523 0.541732 -0.496565 0.661779 0.415256 0.500523 0.541732 -0.496565 0.650049 
0.415748 0.500523 0.541732 -0.496565 0.685239 0.415699 0.500523 0.541732 -0.496565 0.680352 0.415625 0.500523 0.541732 -0.496565 0.676442 0.415527 0.500523 0.541732 -0.496565 0.668622 0.415354 0.500523 0.541732 -0.496565 0.657869 0.415157 0.500523 0.534693 -0.504585 0.644184 
0.415723 0.500523 0.541732 -0.496565 0.684262 0.415674 0.500523 0.541732 -0.496565 0.677419 0.415551 0.500523 0.541732 -0.496565 0.674487 0.415428 0.500523 0.541732 -0.496565 0.661779 0.415256 0.500523 0.541732 -0.496565 0.650049 0.415010 0.500492 0.534693 -0.504585 0.637341 
0.415699 0.500523 0.541732 -0.496565 0.680352 0.415625 0.500523 0.541732 -0.496565 0.676442 0.415527 0.500523 0.541732 -0.496565 0.668622 0.415354 0.500523 0.541732 -0.496565 0.657869 0.415157 0.500523 0.534693 -0.504585 0.644184 0.414838 0.500400 0.534693 -0.504585 0.634409 
0.415674 0.500523 0.541732 -0.496565 0.677419 0.415551 0.500523 0.541732 -0.496565 0.674487 0.415428 0.500523 0.541732 -0.496565 0.661779 0.415256 0.500523 0.541732 -0.496565 0.650049 0.415010 0.500492 0.534693 -0.504585 0.637341 0.414641 0.500308 0.534693 -0.504585 0.632454 
0.415625 0.500523 0.541732 -0.496565 0.676442 0.415527 0.500523 0.541732 -0.496565 0.668622 0.415354 0.500523 0.541732 -0.496565 0.657869 0.415157 0.500523 0.534693 -0.504585 0.644184 0.414838 0.500400 0.534693 -0.504585 0.634409 0.414395 0.500200 0.534693 -0.504585 0.631476 
0.415551 0.500523 0.541732 -0.496565 0.674487 0.415428 0.500523 0.541732 -0.496565 0.661779 0.415256 0.500523 0.541732 -0.496565 0.650049 0.415010 0.500492 0.534693 -0.504585 0.637341 0.414641 0.500308 0.534693 -0.504585 0.632454 0.414124 0.500062 0.534693 -0.504585 0.632454 
0.415527 0.500523 0.541732 -0.496565 0.668622 0.415354 0.500523 0.541732 -0.496565 0.657869 0.415157 0.500523 0.534693 -0.504585 0.644184 0.414838 0.500400 0.534693 -0.504585 0.634409 0.414395 0.500200 0.534693 -0.504585 0.631476 0.412968 0.499600 0.534693 -0.504585 0.630499 
0.415428 0.500523 0.541732 -0.496565 0.661779 0.415256 0.500523 0.541732 -0.496565 0.650049 0.415010 0.500492 0.534693 -0.504585 0.637341 0.414641 0.500308 0.534693 -0.504585 0.632454 0.414124 0.500062 0.534693 -0.504585 0.632454 0.413755 0.499908 0.534693 -0.504585 0.632454 
0.415354 0.500523 0.541732 -0.496565 0.657869 0.415157 0.500523 0.534693 -0.504585 0.644184 0.414838 0.500400 0.534693 -0.504585 0.634409 0.414395 0.500200 0.534693 -0.504585 0.631476 0.412968 0.499600 0.534693 -0.504585 0.630499 0.413386 0.499769 0.534693 -0.504585 0.629521 
0.415256 0.500523 0.541732 -0.496565 0.650049 0.415010 0.500492 0.534693 -0.504585 0.637341 0.414641 0.500308 0.534693 -0.504585 0.632454 0.414124 0.500062 0.534693 -0.504585 0.632454 0.413755 0.499908 0.534693 -0.504585 0.632454 0.412549 0.499416 0.534693 -0.504585 0.636364 
0.415157 0.500523 0.534693 -0.504585 0.644184 0.414838 0.500400 0.534693 -0.504585 0.634409 0.414395 0.500200 0.534693 -0.504585 0.631476 0.412968 0.499600 0.534693 -0.504585 0.630499 0.413386 0.499769 0.534693 -0.504585 0.629521 0.412057 0.499185 0.534693 -0.504585 0.635386 
0.415010 0.500492 0.534693 -0.504585 0.637341 0.414641 0.500308 0.534693 -0.504585 0.632454 0.414124 0.500062 0.534693 -0.504585 0.632454 0.413755 0.499908 0.534693 -0.504585 0.632454 0.412549 0.499416 0.534693 -0.504585 0.636364 0.411565 0.498985 0.534693 -0.504585 0.621701 
0.464419 0.469088 0.496565 -0.541732 0.639296 0.455463 0.475378 0.496565 -0.541732 0.605083 0.445866 0.482391 0.512407 -0.527460 0.595308 0.436147 0.489358 0.520032 -0.520032 0.613881 0.427534 0.495525 0.520032 -0.520032 0.620723 0.420718 0.500338 0.534693 -0.504585 0.632454 
0.460015 0.472103 0.496565 -0.541732 0.629521 0.450714 0.478823 0.504585 -0.534693 0.597263 0.440945 0.485913 0.512407 -0.527460 0.598240 0.431644 0.492572 0.520032 -0.520032 0.608993 0.423843 0.498170 0.534693 -0.504585 0.629521 0.418233 0.502076 0.557572 -0.511605 0.635386 
0.455463 0.475378 0.496565 -0.541732 0.605083 0.445866 0.482391 0.512407 -0.527460 0.595308 0.436147 0.489358 0.520032 -0.520032 0.613881 0.427534 0.495525 0.520032 -0.520032 0.620723 0.420718 0.500338 0.534693 -0.504585 0.632454 0.416363 0.503353 0.557572 -0.511605 0.658847 
0.450714 0.478823 0.504585 -0.534693 0.597263 0.440945 0.485913 0.512407 -0.527460 0.598240 0.431644 0.492572 0.520032 -0.520032 0.608993 0.423843 0.498170 0.534693 -0.504585 0.629521 0.418233 0.502076 0.557572 -0.511605 0.635386 0.415059 0.504260 0.557572 -0.511605 0.659824 
0.445866 0.482391 0.512407 -0.527460 0.595308 0.436147 0.489358 0.520032 -0.520032 0.613881 0.427534 0.495525 0.520032 -0.520032 0.620723 0.420718 0.500338 0.534693 -0.504585 0.632454 0.416363 0.503353 0.557572 -0.511605 0.658847 0.413755 0.505367 0.571288 -0.494640 0.750733 
0.440945 0.485913 0.512407 -0.527460 0.598240 0.431644 0.492572 0.520032 -0.520032 0.608993 0.423843 0.498170 0.534693 -0.504585 0.629521 0.418233 0.502076 0.557572 -0.511605 0.635386 0.415059 0.504260 0.557572 -0.511605 0.659824 0.414321 0.504829 0.557572 -0.511605 0.669599 
0.436147 0.489358 0.520032 -0.520032 0.613881 0.427534 0.495525 0.520032 -0.520032 0.620723 0.420718 0.500338 0.534693 -0.504585 0.632454 0.416363 0.503353 0.557572 -0.511605 0.658847 0.413755 0.505367 0.571288 -0.494640 0.750733 0.413903 0.505183 0.557572 -0.511605 0.709677 
0.431644 0.492572 0.520032 -0.520032 0.608993 0.423843 0.498170 0.534693 -0.504585 0.629521 0.418233 0.502076 0.557572 -0.511605 0.635386 0.415059 0.504260 0.557572 -0.511605 0.659824 0.414321 0.504829 0.557572 -0.511605 0.669599 0.413730 0.505429 0.571288 -0.494640 0.781036 
0.427534 0.495525 0.520032 -0.520032 0.620723 0.420718 0.500338 0.534693 -0.504585 0.632454 0.416363 0.503353 0.557572 -0.511605 0.658847 0.413755 0.505367 0.571288 -0.494640 0.750733 0.413903 0.505183 0.557572 -0.511605 0.709677 0.413730 0.505398 0.571288 -0.494640 0.811339 
0.423843 0.498170 0.534693 -0.504585 0.629521 0.418233 0.502076 0.557572 -0.511605 0.635386 0.415059 0.504260 0.557572 -0.511605 0.659824 0.414321 0.504829 0.557572 -0.511605 0.669599 0.413730 0.505429 0.571288 -0.494640 0.781036 0.413730 0.505352 0.571288 -0.494640 0.799609 
0.420718 0.500338 0.534693 -0.504585 0.632454 0.416363 0.503353 0.557572 -0.511605 0.658847 0.413755 0.505367 0.571288 -0.494640 0.750733 0.413903 0.505183 0.557572 -0.511605 0.709677 0.413730 0.505398 0.571288 -0.494640 0.811339 0.413755 0.505337 0.571288 -0.494640 0.783969 
0.418233 0.502076 0.557572 -0.511605 0.635386 0.415059 0.504260 0.557572 -0.511605 0.659824 0.414321 0.504829 0.557572 -0.511605 0.669599 0.413730 0.505429 0.571288 -0.494640 0.781036 0.413730 0.505352 0.571288 -0.494640 0.799609 0.413780 0.505306 0.571288 -0.494640 0.771261 
0.416363 0.503353 0.557572 -0.511605 0.658847 0.413755 0.505367 0.571288 -0.494640 0.750733 0.413903 0.505183 0.557572 -0.511605 0.709677 0.413730 0.505398 0.571288 -0.494640 0.811339 0.413755 0.505337 0.571288 -0.494640 0.783969 0.413780 0.505290 0.571288 -0.494640 0.754643 
0.415059 0.504260 0.557572 -0.511605 0.659824 0.414321 0.504829 0.557572 -0.511605 0.669599 0.413730 0.505429 0.571288 -0.494640 0.781036 0.413730 0.505352 0.571288 -0.494640 0.799609 0.413780 0.505306 0.571288 -0.494640 0.771261 0.413780 0.505275 0.571288 -0.494640 0.740958 
0.413755 0.505367 0.571288 -0.494640 0.750733 0.413903 0.505183 0.557572 -0.511605 0.709677 0.413730 0.505398 0.571288 -0.494640 0.811339 0.413755 0.505337 0.571288 -0.494640 0.783969 0.413780 0.505290 0.571288 -0.494640 0.754643 0.413780 0.505260 0.571288 -0.494640 0.722385 
0.414321 0.504829 0.557572 -0.511605 0.669599 0.413730 0.505429 0.571288 -0.494640 0.781036 0.413730 0.505352 0.571288 -0.494640 0.799609 0.413780 0.505306 0.571288 -0.494640 0.771261 0.413780 0.505275 0.571288 -0.494640 0.740958 0.413780 0.505213 0.571288 -0.494640 0.700880 
0.413903 0.505183 0.557572 -0.511605 0.709677 0.413730 0.505398 0.571288 -0.494640 0.811339 0.413755 0.505337 0.571288 -0.494640 0.783969 0.413780 0.505290 0.571288 -0.494640 0.754643 0.413780 0.505260 0.571288 -0.494640 0.722385 0.413780 0.505137 0.571288 -0.494640 0.664712 
0.413730 0.505429 0.571288 -0.494640 0.781036 0.413730 0.505352 0.571288 -0.494640 0.799609 0.413780 0.505306 0.571288 -0.494640 0.771261 0.413780 0.505275 0.571288 -0.494640 0.740958 0.413780 0.505213 0.571288 -0.494640 0.700880 0.413780 0.505014 0.571288 -0.494640 0.621701 
0.413730 0.505398 0.571288 -0.494640 0.811339 0.413755 0.505337 0.571288 -0.494640 0.783969 0.413780 0.505290 0.571288 -0.494640 0.754643 0.413780 0.505260 0.571288 -0.494640 0.722385 0.413780 0.505137 0.571288 -0.494640 0.664712 0.413780 0.504814 0.571288 -0.494640 0.569892 
0.413730 0.505352 0.571288 -0.494640 0.799609 0.413780 0.505306 0.571288 -0.494640 0.771261 0.413780 0.505275 0.571288 -0.494640 0.740958 0.413780 0.505213 0.571288 -0.494640 0.700880 0.413780 0.505014 0.571288 -0.494640 0.621701 0.413780 0.504568 0.571288 -0.494640 0.517107 
0.413755 0.505337 0.571288 -0.494640 0.783969 0.413780 0.505290 0.571288 -0.494640 0.754643 0.413780 0.505260 0.571288 -0.494640 0.722385 0.413780 0.505137 0.571288 -0.494640 0.664712 0.413780 0.504814 0.571288 -0.494640 0.569892 0.413952 0.504275 0.557572 -0.511605 0.447703 
0.413780 0.505306 0.571288 -0.494640 0.771261 0.413780 0.505275 0.571288 -0.494640 0.740958 0.413780 0.505213 0.571288 -0.494640 0.700880 0.413780 0.505014 0.571288 -0.494640 0.621701 0.413780 0.504568 0.571288 -0.494640 0.517107 0.414247 0.504060 0.557572 -0.511605 0.319648 
0.413780 0.505290 0.571288 -0.494640 0.754643 0.413780 0.505260 0.571288 -0.494640 0.722385 0.413780 0.505137 0.571288 -0.494640 0.664712 0.413780 0.504814 0.571288 -0.494640 0.569892 0.413952 0.504275 0.557572 -0.511605 0.447703 0.414665 0.503968 0.557572 -0.511605 0.116325 
0.413780 0.505275 0.571288 -0.494640 0.740958 0.413780 0.505213 0.571288 -0.494640 0.700880 0.413780 0.505014 0.571288 -0.494640 0.621701 0.413780 0.504568 0.571288 -0.494640 0.517107 0.414247 0.504060 0.557572 -0.511605 0.319648 0.415723 0.503983 0.550417 -0.519776 0.000000 
0.413780 0.505260 0.571288 -0.494640 0.722385 0.413780 0.505137 0.571288 -0.494640 0.664712 0.413780 0.504814 0.571288 -0.494640 0.569892 0.413952 0.504275 0.557572 -0.511605 0.447703 0.414665 0.503968 0.557572 -0.511605 0.116325 0.416216 0.504521 0.550417 -0.519776 0.000000 
0.413780 0.505213 0.571288 -0.494640 0.700880 0.413780 0.505014 0.571288 -0.494640 0.621701 0.413780 0.504568 0.571288 -0.494640 0.517107 0.414247 0.504060 0.557572 -0.511605 0.319648 0.415723 0.503983 0.550417 -0.519776 0.000000 0.416363 0.505367 0.543061 -0.527742 0.000000 
0.413780 0.505137 0.571288 -0.494640 0.664712 0.413780 0.504814 0.571288 -0.494640 0.569892 0.413952 0.504275 0.557572 -0.511605 0.447703 0.414665 0.503968 0.557572 -0.511605 0.116325 0.416216 0.504521 0.550417 -0.519776 0.000000 0.417224 0.506598 0.527460 -0.512407 0.000000 
0.413780 0.505014 0.571288 -0.494640 0.621701 0.413780 0.504568 0.571288 -0.494640 0.517107 0.414247 0.504060 0.557572 -0.511605 0.319648 0.415723 0.503983 0.550417 -0.519776 0.000000 0.416363 0.505367 0.543061 -0.527742 0.000000 0.417347 0.508166 0.512017 -0.497242 0.000000 
0.413780 0.504814 0.571288 -0.494640 0.569892 0.413952 0.504275 0.557572 -0.511605 0.447703 0.414665 0.503968 0.557572 -0.511605 0.116325 0.416216 0.504521 0.550417 -0.519776 0.000000 0.417224 0.506598 0.527460 -0.512407 0.000000 0.417347 0.510042 0.474582 -0.474582 0.000000 
