0.532603 0.520316 0.686190 -0.472993 0.689150 0.537082 0.520054 0.686190 -0.472993 0.689150 0.523499 0.520838 0.686190 -0.472993 0.695992 0.514222 0.521300 0.686190 -0.472993 0.698925 0.505192 0.521654 0.674327 -0.447748 0.700880 0.496506 0.521930 0.696493 -0.449829 0.710655 
0.541535 0.519839 0.686190 -0.472993 0.686217 0.528076 0.520577 0.686190 -0.472993 0.696970 0.518873 0.521085 0.686190 -0.472993 0.707722 0.509670 0.521500 0.674327 -0.447748 0.695015 0.500812 0.521792 0.696493 -0.449829 0.700880 0.492224 0.522038 0.696493 -0.449829 0.715542 
0.537082 0.520054 0.686190 -0.472993 0.689150 0.523499 0.520838 0.686190 -0.472993 0.695992 0.514222 0.521300 0.686190 -0.472993 0.698925 0.505192 0.521654 0.674327 -0.447748 0.700880 0.496506 0.521930 0.696493 -0.449829 0.710655 0.487967 0.522146 0.674327 -0.447748 0.719453 
0.528076 0.520577 0.686190 -0.472993 0.696970 0.518873 0.521085 0.686190 -0.472993 0.707722 0.509670 0.521500 0.674327 -0.447748 0.695015 0.500812 0.521792 0.696493 -0.449829 0.700880 0.492224 0.522038 0.696493 -0.449829 0.715542 0.483784 0.522253 0.674327 -0.447748 0.721408 
0.523499 0.520838 0.686190 -0.472993 0.695992 0.514222 0.521300 0.686190 -0.472993 0.698925 0.505192 0.521654 0.674327 -0.447748 0.700880 0.496506 0.521930 0.696493 -0.449829 0.710655 0.487967 0.522146 0.674327 -0.447748 0.719453 0.479675 0.522392 0.674327 -0.447748 0.718475 
0.518873 0.521085 0.686190 -0.472993 0.707722 0.509670 0.521500 0.674327 -0.447748 0.695015 0.500812 0.521792 0.696493 -0.449829 0.700880 0.492224 0.522038 0.696493 -0.449829 0.715542 0.483784 0.522253 0.674327 -0.447748 0.721408 0.475566 0.522515 0.679347 -0.436291 0.725318 
0.514222 0.521300 0.686190 -0.472993 0.698925 0.505192 0.521654 0.674327 -0.447748 0.700880 0.496506 0.521930 0.696493 -0.449829 0.710655 0.487967 0.522146 0.674327 -0.447748 0.719453 0.479675 0.522392 0.674327 -0.447748 0.718475 0.471481 0.522653 0.679347 -0.436291 0.727273 
0.509670 0.521500 0.674327 -0.447748 0.695015 0.500812 0.521792 0.696493 -0.449829 0.700880 0.492224 0.522038 0.696493 -0.449829 0.715542 0.483784 0.522253 0.674327 -0.447748 0.721408 0.475566 0.522515 0.679347 -0.436291 0.725318 0.467495 0.522807 0.679347 -0.436291 0.726295 
0.505192 0.521654 0.674327 -0.447748 0.700880 0.496506 0.521930 0.696493 -0.449829 0.710655 0.487967 0.522146 0.674327 -0.447748 0.719453 0.479675 0.522392 0.674327 -0.447748 0.718475 0.471481 0.522653 0.679347 -0.436291 0.727273 0.463533 0.522961 0.679347 -0.436291 0.727273 
0.500812 0.521792 0.696493 -0.449829 0.700880 0.492224 0.522038 0.696493 -0.449829 0.715542 0.483784 0.522253 0.674327 -0.447748 0.721408 0.475566 0.522515 0.679347 -0.436291 0.725318 0.467495 0.522807 0.679347 -0.436291 0.726295 0.459695 0.523084 0.679347 -0.436291 0.742913 
0.496506 0.521930 0.696493 -0.449829 0.710655 0.487967 0.522146 0.674327 -0.447748 0.719453 0.479675 0.522392 0.674327 -0.447748 0.718475 0.471481 0.522653 0.679347 -0.436291 0.727273 0.463533 0.522961 0.679347 -0.436291 0.727273 0.455979 0.523238 0.701357 -0.437865 0.723363 
0.492224 0.522038 0.696493 -0.449829 0.715542 0.483784 0.522253 0.674327 -0.447748 0.721408 0.475566 0.522515 0.679347 -0.436291 0.725318 0.467495 0.522807 0.679347 -0.436291 0.726295 0.459695 0.523084 0.679347 -0.436291 0.742913 0.452387 0.523391 0.701357 -0.437865 0.732160 
0.487967 0.522146 0.674327 -0.447748 0.719453 0.479675 0.522392 0.674327 -0.447748 0.718475 0.471481 0.522653 0.679347 -0.436291 0.727273 0.463533 0.522961 0.679347 -0.436291 0.727273 0.455979 0.523238 0.701357 -0.437865 0.723363 0.448917 0.523514 0.701357 -0.437865 0.727273 
0.483784 0.522253 0.674327 -0.447748 0.721408 0.475566 0.522515 0.679347 -0.436291 0.725318 0.467495 0.522807 0.679347 -0.436291 0.726295 0.459695 0.523084 0.679347 -0.436291 0.742913 0.452387 0.523391 0.701357 -0.437865 0.732160 0.445595 0.523637 0.701357 -0.437865 0.744868 
0.479675 0.522392 0.674327 -0.447748 0.718475 0.471481 0.522653 0.679347 -0.436291 0.727273 0.463533 0.522961 0.679347 -0.436291 0.727273 0.455979 0.523238 0.701357 -0.437865 0.723363 0.448917 0.523514 0.701357 -0.437865 0.727273 0.442372 0.523745 0.701357 -0.437865 0.735093 
0.475566 0.522515 0.679347 -0.436291 0.725318 0.467495 0.522807 0.679347 -0.436291 0.726295 0.459695 0.523084 0.679347 -0.436291 0.742913 0.452387 0.523391 0.701357 -0.437865 0.732160 0.445595 0.523637 0.701357 -0.437865 0.744868 0.439247 0.523822 0.701357 -0.437865 0.744868 
0.471481 0.522653 0.679347 -0.436291 0.727273 0.463533 0.522961 0.679347 -0.436291 0.727273 0.455979 0.523238 0.701357 -0.437865 0.723363 0.448917 0.523514 0.701357 -0.437865 0.727273 0.442372 0.523745 0.701357 -0.437865 0.735093 0.433292 0.523945 0.701357 -0.437865 0.746823 
0.467495 0.522807 0.679347 -0.436291 0.726295 0.459695 0.523084 0.679347 -0.436291 0.742913 0.452387 0.523391 0.701357 -0.437865 0.732160 0.445595 0.523637 0.701357 -0.437865 0.744868 0.439247 0.523822 0.701357 -0.437865 0.744868 0.436220 0.523884 0.701357 -0.437865 0.748778 
0.463533 0.522961 0.679347 -0.436291 0.727273 0.455979 0.523238 0.701357 -0.437865 0.723363 0.448917 0.523514 0.701357 -0.437865 0.727273 0.442372 0.523745 0.701357 -0.437865 0.735093 0.433292 0.523945 0.701357 -0.437865 0.746823 0.430413 0.524007 0.706032 -0.425647 0.743891 
0.459695 0.523084 0.679347 -0.436291 0.742913 0.452387 0.523391 0.701357 -0.437865 0.732160 0.445595 0.523637 0.701357 -0.437865 0.744868 0.439247 0.523822 0.701357 -0.437865 0.744868 0.436220 0.523884 0.701357 -0.437865 0.748778 0.424926 0.524053 0.706032 -0.425647 0.764418 
0.455979 0.523238 0.701357 -0.437865 0.723363 0.448917 0.523514 0.701357 -0.437865 0.727273 0.442372 0.523745 0.701357 -0.437865 0.735093 0.433292 0.523945 0.701357 -0.437865 0.746823 0.430413 0.524007 0.706032 -0.425647 0.743891 0.427633 0.524037 0.706032 -0.425647 0.750733 
0.452387 0.523391 0.701357 -0.437865 0.732160 0.445595 0.523637 0.701357 -0.437865 0.744868 0.439247 0.523822 0.701357 -0.437865 0.744868 0.436220 0.523884 0.701357 -0.437865 0.748778 0.424926 0.524053 0.706032 -0.425647 0.764418 0.422293 0.524053 0.706032 -0.425647 0.762463 
0.448917 0.523514 0.701357 -0.437865 0.727273 0.442372 0.523745 0.701357 -0.437865 0.735093 0.433292 0.523945 0.701357 -0.437865 0.746823 0.430413 0.524007 0.706032 -0.425647 0.743891 0.427633 0.524037 0.706032 -0.425647 0.750733 0.417298 0.524068 0.706032 -0.425647 0.764418 
0.445595 0.523637 0.701357 -0.437865 0.744868 0.439247 0.523822 0.701357 -0.437865 0.744868 0.436220 0.523884 0.701357 -0.437865 0.748778 0.424926 0.524053 0.706032 -0.425647 0.764418 0.422293 0.524053 0.706032 -0.425647 0.762463 0.419710 0.524053 0.706032 -0.425647 0.760508 
0.442372 0.523745 0.701357 -0.437865 0.735093 0.433292 0.523945 0.701357 -0.437865 0.746823 0.430413 0.524007 0.706032 -0.425647 0.743891 0.427633 0.524037 0.706032 -0.425647 0.750733 0.417298 0.524068 0.706032 -0.425647 0.764418 0.415034 0.524068 0.706032 -0.425647 0.759531 
0.439247 0.523822 0.701357 -0.437865 0.744868 0.436220 0.523884 0.701357 -0.437865 0.748778 0.424926 0.524053 0.706032 -0.425647 0.764418 0.422293 0.524053 0.706032 -0.425647 0.762463 0.419710 0.524053 0.706032 -0.425647 0.760508 0.412968 0.524068 0.693287 -0.400475 0.763441 
0.433292 0.523945 0.701357 -0.437865 0.746823 0.430413 0.524007 0.706032 -0.425647 0.743891 0.427633 0.524037 0.706032 -0.425647 0.750733 0.417298 0.524068 0.706032 -0.425647 0.764418 0.415034 0.524068 0.706032 -0.425647 0.759531 0.411147 0.524068 0.693287 -0.400475 0.769306 
0.436220 0.523884 0.701357 -0.437865 0.748778 0.424926 0.524053 0.706032 -0.425647 0.764418 0.422293 0.524053 0.706032 -0.425647 0.762463 0.419710 0.524053 0.706032 -0.425647 0.760508 0.412968 0.524068 0.693287 -0.400475 0.763441 0.409572 0.524068 0.693287 -0.400475 0.763441 
0.430413 0.524007 0.706032 -0.425647 0.743891 0.427633 0.524037 0.706032 -0.425647 0.750733 0.417298 0.524068 0.706032 -0.425647 0.764418 0.415034 0.524068 0.706032 -0.425647 0.759531 0.411147 0.524068 0.693287 -0.400475 0.769306 0.408243 0.524068 0.693287 -0.400475 0.767351 
0.424926 0.524053 0.706032 -0.425647 0.764418 0.422293 0.524053 0.706032 -0.425647 0.762463 0.419710 0.524053 0.706032 -0.425647 0.760508 0.412968 0.524068 0.693287 -0.400475 0.763441 0.409572 0.524068 0.693287 -0.400475 0.763441 0.407185 0.524068 0.693287 -0.400475 0.770283 
0.427633 0.524037 0.706032 -0.425647 0.750733 0.417298 0.524068 0.706032 -0.425647 0.764418 0.415034 0.524068 0.706032 -0.425647 0.759531 0.411147 0.524068 0.693287 -0.400475 0.769306 0.408243 0.524068 0.693287 -0.400475 0.767351 0.406422 0.524068 0.693287 -0.400475 0.760508 
0.422293 0.524053 0.706032 -0.425647 0.762463 0.419710 0.524053 0.706032 -0.425647 0.760508 0.412968 0.524068 0.693287 -0.400475 0.763441 0.409572 0.524068 0.693287 -0.400475 0.763441 0.407185 0.524068 0.693287 -0.400475 0.770283 0.405856 0.524068 0.693287 -0.400475 0.758553 
0.417298 0.524068 0.706032 -0.425647 0.764418 0.415034 0.524068 0.706032 -0.425647 0.759531 0.411147 0.524068 0.693287 -0.400475 0.769306 0.408243 0.524068 0.693287 -0.400475 0.767351 0.406422 0.524068 0.693287 -0.400475 0.760508 0.405536 0.524068 0.693287 -0.400475 0.756598 
0.419710 0.524053 0.706032 -0.425647 0.760508 0.412968 0.524068 0.693287 -0.400475 0.763441 0.409572 0.524068 0.693287 -0.400475 0.763441 0.407185 0.524068 0.693287 -0.400475 0.770283 0.405856 0.524068 0.693287 -0.400475 0.758553 0.405364 0.524068 0.706032 -0.425647 0.747801 
0.415034 0.524068 0.706032 -0.425647 0.759531 0.411147 0.524068 0.693287 -0.400475 0.769306 0.408243 0.524068 0.693287 -0.400475 0.767351 0.406422 0.524068 0.693287 -0.400475 0.760508 0.405536 0.524068 0.693287 -0.400475 0.756598 0.405266 0.524022 0.706032 -0.425647 0.731183 
0.412968 0.524068 0.693287 -0.400475 0.763441 0.409572 0.524068 0.693287 -0.400475 0.763441 0.407185 0.524068 0.693287 -0.400475 0.770283 0.405856 0.524068 0.693287 -0.400475 0.758553 0.405364 0.524068 0.706032 -0.425647 0.747801 0.405241 0.523945 0.706032 -0.425647 0.703812 
0.411147 0.524068 0.693287 -0.400475 0.769306 0.408243 0.524068 0.693287 -0.400475 0.767351 0.406422 0.524068 0.693287 -0.400475 0.760508 0.405536 0.524068 0.693287 -0.400475 0.756598 0.405266 0.524022 0.706032 -0.425647 0.731183 0.405217 0.523822 0.706032 -0.425647 0.655914 
0.409572 0.524068 0.693287 -0.400475 0.763441 0.407185 0.524068 0.693287 -0.400475 0.770283 0.405856 0.524068 0.693287 -0.400475 0.758553 0.405364 0.524068 0.706032 -0.425647 0.747801 0.405241 0.523945 0.706032 -0.425647 0.703812 0.405217 0.523607 0.706032 -0.425647 0.574780 
0.408243 0.524068 0.693287 -0.400475 0.767351 0.406422 0.524068 0.693287 -0.400475 0.760508 0.405536 0.524068 0.693287 -0.400475 0.756598 0.405266 0.524022 0.706032 -0.425647 0.731183 0.405217 0.523822 0.706032 -0.425647 0.655914 0.405217 0.523391 0.701357 -0.437865 0.463343 
0.407185 0.524068 0.693287 -0.400475 0.770283 0.405856 0.524068 0.693287 -0.400475 0.758553 0.405364 0.524068 0.706032 -0.425647 0.747801 0.405241 0.523945 0.706032 -0.425647 0.703812 0.405217 0.523607 0.706032 -0.425647 0.574780 0.405266 0.523314 0.701357 -0.437865 0.328446 
0.406422 0.524068 0.693287 -0.400475 0.760508 0.405536 0.524068 0.693287 -0.400475 0.756598 0.405266 0.524022 0.706032 -0.425647 0.731183 0.405217 0.523822 0.706032 -0.425647 0.655914 0.405217 0.523391 0.701357 -0.437865 0.463343 0.405709 0.523314 0.701357 -0.437865 0.179863 
0.405856 0.524068 0.693287 -0.400475 0.758553 0.405364 0.524068 0.706032 -0.425647 0.747801 0.405241 0.523945 0.706032 -0.425647 0.703812 0.405217 0.523607 0.706032 -0.425647 0.574780 0.405266 0.523314 0.701357 -0.437865 0.328446 0.406398 0.524130 0.691438 -0.461539 0.000000 
0.405536 0.524068 0.693287 -0.400475 0.756598 0.405266 0.524022 0.706032 -0.425647 0.731183 0.405217 0.523822 0.706032 -0.425647 0.655914 0.405217 0.523391 0.701357 -0.437865 0.463343 0.405709 0.523314 0.701357 -0.437865 0.179863 0.406521 0.525022 0.686190 -0.472993 0.000000 
0.405364 0.524068 0.706032 -0.425647 0.747801 0.405241 0.523945 0.706032 -0.425647 0.703812 0.405217 0.523607 0.706032 -0.425647 0.574780 0.405266 0.523314 0.701357 -0.437865 0.328446 0.406398 0.524130 0.691438 -0.461539 0.000000 0.406521 0.526206 0.680745 -0.484193 0.000000 
0.405266 0.524022 0.706032 -0.425647 0.731183 0.405217 0.523822 0.706032 -0.425647 0.655914 0.405217 0.523391 0.701357 -0.437865 0.463343 0.405709 0.523314 0.701357 -0.437865 0.179863 0.406521 0.525022 0.686190 -0.472993 0.000000 0.406275 0.527713 0.641237 -0.466443 0.000000 
0.405241 0.523945 0.706032 -0.425647 0.703812 0.405217 0.523607 0.706032 -0.425647 0.574780 0.405266 0.523314 0.701357 -0.437865 0.328446 0.406398 0.524130 0.691438 -0.461539 0.000000 0.406521 0.526206 0.680745 -0.484193 0.000000 0.405389 0.529574 0.635497 -0.476721 0.000000 
0.405217 0.523822 0.706032 -0.425647 0.655914 0.405217 0.523391 0.701357 -0.437865 0.463343 0.405709 0.523314 0.701357 -0.437865 0.179863 0.406521 0.525022 0.686190 -0.472993 0.000000 0.406275 0.527713 0.641237 -0.466443 0.000000 0.403962 0.531450 0.596387 -0.458201 0.000000 
0.405217 0.523607 0.706032 -0.425647 0.574780 0.405266 0.523314 0.701357 -0.437865 0.328446 0.406398 0.524130 0.691438 -0.461539 0.000000 0.406521 0.526206 0.680745 -0.484193 0.000000 0.405389 0.529574 0.635497 -0.476721 0.000000 0.402067 0.533234 0.535855 -0.434381 0.000000 
0.405217 0.523391 0.701357 -0.437865 0.463343 0.405709 0.523314 0.701357 -0.437865 0.179863 0.406521 0.525022 0.686190 -0.472993 0.000000 0.406275 0.527713 0.641237 -0.466443 0.000000 0.403962 0.531450 0.596387 -0.458201 0.000000 0.399803 0.534926 0.482813 -0.401432 0.000000 
0.405266 0.523314 0.701357 -0.437865 0.328446 0.406398 0.524130 0.691438 -0.461539 0.000000 0.406521 0.526206 0.680745 -0.484193 0.000000 0.405389 0.529574 0.635497 -0.476721 0.000000 0.402067 0.533234 0.535855 -0.434381 0.000000 0.397293 0.536525 0.421760 -0.348508 0.000000 
0.405709 0.523314 0.701357 -0.437865 0.179863 0.406521 0.525022 0.686190 -0.472993 0.000000 0.406275 0.527713 0.641237 -0.466443 0.000000 0.403962 0.531450 0.596387 -0.458201 0.000000 0.399803 0.534926 0.482813 -0.401432 0.000000 0.394439 0.537878 0.372133 -0.316506 0.000000 
0.406398 0.524130 0.691438 -0.461539 0.000000 0.406521 0.526206 0.680745 -0.484193 0.000000 0.405389 0.529574 0.635497 -0.476721 0.000000 0.402067 0.533234 0.535855 -0.434381 0.000000 0.397293 0.536525 0.421760 -0.348508 0.000000 0.391535 0.537848 0.295967 -0.259107 0.000000 
0.406521 0.525022 0.686190 -0.472993 0.000000 0.406275 0.527713 0.641237 -0.466443 0.000000 0.403962 0.531450 0.596387 -0.458201 0.000000 0.399803 0.534926 0.482813 -0.401432 0.000000 0.394439 0.537878 0.372133 -0.316506 0.000000 0.388533 0.539432 0.219979 -0.205563 0.000000 
0.406521 0.526206 0.680745 -0.484193 0.000000 0.405389 0.529574 0.635497 -0.476721 0.000000 0.402067 0.533234 0.535855 -0.434381 0.000000 0.397293 0.536525 0.421760 -0.348508 0.000000 0.391535 0.537848 0.295967 -0.259107 0.000000 0.385384 0.540785 0.169914 -0.153269 0.000000 
0.406275 0.527713 0.641237 -0.466443 0.000000 0.403962 0.531450 0.596387 -0.458201 0.000000 0.399803 0.534926 0.482813 -0.401432 0.000000 0.394439 0.537878 0.372133 -0.316506 0.000000 0.388533 0.539432 0.219979 -0.205563 0.000000 0.382283 0.540785 0.145662 -0.126840 0.000000 
0.405389 0.529574 0.635497 -0.476721 0.000000 0.402067 0.533234 0.535855 -0.434381 0.000000 0.397293 0.536525 0.421760 -0.348508 0.000000 0.391535 0.537848 0.295967 -0.259107 0.000000 0.385384 0.540785 0.169914 -0.153269 0.000000 0.379232 0.540416 0.107247 -0.090093 0.000000 
0.403962 0.531450 0.596387 -0.458201 0.000000 0.399803 0.534926 0.482813 -0.401432 0.000000 0.394439 0.537878 0.372133 -0.316506 0.000000 0.388533 0.539432 0.219979 -0.205563 0.000000 0.382283 0.540785 0.145662 -0.126840 0.000000 0.376353 0.539970 0.069758 -0.052603 0.000000 
0.371555 0.538970 0.049802 -0.016193 0.000000 0.372638 0.540554 0.052360 0.000000 0.000000 0.369045 0.540723 0.034907 0.000000 0.000000 0.369291 0.539186 0.031105 0.015852 0.000000 0.372712 0.535941 0.012342 0.012342 0.000000 0.377165 0.531081 0.012342 0.012342 0.000000 
0.371727 0.539831 0.052360 0.000000 0.000000 0.370522 0.540723 0.052360 0.000000 0.000000 0.368676 0.540201 0.034907 0.000000 0.000000 0.370866 0.537771 0.031105 0.015852 0.000000 0.374902 0.533664 0.012342 0.012342 0.000000 0.379478 0.529205 0.000000 0.000000 0.000000 
0.372638 0.540554 0.052360 0.000000 0.000000 0.369045 0.540723 0.034907 0.000000 0.000000 0.369291 0.539186 0.031105 0.015852 0.000000 0.372712 0.535941 0.012342 0.012342 0.000000 0.377165 0.531081 0.012342 0.012342 0.000000 0.381816 0.527282 0.000000 0.000000 0.000000 
0.370522 0.540723 0.052360 0.000000 0.000000 0.368676 0.540201 0.034907 0.000000 0.000000 0.370866 0.537771 0.031105 0.015852 0.000000 0.374902 0.533664 0.012342 0.012342 0.000000 0.379478 0.529205 0.000000 0.000000 0.000000 0.384080 0.525406 0.012342 -0.012342 0.000000 
0.369045 0.540723 0.034907 0.000000 0.000000 0.369291 0.539186 0.031105 0.015852 0.000000 0.372712 0.535941 0.012342 0.012342 0.000000 0.377165 0.531081 0.012342 0.012342 0.000000 0.381816 0.527282 0.000000 0.000000 0.000000 0.386270 0.523607 0.015852 -0.031105 0.000000 
0.368676 0.540201 0.034907 0.000000 0.000000 0.370866 0.537771 0.031105 0.015852 0.000000 0.374902 0.533664 0.012342 0.012342 0.000000 0.379478 0.529205 0.000000 0.000000 0.000000 0.384080 0.525406 0.012342 -0.012342 0.000000 0.392667 0.518901 0.069320 -0.141405 0.000000 
0.369291 0.539186 0.031105 0.015852 0.000000 0.372712 0.535941 0.012342 0.012342 0.000000 0.377165 0.531081 0.012342 0.012342 0.000000 0.381816 0.527282 0.000000 0.000000 0.000000 0.386270 0.523607 0.015852 -0.031105 0.000000 0.388435 0.521900 0.031735 -0.062225 0.000000 
0.370866 0.537771 0.031105 0.015852 0.000000 0.374902 0.533664 0.012342 0.012342 0.000000 0.379478 0.529205 0.000000 0.000000 0.000000 0.384080 0.525406 0.012342 -0.012342 0.000000 0.392667 0.518901 0.069320 -0.141405 0.000000 0.390527 0.520316 0.055685 -0.108968 0.000000 
0.372712 0.535941 0.012342 0.012342 0.000000 0.377165 0.531081 0.012342 0.012342 0.000000 0.381816 0.527282 0.000000 0.000000 0.000000 0.386270 0.523607 0.015852 -0.031105 0.000000 0.388435 0.521900 0.031735 -0.062225 0.000000 0.394857 0.517609 0.085005 -0.172962 0.000000 
0.374902 0.533664 0.012342 0.012342 0.000000 0.379478 0.529205 0.000000 0.000000 0.000000 0.384080 0.525406 0.012342 -0.012342 0.000000 0.392667 0.518901 0.069320 -0.141405 0.000000 0.390527 0.520316 0.055685 -0.108968 0.000000 0.399139 0.515456 0.156181 -0.256299 0.000000 
0.377165 0.531081 0.012342 0.012342 0.000000 0.381816 0.527282 0.000000 0.000000 0.000000 0.386270 0.523607 0.015852 -0.031105 0.000000 0.388435 0.521900 0.031735 -0.062225 0.000000 0.394857 0.517609 0.085005 -0.172962 0.000000 0.397023 0.516455 0.125137 -0.232314 0.000000 
0.379478 0.529205 0.000000 0.000000 0.000000 0.384080 0.525406 0.012342 -0.012342 0.000000 0.392667 0.518901 0.069320 -0.141405 0.000000 0.390527 0.520316 0.055685 -0.108968 0.000000 0.399139 0.515456 0.156181 -0.256299 0.000000 0.401206 0.514533 0.195187 -0.317878 0.000000 
0.381816 0.527282 0.000000 0.000000 0.000000 0.386270 0.523607 0.015852 -0.031105 0.000000 0.388435 0.521900 0.031735 -0.062225 0.000000 0.394857 0.517609 0.085005 -0.172962 0.000000 0.397023 0.516455 0.125137 -0.232314 0.000000 0.403150 0.513687 0.221255 -0.345533 0.000000 
0.384080 0.525406 0.012342 -0.012342 0.000000 0.392667 0.518901 0.069320 -0.141405 0.000000 0.390527 0.520316 0.055685 -0.108968 0.000000 0.399139 0.515456 0.156181 -0.256299 0.000000 0.401206 0.514533 0.195187 -0.317878 0.000000 0.404970 0.512949 0.266261 -0.384250 0.000000 
0.386270 0.523607 0.015852 -0.031105 0.000000 0.388435 0.521900 0.031735 -0.062225 0.000000 0.394857 0.517609 0.085005 -0.172962 0.000000 0.397023 0.516455 0.125137 -0.232314 0.000000 0.403150 0.513687 0.221255 -0.345533 0.000000 0.406668 0.512288 0.314969 -0.421560 0.000000 
0.392667 0.518901 0.069320 -0.141405 0.000000 0.390527 0.520316 0.055685 -0.108968 0.000000 0.399139 0.515456 0.156181 -0.256299 0.000000 0.401206 0.514533 0.195187 -0.317878 0.000000 0.404970 0.512949 0.266261 -0.384250 0.000000 0.408120 0.511719 0.351993 -0.468062 0.000000 
0.388435 0.521900 0.031735 -0.062225 0.000000 0.394857 0.517609 0.085005 -0.172962 0.000000 0.397023 0.516455 0.125137 -0.232314 0.000000 0.403150 0.513687 0.221255 -0.345533 0.000000 0.406668 0.512288 0.314969 -0.421560 0.000000 0.409326 0.511227 0.385607 -0.494116 0.000000 
0.390527 0.520316 0.055685 -0.108968 0.000000 0.399139 0.515456 0.156181 -0.256299 0.000000 0.401206 0.514533 0.195187 -0.317878 0.000000 0.404970 0.512949 0.266261 -0.384250 0.000000 0.408120 0.511719 0.351993 -0.468062 0.000000 0.410335 0.510827 0.420610 -0.519971 0.000000 
0.394857 0.517609 0.085005 -0.172962 0.000000 0.397023 0.516455 0.125137 -0.232314 0.000000 0.403150 0.513687 0.221255 -0.345533 0.000000 0.406668 0.512288 0.314969 -0.421560 0.000000 0.409326 0.511227 0.385607 -0.494116 0.000000 0.411097 0.510827 0.448338 -0.551856 0.000000 
0.399139 0.515456 0.156181 -0.256299 0.000000 0.401206 0.514533 0.195187 -0.317878 0.000000 0.404970 0.512949 0.266261 -0.384250 0.000000 0.408120 0.511719 0.351993 -0.468062 0.000000 0.410335 0.510827 0.420610 -0.519971 0.000000 0.411097 0.510842 0.485845 -0.577852 0.000000 
0.397023 0.516455 0.125137 -0.232314 0.000000 0.403150 0.513687 0.221255 -0.345533 0.000000 0.406668 0.512288 0.314969 -0.421560 0.000000 0.409326 0.511227 0.385607 -0.494116 0.000000 0.411097 0.510827 0.448338 -0.551856 0.000000 0.411959 0.510842 0.542247 -0.589706 0.000000 
0.401206 0.514533 0.195187 -0.317878 0.000000 0.404970 0.512949 0.266261 -0.384250 0.000000 0.408120 0.511719 0.351993 -0.468062 0.000000 0.410335 0.510827 0.420610 -0.519971 0.000000 0.411097 0.510842 0.485845 -0.577852 0.000000 0.411959 0.510781 0.589706 -0.639099 0.000000 
0.403150 0.513687 0.221255 -0.345533 0.000000 0.406668 0.512288 0.314969 -0.421560 0.000000 0.409326 0.511227 0.385607 -0.494116 0.000000 0.411097 0.510827 0.448338 -0.551856 0.000000 0.411959 0.510842 0.542247 -0.589706 0.000000 0.412057 0.510488 0.623588 -0.640228 0.000000 
0.404970 0.512949 0.266261 -0.384250 0.000000 0.408120 0.511719 0.351993 -0.468062 0.000000 0.410335 0.510827 0.420610 -0.519971 0.000000 0.411097 0.510842 0.485845 -0.577852 0.000000 0.411959 0.510781 0.589706 -0.639099 0.000000 0.412156 0.510365 0.640248 -0.657055 0.000000 
0.406668 0.512288 0.314969 -0.421560 0.000000 0.409326 0.511227 0.385607 -0.494116 0.000000 0.411097 0.510827 0.448338 -0.551856 0.000000 0.411959 0.510842 0.542247 -0.589706 0.000000 0.412057 0.510488 0.623588 -0.640228 0.000000 0.412500 0.510365 0.674075 -0.657117 0.000000 
0.408120 0.511719 0.351993 -0.468062 0.000000 0.410335 0.510827 0.420610 -0.519971 0.000000 0.411097 0.510842 0.485845 -0.577852 0.000000 0.411959 0.510781 0.589706 -0.639099 0.000000 0.412156 0.510365 0.640248 -0.657055 0.000000 0.412943 0.510365 0.699437 -0.665249 0.000000 
0.409326 0.511227 0.385607 -0.494116 0.000000 0.411097 0.510827 0.448338 -0.551856 0.000000 0.411959 0.510842 0.542247 -0.589706 0.000000 0.412057 0.510488 0.623588 -0.640228 0.000000 0.412500 0.510365 0.674075 -0.657117 0.000000 0.413140 0.510642 0.716897 -0.682482 0.000000 
0.410335 0.510827 0.420610 -0.519971 0.000000 0.411097 0.510842 0.485845 -0.577852 0.000000 0.411959 0.510781 0.589706 -0.639099 0.000000 0.412156 0.510365 0.640248 -0.657055 0.000000 0.412943 0.510365 0.699437 -0.665249 0.000000 0.413140 0.511057 0.724828 -0.673177 0.000000 
0.411097 0.510827 0.448338 -0.551856 0.000000 0.411959 0.510842 0.542247 -0.589706 0.000000 0.412057 0.510488 0.623588 -0.640228 0.000000 0.412500 0.510365 0.674075 -0.657117 0.000000 0.413140 0.510642 0.716897 -0.682482 0.000000 0.413140 0.511365 0.750210 -0.680909 0.000000 
0.411097 0.510842 0.485845 -0.577852 0.000000 0.411959 0.510781 0.589706 -0.639099 0.000000 0.412156 0.510365 0.640248 -0.657055 0.000000 0.412943 0.510365 0.699437 -0.665249 0.000000 0.413140 0.511057 0.724828 -0.673177 0.000000 0.413140 0.511703 0.764834 -0.660649 0.000000 
0.411959 0.510842 0.542247 -0.589706 0.000000 0.412057 0.510488 0.623588 -0.640228 0.000000 0.412500 0.510365 0.674075 -0.657117 0.000000 0.413140 0.510642 0.716897 -0.682482 0.000000 0.413140 0.511365 0.750210 -0.680909 0.000000 0.413140 0.512057 0.764834 -0.660649 0.000000 
0.411959 0.510781 0.589706 -0.639099 0.000000 0.412156 0.510365 0.640248 -0.657055 0.000000 0.412943 0.510365 0.699437 -0.665249 0.000000 0.413140 0.511057 0.724828 -0.673177 0.000000 0.413140 0.511703 0.764834 -0.660649 0.000000 0.413140 0.512411 0.764834 -0.660649 0.000000 
0.412057 0.510488 0.623588 -0.640228 0.000000 0.412500 0.510365 0.674075 -0.657117 0.000000 0.413140 0.510642 0.716897 -0.682482 0.000000 0.413140 0.511365 0.750210 -0.680909 0.000000 0.413140 0.512057 0.764834 -0.660649 0.000000 0.412844 0.512780 0.789684 -0.667388 0.000000 
0.412156 0.510365 0.640248 -0.657055 0.000000 0.412943 0.510365 0.699437 -0.665249 0.000000 0.413140 0.511057 0.724828 -0.673177 0.000000 0.413140 0.511703 0.764834 -0.660649 0.000000 0.413140 0.512411 0.764834 -0.660649 0.000000 0.412426 0.513164 0.789684 -0.667388 0.000000 
0.412500 0.510365 0.674075 -0.657117 0.000000 0.413140 0.510642 0.716897 -0.682482 0.000000 0.413140 0.511365 0.750210 -0.680909 0.000000 0.413140 0.512057 0.764834 -0.660649 0.000000 0.412844 0.512780 0.789684 -0.667388 0.000000 0.412254 0.513533 0.789684 -0.667388 0.000000 
0.412943 0.510365 0.699437 -0.665249 0.000000 0.413140 0.511057 0.724828 -0.673177 0.000000 0.413140 0.511703 0.764834 -0.660649 0.000000 0.413140 0.512411 0.764834 -0.660649 0.000000 0.412426 0.513164 0.789684 -0.667388 0.000000 0.411737 0.513918 0.771772 -0.650047 0.000000 
0.413140 0.510642 0.716897 -0.682482 0.000000 0.413140 0.511365 0.750210 -0.680909 0.000000 0.413140 0.512057 0.764834 -0.660649 0.000000 0.412844 0.512780 0.789684 -0.667388 0.000000 0.412254 0.513533 0.789684 -0.667388 0.000000 0.411171 0.514333 0.771772 -0.650047 0.000000 
0.413140 0.511057 0.724828 -0.673177 0.000000 0.413140 0.511703 0.764834 -0.660649 0.000000 0.413140 0.512411 0.764834 -0.660649 0.000000 0.412426 0.513164 0.789684 -0.667388 0.000000 0.411737 0.513918 0.771772 -0.650047 0.000000 0.410507 0.514764 0.771772 -0.650047 0.000000 
0.413140 0.511365 0.750210 -0.680909 0.000000 0.413140 0.512057 0.764834 -0.660649 0.000000 0.412844 0.512780 0.789684 -0.667388 0.000000 0.412254 0.513533 0.789684 -0.667388 0.000000 0.411171 0.514333 0.771772 -0.650047 0.000000 0.409646 0.515225 0.771772 -0.650047 0.000000 
0.413140 0.511703 0.764834 -0.660649 0.000000 0.413140 0.512411 0.764834 -0.660649 0.000000 0.412426 0.513164 0.789684 -0.667388 0.000000 0.411737 0.513918 0.771772 -0.650047 0.000000 0.410507 0.514764 0.771772 -0.650047 0.000000 0.408932 0.515717 0.760696 -0.622187 0.000000 
0.413140 0.512057 0.764834 -0.660649 0.000000 0.412844 0.512780 0.789684 -0.667388 0.000000 0.412254 0.513533 0.789684 -0.667388 0.000000 0.411171 0.514333 0.771772 -0.650047 0.000000 0.409646 0.515225 0.771772 -0.650047 0.000000 0.408145 0.516240 0.754010 -0.632998 0.000000 
0.413140 0.512411 0.764834 -0.660649 0.000000 0.412426 0.513164 0.789684 -0.667388 0.000000 0.411737 0.513918 0.771772 -0.650047 0.000000 0.410507 0.514764 0.771772 -0.650047 0.000000 0.408932 0.515717 0.760696 -0.622187 0.000000 0.407308 0.516778 0.754010 -0.632998 0.000000 
0.412844 0.512780 0.789684 -0.667388 0.000000 0.412254 0.513533 0.789684 -0.667388 0.000000 0.411171 0.514333 0.771772 -0.650047 0.000000 0.409646 0.515225 0.771772 -0.650047 0.000000 0.408145 0.516240 0.754010 -0.632998 0.000000 0.406471 0.517317 0.743065 -0.605546 0.000000 
0.412426 0.513164 0.789684 -0.667388 0.000000 0.411737 0.513918 0.771772 -0.650047 0.000000 0.410507 0.514764 0.771772 -0.650047 0.000000 0.408932 0.515717 0.760696 -0.622187 0.000000 0.407308 0.516778 0.754010 -0.632998 0.000000 0.405659 0.517886 0.736396 -0.616233 0.000000 
0.412254 0.513533 0.789684 -0.667388 0.000000 0.411171 0.514333 0.771772 -0.650047 0.000000 0.409646 0.515225 0.771772 -0.650047 0.000000 0.408145 0.516240 0.754010 -0.632998 0.000000 0.406471 0.517317 0.743065 -0.605546 0.000000 0.404847 0.518455 0.725572 -0.589190 0.000000 
0.411737 0.513918 0.771772 -0.650047 0.000000 0.410507 0.514764 0.771772 -0.650047 0.000000 0.408932 0.515717 0.760696 -0.622187 0.000000 0.407308 0.516778 0.754010 -0.632998 0.000000 0.405659 0.517886 0.736396 -0.616233 0.000000 0.404232 0.518993 0.718929 -0.599744 0.000000 
0.411171 0.514333 0.771772 -0.650047 0.000000 0.409646 0.515225 0.771772 -0.650047 0.000000 0.408145 0.516240 0.754010 -0.632998 0.000000 0.406471 0.517317 0.743065 -0.605546 0.000000 0.404847 0.518455 0.725572 -0.589190 0.000000 0.403691 0.519531 0.718929 -0.599744 0.000000 
0.410507 0.514764 0.771772 -0.650047 0.000000 0.408932 0.515717 0.760696 -0.622187 0.000000 0.407308 0.516778 0.754010 -0.632998 0.000000 0.405659 0.517886 0.736396 -0.616233 0.000000 0.404232 0.518993 0.718929 -0.599744 0.000000 0.403199 0.520039 0.708216 -0.573112 0.000000 
0.409646 0.515225 0.771772 -0.650047 0.000000 0.408145 0.516240 0.754010 -0.632998 0.000000 0.406471 0.517317 0.743065 -0.605546 0.000000 0.404847 0.518455 0.725572 -0.589190 0.000000 0.403691 0.519531 0.718929 -0.599744 0.000000 0.402854 0.520546 0.701606 -0.583524 0.000000 
0.408932 0.515717 0.760696 -0.622187 0.000000 0.407308 0.516778 0.754010 -0.632998 0.000000 0.405659 0.517886 0.736396 -0.616233 0.000000 0.404232 0.518993 0.718929 -0.599744 0.000000 0.403199 0.520039 0.708216 -0.573112 0.000000 0.402608 0.521054 0.690996 -0.557302 0.000000 
0.408145 0.516240 0.754010 -0.632998 0.000000 0.406471 0.517317 0.743065 -0.605546 0.000000 0.404847 0.518455 0.725572 -0.589190 0.000000 0.403691 0.519531 0.718929 -0.599744 0.000000 0.402854 0.520546 0.701606 -0.583524 0.000000 0.402411 0.521546 0.684427 -0.567563 0.000000 
0.407308 0.516778 0.754010 -0.632998 0.000000 0.405659 0.517886 0.736396 -0.616233 0.000000 0.404232 0.518993 0.718929 -0.599744 0.000000 0.403199 0.520039 0.708216 -0.573112 0.000000 0.402608 0.521054 0.690996 -0.557302 0.000000 0.402288 0.522023 0.673908 -0.541753 0.000000 
0.406471 0.517317 0.743065 -0.605546 0.000000 0.404847 0.518455 0.725572 -0.589190 0.000000 0.403691 0.519531 0.718929 -0.599744 0.000000 0.402854 0.520546 0.701606 -0.583524 0.000000 0.402411 0.521546 0.684427 -0.567563 0.000000 0.402215 0.522499 0.673908 -0.541753 0.000000 
0.405659 0.517886 0.736396 -0.616233 0.000000 0.404232 0.518993 0.718929 -0.599744 0.000000 0.403199 0.520039 0.708216 -0.573112 0.000000 0.402608 0.521054 0.690996 -0.557302 0.000000 0.402288 0.522023 0.673908 -0.541753 0.000000 0.402092 0.522961 0.667388 -0.551856 0.000000 
0.404847 0.518455 0.725572 -0.589190 0.000000 0.403691 0.519531 0.718929 -0.599744 0.000000 0.402854 0.520546 0.701606 -0.583524 0.000000 0.402411 0.521546 0.684427 -0.567563 0.000000 0.402215 0.522499 0.673908 -0.541753 0.000000 0.402018 0.523422 0.663208 -0.516269 0.037146 
0.404232 0.518993 0.718929 -0.599744 0.000000 0.403199 0.520039 0.708216 -0.573112 0.000000 0.402608 0.521054 0.690996 -0.557302 0.000000 0.402288 0.522023 0.673908 -0.541753 0.000000 0.402092 0.522961 0.667388 -0.551856 0.000000 0.401993 0.523822 0.663208 -0.516269 0.073314 
0.403691 0.519531 0.718929 -0.599744 0.000000 0.402854 0.520546 0.701606 -0.583524 0.000000 0.402411 0.521546 0.684427 -0.567563 0.000000 0.402215 0.522499 0.673908 -0.541753 0.000000 0.402018 0.523422 0.663208 -0.516269 0.037146 0.401968 0.524160 0.663208 -0.516269 0.104594 
0.403199 0.520039 0.708216 -0.573112 0.000000 0.402608 0.521054 0.690996 -0.557302 0.000000 0.402288 0.522023 0.673908 -0.541753 0.000000 0.402092 0.522961 0.667388 -0.551856 0.000000 0.401993 0.523822 0.663208 -0.516269 0.073314 0.401968 0.524437 0.663208 -0.516269 0.150538 
0.402854 0.520546 0.701606 -0.583524 0.000000 0.402411 0.521546 0.684427 -0.567563 0.000000 0.402215 0.522499 0.673908 -0.541753 0.000000 0.402018 0.523422 0.663208 -0.516269 0.037146 0.401968 0.524160 0.663208 -0.516269 0.104594 0.401944 0.524637 0.663208 -0.516269 0.194526 
0.402608 0.521054 0.690996 -0.557302 0.000000 0.402288 0.522023 0.673908 -0.541753 0.000000 0.402092 0.522961 0.667388 -0.551856 0.000000 0.401993 0.523822 0.663208 -0.516269 0.073314 0.401968 0.524437 0.663208 -0.516269 0.150538 0.401944 0.524791 0.663208 -0.516269 0.240469 
0.402411 0.521546 0.684427 -0.567563 0.000000 0.402215 0.522499 0.673908 -0.541753 0.000000 0.402018 0.523422 0.663208 -0.516269 0.037146 0.401968 0.524160 0.663208 -0.516269 0.104594 0.401944 0.524637 0.663208 -0.516269 0.194526 0.401944 0.524868 0.669257 -0.505830 0.285435 
0.402288 0.522023 0.673908 -0.541753 0.000000 0.402092 0.522961 0.667388 -0.551856 0.000000 0.401993 0.523822 0.663208 -0.516269 0.073314 0.401968 0.524437 0.663208 -0.516269 0.150538 0.401944 0.524791 0.663208 -0.516269 0.240469 0.401944 0.524898 0.669257 -0.505830 0.325513 
0.402215 0.522499 0.673908 -0.541753 0.000000 0.402018 0.523422 0.663208 -0.516269 0.037146 0.401968 0.524160 0.663208 -0.516269 0.104594 0.401944 0.524637 0.663208 -0.516269 0.194526 0.401944 0.524868 0.669257 -0.505830 0.285435 0.402067 0.524852 0.669257 -0.505830 0.414467 
0.402092 0.522961 0.667388 -0.551856 0.000000 0.401993 0.523822 0.663208 -0.516269 0.073314 0.401968 0.524437 0.663208 -0.516269 0.150538 0.401944 0.524791 0.663208 -0.516269 0.240469 0.401944 0.524898 0.669257 -0.505830 0.325513 0.403519 0.523484 0.669257 -0.505830 0.451613 
0.402018 0.523422 0.663208 -0.516269 0.037146 0.401968 0.524160 0.663208 -0.516269 0.104594 0.401944 0.524637 0.663208 -0.516269 0.194526 0.401944 0.524868 0.669257 -0.505830 0.285435 0.402067 0.524852 0.669257 -0.505830 0.414467 0.402362 0.524560 0.669257 -0.505830 0.429130 
0.401993 0.523822 0.663208 -0.516269 0.073314 0.401968 0.524437 0.663208 -0.516269 0.150538 0.401944 0.524791 0.663208 -0.516269 0.240469 0.401944 0.524898 0.669257 -0.505830 0.325513 0.403519 0.523484 0.669257 -0.505830 0.451613 0.402830 0.524130 0.669257 -0.505830 0.443793 
0.401968 0.524160 0.663208 -0.516269 0.104594 0.401944 0.524637 0.663208 -0.516269 0.194526 0.401944 0.524868 0.669257 -0.505830 0.285435 0.402067 0.524852 0.669257 -0.505830 0.414467 0.402362 0.524560 0.669257 -0.505830 0.429130 0.404429 0.522592 0.669257 -0.505830 0.464321 
0.401968 0.524437 0.663208 -0.516269 0.150538 0.401944 0.524791 0.663208 -0.516269 0.240469 0.401944 0.524898 0.669257 -0.505830 0.325513 0.403519 0.523484 0.669257 -0.505830 0.451613 0.402830 0.524130 0.669257 -0.505830 0.443793 0.405512 0.521484 0.669257 -0.505830 0.473118 
0.401944 0.524637 0.663208 -0.516269 0.194526 0.401944 0.524868 0.669257 -0.505830 0.285435 0.402067 0.524852 0.669257 -0.505830 0.414467 0.402362 0.524560 0.669257 -0.505830 0.429130 0.404429 0.522592 0.669257 -0.505830 0.464321 0.406890 0.520193 0.669257 -0.505830 0.488759 
0.401944 0.524791 0.663208 -0.516269 0.240469 0.401944 0.524898 0.669257 -0.505830 0.325513 0.403519 0.523484 0.669257 -0.505830 0.451613 0.402830 0.524130 0.669257 -0.505830 0.443793 0.405512 0.521484 0.669257 -0.505830 0.473118 0.408489 0.518732 0.669257 -0.505830 0.511241 
0.401944 0.524868 0.669257 -0.505830 0.285435 0.402067 0.524852 0.669257 -0.505830 0.414467 0.402362 0.524560 0.669257 -0.505830 0.429130 0.404429 0.522592 0.669257 -0.505830 0.464321 0.406890 0.520193 0.669257 -0.505830 0.488759 0.410310 0.517086 0.669257 -0.505830 0.519062 
0.401944 0.524898 0.669257 -0.505830 0.325513 0.403519 0.523484 0.669257 -0.505830 0.451613 0.402830 0.524130 0.669257 -0.505830 0.443793 0.405512 0.521484 0.669257 -0.505830 0.473118 0.408489 0.518732 0.669257 -0.505830 0.511241 0.412229 0.515333 0.669257 -0.505830 0.527859 
0.402067 0.524852 0.669257 -0.505830 0.414467 0.402362 0.524560 0.669257 -0.505830 0.429130 0.404429 0.522592 0.669257 -0.505830 0.464321 0.406890 0.520193 0.669257 -0.505830 0.488759 0.410310 0.517086 0.669257 -0.505830 0.519062 0.414345 0.513472 0.669257 -0.505830 0.546432 
0.403519 0.523484 0.669257 -0.505830 0.451613 0.402830 0.524130 0.669257 -0.505830 0.443793 0.405512 0.521484 0.669257 -0.505830 0.473118 0.408489 0.518732 0.669257 -0.505830 0.511241 0.412229 0.515333 0.669257 -0.505830 0.527859 0.416560 0.511488 0.646324 -0.501398 0.563050 
0.402362 0.524560 0.669257 -0.505830 0.429130 0.404429 0.522592 0.669257 -0.505830 0.464321 0.406890 0.520193 0.669257 -0.505830 0.488759 0.410310 0.517086 0.669257 -0.505830 0.519062 0.414345 0.513472 0.669257 -0.505830 0.546432 0.418971 0.509427 0.646324 -0.501398 0.571847 
0.402830 0.524130 0.669257 -0.505830 0.443793 0.405512 0.521484 0.669257 -0.505830 0.473118 0.408489 0.518732 0.669257 -0.505830 0.511241 0.412229 0.515333 0.669257 -0.505830 0.527859 0.416560 0.511488 0.646324 -0.501398 0.563050 0.421481 0.507320 0.646324 -0.501398 0.593353 
0.404429 0.522592 0.669257 -0.505830 0.464321 0.406890 0.520193 0.669257 -0.505830 0.488759 0.410310 0.517086 0.669257 -0.505830 0.519062 0.414345 0.513472 0.669257 -0.505830 0.546432 0.418971 0.509427 0.646324 -0.501398 0.571847 0.424065 0.505152 0.623427 -0.496585 0.617791 
0.405512 0.521484 0.669257 -0.505830 0.473118 0.408489 0.518732 0.669257 -0.505830 0.511241 0.412229 0.515333 0.669257 -0.505830 0.527859 0.416560 0.511488 0.646324 -0.501398 0.563050 0.421481 0.507320 0.646324 -0.501398 0.593353 0.426722 0.502922 0.633723 -0.521168 0.632454 
0.406890 0.520193 0.669257 -0.505830 0.488759 0.410310 0.517086 0.669257 -0.505830 0.519062 0.414345 0.513472 0.669257 -0.505830 0.546432 0.418971 0.509427 0.646324 -0.501398 0.571847 0.424065 0.505152 0.623427 -0.496585 0.617791 0.429503 0.500646 0.603813 -0.524662 0.648094 
0.476673 0.466874 0.439516 -0.557853 0.817204 0.475197 0.467689 0.407971 -0.553025 0.507331 0.473671 0.470688 0.411898 -0.574767 0.102639 0.470965 0.480315 0.402310 -0.580051 0.000000 0.468504 0.490588 0.343283 -0.519589 0.000000 0.464296 0.502153 0.296906 -0.455310 0.000000 
0.471038 0.471933 0.640373 -0.420953 0.702835 0.472613 0.472056 0.629955 -0.442181 0.313783 0.475640 0.477024 0.579972 -0.444247 0.000000 0.475640 0.479623 0.535855 -0.434381 0.000000 0.475418 0.482852 0.482813 -0.401432 0.000000 0.394734 0.537063 0.066048 -0.081500 0.000000 
0.471801 0.471933 0.640373 -0.420953 0.541544 0.473745 0.473702 0.624465 -0.452465 0.000000 0.475123 0.475086 0.596387 -0.458201 0.000000 0.473622 0.486559 0.440666 -0.389055 0.000000 0.471358 0.490634 0.386795 -0.329330 0.000000 0.394341 0.535156 0.090597 -0.129020 0.000000 
0.472613 0.472056 0.629955 -0.442181 0.313783 0.475640 0.477024 0.579972 -0.444247 0.000000 0.475640 0.479623 0.535855 -0.434381 0.000000 0.475418 0.482852 0.482813 -0.401432 0.000000 0.394734 0.537063 0.066048 -0.081500 0.000000 0.394119 0.534095 0.085005 -0.172962 0.000000 
0.473745 0.473702 0.624465 -0.452465 0.000000 0.475123 0.475086 0.596387 -0.458201 0.000000 0.473622 0.486559 0.440666 -0.389055 0.000000 0.471358 0.490634 0.386795 -0.329330 0.000000 0.394341 0.535156 0.090597 -0.129020 0.000000 0.393824 0.533126 0.100863 -0.204599 0.000000 
0.475640 0.477024 0.579972 -0.444247 0.000000 0.475640 0.479623 0.535855 -0.434381 0.000000 0.475418 0.482852 0.482813 -0.401432 0.000000 0.394734 0.537063 0.066048 -0.081500 0.000000 0.394119 0.534095 0.085005 -0.172962 0.000000 0.393479 0.532157 0.125045 -0.252236 0.000000 
0.475123 0.475086 0.596387 -0.458201 0.000000 0.473622 0.486559 0.440666 -0.389055 0.000000 0.471358 0.490634 0.386795 -0.329330 0.000000 0.394341 0.535156 0.090597 -0.129020 0.000000 0.393824 0.533126 0.100863 -0.204599 0.000000 0.393135 0.531219 0.141484 -0.284134 0.000000 
0.475640 0.479623 0.535855 -0.434381 0.000000 0.475418 0.482852 0.482813 -0.401432 0.000000 0.394734 0.537063 0.066048 -0.081500 0.000000 0.394119 0.534095 0.085005 -0.172962 0.000000 0.393479 0.532157 0.125045 -0.252236 0.000000 0.392913 0.530327 0.158220 -0.316161 0.000000 
0.473622 0.486559 0.440666 -0.389055 0.000000 0.471358 0.490634 0.386795 -0.329330 0.000000 0.394341 0.535156 0.090597 -0.129020 0.000000 0.393824 0.533126 0.100863 -0.204599 0.000000 0.393135 0.531219 0.141484 -0.284134 0.000000 0.392790 0.529451 0.175296 -0.348329 0.000000 
0.475418 0.482852 0.482813 -0.401432 0.000000 0.394734 0.537063 0.066048 -0.081500 0.000000 0.394119 0.534095 0.085005 -0.172962 0.000000 0.393479 0.532157 0.125045 -0.252236 0.000000 0.392913 0.530327 0.158220 -0.316161 0.000000 0.392790 0.528589 0.195836 -0.419160 0.000000 
0.471358 0.490634 0.386795 -0.329330 0.000000 0.394341 0.535156 0.090597 -0.129020 0.000000 0.393824 0.533126 0.100863 -0.204599 0.000000 0.393135 0.531219 0.141484 -0.284134 0.000000 0.392790 0.529451 0.175296 -0.348329 0.000000 0.392790 0.526759 0.221750 -0.468744 0.000000 
0.394734 0.537063 0.066048 -0.081500 0.000000 0.394119 0.534095 0.085005 -0.172962 0.000000 0.393479 0.532157 0.125045 -0.252236 0.000000 0.392913 0.530327 0.158220 -0.316161 0.000000 0.392790 0.528589 0.195836 -0.419160 0.000000 0.392790 0.524975 0.239471 -0.521981 0.000000 
0.394341 0.535156 0.090597 -0.129020 0.000000 0.393824 0.533126 0.100863 -0.204599 0.000000 0.393135 0.531219 0.141484 -0.284134 0.000000 0.392790 0.529451 0.175296 -0.348329 0.000000 0.392790 0.526759 0.221750 -0.468744 0.000000 0.393135 0.523191 0.277454 -0.569080 0.000000 
0.394119 0.534095 0.085005 -0.172962 0.000000 0.393479 0.532157 0.125045 -0.252236 0.000000 0.392913 0.530327 0.158220 -0.316161 0.000000 0.392790 0.528589 0.195836 -0.419160 0.000000 0.392790 0.524975 0.239471 -0.521981 0.000000 0.393775 0.521469 0.296287 -0.623481 0.000000 
0.393824 0.533126 0.100863 -0.204599 0.000000 0.393135 0.531219 0.141484 -0.284134 0.000000 0.392790 0.529451 0.175296 -0.348329 0.000000 0.392790 0.526759 0.221750 -0.468744 0.000000 0.393135 0.523191 0.277454 -0.569080 0.000000 0.394587 0.519808 0.316819 -0.657681 0.000000 
0.393479 0.532157 0.125045 -0.252236 0.000000 0.392913 0.530327 0.158220 -0.316161 0.000000 0.392790 0.528589 0.195836 -0.419160 0.000000 0.392790 0.524975 0.239471 -0.521981 0.000000 0.393775 0.521469 0.296287 -0.623481 0.000000 0.395472 0.518193 0.314811 -0.678382 0.000000 
0.393135 0.531219 0.141484 -0.284134 0.000000 0.392790 0.529451 0.175296 -0.348329 0.000000 0.392790 0.526759 0.221750 -0.468744 0.000000 0.393135 0.523191 0.277454 -0.569080 0.000000 0.394587 0.519808 0.316819 -0.657681 0.000000 0.396358 0.516671 0.325314 -0.695627 0.000000 
0.392913 0.530327 0.158220 -0.316161 0.000000 0.392790 0.528589 0.195836 -0.419160 0.000000 0.392790 0.524975 0.239471 -0.521981 0.000000 0.393775 0.521469 0.296287 -0.623481 0.000000 0.395472 0.518193 0.314811 -0.678382 0.000000 0.397170 0.515225 0.336075 -0.712917 0.000000 
0.392790 0.529451 0.175296 -0.348329 0.000000 0.392790 0.526759 0.221750 -0.468744 0.000000 0.393135 0.523191 0.277454 -0.569080 0.000000 0.394587 0.519808 0.316819 -0.657681 0.000000 0.396358 0.516671 0.325314 -0.695627 0.000000 0.397810 0.513887 0.336075 -0.712917 0.000000 
0.392790 0.528589 0.195836 -0.419160 0.000000 0.392790 0.524975 0.239471 -0.521981 0.000000 0.393775 0.521469 0.296287 -0.623481 0.000000 0.395472 0.518193 0.314811 -0.678382 0.000000 0.397170 0.515225 0.336075 -0.712917 0.000000 0.397810 0.512688 0.336075 -0.712917 0.000000 
0.392790 0.526759 0.221750 -0.468744 0.000000 0.393135 0.523191 0.277454 -0.569080 0.000000 0.394587 0.519808 0.316819 -0.657681 0.000000 0.396358 0.516671 0.325314 -0.695627 0.000000 0.397810 0.513887 0.336075 -0.712917 0.000000 0.397810 0.511626 0.325314 -0.695627 0.000000 
0.392790 0.524975 0.239471 -0.521981 0.000000 0.393775 0.521469 0.296287 -0.623481 0.000000 0.395472 0.518193 0.314811 -0.678382 0.000000 0.397170 0.515225 0.336075 -0.712917 0.000000 0.397810 0.512688 0.336075 -0.712917 0.000000 0.397589 0.510688 0.314811 -0.678382 0.000000 
0.393135 0.523191 0.277454 -0.569080 0.000000 0.394587 0.519808 0.316819 -0.657681 0.000000 0.396358 0.516671 0.325314 -0.695627 0.000000 0.397810 0.513887 0.336075 -0.712917 0.000000 0.397810 0.511626 0.325314 -0.695627 0.000000 0.397343 0.509889 0.316819 -0.657681 0.000000 
0.393775 0.521469 0.296287 -0.623481 0.000000 0.395472 0.518193 0.314811 -0.678382 0.000000 0.397170 0.515225 0.336075 -0.712917 0.000000 0.397810 0.512688 0.336075 -0.712917 0.000000 0.397589 0.510688 0.314811 -0.678382 0.000000 0.397343 0.509197 0.292105 -0.664516 0.000000 
0.394587 0.519808 0.316819 -0.657681 0.000000 0.396358 0.516671 0.325314 -0.695627 0.000000 0.397810 0.513887 0.336075 -0.712917 0.000000 0.397810 0.511626 0.325314 -0.695627 0.000000 0.397343 0.509889 0.316819 -0.657681 0.000000 0.398056 0.508704 0.301996 -0.681744 0.000000 
0.395472 0.518193 0.314811 -0.678382 0.000000 0.397170 0.515225 0.336075 -0.712917 0.000000 0.397810 0.512688 0.336075 -0.712917 0.000000 0.397589 0.510688 0.314811 -0.678382 0.000000 0.397343 0.509197 0.292105 -0.664516 0.000000 0.397343 0.508597 0.292105 -0.664516 0.000000 
0.396358 0.516671 0.325314 -0.695627 0.000000 0.397810 0.513887 0.336075 -0.712917 0.000000 0.397810 0.511626 0.325314 -0.695627 0.000000 0.397343 0.509889 0.316819 -0.657681 0.000000 0.398056 0.508704 0.301996 -0.681744 0.000000 0.397761 0.508597 0.292105 -0.664516 0.000000 
0.397170 0.515225 0.336075 -0.712917 0.000000 0.397810 0.512688 0.336075 -0.712917 0.000000 0.397589 0.510688 0.314811 -0.678382 0.000000 0.397343 0.509197 0.292105 -0.664516 0.000000 0.397343 0.508597 0.292105 -0.664516 0.000000 0.398425 0.508704 0.298740 -0.702227 0.000000 
0.397810 0.513887 0.336075 -0.712917 0.000000 0.397810 0.511626 0.325314 -0.695627 0.000000 0.397343 0.509889 0.316819 -0.657681 0.000000 0.398056 0.508704 0.301996 -0.681744 0.000000 0.397761 0.508597 0.292105 -0.664516 0.000000 0.398573 0.508628 0.319005 -0.736916 0.000000 
0.397810 0.512688 0.336075 -0.712917 0.000000 0.397589 0.510688 0.314811 -0.678382 0.000000 0.397343 0.509197 0.292105 -0.664516 0.000000 0.397343 0.508597 0.292105 -0.664516 0.000000 0.398425 0.508704 0.298740 -0.702227 0.000000 0.398573 0.508704 0.294754 -0.722618 0.000000 
0.397810 0.511626 0.325314 -0.695627 0.000000 0.397343 0.509889 0.316819 -0.657681 0.000000 0.398056 0.508704 0.301996 -0.681744 0.000000 0.397761 0.508597 0.292105 -0.664516 0.000000 0.398573 0.508628 0.319005 -0.736916 0.000000 0.398573 0.508243 0.325169 -0.774845 0.000000 
0.397589 0.510688 0.314811 -0.678382 0.000000 0.397343 0.509197 0.292105 -0.664516 0.000000 0.397343 0.508597 0.292105 -0.664516 0.000000 0.398425 0.508704 0.298740 -0.702227 0.000000 0.398573 0.508704 0.294754 -0.722618 0.000000 0.398573 0.507905 0.309700 -0.777764 0.000000 
0.397343 0.509889 0.316819 -0.657681 0.000000 0.398056 0.508704 0.301996 -0.681744 0.000000 0.397761 0.508597 0.292105 -0.664516 0.000000 0.398573 0.508628 0.319005 -0.736916 0.000000 0.398573 0.508243 0.325169 -0.774845 0.000000 0.398573 0.507659 0.319992 -0.795242 0.000000 
0.397343 0.509197 0.292105 -0.664516 0.000000 0.397343 0.508597 0.292105 -0.664516 0.000000 0.398425 0.508704 0.298740 -0.702227 0.000000 0.398573 0.508704 0.294754 -0.722618 0.000000 0.398573 0.507905 0.309700 -0.777764 0.000000 0.398351 0.507474 0.330602 -0.812749 0.000000 
0.398056 0.508704 0.301996 -0.681744 0.000000 0.397761 0.508597 0.292105 -0.664516 0.000000 0.398573 0.508628 0.319005 -0.736916 0.000000 0.398573 0.508243 0.325169 -0.774845 0.000000 0.398573 0.507659 0.319992 -0.795242 0.000000 0.398130 0.507366 0.324450 -0.833028 0.000000 
0.397343 0.508597 0.292105 -0.664516 0.000000 0.398425 0.508704 0.298740 -0.702227 0.000000 0.398573 0.508704 0.294754 -0.722618 0.000000 0.398573 0.507905 0.309700 -0.777764 0.000000 0.398351 0.507474 0.330602 -0.812749 0.000000 0.397933 0.507305 0.324450 -0.833028 0.000000 
0.397761 0.508597 0.292105 -0.664516 0.000000 0.398573 0.508628 0.319005 -0.736916 0.000000 0.398573 0.508243 0.325169 -0.774845 0.000000 0.398573 0.507659 0.319992 -0.795242 0.000000 0.398130 0.507366 0.324450 -0.833028 0.000000 0.397761 0.507290 0.324450 -0.833028 0.000000 
0.398425 0.508704 0.298740 -0.702227 0.000000 0.398573 0.508704 0.294754 -0.722618 0.000000 0.398573 0.507905 0.309700 -0.777764 0.000000 0.398351 0.507474 0.330602 -0.812749 0.000000 0.397933 0.507305 0.324450 -0.833028 0.000000 0.397638 0.507274 0.341551 -0.830288 0.000000 
0.398573 0.508628 0.319005 -0.736916 0.000000 0.398573 0.508243 0.325169 -0.774845 0.000000 0.398573 0.507659 0.319992 -0.795242 0.000000 0.398130 0.507366 0.324450 -0.833028 0.000000 0.397761 0.507290 0.324450 -0.833028 0.000000 0.397466 0.507274 0.352859 -0.847857 0.000000 
0.398573 0.508704 0.294754 -0.722618 0.000000 0.398573 0.507905 0.309700 -0.777764 0.000000 0.398351 0.507474 0.330602 -0.812749 0.000000 0.397933 0.507305 0.324450 -0.833028 0.000000 0.397638 0.507274 0.341551 -0.830288 0.000000 0.397367 0.507274 0.352859 -0.847857 0.000000 
0.398573 0.508243 0.325169 -0.774845 0.000000 0.398573 0.507659 0.319992 -0.795242 0.000000 0.398130 0.507366 0.324450 -0.833028 0.000000 0.397761 0.507290 0.324450 -0.833028 0.000000 0.397466 0.507274 0.352859 -0.847857 0.000000 0.397589 0.507274 0.341551 -0.830288 0.000000 
0.398573 0.507905 0.309700 -0.777764 0.000000 0.398351 0.507474 0.330602 -0.812749 0.000000 0.397933 0.507305 0.324450 -0.833028 0.000000 0.397638 0.507274 0.341551 -0.830288 0.000000 0.397367 0.507274 0.352859 -0.847857 0.000000 0.398204 0.507274 0.341551 -0.830288 0.000000 
0.398573 0.507659 0.319992 -0.795242 0.000000 0.398130 0.507366 0.324450 -0.833028 0.000000 0.397761 0.507290 0.324450 -0.833028 0.000000 0.397466 0.507274 0.352859 -0.847857 0.000000 0.397589 0.507274 0.341551 -0.830288 0.000000 0.398278 0.507274 0.341551 -0.830288 0.000000 
0.398351 0.507474 0.330602 -0.812749 0.000000 0.397933 0.507305 0.324450 -0.833028 0.000000 0.397638 0.507274 0.341551 -0.830288 0.000000 0.397367 0.507274 0.352859 -0.847857 0.000000 0.398204 0.507274 0.341551 -0.830288 0.000000 0.399016 0.507382 0.324450 -0.833028 0.000000 
0.398130 0.507366 0.324450 -0.833028 0.000000 0.397761 0.507290 0.324450 -0.833028 0.000000 0.397466 0.507274 0.352859 -0.847857 0.000000 0.397589 0.507274 0.341551 -0.830288 0.000000 0.398278 0.507274 0.341551 -0.830288 0.000000 0.399779 0.507536 0.324450 -0.833028 0.000000 
0.397933 0.507305 0.324450 -0.833028 0.000000 0.397638 0.507274 0.341551 -0.830288 0.000000 0.397367 0.507274 0.352859 -0.847857 0.000000 0.398204 0.507274 0.341551 -0.830288 0.000000 0.399016 0.507382 0.324450 -0.833028 0.000000 0.399951 0.507720 0.330602 -0.812749 0.000000 
0.397761 0.507290 0.324450 -0.833028 0.000000 0.397466 0.507274 0.352859 -0.847857 0.000000 0.397589 0.507274 0.341551 -0.830288 0.000000 0.398278 0.507274 0.341551 -0.830288 0.000000 0.399779 0.507536 0.324450 -0.833028 0.000000 0.400098 0.507966 0.330602 -0.812749 0.000000 
0.397638 0.507274 0.341551 -0.830288 0.000000 0.397367 0.507274 0.352859 -0.847857 0.000000 0.398204 0.507274 0.341551 -0.830288 0.000000 0.399016 0.507382 0.324450 -0.833028 0.000000 0.399951 0.507720 0.330602 -0.812749 0.000000 0.401107 0.509304 0.330602 -0.812749 0.000000 
0.397466 0.507274 0.352859 -0.847857 0.000000 0.397589 0.507274 0.341551 -0.830288 0.000000 0.398278 0.507274 0.341551 -0.830288 0.000000 0.399779 0.507536 0.324450 -0.833028 0.000000 0.400098 0.507966 0.330602 -0.812749 0.000000 0.400197 0.508335 0.330602 -0.812749 0.000000 
0.397367 0.507274 0.352859 -0.847857 0.000000 0.398204 0.507274 0.341551 -0.830288 0.000000 0.399016 0.507382 0.324450 -0.833028 0.000000 0.399951 0.507720 0.330602 -0.812749 0.000000 0.401107 0.509304 0.330602 -0.812749 0.000000 0.400738 0.508858 0.330602 -0.812749 0.000000 
0.397589 0.507274 0.341551 -0.830288 0.000000 0.398278 0.507274 0.341551 -0.830288 0.000000 0.399779 0.507536 0.324450 -0.833028 0.000000 0.400098 0.507966 0.330602 -0.812749 0.000000 0.400197 0.508335 0.330602 -0.812749 0.000000 0.401107 0.509781 0.330602 -0.812749 0.000000 
0.398204 0.507274 0.341551 -0.830288 0.000000 0.399016 0.507382 0.324450 -0.833028 0.000000 0.399951 0.507720 0.330602 -0.812749 0.000000 0.401107 0.509304 0.330602 -0.812749 0.000000 0.400738 0.508858 0.330602 -0.812749 0.000000 0.401107 0.510304 0.319992 -0.795242 0.000000 
0.398278 0.507274 0.341551 -0.830288 0.000000 0.399779 0.507536 0.324450 -0.833028 0.000000 0.400098 0.507966 0.330602 -0.812749 0.000000 0.400197 0.508335 0.330602 -0.812749 0.000000 0.401107 0.509781 0.330602 -0.812749 0.000000 0.401107 0.510796 0.319992 -0.795242 0.000000 
0.399016 0.507382 0.324450 -0.833028 0.000000 0.399951 0.507720 0.330602 -0.812749 0.000000 0.401107 0.509304 0.330602 -0.812749 0.000000 0.400738 0.508858 0.330602 -0.812749 0.000000 0.401107 0.510304 0.319992 -0.795242 0.000000 0.400984 0.511288 0.319992 -0.795242 0.000000 
0.399779 0.507536 0.324450 -0.833028 0.000000 0.400098 0.507966 0.330602 -0.812749 0.000000 0.400197 0.508335 0.330602 -0.812749 0.000000 0.401107 0.509781 0.330602 -0.812749 0.000000 0.401107 0.510796 0.319992 -0.795242 0.000000 0.400320 0.512303 0.319992 -0.795242 0.000000 
0.399951 0.507720 0.330602 -0.812749 0.000000 0.401107 0.509304 0.330602 -0.812749 0.000000 0.400738 0.508858 0.330602 -0.812749 0.000000 0.401107 0.510304 0.319992 -0.795242 0.000000 0.400984 0.511288 0.319992 -0.795242 0.000000 0.400664 0.511796 0.319992 -0.795242 0.000000 
0.400098 0.507966 0.330602 -0.812749 0.000000 0.400197 0.508335 0.330602 -0.812749 0.000000 0.401107 0.509781 0.330602 -0.812749 0.000000 0.401107 0.510796 0.319992 -0.795242 0.000000 0.400320 0.512303 0.319992 -0.795242 0.000000 0.399975 0.512841 0.319992 -0.795242 0.000000 
0.401107 0.509304 0.330602 -0.812749 0.000000 0.400738 0.508858 0.330602 -0.812749 0.000000 0.401107 0.510304 0.319992 -0.795242 0.000000 0.400984 0.511288 0.319992 -0.795242 0.000000 0.400664 0.511796 0.319992 -0.795242 0.000000 0.399606 0.513410 0.335899 -0.792322 0.000000 
0.400197 0.508335 0.330602 -0.812749 0.000000 0.401107 0.509781 0.330602 -0.812749 0.000000 0.401107 0.510796 0.319992 -0.795242 0.000000 0.400320 0.512303 0.319992 -0.795242 0.000000 0.399975 0.512841 0.319992 -0.795242 0.000000 0.399237 0.513995 0.351537 -0.789232 0.000000 
0.400738 0.508858 0.330602 -0.812749 0.000000 0.401107 0.510304 0.319992 -0.795242 0.000000 0.400984 0.511288 0.319992 -0.795242 0.000000 0.400664 0.511796 0.319992 -0.795242 0.000000 0.399606 0.513410 0.335899 -0.792322 0.000000 0.398942 0.514610 0.351537 -0.789232 0.000000 
0.401107 0.509781 0.330602 -0.812749 0.000000 0.401107 0.510796 0.319992 -0.795242 0.000000 0.400320 0.512303 0.319992 -0.795242 0.000000 0.399975 0.512841 0.319992 -0.795242 0.000000 0.399237 0.513995 0.351537 -0.789232 0.000000 0.398844 0.515256 0.351537 -0.789232 0.000000 
0.401107 0.510304 0.319992 -0.795242 0.000000 0.400984 0.511288 0.319992 -0.795242 0.000000 0.400664 0.511796 0.319992 -0.795242 0.000000 0.399606 0.513410 0.335899 -0.792322 0.000000 0.398942 0.514610 0.351537 -0.789232 0.000000 0.398770 0.515933 0.355348 -0.768494 0.000000 
0.401107 0.510796 0.319992 -0.795242 0.000000 0.400320 0.512303 0.319992 -0.795242 0.000000 0.399975 0.512841 0.319992 -0.795242 0.000000 0.399237 0.513995 0.351537 -0.789232 0.000000 0.398844 0.515256 0.351537 -0.789232 0.000000 0.398745 0.516625 0.355348 -0.768494 0.000000 
0.400984 0.511288 0.319992 -0.795242 0.000000 0.400664 0.511796 0.319992 -0.795242 0.000000 0.399606 0.513410 0.335899 -0.792322 0.000000 0.398942 0.514610 0.351537 -0.789232 0.000000 0.398770 0.515933 0.355348 -0.768494 0.000000 0.398524 0.517332 0.355348 -0.768494 0.000000 
0.400320 0.512303 0.319992 -0.795242 0.000000 0.399975 0.512841 0.319992 -0.795242 0.000000 0.399237 0.513995 0.351537 -0.789232 0.000000 0.398844 0.515256 0.351537 -0.789232 0.000000 0.398745 0.516625 0.355348 -0.768494 0.000000 0.398450 0.518024 0.344110 -0.751061 0.000000 
0.400664 0.511796 0.319992 -0.795242 0.000000 0.399606 0.513410 0.335899 -0.792322 0.000000 0.398942 0.514610 0.351537 -0.789232 0.000000 0.398770 0.515933 0.355348 -0.768494 0.000000 0.398524 0.517332 0.355348 -0.768494 0.000000 0.398450 0.518685 0.344110 -0.751061 0.000000 
0.399975 0.512841 0.319992 -0.795242 0.000000 0.399237 0.513995 0.351537 -0.789232 0.000000 0.398844 0.515256 0.351537 -0.789232 0.000000 0.398745 0.516625 0.355348 -0.768494 0.000000 0.398450 0.518024 0.344110 -0.751061 0.000000 0.398450 0.519331 0.344110 -0.751061 0.000000 
0.399606 0.513410 0.335899 -0.792322 0.000000 0.398942 0.514610 0.351537 -0.789232 0.000000 0.398770 0.515933 0.355348 -0.768494 0.000000 0.398524 0.517332 0.355348 -0.768494 0.000000 0.398450 0.518685 0.344110 -0.751061 0.000000 0.398794 0.519946 0.344110 -0.751061 0.000000 
0.399237 0.513995 0.351537 -0.789232 0.000000 0.398844 0.515256 0.351537 -0.789232 0.000000 0.398745 0.516625 0.355348 -0.768494 0.000000 0.398450 0.518024 0.344110 -0.751061 0.000000 0.398450 0.519331 0.344110 -0.751061 0.000000 0.399163 0.520531 0.347107 -0.730252 0.000000 
0.398942 0.514610 0.351537 -0.789232 0.000000 0.398770 0.515933 0.355348 -0.768494 0.000000 0.398524 0.517332 0.355348 -0.768494 0.000000 0.398450 0.518685 0.344110 -0.751061 0.000000 0.398794 0.519946 0.344110 -0.751061 0.000000 0.399557 0.521069 0.360807 -0.726660 0.000000 
0.398844 0.515256 0.351537 -0.789232 0.000000 0.398745 0.516625 0.355348 -0.768494 0.000000 0.398450 0.518024 0.344110 -0.751061 0.000000 0.398450 0.519331 0.344110 -0.751061 0.000000 0.399163 0.520531 0.347107 -0.730252 0.000000 0.399926 0.521577 0.360807 -0.726660 0.000000 
0.398770 0.515933 0.355348 -0.768494 0.000000 0.398524 0.517332 0.355348 -0.768494 0.000000 0.398450 0.518685 0.344110 -0.751061 0.000000 0.398794 0.519946 0.344110 -0.751061 0.000000 0.399557 0.521069 0.360807 -0.726660 0.000000 0.400074 0.522038 0.374268 -0.722894 0.000000 
0.398745 0.516625 0.355348 -0.768494 0.000000 0.398450 0.518024 0.344110 -0.751061 0.000000 0.398450 0.519331 0.344110 -0.751061 0.000000 0.399163 0.520531 0.347107 -0.730252 0.000000 0.399926 0.521577 0.360807 -0.726660 0.000000 0.400566 0.522484 0.349412 -0.709342 0.000000 
0.398524 0.517332 0.355348 -0.768494 0.000000 0.398450 0.518685 0.344110 -0.751061 0.000000 0.398794 0.519946 0.344110 -0.751061 0.000000 0.399557 0.521069 0.360807 -0.726660 0.000000 0.400074 0.522038 0.374268 -0.722894 0.000000 0.400837 0.522899 0.349412 -0.709342 0.000000 
0.398450 0.518024 0.344110 -0.751061 0.000000 0.398450 0.519331 0.344110 -0.751061 0.000000 0.399163 0.520531 0.347107 -0.730252 0.000000 0.399926 0.521577 0.360807 -0.726660 0.000000 0.400566 0.522484 0.349412 -0.709342 0.000000 0.401132 0.523284 0.338292 -0.692072 0.000000 
0.398450 0.518685 0.344110 -0.751061 0.000000 0.398794 0.519946 0.344110 -0.751061 0.000000 0.399557 0.521069 0.360807 -0.726660 0.000000 0.400074 0.522038 0.374268 -0.722894 0.000000 0.400837 0.522899 0.349412 -0.709342 0.000000 0.401378 0.523607 0.338292 -0.692072 0.000000 
0.398450 0.519331 0.344110 -0.751061 0.000000 0.399163 0.520531 0.347107 -0.730252 0.000000 0.399926 0.521577 0.360807 -0.726660 0.000000 0.400566 0.522484 0.349412 -0.709342 0.000000 0.401132 0.523284 0.338292 -0.692072 0.000000 0.401698 0.523914 0.351057 -0.688347 0.000000 
0.398794 0.519946 0.344110 -0.751061 0.000000 0.399557 0.521069 0.360807 -0.726660 0.000000 0.400074 0.522038 0.374268 -0.722894 0.000000 0.400837 0.522899 0.349412 -0.709342 0.000000 0.401378 0.523607 0.338292 -0.692072 0.000000 0.402018 0.524206 0.352070 -0.667283 0.000000 
0.399163 0.520531 0.347107 -0.730252 0.000000 0.399926 0.521577 0.360807 -0.726660 0.000000 0.400566 0.522484 0.349412 -0.709342 0.000000 0.401132 0.523284 0.338292 -0.692072 0.000000 0.401698 0.523914 0.351057 -0.688347 0.000000 0.403174 0.524868 0.340784 -0.650176 0.048876 
0.399557 0.521069 0.360807 -0.726660 0.000000 0.400074 0.522038 0.374268 -0.722894 0.000000 0.400837 0.522899 0.349412 -0.709342 0.000000 0.401378 0.523607 0.338292 -0.692072 0.000000 0.402018 0.524206 0.352070 -0.667283 0.000000 0.402387 0.524452 0.328897 -0.654013 0.000000 
0.399926 0.521577 0.360807 -0.726660 0.000000 0.400566 0.522484 0.349412 -0.709342 0.000000 0.401132 0.523284 0.338292 -0.692072 0.000000 0.401698 0.523914 0.351057 -0.688347 0.000000 0.403174 0.524868 0.340784 -0.650176 0.048876 0.402756 0.524683 0.340784 -0.650176 0.000000 
0.400074 0.522038 0.374268 -0.722894 0.000000 0.400837 0.522899 0.349412 -0.709342 0.000000 0.401378 0.523607 0.338292 -0.692072 0.000000 0.402018 0.524206 0.352070 -0.667283 0.000000 0.402387 0.524452 0.328897 -0.654013 0.000000 0.403593 0.524991 0.329736 -0.633126 0.064516 
0.400566 0.522484 0.349412 -0.709342 0.000000 0.401132 0.523284 0.338292 -0.692072 0.000000 0.401698 0.523914 0.351057 -0.688347 0.000000 0.403174 0.524868 0.340784 -0.650176 0.048876 0.402756 0.524683 0.340784 -0.650176 0.000000 0.403912 0.525083 0.329736 -0.633126 0.087977 
0.400837 0.522899 0.349412 -0.709342 0.000000 0.401378 0.523607 0.338292 -0.692072 0.000000 0.402018 0.524206 0.352070 -0.667283 0.000000 0.402387 0.524452 0.328897 -0.654013 0.000000 0.403593 0.524991 0.329736 -0.633126 0.064516 0.404282 0.525175 0.329736 -0.633126 0.145650 
0.401132 0.523284 0.338292 -0.692072 0.000000 0.401698 0.523914 0.351057 -0.688347 0.000000 0.403174 0.524868 0.340784 -0.650176 0.048876 0.402756 0.524683 0.340784 -0.650176 0.000000 0.403912 0.525083 0.329736 -0.633126 0.087977 0.404577 0.525221 0.329736 -0.633126 0.173021 
0.401378 0.523607 0.338292 -0.692072 0.000000 0.402018 0.524206 0.352070 -0.667283 0.000000 0.402387 0.524452 0.328897 -0.654013 0.000000 0.403593 0.524991 0.329736 -0.633126 0.064516 0.404282 0.525175 0.329736 -0.633126 0.145650 0.404798 0.525252 0.329736 -0.633126 0.197458 
0.401698 0.523914 0.351057 -0.688347 0.000000 0.403174 0.524868 0.340784 -0.650176 0.048876 0.402756 0.524683 0.340784 -0.650176 0.000000 0.403912 0.525083 0.329736 -0.633126 0.087977 0.404577 0.525221 0.329736 -0.633126 0.173021 0.404970 0.525268 0.329736 -0.633126 0.228739 
0.402018 0.524206 0.352070 -0.667283 0.000000 0.402387 0.524452 0.328897 -0.654013 0.000000 0.403593 0.524991 0.329736 -0.633126 0.064516 0.404282 0.525175 0.329736 -0.633126 0.145650 0.404798 0.525252 0.329736 -0.633126 0.197458 0.405143 0.525283 0.329736 -0.633126 0.261975 
0.403174 0.524868 0.340784 -0.650176 0.048876 0.402756 0.524683 0.340784 -0.650176 0.000000 0.403912 0.525083 0.329736 -0.633126 0.087977 0.404577 0.525221 0.329736 -0.633126 0.173021 0.404970 0.525268 0.329736 -0.633126 0.228739 0.405217 0.525283 0.329736 -0.633126 0.289345 
0.402387 0.524452 0.328897 -0.654013 0.000000 0.403593 0.524991 0.329736 -0.633126 0.064516 0.404282 0.525175 0.329736 -0.633126 0.145650 0.404798 0.525252 0.329736 -0.633126 0.197458 0.405143 0.525283 0.329736 -0.633126 0.261975 0.405290 0.525283 0.329736 -0.633126 0.308895 
0.402756 0.524683 0.340784 -0.650176 0.000000 0.403912 0.525083 0.329736 -0.633126 0.087977 0.404577 0.525221 0.329736 -0.633126 0.173021 0.404970 0.525268 0.329736 -0.633126 0.228739 0.405217 0.525283 0.329736 -0.633126 0.289345 0.405364 0.525283 0.329736 -0.633126 0.325513 
0.403593 0.524991 0.329736 -0.633126 0.064516 0.404282 0.525175 0.329736 -0.633126 0.145650 0.404798 0.525252 0.329736 -0.633126 0.197458 0.405143 0.525283 0.329736 -0.633126 0.261975 0.405290 0.525283 0.329736 -0.633126 0.308895 0.405364 0.525237 0.329736 -0.633126 0.424242 
0.403912 0.525083 0.329736 -0.633126 0.087977 0.404577 0.525221 0.329736 -0.633126 0.173021 0.404970 0.525268 0.329736 -0.633126 0.228739 0.405217 0.525283 0.329736 -0.633126 0.289345 0.405364 0.525283 0.329736 -0.633126 0.325513 0.405364 0.525052 0.329736 -0.633126 0.434995 
0.404282 0.525175 0.329736 -0.633126 0.145650 0.404798 0.525252 0.329736 -0.633126 0.197458 0.405143 0.525283 0.329736 -0.633126 0.261975 0.405290 0.525283 0.329736 -0.633126 0.308895 0.405364 0.525237 0.329736 -0.633126 0.424242 0.405340 0.524745 0.329736 -0.633126 0.444770 
0.404577 0.525221 0.329736 -0.633126 0.173021 0.404970 0.525268 0.329736 -0.633126 0.228739 0.405217 0.525283 0.329736 -0.633126 0.289345 0.405364 0.525283 0.329736 -0.633126 0.325513 0.405364 0.525052 0.329736 -0.633126 0.434995 0.405167 0.524222 0.329736 -0.633126 0.453568 
0.404798 0.525252 0.329736 -0.633126 0.197458 0.405143 0.525283 0.329736 -0.633126 0.261975 0.405290 0.525283 0.329736 -0.633126 0.308895 0.405364 0.525237 0.329736 -0.633126 0.424242 0.405340 0.524745 0.329736 -0.633126 0.444770 0.404946 0.523499 0.329736 -0.633126 0.461388 
0.404970 0.525268 0.329736 -0.633126 0.228739 0.405217 0.525283 0.329736 -0.633126 0.289345 0.405364 0.525283 0.329736 -0.633126 0.325513 0.405364 0.525052 0.329736 -0.633126 0.434995 0.405167 0.524222 0.329736 -0.633126 0.453568 0.404724 0.522561 0.352297 -0.625025 0.484848 
0.405143 0.525283 0.329736 -0.633126 0.261975 0.405290 0.525283 0.329736 -0.633126 0.308895 0.405364 0.525237 0.329736 -0.633126 0.424242 0.405340 0.524745 0.329736 -0.633126 0.444770 0.404946 0.523499 0.329736 -0.633126 0.461388 0.404478 0.521423 0.352297 -0.625025 0.530792 
0.405217 0.525283 0.329736 -0.633126 0.289345 0.405364 0.525283 0.329736 -0.633126 0.325513 0.405364 0.525052 0.329736 -0.633126 0.434995 0.405167 0.524222 0.329736 -0.633126 0.453568 0.404724 0.522561 0.352297 -0.625025 0.484848 0.404208 0.520131 0.352297 -0.625025 0.543500 
0.405290 0.525283 0.329736 -0.633126 0.308895 0.405364 0.525237 0.329736 -0.633126 0.424242 0.405340 0.524745 0.329736 -0.633126 0.444770 0.404946 0.523499 0.329736 -0.633126 0.461388 0.404478 0.521423 0.352297 -0.625025 0.530792 0.403912 0.518670 0.352297 -0.625025 0.551320 
0.405364 0.525283 0.329736 -0.633126 0.325513 0.405364 0.525052 0.329736 -0.633126 0.434995 0.405167 0.524222 0.329736 -0.633126 0.453568 0.404724 0.522561 0.352297 -0.625025 0.484848 0.404208 0.520131 0.352297 -0.625025 0.543500 0.403716 0.517009 0.352297 -0.625025 0.572825 
0.405364 0.525237 0.329736 -0.633126 0.424242 0.405340 0.524745 0.329736 -0.633126 0.444770 0.404946 0.523499 0.329736 -0.633126 0.461388 0.404478 0.521423 0.352297 -0.625025 0.530792 0.403912 0.518670 0.352297 -0.625025 0.551320 0.403297 0.511104 0.329736 -0.633126 0.612903 
0.405364 0.525052 0.329736 -0.633126 0.434995 0.405167 0.524222 0.329736 -0.633126 0.453568 0.404724 0.522561 0.352297 -0.625025 0.484848 0.404208 0.520131 0.352297 -0.625025 0.543500 0.403716 0.517009 0.352297 -0.625025 0.572825 0.403519 0.515164 0.352297 -0.625025 0.592375 
0.405340 0.524745 0.329736 -0.633126 0.444770 0.404946 0.523499 0.329736 -0.633126 0.461388 0.404478 0.521423 0.352297 -0.625025 0.530792 0.403912 0.518670 0.352297 -0.625025 0.551320 0.403297 0.511104 0.329736 -0.633126 0.612903 0.403371 0.513195 0.329736 -0.633126 0.602151 
0.405167 0.524222 0.329736 -0.633126 0.453568 0.404724 0.522561 0.352297 -0.625025 0.484848 0.404208 0.520131 0.352297 -0.625025 0.543500 0.403716 0.517009 0.352297 -0.625025 0.572825 0.403519 0.515164 0.352297 -0.625025 0.592375 0.403273 0.508951 0.329736 -0.633126 0.628543 
0.404946 0.523499 0.329736 -0.633126 0.461388 0.404478 0.521423 0.352297 -0.625025 0.530792 0.403912 0.518670 0.352297 -0.625025 0.551320 0.403297 0.511104 0.329736 -0.633126 0.612903 0.403371 0.513195 0.329736 -0.633126 0.602151 0.403273 0.504321 0.318178 -0.636925 0.660802 
0.404724 0.522561 0.352297 -0.625025 0.484848 0.404208 0.520131 0.352297 -0.625025 0.543500 0.403716 0.517009 0.352297 -0.625025 0.572825 0.403519 0.515164 0.352297 -0.625025 0.592375 0.403273 0.508951 0.329736 -0.633126 0.628543 0.403273 0.506705 0.329736 -0.633126 0.643206 
0.404478 0.521423 0.352297 -0.625025 0.530792 0.403912 0.518670 0.352297 -0.625025 0.551320 0.403297 0.511104 0.329736 -0.633126 0.612903 0.403371 0.513195 0.329736 -0.633126 0.602151 0.403273 0.504321 0.318178 -0.636925 0.660802 0.403273 0.501861 0.318178 -0.636925 0.687195 
0.404208 0.520131 0.352297 -0.625025 0.543500 0.403716 0.517009 0.352297 -0.625025 0.572825 0.403519 0.515164 0.352297 -0.625025 0.592375 0.403273 0.508951 0.329736 -0.633126 0.628543 0.403273 0.506705 0.329736 -0.633126 0.643206 0.403273 0.499339 0.296287 -0.623481 0.681329 
