0.360851 0.528251 0.436972 -0.327163 0.802542 0.364198 0.528251 0.436972 -0.327163 0.800587 0.367224 0.528251 0.436972 -0.327163 0.806452 0.370177 0.528343 0.441764 -0.319788 0.806452 0.374852 0.528574 0.441764 -0.319788 0.808407 0.376452 0.528636 0.441764 -0.319788 0.809384 
0.362525 0.528251 0.436972 -0.327163 0.796676 0.365699 0.528251 0.436972 -0.327163 0.806452 0.368725 0.528251 0.436972 -0.327163 0.801564 0.371678 0.528420 0.441764 -0.319788 0.812317 0.373228 0.528497 0.441764 -0.319788 0.800587 0.379847 0.528743 0.441764 -0.319788 0.798631 
0.364198 0.528251 0.436972 -0.327163 0.800587 0.367224 0.528251 0.436972 -0.327163 0.806452 0.370177 0.528343 0.441764 -0.319788 0.806452 0.374852 0.528574 0.441764 -0.319788 0.808407 0.376452 0.528636 0.441764 -0.319788 0.809384 0.378150 0.528682 0.441764 -0.319788 0.797654 
0.365699 0.528251 0.436972 -0.327163 0.806452 0.368725 0.528251 0.436972 -0.327163 0.801564 0.371678 0.528420 0.441764 -0.319788 0.812317 0.373228 0.528497 0.441764 -0.319788 0.800587 0.379847 0.528743 0.441764 -0.319788 0.798631 0.381545 0.528759 0.441764 -0.319788 0.788856 
0.367224 0.528251 0.436972 -0.327163 0.806452 0.370177 0.528343 0.441764 -0.319788 0.806452 0.374852 0.528574 0.441764 -0.319788 0.808407 0.376452 0.528636 0.441764 -0.319788 0.809384 0.378150 0.528682 0.441764 -0.319788 0.797654 0.383342 0.528774 0.441764 -0.319788 0.795699 
0.368725 0.528251 0.436972 -0.327163 0.801564 0.371678 0.528420 0.441764 -0.319788 0.812317 0.373228 0.528497 0.441764 -0.319788 0.800587 0.379847 0.528743 0.441764 -0.319788 0.798631 0.381545 0.528759 0.441764 -0.319788 0.788856 0.385113 0.528774 0.441764 -0.319788 0.793744 
0.370177 0.528343 0.441764 -0.319788 0.806452 0.374852 0.528574 0.441764 -0.319788 0.808407 0.376452 0.528636 0.441764 -0.319788 0.809384 0.378150 0.528682 0.441764 -0.319788 0.797654 0.383342 0.528774 0.441764 -0.319788 0.795699 0.386885 0.528774 0.441764 -0.319788 0.796676 
0.371678 0.528420 0.441764 -0.319788 0.812317 0.373228 0.528497 0.441764 -0.319788 0.800587 0.379847 0.528743 0.441764 -0.319788 0.798631 0.381545 0.528759 0.441764 -0.319788 0.788856 0.385113 0.528774 0.441764 -0.319788 0.793744 0.388681 0.528774 0.436972 -0.327163 0.782991 
0.374852 0.528574 0.441764 -0.319788 0.808407 0.376452 0.528636 0.441764 -0.319788 0.809384 0.378150 0.528682 0.441764 -0.319788 0.797654 0.383342 0.528774 0.441764 -0.319788 0.795699 0.386885 0.528774 0.441764 -0.319788 0.796676 0.390527 0.528774 0.436972 -0.327163 0.784946 
0.373228 0.528497 0.441764 -0.319788 0.800587 0.379847 0.528743 0.441764 -0.319788 0.798631 0.381545 0.528759 0.441764 -0.319788 0.788856 0.385113 0.528774 0.441764 -0.319788 0.793744 0.388681 0.528774 0.436972 -0.327163 0.782991 0.392421 0.528774 0.436972 -0.327163 0.786901 
0.376452 0.528636 0.441764 -0.319788 0.809384 0.378150 0.528682 0.441764 -0.319788 0.797654 0.383342 0.528774 0.441764 -0.319788 0.795699 0.386885 0.528774 0.441764 -0.319788 0.796676 0.390527 0.528774 0.436972 -0.327163 0.784946 0.394365 0.528774 0.436972 -0.327163 0.771261 
0.379847 0.528743 0.441764 -0.319788 0.798631 0.381545 0.528759 0.441764 -0.319788 0.788856 0.385113 0.528774 0.441764 -0.319788 0.793744 0.388681 0.528774 0.436972 -0.327163 0.782991 0.392421 0.528774 0.436972 -0.327163 0.786901 0.396334 0.528743 0.436972 -0.327163 0.771261 
0.378150 0.528682 0.441764 -0.319788 0.797654 0.383342 0.528774 0.441764 -0.319788 0.795699 0.386885 0.528774 0.441764 -0.319788 0.796676 0.390527 0.528774 0.436972 -0.327163 0.784946 0.394365 0.528774 0.436972 -0.327163 0.771261 0.398302 0.528574 0.436972 -0.327163 0.765396 
0.381545 0.528759 0.441764 -0.319788 0.788856 0.385113 0.528774 0.441764 -0.319788 0.793744 0.388681 0.528774 0.436972 -0.327163 0.782991 0.392421 0.528774 0.436972 -0.327163 0.786901 0.396334 0.528743 0.436972 -0.327163 0.771261 0.400369 0.528405 0.436972 -0.327163 0.770283 
0.383342 0.528774 0.441764 -0.319788 0.795699 0.386885 0.528774 0.441764 -0.319788 0.796676 0.390527 0.528774 0.436972 -0.327163 0.784946 0.394365 0.528774 0.436972 -0.327163 0.771261 0.398302 0.528574 0.436972 -0.327163 0.765396 0.402411 0.528205 0.436972 -0.327163 0.773216 
0.385113 0.528774 0.441764 -0.319788 0.793744 0.388681 0.528774 0.436972 -0.327163 0.782991 0.392421 0.528774 0.436972 -0.327163 0.786901 0.396334 0.528743 0.436972 -0.327163 0.771261 0.400369 0.528405 0.436972 -0.327163 0.770283 0.404454 0.528005 0.436972 -0.327163 0.780059 
0.386885 0.528774 0.441764 -0.319788 0.796676 0.390527 0.528774 0.436972 -0.327163 0.784946 0.394365 0.528774 0.436972 -0.327163 0.771261 0.398302 0.528574 0.436972 -0.327163 0.765396 0.402411 0.528205 0.436972 -0.327163 0.773216 0.406471 0.527774 0.436972 -0.327163 0.773216 
0.388681 0.528774 0.436972 -0.327163 0.782991 0.392421 0.528774 0.436972 -0.327163 0.786901 0.396334 0.528743 0.436972 -0.327163 0.771261 0.400369 0.528405 0.436972 -0.327163 0.770283 0.404454 0.528005 0.436972 -0.327163 0.780059 0.408489 0.527544 0.436972 -0.327163 0.775171 
0.390527 0.528774 0.436972 -0.327163 0.784946 0.394365 0.528774 0.436972 -0.327163 0.771261 0.398302 0.528574 0.436972 -0.327163 0.765396 0.402411 0.528205 0.436972 -0.327163 0.773216 0.406471 0.527774 0.436972 -0.327163 0.773216 0.410482 0.527344 0.457385 -0.331891 0.775171 
0.392421 0.528774 0.436972 -0.327163 0.786901 0.396334 0.528743 0.436972 -0.327163 0.771261 0.400369 0.528405 0.436972 -0.327163 0.770283 0.404454 0.528005 0.436972 -0.327163 0.780059 0.408489 0.527544 0.436972 -0.327163 0.775171 0.412426 0.527144 0.457385 -0.331891 0.774194 
0.394365 0.528774 0.436972 -0.327163 0.771261 0.398302 0.528574 0.436972 -0.327163 0.765396 0.402411 0.528205 0.436972 -0.327163 0.773216 0.406471 0.527774 0.436972 -0.327163 0.773216 0.410482 0.527344 0.457385 -0.331891 0.775171 0.414272 0.526990 0.457385 -0.331891 0.775171 
0.396334 0.528743 0.436972 -0.327163 0.771261 0.400369 0.528405 0.436972 -0.327163 0.770283 0.404454 0.528005 0.436972 -0.327163 0.780059 0.408489 0.527544 0.436972 -0.327163 0.775171 0.412426 0.527144 0.457385 -0.331891 0.774194 0.416068 0.526836 0.457385 -0.331891 0.770283 
0.398302 0.528574 0.436972 -0.327163 0.765396 0.402411 0.528205 0.436972 -0.327163 0.773216 0.406471 0.527774 0.436972 -0.327163 0.773216 0.410482 0.527344 0.457385 -0.331891 0.775171 0.414272 0.526990 0.457385 -0.331891 0.775171 0.417815 0.526729 0.457385 -0.331891 0.779081 
0.400369 0.528405 0.436972 -0.327163 0.770283 0.404454 0.528005 0.436972 -0.327163 0.780059 0.408489 0.527544 0.436972 -0.327163 0.775171 0.412426 0.527144 0.457385 -0.331891 0.774194 0.416068 0.526836 0.457385 -0.331891 0.770283 0.421358 0.526590 0.457385 -0.331891 0.786901 
0.402411 0.528205 0.436972 -0.327163 0.773216 0.406471 0.527774 0.436972 -0.327163 0.773216 0.410482 0.527344 0.457385 -0.331891 0.775171 0.414272 0.526990 0.457385 -0.331891 0.775171 0.417815 0.526729 0.457385 -0.331891 0.779081 0.419611 0.526636 0.457385 -0.331891 0.788856 
0.404454 0.528005 0.436972 -0.327163 0.780059 0.408489 0.527544 0.436972 -0.327163 0.775171 0.412426 0.527144 0.457385 -0.331891 0.774194 0.416068 0.526836 0.457385 -0.331891 0.770283 0.421358 0.526590 0.457385 -0.331891 0.786901 0.423032 0.526575 0.457385 -0.331891 0.790811 
0.406471 0.527774 0.436972 -0.327163 0.773216 0.410482 0.527344 0.457385 -0.331891 0.775171 0.414272 0.526990 0.457385 -0.331891 0.775171 0.417815 0.526729 0.457385 -0.331891 0.779081 0.419611 0.526636 0.457385 -0.331891 0.788856 0.426427 0.526575 0.457385 -0.331891 0.785924 
0.408489 0.527544 0.436972 -0.327163 0.775171 0.412426 0.527144 0.457385 -0.331891 0.774194 0.416068 0.526836 0.457385 -0.331891 0.770283 0.421358 0.526590 0.457385 -0.331891 0.786901 0.423032 0.526575 0.457385 -0.331891 0.790811 0.424729 0.526575 0.457385 -0.331891 0.779081 
0.410482 0.527344 0.457385 -0.331891 0.775171 0.414272 0.526990 0.457385 -0.331891 0.775171 0.417815 0.526729 0.457385 -0.331891 0.779081 0.419611 0.526636 0.457385 -0.331891 0.788856 0.426427 0.526575 0.457385 -0.331891 0.785924 0.428174 0.526575 0.457385 -0.331891 0.788856 
0.412426 0.527144 0.457385 -0.331891 0.774194 0.416068 0.526836 0.457385 -0.331891 0.770283 0.421358 0.526590 0.457385 -0.331891 0.786901 0.423032 0.526575 0.457385 -0.331891 0.790811 0.424729 0.526575 0.457385 -0.331891 0.779081 0.429970 0.526575 0.457385 -0.331891 0.791789 
0.414272 0.526990 0.457385 -0.331891 0.775171 0.417815 0.526729 0.457385 -0.331891 0.779081 0.419611 0.526636 0.457385 -0.331891 0.788856 0.426427 0.526575 0.457385 -0.331891 0.785924 0.428174 0.526575 0.457385 -0.331891 0.788856 0.431718 0.526575 0.457385 -0.331891 0.793744 
0.416068 0.526836 0.457385 -0.331891 0.770283 0.421358 0.526590 0.457385 -0.331891 0.786901 0.423032 0.526575 0.457385 -0.331891 0.790811 0.424729 0.526575 0.457385 -0.331891 0.779081 0.429970 0.526575 0.457385 -0.331891 0.791789 0.433440 0.526575 0.457385 -0.331891 0.790811 
0.417815 0.526729 0.457385 -0.331891 0.779081 0.419611 0.526636 0.457385 -0.331891 0.788856 0.426427 0.526575 0.457385 -0.331891 0.785924 0.428174 0.526575 0.457385 -0.331891 0.788856 0.431718 0.526575 0.457385 -0.331891 0.793744 0.435212 0.526575 0.457385 -0.331891 0.786901 
0.421358 0.526590 0.457385 -0.331891 0.786901 0.423032 0.526575 0.457385 -0.331891 0.790811 0.424729 0.526575 0.457385 -0.331891 0.779081 0.429970 0.526575 0.457385 -0.331891 0.791789 0.433440 0.526575 0.457385 -0.331891 0.790811 0.436934 0.526529 0.457385 -0.331891 0.789834 
0.419611 0.526636 0.457385 -0.331891 0.788856 0.426427 0.526575 0.457385 -0.331891 0.785924 0.428174 0.526575 0.457385 -0.331891 0.788856 0.431718 0.526575 0.457385 -0.331891 0.793744 0.435212 0.526575 0.457385 -0.331891 0.786901 0.438607 0.526452 0.447413 -0.346977 0.799609 
0.423032 0.526575 0.457385 -0.331891 0.790811 0.424729 0.526575 0.457385 -0.331891 0.779081 0.429970 0.526575 0.457385 -0.331891 0.791789 0.433440 0.526575 0.457385 -0.331891 0.790811 0.436934 0.526529 0.457385 -0.331891 0.789834 0.440330 0.526375 0.447413 -0.346977 0.782991 
0.426427 0.526575 0.457385 -0.331891 0.785924 0.428174 0.526575 0.457385 -0.331891 0.788856 0.431718 0.526575 0.457385 -0.331891 0.793744 0.435212 0.526575 0.457385 -0.331891 0.786901 0.438607 0.526452 0.447413 -0.346977 0.799609 0.441929 0.526283 0.447413 -0.346977 0.782991 
0.424729 0.526575 0.457385 -0.331891 0.779081 0.429970 0.526575 0.457385 -0.331891 0.791789 0.433440 0.526575 0.457385 -0.331891 0.790811 0.436934 0.526529 0.457385 -0.331891 0.789834 0.440330 0.526375 0.447413 -0.346977 0.782991 0.443406 0.526206 0.447413 -0.346977 0.788856 
0.428174 0.526575 0.457385 -0.331891 0.788856 0.431718 0.526575 0.457385 -0.331891 0.793744 0.435212 0.526575 0.457385 -0.331891 0.786901 0.438607 0.526452 0.447413 -0.346977 0.799609 0.441929 0.526283 0.447413 -0.346977 0.782991 0.444906 0.526113 0.447413 -0.346977 0.786901 
0.429970 0.526575 0.457385 -0.331891 0.791789 0.433440 0.526575 0.457385 -0.331891 0.790811 0.436934 0.526529 0.457385 -0.331891 0.789834 0.440330 0.526375 0.447413 -0.346977 0.782991 0.443406 0.526206 0.447413 -0.346977 0.788856 0.446383 0.526067 0.447413 -0.346977 0.777126 
0.431718 0.526575 0.457385 -0.331891 0.793744 0.435212 0.526575 0.457385 -0.331891 0.786901 0.438607 0.526452 0.447413 -0.346977 0.799609 0.441929 0.526283 0.447413 -0.346977 0.782991 0.444906 0.526113 0.447413 -0.346977 0.786901 0.447835 0.526006 0.447413 -0.346977 0.785924 
0.433440 0.526575 0.457385 -0.331891 0.790811 0.436934 0.526529 0.457385 -0.331891 0.789834 0.440330 0.526375 0.447413 -0.346977 0.782991 0.443406 0.526206 0.447413 -0.346977 0.788856 0.446383 0.526067 0.447413 -0.346977 0.777126 0.449286 0.525975 0.447413 -0.346977 0.788856 
0.435212 0.526575 0.457385 -0.331891 0.786901 0.438607 0.526452 0.447413 -0.346977 0.799609 0.441929 0.526283 0.447413 -0.346977 0.782991 0.444906 0.526113 0.447413 -0.346977 0.786901 0.447835 0.526006 0.447413 -0.346977 0.785924 0.450714 0.525960 0.457552 -0.367254 0.781036 
0.436934 0.526529 0.457385 -0.331891 0.789834 0.440330 0.526375 0.447413 -0.346977 0.782991 0.443406 0.526206 0.447413 -0.346977 0.788856 0.446383 0.526067 0.447413 -0.346977 0.777126 0.449286 0.525975 0.447413 -0.346977 0.788856 0.452116 0.525960 0.457552 -0.367254 0.775171 
0.438607 0.526452 0.447413 -0.346977 0.799609 0.441929 0.526283 0.447413 -0.346977 0.782991 0.444906 0.526113 0.447413 -0.346977 0.786901 0.447835 0.526006 0.447413 -0.346977 0.785924 0.450714 0.525960 0.457552 -0.367254 0.781036 0.453519 0.525960 0.457552 -0.367254 0.774194 
0.440330 0.526375 0.447413 -0.346977 0.782991 0.443406 0.526206 0.447413 -0.346977 0.788856 0.446383 0.526067 0.447413 -0.346977 0.777126 0.449286 0.525975 0.447413 -0.346977 0.788856 0.452116 0.525960 0.457552 -0.367254 0.775171 0.454970 0.525960 0.457552 -0.367254 0.782014 
0.441929 0.526283 0.447413 -0.346977 0.782991 0.444906 0.526113 0.447413 -0.346977 0.786901 0.447835 0.526006 0.447413 -0.346977 0.785924 0.450714 0.525960 0.457552 -0.367254 0.781036 0.453519 0.525960 0.457552 -0.367254 0.774194 0.456422 0.525960 0.457552 -0.367254 0.778104 
0.443406 0.526206 0.447413 -0.346977 0.788856 0.446383 0.526067 0.447413 -0.346977 0.777126 0.449286 0.525975 0.447413 -0.346977 0.788856 0.452116 0.525960 0.457552 -0.367254 0.775171 0.454970 0.525960 0.457552 -0.367254 0.782014 0.457800 0.525960 0.457552 -0.367254 0.784946 
0.444906 0.526113 0.447413 -0.346977 0.786901 0.447835 0.526006 0.447413 -0.346977 0.785924 0.450714 0.525960 0.457552 -0.367254 0.781036 0.453519 0.525960 0.457552 -0.367254 0.774194 0.456422 0.525960 0.457552 -0.367254 0.778104 0.459129 0.525960 0.457552 -0.367254 0.789834 
0.446383 0.526067 0.447413 -0.346977 0.777126 0.449286 0.525975 0.447413 -0.346977 0.788856 0.452116 0.525960 0.457552 -0.367254 0.775171 0.454970 0.525960 0.457552 -0.367254 0.782014 0.457800 0.525960 0.457552 -0.367254 0.784946 0.460384 0.526006 0.436865 -0.361515 0.786901 
0.447835 0.526006 0.447413 -0.346977 0.785924 0.450714 0.525960 0.457552 -0.367254 0.781036 0.453519 0.525960 0.457552 -0.367254 0.774194 0.456422 0.525960 0.457552 -0.367254 0.778104 0.459129 0.525960 0.457552 -0.367254 0.789834 0.461614 0.526083 0.436865 -0.361515 0.794721 
0.449286 0.525975 0.447413 -0.346977 0.788856 0.452116 0.525960 0.457552 -0.367254 0.775171 0.454970 0.525960 0.457552 -0.367254 0.782014 0.457800 0.525960 0.457552 -0.367254 0.784946 0.460384 0.526006 0.436865 -0.361515 0.786901 0.462771 0.526160 0.436865 -0.361515 0.798631 
0.450714 0.525960 0.457552 -0.367254 0.781036 0.453519 0.525960 0.457552 -0.367254 0.774194 0.456422 0.525960 0.457552 -0.367254 0.778104 0.459129 0.525960 0.457552 -0.367254 0.789834 0.461614 0.526083 0.436865 -0.361515 0.794721 0.463927 0.526221 0.436865 -0.361515 0.796676 
0.452116 0.525960 0.457552 -0.367254 0.775171 0.454970 0.525960 0.457552 -0.367254 0.782014 0.457800 0.525960 0.457552 -0.367254 0.784946 0.460384 0.526006 0.436865 -0.361515 0.786901 0.462771 0.526160 0.436865 -0.361515 0.798631 0.465059 0.526267 0.436865 -0.361515 0.802542 
0.453519 0.525960 0.457552 -0.367254 0.774194 0.456422 0.525960 0.457552 -0.367254 0.778104 0.459129 0.525960 0.457552 -0.367254 0.789834 0.461614 0.526083 0.436865 -0.361515 0.794721 0.463927 0.526221 0.436865 -0.361515 0.796676 0.466216 0.526329 0.436865 -0.361515 0.798631 
0.454970 0.525960 0.457552 -0.367254 0.782014 0.457800 0.525960 0.457552 -0.367254 0.784946 0.460384 0.526006 0.436865 -0.361515 0.786901 0.462771 0.526160 0.436865 -0.361515 0.798631 0.465059 0.526267 0.436865 -0.361515 0.802542 0.467323 0.526359 0.436865 -0.361515 0.803519 
0.456422 0.525960 0.457552 -0.367254 0.778104 0.459129 0.525960 0.457552 -0.367254 0.789834 0.461614 0.526083 0.436865 -0.361515 0.794721 0.463927 0.526221 0.436865 -0.361515 0.796676 0.466216 0.526329 0.436865 -0.361515 0.798631 0.468455 0.526390 0.436865 -0.361515 0.800587 
0.457800 0.525960 0.457552 -0.367254 0.784946 0.460384 0.526006 0.436865 -0.361515 0.786901 0.462771 0.526160 0.436865 -0.361515 0.798631 0.465059 0.526267 0.436865 -0.361515 0.802542 0.467323 0.526359 0.436865 -0.361515 0.803519 0.469636 0.526421 0.436865 -0.361515 0.793744 
0.459129 0.525960 0.457552 -0.367254 0.789834 0.461614 0.526083 0.436865 -0.361515 0.794721 0.463927 0.526221 0.436865 -0.361515 0.796676 0.466216 0.526329 0.436865 -0.361515 0.798631 0.468455 0.526390 0.436865 -0.361515 0.800587 0.470817 0.526436 0.436865 -0.361515 0.794721 
0.460384 0.526006 0.436865 -0.361515 0.786901 0.462771 0.526160 0.436865 -0.361515 0.798631 0.465059 0.526267 0.436865 -0.361515 0.802542 0.467323 0.526359 0.436865 -0.361515 0.803519 0.469636 0.526421 0.436865 -0.361515 0.793744 0.472072 0.526467 0.436865 -0.361515 0.795699 
0.461614 0.526083 0.436865 -0.361515 0.794721 0.463927 0.526221 0.436865 -0.361515 0.796676 0.466216 0.526329 0.436865 -0.361515 0.798631 0.468455 0.526390 0.436865 -0.361515 0.800587 0.470817 0.526436 0.436865 -0.361515 0.794721 0.473327 0.526513 0.436865 -0.361515 0.791789 
0.462771 0.526160 0.436865 -0.361515 0.798631 0.465059 0.526267 0.436865 -0.361515 0.802542 0.467323 0.526359 0.436865 -0.361515 0.803519 0.469636 0.526421 0.436865 -0.361515 0.793744 0.472072 0.526467 0.436865 -0.361515 0.795699 0.474582 0.526575 0.436865 -0.361515 0.781036 
0.463927 0.526221 0.436865 -0.361515 0.796676 0.466216 0.526329 0.436865 -0.361515 0.798631 0.468455 0.526390 0.436865 -0.361515 0.800587 0.470817 0.526436 0.436865 -0.361515 0.794721 0.473327 0.526513 0.436865 -0.361515 0.791789 0.475787 0.526621 0.436865 -0.361515 0.781036 
0.465059 0.526267 0.436865 -0.361515 0.802542 0.467323 0.526359 0.436865 -0.361515 0.803519 0.469636 0.526421 0.436865 -0.361515 0.793744 0.472072 0.526467 0.436865 -0.361515 0.795699 0.474582 0.526575 0.436865 -0.361515 0.781036 0.477042 0.526682 0.436865 -0.361515 0.788856 
0.466216 0.526329 0.436865 -0.361515 0.798631 0.468455 0.526390 0.436865 -0.361515 0.800587 0.470817 0.526436 0.436865 -0.361515 0.794721 0.473327 0.526513 0.436865 -0.361515 0.791789 0.475787 0.526621 0.436865 -0.361515 0.781036 0.478248 0.526744 0.436865 -0.361515 0.782991 
0.467323 0.526359 0.436865 -0.361515 0.803519 0.469636 0.526421 0.436865 -0.361515 0.793744 0.472072 0.526467 0.436865 -0.361515 0.795699 0.474582 0.526575 0.436865 -0.361515 0.781036 0.477042 0.526682 0.436865 -0.361515 0.788856 0.479478 0.526790 0.436865 -0.361515 0.784946 
0.468455 0.526390 0.436865 -0.361515 0.800587 0.470817 0.526436 0.436865 -0.361515 0.794721 0.473327 0.526513 0.436865 -0.361515 0.791789 0.475787 0.526621 0.436865 -0.361515 0.781036 0.478248 0.526744 0.436865 -0.361515 0.782991 0.480733 0.526836 0.436865 -0.361515 0.785924 
0.469636 0.526421 0.436865 -0.361515 0.793744 0.472072 0.526467 0.436865 -0.361515 0.795699 0.474582 0.526575 0.436865 -0.361515 0.781036 0.477042 0.526682 0.436865 -0.361515 0.788856 0.479478 0.526790 0.436865 -0.361515 0.784946 0.481939 0.526867 0.436865 -0.361515 0.785924 
0.470817 0.526436 0.436865 -0.361515 0.794721 0.473327 0.526513 0.436865 -0.361515 0.791789 0.475787 0.526621 0.436865 -0.361515 0.781036 0.478248 0.526744 0.436865 -0.361515 0.782991 0.480733 0.526836 0.436865 -0.361515 0.785924 0.483145 0.526867 0.436865 -0.361515 0.794721 
0.472072 0.526467 0.436865 -0.361515 0.795699 0.474582 0.526575 0.436865 -0.361515 0.781036 0.477042 0.526682 0.436865 -0.361515 0.788856 0.479478 0.526790 0.436865 -0.361515 0.784946 0.481939 0.526867 0.436865 -0.361515 0.785924 0.484301 0.526882 0.436865 -0.361515 0.789834 
0.473327 0.526513 0.436865 -0.361515 0.791789 0.475787 0.526621 0.436865 -0.361515 0.781036 0.478248 0.526744 0.436865 -0.361515 0.782991 0.480733 0.526836 0.436865 -0.361515 0.785924 0.483145 0.526867 0.436865 -0.361515 0.794721 0.485458 0.526898 0.436865 -0.361515 0.792766 
0.474582 0.526575 0.436865 -0.361515 0.781036 0.477042 0.526682 0.436865 -0.361515 0.788856 0.479478 0.526790 0.436865 -0.361515 0.784946 0.481939 0.526867 0.436865 -0.361515 0.785924 0.484301 0.526882 0.436865 -0.361515 0.789834 0.486565 0.526898 0.436865 -0.361515 0.788856 
0.475787 0.526621 0.436865 -0.361515 0.781036 0.478248 0.526744 0.436865 -0.361515 0.782991 0.480733 0.526836 0.436865 -0.361515 0.785924 0.483145 0.526867 0.436865 -0.361515 0.794721 0.485458 0.526898 0.436865 -0.361515 0.792766 0.487697 0.526898 0.436865 -0.361515 0.794721 
0.477042 0.526682 0.436865 -0.361515 0.788856 0.479478 0.526790 0.436865 -0.361515 0.784946 0.481939 0.526867 0.436865 -0.361515 0.785924 0.484301 0.526882 0.436865 -0.361515 0.789834 0.486565 0.526898 0.436865 -0.361515 0.788856 0.488780 0.526898 0.436865 -0.361515 0.787879 
0.478248 0.526744 0.436865 -0.361515 0.782991 0.480733 0.526836 0.436865 -0.361515 0.785924 0.483145 0.526867 0.436865 -0.361515 0.794721 0.485458 0.526898 0.436865 -0.361515 0.792766 0.487697 0.526898 0.436865 -0.361515 0.794721 0.489813 0.526898 0.436865 -0.361515 0.791789 
0.479478 0.526790 0.436865 -0.361515 0.784946 0.481939 0.526867 0.436865 -0.361515 0.785924 0.484301 0.526882 0.436865 -0.361515 0.789834 0.486565 0.526898 0.436865 -0.361515 0.788856 0.488780 0.526898 0.436865 -0.361515 0.787879 0.490846 0.526898 0.436865 -0.361515 0.790811 
0.480733 0.526836 0.436865 -0.361515 0.785924 0.483145 0.526867 0.436865 -0.361515 0.794721 0.485458 0.526898 0.436865 -0.361515 0.792766 0.487697 0.526898 0.436865 -0.361515 0.794721 0.489813 0.526898 0.436865 -0.361515 0.791789 0.491855 0.526898 0.440666 -0.389055 0.791789 
0.481939 0.526867 0.436865 -0.361515 0.785924 0.484301 0.526882 0.436865 -0.361515 0.789834 0.486565 0.526898 0.436865 -0.361515 0.788856 0.488780 0.526898 0.436865 -0.361515 0.787879 0.490846 0.526898 0.436865 -0.361515 0.790811 0.492864 0.526898 0.440666 -0.389055 0.782991 
0.483145 0.526867 0.436865 -0.361515 0.794721 0.485458 0.526898 0.436865 -0.361515 0.792766 0.487697 0.526898 0.436865 -0.361515 0.794721 0.489813 0.526898 0.436865 -0.361515 0.791789 0.491855 0.526898 0.440666 -0.389055 0.791789 0.493898 0.526898 0.440666 -0.389055 0.780059 
0.484301 0.526882 0.436865 -0.361515 0.789834 0.486565 0.526898 0.436865 -0.361515 0.788856 0.488780 0.526898 0.436865 -0.361515 0.787879 0.490846 0.526898 0.436865 -0.361515 0.790811 0.492864 0.526898 0.440666 -0.389055 0.782991 0.494907 0.526898 0.440666 -0.389055 0.778104 
0.485458 0.526898 0.436865 -0.361515 0.792766 0.487697 0.526898 0.436865 -0.361515 0.794721 0.489813 0.526898 0.436865 -0.361515 0.791789 0.491855 0.526898 0.440666 -0.389055 0.791789 0.493898 0.526898 0.440666 -0.389055 0.780059 0.495915 0.526898 0.440666 -0.389055 0.777126 
0.486565 0.526898 0.436865 -0.361515 0.788856 0.488780 0.526898 0.436865 -0.361515 0.787879 0.490846 0.526898 0.436865 -0.361515 0.790811 0.492864 0.526898 0.440666 -0.389055 0.782991 0.494907 0.526898 0.440666 -0.389055 0.778104 0.499065 0.526836 0.440666 -0.389055 0.778104 
0.487697 0.526898 0.436865 -0.361515 0.794721 0.489813 0.526898 0.436865 -0.361515 0.791789 0.491855 0.526898 0.440666 -0.389055 0.791789 0.493898 0.526898 0.440666 -0.389055 0.780059 0.495915 0.526898 0.440666 -0.389055 0.777126 0.496973 0.526898 0.440666 -0.389055 0.773216 
0.488780 0.526898 0.436865 -0.361515 0.787879 0.490846 0.526898 0.436865 -0.361515 0.790811 0.492864 0.526898 0.440666 -0.389055 0.782991 0.494907 0.526898 0.440666 -0.389055 0.778104 0.499065 0.526836 0.440666 -0.389055 0.778104 0.498032 0.526898 0.440666 -0.389055 0.780059 
0.508711 0.523330 -0.017453 0.000000 0.000000 0.504208 0.524253 -0.031105 0.015852 0.000000 0.501796 0.525022 -0.049802 0.016193 0.000000 0.500861 0.525068 -0.049802 0.016193 0.000000 0.500049 0.521515 -0.052360 0.000000 0.000000 0.499828 0.520223 -0.052360 0.000000 0.000000 
0.505684 0.523330 -0.012342 0.012342 0.000000 0.502904 0.525052 -0.031105 0.015852 0.000000 0.501132 0.524606 -0.052360 0.000000 0.000000 0.501526 0.523791 -0.052360 0.000000 0.000000 0.500910 0.522715 -0.052360 0.000000 0.000000 0.499828 0.518916 -0.052360 0.000000 0.000000 
0.504208 0.524253 -0.031105 0.015852 0.000000 0.501796 0.525022 -0.049802 0.016193 0.000000 0.500861 0.525068 -0.049802 0.016193 0.000000 0.500049 0.521515 -0.052360 0.000000 0.000000 0.499828 0.520223 -0.052360 0.000000 0.000000 0.499926 0.517640 -0.034907 0.000000 0.000000 
