0.463656 0.497662 0.636243 -0.249080 0.418377 0.457579 0.497970 0.636243 -0.249080 0.417400 0.451452 0.498293 0.616148 -0.252241 0.418377 0.448401 0.498447 0.616148 -0.252241 0.428153 0.436417 0.498939 0.616148 -0.252241 0.431085 0.433465 0.499047 0.616148 -0.252241 0.430108 
0.460581 0.497816 0.636243 -0.249080 0.411535 0.454503 0.498124 0.616148 -0.252241 0.416422 0.445374 0.498570 0.616148 -0.252241 0.425220 0.442347 0.498708 0.616148 -0.252241 0.424242 0.439370 0.498831 0.616148 -0.252241 0.426197 0.430561 0.499154 0.616148 -0.252241 0.425220 
0.457579 0.497970 0.636243 -0.249080 0.417400 0.451452 0.498293 0.616148 -0.252241 0.418377 0.448401 0.498447 0.616148 -0.252241 0.428153 0.436417 0.498939 0.616148 -0.252241 0.431085 0.433465 0.499047 0.616148 -0.252241 0.430108 0.427707 0.499262 0.604649 -0.220852 0.429130 
0.454503 0.498124 0.616148 -0.252241 0.416422 0.445374 0.498570 0.616148 -0.252241 0.425220 0.442347 0.498708 0.616148 -0.252241 0.424242 0.439370 0.498831 0.616148 -0.252241 0.426197 0.430561 0.499154 0.616148 -0.252241 0.425220 0.424926 0.499354 0.604649 -0.220852 0.434995 
0.451452 0.498293 0.616148 -0.252241 0.418377 0.448401 0.498447 0.616148 -0.252241 0.428153 0.436417 0.498939 0.616148 -0.252241 0.431085 0.433465 0.499047 0.616148 -0.252241 0.430108 0.427707 0.499262 0.604649 -0.220852 0.429130 0.422121 0.499431 0.604649 -0.220852 0.427175 
0.445374 0.498570 0.616148 -0.252241 0.425220 0.442347 0.498708 0.616148 -0.252241 0.424242 0.439370 0.498831 0.616148 -0.252241 0.426197 0.430561 0.499154 0.616148 -0.252241 0.425220 0.424926 0.499354 0.604649 -0.220852 0.434995 0.419414 0.499508 0.604649 -0.220852 0.430108 
0.448401 0.498447 0.616148 -0.252241 0.428153 0.436417 0.498939 0.616148 -0.252241 0.431085 0.433465 0.499047 0.616148 -0.252241 0.430108 0.427707 0.499262 0.604649 -0.220852 0.429130 0.422121 0.499431 0.604649 -0.220852 0.427175 0.416757 0.499569 0.604649 -0.220852 0.428153 
0.442347 0.498708 0.616148 -0.252241 0.424242 0.439370 0.498831 0.616148 -0.252241 0.426197 0.430561 0.499154 0.616148 -0.252241 0.425220 0.424926 0.499354 0.604649 -0.220852 0.434995 0.419414 0.499508 0.604649 -0.220852 0.430108 0.414124 0.499646 0.604649 -0.220852 0.427175 
0.436417 0.498939 0.616148 -0.252241 0.431085 0.433465 0.499047 0.616148 -0.252241 0.430108 0.427707 0.499262 0.604649 -0.220852 0.429130 0.422121 0.499431 0.604649 -0.220852 0.427175 0.416757 0.499569 0.604649 -0.220852 0.428153 0.411516 0.499739 0.604649 -0.220852 0.426197 
0.439370 0.498831 0.616148 -0.252241 0.426197 0.430561 0.499154 0.616148 -0.252241 0.425220 0.424926 0.499354 0.604649 -0.220852 0.434995 0.419414 0.499508 0.604649 -0.220852 0.430108 0.414124 0.499646 0.604649 -0.220852 0.427175 0.408981 0.499815 0.604649 -0.220852 0.428153 
0.433465 0.499047 0.616148 -0.252241 0.430108 0.427707 0.499262 0.604649 -0.220852 0.429130 0.422121 0.499431 0.604649 -0.220852 0.427175 0.416757 0.499569 0.604649 -0.220852 0.428153 0.411516 0.499739 0.604649 -0.220852 0.426197 0.406471 0.499892 0.604649 -0.220852 0.432063 
0.430561 0.499154 0.616148 -0.252241 0.425220 0.424926 0.499354 0.604649 -0.220852 0.434995 0.419414 0.499508 0.604649 -0.220852 0.430108 0.414124 0.499646 0.604649 -0.220852 0.427175 0.408981 0.499815 0.604649 -0.220852 0.428153 0.403986 0.499969 0.604649 -0.220852 0.428153 
0.427707 0.499262 0.604649 -0.220852 0.429130 0.422121 0.499431 0.604649 -0.220852 0.427175 0.416757 0.499569 0.604649 -0.220852 0.428153 0.411516 0.499739 0.604649 -0.220852 0.426197 0.406471 0.499892 0.604649 -0.220852 0.432063 0.401575 0.500046 0.604649 -0.220852 0.425220 
0.424926 0.499354 0.604649 -0.220852 0.434995 0.419414 0.499508 0.604649 -0.220852 0.430108 0.414124 0.499646 0.604649 -0.220852 0.427175 0.408981 0.499815 0.604649 -0.220852 0.428153 0.403986 0.499969 0.604649 -0.220852 0.428153 0.399163 0.500108 0.604649 -0.220852 0.424242 
0.422121 0.499431 0.604649 -0.220852 0.427175 0.416757 0.499569 0.604649 -0.220852 0.428153 0.411516 0.499739 0.604649 -0.220852 0.426197 0.406471 0.499892 0.604649 -0.220852 0.432063 0.401575 0.500046 0.604649 -0.220852 0.425220 0.396752 0.500185 0.604649 -0.220852 0.424242 
0.419414 0.499508 0.604649 -0.220852 0.430108 0.414124 0.499646 0.604649 -0.220852 0.427175 0.408981 0.499815 0.604649 -0.220852 0.428153 0.403986 0.499969 0.604649 -0.220852 0.428153 0.399163 0.500108 0.604649 -0.220852 0.424242 0.394390 0.500277 0.604649 -0.220852 0.434018 
0.416757 0.499569 0.604649 -0.220852 0.428153 0.411516 0.499739 0.604649 -0.220852 0.426197 0.406471 0.499892 0.604649 -0.220852 0.432063 0.401575 0.500046 0.604649 -0.220852 0.425220 0.396752 0.500185 0.604649 -0.220852 0.424242 0.392052 0.500369 0.604649 -0.220852 0.435973 
0.414124 0.499646 0.604649 -0.220852 0.427175 0.408981 0.499815 0.604649 -0.220852 0.428153 0.403986 0.499969 0.604649 -0.220852 0.428153 0.399163 0.500108 0.604649 -0.220852 0.424242 0.394390 0.500277 0.604649 -0.220852 0.434018 0.387352 0.500523 0.607225 -0.209309 0.433040 
0.411516 0.499739 0.604649 -0.220852 0.426197 0.406471 0.499892 0.604649 -0.220852 0.432063 0.401575 0.500046 0.604649 -0.220852 0.425220 0.396752 0.500185 0.604649 -0.220852 0.424242 0.392052 0.500369 0.604649 -0.220852 0.435973 0.389690 0.500446 0.607225 -0.209309 0.434018 
0.408981 0.499815 0.604649 -0.220852 0.428153 0.403986 0.499969 0.604649 -0.220852 0.428153 0.399163 0.500108 0.604649 -0.220852 0.424242 0.394390 0.500277 0.604649 -0.220852 0.434018 0.387352 0.500523 0.607225 -0.209309 0.433040 0.385039 0.500615 0.607225 -0.209309 0.431085 
0.406471 0.499892 0.604649 -0.220852 0.432063 0.401575 0.500046 0.604649 -0.220852 0.425220 0.396752 0.500185 0.604649 -0.220852 0.424242 0.392052 0.500369 0.604649 -0.220852 0.435973 0.389690 0.500446 0.607225 -0.209309 0.434018 0.382726 0.500692 0.607225 -0.209309 0.433040 
0.403986 0.499969 0.604649 -0.220852 0.428153 0.399163 0.500108 0.604649 -0.220852 0.424242 0.394390 0.500277 0.604649 -0.220852 0.434018 0.387352 0.500523 0.607225 -0.209309 0.433040 0.385039 0.500615 0.607225 -0.209309 0.431085 0.380438 0.500784 0.607225 -0.209309 0.425220 
0.399163 0.500108 0.604649 -0.220852 0.424242 0.394390 0.500277 0.604649 -0.220852 0.434018 0.387352 0.500523 0.607225 -0.209309 0.433040 0.385039 0.500615 0.607225 -0.209309 0.431085 0.380438 0.500784 0.607225 -0.209309 0.425220 0.378199 0.500877 0.607225 -0.209309 0.434018 
0.396752 0.500185 0.604649 -0.220852 0.424242 0.392052 0.500369 0.604649 -0.220852 0.435973 0.389690 0.500446 0.607225 -0.209309 0.434018 0.382726 0.500692 0.607225 -0.209309 0.433040 0.373967 0.501000 0.609650 -0.197648 0.435973 0.376033 0.500938 0.607225 -0.209309 0.433040 
0.362106 0.500953 0.629192 -0.192616 0.377322 0.363337 0.500723 0.629192 -0.192616 0.321603 0.365133 0.500308 0.629192 -0.192616 0.218964 0.367446 0.499739 0.629192 -0.192616 0.090909 0.371900 0.499170 0.629192 -0.192616 0.000000 0.379577 0.499108 0.644154 -0.212112 0.000000 
0.362648 0.500861 0.629192 -0.192616 0.356794 0.364173 0.500538 0.629192 -0.192616 0.272727 0.366216 0.500031 0.629192 -0.192616 0.159335 0.370300 0.499293 0.629192 -0.192616 0.000000 0.373597 0.499108 0.629192 -0.192616 0.000000 0.375418 0.499108 0.629192 -0.192616 0.000000 
0.363337 0.500723 0.629192 -0.192616 0.321603 0.365133 0.500308 0.629192 -0.192616 0.218964 0.367446 0.499739 0.629192 -0.192616 0.090909 0.371900 0.499170 0.629192 -0.192616 0.000000 0.379577 0.499108 0.644154 -0.212112 0.000000 0.377387 0.499108 0.644154 -0.212112 0.000000 
0.364173 0.500538 0.629192 -0.192616 0.272727 0.366216 0.500031 0.629192 -0.192616 0.159335 0.370300 0.499293 0.629192 -0.192616 0.000000 0.373597 0.499108 0.629192 -0.192616 0.000000 0.375418 0.499108 0.629192 -0.192616 0.000000 0.381988 0.499108 0.644154 -0.212112 0.000000 
0.365133 0.500308 0.629192 -0.192616 0.218964 0.367446 0.499739 0.629192 -0.192616 0.090909 0.371900 0.499170 0.629192 -0.192616 0.000000 0.379577 0.499108 0.644154 -0.212112 0.000000 0.377387 0.499108 0.644154 -0.212112 0.000000 0.384670 0.499369 0.621828 -0.228784 0.000000 
0.366216 0.500031 0.629192 -0.192616 0.159335 0.370300 0.499293 0.629192 -0.192616 0.000000 0.373597 0.499108 0.629192 -0.192616 0.000000 0.375418 0.499108 0.629192 -0.192616 0.000000 0.381988 0.499108 0.644154 -0.212112 0.000000 0.387746 0.499369 0.604649 -0.220852 0.000000 
0.367446 0.499739 0.629192 -0.192616 0.090909 0.371900 0.499170 0.629192 -0.192616 0.000000 0.379577 0.499108 0.644154 -0.212112 0.000000 0.377387 0.499108 0.644154 -0.212112 0.000000 0.384670 0.499369 0.621828 -0.228784 0.000000 0.391240 0.499369 0.584806 -0.224135 0.000000 
0.370300 0.499293 0.629192 -0.192616 0.000000 0.373597 0.499108 0.629192 -0.192616 0.000000 0.375418 0.499108 0.629192 -0.192616 0.000000 0.381988 0.499108 0.644154 -0.212112 0.000000 0.387746 0.499369 0.604649 -0.220852 0.000000 0.395300 0.499369 0.581965 -0.235058 0.000000 
0.371900 0.499170 0.629192 -0.192616 0.000000 0.379577 0.499108 0.644154 -0.212112 0.000000 0.377387 0.499108 0.644154 -0.212112 0.000000 0.384670 0.499369 0.621828 -0.228784 0.000000 0.391240 0.499369 0.584806 -0.224135 0.000000 0.399852 0.499385 0.545020 -0.228657 0.000000 
0.373597 0.499108 0.629192 -0.192616 0.000000 0.375418 0.499108 0.629192 -0.192616 0.000000 0.381988 0.499108 0.644154 -0.212112 0.000000 0.387746 0.499369 0.604649 -0.220852 0.000000 0.395300 0.499369 0.581965 -0.235058 0.000000 0.404847 0.499400 0.491495 -0.212999 0.000000 
0.379577 0.499108 0.644154 -0.212112 0.000000 0.377387 0.499108 0.644154 -0.212112 0.000000 0.384670 0.499369 0.621828 -0.228784 0.000000 0.391240 0.499369 0.584806 -0.224135 0.000000 0.399852 0.499385 0.545020 -0.228657 0.000000 0.410187 0.499400 0.438558 -0.196518 0.000000 
0.375418 0.499108 0.629192 -0.192616 0.000000 0.381988 0.499108 0.644154 -0.212112 0.000000 0.387746 0.499369 0.604649 -0.220852 0.000000 0.395300 0.499369 0.581965 -0.235058 0.000000 0.404847 0.499400 0.491495 -0.212999 0.000000 0.415846 0.499416 0.386300 -0.179149 0.000000 
0.377387 0.499108 0.644154 -0.212112 0.000000 0.384670 0.499369 0.621828 -0.228784 0.000000 0.391240 0.499369 0.584806 -0.224135 0.000000 0.399852 0.499385 0.545020 -0.228657 0.000000 0.410187 0.499400 0.438558 -0.196518 0.000000 0.421826 0.499416 0.334802 -0.160827 0.000000 
0.381988 0.499108 0.644154 -0.212112 0.000000 0.387746 0.499369 0.604649 -0.220852 0.000000 0.395300 0.499369 0.581965 -0.235058 0.000000 0.404847 0.499400 0.491495 -0.212999 0.000000 0.415846 0.499416 0.386300 -0.179149 0.000000 0.427904 0.499416 0.284134 -0.141484 0.000000 
0.384670 0.499369 0.621828 -0.228784 0.000000 0.391240 0.499369 0.584806 -0.224135 0.000000 0.399852 0.499385 0.545020 -0.228657 0.000000 0.410187 0.499400 0.438558 -0.196518 0.000000 0.421826 0.499416 0.334802 -0.160827 0.000000 0.434252 0.499416 0.232314 -0.125137 0.000000 
0.387746 0.499369 0.604649 -0.220852 0.000000 0.395300 0.499369 0.581965 -0.235058 0.000000 0.404847 0.499400 0.491495 -0.212999 0.000000 0.415846 0.499416 0.386300 -0.179149 0.000000 0.427904 0.499416 0.284134 -0.141484 0.000000 0.440723 0.499416 0.180220 -0.109040 0.000000 
0.391240 0.499369 0.584806 -0.224135 0.000000 0.399852 0.499385 0.545020 -0.228657 0.000000 0.410187 0.499400 0.438558 -0.196518 0.000000 0.421826 0.499416 0.334802 -0.160827 0.000000 0.434252 0.499416 0.232314 -0.125137 0.000000 0.447392 0.499369 0.129020 -0.090597 0.000000 
0.395300 0.499369 0.581965 -0.235058 0.000000 0.404847 0.499400 0.491495 -0.212999 0.000000 0.415846 0.499416 0.386300 -0.179149 0.000000 0.427904 0.499416 0.284134 -0.141484 0.000000 0.440723 0.499416 0.180220 -0.109040 0.000000 0.454208 0.499185 0.081500 -0.066048 0.000000 
