0.553371 0.497524 0.557853 -0.439516 0.870968 0.559867 0.496878 0.557853 -0.439516 0.883675 0.533071 0.499354 0.541753 -0.425761 0.904203 0.526157 0.499877 0.541753 -0.425761 0.918866 0.512623 0.500661 0.541753 -0.425761 0.939394 0.499040 0.500984 0.536845 -0.394843 0.930596 
0.566068 0.496248 0.557853 -0.439516 0.882698 0.546678 0.498185 0.535855 -0.434381 0.892473 0.539862 0.498785 0.541753 -0.425761 0.895406 0.519365 0.500323 0.541753 -0.425761 0.920821 0.505856 0.500877 0.536845 -0.394843 0.942326 0.492175 0.501030 0.536845 -0.394843 0.945259 
0.559867 0.496878 0.557853 -0.439516 0.883675 0.533071 0.499354 0.541753 -0.425761 0.904203 0.526157 0.499877 0.541753 -0.425761 0.918866 0.512623 0.500661 0.541753 -0.425761 0.939394 0.499040 0.500984 0.536845 -0.394843 0.930596 0.485310 0.501030 0.536845 -0.394843 0.951124 
0.546678 0.498185 0.535855 -0.434381 0.892473 0.539862 0.498785 0.541753 -0.425761 0.895406 0.519365 0.500323 0.541753 -0.425761 0.920821 0.505856 0.500877 0.536845 -0.394843 0.942326 0.492175 0.501030 0.536845 -0.394843 0.945259 0.478445 0.501030 0.542132 -0.385906 0.958944 
0.533071 0.499354 0.541753 -0.425761 0.904203 0.526157 0.499877 0.541753 -0.425761 0.918866 0.512623 0.500661 0.541753 -0.425761 0.939394 0.499040 0.500984 0.536845 -0.394843 0.930596 0.485310 0.501030 0.536845 -0.394843 0.951124 0.471555 0.500938 0.542132 -0.385906 0.978495 
0.539862 0.498785 0.541753 -0.425761 0.895406 0.519365 0.500323 0.541753 -0.425761 0.920821 0.505856 0.500877 0.536845 -0.394843 0.942326 0.492175 0.501030 0.536845 -0.394843 0.945259 0.478445 0.501030 0.542132 -0.385906 0.958944 0.464542 0.500707 0.542132 -0.385906 0.976540 
0.526157 0.499877 0.541753 -0.425761 0.918866 0.512623 0.500661 0.541753 -0.425761 0.939394 0.499040 0.500984 0.536845 -0.394843 0.930596 0.485310 0.501030 0.536845 -0.394843 0.951124 0.471555 0.500938 0.542132 -0.385906 0.978495 0.457407 0.500508 0.542132 -0.385906 0.969697 
0.519365 0.500323 0.541753 -0.425761 0.920821 0.505856 0.500877 0.536845 -0.394843 0.942326 0.492175 0.501030 0.536845 -0.394843 0.945259 0.478445 0.501030 0.542132 -0.385906 0.958944 0.464542 0.500707 0.542132 -0.385906 0.976540 0.450172 0.500277 0.530987 -0.364335 0.977517 
0.512623 0.500661 0.541753 -0.425761 0.939394 0.499040 0.500984 0.536845 -0.394843 0.930596 0.485310 0.501030 0.536845 -0.394843 0.951124 0.471555 0.500938 0.542132 -0.385906 0.978495 0.457407 0.500508 0.542132 -0.385906 0.969697 0.442889 0.500015 0.530987 -0.364335 0.960899 
0.505856 0.500877 0.536845 -0.394843 0.942326 0.492175 0.501030 0.536845 -0.394843 0.945259 0.478445 0.501030 0.542132 -0.385906 0.958944 0.464542 0.500707 0.542132 -0.385906 0.976540 0.450172 0.500277 0.530987 -0.364335 0.977517 0.435630 0.499754 0.530987 -0.364335 0.984360 
0.499040 0.500984 0.536845 -0.394843 0.930596 0.485310 0.501030 0.536845 -0.394843 0.951124 0.471555 0.500938 0.542132 -0.385906 0.978495 0.457407 0.500508 0.542132 -0.385906 0.969697 0.442889 0.500015 0.530987 -0.364335 0.960899 0.420866 0.499339 0.540563 -0.346116 0.985337 
0.492175 0.501030 0.536845 -0.394843 0.945259 0.478445 0.501030 0.542132 -0.385906 0.958944 0.464542 0.500707 0.542132 -0.385906 0.976540 0.450172 0.500277 0.530987 -0.364335 0.977517 0.435630 0.499754 0.530987 -0.364335 0.984360 0.428223 0.499539 0.540563 -0.346116 0.983382 
0.485310 0.501030 0.536845 -0.394843 0.951124 0.471555 0.500938 0.542132 -0.385906 0.978495 0.457407 0.500508 0.542132 -0.385906 0.969697 0.442889 0.500015 0.530987 -0.364335 0.960899 0.420866 0.499339 0.540563 -0.346116 0.985337 0.413583 0.499246 0.540563 -0.346116 0.985337 
0.478445 0.501030 0.542132 -0.385906 0.958944 0.464542 0.500707 0.542132 -0.385906 0.976540 0.450172 0.500277 0.530987 -0.364335 0.977517 0.435630 0.499754 0.530987 -0.364335 0.984360 0.428223 0.499539 0.540563 -0.346116 0.983382 0.406422 0.499139 0.540563 -0.346116 0.985337 
0.471555 0.500938 0.542132 -0.385906 0.978495 0.457407 0.500508 0.542132 -0.385906 0.969697 0.442889 0.500015 0.530987 -0.364335 0.960899 0.420866 0.499339 0.540563 -0.346116 0.985337 0.413583 0.499246 0.540563 -0.346116 0.985337 0.399286 0.499000 0.540563 -0.346116 0.977517 
