0.387033 0.502230 0.800577 0.287401 0.023460 0.386885 0.502230 0.783101 0.278038 0.128055 0.386688 0.502261 0.765649 0.268959 0.133920 0.386540 0.502322 0.765649 0.268959 0.146628 0.386442 0.502368 0.765649 0.268959 0.157380 0.386368 0.502384 0.765649 0.268959 0.176931 
0.386959 0.502230 0.783101 0.278038 0.108504 0.386762 0.502230 0.763066 0.284444 0.130987 0.386614 0.502291 0.765649 0.268959 0.139785 0.386491 0.502353 0.765649 0.268959 0.151515 0.386393 0.502384 0.765649 0.268959 0.165200 0.386343 0.502399 0.765649 0.268959 0.212121 
0.386885 0.502230 0.783101 0.278038 0.128055 0.386688 0.502261 0.765649 0.268959 0.133920 0.386540 0.502322 0.765649 0.268959 0.146628 0.386442 0.502368 0.765649 0.268959 0.157380 0.386368 0.502384 0.765649 0.268959 0.176931 0.386442 0.502399 0.765649 0.268959 0.304008 
0.386762 0.502230 0.763066 0.284444 0.130987 0.386614 0.502291 0.765649 0.268959 0.139785 0.386491 0.502353 0.765649 0.268959 0.151515 0.386393 0.502384 0.765649 0.268959 0.165200 0.386343 0.502399 0.765649 0.268959 0.212121 0.386786 0.502399 0.765649 0.268959 0.306940 
0.386688 0.502261 0.765649 0.268959 0.133920 0.386540 0.502322 0.765649 0.268959 0.146628 0.386442 0.502368 0.765649 0.268959 0.157380 0.386368 0.502384 0.765649 0.268959 0.176931 0.386442 0.502399 0.765649 0.268959 0.304008 0.387303 0.502399 0.765649 0.268959 0.310850 
0.386614 0.502291 0.765649 0.268959 0.139785 0.386491 0.502353 0.765649 0.268959 0.151515 0.386393 0.502384 0.765649 0.268959 0.165200 0.386343 0.502399 0.765649 0.268959 0.212121 0.386786 0.502399 0.765649 0.268959 0.306940 0.388041 0.502399 0.765649 0.268959 0.311828 
0.386540 0.502322 0.765649 0.268959 0.146628 0.386442 0.502368 0.765649 0.268959 0.157380 0.386368 0.502384 0.765649 0.268959 0.176931 0.386442 0.502399 0.765649 0.268959 0.304008 0.387303 0.502399 0.765649 0.268959 0.310850 0.389050 0.502399 0.765649 0.268959 0.317693 
0.386491 0.502353 0.765649 0.268959 0.151515 0.386393 0.502384 0.765649 0.268959 0.165200 0.386343 0.502399 0.765649 0.268959 0.212121 0.386786 0.502399 0.765649 0.268959 0.306940 0.388041 0.502399 0.765649 0.268959 0.311828 0.390305 0.502399 0.765649 0.268959 0.320626 
0.386442 0.502368 0.765649 0.268959 0.157380 0.386368 0.502384 0.765649 0.268959 0.176931 0.386442 0.502399 0.765649 0.268959 0.304008 0.387303 0.502399 0.765649 0.268959 0.310850 0.389050 0.502399 0.765649 0.268959 0.317693 0.395571 0.502399 0.765649 0.268959 0.348974 
0.386393 0.502384 0.765649 0.268959 0.165200 0.386343 0.502399 0.765649 0.268959 0.212121 0.386786 0.502399 0.765649 0.268959 0.306940 0.388041 0.502399 0.765649 0.268959 0.311828 0.390305 0.502399 0.765649 0.268959 0.320626 0.391806 0.502399 0.765649 0.268959 0.323558 
0.386368 0.502384 0.765649 0.268959 0.176931 0.386442 0.502399 0.765649 0.268959 0.304008 0.387303 0.502399 0.765649 0.268959 0.310850 0.389050 0.502399 0.765649 0.268959 0.317693 0.395571 0.502399 0.765649 0.268959 0.348974 0.393553 0.502399 0.765649 0.268959 0.335288 
0.386343 0.502399 0.765649 0.268959 0.212121 0.386786 0.502399 0.765649 0.268959 0.306940 0.388041 0.502399 0.765649 0.268959 0.311828 0.390305 0.502399 0.765649 0.268959 0.320626 0.391806 0.502399 0.765649 0.268959 0.323558 0.403125 0.502399 0.770323 0.237361 0.372434 
0.386442 0.502399 0.765649 0.268959 0.304008 0.387303 0.502399 0.765649 0.268959 0.310850 0.389050 0.502399 0.765649 0.268959 0.317693 0.395571 0.502399 0.765649 0.268959 0.348974 0.393553 0.502399 0.765649 0.268959 0.335288 0.397835 0.502399 0.770323 0.237361 0.360704 
0.386786 0.502399 0.765649 0.268959 0.306940 0.388041 0.502399 0.765649 0.268959 0.311828 0.390305 0.502399 0.765649 0.268959 0.320626 0.391806 0.502399 0.765649 0.268959 0.323558 0.403125 0.502399 0.770323 0.237361 0.372434 0.400369 0.502399 0.770323 0.237361 0.367546 
0.387303 0.502399 0.765649 0.268959 0.310850 0.389050 0.502399 0.765649 0.268959 0.317693 0.395571 0.502399 0.765649 0.268959 0.348974 0.393553 0.502399 0.765649 0.268959 0.335288 0.397835 0.502399 0.770323 0.237361 0.360704 0.406078 0.502445 0.770323 0.237361 0.384164 
0.388041 0.502399 0.765649 0.268959 0.311828 0.390305 0.502399 0.765649 0.268959 0.320626 0.391806 0.502399 0.765649 0.268959 0.323558 0.403125 0.502399 0.770323 0.237361 0.372434 0.400369 0.502399 0.770323 0.237361 0.367546 0.409227 0.502599 0.770323 0.237361 0.385142 
0.389050 0.502399 0.765649 0.268959 0.317693 0.395571 0.502399 0.765649 0.268959 0.348974 0.393553 0.502399 0.765649 0.268959 0.335288 0.397835 0.502399 0.770323 0.237361 0.360704 0.406078 0.502445 0.770323 0.237361 0.384164 0.412549 0.502784 0.770323 0.237361 0.395894 
0.390305 0.502399 0.765649 0.268959 0.320626 0.391806 0.502399 0.765649 0.268959 0.323558 0.403125 0.502399 0.770323 0.237361 0.372434 0.400369 0.502399 0.770323 0.237361 0.367546 0.409227 0.502599 0.770323 0.237361 0.385142 0.416191 0.502999 0.772418 0.221268 0.402737 
0.395571 0.502399 0.765649 0.268959 0.348974 0.393553 0.502399 0.765649 0.268959 0.335288 0.397835 0.502399 0.770323 0.237361 0.360704 0.406078 0.502445 0.770323 0.237361 0.384164 0.412549 0.502784 0.770323 0.237361 0.395894 0.420103 0.503230 0.772418 0.221268 0.408602 
0.391806 0.502399 0.765649 0.268959 0.323558 0.403125 0.502399 0.770323 0.237361 0.372434 0.400369 0.502399 0.770323 0.237361 0.367546 0.409227 0.502599 0.770323 0.237361 0.385142 0.416191 0.502999 0.772418 0.221268 0.402737 0.424237 0.503506 0.772418 0.221268 0.420332 
0.393553 0.502399 0.765649 0.268959 0.335288 0.397835 0.502399 0.770323 0.237361 0.360704 0.406078 0.502445 0.770323 0.237361 0.384164 0.412549 0.502784 0.770323 0.237361 0.395894 0.420103 0.503230 0.772418 0.221268 0.408602 0.428642 0.503783 0.774352 0.204991 0.436950 
0.403125 0.502399 0.770323 0.237361 0.372434 0.400369 0.502399 0.770323 0.237361 0.367546 0.409227 0.502599 0.770323 0.237361 0.385142 0.416191 0.502999 0.772418 0.221268 0.402737 0.424237 0.503506 0.772418 0.221268 0.420332 0.433366 0.504091 0.774352 0.204991 0.414467 
0.397835 0.502399 0.770323 0.237361 0.360704 0.406078 0.502445 0.770323 0.237361 0.384164 0.412549 0.502784 0.770323 0.237361 0.395894 0.420103 0.503230 0.772418 0.221268 0.408602 0.428642 0.503783 0.774352 0.204991 0.436950 0.438287 0.504414 0.774352 0.204991 0.442815 
0.400369 0.502399 0.770323 0.237361 0.367546 0.409227 0.502599 0.770323 0.237361 0.385142 0.416191 0.502999 0.772418 0.221268 0.402737 0.424237 0.503506 0.772418 0.221268 0.420332 0.433366 0.504091 0.774352 0.204991 0.414467 0.443578 0.504767 0.776127 0.188543 0.447703 
0.406078 0.502445 0.770323 0.237361 0.384164 0.412549 0.502784 0.770323 0.237361 0.395894 0.420103 0.503230 0.772418 0.221268 0.408602 0.428642 0.503783 0.774352 0.204991 0.436950 0.438287 0.504414 0.774352 0.204991 0.442815 0.449237 0.505137 0.776127 0.188543 0.441838 
0.409227 0.502599 0.770323 0.237361 0.385142 0.416191 0.502999 0.772418 0.221268 0.402737 0.424237 0.503506 0.772418 0.221268 0.420332 0.433366 0.504091 0.774352 0.204991 0.414467 0.443578 0.504767 0.776127 0.188543 0.447703 0.455217 0.505521 0.776127 0.188543 0.443793 
0.412549 0.502784 0.770323 0.237361 0.395894 0.420103 0.503230 0.772418 0.221268 0.408602 0.428642 0.503783 0.774352 0.204991 0.436950 0.438287 0.504414 0.774352 0.204991 0.442815 0.449237 0.505137 0.776127 0.188543 0.441838 0.461540 0.505890 0.760297 0.166144 0.441838 
0.416191 0.502999 0.772418 0.221268 0.402737 0.424237 0.503506 0.772418 0.221268 0.420332 0.433366 0.504091 0.774352 0.204991 0.414467 0.443578 0.504767 0.776127 0.188543 0.447703 0.455217 0.505521 0.776127 0.188543 0.443793 0.468258 0.506275 0.760297 0.166144 0.464321 
0.420103 0.503230 0.772418 0.221268 0.408602 0.428642 0.503783 0.774352 0.204991 0.436950 0.438287 0.504414 0.774352 0.204991 0.442815 0.449237 0.505137 0.776127 0.188543 0.441838 0.461540 0.505890 0.760297 0.166144 0.441838 0.475320 0.506690 0.760297 0.166144 0.467253 
0.424237 0.503506 0.772418 0.221268 0.420332 0.433366 0.504091 0.774352 0.204991 0.414467 0.443578 0.504767 0.776127 0.188543 0.447703 0.455217 0.505521 0.776127 0.188543 0.443793 0.468258 0.506275 0.760297 0.166144 0.464321 0.482579 0.507074 0.761756 0.149933 0.481916 
0.428642 0.503783 0.774352 0.204991 0.436950 0.438287 0.504414 0.774352 0.204991 0.442815 0.449237 0.505137 0.776127 0.188543 0.441838 0.461540 0.505890 0.760297 0.166144 0.441838 0.475320 0.506690 0.760297 0.166144 0.467253 0.490256 0.507474 0.761756 0.149933 0.467253 
0.433366 0.504091 0.774352 0.204991 0.414467 0.443578 0.504767 0.776127 0.188543 0.447703 0.455217 0.505521 0.776127 0.188543 0.443793 0.468258 0.506275 0.760297 0.166144 0.464321 0.482579 0.507074 0.761756 0.149933 0.481916 0.498179 0.507889 0.761756 0.149933 0.481916 
0.368233 0.494479 0.628410 0.397245 0.000000 0.369464 0.495202 0.679347 0.436291 0.000000 0.371383 0.496032 0.713724 0.463648 0.000000 0.373794 0.497016 0.731042 0.477759 0.000000 0.376476 0.498155 0.713724 0.463648 0.000000 0.379035 0.499308 0.691438 0.461539 0.000000 
0.368725 0.494833 0.657306 0.434223 0.000000 0.370349 0.495602 0.696493 0.449829 0.000000 0.372539 0.496509 0.731042 0.477759 0.000000 0.375123 0.497586 0.731042 0.477759 0.000000 0.377830 0.498724 0.713724 0.463648 0.000000 0.380167 0.499862 0.696493 0.449829 0.000000 
0.369464 0.495202 0.679347 0.436291 0.000000 0.371383 0.496032 0.713724 0.463648 0.000000 0.373794 0.497016 0.731042 0.477759 0.000000 0.376476 0.498155 0.713724 0.463648 0.000000 0.379035 0.499308 0.691438 0.461539 0.000000 0.381078 0.500354 0.674327 0.447748 0.000000 
0.370349 0.495602 0.696493 0.449829 0.000000 0.372539 0.496509 0.731042 0.477759 0.000000 0.375123 0.497586 0.731042 0.477759 0.000000 0.377830 0.498724 0.713724 0.463648 0.000000 0.380167 0.499862 0.696493 0.449829 0.000000 0.381791 0.500800 0.674327 0.447748 0.000000 
0.371383 0.496032 0.713724 0.463648 0.000000 0.373794 0.497016 0.731042 0.477759 0.000000 0.376476 0.498155 0.713724 0.463648 0.000000 0.379035 0.499308 0.691438 0.461539 0.000000 0.381078 0.500354 0.674327 0.447748 0.000000 0.382283 0.501169 0.669117 0.458963 0.000000 
0.372539 0.496509 0.731042 0.477759 0.000000 0.375123 0.497586 0.731042 0.477759 0.000000 0.377830 0.498724 0.713724 0.463648 0.000000 0.380167 0.499862 0.696493 0.449829 0.000000 0.381791 0.500800 0.674327 0.447748 0.000000 0.382579 0.501492 0.669117 0.458963 0.000000 
0.373794 0.497016 0.731042 0.477759 0.000000 0.376476 0.498155 0.713724 0.463648 0.000000 0.379035 0.499308 0.691438 0.461539 0.000000 0.381078 0.500354 0.674327 0.447748 0.000000 0.382283 0.501169 0.669117 0.458963 0.000000 0.382726 0.502122 0.657306 0.434223 0.000000 
0.375123 0.497586 0.731042 0.477759 0.000000 0.377830 0.498724 0.713724 0.463648 0.000000 0.380167 0.499862 0.696493 0.449829 0.000000 0.381791 0.500800 0.674327 0.447748 0.000000 0.382579 0.501492 0.669117 0.458963 0.000000 0.382726 0.501769 0.669117 0.458963 0.000000 
0.376476 0.498155 0.713724 0.463648 0.000000 0.379035 0.499308 0.691438 0.461539 0.000000 0.381078 0.500354 0.674327 0.447748 0.000000 0.382283 0.501169 0.669117 0.458963 0.000000 0.382726 0.502122 0.657306 0.434223 0.000000 0.382726 0.501984 0.657306 0.434223 0.000000 
0.377830 0.498724 0.713724 0.463648 0.000000 0.380167 0.499862 0.696493 0.449829 0.000000 0.381791 0.500800 0.674327 0.447748 0.000000 0.382579 0.501492 0.669117 0.458963 0.000000 0.382726 0.501769 0.669117 0.458963 0.000000 0.382726 0.502230 0.657306 0.434223 0.000000 
0.379035 0.499308 0.691438 0.461539 0.000000 0.381078 0.500354 0.674327 0.447748 0.000000 0.382283 0.501169 0.669117 0.458963 0.000000 0.382726 0.502122 0.657306 0.434223 0.000000 0.382726 0.501984 0.657306 0.434223 0.000000 0.382653 0.502338 0.652140 0.445194 0.044966 
0.380167 0.499862 0.696493 0.449829 0.000000 0.381791 0.500800 0.674327 0.447748 0.000000 0.382579 0.501492 0.669117 0.458963 0.000000 0.382726 0.501769 0.669117 0.458963 0.000000 0.382726 0.502230 0.657306 0.434223 0.000000 0.382480 0.502430 0.652140 0.445194 0.068426 
0.381078 0.500354 0.674327 0.447748 0.000000 0.382283 0.501169 0.669117 0.458963 0.000000 0.382726 0.502122 0.657306 0.434223 0.000000 0.382726 0.501984 0.657306 0.434223 0.000000 0.382653 0.502338 0.652140 0.445194 0.044966 0.381865 0.502584 0.652140 0.445194 0.116325 
0.381791 0.500800 0.674327 0.447748 0.000000 0.382579 0.501492 0.669117 0.458963 0.000000 0.382726 0.501769 0.669117 0.458963 0.000000 0.382726 0.502230 0.657306 0.434223 0.000000 0.382480 0.502430 0.652140 0.445194 0.068426 0.382259 0.502491 0.652140 0.445194 0.080156 
0.382283 0.501169 0.669117 0.458963 0.000000 0.382726 0.502122 0.657306 0.434223 0.000000 0.382726 0.501984 0.657306 0.434223 0.000000 0.382653 0.502338 0.652140 0.445194 0.044966 0.381865 0.502584 0.652140 0.445194 0.116325 0.382037 0.502553 0.652140 0.445194 0.094819 
0.382579 0.501492 0.669117 0.458963 0.000000 0.382726 0.501769 0.669117 0.458963 0.000000 0.382726 0.502230 0.657306 0.434223 0.000000 0.382480 0.502430 0.652140 0.445194 0.068426 0.382259 0.502491 0.652140 0.445194 0.080156 0.381693 0.502630 0.652140 0.445194 0.140762 
0.382726 0.502122 0.657306 0.434223 0.000000 0.382726 0.501984 0.657306 0.434223 0.000000 0.382653 0.502338 0.652140 0.445194 0.044966 0.381865 0.502584 0.652140 0.445194 0.116325 0.382037 0.502553 0.652140 0.445194 0.094819 0.381594 0.502691 0.652140 0.445194 0.168133 
0.382726 0.501769 0.669117 0.458963 0.000000 0.382726 0.502230 0.657306 0.434223 0.000000 0.382480 0.502430 0.652140 0.445194 0.068426 0.382259 0.502491 0.652140 0.445194 0.080156 0.381693 0.502630 0.652140 0.445194 0.140762 0.381496 0.502737 0.652140 0.445194 0.193548 
0.382726 0.501984 0.657306 0.434223 0.000000 0.382653 0.502338 0.652140 0.445194 0.044966 0.381865 0.502584 0.652140 0.445194 0.116325 0.382037 0.502553 0.652140 0.445194 0.094819 0.381594 0.502691 0.652140 0.445194 0.168133 0.381422 0.502784 0.652140 0.445194 0.221896 
0.382726 0.502230 0.657306 0.434223 0.000000 0.382480 0.502430 0.652140 0.445194 0.068426 0.382259 0.502491 0.652140 0.445194 0.080156 0.381693 0.502630 0.652140 0.445194 0.140762 0.381496 0.502737 0.652140 0.445194 0.193548 0.381398 0.502814 0.652140 0.445194 0.252199 
0.382653 0.502338 0.652140 0.445194 0.044966 0.381865 0.502584 0.652140 0.445194 0.116325 0.382037 0.502553 0.652140 0.445194 0.094819 0.381594 0.502691 0.652140 0.445194 0.168133 0.381422 0.502784 0.652140 0.445194 0.221896 0.381373 0.502830 0.652140 0.445194 0.279570 
0.382480 0.502430 0.652140 0.445194 0.068426 0.382259 0.502491 0.652140 0.445194 0.080156 0.381693 0.502630 0.652140 0.445194 0.140762 0.381496 0.502737 0.652140 0.445194 0.193548 0.381398 0.502814 0.652140 0.445194 0.252199 0.381373 0.502845 0.652140 0.445194 0.307918 
0.381865 0.502584 0.652140 0.445194 0.116325 0.382037 0.502553 0.652140 0.445194 0.094819 0.381594 0.502691 0.652140 0.445194 0.168133 0.381422 0.502784 0.652140 0.445194 0.221896 0.381373 0.502830 0.652140 0.445194 0.279570 0.381447 0.502830 0.652140 0.445194 0.378299 
0.382259 0.502491 0.652140 0.445194 0.080156 0.381693 0.502630 0.652140 0.445194 0.140762 0.381496 0.502737 0.652140 0.445194 0.193548 0.381398 0.502814 0.652140 0.445194 0.252199 0.381373 0.502845 0.652140 0.445194 0.307918 0.381767 0.502630 0.652140 0.445194 0.378299 
0.382037 0.502553 0.652140 0.445194 0.094819 0.381594 0.502691 0.652140 0.445194 0.168133 0.381422 0.502784 0.652140 0.445194 0.221896 0.381373 0.502830 0.652140 0.445194 0.279570 0.381447 0.502830 0.652140 0.445194 0.378299 0.382234 0.502353 0.652140 0.445194 0.375367 
0.381693 0.502630 0.652140 0.445194 0.140762 0.381496 0.502737 0.652140 0.445194 0.193548 0.381398 0.502814 0.652140 0.445194 0.252199 0.381373 0.502845 0.652140 0.445194 0.307918 0.381767 0.502630 0.652140 0.445194 0.378299 0.382825 0.502030 0.652140 0.445194 0.372434 
0.381594 0.502691 0.652140 0.445194 0.168133 0.381422 0.502784 0.652140 0.445194 0.221896 0.381373 0.502830 0.652140 0.445194 0.279570 0.381447 0.502830 0.652140 0.445194 0.378299 0.382234 0.502353 0.652140 0.445194 0.375367 0.383686 0.501584 0.652140 0.445194 0.375367 
0.381496 0.502737 0.652140 0.445194 0.193548 0.381398 0.502814 0.652140 0.445194 0.252199 0.381373 0.502845 0.652140 0.445194 0.307918 0.381767 0.502630 0.652140 0.445194 0.378299 0.382825 0.502030 0.652140 0.445194 0.372434 0.384818 0.501015 0.652140 0.445194 0.381232 
0.381422 0.502784 0.652140 0.445194 0.221896 0.381373 0.502830 0.652140 0.445194 0.279570 0.381447 0.502830 0.652140 0.445194 0.378299 0.382234 0.502353 0.652140 0.445194 0.375367 0.383686 0.501584 0.652140 0.445194 0.375367 0.386171 0.500338 0.646784 0.455934 0.392962 
0.381398 0.502814 0.652140 0.445194 0.252199 0.381373 0.502845 0.652140 0.445194 0.307918 0.381767 0.502630 0.652140 0.445194 0.378299 0.382825 0.502030 0.652140 0.445194 0.372434 0.384818 0.501015 0.652140 0.445194 0.381232 0.387771 0.499539 0.646784 0.455934 0.382209 
0.393602 0.491311 0.481430 0.819733 0.000000 0.393184 0.492803 0.481294 0.797736 0.000000 0.392864 0.493587 0.467072 0.802086 0.000000 0.392003 0.496048 0.453068 0.762639 0.000000 0.391905 0.497770 0.426167 0.727824 0.000000 0.392175 0.499462 0.438928 0.723314 0.000000 
0.393356 0.492049 0.481430 0.819733 0.000000 0.392274 0.495202 0.480621 0.775610 0.000000 0.392593 0.494387 0.467008 0.780152 0.000000 0.391905 0.496909 0.452508 0.740670 0.000000 0.391905 0.498631 0.426167 0.727824 0.000000 0.392544 0.500185 0.438928 0.723314 0.000000 
0.393184 0.492803 0.481294 0.797736 0.000000 0.392864 0.493587 0.467072 0.802086 0.000000 0.392003 0.496048 0.453068 0.762639 0.000000 0.391905 0.497770 0.426167 0.727824 0.000000 0.392175 0.499462 0.438928 0.723314 0.000000 0.392913 0.500800 0.437865 0.701357 0.000000 
0.392274 0.495202 0.480621 0.775610 0.000000 0.392593 0.494387 0.467008 0.780152 0.000000 0.391905 0.496909 0.452508 0.740670 0.000000 0.391905 0.498631 0.426167 0.727824 0.000000 0.392544 0.500185 0.438928 0.723314 0.000000 0.393061 0.500969 0.437865 0.701357 0.000000 
0.392864 0.493587 0.467072 0.802086 0.000000 0.392003 0.496048 0.453068 0.762639 0.000000 0.391905 0.497770 0.426167 0.727824 0.000000 0.392175 0.499462 0.438928 0.723314 0.000000 0.392913 0.500800 0.437865 0.701357 0.000000 0.393356 0.501415 0.437865 0.701357 0.000000 
0.392593 0.494387 0.467008 0.780152 0.000000 0.391905 0.496909 0.452508 0.740670 0.000000 0.391905 0.498631 0.426167 0.727824 0.000000 0.392544 0.500185 0.438928 0.723314 0.000000 0.393061 0.500969 0.437865 0.701357 0.000000 0.393578 0.501753 0.437865 0.701357 0.000000 
0.392003 0.496048 0.453068 0.762639 0.000000 0.391905 0.497770 0.426167 0.727824 0.000000 0.392175 0.499462 0.438928 0.723314 0.000000 0.392913 0.500800 0.437865 0.701357 0.000000 0.393356 0.501415 0.437865 0.701357 0.000000 0.393873 0.502138 0.436291 0.679347 0.000000 
0.391905 0.496909 0.452508 0.740670 0.000000 0.391905 0.498631 0.426167 0.727824 0.000000 0.392544 0.500185 0.438928 0.723314 0.000000 0.393061 0.500969 0.437865 0.701357 0.000000 0.393578 0.501753 0.437865 0.701357 0.000000 0.393947 0.502245 0.447748 0.674327 0.000000 
0.391905 0.497770 0.426167 0.727824 0.000000 0.392175 0.499462 0.438928 0.723314 0.000000 0.392913 0.500800 0.437865 0.701357 0.000000 0.393356 0.501415 0.437865 0.701357 0.000000 0.393873 0.502138 0.436291 0.679347 0.000000 0.393947 0.502261 0.447748 0.674327 0.000000 
0.391905 0.498631 0.426167 0.727824 0.000000 0.392544 0.500185 0.438928 0.723314 0.000000 0.393061 0.500969 0.437865 0.701357 0.000000 0.393578 0.501753 0.437865 0.701357 0.000000 0.393947 0.502245 0.447748 0.674327 0.000000 0.393922 0.502261 0.445194 0.652140 0.180841 
0.392175 0.499462 0.438928 0.723314 0.000000 0.392913 0.500800 0.437865 0.701357 0.000000 0.393356 0.501415 0.437865 0.701357 0.000000 0.393873 0.502138 0.436291 0.679347 0.000000 0.393947 0.502261 0.447748 0.674327 0.000000 0.393725 0.502261 0.445194 0.652140 0.221896 
0.392544 0.500185 0.438928 0.723314 0.000000 0.393061 0.500969 0.437865 0.701357 0.000000 0.393578 0.501753 0.437865 0.701357 0.000000 0.393947 0.502245 0.447748 0.674327 0.000000 0.393922 0.502261 0.445194 0.652140 0.180841 0.393578 0.502261 0.445194 0.652140 0.239492 
0.392913 0.500800 0.437865 0.701357 0.000000 0.393356 0.501415 0.437865 0.701357 0.000000 0.393873 0.502138 0.436291 0.679347 0.000000 0.393947 0.502261 0.447748 0.674327 0.000000 0.393725 0.502261 0.445194 0.652140 0.221896 0.393430 0.502138 0.442181 0.629955 0.249267 
0.393061 0.500969 0.437865 0.701357 0.000000 0.393578 0.501753 0.437865 0.701357 0.000000 0.393947 0.502245 0.447748 0.674327 0.000000 0.393922 0.502261 0.445194 0.652140 0.180841 0.393578 0.502261 0.445194 0.652140 0.239492 0.393233 0.501784 0.418400 0.618467 0.249267 
0.393356 0.501415 0.437865 0.701357 0.000000 0.393873 0.502138 0.436291 0.679347 0.000000 0.393947 0.502261 0.447748 0.674327 0.000000 0.393725 0.502261 0.445194 0.652140 0.221896 0.393430 0.502138 0.442181 0.629955 0.249267 0.392938 0.501276 0.418400 0.618467 0.246334 
0.393578 0.501753 0.437865 0.701357 0.000000 0.393947 0.502245 0.447748 0.674327 0.000000 0.393922 0.502261 0.445194 0.652140 0.180841 0.393578 0.502261 0.445194 0.652140 0.239492 0.393233 0.501784 0.418400 0.618467 0.249267 0.392618 0.500661 0.418400 0.618467 0.250244 
0.393873 0.502138 0.436291 0.679347 0.000000 0.393947 0.502261 0.447748 0.674327 0.000000 0.393725 0.502261 0.445194 0.652140 0.221896 0.393430 0.502138 0.442181 0.629955 0.249267 0.392938 0.501276 0.418400 0.618467 0.246334 0.392323 0.499862 0.418400 0.618467 0.254154 
