0.382037 0.496632 0.504585 0.534693 0.739003 0.382283 0.497370 0.511605 0.557572 0.740958 0.382530 0.497985 0.511605 0.557572 0.730205 0.382677 0.498477 0.511605 0.557572 0.737048 0.382800 0.498816 0.511605 0.557572 0.735093 0.382874 0.499093 0.511605 0.557572 0.738025 
0.382160 0.497016 0.511605 0.557572 0.738025 0.382431 0.497709 0.511605 0.557572 0.739003 0.382603 0.498247 0.511605 0.557572 0.735093 0.382726 0.498662 0.511605 0.557572 0.734115 0.382825 0.498939 0.511605 0.557572 0.738025 0.382923 0.499200 0.511605 0.557572 0.738025 
0.382283 0.497370 0.511605 0.557572 0.740958 0.382530 0.497985 0.511605 0.557572 0.730205 0.382677 0.498477 0.511605 0.557572 0.737048 0.382800 0.498816 0.511605 0.557572 0.735093 0.382874 0.499093 0.511605 0.557572 0.738025 0.382948 0.499308 0.511605 0.557572 0.737048 
0.382431 0.497709 0.511605 0.557572 0.739003 0.382603 0.498247 0.511605 0.557572 0.735093 0.382726 0.498662 0.511605 0.557572 0.734115 0.382825 0.498939 0.511605 0.557572 0.738025 0.382923 0.499200 0.511605 0.557572 0.738025 0.382997 0.499416 0.511605 0.557572 0.738025 
0.382530 0.497985 0.511605 0.557572 0.730205 0.382677 0.498477 0.511605 0.557572 0.737048 0.382800 0.498816 0.511605 0.557572 0.735093 0.382874 0.499093 0.511605 0.557572 0.738025 0.382948 0.499308 0.511605 0.557572 0.737048 0.383046 0.499523 0.511605 0.557572 0.738025 
0.382603 0.498247 0.511605 0.557572 0.735093 0.382726 0.498662 0.511605 0.557572 0.734115 0.382825 0.498939 0.511605 0.557572 0.738025 0.382923 0.499200 0.511605 0.557572 0.738025 0.382997 0.499416 0.511605 0.557572 0.738025 0.383120 0.499616 0.511605 0.557572 0.737048 
0.382677 0.498477 0.511605 0.557572 0.737048 0.382800 0.498816 0.511605 0.557572 0.735093 0.382874 0.499093 0.511605 0.557572 0.738025 0.382948 0.499308 0.511605 0.557572 0.737048 0.383046 0.499523 0.511605 0.557572 0.738025 0.383145 0.499723 0.511605 0.557572 0.736070 
0.382726 0.498662 0.511605 0.557572 0.734115 0.382825 0.498939 0.511605 0.557572 0.738025 0.382923 0.499200 0.511605 0.557572 0.738025 0.382997 0.499416 0.511605 0.557572 0.738025 0.383120 0.499616 0.511605 0.557572 0.737048 0.383219 0.499846 0.511605 0.557572 0.735093 
0.382800 0.498816 0.511605 0.557572 0.735093 0.382874 0.499093 0.511605 0.557572 0.738025 0.382948 0.499308 0.511605 0.557572 0.737048 0.383046 0.499523 0.511605 0.557572 0.738025 0.383145 0.499723 0.511605 0.557572 0.736070 0.383243 0.499954 0.511605 0.557572 0.737048 
0.382825 0.498939 0.511605 0.557572 0.738025 0.382923 0.499200 0.511605 0.557572 0.738025 0.382997 0.499416 0.511605 0.557572 0.738025 0.383120 0.499616 0.511605 0.557572 0.737048 0.383219 0.499846 0.511605 0.557572 0.735093 0.383292 0.500062 0.511605 0.557572 0.738025 
0.382874 0.499093 0.511605 0.557572 0.738025 0.382948 0.499308 0.511605 0.557572 0.737048 0.383046 0.499523 0.511605 0.557572 0.738025 0.383145 0.499723 0.511605 0.557572 0.736070 0.383243 0.499954 0.511605 0.557572 0.737048 0.383317 0.500154 0.511605 0.557572 0.737048 
0.382923 0.499200 0.511605 0.557572 0.738025 0.382997 0.499416 0.511605 0.557572 0.738025 0.383120 0.499616 0.511605 0.557572 0.737048 0.383219 0.499846 0.511605 0.557572 0.735093 0.383292 0.500062 0.511605 0.557572 0.738025 0.383317 0.500246 0.511605 0.557572 0.737048 
0.382948 0.499308 0.511605 0.557572 0.737048 0.383046 0.499523 0.511605 0.557572 0.738025 0.383145 0.499723 0.511605 0.557572 0.736070 0.383243 0.499954 0.511605 0.557572 0.737048 0.383317 0.500154 0.511605 0.557572 0.737048 0.383342 0.500323 0.511605 0.557572 0.739003 
0.382997 0.499416 0.511605 0.557572 0.738025 0.383120 0.499616 0.511605 0.557572 0.737048 0.383219 0.499846 0.511605 0.557572 0.735093 0.383292 0.500062 0.511605 0.557572 0.738025 0.383317 0.500246 0.511605 0.557572 0.737048 0.383366 0.500400 0.511605 0.557572 0.738025 
0.383046 0.499523 0.511605 0.557572 0.738025 0.383145 0.499723 0.511605 0.557572 0.736070 0.383243 0.499954 0.511605 0.557572 0.737048 0.383317 0.500154 0.511605 0.557572 0.737048 0.383342 0.500323 0.511605 0.557572 0.739003 0.383391 0.500461 0.511605 0.557572 0.738025 
0.383120 0.499616 0.511605 0.557572 0.737048 0.383219 0.499846 0.511605 0.557572 0.735093 0.383292 0.500062 0.511605 0.557572 0.738025 0.383317 0.500246 0.511605 0.557572 0.737048 0.383366 0.500400 0.511605 0.557572 0.738025 0.383391 0.500508 0.511605 0.557572 0.736070 
0.383145 0.499723 0.511605 0.557572 0.736070 0.383243 0.499954 0.511605 0.557572 0.737048 0.383317 0.500154 0.511605 0.557572 0.737048 0.383342 0.500323 0.511605 0.557572 0.739003 0.383391 0.500461 0.511605 0.557572 0.738025 0.383415 0.500554 0.511605 0.557572 0.738025 
0.383219 0.499846 0.511605 0.557572 0.735093 0.383292 0.500062 0.511605 0.557572 0.738025 0.383317 0.500246 0.511605 0.557572 0.737048 0.383366 0.500400 0.511605 0.557572 0.738025 0.383391 0.500508 0.511605 0.557572 0.736070 0.383415 0.500569 0.511605 0.557572 0.738025 
0.383243 0.499954 0.511605 0.557572 0.737048 0.383317 0.500154 0.511605 0.557572 0.737048 0.383342 0.500323 0.511605 0.557572 0.739003 0.383391 0.500461 0.511605 0.557572 0.738025 0.383415 0.500554 0.511605 0.557572 0.738025 0.383415 0.500584 0.511605 0.557572 0.738025 
0.383292 0.500062 0.511605 0.557572 0.738025 0.383317 0.500246 0.511605 0.557572 0.737048 0.383366 0.500400 0.511605 0.557572 0.738025 0.383391 0.500508 0.511605 0.557572 0.736070 0.383415 0.500569 0.511605 0.557572 0.738025 0.383440 0.500600 0.511605 0.557572 0.739003 
0.383317 0.500154 0.511605 0.557572 0.737048 0.383342 0.500323 0.511605 0.557572 0.739003 0.383391 0.500461 0.511605 0.557572 0.738025 0.383415 0.500554 0.511605 0.557572 0.738025 0.383415 0.500584 0.511605 0.557572 0.738025 0.383465 0.500615 0.511605 0.557572 0.738025 
0.383317 0.500246 0.511605 0.557572 0.737048 0.383366 0.500400 0.511605 0.557572 0.738025 0.383391 0.500508 0.511605 0.557572 0.736070 0.383415 0.500569 0.511605 0.557572 0.738025 0.383440 0.500600 0.511605 0.557572 0.739003 0.383465 0.500631 0.511605 0.557572 0.738025 
0.383342 0.500323 0.511605 0.557572 0.739003 0.383391 0.500461 0.511605 0.557572 0.738025 0.383415 0.500554 0.511605 0.557572 0.738025 0.383415 0.500584 0.511605 0.557572 0.738025 0.383465 0.500615 0.511605 0.557572 0.738025 0.383465 0.500646 0.511605 0.557572 0.739003 
0.383366 0.500400 0.511605 0.557572 0.738025 0.383391 0.500508 0.511605 0.557572 0.736070 0.383415 0.500569 0.511605 0.557572 0.738025 0.383440 0.500600 0.511605 0.557572 0.739003 0.383465 0.500631 0.511605 0.557572 0.738025 0.383465 0.500661 0.511605 0.557572 0.739003 
0.383391 0.500461 0.511605 0.557572 0.738025 0.383415 0.500554 0.511605 0.557572 0.738025 0.383415 0.500584 0.511605 0.557572 0.738025 0.383465 0.500615 0.511605 0.557572 0.738025 0.383465 0.500646 0.511605 0.557572 0.739003 0.383489 0.500677 0.511605 0.557572 0.740958 
0.383391 0.500508 0.511605 0.557572 0.736070 0.383415 0.500569 0.511605 0.557572 0.738025 0.383440 0.500600 0.511605 0.557572 0.739003 0.383465 0.500631 0.511605 0.557572 0.738025 0.383465 0.500661 0.511605 0.557572 0.739003 0.383514 0.500723 0.511605 0.557572 0.740958 
0.383415 0.500554 0.511605 0.557572 0.738025 0.383415 0.500584 0.511605 0.557572 0.738025 0.383465 0.500615 0.511605 0.557572 0.738025 0.383465 0.500646 0.511605 0.557572 0.739003 0.383489 0.500677 0.511605 0.557572 0.740958 0.383514 0.500754 0.511605 0.557572 0.741935 
0.383415 0.500569 0.511605 0.557572 0.738025 0.383440 0.500600 0.511605 0.557572 0.739003 0.383465 0.500631 0.511605 0.557572 0.738025 0.383465 0.500661 0.511605 0.557572 0.739003 0.383514 0.500723 0.511605 0.557572 0.740958 0.383538 0.500784 0.519776 0.550417 0.743891 
0.383415 0.500584 0.511605 0.557572 0.738025 0.383465 0.500615 0.511605 0.557572 0.738025 0.383465 0.500646 0.511605 0.557572 0.739003 0.383489 0.500677 0.511605 0.557572 0.740958 0.383514 0.500754 0.511605 0.557572 0.741935 0.383563 0.500830 0.519776 0.550417 0.743891 
0.383440 0.500600 0.511605 0.557572 0.739003 0.383465 0.500631 0.511605 0.557572 0.738025 0.383465 0.500661 0.511605 0.557572 0.739003 0.383514 0.500723 0.511605 0.557572 0.740958 0.383538 0.500784 0.519776 0.550417 0.743891 0.383588 0.500877 0.519776 0.550417 0.745846 
0.383465 0.500615 0.511605 0.557572 0.738025 0.383465 0.500646 0.511605 0.557572 0.739003 0.383489 0.500677 0.511605 0.557572 0.740958 0.383514 0.500754 0.511605 0.557572 0.741935 0.383563 0.500830 0.519776 0.550417 0.743891 0.383588 0.500938 0.519776 0.550417 0.746823 
0.383465 0.500631 0.511605 0.557572 0.738025 0.383465 0.500661 0.511605 0.557572 0.739003 0.383514 0.500723 0.511605 0.557572 0.740958 0.383538 0.500784 0.519776 0.550417 0.743891 0.383588 0.500877 0.519776 0.550417 0.745846 0.383588 0.501046 0.519776 0.550417 0.747801 
0.383465 0.500646 0.511605 0.557572 0.739003 0.383489 0.500677 0.511605 0.557572 0.740958 0.383514 0.500754 0.511605 0.557572 0.741935 0.383563 0.500830 0.519776 0.550417 0.743891 0.383588 0.500938 0.519776 0.550417 0.746823 0.383612 0.501184 0.519776 0.550417 0.750733 
0.383465 0.500661 0.511605 0.557572 0.739003 0.383514 0.500723 0.511605 0.557572 0.740958 0.383538 0.500784 0.519776 0.550417 0.743891 0.383588 0.500877 0.519776 0.550417 0.745846 0.383588 0.501046 0.519776 0.550417 0.747801 0.383661 0.501338 0.519776 0.550417 0.747801 
0.383489 0.500677 0.511605 0.557572 0.740958 0.383514 0.500754 0.511605 0.557572 0.741935 0.383563 0.500830 0.519776 0.550417 0.743891 0.383588 0.500938 0.519776 0.550417 0.746823 0.383612 0.501184 0.519776 0.550417 0.750733 0.383711 0.501523 0.519776 0.550417 0.746823 
0.383514 0.500723 0.511605 0.557572 0.740958 0.383538 0.500784 0.519776 0.550417 0.743891 0.383588 0.500877 0.519776 0.550417 0.745846 0.383588 0.501046 0.519776 0.550417 0.747801 0.383661 0.501338 0.519776 0.550417 0.747801 0.383784 0.501722 0.519776 0.550417 0.740958 
0.383514 0.500754 0.511605 0.557572 0.741935 0.383563 0.500830 0.519776 0.550417 0.743891 0.383588 0.500938 0.519776 0.550417 0.746823 0.383612 0.501184 0.519776 0.550417 0.750733 0.383711 0.501523 0.519776 0.550417 0.746823 0.383858 0.501938 0.519776 0.550417 0.737048 
0.383538 0.500784 0.519776 0.550417 0.743891 0.383588 0.500877 0.519776 0.550417 0.745846 0.383588 0.501046 0.519776 0.550417 0.747801 0.383661 0.501338 0.519776 0.550417 0.747801 0.383784 0.501722 0.519776 0.550417 0.740958 0.383932 0.502184 0.519776 0.550417 0.731183 
0.383563 0.500830 0.519776 0.550417 0.743891 0.383588 0.500938 0.519776 0.550417 0.746823 0.383612 0.501184 0.519776 0.550417 0.750733 0.383711 0.501523 0.519776 0.550417 0.746823 0.383858 0.501938 0.519776 0.550417 0.737048 0.384031 0.502445 0.519776 0.550417 0.737048 
0.383588 0.500877 0.519776 0.550417 0.745846 0.383588 0.501046 0.519776 0.550417 0.747801 0.383661 0.501338 0.519776 0.550417 0.747801 0.383784 0.501722 0.519776 0.550417 0.740958 0.383932 0.502184 0.519776 0.550417 0.731183 0.384178 0.502722 0.519776 0.550417 0.736070 
0.383588 0.500938 0.519776 0.550417 0.746823 0.383612 0.501184 0.519776 0.550417 0.750733 0.383711 0.501523 0.519776 0.550417 0.746823 0.383858 0.501938 0.519776 0.550417 0.737048 0.384031 0.502445 0.519776 0.550417 0.737048 0.384326 0.503014 0.519776 0.550417 0.735093 
0.383588 0.501046 0.519776 0.550417 0.747801 0.383661 0.501338 0.519776 0.550417 0.747801 0.383784 0.501722 0.519776 0.550417 0.740958 0.383932 0.502184 0.519776 0.550417 0.731183 0.384178 0.502722 0.519776 0.550417 0.736070 0.384473 0.503322 0.519776 0.550417 0.733138 
0.383612 0.501184 0.519776 0.550417 0.750733 0.383711 0.501523 0.519776 0.550417 0.746823 0.383858 0.501938 0.519776 0.550417 0.737048 0.384031 0.502445 0.519776 0.550417 0.737048 0.384326 0.503014 0.519776 0.550417 0.735093 0.384670 0.503660 0.519776 0.550417 0.730205 
0.383661 0.501338 0.519776 0.550417 0.747801 0.383784 0.501722 0.519776 0.550417 0.740958 0.383932 0.502184 0.519776 0.550417 0.731183 0.384178 0.502722 0.519776 0.550417 0.736070 0.384473 0.503322 0.519776 0.550417 0.733138 0.384843 0.504029 0.543251 0.558824 0.729228 
0.383711 0.501523 0.519776 0.550417 0.746823 0.383858 0.501938 0.519776 0.550417 0.737048 0.384031 0.502445 0.519776 0.550417 0.737048 0.384326 0.503014 0.519776 0.550417 0.735093 0.384670 0.503660 0.519776 0.550417 0.730205 0.385015 0.504383 0.543251 0.558824 0.714565 
0.383784 0.501722 0.519776 0.550417 0.740958 0.383932 0.502184 0.519776 0.550417 0.731183 0.384178 0.502722 0.519776 0.550417 0.736070 0.384473 0.503322 0.519776 0.550417 0.733138 0.384843 0.504029 0.543251 0.558824 0.729228 0.385212 0.504706 0.543251 0.558824 0.708700 
0.383858 0.501938 0.519776 0.550417 0.737048 0.384031 0.502445 0.519776 0.550417 0.737048 0.384326 0.503014 0.519776 0.550417 0.735093 0.384670 0.503660 0.519776 0.550417 0.730205 0.385015 0.504383 0.543251 0.558824 0.714565 0.385335 0.505029 0.543251 0.558824 0.700880 
0.383932 0.502184 0.519776 0.550417 0.731183 0.384178 0.502722 0.519776 0.550417 0.736070 0.384473 0.503322 0.519776 0.550417 0.733138 0.384843 0.504029 0.543251 0.558824 0.729228 0.385212 0.504706 0.543251 0.558824 0.708700 0.385458 0.505275 0.543251 0.558824 0.699902 
0.384031 0.502445 0.519776 0.550417 0.737048 0.384326 0.503014 0.519776 0.550417 0.735093 0.384670 0.503660 0.519776 0.550417 0.730205 0.385015 0.504383 0.543251 0.558824 0.714565 0.385335 0.505029 0.543251 0.558824 0.700880 0.385556 0.505475 0.543251 0.558824 0.698925 
0.384178 0.502722 0.519776 0.550417 0.736070 0.384473 0.503322 0.519776 0.550417 0.733138 0.384843 0.504029 0.543251 0.558824 0.729228 0.385212 0.504706 0.543251 0.558824 0.708700 0.385458 0.505275 0.543251 0.558824 0.699902 0.385630 0.505598 0.543251 0.558824 0.695015 
0.384326 0.503014 0.519776 0.550417 0.735093 0.384670 0.503660 0.519776 0.550417 0.730205 0.385015 0.504383 0.543251 0.558824 0.714565 0.385335 0.505029 0.543251 0.558824 0.700880 0.385556 0.505475 0.543251 0.558824 0.698925 0.385679 0.505690 0.543251 0.558824 0.694037 
0.384473 0.503322 0.519776 0.550417 0.733138 0.384843 0.504029 0.543251 0.558824 0.729228 0.385212 0.504706 0.543251 0.558824 0.708700 0.385458 0.505275 0.543251 0.558824 0.699902 0.385630 0.505598 0.543251 0.558824 0.695015 0.385679 0.505736 0.543251 0.558824 0.691105 
0.384670 0.503660 0.519776 0.550417 0.730205 0.385015 0.504383 0.543251 0.558824 0.714565 0.385335 0.505029 0.543251 0.558824 0.700880 0.385556 0.505475 0.543251 0.558824 0.698925 0.385679 0.505690 0.543251 0.558824 0.694037 0.385704 0.505767 0.551143 0.551143 0.687195 
0.384843 0.504029 0.543251 0.558824 0.729228 0.385212 0.504706 0.543251 0.558824 0.708700 0.385458 0.505275 0.543251 0.558824 0.699902 0.385630 0.505598 0.543251 0.558824 0.695015 0.385679 0.505736 0.543251 0.558824 0.691105 0.385728 0.505767 0.551143 0.551143 0.682307 
0.385015 0.504383 0.543251 0.558824 0.714565 0.385335 0.505029 0.543251 0.558824 0.700880 0.385556 0.505475 0.543251 0.558824 0.698925 0.385679 0.505690 0.543251 0.558824 0.694037 0.385704 0.505767 0.551143 0.551143 0.687195 0.385753 0.505767 0.551143 0.551143 0.676442 
0.385212 0.504706 0.543251 0.558824 0.708700 0.385458 0.505275 0.543251 0.558824 0.699902 0.385630 0.505598 0.543251 0.558824 0.695015 0.385679 0.505736 0.543251 0.558824 0.691105 0.385728 0.505767 0.551143 0.551143 0.682307 0.385778 0.505767 0.551143 0.551143 0.674487 
0.385335 0.505029 0.543251 0.558824 0.700880 0.385556 0.505475 0.543251 0.558824 0.698925 0.385679 0.505690 0.543251 0.558824 0.694037 0.385704 0.505767 0.551143 0.551143 0.687195 0.385753 0.505767 0.551143 0.551143 0.676442 0.385802 0.505767 0.551143 0.551143 0.674487 
0.385458 0.505275 0.543251 0.558824 0.699902 0.385630 0.505598 0.543251 0.558824 0.695015 0.385679 0.505736 0.543251 0.558824 0.691105 0.385728 0.505767 0.551143 0.551143 0.682307 0.385778 0.505767 0.551143 0.551143 0.674487 0.385802 0.505782 0.551143 0.551143 0.677419 
0.385556 0.505475 0.543251 0.558824 0.698925 0.385679 0.505690 0.543251 0.558824 0.694037 0.385704 0.505767 0.551143 0.551143 0.687195 0.385753 0.505767 0.551143 0.551143 0.676442 0.385802 0.505767 0.551143 0.551143 0.674487 0.385851 0.505798 0.551143 0.551143 0.677419 
0.385630 0.505598 0.543251 0.558824 0.695015 0.385679 0.505736 0.543251 0.558824 0.691105 0.385728 0.505767 0.551143 0.551143 0.682307 0.385778 0.505767 0.551143 0.551143 0.674487 0.385802 0.505782 0.551143 0.551143 0.677419 0.385851 0.505813 0.551143 0.551143 0.678397 
0.385679 0.505690 0.543251 0.558824 0.694037 0.385704 0.505767 0.551143 0.551143 0.687195 0.385753 0.505767 0.551143 0.551143 0.676442 0.385802 0.505767 0.551143 0.551143 0.674487 0.385851 0.505798 0.551143 0.551143 0.677419 0.385851 0.505829 0.551143 0.551143 0.680352 
0.385679 0.505736 0.543251 0.558824 0.691105 0.385728 0.505767 0.551143 0.551143 0.682307 0.385778 0.505767 0.551143 0.551143 0.674487 0.385802 0.505782 0.551143 0.551143 0.677419 0.385851 0.505813 0.551143 0.551143 0.678397 0.385851 0.505844 0.543251 0.558824 0.681329 
0.385704 0.505767 0.551143 0.551143 0.687195 0.385753 0.505767 0.551143 0.551143 0.676442 0.385802 0.505767 0.551143 0.551143 0.674487 0.385851 0.505798 0.551143 0.551143 0.677419 0.385851 0.505829 0.551143 0.551143 0.680352 0.385851 0.505859 0.543251 0.558824 0.682307 
0.385728 0.505767 0.551143 0.551143 0.682307 0.385778 0.505767 0.551143 0.551143 0.674487 0.385802 0.505782 0.551143 0.551143 0.677419 0.385851 0.505813 0.551143 0.551143 0.678397 0.385851 0.505844 0.543251 0.558824 0.681329 0.385851 0.505875 0.543251 0.558824 0.684262 
0.385753 0.505767 0.551143 0.551143 0.676442 0.385802 0.505767 0.551143 0.551143 0.674487 0.385851 0.505798 0.551143 0.551143 0.677419 0.385851 0.505829 0.551143 0.551143 0.680352 0.385851 0.505859 0.543251 0.558824 0.682307 0.385851 0.505890 0.543251 0.558824 0.684262 
0.385778 0.505767 0.551143 0.551143 0.674487 0.385802 0.505782 0.551143 0.551143 0.677419 0.385851 0.505813 0.551143 0.551143 0.678397 0.385851 0.505844 0.543251 0.558824 0.681329 0.385851 0.505875 0.543251 0.558824 0.684262 0.385851 0.505906 0.543251 0.558824 0.683284 
0.385802 0.505767 0.551143 0.551143 0.674487 0.385851 0.505798 0.551143 0.551143 0.677419 0.385851 0.505829 0.551143 0.551143 0.680352 0.385851 0.505859 0.543251 0.558824 0.682307 0.385851 0.505890 0.543251 0.558824 0.684262 0.385851 0.505921 0.543251 0.558824 0.683284 
0.385802 0.505782 0.551143 0.551143 0.677419 0.385851 0.505813 0.551143 0.551143 0.678397 0.385851 0.505844 0.543251 0.558824 0.681329 0.385851 0.505875 0.543251 0.558824 0.684262 0.385851 0.505906 0.543251 0.558824 0.683284 0.385851 0.505936 0.543251 0.558824 0.681329 
0.385851 0.505798 0.551143 0.551143 0.677419 0.385851 0.505829 0.551143 0.551143 0.680352 0.385851 0.505859 0.543251 0.558824 0.682307 0.385851 0.505890 0.543251 0.558824 0.684262 0.385851 0.505921 0.543251 0.558824 0.683284 0.385876 0.505936 0.543251 0.558824 0.678397 
0.385851 0.505813 0.551143 0.551143 0.678397 0.385851 0.505844 0.543251 0.558824 0.681329 0.385851 0.505875 0.543251 0.558824 0.684262 0.385851 0.505906 0.543251 0.558824 0.683284 0.385851 0.505936 0.543251 0.558824 0.681329 0.385901 0.505936 0.543251 0.558824 0.678397 
0.385851 0.505829 0.551143 0.551143 0.680352 0.385851 0.505859 0.543251 0.558824 0.682307 0.385851 0.505890 0.543251 0.558824 0.684262 0.385851 0.505921 0.543251 0.558824 0.683284 0.385876 0.505936 0.543251 0.558824 0.678397 0.385925 0.505952 0.543251 0.558824 0.678397 
0.385851 0.505844 0.543251 0.558824 0.681329 0.385851 0.505875 0.543251 0.558824 0.684262 0.385851 0.505906 0.543251 0.558824 0.683284 0.385851 0.505936 0.543251 0.558824 0.681329 0.385901 0.505936 0.543251 0.558824 0.678397 0.385925 0.505967 0.543251 0.558824 0.677419 
0.385851 0.505859 0.543251 0.558824 0.682307 0.385851 0.505890 0.543251 0.558824 0.684262 0.385851 0.505921 0.543251 0.558824 0.683284 0.385876 0.505936 0.543251 0.558824 0.678397 0.385925 0.505952 0.543251 0.558824 0.678397 0.385950 0.505967 0.543251 0.558824 0.677419 
0.385851 0.505875 0.543251 0.558824 0.684262 0.385851 0.505906 0.543251 0.558824 0.683284 0.385851 0.505936 0.543251 0.558824 0.681329 0.385901 0.505936 0.543251 0.558824 0.678397 0.385925 0.505967 0.543251 0.558824 0.677419 0.385950 0.505982 0.543251 0.558824 0.677419 
0.385851 0.505890 0.543251 0.558824 0.684262 0.385851 0.505921 0.543251 0.558824 0.683284 0.385876 0.505936 0.543251 0.558824 0.678397 0.385925 0.505952 0.543251 0.558824 0.678397 0.385950 0.505967 0.543251 0.558824 0.677419 0.385974 0.506013 0.543251 0.558824 0.678397 
0.385851 0.505906 0.543251 0.558824 0.683284 0.385851 0.505936 0.543251 0.558824 0.681329 0.385901 0.505936 0.543251 0.558824 0.678397 0.385925 0.505967 0.543251 0.558824 0.677419 0.385950 0.505982 0.543251 0.558824 0.677419 0.385974 0.506029 0.543251 0.558824 0.676442 
0.385851 0.505921 0.543251 0.558824 0.683284 0.385876 0.505936 0.543251 0.558824 0.678397 0.385925 0.505952 0.543251 0.558824 0.678397 0.385950 0.505967 0.543251 0.558824 0.677419 0.385974 0.506013 0.543251 0.558824 0.678397 0.385999 0.506075 0.543251 0.558824 0.675464 
0.385851 0.505936 0.543251 0.558824 0.681329 0.385901 0.505936 0.543251 0.558824 0.678397 0.385925 0.505967 0.543251 0.558824 0.677419 0.385950 0.505982 0.543251 0.558824 0.677419 0.385974 0.506029 0.543251 0.558824 0.676442 0.386024 0.506136 0.543251 0.558824 0.674487 
0.385876 0.505936 0.543251 0.558824 0.678397 0.385925 0.505952 0.543251 0.558824 0.678397 0.385950 0.505967 0.543251 0.558824 0.677419 0.385974 0.506013 0.543251 0.558824 0.678397 0.385999 0.506075 0.543251 0.558824 0.675464 0.386073 0.506228 0.550704 0.582337 0.674487 
0.385901 0.505936 0.543251 0.558824 0.678397 0.385925 0.505967 0.543251 0.558824 0.677419 0.385950 0.505982 0.543251 0.558824 0.677419 0.385974 0.506029 0.543251 0.558824 0.676442 0.386024 0.506136 0.543251 0.558824 0.674487 0.386147 0.506321 0.550704 0.582337 0.672532 
0.385925 0.505952 0.543251 0.558824 0.678397 0.385950 0.505967 0.543251 0.558824 0.677419 0.385974 0.506013 0.543251 0.558824 0.678397 0.385999 0.506075 0.543251 0.558824 0.675464 0.386073 0.506228 0.550704 0.582337 0.674487 0.386220 0.506444 0.550704 0.582337 0.670577 
0.385925 0.505967 0.543251 0.558824 0.677419 0.385950 0.505982 0.543251 0.558824 0.677419 0.385974 0.506029 0.543251 0.558824 0.676442 0.386024 0.506136 0.543251 0.558824 0.674487 0.386147 0.506321 0.550704 0.582337 0.672532 0.386294 0.506551 0.550704 0.582337 0.667644 
0.385950 0.505967 0.543251 0.558824 0.677419 0.385974 0.506013 0.543251 0.558824 0.678397 0.385999 0.506075 0.543251 0.558824 0.675464 0.386073 0.506228 0.550704 0.582337 0.674487 0.386220 0.506444 0.550704 0.582337 0.670577 0.386343 0.506659 0.550704 0.582337 0.663734 
0.385950 0.505982 0.543251 0.558824 0.677419 0.385974 0.506029 0.543251 0.558824 0.676442 0.386024 0.506136 0.543251 0.558824 0.674487 0.386147 0.506321 0.550704 0.582337 0.672532 0.386294 0.506551 0.550704 0.582337 0.667644 0.386417 0.506782 0.550704 0.582337 0.663734 
0.385974 0.506013 0.543251 0.558824 0.678397 0.385999 0.506075 0.543251 0.558824 0.675464 0.386073 0.506228 0.550704 0.582337 0.674487 0.386220 0.506444 0.550704 0.582337 0.670577 0.386343 0.506659 0.550704 0.582337 0.663734 0.386467 0.506874 0.550704 0.582337 0.664712 
0.385974 0.506029 0.543251 0.558824 0.676442 0.386024 0.506136 0.543251 0.558824 0.674487 0.386147 0.506321 0.550704 0.582337 0.672532 0.386294 0.506551 0.550704 0.582337 0.667644 0.386417 0.506782 0.550704 0.582337 0.663734 0.386540 0.506951 0.550704 0.582337 0.666667 
0.385999 0.506075 0.543251 0.558824 0.675464 0.386073 0.506228 0.550704 0.582337 0.674487 0.386220 0.506444 0.550704 0.582337 0.670577 0.386343 0.506659 0.550704 0.582337 0.663734 0.386467 0.506874 0.550704 0.582337 0.664712 0.386565 0.506997 0.550704 0.582337 0.668622 
0.386024 0.506136 0.543251 0.558824 0.674487 0.386147 0.506321 0.550704 0.582337 0.672532 0.386294 0.506551 0.550704 0.582337 0.667644 0.386417 0.506782 0.550704 0.582337 0.663734 0.386540 0.506951 0.550704 0.582337 0.666667 0.386590 0.507028 0.550704 0.582337 0.669599 
0.386073 0.506228 0.550704 0.582337 0.674487 0.386220 0.506444 0.550704 0.582337 0.670577 0.386343 0.506659 0.550704 0.582337 0.663734 0.386467 0.506874 0.550704 0.582337 0.664712 0.386565 0.506997 0.550704 0.582337 0.668622 0.386614 0.507044 0.550704 0.582337 0.670577 
0.386147 0.506321 0.550704 0.582337 0.672532 0.386294 0.506551 0.550704 0.582337 0.667644 0.386417 0.506782 0.550704 0.582337 0.663734 0.386540 0.506951 0.550704 0.582337 0.666667 0.386590 0.507028 0.550704 0.582337 0.669599 0.386614 0.507074 0.550704 0.582337 0.670577 
0.386220 0.506444 0.550704 0.582337 0.670577 0.386343 0.506659 0.550704 0.582337 0.663734 0.386467 0.506874 0.550704 0.582337 0.664712 0.386565 0.506997 0.550704 0.582337 0.668622 0.386614 0.507044 0.550704 0.582337 0.670577 0.386614 0.507105 0.550704 0.582337 0.669599 
0.386294 0.506551 0.550704 0.582337 0.667644 0.386417 0.506782 0.550704 0.582337 0.663734 0.386540 0.506951 0.550704 0.582337 0.666667 0.386590 0.507028 0.550704 0.582337 0.669599 0.386614 0.507074 0.550704 0.582337 0.670577 0.386639 0.507120 0.543251 0.558824 0.671554 
0.386343 0.506659 0.550704 0.582337 0.663734 0.386467 0.506874 0.550704 0.582337 0.664712 0.386565 0.506997 0.550704 0.582337 0.668622 0.386614 0.507044 0.550704 0.582337 0.670577 0.386614 0.507105 0.550704 0.582337 0.669599 0.386663 0.507136 0.543251 0.558824 0.670577 
0.386417 0.506782 0.550704 0.582337 0.663734 0.386540 0.506951 0.550704 0.582337 0.666667 0.386590 0.507028 0.550704 0.582337 0.669599 0.386614 0.507074 0.550704 0.582337 0.670577 0.386639 0.507120 0.543251 0.558824 0.671554 0.386663 0.507167 0.543251 0.558824 0.671554 
0.386467 0.506874 0.550704 0.582337 0.664712 0.386565 0.506997 0.550704 0.582337 0.668622 0.386614 0.507044 0.550704 0.582337 0.670577 0.386614 0.507105 0.550704 0.582337 0.669599 0.386663 0.507136 0.543251 0.558824 0.670577 0.386663 0.507182 0.543251 0.558824 0.670577 
0.386540 0.506951 0.550704 0.582337 0.666667 0.386590 0.507028 0.550704 0.582337 0.669599 0.386614 0.507074 0.550704 0.582337 0.670577 0.386639 0.507120 0.543251 0.558824 0.671554 0.386663 0.507167 0.543251 0.558824 0.671554 0.386688 0.507213 0.543251 0.558824 0.670577 
0.386565 0.506997 0.550704 0.582337 0.668622 0.386614 0.507044 0.550704 0.582337 0.670577 0.386614 0.507105 0.550704 0.582337 0.669599 0.386663 0.507136 0.543251 0.558824 0.670577 0.386663 0.507182 0.543251 0.558824 0.670577 0.386688 0.507228 0.543251 0.558824 0.670577 
0.386590 0.507028 0.550704 0.582337 0.669599 0.386614 0.507074 0.550704 0.582337 0.670577 0.386639 0.507120 0.543251 0.558824 0.671554 0.386663 0.507167 0.543251 0.558824 0.671554 0.386688 0.507213 0.543251 0.558824 0.670577 0.386713 0.507259 0.543251 0.558824 0.668622 
0.386614 0.507044 0.550704 0.582337 0.670577 0.386614 0.507105 0.550704 0.582337 0.669599 0.386663 0.507136 0.543251 0.558824 0.670577 0.386663 0.507182 0.543251 0.558824 0.670577 0.386688 0.507228 0.543251 0.558824 0.670577 0.386737 0.507259 0.543251 0.558824 0.669599 
0.386614 0.507074 0.550704 0.582337 0.670577 0.386639 0.507120 0.543251 0.558824 0.671554 0.386663 0.507167 0.543251 0.558824 0.671554 0.386688 0.507213 0.543251 0.558824 0.670577 0.386713 0.507259 0.543251 0.558824 0.668622 0.386762 0.507290 0.550704 0.582337 0.668622 
0.386614 0.507105 0.550704 0.582337 0.669599 0.386663 0.507136 0.543251 0.558824 0.670577 0.386663 0.507182 0.543251 0.558824 0.670577 0.386688 0.507228 0.543251 0.558824 0.670577 0.386737 0.507259 0.543251 0.558824 0.669599 0.386786 0.507305 0.550704 0.582337 0.667644 
0.386639 0.507120 0.543251 0.558824 0.671554 0.386663 0.507167 0.543251 0.558824 0.671554 0.386688 0.507213 0.543251 0.558824 0.670577 0.386713 0.507259 0.543251 0.558824 0.668622 0.386762 0.507290 0.550704 0.582337 0.668622 0.386811 0.507305 0.550704 0.582337 0.665689 
0.386663 0.507136 0.543251 0.558824 0.670577 0.386663 0.507182 0.543251 0.558824 0.670577 0.386688 0.507228 0.543251 0.558824 0.670577 0.386737 0.507259 0.543251 0.558824 0.669599 0.386786 0.507305 0.550704 0.582337 0.667644 0.386860 0.507305 0.550704 0.582337 0.664712 
0.386663 0.507167 0.543251 0.558824 0.671554 0.386688 0.507213 0.543251 0.558824 0.670577 0.386713 0.507259 0.543251 0.558824 0.668622 0.386762 0.507290 0.550704 0.582337 0.668622 0.386811 0.507305 0.550704 0.582337 0.665689 0.386885 0.507305 0.550704 0.582337 0.663734 
0.386663 0.507182 0.543251 0.558824 0.670577 0.386688 0.507228 0.543251 0.558824 0.670577 0.386737 0.507259 0.543251 0.558824 0.669599 0.386786 0.507305 0.550704 0.582337 0.667644 0.386860 0.507305 0.550704 0.582337 0.664712 0.386909 0.507320 0.550704 0.582337 0.661779 
0.386688 0.507213 0.543251 0.558824 0.670577 0.386713 0.507259 0.543251 0.558824 0.668622 0.386762 0.507290 0.550704 0.582337 0.668622 0.386811 0.507305 0.550704 0.582337 0.665689 0.386885 0.507305 0.550704 0.582337 0.663734 0.386959 0.507351 0.550704 0.582337 0.660802 
0.386688 0.507228 0.543251 0.558824 0.670577 0.386737 0.507259 0.543251 0.558824 0.669599 0.386786 0.507305 0.550704 0.582337 0.667644 0.386860 0.507305 0.550704 0.582337 0.664712 0.386909 0.507320 0.550704 0.582337 0.661779 0.387057 0.507397 0.550704 0.582337 0.660802 
0.386713 0.507259 0.543251 0.558824 0.668622 0.386762 0.507290 0.550704 0.582337 0.668622 0.386811 0.507305 0.550704 0.582337 0.665689 0.386885 0.507305 0.550704 0.582337 0.663734 0.386959 0.507351 0.550704 0.582337 0.660802 0.387131 0.507459 0.550704 0.582337 0.660802 
0.386737 0.507259 0.543251 0.558824 0.669599 0.386786 0.507305 0.550704 0.582337 0.667644 0.386860 0.507305 0.550704 0.582337 0.664712 0.386909 0.507320 0.550704 0.582337 0.661779 0.387057 0.507397 0.550704 0.582337 0.660802 0.387254 0.507520 0.550704 0.582337 0.660802 
0.386762 0.507290 0.550704 0.582337 0.668622 0.386811 0.507305 0.550704 0.582337 0.665689 0.386885 0.507305 0.550704 0.582337 0.663734 0.386959 0.507351 0.550704 0.582337 0.660802 0.387131 0.507459 0.550704 0.582337 0.660802 0.387377 0.507613 0.550704 0.582337 0.659824 
0.386786 0.507305 0.550704 0.582337 0.667644 0.386860 0.507305 0.550704 0.582337 0.664712 0.386909 0.507320 0.550704 0.582337 0.661779 0.387057 0.507397 0.550704 0.582337 0.660802 0.387254 0.507520 0.550704 0.582337 0.660802 0.387525 0.507720 0.550704 0.582337 0.661779 
0.386811 0.507305 0.550704 0.582337 0.665689 0.386885 0.507305 0.550704 0.582337 0.663734 0.386959 0.507351 0.550704 0.582337 0.660802 0.387131 0.507459 0.550704 0.582337 0.660802 0.387377 0.507613 0.550704 0.582337 0.659824 0.387721 0.507828 0.550704 0.582337 0.661779 
0.386860 0.507305 0.550704 0.582337 0.664712 0.386909 0.507320 0.550704 0.582337 0.661779 0.387057 0.507397 0.550704 0.582337 0.660802 0.387254 0.507520 0.550704 0.582337 0.660802 0.387525 0.507720 0.550704 0.582337 0.661779 0.387943 0.507951 0.526830 0.573562 0.660802 
0.386885 0.507305 0.550704 0.582337 0.663734 0.386959 0.507351 0.550704 0.582337 0.660802 0.387131 0.507459 0.550704 0.582337 0.660802 0.387377 0.507613 0.550704 0.582337 0.659824 0.387721 0.507828 0.550704 0.582337 0.661779 0.388164 0.508074 0.526830 0.573562 0.660802 
0.386909 0.507320 0.550704 0.582337 0.661779 0.387057 0.507397 0.550704 0.582337 0.660802 0.387254 0.507520 0.550704 0.582337 0.660802 0.387525 0.507720 0.550704 0.582337 0.661779 0.387943 0.507951 0.526830 0.573562 0.660802 0.388386 0.508197 0.526830 0.573562 0.661779 
0.386959 0.507351 0.550704 0.582337 0.660802 0.387131 0.507459 0.550704 0.582337 0.660802 0.387377 0.507613 0.550704 0.582337 0.659824 0.387721 0.507828 0.550704 0.582337 0.661779 0.388164 0.508074 0.526830 0.573562 0.660802 0.388632 0.508289 0.526830 0.573562 0.659824 
0.387057 0.507397 0.550704 0.582337 0.660802 0.387254 0.507520 0.550704 0.582337 0.660802 0.387525 0.507720 0.550704 0.582337 0.661779 0.387943 0.507951 0.526830 0.573562 0.660802 0.388386 0.508197 0.526830 0.573562 0.661779 0.388853 0.508412 0.526830 0.573562 0.657869 
0.387131 0.507459 0.550704 0.582337 0.660802 0.387377 0.507613 0.550704 0.582337 0.659824 0.387721 0.507828 0.550704 0.582337 0.661779 0.388164 0.508074 0.526830 0.573562 0.660802 0.388632 0.508289 0.526830 0.573562 0.659824 0.389050 0.508505 0.526830 0.573562 0.655914 
0.387254 0.507520 0.550704 0.582337 0.660802 0.387525 0.507720 0.550704 0.582337 0.661779 0.387943 0.507951 0.526830 0.573562 0.660802 0.388386 0.508197 0.526830 0.573562 0.661779 0.388853 0.508412 0.526830 0.573562 0.657869 0.389272 0.508628 0.526830 0.573562 0.654936 
0.387377 0.507613 0.550704 0.582337 0.659824 0.387721 0.507828 0.550704 0.582337 0.661779 0.388164 0.508074 0.526830 0.573562 0.660802 0.388632 0.508289 0.526830 0.573562 0.659824 0.389050 0.508505 0.526830 0.573562 0.655914 0.389468 0.508751 0.526830 0.573562 0.652981 
0.387525 0.507720 0.550704 0.582337 0.661779 0.387943 0.507951 0.526830 0.573562 0.660802 0.388386 0.508197 0.526830 0.573562 0.661779 0.388853 0.508412 0.526830 0.573562 0.657869 0.389272 0.508628 0.526830 0.573562 0.654936 0.389665 0.508858 0.526830 0.573562 0.651026 
0.387721 0.507828 0.550704 0.582337 0.661779 0.388164 0.508074 0.526830 0.573562 0.660802 0.388632 0.508289 0.526830 0.573562 0.659824 0.389050 0.508505 0.526830 0.573562 0.655914 0.389468 0.508751 0.526830 0.573562 0.652981 0.389838 0.508966 0.526830 0.573562 0.648094 
0.387943 0.507951 0.526830 0.573562 0.660802 0.388386 0.508197 0.526830 0.573562 0.661779 0.388853 0.508412 0.526830 0.573562 0.657869 0.389272 0.508628 0.526830 0.573562 0.654936 0.389665 0.508858 0.526830 0.573562 0.651026 0.390010 0.509074 0.526830 0.573562 0.647116 
0.388164 0.508074 0.526830 0.573562 0.660802 0.388632 0.508289 0.526830 0.573562 0.659824 0.389050 0.508505 0.526830 0.573562 0.655914 0.389468 0.508751 0.526830 0.573562 0.652981 0.389838 0.508966 0.526830 0.573562 0.648094 0.390182 0.509181 0.526830 0.573562 0.644184 
0.388386 0.508197 0.526830 0.573562 0.661779 0.388853 0.508412 0.526830 0.573562 0.657869 0.389272 0.508628 0.526830 0.573562 0.654936 0.389665 0.508858 0.526830 0.573562 0.651026 0.390010 0.509074 0.526830 0.573562 0.647116 0.390404 0.509304 0.526830 0.573562 0.647116 
0.388632 0.508289 0.526830 0.573562 0.659824 0.389050 0.508505 0.526830 0.573562 0.655914 0.389468 0.508751 0.526830 0.573562 0.652981 0.389838 0.508966 0.526830 0.573562 0.648094 0.390182 0.509181 0.526830 0.573562 0.644184 0.390674 0.509473 0.526830 0.573562 0.648094 
0.388853 0.508412 0.526830 0.573562 0.657869 0.389272 0.508628 0.526830 0.573562 0.654936 0.389665 0.508858 0.526830 0.573562 0.651026 0.390010 0.509074 0.526830 0.573562 0.647116 0.390404 0.509304 0.526830 0.573562 0.647116 0.390970 0.509643 0.526830 0.573562 0.650049 
0.389050 0.508505 0.526830 0.573562 0.655914 0.389468 0.508751 0.526830 0.573562 0.652981 0.389838 0.508966 0.526830 0.573562 0.648094 0.390182 0.509181 0.526830 0.573562 0.644184 0.390674 0.509473 0.526830 0.573562 0.648094 0.391265 0.509827 0.526830 0.573562 0.651026 
0.389272 0.508628 0.526830 0.573562 0.654936 0.389665 0.508858 0.526830 0.573562 0.651026 0.390010 0.509074 0.526830 0.573562 0.647116 0.390404 0.509304 0.526830 0.573562 0.647116 0.390970 0.509643 0.526830 0.573562 0.650049 0.391609 0.510042 0.526830 0.573562 0.652981 
0.389468 0.508751 0.526830 0.573562 0.652981 0.389838 0.508966 0.526830 0.573562 0.648094 0.390182 0.509181 0.526830 0.573562 0.644184 0.390674 0.509473 0.526830 0.573562 0.648094 0.391265 0.509827 0.526830 0.573562 0.651026 0.391978 0.510273 0.526830 0.573562 0.653959 
0.389665 0.508858 0.526830 0.573562 0.651026 0.390010 0.509074 0.526830 0.573562 0.647116 0.390404 0.509304 0.526830 0.573562 0.647116 0.390970 0.509643 0.526830 0.573562 0.650049 0.391609 0.510042 0.526830 0.573562 0.652981 0.392372 0.510519 0.526830 0.573562 0.654936 
0.389838 0.508966 0.526830 0.573562 0.648094 0.390182 0.509181 0.526830 0.573562 0.644184 0.390674 0.509473 0.526830 0.573562 0.648094 0.391265 0.509827 0.526830 0.573562 0.651026 0.391978 0.510273 0.526830 0.573562 0.653959 0.392790 0.510765 0.526830 0.573562 0.654936 
0.390010 0.509074 0.526830 0.573562 0.647116 0.390404 0.509304 0.526830 0.573562 0.647116 0.390970 0.509643 0.526830 0.573562 0.650049 0.391609 0.510042 0.526830 0.573562 0.652981 0.392372 0.510519 0.526830 0.573562 0.654936 0.393233 0.511027 0.526830 0.573562 0.654936 
0.390182 0.509181 0.526830 0.573562 0.644184 0.390674 0.509473 0.526830 0.573562 0.648094 0.391265 0.509827 0.526830 0.573562 0.651026 0.391978 0.510273 0.526830 0.573562 0.653959 0.392790 0.510765 0.526830 0.573562 0.654936 0.393676 0.511273 0.526830 0.573562 0.655914 
0.390404 0.509304 0.526830 0.573562 0.647116 0.390970 0.509643 0.526830 0.573562 0.650049 0.391609 0.510042 0.526830 0.573562 0.652981 0.392372 0.510519 0.526830 0.573562 0.654936 0.393233 0.511027 0.526830 0.573562 0.654936 0.394119 0.511519 0.526830 0.573562 0.652981 
0.390674 0.509473 0.526830 0.573562 0.648094 0.391265 0.509827 0.526830 0.573562 0.651026 0.391978 0.510273 0.526830 0.573562 0.653959 0.392790 0.510765 0.526830 0.573562 0.654936 0.393676 0.511273 0.526830 0.573562 0.655914 0.394611 0.511765 0.526830 0.573562 0.651026 
0.390970 0.509643 0.526830 0.573562 0.650049 0.391609 0.510042 0.526830 0.573562 0.652981 0.392372 0.510519 0.526830 0.573562 0.654936 0.393233 0.511027 0.526830 0.573562 0.654936 0.394119 0.511519 0.526830 0.573562 0.652981 0.395103 0.512011 0.526830 0.573562 0.650049 
0.391265 0.509827 0.526830 0.573562 0.651026 0.391978 0.510273 0.526830 0.573562 0.653959 0.392790 0.510765 0.526830 0.573562 0.654936 0.393676 0.511273 0.526830 0.573562 0.655914 0.394611 0.511765 0.526830 0.573562 0.651026 0.395620 0.512257 0.526830 0.573562 0.649071 
0.391609 0.510042 0.526830 0.573562 0.652981 0.392372 0.510519 0.526830 0.573562 0.654936 0.393233 0.511027 0.526830 0.573562 0.654936 0.394119 0.511519 0.526830 0.573562 0.652981 0.395103 0.512011 0.526830 0.573562 0.650049 0.396161 0.512503 0.526830 0.573562 0.648094 
0.391978 0.510273 0.526830 0.573562 0.653959 0.392790 0.510765 0.526830 0.573562 0.654936 0.393676 0.511273 0.526830 0.573562 0.655914 0.394611 0.511765 0.526830 0.573562 0.651026 0.395620 0.512257 0.526830 0.573562 0.649071 0.396678 0.512734 0.526830 0.573562 0.645161 
0.392372 0.510519 0.526830 0.573562 0.654936 0.393233 0.511027 0.526830 0.573562 0.654936 0.394119 0.511519 0.526830 0.573562 0.652981 0.395103 0.512011 0.526830 0.573562 0.650049 0.396161 0.512503 0.526830 0.573562 0.648094 0.397170 0.512918 0.526830 0.573562 0.646139 
0.392790 0.510765 0.526830 0.573562 0.654936 0.393676 0.511273 0.526830 0.573562 0.655914 0.394611 0.511765 0.526830 0.573562 0.651026 0.395620 0.512257 0.526830 0.573562 0.649071 0.396678 0.512734 0.526830 0.573562 0.645161 0.397613 0.513103 0.526830 0.573562 0.645161 
0.393233 0.511027 0.526830 0.573562 0.654936 0.394119 0.511519 0.526830 0.573562 0.652981 0.395103 0.512011 0.526830 0.573562 0.650049 0.396161 0.512503 0.526830 0.573562 0.648094 0.397170 0.512918 0.526830 0.573562 0.646139 0.398105 0.513272 0.526830 0.573562 0.646139 
0.393676 0.511273 0.526830 0.573562 0.655914 0.394611 0.511765 0.526830 0.573562 0.651026 0.395620 0.512257 0.526830 0.573562 0.649071 0.396678 0.512734 0.526830 0.573562 0.645161 0.397613 0.513103 0.526830 0.573562 0.645161 0.398573 0.513426 0.519776 0.550417 0.644184 
0.394119 0.511519 0.526830 0.573562 0.652981 0.395103 0.512011 0.526830 0.573562 0.650049 0.396161 0.512503 0.526830 0.573562 0.648094 0.397170 0.512918 0.526830 0.573562 0.646139 0.398105 0.513272 0.526830 0.573562 0.646139 0.399090 0.513564 0.543251 0.558824 0.642229 
0.394611 0.511765 0.526830 0.573562 0.651026 0.395620 0.512257 0.526830 0.573562 0.649071 0.396678 0.512734 0.526830 0.573562 0.645161 0.397613 0.513103 0.526830 0.573562 0.645161 0.398573 0.513426 0.519776 0.550417 0.644184 0.399557 0.513703 0.543251 0.558824 0.643206 
0.395103 0.512011 0.526830 0.573562 0.650049 0.396161 0.512503 0.526830 0.573562 0.648094 0.397170 0.512918 0.526830 0.573562 0.646139 0.398105 0.513272 0.526830 0.573562 0.646139 0.399090 0.513564 0.543251 0.558824 0.642229 0.400123 0.513841 0.543251 0.558824 0.643206 
0.395620 0.512257 0.526830 0.573562 0.649071 0.396678 0.512734 0.526830 0.573562 0.645161 0.397613 0.513103 0.526830 0.573562 0.645161 0.398573 0.513426 0.519776 0.550417 0.644184 0.399557 0.513703 0.543251 0.558824 0.643206 0.400763 0.513995 0.543251 0.558824 0.644184 
0.396161 0.512503 0.526830 0.573562 0.648094 0.397170 0.512918 0.526830 0.573562 0.646139 0.398105 0.513272 0.526830 0.573562 0.646139 0.399090 0.513564 0.543251 0.558824 0.642229 0.400123 0.513841 0.543251 0.558824 0.643206 0.401452 0.514179 0.543251 0.558824 0.648094 
0.396678 0.512734 0.526830 0.573562 0.645161 0.397613 0.513103 0.526830 0.573562 0.645161 0.398573 0.513426 0.519776 0.550417 0.644184 0.399557 0.513703 0.543251 0.558824 0.643206 0.400763 0.513995 0.543251 0.558824 0.644184 0.402190 0.514364 0.543251 0.558824 0.644184 
0.397170 0.512918 0.526830 0.573562 0.646139 0.398105 0.513272 0.526830 0.573562 0.646139 0.399090 0.513564 0.543251 0.558824 0.642229 0.400123 0.513841 0.543251 0.558824 0.643206 0.401452 0.514179 0.543251 0.558824 0.648094 0.402953 0.514548 0.543251 0.558824 0.648094 
0.397613 0.513103 0.526830 0.573562 0.645161 0.398573 0.513426 0.519776 0.550417 0.644184 0.399557 0.513703 0.543251 0.558824 0.643206 0.400763 0.513995 0.543251 0.558824 0.644184 0.402190 0.514364 0.543251 0.558824 0.644184 0.403740 0.514733 0.543251 0.558824 0.655914 
0.398105 0.513272 0.526830 0.573562 0.646139 0.399090 0.513564 0.543251 0.558824 0.642229 0.400123 0.513841 0.543251 0.558824 0.643206 0.401452 0.514179 0.543251 0.558824 0.648094 0.402953 0.514548 0.543251 0.558824 0.648094 0.404552 0.514933 0.543251 0.558824 0.653959 
0.398573 0.513426 0.519776 0.550417 0.644184 0.399557 0.513703 0.543251 0.558824 0.643206 0.400763 0.513995 0.543251 0.558824 0.644184 0.402190 0.514364 0.543251 0.558824 0.644184 0.403740 0.514733 0.543251 0.558824 0.655914 0.405463 0.515148 0.543251 0.558824 0.649071 
0.399090 0.513564 0.543251 0.558824 0.642229 0.400123 0.513841 0.543251 0.558824 0.643206 0.401452 0.514179 0.543251 0.558824 0.648094 0.402953 0.514548 0.543251 0.558824 0.648094 0.404552 0.514933 0.543251 0.558824 0.653959 0.406373 0.515379 0.543251 0.558824 0.650049 
0.399557 0.513703 0.543251 0.558824 0.643206 0.400763 0.513995 0.543251 0.558824 0.644184 0.402190 0.514364 0.543251 0.558824 0.644184 0.403740 0.514733 0.543251 0.558824 0.655914 0.405463 0.515148 0.543251 0.558824 0.649071 0.407283 0.515610 0.543251 0.558824 0.654936 
0.400123 0.513841 0.543251 0.558824 0.643206 0.401452 0.514179 0.543251 0.558824 0.648094 0.402953 0.514548 0.543251 0.558824 0.648094 0.404552 0.514933 0.543251 0.558824 0.653959 0.406373 0.515379 0.543251 0.558824 0.650049 0.408243 0.515856 0.535503 0.535503 0.658847 
0.400763 0.513995 0.543251 0.558824 0.644184 0.402190 0.514364 0.543251 0.558824 0.644184 0.403740 0.514733 0.543251 0.558824 0.655914 0.405463 0.515148 0.543251 0.558824 0.649071 0.407283 0.515610 0.543251 0.558824 0.654936 0.409227 0.516117 0.535503 0.535503 0.652981 
0.401452 0.514179 0.543251 0.558824 0.648094 0.402953 0.514548 0.543251 0.558824 0.648094 0.404552 0.514933 0.543251 0.558824 0.653959 0.406373 0.515379 0.543251 0.558824 0.650049 0.408243 0.515856 0.535503 0.535503 0.658847 0.410285 0.516379 0.535503 0.535503 0.653959 
0.402190 0.514364 0.543251 0.558824 0.644184 0.403740 0.514733 0.543251 0.558824 0.655914 0.405463 0.515148 0.543251 0.558824 0.649071 0.407283 0.515610 0.543251 0.558824 0.654936 0.409227 0.516117 0.535503 0.535503 0.652981 0.411344 0.516625 0.535503 0.535503 0.655914 
0.402953 0.514548 0.543251 0.558824 0.648094 0.404552 0.514933 0.543251 0.558824 0.653959 0.406373 0.515379 0.543251 0.558824 0.650049 0.408243 0.515856 0.535503 0.535503 0.658847 0.410285 0.516379 0.535503 0.535503 0.653959 0.412402 0.516871 0.535503 0.535503 0.657869 
0.403740 0.514733 0.543251 0.558824 0.655914 0.405463 0.515148 0.543251 0.558824 0.649071 0.407283 0.515610 0.543251 0.558824 0.654936 0.409227 0.516117 0.535503 0.535503 0.652981 0.411344 0.516625 0.535503 0.535503 0.655914 0.413484 0.517132 0.535503 0.535503 0.652004 
0.404552 0.514933 0.543251 0.558824 0.653959 0.406373 0.515379 0.543251 0.558824 0.650049 0.408243 0.515856 0.535503 0.535503 0.658847 0.410285 0.516379 0.535503 0.535503 0.653959 0.412402 0.516871 0.535503 0.535503 0.657869 0.414567 0.517363 0.535503 0.535503 0.653959 
0.405463 0.515148 0.543251 0.558824 0.649071 0.407283 0.515610 0.543251 0.558824 0.654936 0.409227 0.516117 0.535503 0.535503 0.652981 0.411344 0.516625 0.535503 0.535503 0.655914 0.413484 0.517132 0.535503 0.535503 0.652004 0.415650 0.517609 0.535503 0.535503 0.654936 
0.406373 0.515379 0.543251 0.558824 0.650049 0.408243 0.515856 0.535503 0.535503 0.658847 0.410285 0.516379 0.535503 0.535503 0.653959 0.412402 0.516871 0.535503 0.535503 0.657869 0.414567 0.517363 0.535503 0.535503 0.653959 0.416732 0.517824 0.535503 0.535503 0.652981 
0.407283 0.515610 0.543251 0.558824 0.654936 0.409227 0.516117 0.535503 0.535503 0.652981 0.411344 0.516625 0.535503 0.535503 0.655914 0.413484 0.517132 0.535503 0.535503 0.652004 0.415650 0.517609 0.535503 0.535503 0.654936 0.417790 0.518039 0.535503 0.535503 0.653959 
0.408243 0.515856 0.535503 0.535503 0.658847 0.410285 0.516379 0.535503 0.535503 0.653959 0.412402 0.516871 0.535503 0.535503 0.657869 0.414567 0.517363 0.535503 0.535503 0.653959 0.416732 0.517824 0.535503 0.535503 0.652981 0.418848 0.518239 0.535503 0.535503 0.656892 
0.409227 0.516117 0.535503 0.535503 0.652981 0.411344 0.516625 0.535503 0.535503 0.655914 0.413484 0.517132 0.535503 0.535503 0.652004 0.415650 0.517609 0.535503 0.535503 0.654936 0.417790 0.518039 0.535503 0.535503 0.653959 0.419907 0.518455 0.543061 0.527742 0.654936 
0.410285 0.516379 0.535503 0.535503 0.653959 0.412402 0.516871 0.535503 0.535503 0.657869 0.414567 0.517363 0.535503 0.535503 0.653959 0.416732 0.517824 0.535503 0.535503 0.652981 0.418848 0.518239 0.535503 0.535503 0.656892 0.420989 0.518670 0.543061 0.527742 0.650049 
0.411344 0.516625 0.535503 0.535503 0.655914 0.413484 0.517132 0.535503 0.535503 0.652004 0.415650 0.517609 0.535503 0.535503 0.654936 0.417790 0.518039 0.535503 0.535503 0.653959 0.419907 0.518455 0.543061 0.527742 0.654936 0.422072 0.518855 0.543061 0.527742 0.652004 
0.412402 0.516871 0.535503 0.535503 0.657869 0.414567 0.517363 0.535503 0.535503 0.653959 0.416732 0.517824 0.535503 0.535503 0.652981 0.418848 0.518239 0.535503 0.535503 0.656892 0.420989 0.518670 0.543061 0.527742 0.650049 0.423179 0.519055 0.543061 0.527742 0.650049 
0.413484 0.517132 0.535503 0.535503 0.652004 0.415650 0.517609 0.535503 0.535503 0.654936 0.417790 0.518039 0.535503 0.535503 0.653959 0.419907 0.518455 0.543061 0.527742 0.654936 0.422072 0.518855 0.543061 0.527742 0.652004 0.424311 0.519239 0.543061 0.527742 0.651026 
0.414567 0.517363 0.535503 0.535503 0.653959 0.416732 0.517824 0.535503 0.535503 0.652981 0.418848 0.518239 0.535503 0.535503 0.656892 0.420989 0.518670 0.543061 0.527742 0.650049 0.423179 0.519055 0.543061 0.527742 0.650049 0.425394 0.519393 0.543061 0.527742 0.655914 
0.415650 0.517609 0.535503 0.535503 0.654936 0.417790 0.518039 0.535503 0.535503 0.653959 0.419907 0.518455 0.543061 0.527742 0.654936 0.422072 0.518855 0.543061 0.527742 0.652004 0.424311 0.519239 0.543061 0.527742 0.651026 0.426526 0.519562 0.543061 0.527742 0.652981 
0.416732 0.517824 0.535503 0.535503 0.652981 0.418848 0.518239 0.535503 0.535503 0.656892 0.420989 0.518670 0.543061 0.527742 0.650049 0.423179 0.519055 0.543061 0.527742 0.650049 0.425394 0.519393 0.543061 0.527742 0.655914 0.427682 0.519716 0.543061 0.527742 0.650049 
0.417790 0.518039 0.535503 0.535503 0.653959 0.419907 0.518455 0.543061 0.527742 0.654936 0.422072 0.518855 0.543061 0.527742 0.652004 0.424311 0.519239 0.543061 0.527742 0.651026 0.426526 0.519562 0.543061 0.527742 0.652981 0.428814 0.519870 0.543061 0.527742 0.650049 
0.418848 0.518239 0.535503 0.535503 0.656892 0.420989 0.518670 0.543061 0.527742 0.650049 0.423179 0.519055 0.543061 0.527742 0.650049 0.425394 0.519393 0.543061 0.527742 0.655914 0.427682 0.519716 0.543061 0.527742 0.650049 0.429946 0.520008 0.543061 0.527742 0.650049 
0.419907 0.518455 0.543061 0.527742 0.654936 0.422072 0.518855 0.543061 0.527742 0.652004 0.424311 0.519239 0.543061 0.527742 0.651026 0.426526 0.519562 0.543061 0.527742 0.652981 0.428814 0.519870 0.543061 0.527742 0.650049 0.431029 0.520131 0.543061 0.527742 0.655914 
0.420989 0.518670 0.543061 0.527742 0.650049 0.423179 0.519055 0.543061 0.527742 0.650049 0.425394 0.519393 0.543061 0.527742 0.655914 0.427682 0.519716 0.543061 0.527742 0.650049 0.429946 0.520008 0.543061 0.527742 0.650049 0.432111 0.520269 0.543061 0.527742 0.651026 
0.422072 0.518855 0.543061 0.527742 0.652004 0.424311 0.519239 0.543061 0.527742 0.651026 0.426526 0.519562 0.543061 0.527742 0.652981 0.428814 0.519870 0.543061 0.527742 0.650049 0.431029 0.520131 0.543061 0.527742 0.655914 0.433194 0.520392 0.543061 0.527742 0.651026 
0.423179 0.519055 0.543061 0.527742 0.650049 0.425394 0.519393 0.543061 0.527742 0.655914 0.427682 0.519716 0.543061 0.527742 0.650049 0.429946 0.520008 0.543061 0.527742 0.650049 0.432111 0.520269 0.543061 0.527742 0.651026 0.434301 0.520516 0.543061 0.527742 0.654936 
0.424311 0.519239 0.543061 0.527742 0.651026 0.426526 0.519562 0.543061 0.527742 0.652981 0.428814 0.519870 0.543061 0.527742 0.650049 0.431029 0.520131 0.543061 0.527742 0.655914 0.433194 0.520392 0.543061 0.527742 0.651026 0.435384 0.520639 0.543061 0.527742 0.652981 
0.425394 0.519393 0.543061 0.527742 0.655914 0.427682 0.519716 0.543061 0.527742 0.650049 0.429946 0.520008 0.543061 0.527742 0.650049 0.432111 0.520269 0.543061 0.527742 0.651026 0.434301 0.520516 0.543061 0.527742 0.654936 0.436516 0.520731 0.543061 0.527742 0.648094 
0.426526 0.519562 0.543061 0.527742 0.652981 0.428814 0.519870 0.543061 0.527742 0.650049 0.431029 0.520131 0.543061 0.527742 0.655914 0.433194 0.520392 0.543061 0.527742 0.651026 0.435384 0.520639 0.543061 0.527742 0.652981 0.437648 0.520823 0.543061 0.527742 0.649071 
0.427682 0.519716 0.543061 0.527742 0.650049 0.429946 0.520008 0.543061 0.527742 0.650049 0.432111 0.520269 0.543061 0.527742 0.651026 0.434301 0.520516 0.543061 0.527742 0.654936 0.436516 0.520731 0.543061 0.527742 0.648094 0.438804 0.520915 0.543061 0.527742 0.645161 
0.428814 0.519870 0.543061 0.527742 0.650049 0.431029 0.520131 0.543061 0.527742 0.655914 0.433194 0.520392 0.543061 0.527742 0.651026 0.435384 0.520639 0.543061 0.527742 0.652981 0.437648 0.520823 0.543061 0.527742 0.649071 0.439961 0.520962 0.543061 0.527742 0.648094 
0.429946 0.520008 0.543061 0.527742 0.650049 0.432111 0.520269 0.543061 0.527742 0.651026 0.434301 0.520516 0.543061 0.527742 0.654936 0.436516 0.520731 0.543061 0.527742 0.648094 0.438804 0.520915 0.543061 0.527742 0.645161 0.441092 0.520992 0.543061 0.527742 0.647116 
0.431029 0.520131 0.543061 0.527742 0.655914 0.433194 0.520392 0.543061 0.527742 0.651026 0.435384 0.520639 0.543061 0.527742 0.652981 0.437648 0.520823 0.543061 0.527742 0.649071 0.439961 0.520962 0.543061 0.527742 0.648094 0.442274 0.520992 0.543061 0.527742 0.645161 
0.432111 0.520269 0.543061 0.527742 0.651026 0.434301 0.520516 0.543061 0.527742 0.654936 0.436516 0.520731 0.543061 0.527742 0.648094 0.438804 0.520915 0.543061 0.527742 0.645161 0.441092 0.520992 0.543061 0.527742 0.647116 0.443455 0.520992 0.543061 0.527742 0.647116 
0.433194 0.520392 0.543061 0.527742 0.651026 0.435384 0.520639 0.543061 0.527742 0.652981 0.437648 0.520823 0.543061 0.527742 0.649071 0.439961 0.520962 0.543061 0.527742 0.648094 0.442274 0.520992 0.543061 0.527742 0.645161 0.444685 0.520992 0.535503 0.535503 0.642229 
0.434301 0.520516 0.543061 0.527742 0.654936 0.436516 0.520731 0.543061 0.527742 0.648094 0.438804 0.520915 0.543061 0.527742 0.645161 0.441092 0.520992 0.543061 0.527742 0.647116 0.443455 0.520992 0.543061 0.527742 0.647116 0.445915 0.520992 0.535503 0.535503 0.642229 
0.435384 0.520639 0.543061 0.527742 0.652981 0.437648 0.520823 0.543061 0.527742 0.649071 0.439961 0.520962 0.543061 0.527742 0.648094 0.442274 0.520992 0.543061 0.527742 0.645161 0.444685 0.520992 0.535503 0.535503 0.642229 0.447244 0.520992 0.535503 0.535503 0.643206 
0.436516 0.520731 0.543061 0.527742 0.648094 0.438804 0.520915 0.543061 0.527742 0.645161 0.441092 0.520992 0.543061 0.527742 0.647116 0.443455 0.520992 0.543061 0.527742 0.647116 0.445915 0.520992 0.535503 0.535503 0.642229 0.448573 0.520992 0.535503 0.535503 0.642229 
0.437648 0.520823 0.543061 0.527742 0.649071 0.439961 0.520962 0.543061 0.527742 0.648094 0.442274 0.520992 0.543061 0.527742 0.645161 0.444685 0.520992 0.535503 0.535503 0.642229 0.447244 0.520992 0.535503 0.535503 0.643206 0.449951 0.520992 0.535503 0.535503 0.643206 
0.438804 0.520915 0.543061 0.527742 0.645161 0.441092 0.520992 0.543061 0.527742 0.647116 0.443455 0.520992 0.543061 0.527742 0.647116 0.445915 0.520992 0.535503 0.535503 0.642229 0.448573 0.520992 0.535503 0.535503 0.642229 0.451378 0.520992 0.535503 0.535503 0.652981 
0.439961 0.520962 0.543061 0.527742 0.648094 0.442274 0.520992 0.543061 0.527742 0.645161 0.444685 0.520992 0.535503 0.535503 0.642229 0.447244 0.520992 0.535503 0.535503 0.643206 0.449951 0.520992 0.535503 0.535503 0.643206 0.452830 0.520992 0.535503 0.535503 0.652004 
0.441092 0.520992 0.543061 0.527742 0.647116 0.443455 0.520992 0.543061 0.527742 0.647116 0.445915 0.520992 0.535503 0.535503 0.642229 0.448573 0.520992 0.535503 0.535503 0.642229 0.451378 0.520992 0.535503 0.535503 0.652981 0.454355 0.521023 0.535503 0.535503 0.647116 
0.442274 0.520992 0.543061 0.527742 0.645161 0.444685 0.520992 0.535503 0.535503 0.642229 0.447244 0.520992 0.535503 0.535503 0.643206 0.449951 0.520992 0.535503 0.535503 0.643206 0.452830 0.520992 0.535503 0.535503 0.652004 0.455905 0.521085 0.543061 0.527742 0.652981 
0.443455 0.520992 0.543061 0.527742 0.647116 0.445915 0.520992 0.535503 0.535503 0.642229 0.448573 0.520992 0.535503 0.535503 0.642229 0.451378 0.520992 0.535503 0.535503 0.652981 0.454355 0.521023 0.535503 0.535503 0.647116 0.457505 0.521146 0.543061 0.527742 0.653959 
0.444685 0.520992 0.535503 0.535503 0.642229 0.447244 0.520992 0.535503 0.535503 0.643206 0.449951 0.520992 0.535503 0.535503 0.643206 0.452830 0.520992 0.535503 0.535503 0.652004 0.455905 0.521085 0.543061 0.527742 0.652981 0.459104 0.521223 0.543061 0.527742 0.649071 
0.445915 0.520992 0.535503 0.535503 0.642229 0.448573 0.520992 0.535503 0.535503 0.642229 0.451378 0.520992 0.535503 0.535503 0.652981 0.454355 0.521023 0.535503 0.535503 0.647116 0.457505 0.521146 0.543061 0.527742 0.653959 0.460778 0.521315 0.543061 0.527742 0.652004 
0.447244 0.520992 0.535503 0.535503 0.643206 0.449951 0.520992 0.535503 0.535503 0.643206 0.452830 0.520992 0.535503 0.535503 0.652004 0.455905 0.521085 0.543061 0.527742 0.652981 0.459104 0.521223 0.543061 0.527742 0.649071 0.462549 0.521438 0.543061 0.527742 0.655914 
0.448573 0.520992 0.535503 0.535503 0.642229 0.451378 0.520992 0.535503 0.535503 0.652981 0.454355 0.521023 0.535503 0.535503 0.647116 0.457505 0.521146 0.543061 0.527742 0.653959 0.460778 0.521315 0.543061 0.527742 0.652004 0.464345 0.521577 0.543061 0.527742 0.656892 
0.449951 0.520992 0.535503 0.535503 0.643206 0.452830 0.520992 0.535503 0.535503 0.652004 0.455905 0.521085 0.543061 0.527742 0.652981 0.459104 0.521223 0.543061 0.527742 0.649071 0.462549 0.521438 0.543061 0.527742 0.655914 0.466240 0.521715 0.543061 0.527742 0.664712 
0.451378 0.520992 0.535503 0.535503 0.652981 0.454355 0.521023 0.535503 0.535503 0.647116 0.457505 0.521146 0.543061 0.527742 0.653959 0.460778 0.521315 0.543061 0.527742 0.652004 0.464345 0.521577 0.543061 0.527742 0.656892 0.468135 0.521853 0.534693 0.504585 0.655914 
0.452830 0.520992 0.535503 0.535503 0.652004 0.455905 0.521085 0.543061 0.527742 0.652981 0.459104 0.521223 0.543061 0.527742 0.649071 0.462549 0.521438 0.543061 0.527742 0.655914 0.466240 0.521715 0.543061 0.527742 0.664712 0.470030 0.521992 0.534693 0.504585 0.658847 
0.454355 0.521023 0.535503 0.535503 0.647116 0.457505 0.521146 0.543061 0.527742 0.653959 0.460778 0.521315 0.543061 0.527742 0.652004 0.464345 0.521577 0.543061 0.527742 0.656892 0.468135 0.521853 0.534693 0.504585 0.655914 0.471875 0.522115 0.534693 0.504585 0.659824 
0.455905 0.521085 0.543061 0.527742 0.652981 0.459104 0.521223 0.543061 0.527742 0.649071 0.462549 0.521438 0.543061 0.527742 0.655914 0.466240 0.521715 0.543061 0.527742 0.664712 0.470030 0.521992 0.534693 0.504585 0.658847 0.473696 0.522207 0.534693 0.504585 0.658847 
0.457505 0.521146 0.543061 0.527742 0.653959 0.460778 0.521315 0.543061 0.527742 0.652004 0.464345 0.521577 0.543061 0.527742 0.656892 0.468135 0.521853 0.534693 0.504585 0.655914 0.471875 0.522115 0.534693 0.504585 0.659824 0.475492 0.522284 0.534693 0.504585 0.666667 
0.459104 0.521223 0.543061 0.527742 0.649071 0.462549 0.521438 0.543061 0.527742 0.655914 0.466240 0.521715 0.543061 0.527742 0.664712 0.470030 0.521992 0.534693 0.504585 0.658847 0.473696 0.522207 0.534693 0.504585 0.658847 0.477288 0.522330 0.534693 0.504585 0.657869 
0.460778 0.521315 0.543061 0.527742 0.652004 0.464345 0.521577 0.543061 0.527742 0.656892 0.468135 0.521853 0.534693 0.504585 0.655914 0.471875 0.522115 0.534693 0.504585 0.659824 0.475492 0.522284 0.534693 0.504585 0.666667 0.479035 0.522330 0.534693 0.504585 0.653959 
0.462549 0.521438 0.543061 0.527742 0.655914 0.466240 0.521715 0.543061 0.527742 0.664712 0.470030 0.521992 0.534693 0.504585 0.658847 0.473696 0.522207 0.534693 0.504585 0.658847 0.477288 0.522330 0.534693 0.504585 0.657869 0.480758 0.522330 0.534693 0.504585 0.659824 
0.464345 0.521577 0.543061 0.527742 0.656892 0.468135 0.521853 0.534693 0.504585 0.655914 0.471875 0.522115 0.534693 0.504585 0.659824 0.475492 0.522284 0.534693 0.504585 0.666667 0.479035 0.522330 0.534693 0.504585 0.653959 0.482456 0.522330 0.534693 0.504585 0.655914 
0.466240 0.521715 0.543061 0.527742 0.664712 0.470030 0.521992 0.534693 0.504585 0.658847 0.473696 0.522207 0.534693 0.504585 0.658847 0.477288 0.522330 0.534693 0.504585 0.657869 0.480758 0.522330 0.534693 0.504585 0.659824 0.484203 0.522330 0.534693 0.504585 0.654936 
0.468135 0.521853 0.534693 0.504585 0.655914 0.471875 0.522115 0.534693 0.504585 0.659824 0.475492 0.522284 0.534693 0.504585 0.666667 0.479035 0.522330 0.534693 0.504585 0.653959 0.482456 0.522330 0.534693 0.504585 0.655914 0.485974 0.522330 0.534693 0.504585 0.657869 
0.470030 0.521992 0.534693 0.504585 0.658847 0.473696 0.522207 0.534693 0.504585 0.658847 0.477288 0.522330 0.534693 0.504585 0.657869 0.480758 0.522330 0.534693 0.504585 0.659824 0.484203 0.522330 0.534693 0.504585 0.654936 0.487771 0.522330 0.534693 0.504585 0.656892 
0.471875 0.522115 0.534693 0.504585 0.659824 0.475492 0.522284 0.534693 0.504585 0.666667 0.479035 0.522330 0.534693 0.504585 0.653959 0.482456 0.522330 0.534693 0.504585 0.655914 0.485974 0.522330 0.534693 0.504585 0.657869 0.489542 0.522330 0.534693 0.504585 0.652981 
0.473696 0.522207 0.534693 0.504585 0.658847 0.477288 0.522330 0.534693 0.504585 0.657869 0.480758 0.522330 0.534693 0.504585 0.659824 0.484203 0.522330 0.534693 0.504585 0.654936 0.487771 0.522330 0.534693 0.504585 0.656892 0.491289 0.522330 0.527460 0.512407 0.660802 
0.475492 0.522284 0.534693 0.504585 0.666667 0.479035 0.522330 0.534693 0.504585 0.653959 0.482456 0.522330 0.534693 0.504585 0.655914 0.485974 0.522330 0.534693 0.504585 0.657869 0.489542 0.522330 0.534693 0.504585 0.652981 0.493086 0.522330 0.527460 0.512407 0.655914 
0.477288 0.522330 0.534693 0.504585 0.657869 0.480758 0.522330 0.534693 0.504585 0.659824 0.484203 0.522330 0.534693 0.504585 0.654936 0.487771 0.522330 0.534693 0.504585 0.656892 0.491289 0.522330 0.527460 0.512407 0.660802 0.494833 0.522330 0.527460 0.512407 0.650049 
0.479035 0.522330 0.534693 0.504585 0.653959 0.482456 0.522330 0.534693 0.504585 0.655914 0.485974 0.522330 0.534693 0.504585 0.657869 0.489542 0.522330 0.534693 0.504585 0.652981 0.493086 0.522330 0.527460 0.512407 0.655914 0.496604 0.522330 0.527460 0.512407 0.651026 
0.480758 0.522330 0.534693 0.504585 0.659824 0.484203 0.522330 0.534693 0.504585 0.654936 0.487771 0.522330 0.534693 0.504585 0.656892 0.491289 0.522330 0.527460 0.512407 0.660802 0.494833 0.522330 0.527460 0.512407 0.650049 0.498302 0.522392 0.527460 0.512407 0.651026 
0.482456 0.522330 0.534693 0.504585 0.655914 0.485974 0.522330 0.534693 0.504585 0.657869 0.489542 0.522330 0.534693 0.504585 0.652981 0.493086 0.522330 0.527460 0.512407 0.655914 0.496604 0.522330 0.527460 0.512407 0.651026 0.500000 0.522438 0.527460 0.512407 0.651026 
0.422023 0.493064 0.300119 0.475606 0.876833 0.420226 0.494279 0.316268 0.466782 0.889541 0.418258 0.495555 0.316268 0.466782 0.876833 0.416068 0.496863 0.316268 0.466782 0.886608 0.413706 0.498155 0.316268 0.466782 0.869013 0.411344 0.499385 0.311363 0.491734 0.869990 
0.421161 0.493679 0.316268 0.466782 0.891496 0.419291 0.494910 0.316268 0.466782 0.878788 0.417175 0.496201 0.316268 0.466782 0.881720 0.414911 0.497509 0.316268 0.466782 0.884653 0.412525 0.498770 0.311363 0.491734 0.868035 0.410187 0.499985 0.311363 0.491734 0.868035 
0.420226 0.494279 0.316268 0.466782 0.889541 0.418258 0.495555 0.316268 0.466782 0.876833 0.416068 0.496863 0.316268 0.466782 0.886608 0.413706 0.498155 0.316268 0.466782 0.869013 0.411344 0.499385 0.311363 0.491734 0.869990 0.409104 0.500554 0.311363 0.491734 0.869990 
0.419291 0.494910 0.316268 0.466782 0.878788 0.417175 0.496201 0.316268 0.466782 0.881720 0.414911 0.497509 0.316268 0.466782 0.884653 0.412525 0.498770 0.311363 0.491734 0.868035 0.410187 0.499985 0.311363 0.491734 0.868035 0.408095 0.501107 0.311363 0.491734 0.871945 
0.418258 0.495555 0.316268 0.466782 0.876833 0.416068 0.496863 0.316268 0.466782 0.886608 0.413706 0.498155 0.316268 0.466782 0.869013 0.411344 0.499385 0.311363 0.491734 0.869990 0.409104 0.500554 0.311363 0.491734 0.869990 0.407160 0.501661 0.311363 0.491734 0.874878 
0.417175 0.496201 0.316268 0.466782 0.881720 0.414911 0.497509 0.316268 0.466782 0.884653 0.412525 0.498770 0.311363 0.491734 0.868035 0.410187 0.499985 0.311363 0.491734 0.868035 0.408095 0.501107 0.311363 0.491734 0.871945 0.406275 0.502215 0.331439 0.503403 0.875855 
0.416068 0.496863 0.316268 0.466782 0.886608 0.413706 0.498155 0.316268 0.466782 0.869013 0.411344 0.499385 0.311363 0.491734 0.869990 0.409104 0.500554 0.311363 0.491734 0.869990 0.407160 0.501661 0.311363 0.491734 0.874878 0.405487 0.502737 0.331439 0.503403 0.865103 
0.414911 0.497509 0.316268 0.466782 0.884653 0.412525 0.498770 0.311363 0.491734 0.868035 0.410187 0.499985 0.311363 0.491734 0.868035 0.408095 0.501107 0.311363 0.491734 0.871945 0.406275 0.502215 0.331439 0.503403 0.875855 0.404724 0.503276 0.331439 0.503403 0.867058 
0.413706 0.498155 0.316268 0.466782 0.869013 0.411344 0.499385 0.311363 0.491734 0.869990 0.409104 0.500554 0.311363 0.491734 0.869990 0.407160 0.501661 0.311363 0.491734 0.874878 0.405487 0.502737 0.331439 0.503403 0.865103 0.403986 0.503860 0.331439 0.503403 0.866080 
0.412525 0.498770 0.311363 0.491734 0.868035 0.410187 0.499985 0.311363 0.491734 0.868035 0.408095 0.501107 0.311363 0.491734 0.871945 0.406275 0.502215 0.331439 0.503403 0.875855 0.404724 0.503276 0.331439 0.503403 0.867058 0.403248 0.504445 0.331439 0.503403 0.860215 
0.411344 0.499385 0.311363 0.491734 0.869990 0.409104 0.500554 0.311363 0.491734 0.869990 0.407160 0.501661 0.311363 0.491734 0.874878 0.405487 0.502737 0.331439 0.503403 0.865103 0.403986 0.503860 0.331439 0.503403 0.866080 0.402559 0.505029 0.352059 0.514810 0.860215 
0.410187 0.499985 0.311363 0.491734 0.868035 0.408095 0.501107 0.311363 0.491734 0.871945 0.406275 0.502215 0.331439 0.503403 0.875855 0.404724 0.503276 0.331439 0.503403 0.867058 0.403248 0.504445 0.331439 0.503403 0.860215 0.401870 0.505567 0.343283 0.519589 0.857283 
0.409104 0.500554 0.311363 0.491734 0.869990 0.407160 0.501661 0.311363 0.491734 0.874878 0.405487 0.502737 0.331439 0.503403 0.865103 0.403986 0.503860 0.331439 0.503403 0.866080 0.402559 0.505029 0.352059 0.514810 0.860215 0.401230 0.506105 0.343283 0.519589 0.851417 
0.408095 0.501107 0.311363 0.491734 0.871945 0.406275 0.502215 0.331439 0.503403 0.875855 0.404724 0.503276 0.331439 0.503403 0.867058 0.403248 0.504445 0.331439 0.503403 0.860215 0.401870 0.505567 0.343283 0.519589 0.857283 0.400566 0.506659 0.343283 0.519589 0.849462 
0.407160 0.501661 0.311363 0.491734 0.874878 0.405487 0.502737 0.331439 0.503403 0.865103 0.403986 0.503860 0.331439 0.503403 0.866080 0.402559 0.505029 0.352059 0.514810 0.860215 0.401230 0.506105 0.343283 0.519589 0.851417 0.399902 0.507243 0.343283 0.519589 0.852395 
0.406275 0.502215 0.331439 0.503403 0.875855 0.404724 0.503276 0.331439 0.503403 0.867058 0.403248 0.504445 0.331439 0.503403 0.860215 0.401870 0.505567 0.343283 0.519589 0.857283 0.400566 0.506659 0.343283 0.519589 0.849462 0.399237 0.507828 0.343283 0.519589 0.856305 
0.405487 0.502737 0.331439 0.503403 0.865103 0.403986 0.503860 0.331439 0.503403 0.866080 0.402559 0.505029 0.352059 0.514810 0.860215 0.401230 0.506105 0.343283 0.519589 0.851417 0.399902 0.507243 0.343283 0.519589 0.852395 0.398548 0.508412 0.373202 0.525957 0.854350 
0.404724 0.503276 0.331439 0.503403 0.867058 0.403248 0.504445 0.331439 0.503403 0.860215 0.401870 0.505567 0.343283 0.519589 0.857283 0.400566 0.506659 0.343283 0.519589 0.849462 0.399237 0.507828 0.343283 0.519589 0.856305 0.397859 0.509012 0.373202 0.525957 0.859238 
0.403986 0.503860 0.331439 0.503403 0.866080 0.402559 0.505029 0.352059 0.514810 0.860215 0.401230 0.506105 0.343283 0.519589 0.851417 0.399902 0.507243 0.343283 0.519589 0.852395 0.398548 0.508412 0.373202 0.525957 0.854350 0.397121 0.509658 0.364335 0.530987 0.848485 
0.403248 0.504445 0.331439 0.503403 0.860215 0.401870 0.505567 0.343283 0.519589 0.857283 0.400566 0.506659 0.343283 0.519589 0.849462 0.399237 0.507828 0.343283 0.519589 0.856305 0.397859 0.509012 0.373202 0.525957 0.859238 0.396432 0.510288 0.364335 0.530987 0.846530 
0.402559 0.505029 0.352059 0.514810 0.860215 0.401230 0.506105 0.343283 0.519589 0.851417 0.399902 0.507243 0.343283 0.519589 0.852395 0.398548 0.508412 0.373202 0.525957 0.854350 0.397121 0.509658 0.364335 0.530987 0.848485 0.395768 0.510904 0.364335 0.530987 0.854350 
0.401870 0.505567 0.343283 0.519589 0.857283 0.400566 0.506659 0.343283 0.519589 0.849462 0.399237 0.507828 0.343283 0.519589 0.856305 0.397859 0.509012 0.373202 0.525957 0.859238 0.396432 0.510288 0.364335 0.530987 0.846530 0.395153 0.511457 0.364335 0.530987 0.846530 
0.401230 0.506105 0.343283 0.519589 0.851417 0.399902 0.507243 0.343283 0.519589 0.852395 0.398548 0.508412 0.373202 0.525957 0.854350 0.397121 0.509658 0.364335 0.530987 0.848485 0.395768 0.510904 0.364335 0.530987 0.854350 0.394611 0.511965 0.385906 0.542132 0.826979 
0.400566 0.506659 0.343283 0.519589 0.849462 0.399237 0.507828 0.343283 0.519589 0.856305 0.397859 0.509012 0.373202 0.525957 0.859238 0.396432 0.510288 0.364335 0.530987 0.846530 0.395153 0.511457 0.364335 0.530987 0.846530 0.394119 0.512411 0.385906 0.542132 0.840665 
0.399902 0.507243 0.343283 0.519589 0.852395 0.398548 0.508412 0.373202 0.525957 0.854350 0.397121 0.509658 0.364335 0.530987 0.848485 0.395768 0.510904 0.364335 0.530987 0.854350 0.394611 0.511965 0.385906 0.542132 0.826979 0.393676 0.512795 0.385906 0.542132 0.850440 
0.399237 0.507828 0.343283 0.519589 0.856305 0.397859 0.509012 0.373202 0.525957 0.859238 0.396432 0.510288 0.364335 0.530987 0.846530 0.395153 0.511457 0.364335 0.530987 0.846530 0.394119 0.512411 0.385906 0.542132 0.840665 0.393332 0.513103 0.385906 0.542132 0.851417 
0.398548 0.508412 0.373202 0.525957 0.854350 0.397121 0.509658 0.364335 0.530987 0.848485 0.395768 0.510904 0.364335 0.530987 0.854350 0.394611 0.511965 0.385906 0.542132 0.826979 0.393676 0.512795 0.385906 0.542132 0.850440 0.393061 0.513303 0.385906 0.542132 0.846530 
0.397859 0.509012 0.373202 0.525957 0.859238 0.396432 0.510288 0.364335 0.530987 0.846530 0.395153 0.511457 0.364335 0.530987 0.846530 0.394119 0.512411 0.385906 0.542132 0.840665 0.393332 0.513103 0.385906 0.542132 0.851417 0.392815 0.513487 0.385906 0.542132 0.845552 
0.397121 0.509658 0.364335 0.530987 0.848485 0.395768 0.510904 0.364335 0.530987 0.854350 0.394611 0.511965 0.385906 0.542132 0.826979 0.393676 0.512795 0.385906 0.542132 0.850440 0.393061 0.513303 0.385906 0.542132 0.846530 0.392593 0.513656 0.394843 0.536845 0.850440 
0.396432 0.510288 0.364335 0.530987 0.846530 0.395153 0.511457 0.364335 0.530987 0.846530 0.394119 0.512411 0.385906 0.542132 0.840665 0.393332 0.513103 0.385906 0.542132 0.851417 0.392815 0.513487 0.385906 0.542132 0.845552 0.392347 0.513826 0.394843 0.536845 0.853372 
0.395768 0.510904 0.364335 0.530987 0.854350 0.394611 0.511965 0.385906 0.542132 0.826979 0.393676 0.512795 0.385906 0.542132 0.850440 0.393061 0.513303 0.385906 0.542132 0.846530 0.392593 0.513656 0.394843 0.536845 0.850440 0.392126 0.513949 0.394843 0.536845 0.848485 
0.395153 0.511457 0.364335 0.530987 0.846530 0.394119 0.512411 0.385906 0.542132 0.840665 0.393332 0.513103 0.385906 0.542132 0.851417 0.392815 0.513487 0.385906 0.542132 0.845552 0.392347 0.513826 0.394843 0.536845 0.853372 0.391954 0.514072 0.394843 0.536845 0.844575 
0.394611 0.511965 0.385906 0.542132 0.826979 0.393676 0.512795 0.385906 0.542132 0.850440 0.393061 0.513303 0.385906 0.542132 0.846530 0.392593 0.513656 0.394843 0.536845 0.850440 0.392126 0.513949 0.394843 0.536845 0.848485 0.391782 0.514164 0.398802 0.558401 0.837732 
0.394119 0.512411 0.385906 0.542132 0.840665 0.393332 0.513103 0.385906 0.542132 0.851417 0.392815 0.513487 0.385906 0.542132 0.845552 0.392347 0.513826 0.394843 0.536845 0.853372 0.391954 0.514072 0.394843 0.536845 0.844575 0.391634 0.514272 0.398802 0.558401 0.835777 
0.393676 0.512795 0.385906 0.542132 0.850440 0.393061 0.513303 0.385906 0.542132 0.846530 0.392593 0.513656 0.394843 0.536845 0.850440 0.392126 0.513949 0.394843 0.536845 0.848485 0.391782 0.514164 0.398802 0.558401 0.837732 0.391511 0.514349 0.398802 0.558401 0.840665 
0.393332 0.513103 0.385906 0.542132 0.851417 0.392815 0.513487 0.385906 0.542132 0.845552 0.392347 0.513826 0.394843 0.536845 0.853372 0.391954 0.514072 0.394843 0.536845 0.844575 0.391634 0.514272 0.398802 0.558401 0.835777 0.391412 0.514425 0.407971 0.553025 0.839687 
0.393061 0.513303 0.385906 0.542132 0.846530 0.392593 0.513656 0.394843 0.536845 0.850440 0.392126 0.513949 0.394843 0.536845 0.848485 0.391782 0.514164 0.398802 0.558401 0.837732 0.391511 0.514349 0.398802 0.558401 0.840665 0.391314 0.514487 0.407971 0.553025 0.840665 
0.392815 0.513487 0.385906 0.542132 0.845552 0.392347 0.513826 0.394843 0.536845 0.853372 0.391954 0.514072 0.394843 0.536845 0.844575 0.391634 0.514272 0.398802 0.558401 0.835777 0.391412 0.514425 0.407971 0.553025 0.839687 0.391265 0.514518 0.407971 0.553025 0.842620 
0.392593 0.513656 0.394843 0.536845 0.850440 0.392126 0.513949 0.394843 0.536845 0.848485 0.391782 0.514164 0.398802 0.558401 0.837732 0.391511 0.514349 0.398802 0.558401 0.840665 0.391314 0.514487 0.407971 0.553025 0.840665 0.391216 0.514564 0.407971 0.553025 0.842620 
0.392347 0.513826 0.394843 0.536845 0.853372 0.391954 0.514072 0.394843 0.536845 0.844575 0.391634 0.514272 0.398802 0.558401 0.835777 0.391412 0.514425 0.407971 0.553025 0.839687 0.391265 0.514518 0.407971 0.553025 0.842620 0.391166 0.514595 0.407971 0.553025 0.840665 
0.392126 0.513949 0.394843 0.536845 0.848485 0.391782 0.514164 0.398802 0.558401 0.837732 0.391511 0.514349 0.398802 0.558401 0.840665 0.391314 0.514487 0.407971 0.553025 0.840665 0.391216 0.514564 0.407971 0.553025 0.842620 0.391117 0.514625 0.407971 0.553025 0.843597 
0.391954 0.514072 0.394843 0.536845 0.844575 0.391634 0.514272 0.398802 0.558401 0.835777 0.391412 0.514425 0.407971 0.553025 0.839687 0.391265 0.514518 0.407971 0.553025 0.842620 0.391166 0.514595 0.407971 0.553025 0.840665 0.391043 0.514687 0.407971 0.553025 0.843597 
0.391782 0.514164 0.398802 0.558401 0.837732 0.391511 0.514349 0.398802 0.558401 0.840665 0.391314 0.514487 0.407971 0.553025 0.840665 0.391216 0.514564 0.407971 0.553025 0.842620 0.391117 0.514625 0.407971 0.553025 0.843597 0.390920 0.514764 0.407971 0.553025 0.845552 
0.391634 0.514272 0.398802 0.558401 0.835777 0.391412 0.514425 0.407971 0.553025 0.839687 0.391265 0.514518 0.407971 0.553025 0.842620 0.391166 0.514595 0.407971 0.553025 0.840665 0.391043 0.514687 0.407971 0.553025 0.843597 0.390773 0.514841 0.407971 0.553025 0.848485 
0.391511 0.514349 0.398802 0.558401 0.840665 0.391314 0.514487 0.407971 0.553025 0.840665 0.391216 0.514564 0.407971 0.553025 0.842620 0.391117 0.514625 0.407971 0.553025 0.843597 0.390920 0.514764 0.407971 0.553025 0.845552 0.390576 0.514948 0.407971 0.553025 0.848485 
0.391412 0.514425 0.407971 0.553025 0.839687 0.391265 0.514518 0.407971 0.553025 0.842620 0.391166 0.514595 0.407971 0.553025 0.840665 0.391043 0.514687 0.407971 0.553025 0.843597 0.390773 0.514841 0.407971 0.553025 0.848485 0.390305 0.515087 0.407971 0.553025 0.848485 
0.391314 0.514487 0.407971 0.553025 0.840665 0.391216 0.514564 0.407971 0.553025 0.842620 0.391117 0.514625 0.407971 0.553025 0.843597 0.390920 0.514764 0.407971 0.553025 0.845552 0.390576 0.514948 0.407971 0.553025 0.848485 0.390010 0.515241 0.407971 0.553025 0.848485 
0.391265 0.514518 0.407971 0.553025 0.842620 0.391166 0.514595 0.407971 0.553025 0.840665 0.391043 0.514687 0.407971 0.553025 0.843597 0.390773 0.514841 0.407971 0.553025 0.848485 0.390305 0.515087 0.407971 0.553025 0.848485 0.389690 0.515410 0.407971 0.553025 0.848485 
0.391216 0.514564 0.407971 0.553025 0.842620 0.391117 0.514625 0.407971 0.553025 0.843597 0.390920 0.514764 0.407971 0.553025 0.845552 0.390576 0.514948 0.407971 0.553025 0.848485 0.390010 0.515241 0.407971 0.553025 0.848485 0.389296 0.515610 0.407971 0.553025 0.844575 
0.391166 0.514595 0.407971 0.553025 0.840665 0.391043 0.514687 0.407971 0.553025 0.843597 0.390773 0.514841 0.407971 0.553025 0.848485 0.390305 0.515087 0.407971 0.553025 0.848485 0.389690 0.515410 0.407971 0.553025 0.848485 0.388927 0.515779 0.407971 0.553025 0.839687 
0.391117 0.514625 0.407971 0.553025 0.843597 0.390920 0.514764 0.407971 0.553025 0.845552 0.390576 0.514948 0.407971 0.553025 0.848485 0.390010 0.515241 0.407971 0.553025 0.848485 0.389296 0.515610 0.407971 0.553025 0.844575 0.388583 0.515948 0.407971 0.553025 0.838710 
0.391043 0.514687 0.407971 0.553025 0.843597 0.390773 0.514841 0.407971 0.553025 0.848485 0.390305 0.515087 0.407971 0.553025 0.848485 0.389690 0.515410 0.407971 0.553025 0.848485 0.388927 0.515779 0.407971 0.553025 0.839687 0.388238 0.516086 0.407971 0.553025 0.838710 
0.390920 0.514764 0.407971 0.553025 0.845552 0.390576 0.514948 0.407971 0.553025 0.848485 0.390010 0.515241 0.407971 0.553025 0.848485 0.389296 0.515610 0.407971 0.553025 0.844575 0.388583 0.515948 0.407971 0.553025 0.838710 0.387968 0.516194 0.407971 0.553025 0.835777 
0.390773 0.514841 0.407971 0.553025 0.848485 0.390305 0.515087 0.407971 0.553025 0.848485 0.389690 0.515410 0.407971 0.553025 0.848485 0.388927 0.515779 0.407971 0.553025 0.839687 0.388238 0.516086 0.407971 0.553025 0.838710 0.387721 0.516302 0.407971 0.553025 0.838710 
0.390576 0.514948 0.407971 0.553025 0.848485 0.390010 0.515241 0.407971 0.553025 0.848485 0.389296 0.515610 0.407971 0.553025 0.844575 0.388583 0.515948 0.407971 0.553025 0.838710 0.387968 0.516194 0.407971 0.553025 0.835777 0.387525 0.516363 0.407971 0.553025 0.837732 
0.390305 0.515087 0.407971 0.553025 0.848485 0.389690 0.515410 0.407971 0.553025 0.848485 0.388927 0.515779 0.407971 0.553025 0.839687 0.388238 0.516086 0.407971 0.553025 0.838710 0.387721 0.516302 0.407971 0.553025 0.838710 0.387402 0.516394 0.407971 0.553025 0.837732 
0.390010 0.515241 0.407971 0.553025 0.848485 0.389296 0.515610 0.407971 0.553025 0.844575 0.388583 0.515948 0.407971 0.553025 0.838710 0.387968 0.516194 0.407971 0.553025 0.835777 0.387525 0.516363 0.407971 0.553025 0.837732 0.387328 0.516409 0.407971 0.553025 0.835777 
0.389690 0.515410 0.407971 0.553025 0.848485 0.388927 0.515779 0.407971 0.553025 0.839687 0.388238 0.516086 0.407971 0.553025 0.838710 0.387721 0.516302 0.407971 0.553025 0.838710 0.387402 0.516394 0.407971 0.553025 0.837732 0.387254 0.516425 0.439516 0.557853 0.831867 
0.389296 0.515610 0.407971 0.553025 0.844575 0.388583 0.515948 0.407971 0.553025 0.838710 0.387968 0.516194 0.407971 0.553025 0.835777 0.387525 0.516363 0.407971 0.553025 0.837732 0.387328 0.516409 0.407971 0.553025 0.835777 0.387205 0.516425 0.439516 0.557853 0.826002 
0.388927 0.515779 0.407971 0.553025 0.839687 0.388238 0.516086 0.407971 0.553025 0.838710 0.387721 0.516302 0.407971 0.553025 0.838710 0.387402 0.516394 0.407971 0.553025 0.837732 0.387254 0.516425 0.439516 0.557853 0.831867 0.387180 0.516440 0.439516 0.557853 0.820137 
0.388583 0.515948 0.407971 0.553025 0.838710 0.387968 0.516194 0.407971 0.553025 0.835777 0.387525 0.516363 0.407971 0.553025 0.837732 0.387328 0.516409 0.407971 0.553025 0.835777 0.387205 0.516425 0.439516 0.557853 0.826002 0.387180 0.516455 0.439516 0.557853 0.817204 
0.388238 0.516086 0.407971 0.553025 0.838710 0.387721 0.516302 0.407971 0.553025 0.838710 0.387402 0.516394 0.407971 0.553025 0.837732 0.387254 0.516425 0.439516 0.557853 0.831867 0.387180 0.516440 0.439516 0.557853 0.820137 0.387156 0.516455 0.439516 0.557853 0.813294 
0.387968 0.516194 0.407971 0.553025 0.835777 0.387525 0.516363 0.407971 0.553025 0.837732 0.387328 0.516409 0.407971 0.553025 0.835777 0.387205 0.516425 0.439516 0.557853 0.826002 0.387180 0.516455 0.439516 0.557853 0.817204 0.387131 0.516471 0.439516 0.557853 0.808407 
0.387721 0.516302 0.407971 0.553025 0.838710 0.387402 0.516394 0.407971 0.553025 0.837732 0.387254 0.516425 0.439516 0.557853 0.831867 0.387180 0.516440 0.439516 0.557853 0.820137 0.387156 0.516455 0.439516 0.557853 0.813294 0.387106 0.516486 0.439516 0.557853 0.807429 
0.387525 0.516363 0.407971 0.553025 0.837732 0.387328 0.516409 0.407971 0.553025 0.835777 0.387205 0.516425 0.439516 0.557853 0.826002 0.387180 0.516455 0.439516 0.557853 0.817204 0.387131 0.516471 0.439516 0.557853 0.808407 0.387082 0.516486 0.439516 0.557853 0.802542 
0.387402 0.516394 0.407971 0.553025 0.837732 0.387254 0.516425 0.439516 0.557853 0.831867 0.387180 0.516440 0.439516 0.557853 0.820137 0.387156 0.516455 0.439516 0.557853 0.813294 0.387106 0.516486 0.439516 0.557853 0.807429 0.387057 0.516486 0.444247 0.579972 0.790811 
0.387328 0.516409 0.407971 0.553025 0.835777 0.387205 0.516425 0.439516 0.557853 0.826002 0.387180 0.516455 0.439516 0.557853 0.817204 0.387131 0.516471 0.439516 0.557853 0.808407 0.387082 0.516486 0.439516 0.557853 0.802542 0.387057 0.516502 0.444247 0.579972 0.778104 
0.387254 0.516425 0.439516 0.557853 0.831867 0.387180 0.516440 0.439516 0.557853 0.820137 0.387156 0.516455 0.439516 0.557853 0.813294 0.387106 0.516486 0.439516 0.557853 0.807429 0.387057 0.516486 0.444247 0.579972 0.790811 0.387082 0.516502 0.411898 0.574767 0.528837 
0.387205 0.516425 0.439516 0.557853 0.826002 0.387180 0.516455 0.439516 0.557853 0.817204 0.387131 0.516471 0.439516 0.557853 0.808407 0.387082 0.516486 0.439516 0.557853 0.802542 0.387057 0.516502 0.444247 0.579972 0.778104 0.387451 0.516502 0.411898 0.574767 0.421310 
0.387180 0.516440 0.439516 0.557853 0.820137 0.387156 0.516455 0.439516 0.557853 0.813294 0.387106 0.516486 0.439516 0.557853 0.807429 0.387057 0.516486 0.444247 0.579972 0.790811 0.387082 0.516502 0.411898 0.574767 0.528837 0.387968 0.516502 0.411898 0.574767 0.276637 
0.387180 0.516455 0.439516 0.557853 0.817204 0.387131 0.516471 0.439516 0.557853 0.808407 0.387082 0.516486 0.439516 0.557853 0.802542 0.387057 0.516502 0.444247 0.579972 0.778104 0.387451 0.516502 0.411898 0.574767 0.421310 0.388558 0.516502 0.411898 0.574767 0.109482 
0.387156 0.516455 0.439516 0.557853 0.813294 0.387106 0.516486 0.439516 0.557853 0.807429 0.387057 0.516486 0.444247 0.579972 0.790811 0.387082 0.516502 0.411898 0.574767 0.528837 0.387968 0.516502 0.411898 0.574767 0.276637 0.389985 0.516502 0.405355 0.601768 0.000000 
0.387131 0.516471 0.439516 0.557853 0.808407 0.387082 0.516486 0.439516 0.557853 0.802542 0.387057 0.516502 0.444247 0.579972 0.778104 0.387451 0.516502 0.411898 0.574767 0.421310 0.388558 0.516502 0.411898 0.574767 0.109482 0.390896 0.516532 0.405355 0.601768 0.000000 
0.387106 0.516486 0.439516 0.557853 0.807429 0.387057 0.516486 0.444247 0.579972 0.790811 0.387082 0.516502 0.411898 0.574767 0.528837 0.387968 0.516502 0.411898 0.574767 0.276637 0.389985 0.516502 0.405355 0.601768 0.000000 0.391905 0.516763 0.395134 0.606769 0.000000 
0.387082 0.516486 0.439516 0.557853 0.802542 0.387057 0.516502 0.444247 0.579972 0.778104 0.387451 0.516502 0.411898 0.574767 0.421310 0.388558 0.516502 0.411898 0.574767 0.109482 0.390896 0.516532 0.405355 0.601768 0.000000 0.392963 0.517101 0.397245 0.628410 0.000000 
0.387057 0.516486 0.444247 0.579972 0.790811 0.387082 0.516502 0.411898 0.574767 0.528837 0.387968 0.516502 0.411898 0.574767 0.276637 0.389985 0.516502 0.405355 0.601768 0.000000 0.391905 0.516763 0.395134 0.606769 0.000000 0.394045 0.517578 0.397245 0.628410 0.000000 
0.387057 0.516502 0.444247 0.579972 0.778104 0.387451 0.516502 0.411898 0.574767 0.421310 0.388558 0.516502 0.411898 0.574767 0.109482 0.390896 0.516532 0.405355 0.601768 0.000000 0.392963 0.517101 0.397245 0.628410 0.000000 0.395153 0.518193 0.386358 0.633113 0.000000 
0.387082 0.516502 0.411898 0.574767 0.528837 0.387968 0.516502 0.411898 0.574767 0.276637 0.389985 0.516502 0.405355 0.601768 0.000000 0.391905 0.516763 0.395134 0.606769 0.000000 0.394045 0.517578 0.397245 0.628410 0.000000 0.396334 0.518916 0.363296 0.620720 0.000000 
0.387451 0.516502 0.411898 0.574767 0.421310 0.388558 0.516502 0.411898 0.574767 0.109482 0.390896 0.516532 0.405355 0.601768 0.000000 0.392963 0.517101 0.397245 0.628410 0.000000 0.395153 0.518193 0.386358 0.633113 0.000000 0.397810 0.519777 0.340852 0.608124 0.000000 
0.387968 0.516502 0.411898 0.574767 0.276637 0.389985 0.516502 0.405355 0.601768 0.000000 0.391905 0.516763 0.395134 0.606769 0.000000 0.394045 0.517578 0.397245 0.628410 0.000000 0.396334 0.518916 0.363296 0.620720 0.000000 0.399409 0.520639 0.329625 0.591287 0.000000 
0.388558 0.516502 0.411898 0.574767 0.109482 0.390896 0.516532 0.405355 0.601768 0.000000 0.392963 0.517101 0.397245 0.628410 0.000000 0.395153 0.518193 0.386358 0.633113 0.000000 0.397810 0.519777 0.340852 0.608124 0.000000 0.401058 0.521654 0.297821 0.561716 0.000000 
0.389985 0.516502 0.405355 0.601768 0.000000 0.391905 0.516763 0.395134 0.606769 0.000000 0.394045 0.517578 0.397245 0.628410 0.000000 0.396334 0.518916 0.363296 0.620720 0.000000 0.399409 0.520639 0.329625 0.591287 0.000000 0.402731 0.522607 0.258187 0.515290 0.000000 
