0.521801 0.569205 0.252241 -0.616148 0.649071 0.517544 0.568928 0.263758 -0.613073 0.652004 0.513263 0.568698 0.263758 -0.613073 0.657869 0.508784 0.568590 0.261115 -0.633292 0.657869 0.504134 0.568590 0.261115 -0.633292 0.662757 0.499360 0.568590 0.261115 -0.633292 0.658847 
0.519685 0.569067 0.263758 -0.613073 0.645161 0.515428 0.568805 0.263758 -0.613073 0.653959 0.511024 0.568621 0.263758 -0.613073 0.658847 0.506471 0.568590 0.261115 -0.633292 0.658847 0.501747 0.568590 0.261115 -0.633292 0.661779 0.496924 0.568759 0.261115 -0.633292 0.659824 
0.517544 0.568928 0.263758 -0.613073 0.652004 0.513263 0.568698 0.263758 -0.613073 0.657869 0.508784 0.568590 0.261115 -0.633292 0.657869 0.504134 0.568590 0.261115 -0.633292 0.662757 0.499360 0.568590 0.261115 -0.633292 0.658847 0.494390 0.568975 0.270190 -0.650471 0.657869 
0.515428 0.568805 0.263758 -0.613073 0.653959 0.511024 0.568621 0.263758 -0.613073 0.658847 0.506471 0.568590 0.261115 -0.633292 0.658847 0.501747 0.568590 0.261115 -0.633292 0.661779 0.496924 0.568759 0.261115 -0.633292 0.659824 0.491806 0.569251 0.261115 -0.633292 0.653959 
0.513263 0.568698 0.263758 -0.613073 0.657869 0.508784 0.568590 0.261115 -0.633292 0.657869 0.504134 0.568590 0.261115 -0.633292 0.662757 0.499360 0.568590 0.261115 -0.633292 0.658847 0.494390 0.568975 0.270190 -0.650471 0.657869 0.489099 0.569544 0.261115 -0.633292 0.650049 
0.511024 0.568621 0.263758 -0.613073 0.658847 0.506471 0.568590 0.261115 -0.633292 0.658847 0.501747 0.568590 0.261115 -0.633292 0.661779 0.496924 0.568759 0.261115 -0.633292 0.659824 0.491806 0.569251 0.261115 -0.633292 0.653959 0.486319 0.569882 0.261115 -0.633292 0.647116 
0.508784 0.568590 0.261115 -0.633292 0.657869 0.504134 0.568590 0.261115 -0.633292 0.662757 0.499360 0.568590 0.261115 -0.633292 0.658847 0.494390 0.568975 0.270190 -0.650471 0.657869 0.489099 0.569544 0.261115 -0.633292 0.650049 0.483465 0.570220 0.261115 -0.633292 0.643206 
0.506471 0.568590 0.261115 -0.633292 0.658847 0.501747 0.568590 0.261115 -0.633292 0.661779 0.496924 0.568759 0.261115 -0.633292 0.659824 0.491806 0.569251 0.261115 -0.633292 0.653959 0.486319 0.569882 0.261115 -0.633292 0.647116 0.480536 0.570543 0.261115 -0.633292 0.649071 
0.504134 0.568590 0.261115 -0.633292 0.662757 0.499360 0.568590 0.261115 -0.633292 0.658847 0.494390 0.568975 0.270190 -0.650471 0.657869 0.489099 0.569544 0.261115 -0.633292 0.650049 0.483465 0.570220 0.261115 -0.633292 0.643206 0.477584 0.570882 0.263758 -0.613073 0.643206 
0.501747 0.568590 0.261115 -0.633292 0.661779 0.496924 0.568759 0.261115 -0.633292 0.659824 0.491806 0.569251 0.261115 -0.633292 0.653959 0.486319 0.569882 0.261115 -0.633292 0.647116 0.480536 0.570543 0.261115 -0.633292 0.649071 0.474631 0.571174 0.263758 -0.613073 0.642229 
0.499360 0.568590 0.261115 -0.633292 0.658847 0.494390 0.568975 0.270190 -0.650471 0.657869 0.489099 0.569544 0.261115 -0.633292 0.650049 0.483465 0.570220 0.261115 -0.633292 0.643206 0.477584 0.570882 0.263758 -0.613073 0.643206 0.471752 0.571451 0.263758 -0.613073 0.631476 
0.496924 0.568759 0.261115 -0.633292 0.659824 0.491806 0.569251 0.261115 -0.633292 0.653959 0.486319 0.569882 0.261115 -0.633292 0.647116 0.480536 0.570543 0.261115 -0.633292 0.649071 0.474631 0.571174 0.263758 -0.613073 0.642229 0.468947 0.571681 0.263758 -0.613073 0.624633 
0.494390 0.568975 0.270190 -0.650471 0.657869 0.489099 0.569544 0.261115 -0.633292 0.650049 0.483465 0.570220 0.261115 -0.633292 0.643206 0.477584 0.570882 0.263758 -0.613073 0.643206 0.471752 0.571451 0.263758 -0.613073 0.631476 0.466265 0.571850 0.263758 -0.613073 0.624633 
0.491806 0.569251 0.261115 -0.633292 0.653959 0.486319 0.569882 0.261115 -0.633292 0.647116 0.480536 0.570543 0.261115 -0.633292 0.649071 0.474631 0.571174 0.263758 -0.613073 0.642229 0.468947 0.571681 0.263758 -0.613073 0.624633 0.463656 0.571958 0.263758 -0.613073 0.624633 
0.489099 0.569544 0.261115 -0.633292 0.650049 0.483465 0.570220 0.261115 -0.633292 0.643206 0.477584 0.570882 0.263758 -0.613073 0.643206 0.471752 0.571451 0.263758 -0.613073 0.631476 0.466265 0.571850 0.263758 -0.613073 0.624633 0.461196 0.572035 0.263758 -0.613073 0.619746 
0.486319 0.569882 0.261115 -0.633292 0.647116 0.480536 0.570543 0.261115 -0.633292 0.649071 0.474631 0.571174 0.263758 -0.613073 0.642229 0.468947 0.571681 0.263758 -0.613073 0.624633 0.463656 0.571958 0.263758 -0.613073 0.624633 0.458784 0.572050 0.263758 -0.613073 0.616813 
0.483465 0.570220 0.261115 -0.633292 0.643206 0.477584 0.570882 0.263758 -0.613073 0.643206 0.471752 0.571451 0.263758 -0.613073 0.631476 0.466265 0.571850 0.263758 -0.613073 0.624633 0.461196 0.572035 0.263758 -0.613073 0.619746 0.456496 0.572050 0.263758 -0.613073 0.617791 
0.480536 0.570543 0.261115 -0.633292 0.649071 0.474631 0.571174 0.263758 -0.613073 0.642229 0.468947 0.571681 0.263758 -0.613073 0.624633 0.463656 0.571958 0.263758 -0.613073 0.624633 0.458784 0.572050 0.263758 -0.613073 0.616813 0.454331 0.572050 0.263758 -0.613073 0.616813 
0.477584 0.570882 0.263758 -0.613073 0.643206 0.471752 0.571451 0.263758 -0.613073 0.631476 0.466265 0.571850 0.263758 -0.613073 0.624633 0.461196 0.572035 0.263758 -0.613073 0.619746 0.456496 0.572050 0.263758 -0.613073 0.617791 0.452239 0.572050 0.263758 -0.613073 0.615836 
0.474631 0.571174 0.263758 -0.613073 0.642229 0.468947 0.571681 0.263758 -0.613073 0.624633 0.463656 0.571958 0.263758 -0.613073 0.624633 0.458784 0.572050 0.263758 -0.613073 0.616813 0.454331 0.572050 0.263758 -0.613073 0.616813 0.450221 0.571989 0.263758 -0.613073 0.621701 
0.471752 0.571451 0.263758 -0.613073 0.631476 0.466265 0.571850 0.263758 -0.613073 0.624633 0.461196 0.572035 0.263758 -0.613073 0.619746 0.456496 0.572050 0.263758 -0.613073 0.617791 0.452239 0.572050 0.263758 -0.613073 0.615836 0.448278 0.571835 0.261115 -0.633292 0.625611 
0.468947 0.571681 0.263758 -0.613073 0.624633 0.463656 0.571958 0.263758 -0.613073 0.624633 0.458784 0.572050 0.263758 -0.613073 0.616813 0.454331 0.572050 0.263758 -0.613073 0.616813 0.450221 0.571989 0.263758 -0.613073 0.621701 0.446407 0.571681 0.261115 -0.633292 0.625611 
0.466265 0.571850 0.263758 -0.613073 0.624633 0.461196 0.572035 0.263758 -0.613073 0.619746 0.456496 0.572050 0.263758 -0.613073 0.617791 0.452239 0.572050 0.263758 -0.613073 0.615836 0.448278 0.571835 0.261115 -0.633292 0.625611 0.444562 0.571527 0.261115 -0.633292 0.629521 
0.463656 0.571958 0.263758 -0.613073 0.624633 0.458784 0.572050 0.263758 -0.613073 0.616813 0.454331 0.572050 0.263758 -0.613073 0.616813 0.450221 0.571989 0.263758 -0.613073 0.621701 0.446407 0.571681 0.261115 -0.633292 0.625611 0.442766 0.571358 0.261115 -0.633292 0.632454 
0.461196 0.572035 0.263758 -0.613073 0.619746 0.456496 0.572050 0.263758 -0.613073 0.617791 0.452239 0.572050 0.263758 -0.613073 0.615836 0.448278 0.571835 0.261115 -0.633292 0.625611 0.444562 0.571527 0.261115 -0.633292 0.629521 0.440994 0.571189 0.263758 -0.613073 0.637341 
0.458784 0.572050 0.263758 -0.613073 0.616813 0.454331 0.572050 0.263758 -0.613073 0.616813 0.450221 0.571989 0.263758 -0.613073 0.621701 0.446407 0.571681 0.261115 -0.633292 0.625611 0.442766 0.571358 0.261115 -0.633292 0.632454 0.439198 0.571051 0.263758 -0.613073 0.630499 
0.456496 0.572050 0.263758 -0.613073 0.617791 0.452239 0.572050 0.263758 -0.613073 0.615836 0.448278 0.571835 0.261115 -0.633292 0.625611 0.444562 0.571527 0.261115 -0.633292 0.629521 0.440994 0.571189 0.263758 -0.613073 0.637341 0.437402 0.570912 0.263758 -0.613073 0.637341 
0.454331 0.572050 0.263758 -0.613073 0.616813 0.450221 0.571989 0.263758 -0.613073 0.621701 0.446407 0.571681 0.261115 -0.633292 0.625611 0.442766 0.571358 0.261115 -0.633292 0.632454 0.439198 0.571051 0.263758 -0.613073 0.630499 0.435630 0.570820 0.275128 -0.609842 0.639296 
0.452239 0.572050 0.263758 -0.613073 0.615836 0.448278 0.571835 0.261115 -0.633292 0.625611 0.444562 0.571527 0.261115 -0.633292 0.629521 0.440994 0.571189 0.263758 -0.613073 0.637341 0.437402 0.570912 0.263758 -0.613073 0.637341 0.433834 0.570728 0.275128 -0.609842 0.642229 
0.450221 0.571989 0.263758 -0.613073 0.621701 0.446407 0.571681 0.261115 -0.633292 0.625611 0.442766 0.571358 0.261115 -0.633292 0.632454 0.439198 0.571051 0.263758 -0.613073 0.630499 0.435630 0.570820 0.275128 -0.609842 0.639296 0.431939 0.570666 0.275128 -0.609842 0.646139 
0.448278 0.571835 0.261115 -0.633292 0.625611 0.444562 0.571527 0.261115 -0.633292 0.629521 0.440994 0.571189 0.263758 -0.613073 0.637341 0.437402 0.570912 0.263758 -0.613073 0.637341 0.433834 0.570728 0.275128 -0.609842 0.642229 0.430020 0.570651 0.265731 -0.592814 0.647116 
0.446407 0.571681 0.261115 -0.633292 0.625611 0.442766 0.571358 0.261115 -0.633292 0.632454 0.439198 0.571051 0.263758 -0.613073 0.630499 0.435630 0.570820 0.275128 -0.609842 0.639296 0.431939 0.570666 0.275128 -0.609842 0.646139 0.428076 0.570651 0.265731 -0.592814 0.652004 
0.444562 0.571527 0.261115 -0.633292 0.629521 0.440994 0.571189 0.263758 -0.613073 0.637341 0.437402 0.570912 0.263758 -0.613073 0.637341 0.433834 0.570728 0.275128 -0.609842 0.642229 0.430020 0.570651 0.265731 -0.592814 0.647116 0.426132 0.570651 0.265731 -0.592814 0.644184 
0.442766 0.571358 0.261115 -0.633292 0.632454 0.439198 0.571051 0.263758 -0.613073 0.630499 0.435630 0.570820 0.275128 -0.609842 0.639296 0.431939 0.570666 0.275128 -0.609842 0.646139 0.428076 0.570651 0.265731 -0.592814 0.652004 0.424114 0.570651 0.265731 -0.592814 0.652981 
0.440994 0.571189 0.263758 -0.613073 0.637341 0.437402 0.570912 0.263758 -0.613073 0.637341 0.433834 0.570728 0.275128 -0.609842 0.642229 0.430020 0.570651 0.265731 -0.592814 0.647116 0.426132 0.570651 0.265731 -0.592814 0.644184 0.422072 0.570651 0.265731 -0.592814 0.654936 
0.439198 0.571051 0.263758 -0.613073 0.630499 0.435630 0.570820 0.275128 -0.609842 0.639296 0.431939 0.570666 0.275128 -0.609842 0.646139 0.428076 0.570651 0.265731 -0.592814 0.652004 0.424114 0.570651 0.265731 -0.592814 0.652981 0.419980 0.570774 0.265731 -0.592814 0.640274 
0.437402 0.570912 0.263758 -0.613073 0.637341 0.433834 0.570728 0.275128 -0.609842 0.642229 0.430020 0.570651 0.265731 -0.592814 0.647116 0.426132 0.570651 0.265731 -0.592814 0.644184 0.422072 0.570651 0.265731 -0.592814 0.654936 0.417864 0.570958 0.265731 -0.592814 0.644184 
0.435630 0.570820 0.275128 -0.609842 0.639296 0.431939 0.570666 0.275128 -0.609842 0.646139 0.428076 0.570651 0.265731 -0.592814 0.652004 0.424114 0.570651 0.265731 -0.592814 0.652981 0.419980 0.570774 0.265731 -0.592814 0.640274 0.415748 0.571158 0.265731 -0.592814 0.637341 
0.433834 0.570728 0.275128 -0.609842 0.642229 0.430020 0.570651 0.265731 -0.592814 0.647116 0.426132 0.570651 0.265731 -0.592814 0.644184 0.422072 0.570651 0.265731 -0.592814 0.654936 0.417864 0.570958 0.265731 -0.592814 0.644184 0.413632 0.571343 0.265731 -0.592814 0.641251 
0.431939 0.570666 0.275128 -0.609842 0.646139 0.428076 0.570651 0.265731 -0.592814 0.652004 0.424114 0.570651 0.265731 -0.592814 0.652981 0.419980 0.570774 0.265731 -0.592814 0.640274 0.415748 0.571158 0.265731 -0.592814 0.637341 0.411467 0.571497 0.265731 -0.592814 0.638319 
0.430020 0.570651 0.265731 -0.592814 0.647116 0.426132 0.570651 0.265731 -0.592814 0.644184 0.422072 0.570651 0.265731 -0.592814 0.654936 0.417864 0.570958 0.265731 -0.592814 0.644184 0.413632 0.571343 0.265731 -0.592814 0.641251 0.409326 0.571666 0.265731 -0.592814 0.630499 
0.428076 0.570651 0.265731 -0.592814 0.652004 0.424114 0.570651 0.265731 -0.592814 0.652981 0.419980 0.570774 0.265731 -0.592814 0.640274 0.415748 0.571158 0.265731 -0.592814 0.637341 0.411467 0.571497 0.265731 -0.592814 0.638319 0.407210 0.571804 0.265731 -0.592814 0.632454 
0.426132 0.570651 0.265731 -0.592814 0.644184 0.422072 0.570651 0.265731 -0.592814 0.654936 0.417864 0.570958 0.265731 -0.592814 0.644184 0.413632 0.571343 0.265731 -0.592814 0.641251 0.409326 0.571666 0.265731 -0.592814 0.630499 0.405167 0.571912 0.265731 -0.592814 0.625611 
0.424114 0.570651 0.265731 -0.592814 0.652981 0.419980 0.570774 0.265731 -0.592814 0.640274 0.415748 0.571158 0.265731 -0.592814 0.637341 0.411467 0.571497 0.265731 -0.592814 0.638319 0.407210 0.571804 0.265731 -0.592814 0.632454 0.403223 0.571989 0.265731 -0.592814 0.623656 
0.422072 0.570651 0.265731 -0.592814 0.654936 0.417864 0.570958 0.265731 -0.592814 0.644184 0.413632 0.571343 0.265731 -0.592814 0.641251 0.409326 0.571666 0.265731 -0.592814 0.630499 0.405167 0.571912 0.265731 -0.592814 0.625611 0.401329 0.572020 0.265731 -0.592814 0.628543 
0.419980 0.570774 0.265731 -0.592814 0.640274 0.415748 0.571158 0.265731 -0.592814 0.637341 0.411467 0.571497 0.265731 -0.592814 0.638319 0.407210 0.571804 0.265731 -0.592814 0.632454 0.403223 0.571989 0.265731 -0.592814 0.623656 0.399508 0.572035 0.263758 -0.613073 0.619746 
0.417864 0.570958 0.265731 -0.592814 0.644184 0.413632 0.571343 0.265731 -0.592814 0.641251 0.409326 0.571666 0.265731 -0.592814 0.630499 0.405167 0.571912 0.265731 -0.592814 0.625611 0.401329 0.572020 0.265731 -0.592814 0.628543 0.397785 0.572035 0.275128 -0.609842 0.622678 
0.415748 0.571158 0.265731 -0.592814 0.637341 0.411467 0.571497 0.265731 -0.592814 0.638319 0.407210 0.571804 0.265731 -0.592814 0.632454 0.403223 0.571989 0.265731 -0.592814 0.623656 0.399508 0.572035 0.263758 -0.613073 0.619746 0.396161 0.572035 0.275128 -0.609842 0.618768 
0.413632 0.571343 0.265731 -0.592814 0.641251 0.409326 0.571666 0.265731 -0.592814 0.630499 0.405167 0.571912 0.265731 -0.592814 0.625611 0.401329 0.572020 0.265731 -0.592814 0.628543 0.397785 0.572035 0.275128 -0.609842 0.622678 0.394562 0.572035 0.275128 -0.609842 0.614858 
0.411467 0.571497 0.265731 -0.592814 0.638319 0.407210 0.571804 0.265731 -0.592814 0.632454 0.403223 0.571989 0.265731 -0.592814 0.623656 0.399508 0.572035 0.263758 -0.613073 0.619746 0.396161 0.572035 0.275128 -0.609842 0.618768 0.393061 0.572035 0.275128 -0.609842 0.624633 
0.409326 0.571666 0.265731 -0.592814 0.630499 0.405167 0.571912 0.265731 -0.592814 0.625611 0.401329 0.572020 0.265731 -0.592814 0.628543 0.397785 0.572035 0.275128 -0.609842 0.622678 0.394562 0.572035 0.275128 -0.609842 0.614858 0.391585 0.572035 0.275128 -0.609842 0.620723 
0.407210 0.571804 0.265731 -0.592814 0.632454 0.403223 0.571989 0.265731 -0.592814 0.623656 0.399508 0.572035 0.263758 -0.613073 0.619746 0.396161 0.572035 0.275128 -0.609842 0.618768 0.393061 0.572035 0.275128 -0.609842 0.624633 0.390108 0.571973 0.276606 -0.589468 0.623656 
0.405167 0.571912 0.265731 -0.592814 0.625611 0.401329 0.572020 0.265731 -0.592814 0.628543 0.397785 0.572035 0.275128 -0.609842 0.622678 0.394562 0.572035 0.275128 -0.609842 0.614858 0.391585 0.572035 0.275128 -0.609842 0.620723 0.388657 0.571850 0.276606 -0.589468 0.630499 
0.403223 0.571989 0.265731 -0.592814 0.623656 0.399508 0.572035 0.263758 -0.613073 0.619746 0.396161 0.572035 0.275128 -0.609842 0.618768 0.393061 0.572035 0.275128 -0.609842 0.624633 0.390108 0.571973 0.276606 -0.589468 0.623656 0.387229 0.571727 0.276606 -0.589468 0.630499 
0.401329 0.572020 0.265731 -0.592814 0.628543 0.397785 0.572035 0.275128 -0.609842 0.622678 0.394562 0.572035 0.275128 -0.609842 0.614858 0.391585 0.572035 0.275128 -0.609842 0.620723 0.388657 0.571850 0.276606 -0.589468 0.630499 0.385802 0.571604 0.276606 -0.589468 0.630499 
0.399508 0.572035 0.263758 -0.613073 0.619746 0.396161 0.572035 0.275128 -0.609842 0.618768 0.393061 0.572035 0.275128 -0.609842 0.624633 0.390108 0.571973 0.276606 -0.589468 0.623656 0.387229 0.571727 0.276606 -0.589468 0.630499 0.384400 0.571497 0.276606 -0.589468 0.637341 
0.397785 0.572035 0.275128 -0.609842 0.622678 0.394562 0.572035 0.275128 -0.609842 0.614858 0.391585 0.572035 0.275128 -0.609842 0.620723 0.388657 0.571850 0.276606 -0.589468 0.630499 0.385802 0.571604 0.276606 -0.589468 0.630499 0.382972 0.571389 0.276606 -0.589468 0.633431 
0.396161 0.572035 0.275128 -0.609842 0.618768 0.393061 0.572035 0.275128 -0.609842 0.624633 0.390108 0.571973 0.276606 -0.589468 0.623656 0.387229 0.571727 0.276606 -0.589468 0.630499 0.384400 0.571497 0.276606 -0.589468 0.637341 0.381545 0.571312 0.276606 -0.589468 0.639296 
0.394562 0.572035 0.275128 -0.609842 0.614858 0.391585 0.572035 0.275128 -0.609842 0.620723 0.388657 0.571850 0.276606 -0.589468 0.630499 0.385802 0.571604 0.276606 -0.589468 0.630499 0.382972 0.571389 0.276606 -0.589468 0.633431 0.380069 0.571266 0.277454 -0.569080 0.638319 
0.393061 0.572035 0.275128 -0.609842 0.624633 0.390108 0.571973 0.276606 -0.589468 0.623656 0.387229 0.571727 0.276606 -0.589468 0.630499 0.384400 0.571497 0.276606 -0.589468 0.637341 0.381545 0.571312 0.276606 -0.589468 0.639296 0.378543 0.571266 0.277454 -0.569080 0.640274 
0.391585 0.572035 0.275128 -0.609842 0.620723 0.388657 0.571850 0.276606 -0.589468 0.630499 0.385802 0.571604 0.276606 -0.589468 0.630499 0.382972 0.571389 0.276606 -0.589468 0.633431 0.380069 0.571266 0.277454 -0.569080 0.638319 0.376993 0.571266 0.277454 -0.569080 0.643206 
0.390108 0.571973 0.276606 -0.589468 0.623656 0.387229 0.571727 0.276606 -0.589468 0.630499 0.384400 0.571497 0.276606 -0.589468 0.637341 0.381545 0.571312 0.276606 -0.589468 0.639296 0.378543 0.571266 0.277454 -0.569080 0.640274 0.375443 0.571266 0.277454 -0.569080 0.649071 
0.352116 0.598840 0.265731 -0.592814 0.662757 0.356742 0.598533 0.252241 -0.616148 0.662757 0.361442 0.598287 0.252241 -0.616148 0.666667 0.366068 0.598164 0.243559 -0.599039 0.680352 0.370768 0.598133 0.243559 -0.599039 0.697947 0.375541 0.598133 0.243559 -0.599039 0.684262 
0.354429 0.598671 0.243559 -0.599039 0.662757 0.359080 0.598394 0.252241 -0.616148 0.659824 0.363755 0.598210 0.243559 -0.599039 0.668622 0.368406 0.598148 0.243559 -0.599039 0.678397 0.373155 0.598133 0.243559 -0.599039 0.685239 0.377953 0.598133 0.243559 -0.599039 0.684262 
0.356742 0.598533 0.252241 -0.616148 0.662757 0.361442 0.598287 0.252241 -0.616148 0.666667 0.366068 0.598164 0.243559 -0.599039 0.680352 0.370768 0.598133 0.243559 -0.599039 0.697947 0.375541 0.598133 0.243559 -0.599039 0.684262 0.380364 0.598133 0.224135 -0.584806 0.674487 
0.359080 0.598394 0.252241 -0.616148 0.659824 0.363755 0.598210 0.243559 -0.599039 0.668622 0.368406 0.598148 0.243559 -0.599039 0.678397 0.373155 0.598133 0.243559 -0.599039 0.685239 0.377953 0.598133 0.243559 -0.599039 0.684262 0.382776 0.598133 0.224135 -0.584806 0.672532 
0.361442 0.598287 0.252241 -0.616148 0.666667 0.366068 0.598164 0.243559 -0.599039 0.680352 0.370768 0.598133 0.243559 -0.599039 0.697947 0.375541 0.598133 0.243559 -0.599039 0.684262 0.380364 0.598133 0.224135 -0.584806 0.674487 0.385162 0.598133 0.224135 -0.584806 0.677419 
0.363755 0.598210 0.243559 -0.599039 0.668622 0.368406 0.598148 0.243559 -0.599039 0.678397 0.373155 0.598133 0.243559 -0.599039 0.685239 0.377953 0.598133 0.243559 -0.599039 0.684262 0.382776 0.598133 0.224135 -0.584806 0.672532 0.387500 0.598133 0.224135 -0.584806 0.669599 
0.366068 0.598164 0.243559 -0.599039 0.680352 0.370768 0.598133 0.243559 -0.599039 0.697947 0.375541 0.598133 0.243559 -0.599039 0.684262 0.380364 0.598133 0.224135 -0.584806 0.674487 0.385162 0.598133 0.224135 -0.584806 0.677419 0.389764 0.598133 0.224135 -0.584806 0.663734 
0.368406 0.598148 0.243559 -0.599039 0.678397 0.373155 0.598133 0.243559 -0.599039 0.685239 0.377953 0.598133 0.243559 -0.599039 0.684262 0.382776 0.598133 0.224135 -0.584806 0.672532 0.387500 0.598133 0.224135 -0.584806 0.669599 0.391954 0.598133 0.224135 -0.584806 0.676442 
0.370768 0.598133 0.243559 -0.599039 0.697947 0.375541 0.598133 0.243559 -0.599039 0.684262 0.380364 0.598133 0.224135 -0.584806 0.674487 0.385162 0.598133 0.224135 -0.584806 0.677419 0.389764 0.598133 0.224135 -0.584806 0.663734 0.394193 0.598133 0.224135 -0.584806 0.668622 
0.373155 0.598133 0.243559 -0.599039 0.685239 0.377953 0.598133 0.243559 -0.599039 0.684262 0.382776 0.598133 0.224135 -0.584806 0.672532 0.387500 0.598133 0.224135 -0.584806 0.669599 0.391954 0.598133 0.224135 -0.584806 0.676442 0.396407 0.598148 0.224135 -0.584806 0.669599 
0.375541 0.598133 0.243559 -0.599039 0.684262 0.380364 0.598133 0.224135 -0.584806 0.674487 0.385162 0.598133 0.224135 -0.584806 0.677419 0.389764 0.598133 0.224135 -0.584806 0.663734 0.394193 0.598133 0.224135 -0.584806 0.668622 0.398622 0.598195 0.224135 -0.584806 0.666667 
0.377953 0.598133 0.243559 -0.599039 0.684262 0.382776 0.598133 0.224135 -0.584806 0.672532 0.387500 0.598133 0.224135 -0.584806 0.669599 0.391954 0.598133 0.224135 -0.584806 0.676442 0.396407 0.598148 0.224135 -0.584806 0.669599 0.400861 0.598256 0.224135 -0.584806 0.672532 
0.380364 0.598133 0.224135 -0.584806 0.674487 0.385162 0.598133 0.224135 -0.584806 0.677419 0.389764 0.598133 0.224135 -0.584806 0.663734 0.394193 0.598133 0.224135 -0.584806 0.668622 0.398622 0.598195 0.224135 -0.584806 0.666667 0.403051 0.598302 0.224135 -0.584806 0.666667 
0.382776 0.598133 0.224135 -0.584806 0.672532 0.387500 0.598133 0.224135 -0.584806 0.669599 0.391954 0.598133 0.224135 -0.584806 0.676442 0.396407 0.598148 0.224135 -0.584806 0.669599 0.400861 0.598256 0.224135 -0.584806 0.672532 0.405290 0.598333 0.220852 -0.604649 0.658847 
0.385162 0.598133 0.224135 -0.584806 0.677419 0.389764 0.598133 0.224135 -0.584806 0.663734 0.394193 0.598133 0.224135 -0.584806 0.668622 0.398622 0.598195 0.224135 -0.584806 0.666667 0.403051 0.598302 0.224135 -0.584806 0.666667 0.407505 0.598364 0.220852 -0.604649 0.668622 
0.387500 0.598133 0.224135 -0.584806 0.669599 0.391954 0.598133 0.224135 -0.584806 0.676442 0.396407 0.598148 0.224135 -0.584806 0.669599 0.400861 0.598256 0.224135 -0.584806 0.672532 0.405290 0.598333 0.220852 -0.604649 0.658847 0.409769 0.598379 0.220852 -0.604649 0.658847 
0.389764 0.598133 0.224135 -0.584806 0.663734 0.394193 0.598133 0.224135 -0.584806 0.668622 0.398622 0.598195 0.224135 -0.584806 0.666667 0.403051 0.598302 0.224135 -0.584806 0.666667 0.407505 0.598364 0.220852 -0.604649 0.668622 0.411983 0.598410 0.220852 -0.604649 0.659824 
0.391954 0.598133 0.224135 -0.584806 0.676442 0.396407 0.598148 0.224135 -0.584806 0.669599 0.400861 0.598256 0.224135 -0.584806 0.672532 0.405290 0.598333 0.220852 -0.604649 0.658847 0.409769 0.598379 0.220852 -0.604649 0.658847 0.414173 0.598441 0.220852 -0.604649 0.655914 
0.394193 0.598133 0.224135 -0.584806 0.668622 0.398622 0.598195 0.224135 -0.584806 0.666667 0.403051 0.598302 0.224135 -0.584806 0.666667 0.407505 0.598364 0.220852 -0.604649 0.668622 0.411983 0.598410 0.220852 -0.604649 0.659824 0.416339 0.598487 0.220852 -0.604649 0.678397 
0.396407 0.598148 0.224135 -0.584806 0.669599 0.400861 0.598256 0.224135 -0.584806 0.672532 0.405290 0.598333 0.220852 -0.604649 0.658847 0.409769 0.598379 0.220852 -0.604649 0.658847 0.414173 0.598441 0.220852 -0.604649 0.655914 0.418479 0.598548 0.220852 -0.604649 0.666667 
0.398622 0.598195 0.224135 -0.584806 0.666667 0.403051 0.598302 0.224135 -0.584806 0.666667 0.407505 0.598364 0.220852 -0.604649 0.668622 0.411983 0.598410 0.220852 -0.604649 0.659824 0.416339 0.598487 0.220852 -0.604649 0.678397 0.420694 0.598610 0.220852 -0.604649 0.657869 
0.400861 0.598256 0.224135 -0.584806 0.672532 0.405290 0.598333 0.220852 -0.604649 0.658847 0.409769 0.598379 0.220852 -0.604649 0.658847 0.414173 0.598441 0.220852 -0.604649 0.655914 0.418479 0.598548 0.220852 -0.604649 0.666667 0.422908 0.598656 0.220852 -0.604649 0.678397 
0.403051 0.598302 0.224135 -0.584806 0.666667 0.407505 0.598364 0.220852 -0.604649 0.668622 0.411983 0.598410 0.220852 -0.604649 0.659824 0.416339 0.598487 0.220852 -0.604649 0.678397 0.420694 0.598610 0.220852 -0.604649 0.657869 0.425197 0.598717 0.220852 -0.604649 0.681329 
0.548081 0.583523 0.000000 -0.069813 0.000000 0.539026 0.584123 0.000000 -0.052360 0.000000 0.529601 0.584123 0.000000 -0.052360 0.000000 0.519291 0.584123 -0.016193 -0.049802 0.000000 0.509055 0.583861 -0.015852 -0.031105 0.000000 0.499065 0.583692 -0.037041 -0.037041 0.000000 
0.543602 0.583523 0.000000 -0.069813 0.000000 0.534424 0.584123 0.000000 -0.052360 0.000000 0.524532 0.584123 -0.016193 -0.049802 0.000000 0.514173 0.584000 -0.016193 -0.049802 0.000000 0.503986 0.583692 -0.015852 -0.031105 0.000000 0.494144 0.584200 -0.037041 -0.037041 0.000000 
0.539026 0.584123 0.000000 -0.052360 0.000000 0.529601 0.584123 0.000000 -0.052360 0.000000 0.519291 0.584123 -0.016193 -0.049802 0.000000 0.509055 0.583861 -0.015852 -0.031105 0.000000 0.499065 0.583692 -0.037041 -0.037041 0.000000 0.489247 0.584323 -0.037041 -0.037041 0.000000 
0.534424 0.584123 0.000000 -0.052360 0.000000 0.524532 0.584123 -0.016193 -0.049802 0.000000 0.514173 0.584000 -0.016193 -0.049802 0.000000 0.503986 0.583692 -0.015852 -0.031105 0.000000 0.494144 0.584200 -0.037041 -0.037041 0.000000 0.484252 0.584461 -0.037041 -0.037041 0.000000 
0.529601 0.584123 0.000000 -0.052360 0.000000 0.519291 0.584123 -0.016193 -0.049802 0.000000 0.509055 0.583861 -0.015852 -0.031105 0.000000 0.499065 0.583692 -0.037041 -0.037041 0.000000 0.489247 0.584323 -0.037041 -0.037041 0.000000 0.479183 0.585046 -0.039083 -0.057907 0.000000 
0.524532 0.584123 -0.016193 -0.049802 0.000000 0.514173 0.584000 -0.016193 -0.049802 0.000000 0.503986 0.583692 -0.015852 -0.031105 0.000000 0.494144 0.584200 -0.037041 -0.037041 0.000000 0.484252 0.584461 -0.037041 -0.037041 0.000000 0.473794 0.585568 -0.039083 -0.057907 0.000000 
0.519291 0.584123 -0.016193 -0.049802 0.000000 0.509055 0.583861 -0.015852 -0.031105 0.000000 0.499065 0.583692 -0.037041 -0.037041 0.000000 0.489247 0.584323 -0.037041 -0.037041 0.000000 0.479183 0.585046 -0.039083 -0.057907 0.000000 0.468258 0.586076 -0.039083 -0.057907 0.000000 
0.514173 0.584000 -0.016193 -0.049802 0.000000 0.503986 0.583692 -0.015852 -0.031105 0.000000 0.494144 0.584200 -0.037041 -0.037041 0.000000 0.484252 0.584461 -0.037041 -0.037041 0.000000 0.473794 0.585568 -0.039083 -0.057907 0.000000 0.462648 0.586568 -0.031735 -0.062225 0.000000 
0.509055 0.583861 -0.015852 -0.031105 0.000000 0.499065 0.583692 -0.037041 -0.037041 0.000000 0.489247 0.584323 -0.037041 -0.037041 0.000000 0.479183 0.585046 -0.039083 -0.057907 0.000000 0.468258 0.586076 -0.039083 -0.057907 0.000000 0.457037 0.587076 -0.031735 -0.062225 0.000000 
0.503986 0.583692 -0.015852 -0.031105 0.000000 0.494144 0.584200 -0.037041 -0.037041 0.000000 0.484252 0.584461 -0.037041 -0.037041 0.000000 0.473794 0.585568 -0.039083 -0.057907 0.000000 0.462648 0.586568 -0.031735 -0.062225 0.000000 0.451378 0.587598 -0.031735 -0.062225 0.000000 
0.499065 0.583692 -0.037041 -0.037041 0.000000 0.489247 0.584323 -0.037041 -0.037041 0.000000 0.479183 0.585046 -0.039083 -0.057907 0.000000 0.468258 0.586076 -0.039083 -0.057907 0.000000 0.457037 0.587076 -0.031735 -0.062225 0.000000 0.445645 0.588152 -0.031735 -0.062225 0.000000 
0.494144 0.584200 -0.037041 -0.037041 0.000000 0.484252 0.584461 -0.037041 -0.037041 0.000000 0.473794 0.585568 -0.039083 -0.057907 0.000000 0.462648 0.586568 -0.031735 -0.062225 0.000000 0.451378 0.587598 -0.031735 -0.062225 0.000000 0.439961 0.588783 -0.031735 -0.062225 0.000000 
0.489247 0.584323 -0.037041 -0.037041 0.000000 0.479183 0.585046 -0.039083 -0.057907 0.000000 0.468258 0.586076 -0.039083 -0.057907 0.000000 0.457037 0.587076 -0.031735 -0.062225 0.000000 0.445645 0.588152 -0.031735 -0.062225 0.000000 0.434178 0.589521 -0.016692 -0.085671 0.000000 
0.484252 0.584461 -0.037041 -0.037041 0.000000 0.473794 0.585568 -0.039083 -0.057907 0.000000 0.462648 0.586568 -0.031735 -0.062225 0.000000 0.451378 0.587598 -0.031735 -0.062225 0.000000 0.439961 0.588783 -0.031735 -0.062225 0.000000 0.428396 0.590367 -0.016692 -0.085671 0.000000 
0.479183 0.585046 -0.039083 -0.057907 0.000000 0.468258 0.586076 -0.039083 -0.057907 0.000000 0.457037 0.587076 -0.031735 -0.062225 0.000000 0.445645 0.588152 -0.031735 -0.062225 0.000000 0.434178 0.589521 -0.016692 -0.085671 0.000000 0.422515 0.591305 -0.016692 -0.085671 0.000000 
0.473794 0.585568 -0.039083 -0.057907 0.000000 0.462648 0.586568 -0.031735 -0.062225 0.000000 0.451378 0.587598 -0.031735 -0.062225 0.000000 0.439961 0.588783 -0.031735 -0.062225 0.000000 0.428396 0.590367 -0.016692 -0.085671 0.000000 0.416634 0.591351 -0.016692 -0.085671 0.000000 
0.468258 0.586076 -0.039083 -0.057907 0.000000 0.457037 0.587076 -0.031735 -0.062225 0.000000 0.445645 0.588152 -0.031735 -0.062225 0.000000 0.434178 0.589521 -0.016692 -0.085671 0.000000 0.422515 0.591305 -0.016692 -0.085671 0.000000 0.410778 0.592304 -0.016692 -0.085671 0.000000 
0.462648 0.586568 -0.031735 -0.062225 0.000000 0.451378 0.587598 -0.031735 -0.062225 0.000000 0.439961 0.588783 -0.031735 -0.062225 0.000000 0.428396 0.590367 -0.016692 -0.085671 0.000000 0.416634 0.591351 -0.016692 -0.085671 0.000000 0.405069 0.592304 -0.016692 -0.085671 0.000000 
0.457037 0.587076 -0.031735 -0.062225 0.000000 0.445645 0.588152 -0.031735 -0.062225 0.000000 0.434178 0.589521 -0.016692 -0.085671 0.000000 0.422515 0.591305 -0.016692 -0.085671 0.000000 0.410778 0.592304 -0.016692 -0.085671 0.000000 0.399508 0.592304 0.000000 -0.087266 0.000000 
0.451378 0.587598 -0.031735 -0.062225 0.000000 0.439961 0.588783 -0.031735 -0.062225 0.000000 0.428396 0.590367 -0.016692 -0.085671 0.000000 0.416634 0.591351 -0.016692 -0.085671 0.000000 0.405069 0.592304 -0.016692 -0.085671 0.000000 0.394144 0.592304 0.000000 -0.087266 0.000000 
0.445645 0.588152 -0.031735 -0.062225 0.000000 0.434178 0.589521 -0.016692 -0.085671 0.000000 0.422515 0.591305 -0.016692 -0.085671 0.000000 0.410778 0.592304 -0.016692 -0.085671 0.000000 0.399508 0.592304 0.000000 -0.087266 0.000000 0.389001 0.592304 0.000000 -0.087266 0.000000 
0.439961 0.588783 -0.031735 -0.062225 0.000000 0.428396 0.590367 -0.016692 -0.085671 0.000000 0.416634 0.591351 -0.016692 -0.085671 0.000000 0.405069 0.592304 -0.016692 -0.085671 0.000000 0.394144 0.592304 0.000000 -0.087266 0.000000 0.384031 0.592381 0.000000 -0.087266 0.000000 
0.434178 0.589521 -0.016692 -0.085671 0.000000 0.422515 0.591305 -0.016692 -0.085671 0.000000 0.410778 0.592304 -0.016692 -0.085671 0.000000 0.399508 0.592304 0.000000 -0.087266 0.000000 0.389001 0.592304 0.000000 -0.087266 0.000000 0.379183 0.592581 0.000000 -0.087266 0.000000 
