0.553445 0.534310 0.629561 -0.486768 0.277615 0.543159 0.534341 0.629561 -0.486768 0.268817 0.532111 0.534449 0.629561 -0.486768 0.275660 0.526329 0.534526 0.629561 -0.486768 0.282502 0.508145 0.535018 0.635497 -0.476721 0.285435 0.495595 0.535495 0.635497 -0.476721 0.304985 
0.548425 0.534326 0.629561 -0.486768 0.270772 0.537697 0.534387 0.629561 -0.486768 0.279570 0.520374 0.534664 0.629561 -0.486768 0.283480 0.514296 0.534833 0.629561 -0.486768 0.286413 0.501919 0.535249 0.635497 -0.476721 0.274682 0.489173 0.535771 0.635497 -0.476721 0.304985 
0.543159 0.534341 0.629561 -0.486768 0.268817 0.532111 0.534449 0.629561 -0.486768 0.275660 0.526329 0.534526 0.629561 -0.486768 0.282502 0.508145 0.535018 0.635497 -0.476721 0.285435 0.495595 0.535495 0.635497 -0.476721 0.304985 0.482726 0.536064 0.635497 -0.476721 0.295210 
0.537697 0.534387 0.629561 -0.486768 0.279570 0.520374 0.534664 0.629561 -0.486768 0.283480 0.514296 0.534833 0.629561 -0.486768 0.286413 0.501919 0.535249 0.635497 -0.476721 0.274682 0.489173 0.535771 0.635497 -0.476721 0.304985 0.476329 0.536340 0.635497 -0.476721 0.291300 
0.532111 0.534449 0.629561 -0.486768 0.275660 0.526329 0.534526 0.629561 -0.486768 0.282502 0.508145 0.535018 0.635497 -0.476721 0.285435 0.495595 0.535495 0.635497 -0.476721 0.304985 0.482726 0.536064 0.635497 -0.476721 0.295210 0.469857 0.536617 0.635497 -0.476721 0.304985 
0.520374 0.534664 0.629561 -0.486768 0.283480 0.514296 0.534833 0.629561 -0.486768 0.286413 0.501919 0.535249 0.635497 -0.476721 0.274682 0.489173 0.535771 0.635497 -0.476721 0.304985 0.476329 0.536340 0.635497 -0.476721 0.291300 0.463460 0.536925 0.635497 -0.476721 0.305963 
0.526329 0.534526 0.629561 -0.486768 0.282502 0.508145 0.535018 0.635497 -0.476721 0.285435 0.495595 0.535495 0.635497 -0.476721 0.304985 0.482726 0.536064 0.635497 -0.476721 0.295210 0.469857 0.536617 0.635497 -0.476721 0.304985 0.457087 0.537248 0.635497 -0.476721 0.313783 
0.514296 0.534833 0.629561 -0.486768 0.286413 0.501919 0.535249 0.635497 -0.476721 0.274682 0.489173 0.535771 0.635497 -0.476721 0.304985 0.476329 0.536340 0.635497 -0.476721 0.291300 0.463460 0.536925 0.635497 -0.476721 0.305963 0.450714 0.537555 0.635497 -0.476721 0.319648 
0.508145 0.535018 0.635497 -0.476721 0.285435 0.495595 0.535495 0.635497 -0.476721 0.304985 0.482726 0.536064 0.635497 -0.476721 0.295210 0.469857 0.536617 0.635497 -0.476721 0.304985 0.457087 0.537248 0.635497 -0.476721 0.313783 0.444341 0.537863 0.635497 -0.476721 0.315738 
0.501919 0.535249 0.635497 -0.476721 0.274682 0.489173 0.535771 0.635497 -0.476721 0.304985 0.476329 0.536340 0.635497 -0.476721 0.291300 0.463460 0.536925 0.635497 -0.476721 0.305963 0.450714 0.537555 0.635497 -0.476721 0.319648 0.438041 0.538171 0.635497 -0.476721 0.313783 
0.495595 0.535495 0.635497 -0.476721 0.304985 0.482726 0.536064 0.635497 -0.476721 0.295210 0.469857 0.536617 0.635497 -0.476721 0.304985 0.457087 0.537248 0.635497 -0.476721 0.313783 0.444341 0.537863 0.635497 -0.476721 0.315738 0.431693 0.538493 0.635497 -0.476721 0.312805 
0.489173 0.535771 0.635497 -0.476721 0.304985 0.476329 0.536340 0.635497 -0.476721 0.291300 0.463460 0.536925 0.635497 -0.476721 0.305963 0.450714 0.537555 0.635497 -0.476721 0.319648 0.438041 0.538171 0.635497 -0.476721 0.313783 0.425271 0.538832 0.635497 -0.476721 0.326491 
0.482726 0.536064 0.635497 -0.476721 0.295210 0.469857 0.536617 0.635497 -0.476721 0.304985 0.457087 0.537248 0.635497 -0.476721 0.313783 0.444341 0.537863 0.635497 -0.476721 0.315738 0.431693 0.538493 0.635497 -0.476721 0.312805 0.418848 0.539170 0.635497 -0.476721 0.313783 
0.476329 0.536340 0.635497 -0.476721 0.291300 0.463460 0.536925 0.635497 -0.476721 0.305963 0.450714 0.537555 0.635497 -0.476721 0.319648 0.438041 0.538171 0.635497 -0.476721 0.313783 0.425271 0.538832 0.635497 -0.476721 0.326491 0.399114 0.540170 0.635497 -0.476721 0.319648 
0.469857 0.536617 0.635497 -0.476721 0.304985 0.457087 0.537248 0.635497 -0.476721 0.313783 0.444341 0.537863 0.635497 -0.476721 0.315738 0.431693 0.538493 0.635497 -0.476721 0.312805 0.418848 0.539170 0.635497 -0.476721 0.313783 0.412352 0.539509 0.635497 -0.476721 0.325513 
0.463460 0.536925 0.635497 -0.476721 0.305963 0.450714 0.537555 0.635497 -0.476721 0.319648 0.438041 0.538171 0.635497 -0.476721 0.313783 0.425271 0.538832 0.635497 -0.476721 0.326491 0.399114 0.540170 0.635497 -0.476721 0.319648 0.405758 0.539847 0.635497 -0.476721 0.327468 
0.457087 0.537248 0.635497 -0.476721 0.313783 0.444341 0.537863 0.635497 -0.476721 0.315738 0.431693 0.538493 0.635497 -0.476721 0.312805 0.418848 0.539170 0.635497 -0.476721 0.313783 0.412352 0.539509 0.635497 -0.476721 0.325513 0.392446 0.540508 0.635497 -0.476721 0.331378 
0.450714 0.537555 0.635497 -0.476721 0.319648 0.438041 0.538171 0.635497 -0.476721 0.313783 0.425271 0.538832 0.635497 -0.476721 0.326491 0.399114 0.540170 0.635497 -0.476721 0.319648 0.405758 0.539847 0.635497 -0.476721 0.327468 0.378962 0.541185 0.624465 -0.452465 0.334311 
0.444341 0.537863 0.635497 -0.476721 0.315738 0.431693 0.538493 0.635497 -0.476721 0.312805 0.418848 0.539170 0.635497 -0.476721 0.313783 0.412352 0.539509 0.635497 -0.476721 0.325513 0.392446 0.540508 0.635497 -0.476721 0.331378 0.385704 0.540862 0.635497 -0.476721 0.322581 
0.331127 0.502353 0.737554 -0.206772 0.434995 0.340773 0.501907 0.737554 -0.206772 0.439883 0.350615 0.501446 0.737554 -0.206772 0.431085 0.360507 0.500938 0.718070 -0.214477 0.461388 0.370251 0.500415 0.718070 -0.214477 0.466276 0.379700 0.499862 0.718070 -0.214477 0.446725 
0.335950 0.502122 0.737554 -0.206772 0.455523 0.345694 0.501676 0.737554 -0.206772 0.449658 0.355561 0.501200 0.737554 -0.206772 0.454545 0.365404 0.500677 0.718070 -0.214477 0.430108 0.375000 0.500138 0.718070 -0.214477 0.456501 0.384326 0.499600 0.718070 -0.214477 0.454545 
0.340773 0.501907 0.737554 -0.206772 0.439883 0.350615 0.501446 0.737554 -0.206772 0.431085 0.360507 0.500938 0.718070 -0.214477 0.461388 0.370251 0.500415 0.718070 -0.214477 0.466276 0.379700 0.499862 0.718070 -0.214477 0.446725 0.388927 0.499308 0.718070 -0.214477 0.457478 
0.345694 0.501676 0.737554 -0.206772 0.449658 0.355561 0.501200 0.737554 -0.206772 0.454545 0.365404 0.500677 0.718070 -0.214477 0.430108 0.375000 0.500138 0.718070 -0.214477 0.456501 0.384326 0.499600 0.718070 -0.214477 0.454545 0.393529 0.499031 0.718070 -0.214477 0.467253 
