0.379503 0.497478 0.373202 -0.525957 0.287390 0.380536 0.496832 0.373202 -0.525957 0.115347 0.383095 0.496355 0.373202 -0.525957 0.000000 0.384941 0.496386 0.364335 -0.530987 0.000000 0.386491 0.497493 0.367517 -0.552205 0.000000 0.386737 0.499047 0.370214 -0.573503 0.000000 
0.379946 0.497186 0.373202 -0.525957 0.212121 0.382160 0.496386 0.373202 -0.525957 0.000000 0.384055 0.496355 0.373202 -0.525957 0.000000 0.385802 0.496832 0.364335 -0.530987 0.000000 0.386639 0.498262 0.370214 -0.573503 0.000000 0.386762 0.499723 0.382567 -0.590095 0.000000 
0.380536 0.496832 0.373202 -0.525957 0.115347 0.383095 0.496355 0.373202 -0.525957 0.000000 0.384941 0.496386 0.364335 -0.530987 0.000000 0.386491 0.497493 0.367517 -0.552205 0.000000 0.386737 0.499047 0.370214 -0.573503 0.000000 0.387205 0.500292 0.382567 -0.590095 0.000000 
0.382160 0.496386 0.373202 -0.525957 0.000000 0.384055 0.496355 0.373202 -0.525957 0.000000 0.385802 0.496832 0.364335 -0.530987 0.000000 0.386639 0.498262 0.370214 -0.573503 0.000000 0.386762 0.499723 0.382567 -0.590095 0.000000 0.387229 0.500292 0.384717 -0.611594 0.000000 
0.383095 0.496355 0.373202 -0.525957 0.000000 0.384941 0.496386 0.364335 -0.530987 0.000000 0.386491 0.497493 0.367517 -0.552205 0.000000 0.386737 0.499047 0.370214 -0.573503 0.000000 0.387205 0.500292 0.382567 -0.590095 0.000000 0.387229 0.500200 0.395134 -0.606769 0.000000 
0.384055 0.496355 0.373202 -0.525957 0.000000 0.385802 0.496832 0.364335 -0.530987 0.000000 0.386639 0.498262 0.370214 -0.573503 0.000000 0.386762 0.499723 0.382567 -0.590095 0.000000 0.387229 0.500292 0.384717 -0.611594 0.000000 0.386836 0.499985 0.397245 -0.628410 0.000000 
0.384941 0.496386 0.364335 -0.530987 0.000000 0.386491 0.497493 0.367517 -0.552205 0.000000 0.386737 0.499047 0.370214 -0.573503 0.000000 0.387205 0.500292 0.382567 -0.590095 0.000000 0.387229 0.500200 0.395134 -0.606769 0.000000 0.386220 0.499985 0.397245 -0.628410 0.000000 
0.385802 0.496832 0.364335 -0.530987 0.000000 0.386639 0.498262 0.370214 -0.573503 0.000000 0.386762 0.499723 0.382567 -0.590095 0.000000 0.387229 0.500292 0.384717 -0.611594 0.000000 0.386836 0.499985 0.397245 -0.628410 0.000000 0.385507 0.499985 0.397245 -0.628410 0.000000 
0.386491 0.497493 0.367517 -0.552205 0.000000 0.386737 0.499047 0.370214 -0.573503 0.000000 0.387205 0.500292 0.382567 -0.590095 0.000000 0.387229 0.500200 0.395134 -0.606769 0.000000 0.386220 0.499985 0.397245 -0.628410 0.000000 0.384719 0.500538 0.418400 -0.618467 0.000000 
0.386639 0.498262 0.370214 -0.573503 0.000000 0.386762 0.499723 0.382567 -0.590095 0.000000 0.387229 0.500292 0.384717 -0.611594 0.000000 0.386836 0.499985 0.397245 -0.628410 0.000000 0.385507 0.499985 0.397245 -0.628410 0.000000 0.383907 0.500584 0.395134 -0.606769 0.000000 
0.386737 0.499047 0.370214 -0.573503 0.000000 0.387205 0.500292 0.382567 -0.590095 0.000000 0.387229 0.500200 0.395134 -0.606769 0.000000 0.386220 0.499985 0.397245 -0.628410 0.000000 0.384719 0.500538 0.418400 -0.618467 0.000000 0.383120 0.500615 0.405355 -0.601768 0.000000 
0.386762 0.499723 0.382567 -0.590095 0.000000 0.387229 0.500292 0.384717 -0.611594 0.000000 0.386836 0.499985 0.397245 -0.628410 0.000000 0.385507 0.499985 0.397245 -0.628410 0.000000 0.383907 0.500584 0.395134 -0.606769 0.000000 0.382308 0.500631 0.405355 -0.601768 0.000000 
0.387205 0.500292 0.382567 -0.590095 0.000000 0.387229 0.500200 0.395134 -0.606769 0.000000 0.386220 0.499985 0.397245 -0.628410 0.000000 0.384719 0.500538 0.418400 -0.618467 0.000000 0.383120 0.500615 0.405355 -0.601768 0.000000 0.381496 0.500846 0.402310 -0.580051 0.000000 
0.387229 0.500292 0.384717 -0.611594 0.000000 0.386836 0.499985 0.397245 -0.628410 0.000000 0.385507 0.499985 0.397245 -0.628410 0.000000 0.383907 0.500584 0.395134 -0.606769 0.000000 0.382308 0.500631 0.405355 -0.601768 0.000000 0.380709 0.500984 0.398802 -0.558401 0.000000 
0.387229 0.500200 0.395134 -0.606769 0.000000 0.386220 0.499985 0.397245 -0.628410 0.000000 0.384719 0.500538 0.418400 -0.618467 0.000000 0.383120 0.500615 0.405355 -0.601768 0.000000 0.381496 0.500846 0.402310 -0.580051 0.000000 0.379970 0.501092 0.389452 -0.563605 0.000000 
0.386836 0.499985 0.397245 -0.628410 0.000000 0.385507 0.499985 0.397245 -0.628410 0.000000 0.383907 0.500584 0.395134 -0.606769 0.000000 0.382308 0.500631 0.405355 -0.601768 0.000000 0.380709 0.500984 0.398802 -0.558401 0.000000 0.379232 0.501123 0.385906 -0.542132 0.000000 
0.386220 0.499985 0.397245 -0.628410 0.000000 0.384719 0.500538 0.418400 -0.618467 0.000000 0.383120 0.500615 0.405355 -0.601768 0.000000 0.381496 0.500846 0.402310 -0.580051 0.000000 0.379970 0.501092 0.389452 -0.563605 0.000000 0.378543 0.501123 0.385906 -0.542132 0.000000 
0.385507 0.499985 0.397245 -0.628410 0.000000 0.383907 0.500584 0.395134 -0.606769 0.000000 0.382308 0.500631 0.405355 -0.601768 0.000000 0.380709 0.500984 0.398802 -0.558401 0.000000 0.379232 0.501123 0.385906 -0.542132 0.000000 0.377879 0.501123 0.381904 -0.520764 0.000000 
0.384719 0.500538 0.418400 -0.618467 0.000000 0.383120 0.500615 0.405355 -0.601768 0.000000 0.381496 0.500846 0.402310 -0.580051 0.000000 0.379970 0.501092 0.389452 -0.563605 0.000000 0.378543 0.501123 0.385906 -0.542132 0.000000 0.377264 0.501107 0.381904 -0.520764 0.000000 
0.383907 0.500584 0.395134 -0.606769 0.000000 0.382308 0.500631 0.405355 -0.601768 0.000000 0.380709 0.500984 0.398802 -0.558401 0.000000 0.379232 0.501123 0.385906 -0.542132 0.000000 0.377879 0.501123 0.381904 -0.520764 0.000000 0.376673 0.500861 0.381904 -0.520764 0.000000 
0.383120 0.500615 0.405355 -0.601768 0.000000 0.381496 0.500846 0.402310 -0.580051 0.000000 0.379970 0.501092 0.389452 -0.563605 0.000000 0.378543 0.501123 0.385906 -0.542132 0.000000 0.377264 0.501107 0.381904 -0.520764 0.000000 0.376157 0.500584 0.381904 -0.520764 0.000000 
0.382308 0.500631 0.405355 -0.601768 0.000000 0.380709 0.500984 0.398802 -0.558401 0.000000 0.379232 0.501123 0.385906 -0.542132 0.000000 0.377879 0.501123 0.381904 -0.520764 0.000000 0.376673 0.500861 0.381904 -0.520764 0.000000 0.376157 0.500261 0.381904 -0.520764 0.000000 
0.381496 0.500846 0.402310 -0.580051 0.000000 0.379970 0.501092 0.389452 -0.563605 0.000000 0.378543 0.501123 0.385906 -0.542132 0.000000 0.377264 0.501107 0.381904 -0.520764 0.000000 0.376157 0.500584 0.381904 -0.520764 0.000000 0.376157 0.499862 0.381904 -0.520764 0.000000 
0.380709 0.500984 0.398802 -0.558401 0.000000 0.379232 0.501123 0.385906 -0.542132 0.000000 0.377879 0.501123 0.381904 -0.520764 0.000000 0.376673 0.500861 0.381904 -0.520764 0.000000 0.376157 0.500261 0.381904 -0.520764 0.000000 0.376157 0.499400 0.381904 -0.520764 0.000000 
0.524311 0.532280 0.253709 -0.673539 0.353861 0.519464 0.532280 0.253709 -0.673539 0.347996 0.514493 0.532280 0.253709 -0.673539 0.338221 0.509301 0.532280 0.253709 -0.673539 0.362659 0.503986 0.532280 0.275800 -0.687969 0.357771 0.498401 0.532280 0.275800 -0.687969 0.382209 
0.521924 0.532280 0.253709 -0.673539 0.352884 0.517003 0.532280 0.253709 -0.673539 0.355816 0.511885 0.532280 0.253709 -0.673539 0.356794 0.506718 0.532280 0.253709 -0.673539 0.362659 0.501206 0.532280 0.275800 -0.687969 0.370479 0.495497 0.532280 0.275800 -0.687969 0.386119 
0.519464 0.532280 0.253709 -0.673539 0.347996 0.514493 0.532280 0.253709 -0.673539 0.338221 0.509301 0.532280 0.253709 -0.673539 0.362659 0.503986 0.532280 0.275800 -0.687969 0.357771 0.498401 0.532280 0.275800 -0.687969 0.382209 0.492470 0.532280 0.275800 -0.687969 0.391984 
0.517003 0.532280 0.253709 -0.673539 0.355816 0.511885 0.532280 0.253709 -0.673539 0.356794 0.506718 0.532280 0.253709 -0.673539 0.362659 0.501206 0.532280 0.275800 -0.687969 0.370479 0.495497 0.532280 0.275800 -0.687969 0.386119 0.489345 0.532280 0.275800 -0.687969 0.408602 
0.514493 0.532280 0.253709 -0.673539 0.338221 0.509301 0.532280 0.253709 -0.673539 0.362659 0.503986 0.532280 0.275800 -0.687969 0.357771 0.498401 0.532280 0.275800 -0.687969 0.382209 0.492470 0.532280 0.275800 -0.687969 0.391984 0.485999 0.532327 0.275800 -0.687969 0.391984 
0.511885 0.532280 0.253709 -0.673539 0.356794 0.506718 0.532280 0.253709 -0.673539 0.362659 0.501206 0.532280 0.275800 -0.687969 0.370479 0.495497 0.532280 0.275800 -0.687969 0.386119 0.489345 0.532280 0.275800 -0.687969 0.408602 0.482480 0.532434 0.279478 -0.667687 0.391007 
0.509301 0.532280 0.253709 -0.673539 0.362659 0.503986 0.532280 0.275800 -0.687969 0.357771 0.498401 0.532280 0.275800 -0.687969 0.382209 0.492470 0.532280 0.275800 -0.687969 0.391984 0.485999 0.532327 0.275800 -0.687969 0.391984 0.478789 0.532588 0.279478 -0.667687 0.413490 
0.506718 0.532280 0.253709 -0.673539 0.362659 0.501206 0.532280 0.275800 -0.687969 0.370479 0.495497 0.532280 0.275800 -0.687969 0.386119 0.489345 0.532280 0.275800 -0.687969 0.408602 0.482480 0.532434 0.279478 -0.667687 0.391007 0.474951 0.532742 0.279478 -0.667687 0.406647 
0.503986 0.532280 0.275800 -0.687969 0.357771 0.498401 0.532280 0.275800 -0.687969 0.382209 0.492470 0.532280 0.275800 -0.687969 0.391984 0.485999 0.532327 0.275800 -0.687969 0.391984 0.478789 0.532588 0.279478 -0.667687 0.413490 0.470940 0.532957 0.282442 -0.647329 0.424242 
0.501206 0.532280 0.275800 -0.687969 0.370479 0.495497 0.532280 0.275800 -0.687969 0.386119 0.489345 0.532280 0.275800 -0.687969 0.408602 0.482480 0.532434 0.279478 -0.667687 0.391007 0.474951 0.532742 0.279478 -0.667687 0.406647 0.466732 0.533188 0.282442 -0.647329 0.402737 
0.498401 0.532280 0.275800 -0.687969 0.382209 0.492470 0.532280 0.275800 -0.687969 0.391984 0.485999 0.532327 0.275800 -0.687969 0.391984 0.478789 0.532588 0.279478 -0.667687 0.413490 0.470940 0.532957 0.282442 -0.647329 0.424242 0.462525 0.533418 0.282442 -0.647329 0.425220 
0.495497 0.532280 0.275800 -0.687969 0.386119 0.489345 0.532280 0.275800 -0.687969 0.408602 0.482480 0.532434 0.279478 -0.667687 0.391007 0.474951 0.532742 0.279478 -0.667687 0.406647 0.466732 0.533188 0.282442 -0.647329 0.402737 0.458292 0.533664 0.282442 -0.647329 0.427175 
0.492470 0.532280 0.275800 -0.687969 0.391984 0.485999 0.532327 0.275800 -0.687969 0.391984 0.478789 0.532588 0.279478 -0.667687 0.413490 0.470940 0.532957 0.282442 -0.647329 0.424242 0.462525 0.533418 0.282442 -0.647329 0.425220 0.454035 0.533926 0.284723 -0.626912 0.437928 
0.489345 0.532280 0.275800 -0.687969 0.408602 0.482480 0.532434 0.279478 -0.667687 0.391007 0.474951 0.532742 0.279478 -0.667687 0.406647 0.466732 0.533188 0.282442 -0.647329 0.402737 0.458292 0.533664 0.282442 -0.647329 0.427175 0.449754 0.534218 0.284723 -0.626912 0.438905 
0.485999 0.532327 0.275800 -0.687969 0.391984 0.478789 0.532588 0.279478 -0.667687 0.413490 0.470940 0.532957 0.282442 -0.647329 0.424242 0.462525 0.533418 0.282442 -0.647329 0.425220 0.454035 0.533926 0.284723 -0.626912 0.437928 0.445448 0.534510 0.284723 -0.626912 0.439883 
0.482480 0.532434 0.279478 -0.667687 0.391007 0.474951 0.532742 0.279478 -0.667687 0.406647 0.466732 0.533188 0.282442 -0.647329 0.402737 0.458292 0.533664 0.282442 -0.647329 0.427175 0.449754 0.534218 0.284723 -0.626912 0.438905 0.441117 0.534818 0.296287 -0.623481 0.440860 
0.478789 0.532588 0.279478 -0.667687 0.413490 0.470940 0.532957 0.282442 -0.647329 0.424242 0.462525 0.533418 0.282442 -0.647329 0.425220 0.454035 0.533926 0.284723 -0.626912 0.437928 0.445448 0.534510 0.284723 -0.626912 0.439883 0.436786 0.535095 0.296287 -0.623481 0.441838 
0.474951 0.532742 0.279478 -0.667687 0.406647 0.466732 0.533188 0.282442 -0.647329 0.402737 0.458292 0.533664 0.282442 -0.647329 0.427175 0.449754 0.534218 0.284723 -0.626912 0.438905 0.441117 0.534818 0.296287 -0.623481 0.440860 0.432603 0.535356 0.296287 -0.623481 0.450635 
0.470940 0.532957 0.282442 -0.647329 0.424242 0.462525 0.533418 0.282442 -0.647329 0.425220 0.454035 0.533926 0.284723 -0.626912 0.437928 0.445448 0.534510 0.284723 -0.626912 0.439883 0.436786 0.535095 0.296287 -0.623481 0.441838 0.428445 0.535602 0.297408 -0.602902 0.453568 
0.466732 0.533188 0.282442 -0.647329 0.402737 0.458292 0.533664 0.282442 -0.647329 0.427175 0.449754 0.534218 0.284723 -0.626912 0.438905 0.441117 0.534818 0.296287 -0.623481 0.440860 0.432603 0.535356 0.296287 -0.623481 0.450635 0.424360 0.535818 0.297408 -0.602902 0.453568 
0.462525 0.533418 0.282442 -0.647329 0.425220 0.454035 0.533926 0.284723 -0.626912 0.437928 0.445448 0.534510 0.284723 -0.626912 0.439883 0.436786 0.535095 0.296287 -0.623481 0.441838 0.428445 0.535602 0.297408 -0.602902 0.453568 0.420374 0.536002 0.297408 -0.602902 0.453568 
0.458292 0.533664 0.282442 -0.647329 0.427175 0.449754 0.534218 0.284723 -0.626912 0.438905 0.441117 0.534818 0.296287 -0.623481 0.440860 0.432603 0.535356 0.296287 -0.623481 0.450635 0.424360 0.535818 0.297408 -0.602902 0.453568 0.416511 0.536125 0.297408 -0.602902 0.465298 
0.454035 0.533926 0.284723 -0.626912 0.437928 0.445448 0.534510 0.284723 -0.626912 0.439883 0.436786 0.535095 0.296287 -0.623481 0.441838 0.428445 0.535602 0.297408 -0.602902 0.453568 0.420374 0.536002 0.297408 -0.602902 0.453568 0.412721 0.536217 0.297408 -0.602902 0.449658 
0.449754 0.534218 0.284723 -0.626912 0.438905 0.441117 0.534818 0.296287 -0.623481 0.440860 0.432603 0.535356 0.296287 -0.623481 0.450635 0.424360 0.535818 0.297408 -0.602902 0.453568 0.416511 0.536125 0.297408 -0.602902 0.465298 0.409178 0.536248 0.297408 -0.602902 0.442815 
0.445448 0.534510 0.284723 -0.626912 0.439883 0.436786 0.535095 0.296287 -0.623481 0.441838 0.428445 0.535602 0.297408 -0.602902 0.453568 0.420374 0.536002 0.297408 -0.602902 0.453568 0.412721 0.536217 0.297408 -0.602902 0.449658 0.405832 0.536264 0.297408 -0.602902 0.440860 
0.441117 0.534818 0.296287 -0.623481 0.440860 0.432603 0.535356 0.296287 -0.623481 0.450635 0.424360 0.535818 0.297408 -0.602902 0.453568 0.416511 0.536125 0.297408 -0.602902 0.465298 0.409178 0.536248 0.297408 -0.602902 0.442815 0.402608 0.536264 0.319051 -0.595321 0.451613 
0.436786 0.535095 0.296287 -0.623481 0.441838 0.428445 0.535602 0.297408 -0.602902 0.453568 0.420374 0.536002 0.297408 -0.602902 0.453568 0.412721 0.536217 0.297408 -0.602902 0.449658 0.405832 0.536264 0.297408 -0.602902 0.440860 0.399508 0.536264 0.319051 -0.595321 0.452590 
0.432603 0.535356 0.296287 -0.623481 0.450635 0.424360 0.535818 0.297408 -0.602902 0.453568 0.416511 0.536125 0.297408 -0.602902 0.465298 0.409178 0.536248 0.297408 -0.602902 0.442815 0.402608 0.536264 0.319051 -0.595321 0.451613 0.396506 0.536264 0.319051 -0.595321 0.448680 
0.428445 0.535602 0.297408 -0.602902 0.453568 0.420374 0.536002 0.297408 -0.602902 0.453568 0.412721 0.536217 0.297408 -0.602902 0.449658 0.405832 0.536264 0.297408 -0.602902 0.440860 0.399508 0.536264 0.319051 -0.595321 0.452590 0.393553 0.536264 0.319051 -0.595321 0.451613 
0.424360 0.535818 0.297408 -0.602902 0.453568 0.416511 0.536125 0.297408 -0.602902 0.465298 0.409178 0.536248 0.297408 -0.602902 0.442815 0.402608 0.536264 0.319051 -0.595321 0.451613 0.396506 0.536264 0.319051 -0.595321 0.448680 0.390723 0.536264 0.319051 -0.595321 0.454545 
0.420374 0.536002 0.297408 -0.602902 0.453568 0.412721 0.536217 0.297408 -0.602902 0.449658 0.405832 0.536264 0.297408 -0.602902 0.440860 0.399508 0.536264 0.319051 -0.595321 0.452590 0.393553 0.536264 0.319051 -0.595321 0.451613 0.388041 0.536264 0.319051 -0.595321 0.454545 
0.416511 0.536125 0.297408 -0.602902 0.465298 0.409178 0.536248 0.297408 -0.602902 0.442815 0.402608 0.536264 0.319051 -0.595321 0.451613 0.396506 0.536264 0.319051 -0.595321 0.448680 0.390723 0.536264 0.319051 -0.595321 0.454545 0.385408 0.536264 0.318606 -0.574513 0.457478 
0.412721 0.536217 0.297408 -0.602902 0.449658 0.405832 0.536264 0.297408 -0.602902 0.440860 0.399508 0.536264 0.319051 -0.595321 0.452590 0.393553 0.536264 0.319051 -0.595321 0.451613 0.388041 0.536264 0.319051 -0.595321 0.454545 0.382825 0.536233 0.328716 -0.570376 0.465298 
0.409178 0.536248 0.297408 -0.602902 0.442815 0.402608 0.536264 0.319051 -0.595321 0.451613 0.396506 0.536264 0.319051 -0.595321 0.448680 0.390723 0.536264 0.319051 -0.595321 0.454545 0.385408 0.536264 0.318606 -0.574513 0.457478 0.380340 0.536187 0.328716 -0.570376 0.461388 
0.405832 0.536264 0.297408 -0.602902 0.440860 0.399508 0.536264 0.319051 -0.595321 0.452590 0.393553 0.536264 0.319051 -0.595321 0.451613 0.388041 0.536264 0.319051 -0.595321 0.454545 0.382825 0.536233 0.328716 -0.570376 0.465298 0.377928 0.536141 0.328716 -0.570376 0.468231 
0.402608 0.536264 0.319051 -0.595321 0.451613 0.396506 0.536264 0.319051 -0.595321 0.448680 0.390723 0.536264 0.319051 -0.595321 0.454545 0.385408 0.536264 0.318606 -0.574513 0.457478 0.380340 0.536187 0.328716 -0.570376 0.461388 0.375615 0.536094 0.328716 -0.570376 0.466276 
0.517470 0.539447 0.236897 -0.639036 0.000000 0.516782 0.539324 0.210550 -0.530944 0.000000 0.515354 0.539324 0.157691 -0.374948 0.000000 0.511811 0.539324 0.124024 -0.212660 0.000000 0.505389 0.539324 0.086605 -0.086605 0.000000 0.497539 0.539324 0.049802 -0.016193 0.000000 
0.517052 0.539447 0.224135 -0.584806 0.000000 0.516289 0.539324 0.173040 -0.427284 0.000000 0.513878 0.539324 0.141484 -0.284134 0.000000 0.509031 0.539324 0.083735 -0.133519 0.000000 0.500984 0.539324 0.069758 -0.052603 0.000000 0.493824 0.539324 0.052360 0.000000 0.000000 
0.516782 0.539324 0.210550 -0.530944 0.000000 0.515354 0.539324 0.157691 -0.374948 0.000000 0.511811 0.539324 0.124024 -0.212660 0.000000 0.505389 0.539324 0.086605 -0.086605 0.000000 0.497539 0.539324 0.049802 -0.016193 0.000000 0.489567 0.539324 0.052360 0.000000 0.000000 
0.516289 0.539324 0.173040 -0.427284 0.000000 0.513878 0.539324 0.141484 -0.284134 0.000000 0.509031 0.539324 0.083735 -0.133519 0.000000 0.500984 0.539324 0.069758 -0.052603 0.000000 0.493824 0.539324 0.052360 0.000000 0.000000 0.484941 0.539324 0.052360 0.000000 0.000000 
0.515354 0.539324 0.157691 -0.374948 0.000000 0.511811 0.539324 0.124024 -0.212660 0.000000 0.505389 0.539324 0.086605 -0.086605 0.000000 0.497539 0.539324 0.049802 -0.016193 0.000000 0.489567 0.539324 0.052360 0.000000 0.000000 0.479774 0.539324 0.052360 0.000000 0.000000 
0.513878 0.539324 0.141484 -0.284134 0.000000 0.509031 0.539324 0.083735 -0.133519 0.000000 0.500984 0.539324 0.069758 -0.052603 0.000000 0.493824 0.539324 0.052360 0.000000 0.000000 0.484941 0.539324 0.052360 0.000000 0.000000 0.474090 0.539324 0.052360 0.000000 0.000000 
0.511811 0.539324 0.124024 -0.212660 0.000000 0.505389 0.539324 0.086605 -0.086605 0.000000 0.497539 0.539324 0.049802 -0.016193 0.000000 0.489567 0.539324 0.052360 0.000000 0.000000 0.479774 0.539324 0.052360 0.000000 0.000000 0.468135 0.539216 0.052360 0.000000 0.000000 
0.509031 0.539324 0.083735 -0.133519 0.000000 0.500984 0.539324 0.069758 -0.052603 0.000000 0.493824 0.539324 0.052360 0.000000 0.000000 0.484941 0.539324 0.052360 0.000000 0.000000 0.474090 0.539324 0.052360 0.000000 0.000000 0.462106 0.539078 0.052360 0.000000 0.000000 
0.505389 0.539324 0.086605 -0.086605 0.000000 0.497539 0.539324 0.049802 -0.016193 0.000000 0.489567 0.539324 0.052360 0.000000 0.000000 0.479774 0.539324 0.052360 0.000000 0.000000 0.468135 0.539216 0.052360 0.000000 0.000000 0.456078 0.538893 0.049802 -0.016193 0.000000 
0.500984 0.539324 0.069758 -0.052603 0.000000 0.493824 0.539324 0.052360 0.000000 0.000000 0.484941 0.539324 0.052360 0.000000 0.000000 0.474090 0.539324 0.052360 0.000000 0.000000 0.462106 0.539078 0.052360 0.000000 0.000000 0.450049 0.538693 0.031105 -0.015852 0.000000 
0.497539 0.539324 0.049802 -0.016193 0.000000 0.489567 0.539324 0.052360 0.000000 0.000000 0.479774 0.539324 0.052360 0.000000 0.000000 0.468135 0.539216 0.052360 0.000000 0.000000 0.456078 0.538893 0.049802 -0.016193 0.000000 0.444267 0.538447 0.031105 -0.015852 0.000000 
0.493824 0.539324 0.052360 0.000000 0.000000 0.484941 0.539324 0.052360 0.000000 0.000000 0.474090 0.539324 0.052360 0.000000 0.000000 0.462106 0.539078 0.052360 0.000000 0.000000 0.450049 0.538693 0.031105 -0.015852 0.000000 0.438657 0.538109 0.034907 0.000000 0.000000 
0.489567 0.539324 0.052360 0.000000 0.000000 0.479774 0.539324 0.052360 0.000000 0.000000 0.468135 0.539216 0.052360 0.000000 0.000000 0.456078 0.538893 0.049802 -0.016193 0.000000 0.444267 0.538447 0.031105 -0.015852 0.000000 0.433366 0.537709 0.034907 0.000000 0.000000 
0.484941 0.539324 0.052360 0.000000 0.000000 0.474090 0.539324 0.052360 0.000000 0.000000 0.462106 0.539078 0.052360 0.000000 0.000000 0.450049 0.538693 0.031105 -0.015852 0.000000 0.438657 0.538109 0.034907 0.000000 0.000000 0.428248 0.537156 0.034907 0.000000 0.000000 
0.479774 0.539324 0.052360 0.000000 0.000000 0.468135 0.539216 0.052360 0.000000 0.000000 0.456078 0.538893 0.049802 -0.016193 0.000000 0.444267 0.538447 0.031105 -0.015852 0.000000 0.433366 0.537709 0.034907 0.000000 0.000000 0.423327 0.536494 0.017453 0.000000 0.000000 
0.474090 0.539324 0.052360 0.000000 0.000000 0.462106 0.539078 0.052360 0.000000 0.000000 0.450049 0.538693 0.031105 -0.015852 0.000000 0.438657 0.538109 0.034907 0.000000 0.000000 0.428248 0.537156 0.034907 0.000000 0.000000 0.418356 0.535664 0.017453 0.000000 0.000000 
0.468135 0.539216 0.052360 0.000000 0.000000 0.456078 0.538893 0.049802 -0.016193 0.000000 0.444267 0.538447 0.031105 -0.015852 0.000000 0.433366 0.537709 0.034907 0.000000 0.000000 0.423327 0.536494 0.017453 0.000000 0.000000 0.413583 0.534649 0.000000 0.000000 0.000000 
0.462106 0.539078 0.052360 0.000000 0.000000 0.450049 0.538693 0.031105 -0.015852 0.000000 0.438657 0.538109 0.034907 0.000000 0.000000 0.428248 0.537156 0.034907 0.000000 0.000000 0.418356 0.535664 0.017453 0.000000 0.000000 0.409227 0.533342 0.000000 0.000000 0.000000 
0.456078 0.538893 0.049802 -0.016193 0.000000 0.444267 0.538447 0.031105 -0.015852 0.000000 0.433366 0.537709 0.034907 0.000000 0.000000 0.423327 0.536494 0.017453 0.000000 0.000000 0.413583 0.534649 0.000000 0.000000 0.000000 0.405192 0.531773 0.000000 0.000000 0.000000 
0.450049 0.538693 0.031105 -0.015852 0.000000 0.438657 0.538109 0.034907 0.000000 0.000000 0.428248 0.537156 0.034907 0.000000 0.000000 0.418356 0.535664 0.017453 0.000000 0.000000 0.409227 0.533342 0.000000 0.000000 0.000000 0.401599 0.529866 0.000000 0.000000 0.000000 
0.444267 0.538447 0.031105 -0.015852 0.000000 0.433366 0.537709 0.034907 0.000000 0.000000 0.423327 0.536494 0.017453 0.000000 0.000000 0.413583 0.534649 0.000000 0.000000 0.000000 0.405192 0.531773 0.000000 0.000000 0.000000 0.398474 0.527621 0.000000 -0.017453 0.000000 
0.438657 0.538109 0.034907 0.000000 0.000000 0.428248 0.537156 0.034907 0.000000 0.000000 0.418356 0.535664 0.017453 0.000000 0.000000 0.409227 0.533342 0.000000 0.000000 0.000000 0.401599 0.529866 0.000000 0.000000 0.000000 0.395792 0.525037 0.000000 -0.017453 0.000000 
0.433366 0.537709 0.034907 0.000000 0.000000 0.423327 0.536494 0.017453 0.000000 0.000000 0.413583 0.534649 0.000000 0.000000 0.000000 0.405192 0.531773 0.000000 0.000000 0.000000 0.398474 0.527621 0.000000 -0.017453 0.000000 0.393504 0.522115 0.000000 -0.034907 0.000000 
0.428248 0.537156 0.034907 0.000000 0.000000 0.418356 0.535664 0.017453 0.000000 0.000000 0.409227 0.533342 0.000000 0.000000 0.000000 0.401599 0.529866 0.000000 0.000000 0.000000 0.395792 0.525037 0.000000 -0.017453 0.000000 0.391609 0.518916 0.000000 -0.069813 0.000000 
0.423327 0.536494 0.017453 0.000000 0.000000 0.413583 0.534649 0.000000 0.000000 0.000000 0.405192 0.531773 0.000000 0.000000 0.000000 0.398474 0.527621 0.000000 -0.017453 0.000000 0.393504 0.522115 0.000000 -0.034907 0.000000 0.390059 0.515579 0.000000 -0.087266 0.000000 
0.418356 0.535664 0.017453 0.000000 0.000000 0.409227 0.533342 0.000000 0.000000 0.000000 0.401599 0.529866 0.000000 0.000000 0.000000 0.395792 0.525037 0.000000 -0.017453 0.000000 0.391609 0.518916 0.000000 -0.069813 0.000000 0.388706 0.512165 0.017087 -0.120996 0.000000 
0.413583 0.534649 0.000000 0.000000 0.000000 0.405192 0.531773 0.000000 0.000000 0.000000 0.398474 0.527621 0.000000 -0.017453 0.000000 0.393504 0.522115 0.000000 -0.034907 0.000000 0.390059 0.515579 0.000000 -0.087266 0.000000 0.387574 0.508874 0.032918 -0.153701 0.000000 
0.409227 0.533342 0.000000 0.000000 0.000000 0.401599 0.529866 0.000000 0.000000 0.000000 0.395792 0.525037 0.000000 -0.017453 0.000000 0.391609 0.518916 0.000000 -0.069813 0.000000 0.388706 0.512165 0.017087 -0.120996 0.000000 0.387574 0.505782 0.050267 -0.185596 0.000000 
0.405192 0.531773 0.000000 0.000000 0.000000 0.398474 0.527621 0.000000 -0.017453 0.000000 0.393504 0.522115 0.000000 -0.034907 0.000000 0.390059 0.515579 0.000000 -0.087266 0.000000 0.387574 0.508874 0.032918 -0.153701 0.000000 0.386319 0.502953 0.051377 -0.203391 0.000000 
0.401599 0.529866 0.000000 0.000000 0.000000 0.395792 0.525037 0.000000 -0.017453 0.000000 0.391609 0.518916 0.000000 -0.069813 0.000000 0.388706 0.512165 0.017087 -0.120996 0.000000 0.387574 0.505782 0.050267 -0.185596 0.000000 0.386319 0.501353 0.073723 -0.252090 0.000000 
0.398474 0.527621 0.000000 -0.017453 0.000000 0.393504 0.522115 0.000000 -0.034907 0.000000 0.390059 0.515579 0.000000 -0.087266 0.000000 0.387574 0.508874 0.032918 -0.153701 0.000000 0.386319 0.502953 0.051377 -0.203391 0.000000 0.386442 0.499954 0.089150 -0.284444 0.000000 
0.389985 0.497539 0.084444 -0.677993 0.391007 0.390010 0.497601 0.098369 -0.677022 0.413490 0.390010 0.497678 0.087486 -0.695428 0.422287 0.390010 0.497847 0.087486 -0.695428 0.421310 0.389050 0.498354 0.084444 -0.677993 0.421310 0.387303 0.499293 0.084444 -0.677993 0.429130 
0.390010 0.497570 0.098369 -0.677022 0.403715 0.390010 0.497632 0.098369 -0.677022 0.419355 0.390010 0.497739 0.087486 -0.695428 0.423265 0.389641 0.498062 0.084444 -0.677993 0.419355 0.388263 0.498785 0.084444 -0.677993 0.419355 0.386073 0.499969 0.084444 -0.677993 0.438905 
0.390010 0.497601 0.098369 -0.677022 0.413490 0.390010 0.497678 0.087486 -0.695428 0.422287 0.390010 0.497847 0.087486 -0.695428 0.421310 0.389050 0.498354 0.084444 -0.677993 0.421310 0.387303 0.499293 0.084444 -0.677993 0.429130 0.384572 0.500784 0.084444 -0.677993 0.438905 
0.390010 0.497632 0.098369 -0.677022 0.419355 0.390010 0.497739 0.087486 -0.695428 0.423265 0.389641 0.498062 0.084444 -0.677993 0.419355 0.388263 0.498785 0.084444 -0.677993 0.419355 0.386073 0.499969 0.084444 -0.677993 0.438905 0.382825 0.501815 0.098369 -0.677022 0.464321 
0.390010 0.497678 0.087486 -0.695428 0.422287 0.390010 0.497847 0.087486 -0.695428 0.421310 0.389050 0.498354 0.084444 -0.677993 0.421310 0.387303 0.499293 0.084444 -0.677993 0.429130 0.384572 0.500784 0.084444 -0.677993 0.438905 0.380807 0.503030 0.108308 -0.658486 0.466276 
0.390010 0.497739 0.087486 -0.695428 0.423265 0.389641 0.498062 0.084444 -0.677993 0.419355 0.388263 0.498785 0.084444 -0.677993 0.419355 0.386073 0.499969 0.084444 -0.677993 0.438905 0.382825 0.501815 0.098369 -0.677022 0.464321 0.378666 0.504321 0.108308 -0.658486 0.470186 
0.390010 0.497847 0.087486 -0.695428 0.421310 0.389050 0.498354 0.084444 -0.677993 0.421310 0.387303 0.499293 0.084444 -0.677993 0.429130 0.384572 0.500784 0.084444 -0.677993 0.438905 0.380807 0.503030 0.108308 -0.658486 0.466276 0.376353 0.505721 0.108308 -0.658486 0.468231 
