0.517151 0.520485 0.352297 -0.625025 0.956012 0.513091 0.520239 0.352297 -0.625025 0.957967 0.508932 0.520116 0.352297 -0.625025 0.974585 0.505143 0.520039 0.352297 -0.625025 0.988270 0.501895 0.520008 0.352297 -0.625025 0.987292 0.498868 0.519977 0.340852 -0.608124 0.990225 
0.515157 0.520331 0.352297 -0.625025 0.949169 0.510974 0.520162 0.352297 -0.625025 0.968719 0.506988 0.520070 0.352297 -0.625025 0.974585 0.503469 0.520023 0.352297 -0.625025 0.988270 0.500369 0.520008 0.352297 -0.625025 0.990225 0.497343 0.519962 0.340852 -0.608124 0.987292 
0.513091 0.520239 0.352297 -0.625025 0.957967 0.508932 0.520116 0.352297 -0.625025 0.974585 0.505143 0.520039 0.352297 -0.625025 0.988270 0.501895 0.520008 0.352297 -0.625025 0.987292 0.498868 0.519977 0.340852 -0.608124 0.990225 0.495768 0.519962 0.340852 -0.608124 0.978495 
0.510974 0.520162 0.352297 -0.625025 0.968719 0.506988 0.520070 0.352297 -0.625025 0.974585 0.503469 0.520023 0.352297 -0.625025 0.988270 0.500369 0.520008 0.352297 -0.625025 0.990225 0.497343 0.519962 0.340852 -0.608124 0.987292 0.494095 0.519962 0.340852 -0.608124 0.986315 
0.508932 0.520116 0.352297 -0.625025 0.974585 0.505143 0.520039 0.352297 -0.625025 0.988270 0.501895 0.520008 0.352297 -0.625025 0.987292 0.498868 0.519977 0.340852 -0.608124 0.990225 0.495768 0.519962 0.340852 -0.608124 0.978495 0.492274 0.519962 0.340852 -0.608124 0.998045 
0.506988 0.520070 0.352297 -0.625025 0.974585 0.503469 0.520023 0.352297 -0.625025 0.988270 0.500369 0.520008 0.352297 -0.625025 0.990225 0.497343 0.519962 0.340852 -0.608124 0.987292 0.494095 0.519962 0.340852 -0.608124 0.986315 0.490354 0.519931 0.340031 -0.587090 0.997067 
0.505143 0.520039 0.352297 -0.625025 0.988270 0.501895 0.520008 0.352297 -0.625025 0.987292 0.498868 0.519977 0.340852 -0.608124 0.990225 0.495768 0.519962 0.340852 -0.608124 0.978495 0.492274 0.519962 0.340852 -0.608124 0.998045 0.488337 0.519900 0.340031 -0.587090 1.000000 
0.503469 0.520023 0.352297 -0.625025 0.988270 0.500369 0.520008 0.352297 -0.625025 0.990225 0.497343 0.519962 0.340852 -0.608124 0.987292 0.494095 0.519962 0.340852 -0.608124 0.986315 0.490354 0.519931 0.340031 -0.587090 0.997067 0.486245 0.519870 0.340031 -0.587090 1.000000 
0.501895 0.520008 0.352297 -0.625025 0.987292 0.498868 0.519977 0.340852 -0.608124 0.990225 0.495768 0.519962 0.340852 -0.608124 0.978495 0.492274 0.519962 0.340852 -0.608124 0.998045 0.488337 0.519900 0.340031 -0.587090 1.000000 0.484154 0.519839 0.340031 -0.587090 1.000000 
0.500369 0.520008 0.352297 -0.625025 0.990225 0.497343 0.519962 0.340852 -0.608124 0.987292 0.494095 0.519962 0.340852 -0.608124 0.986315 0.490354 0.519931 0.340031 -0.587090 0.997067 0.486245 0.519870 0.340031 -0.587090 1.000000 0.482087 0.519777 0.350266 -0.582727 1.000000 
0.498868 0.519977 0.340852 -0.608124 0.990225 0.495768 0.519962 0.340852 -0.608124 0.978495 0.492274 0.519962 0.340852 -0.608124 0.998045 0.488337 0.519900 0.340031 -0.587090 1.000000 0.484154 0.519839 0.340031 -0.587090 1.000000 0.480118 0.519731 0.350266 -0.582727 1.000000 
0.497343 0.519962 0.340852 -0.608124 0.987292 0.494095 0.519962 0.340852 -0.608124 0.986315 0.490354 0.519931 0.340031 -0.587090 0.997067 0.486245 0.519870 0.340031 -0.587090 1.000000 0.482087 0.519777 0.350266 -0.582727 1.000000 0.478223 0.519685 0.350266 -0.582727 1.000000 
0.495768 0.519962 0.340852 -0.608124 0.978495 0.492274 0.519962 0.340852 -0.608124 0.998045 0.488337 0.519900 0.340031 -0.587090 1.000000 0.484154 0.519839 0.340031 -0.587090 1.000000 0.480118 0.519731 0.350266 -0.582727 1.000000 0.476476 0.519639 0.348449 -0.561617 1.000000 
0.494095 0.519962 0.340852 -0.608124 0.986315 0.490354 0.519931 0.340031 -0.587090 0.997067 0.486245 0.519870 0.340031 -0.587090 1.000000 0.482087 0.519777 0.350266 -0.582727 1.000000 0.478223 0.519685 0.350266 -0.582727 1.000000 0.474779 0.519639 0.348449 -0.561617 1.000000 
0.492274 0.519962 0.340852 -0.608124 0.998045 0.488337 0.519900 0.340031 -0.587090 1.000000 0.484154 0.519839 0.340031 -0.587090 1.000000 0.480118 0.519731 0.350266 -0.582727 1.000000 0.476476 0.519639 0.348449 -0.561617 1.000000 0.473179 0.519624 0.367517 -0.552205 1.000000 
0.490354 0.519931 0.340031 -0.587090 0.997067 0.486245 0.519870 0.340031 -0.587090 1.000000 0.482087 0.519777 0.350266 -0.582727 1.000000 0.478223 0.519685 0.350266 -0.582727 1.000000 0.474779 0.519639 0.348449 -0.561617 1.000000 0.471629 0.519608 0.367517 -0.552205 1.000000 
0.488337 0.519900 0.340031 -0.587090 1.000000 0.484154 0.519839 0.340031 -0.587090 1.000000 0.480118 0.519731 0.350266 -0.582727 1.000000 0.476476 0.519639 0.348449 -0.561617 1.000000 0.473179 0.519624 0.367517 -0.552205 1.000000 0.470054 0.519593 0.367517 -0.552205 1.000000 
0.486245 0.519870 0.340031 -0.587090 1.000000 0.482087 0.519777 0.350266 -0.582727 1.000000 0.478223 0.519685 0.350266 -0.582727 1.000000 0.474779 0.519639 0.348449 -0.561617 1.000000 0.471629 0.519608 0.367517 -0.552205 1.000000 0.468332 0.519593 0.364335 -0.530987 1.000000 
0.484154 0.519839 0.340031 -0.587090 1.000000 0.480118 0.519731 0.350266 -0.582727 1.000000 0.476476 0.519639 0.348449 -0.561617 1.000000 0.473179 0.519624 0.367517 -0.552205 1.000000 0.470054 0.519593 0.367517 -0.552205 1.000000 0.466486 0.519593 0.364335 -0.530987 0.996090 
0.482087 0.519777 0.350266 -0.582727 1.000000 0.478223 0.519685 0.350266 -0.582727 1.000000 0.474779 0.519639 0.348449 -0.561617 1.000000 0.471629 0.519608 0.367517 -0.552205 1.000000 0.468332 0.519593 0.364335 -0.530987 1.000000 0.464419 0.519593 0.364335 -0.530987 0.998045 
0.480118 0.519731 0.350266 -0.582727 1.000000 0.476476 0.519639 0.348449 -0.561617 1.000000 0.473179 0.519624 0.367517 -0.552205 1.000000 0.470054 0.519593 0.367517 -0.552205 1.000000 0.466486 0.519593 0.364335 -0.530987 0.996090 0.462205 0.519593 0.364335 -0.530987 1.000000 
0.478223 0.519685 0.350266 -0.582727 1.000000 0.474779 0.519639 0.348449 -0.561617 1.000000 0.471629 0.519608 0.367517 -0.552205 1.000000 0.468332 0.519593 0.364335 -0.530987 1.000000 0.464419 0.519593 0.364335 -0.530987 0.998045 0.459818 0.519593 0.346116 -0.540563 1.000000 
0.476476 0.519639 0.348449 -0.561617 1.000000 0.473179 0.519624 0.367517 -0.552205 1.000000 0.470054 0.519593 0.367517 -0.552205 1.000000 0.466486 0.519593 0.364335 -0.530987 0.996090 0.462205 0.519593 0.364335 -0.530987 1.000000 0.457333 0.519593 0.346116 -0.540563 1.000000 
0.474779 0.519639 0.348449 -0.561617 1.000000 0.471629 0.519608 0.367517 -0.552205 1.000000 0.468332 0.519593 0.364335 -0.530987 1.000000 0.464419 0.519593 0.364335 -0.530987 0.998045 0.459818 0.519593 0.346116 -0.540563 1.000000 0.454798 0.519685 0.346116 -0.540563 1.000000 
0.473179 0.519624 0.367517 -0.552205 1.000000 0.470054 0.519593 0.367517 -0.552205 1.000000 0.466486 0.519593 0.364335 -0.530987 0.996090 0.462205 0.519593 0.364335 -0.530987 1.000000 0.457333 0.519593 0.346116 -0.540563 1.000000 0.452264 0.519808 0.346116 -0.540563 1.000000 
0.471629 0.519608 0.367517 -0.552205 1.000000 0.468332 0.519593 0.364335 -0.530987 1.000000 0.464419 0.519593 0.364335 -0.530987 0.998045 0.459818 0.519593 0.346116 -0.540563 1.000000 0.454798 0.519685 0.346116 -0.540563 1.000000 0.449852 0.519900 0.346116 -0.540563 1.000000 
0.470054 0.519593 0.367517 -0.552205 1.000000 0.466486 0.519593 0.364335 -0.530987 0.996090 0.462205 0.519593 0.364335 -0.530987 1.000000 0.457333 0.519593 0.346116 -0.540563 1.000000 0.452264 0.519808 0.346116 -0.540563 1.000000 0.447539 0.519962 0.346116 -0.540563 1.000000 
0.468332 0.519593 0.364335 -0.530987 1.000000 0.464419 0.519593 0.364335 -0.530987 0.998045 0.459818 0.519593 0.346116 -0.540563 1.000000 0.454798 0.519685 0.346116 -0.540563 1.000000 0.449852 0.519900 0.346116 -0.540563 1.000000 0.445399 0.519993 0.346116 -0.540563 1.000000 
0.466486 0.519593 0.364335 -0.530987 0.996090 0.462205 0.519593 0.364335 -0.530987 1.000000 0.457333 0.519593 0.346116 -0.540563 1.000000 0.452264 0.519808 0.346116 -0.540563 1.000000 0.447539 0.519962 0.346116 -0.540563 1.000000 0.443455 0.520039 0.346116 -0.540563 1.000000 
0.464419 0.519593 0.364335 -0.530987 0.998045 0.459818 0.519593 0.346116 -0.540563 1.000000 0.454798 0.519685 0.346116 -0.540563 1.000000 0.449852 0.519900 0.346116 -0.540563 1.000000 0.445399 0.519993 0.346116 -0.540563 1.000000 0.441806 0.520070 0.343283 -0.519589 1.000000 
0.462205 0.519593 0.364335 -0.530987 1.000000 0.457333 0.519593 0.346116 -0.540563 1.000000 0.452264 0.519808 0.346116 -0.540563 1.000000 0.447539 0.519962 0.346116 -0.540563 1.000000 0.443455 0.520039 0.346116 -0.540563 1.000000 0.440305 0.520085 0.373202 -0.525957 1.000000 
0.459818 0.519593 0.346116 -0.540563 1.000000 0.454798 0.519685 0.346116 -0.540563 1.000000 0.449852 0.519900 0.346116 -0.540563 1.000000 0.445399 0.519993 0.346116 -0.540563 1.000000 0.441806 0.520070 0.343283 -0.519589 1.000000 0.439050 0.520085 0.373202 -0.525957 1.000000 
0.457333 0.519593 0.346116 -0.540563 1.000000 0.452264 0.519808 0.346116 -0.540563 1.000000 0.447539 0.519962 0.346116 -0.540563 1.000000 0.443455 0.520039 0.346116 -0.540563 1.000000 0.440305 0.520085 0.373202 -0.525957 1.000000 0.438041 0.520085 0.373202 -0.525957 1.000000 
0.454798 0.519685 0.346116 -0.540563 1.000000 0.449852 0.519900 0.346116 -0.540563 1.000000 0.445399 0.519993 0.346116 -0.540563 1.000000 0.441806 0.520070 0.343283 -0.519589 1.000000 0.439050 0.520085 0.373202 -0.525957 1.000000 0.437254 0.520085 0.373202 -0.525957 1.000000 
0.452264 0.519808 0.346116 -0.540563 1.000000 0.447539 0.519962 0.346116 -0.540563 1.000000 0.443455 0.520039 0.346116 -0.540563 1.000000 0.440305 0.520085 0.373202 -0.525957 1.000000 0.438041 0.520085 0.373202 -0.525957 1.000000 0.436639 0.520085 0.373202 -0.525957 1.000000 
0.449852 0.519900 0.346116 -0.540563 1.000000 0.445399 0.519993 0.346116 -0.540563 1.000000 0.441806 0.520070 0.343283 -0.519589 1.000000 0.439050 0.520085 0.373202 -0.525957 1.000000 0.437254 0.520085 0.373202 -0.525957 1.000000 0.436196 0.520085 0.373202 -0.525957 1.000000 
0.447539 0.519962 0.346116 -0.540563 1.000000 0.443455 0.520039 0.346116 -0.540563 1.000000 0.440305 0.520085 0.373202 -0.525957 1.000000 0.438041 0.520085 0.373202 -0.525957 1.000000 0.436639 0.520085 0.373202 -0.525957 1.000000 0.435827 0.520085 0.373202 -0.525957 1.000000 
0.445399 0.519993 0.346116 -0.540563 1.000000 0.441806 0.520070 0.343283 -0.519589 1.000000 0.439050 0.520085 0.373202 -0.525957 1.000000 0.437254 0.520085 0.373202 -0.525957 1.000000 0.436196 0.520085 0.373202 -0.525957 1.000000 0.435482 0.520085 0.373202 -0.525957 1.000000 
0.443455 0.520039 0.346116 -0.540563 1.000000 0.440305 0.520085 0.373202 -0.525957 1.000000 0.438041 0.520085 0.373202 -0.525957 1.000000 0.436639 0.520085 0.373202 -0.525957 1.000000 0.435827 0.520085 0.373202 -0.525957 1.000000 0.435138 0.520085 0.373202 -0.525957 1.000000 
0.441806 0.520070 0.343283 -0.519589 1.000000 0.439050 0.520085 0.373202 -0.525957 1.000000 0.437254 0.520085 0.373202 -0.525957 1.000000 0.436196 0.520085 0.373202 -0.525957 1.000000 0.435482 0.520085 0.373202 -0.525957 1.000000 0.434424 0.520085 0.373202 -0.525957 1.000000 
0.440305 0.520085 0.373202 -0.525957 1.000000 0.438041 0.520085 0.373202 -0.525957 1.000000 0.436639 0.520085 0.373202 -0.525957 1.000000 0.435827 0.520085 0.373202 -0.525957 1.000000 0.435138 0.520085 0.373202 -0.525957 1.000000 0.434793 0.520085 0.373202 -0.525957 1.000000 
0.439050 0.520085 0.373202 -0.525957 1.000000 0.437254 0.520085 0.373202 -0.525957 1.000000 0.436196 0.520085 0.373202 -0.525957 1.000000 0.435482 0.520085 0.373202 -0.525957 1.000000 0.434424 0.520085 0.373202 -0.525957 1.000000 0.434006 0.520085 0.373202 -0.525957 1.000000 
0.438041 0.520085 0.373202 -0.525957 1.000000 0.436639 0.520085 0.373202 -0.525957 1.000000 0.435827 0.520085 0.373202 -0.525957 1.000000 0.435138 0.520085 0.373202 -0.525957 1.000000 0.434793 0.520085 0.373202 -0.525957 1.000000 0.432997 0.520085 0.373202 -0.525957 1.000000 
0.437254 0.520085 0.373202 -0.525957 1.000000 0.436196 0.520085 0.373202 -0.525957 1.000000 0.435482 0.520085 0.373202 -0.525957 1.000000 0.434424 0.520085 0.373202 -0.525957 1.000000 0.434006 0.520085 0.373202 -0.525957 1.000000 0.433514 0.520085 0.373202 -0.525957 1.000000 
0.436639 0.520085 0.373202 -0.525957 1.000000 0.435827 0.520085 0.373202 -0.525957 1.000000 0.435138 0.520085 0.373202 -0.525957 1.000000 0.434793 0.520085 0.373202 -0.525957 1.000000 0.432997 0.520085 0.373202 -0.525957 1.000000 0.432382 0.520085 0.343283 -0.519589 1.000000 
0.436196 0.520085 0.373202 -0.525957 1.000000 0.435482 0.520085 0.373202 -0.525957 1.000000 0.434424 0.520085 0.373202 -0.525957 1.000000 0.434006 0.520085 0.373202 -0.525957 1.000000 0.433514 0.520085 0.373202 -0.525957 1.000000 0.431767 0.520085 0.343283 -0.519589 1.000000 
0.435827 0.520085 0.373202 -0.525957 1.000000 0.435138 0.520085 0.373202 -0.525957 1.000000 0.434793 0.520085 0.373202 -0.525957 1.000000 0.432997 0.520085 0.373202 -0.525957 1.000000 0.432382 0.520085 0.343283 -0.519589 1.000000 0.431102 0.520085 0.343283 -0.519589 1.000000 
0.435482 0.520085 0.373202 -0.525957 1.000000 0.434424 0.520085 0.373202 -0.525957 1.000000 0.434006 0.520085 0.373202 -0.525957 1.000000 0.433514 0.520085 0.373202 -0.525957 1.000000 0.431767 0.520085 0.343283 -0.519589 1.000000 0.430413 0.520085 0.343283 -0.519589 1.000000 
0.435138 0.520085 0.373202 -0.525957 1.000000 0.434793 0.520085 0.373202 -0.525957 1.000000 0.432997 0.520085 0.373202 -0.525957 1.000000 0.432382 0.520085 0.343283 -0.519589 1.000000 0.431102 0.520085 0.343283 -0.519589 1.000000 0.429798 0.520085 0.352059 -0.514810 1.000000 
0.434424 0.520085 0.373202 -0.525957 1.000000 0.434006 0.520085 0.373202 -0.525957 1.000000 0.433514 0.520085 0.373202 -0.525957 1.000000 0.431767 0.520085 0.343283 -0.519589 1.000000 0.430413 0.520085 0.343283 -0.519589 1.000000 0.429208 0.520085 0.352059 -0.514810 1.000000 
0.434793 0.520085 0.373202 -0.525957 1.000000 0.432997 0.520085 0.373202 -0.525957 1.000000 0.432382 0.520085 0.343283 -0.519589 1.000000 0.431102 0.520085 0.343283 -0.519589 1.000000 0.429798 0.520085 0.352059 -0.514810 1.000000 0.428691 0.520085 0.352059 -0.514810 1.000000 
0.434006 0.520085 0.373202 -0.525957 1.000000 0.433514 0.520085 0.373202 -0.525957 1.000000 0.431767 0.520085 0.343283 -0.519589 1.000000 0.430413 0.520085 0.343283 -0.519589 1.000000 0.429208 0.520085 0.352059 -0.514810 1.000000 0.428273 0.520085 0.352059 -0.514810 1.000000 
0.432997 0.520085 0.373202 -0.525957 1.000000 0.432382 0.520085 0.343283 -0.519589 1.000000 0.431102 0.520085 0.343283 -0.519589 1.000000 0.429798 0.520085 0.352059 -0.514810 1.000000 0.428691 0.520085 0.352059 -0.514810 1.000000 0.427953 0.520085 0.352059 -0.514810 1.000000 
0.433514 0.520085 0.373202 -0.525957 1.000000 0.431767 0.520085 0.343283 -0.519589 1.000000 0.430413 0.520085 0.343283 -0.519589 1.000000 0.429208 0.520085 0.352059 -0.514810 1.000000 0.428273 0.520085 0.352059 -0.514810 1.000000 0.427682 0.520085 0.352059 -0.514810 1.000000 
0.432382 0.520085 0.343283 -0.519589 1.000000 0.431102 0.520085 0.343283 -0.519589 1.000000 0.429798 0.520085 0.352059 -0.514810 1.000000 0.428691 0.520085 0.352059 -0.514810 1.000000 0.427953 0.520085 0.352059 -0.514810 1.000000 0.427510 0.520085 0.348336 -0.493881 1.000000 
0.431767 0.520085 0.343283 -0.519589 1.000000 0.430413 0.520085 0.343283 -0.519589 1.000000 0.429208 0.520085 0.352059 -0.514810 1.000000 0.428273 0.520085 0.352059 -0.514810 1.000000 0.427682 0.520085 0.352059 -0.514810 1.000000 0.427362 0.520085 0.348336 -0.493881 1.000000 
0.431102 0.520085 0.343283 -0.519589 1.000000 0.429798 0.520085 0.352059 -0.514810 1.000000 0.428691 0.520085 0.352059 -0.514810 1.000000 0.427953 0.520085 0.352059 -0.514810 1.000000 0.427510 0.520085 0.348336 -0.493881 1.000000 0.427215 0.520085 0.348336 -0.493881 1.000000 
0.430413 0.520085 0.343283 -0.519589 1.000000 0.429208 0.520085 0.352059 -0.514810 1.000000 0.428273 0.520085 0.352059 -0.514810 1.000000 0.427682 0.520085 0.352059 -0.514810 1.000000 0.427362 0.520085 0.348336 -0.493881 1.000000 0.427042 0.520085 0.348336 -0.493881 1.000000 
0.429798 0.520085 0.352059 -0.514810 1.000000 0.428691 0.520085 0.352059 -0.514810 1.000000 0.427953 0.520085 0.352059 -0.514810 1.000000 0.427510 0.520085 0.348336 -0.493881 1.000000 0.427215 0.520085 0.348336 -0.493881 1.000000 0.426870 0.520085 0.351993 -0.468062 1.000000 
0.429208 0.520085 0.352059 -0.514810 1.000000 0.428273 0.520085 0.352059 -0.514810 1.000000 0.427682 0.520085 0.352059 -0.514810 1.000000 0.427362 0.520085 0.348336 -0.493881 1.000000 0.427042 0.520085 0.348336 -0.493881 1.000000 0.426649 0.520054 0.372570 -0.478448 1.000000 
0.428691 0.520085 0.352059 -0.514810 1.000000 0.427953 0.520085 0.352059 -0.514810 1.000000 0.427510 0.520085 0.348336 -0.493881 1.000000 0.427215 0.520085 0.348336 -0.493881 1.000000 0.426870 0.520085 0.351993 -0.468062 1.000000 0.426378 0.520039 0.372570 -0.478448 1.000000 
0.428273 0.520085 0.352059 -0.514810 1.000000 0.427682 0.520085 0.352059 -0.514810 1.000000 0.427362 0.520085 0.348336 -0.493881 1.000000 0.427042 0.520085 0.348336 -0.493881 1.000000 0.426649 0.520054 0.372570 -0.478448 1.000000 0.426083 0.519993 0.372570 -0.478448 1.000000 
0.427953 0.520085 0.352059 -0.514810 1.000000 0.427510 0.520085 0.348336 -0.493881 1.000000 0.427215 0.520085 0.348336 -0.493881 1.000000 0.426870 0.520085 0.351993 -0.468062 1.000000 0.426378 0.520039 0.372570 -0.478448 1.000000 0.425714 0.519962 0.372570 -0.478448 1.000000 
0.427682 0.520085 0.352059 -0.514810 1.000000 0.427362 0.520085 0.348336 -0.493881 1.000000 0.427042 0.520085 0.348336 -0.493881 1.000000 0.426649 0.520054 0.372570 -0.478448 1.000000 0.426083 0.519993 0.372570 -0.478448 1.000000 0.424754 0.519808 0.367254 -0.457552 1.000000 
0.427510 0.520085 0.348336 -0.493881 1.000000 0.427215 0.520085 0.348336 -0.493881 1.000000 0.426870 0.520085 0.351993 -0.468062 1.000000 0.426378 0.520039 0.372570 -0.478448 1.000000 0.425714 0.519962 0.372570 -0.478448 1.000000 0.425394 0.519916 0.367254 -0.457552 1.000000 
0.427362 0.520085 0.348336 -0.493881 1.000000 0.427042 0.520085 0.348336 -0.493881 1.000000 0.426649 0.520054 0.372570 -0.478448 1.000000 0.426083 0.519993 0.372570 -0.478448 1.000000 0.424754 0.519808 0.367254 -0.457552 1.000000 0.425049 0.519870 0.367254 -0.457552 1.000000 
0.427215 0.520085 0.348336 -0.493881 1.000000 0.426870 0.520085 0.351993 -0.468062 1.000000 0.426378 0.520039 0.372570 -0.478448 1.000000 0.425714 0.519962 0.372570 -0.478448 1.000000 0.425394 0.519916 0.367254 -0.457552 1.000000 0.424557 0.519777 0.367254 -0.457552 1.000000 
0.427042 0.520085 0.348336 -0.493881 1.000000 0.426649 0.520054 0.372570 -0.478448 1.000000 0.426083 0.519993 0.372570 -0.478448 1.000000 0.424754 0.519808 0.367254 -0.457552 1.000000 0.425049 0.519870 0.367254 -0.457552 1.000000 0.424163 0.519716 0.361515 -0.436865 1.000000 
0.426870 0.520085 0.351993 -0.468062 1.000000 0.426378 0.520039 0.372570 -0.478448 1.000000 0.425714 0.519962 0.372570 -0.478448 1.000000 0.425394 0.519916 0.367254 -0.457552 1.000000 0.424557 0.519777 0.367254 -0.457552 1.000000 0.424311 0.519747 0.367254 -0.457552 1.000000 
0.426649 0.520054 0.372570 -0.478448 1.000000 0.426083 0.519993 0.372570 -0.478448 1.000000 0.424754 0.519808 0.367254 -0.457552 1.000000 0.425049 0.519870 0.367254 -0.457552 1.000000 0.424163 0.519716 0.361515 -0.436865 1.000000 0.424040 0.519700 0.361515 -0.436865 1.000000 
0.426378 0.520039 0.372570 -0.478448 1.000000 0.425714 0.519962 0.372570 -0.478448 1.000000 0.425394 0.519916 0.367254 -0.457552 1.000000 0.424557 0.519777 0.367254 -0.457552 1.000000 0.424311 0.519747 0.367254 -0.457552 1.000000 0.423991 0.519685 0.361515 -0.436865 1.000000 
0.426083 0.519993 0.372570 -0.478448 1.000000 0.424754 0.519808 0.367254 -0.457552 1.000000 0.425049 0.519870 0.367254 -0.457552 1.000000 0.424163 0.519716 0.361515 -0.436865 1.000000 0.424040 0.519700 0.361515 -0.436865 1.000000 0.423942 0.519685 0.361515 -0.436865 1.000000 
0.425714 0.519962 0.372570 -0.478448 1.000000 0.425394 0.519916 0.367254 -0.457552 1.000000 0.424557 0.519777 0.367254 -0.457552 1.000000 0.424311 0.519747 0.367254 -0.457552 1.000000 0.423991 0.519685 0.361515 -0.436865 1.000000 0.423917 0.519685 0.361515 -0.436865 1.000000 
0.424754 0.519808 0.367254 -0.457552 1.000000 0.425049 0.519870 0.367254 -0.457552 1.000000 0.424163 0.519716 0.361515 -0.436865 1.000000 0.424040 0.519700 0.361515 -0.436865 1.000000 0.423942 0.519685 0.361515 -0.436865 1.000000 0.423893 0.519685 0.361515 -0.436865 1.000000 
0.425394 0.519916 0.367254 -0.457552 1.000000 0.424557 0.519777 0.367254 -0.457552 1.000000 0.424311 0.519747 0.367254 -0.457552 1.000000 0.423991 0.519685 0.361515 -0.436865 1.000000 0.423917 0.519685 0.361515 -0.436865 1.000000 0.423868 0.519685 0.389055 -0.440666 1.000000 
0.425049 0.519870 0.367254 -0.457552 1.000000 0.424163 0.519716 0.361515 -0.436865 1.000000 0.424040 0.519700 0.361515 -0.436865 1.000000 0.423942 0.519685 0.361515 -0.436865 1.000000 0.423893 0.519685 0.361515 -0.436865 1.000000 0.423843 0.519685 0.389055 -0.440666 1.000000 
0.424557 0.519777 0.367254 -0.457552 1.000000 0.424311 0.519747 0.367254 -0.457552 1.000000 0.423991 0.519685 0.361515 -0.436865 1.000000 0.423917 0.519685 0.361515 -0.436865 1.000000 0.423868 0.519685 0.389055 -0.440666 1.000000 0.423819 0.519685 0.381935 -0.446445 1.000000 
0.424163 0.519716 0.361515 -0.436865 1.000000 0.424040 0.519700 0.361515 -0.436865 1.000000 0.423942 0.519685 0.361515 -0.436865 1.000000 0.423893 0.519685 0.361515 -0.436865 1.000000 0.423843 0.519685 0.389055 -0.440666 1.000000 0.423794 0.519685 0.381935 -0.446445 1.000000 
0.424311 0.519747 0.367254 -0.457552 1.000000 0.423991 0.519685 0.361515 -0.436865 1.000000 0.423917 0.519685 0.361515 -0.436865 1.000000 0.423868 0.519685 0.389055 -0.440666 1.000000 0.423819 0.519685 0.381935 -0.446445 1.000000 0.423745 0.519685 0.381935 -0.446445 1.000000 
0.424040 0.519700 0.361515 -0.436865 1.000000 0.423942 0.519685 0.361515 -0.436865 1.000000 0.423893 0.519685 0.361515 -0.436865 1.000000 0.423843 0.519685 0.389055 -0.440666 1.000000 0.423794 0.519685 0.381935 -0.446445 1.000000 0.423720 0.519685 0.367254 -0.457552 1.000000 
0.423991 0.519685 0.361515 -0.436865 1.000000 0.423917 0.519685 0.361515 -0.436865 1.000000 0.423868 0.519685 0.389055 -0.440666 1.000000 0.423819 0.519685 0.381935 -0.446445 1.000000 0.423745 0.519685 0.381935 -0.446445 1.000000 0.423696 0.519685 0.367254 -0.457552 1.000000 
0.423942 0.519685 0.361515 -0.436865 1.000000 0.423893 0.519685 0.361515 -0.436865 1.000000 0.423843 0.519685 0.389055 -0.440666 1.000000 0.423794 0.519685 0.381935 -0.446445 1.000000 0.423720 0.519685 0.367254 -0.457552 1.000000 0.423647 0.519685 0.367254 -0.457552 1.000000 
0.423917 0.519685 0.361515 -0.436865 1.000000 0.423868 0.519685 0.389055 -0.440666 1.000000 0.423819 0.519685 0.381935 -0.446445 1.000000 0.423745 0.519685 0.381935 -0.446445 1.000000 0.423696 0.519685 0.367254 -0.457552 1.000000 0.423622 0.519685 0.372570 -0.478448 1.000000 
0.423893 0.519685 0.361515 -0.436865 1.000000 0.423843 0.519685 0.389055 -0.440666 1.000000 0.423794 0.519685 0.381935 -0.446445 1.000000 0.423720 0.519685 0.367254 -0.457552 1.000000 0.423647 0.519685 0.367254 -0.457552 1.000000 0.423597 0.519685 0.372570 -0.478448 1.000000 
0.423868 0.519685 0.389055 -0.440666 1.000000 0.423819 0.519685 0.381935 -0.446445 1.000000 0.423745 0.519685 0.381935 -0.446445 1.000000 0.423696 0.519685 0.367254 -0.457552 1.000000 0.423622 0.519685 0.372570 -0.478448 1.000000 0.423548 0.519685 0.364642 -0.483746 1.000000 
0.423843 0.519685 0.389055 -0.440666 1.000000 0.423794 0.519685 0.381935 -0.446445 1.000000 0.423720 0.519685 0.367254 -0.457552 1.000000 0.423647 0.519685 0.367254 -0.457552 1.000000 0.423597 0.519685 0.372570 -0.478448 1.000000 0.423524 0.519685 0.364642 -0.483746 1.000000 
0.423819 0.519685 0.381935 -0.446445 1.000000 0.423745 0.519685 0.381935 -0.446445 1.000000 0.423696 0.519685 0.367254 -0.457552 1.000000 0.423622 0.519685 0.372570 -0.478448 1.000000 0.423548 0.519685 0.364642 -0.483746 1.000000 0.423499 0.519608 0.364642 -0.483746 1.000000 
0.423794 0.519685 0.381935 -0.446445 1.000000 0.423720 0.519685 0.367254 -0.457552 1.000000 0.423647 0.519685 0.367254 -0.457552 1.000000 0.423597 0.519685 0.372570 -0.478448 1.000000 0.423524 0.519685 0.364642 -0.483746 1.000000 0.423499 0.519654 0.364642 -0.483746 1.000000 
0.423745 0.519685 0.381935 -0.446445 1.000000 0.423696 0.519685 0.367254 -0.457552 1.000000 0.423622 0.519685 0.372570 -0.478448 1.000000 0.423548 0.519685 0.364642 -0.483746 1.000000 0.423499 0.519608 0.364642 -0.483746 1.000000 0.423499 0.519639 0.364642 -0.483746 1.000000 
0.423720 0.519685 0.367254 -0.457552 1.000000 0.423647 0.519685 0.367254 -0.457552 1.000000 0.423597 0.519685 0.372570 -0.478448 1.000000 0.423524 0.519685 0.364642 -0.483746 1.000000 0.423499 0.519654 0.364642 -0.483746 1.000000 0.423499 0.519577 0.364642 -0.483746 1.000000 
0.423696 0.519685 0.367254 -0.457552 1.000000 0.423622 0.519685 0.372570 -0.478448 1.000000 0.423548 0.519685 0.364642 -0.483746 1.000000 0.423499 0.519608 0.364642 -0.483746 1.000000 0.423499 0.519639 0.364642 -0.483746 1.000000 0.423450 0.519485 0.364642 -0.483746 1.000000 
0.423647 0.519685 0.367254 -0.457552 1.000000 0.423597 0.519685 0.372570 -0.478448 1.000000 0.423524 0.519685 0.364642 -0.483746 1.000000 0.423499 0.519654 0.364642 -0.483746 1.000000 0.423499 0.519577 0.364642 -0.483746 1.000000 0.423474 0.519531 0.364642 -0.483746 1.000000 
0.423622 0.519685 0.372570 -0.478448 1.000000 0.423548 0.519685 0.364642 -0.483746 1.000000 0.423499 0.519608 0.364642 -0.483746 1.000000 0.423499 0.519639 0.364642 -0.483746 1.000000 0.423450 0.519485 0.364642 -0.483746 1.000000 0.423450 0.519439 0.364642 -0.483746 1.000000 
0.423597 0.519685 0.372570 -0.478448 1.000000 0.423524 0.519685 0.364642 -0.483746 1.000000 0.423499 0.519654 0.364642 -0.483746 1.000000 0.423499 0.519577 0.364642 -0.483746 1.000000 0.423474 0.519531 0.364642 -0.483746 1.000000 0.423450 0.519347 0.364642 -0.483746 1.000000 
0.423548 0.519685 0.364642 -0.483746 1.000000 0.423499 0.519608 0.364642 -0.483746 1.000000 0.423499 0.519639 0.364642 -0.483746 1.000000 0.423450 0.519485 0.364642 -0.483746 1.000000 0.423450 0.519439 0.364642 -0.483746 1.000000 0.423401 0.519224 0.364642 -0.483746 1.000000 
0.423524 0.519685 0.364642 -0.483746 1.000000 0.423499 0.519654 0.364642 -0.483746 1.000000 0.423499 0.519577 0.364642 -0.483746 1.000000 0.423474 0.519531 0.364642 -0.483746 1.000000 0.423450 0.519347 0.364642 -0.483746 1.000000 0.423327 0.519024 0.348336 -0.493881 1.000000 
0.423499 0.519608 0.364642 -0.483746 1.000000 0.423499 0.519639 0.364642 -0.483746 1.000000 0.423450 0.519485 0.364642 -0.483746 1.000000 0.423450 0.519439 0.364642 -0.483746 1.000000 0.423401 0.519224 0.364642 -0.483746 1.000000 0.423155 0.518701 0.348336 -0.493881 1.000000 
0.423499 0.519654 0.364642 -0.483746 1.000000 0.423499 0.519577 0.364642 -0.483746 1.000000 0.423474 0.519531 0.364642 -0.483746 1.000000 0.423450 0.519347 0.364642 -0.483746 1.000000 0.423327 0.519024 0.348336 -0.493881 1.000000 0.423056 0.518270 0.348336 -0.493881 1.000000 
0.423499 0.519639 0.364642 -0.483746 1.000000 0.423450 0.519485 0.364642 -0.483746 1.000000 0.423450 0.519439 0.364642 -0.483746 1.000000 0.423401 0.519224 0.364642 -0.483746 1.000000 0.423155 0.518701 0.348336 -0.493881 1.000000 0.422884 0.517763 0.348336 -0.493881 1.000000 
0.423499 0.519577 0.364642 -0.483746 1.000000 0.423474 0.519531 0.364642 -0.483746 1.000000 0.423450 0.519347 0.364642 -0.483746 1.000000 0.423327 0.519024 0.348336 -0.493881 1.000000 0.423056 0.518270 0.348336 -0.493881 1.000000 0.422613 0.517178 0.348336 -0.493881 1.000000 
0.423450 0.519485 0.364642 -0.483746 1.000000 0.423450 0.519439 0.364642 -0.483746 1.000000 0.423401 0.519224 0.364642 -0.483746 1.000000 0.423155 0.518701 0.348336 -0.493881 1.000000 0.422884 0.517763 0.348336 -0.493881 1.000000 0.422269 0.516486 0.348336 -0.493881 1.000000 
0.423474 0.519531 0.364642 -0.483746 1.000000 0.423450 0.519347 0.364642 -0.483746 1.000000 0.423327 0.519024 0.348336 -0.493881 1.000000 0.423056 0.518270 0.348336 -0.493881 1.000000 0.422613 0.517178 0.348336 -0.493881 1.000000 0.421875 0.515687 0.328033 -0.482709 1.000000 
0.423450 0.519439 0.364642 -0.483746 1.000000 0.423401 0.519224 0.364642 -0.483746 1.000000 0.423155 0.518701 0.348336 -0.493881 1.000000 0.422884 0.517763 0.348336 -0.493881 1.000000 0.422269 0.516486 0.348336 -0.493881 1.000000 0.421481 0.514825 0.328033 -0.482709 1.000000 
0.423450 0.519347 0.364642 -0.483746 1.000000 0.423327 0.519024 0.348336 -0.493881 1.000000 0.423056 0.518270 0.348336 -0.493881 1.000000 0.422613 0.517178 0.348336 -0.493881 1.000000 0.421875 0.515687 0.328033 -0.482709 1.000000 0.421088 0.513918 0.328033 -0.482709 1.000000 
0.423401 0.519224 0.364642 -0.483746 1.000000 0.423155 0.518701 0.348336 -0.493881 1.000000 0.422884 0.517763 0.348336 -0.493881 1.000000 0.422269 0.516486 0.348336 -0.493881 1.000000 0.421481 0.514825 0.328033 -0.482709 1.000000 0.420620 0.512995 0.328033 -0.482709 1.000000 
0.423327 0.519024 0.348336 -0.493881 1.000000 0.423056 0.518270 0.348336 -0.493881 1.000000 0.422613 0.517178 0.348336 -0.493881 1.000000 0.421875 0.515687 0.328033 -0.482709 1.000000 0.421088 0.513918 0.328033 -0.482709 1.000000 0.420030 0.511949 0.328033 -0.482709 1.000000 
0.423155 0.518701 0.348336 -0.493881 1.000000 0.422884 0.517763 0.348336 -0.493881 1.000000 0.422269 0.516486 0.348336 -0.493881 1.000000 0.421481 0.514825 0.328033 -0.482709 1.000000 0.420620 0.512995 0.328033 -0.482709 1.000000 0.419488 0.510811 0.311363 -0.491734 1.000000 
0.423056 0.518270 0.348336 -0.493881 1.000000 0.422613 0.517178 0.348336 -0.493881 1.000000 0.421875 0.515687 0.328033 -0.482709 1.000000 0.421088 0.513918 0.328033 -0.482709 1.000000 0.420030 0.511949 0.328033 -0.482709 1.000000 0.418947 0.509643 0.311363 -0.491734 1.000000 
0.422884 0.517763 0.348336 -0.493881 1.000000 0.422269 0.516486 0.348336 -0.493881 1.000000 0.421481 0.514825 0.328033 -0.482709 1.000000 0.420620 0.512995 0.328033 -0.482709 1.000000 0.419488 0.510811 0.311363 -0.491734 1.000000 0.418479 0.508474 0.311363 -0.491734 1.000000 
0.422613 0.517178 0.348336 -0.493881 1.000000 0.421875 0.515687 0.328033 -0.482709 1.000000 0.421088 0.513918 0.328033 -0.482709 1.000000 0.420030 0.511949 0.328033 -0.482709 1.000000 0.418947 0.509643 0.311363 -0.491734 1.000000 0.417987 0.507320 0.302825 -0.496025 1.000000 
0.422269 0.516486 0.348336 -0.493881 1.000000 0.421481 0.514825 0.328033 -0.482709 1.000000 0.420620 0.512995 0.328033 -0.482709 1.000000 0.419488 0.510811 0.311363 -0.491734 1.000000 0.418479 0.508474 0.311363 -0.491734 1.000000 0.417470 0.506182 0.294154 -0.500170 1.000000 
0.421875 0.515687 0.328033 -0.482709 1.000000 0.421088 0.513918 0.328033 -0.482709 1.000000 0.420030 0.511949 0.328033 -0.482709 1.000000 0.418947 0.509643 0.311363 -0.491734 1.000000 0.417987 0.507320 0.302825 -0.496025 1.000000 0.416954 0.505014 0.276422 -0.508020 1.000000 
0.421481 0.514825 0.328033 -0.482709 1.000000 0.420620 0.512995 0.328033 -0.482709 1.000000 0.419488 0.510811 0.311363 -0.491734 1.000000 0.418479 0.508474 0.311363 -0.491734 1.000000 0.417470 0.506182 0.294154 -0.500170 1.000000 0.416511 0.503799 0.276422 -0.508020 1.000000 
0.421088 0.513918 0.328033 -0.482709 1.000000 0.420030 0.511949 0.328033 -0.482709 1.000000 0.418947 0.509643 0.311363 -0.491734 1.000000 0.417987 0.507320 0.302825 -0.496025 1.000000 0.416954 0.505014 0.276422 -0.508020 1.000000 0.416216 0.502753 0.276422 -0.508020 0.996090 
0.420620 0.512995 0.328033 -0.482709 1.000000 0.419488 0.510811 0.311363 -0.491734 1.000000 0.418479 0.508474 0.311363 -0.491734 1.000000 0.417470 0.506182 0.294154 -0.500170 1.000000 0.416511 0.503799 0.276422 -0.508020 1.000000 0.415896 0.501722 0.267366 -0.511727 0.982405 
0.420030 0.511949 0.328033 -0.482709 1.000000 0.418947 0.509643 0.311363 -0.491734 1.000000 0.417987 0.507320 0.302825 -0.496025 1.000000 0.416954 0.505014 0.276422 -0.508020 1.000000 0.416216 0.502753 0.276422 -0.508020 0.996090 0.415551 0.499662 0.258187 -0.515290 0.997067 
0.419488 0.510811 0.311363 -0.491734 1.000000 0.418479 0.508474 0.311363 -0.491734 1.000000 0.417470 0.506182 0.294154 -0.500170 1.000000 0.416511 0.503799 0.276422 -0.508020 1.000000 0.415896 0.501722 0.267366 -0.511727 0.982405 0.415723 0.500692 0.267366 -0.511727 0.996090 
0.426403 0.492803 0.348508 -0.421760 0.000000 0.424114 0.492772 0.389055 -0.440666 0.000000 0.423032 0.493356 0.409103 -0.476921 0.000000 0.421334 0.495386 0.436911 -0.507869 0.000000 0.420768 0.497247 0.451070 -0.523528 0.000000 0.420718 0.499185 0.456969 -0.545677 0.000000 
0.426107 0.492772 0.361515 -0.436865 0.000000 0.423893 0.492849 0.381935 -0.446445 0.000000 0.422293 0.494218 0.422924 -0.492334 0.000000 0.421038 0.496294 0.442817 -0.529780 0.000000 0.420768 0.498216 0.456969 -0.545677 0.000000 0.420718 0.500092 0.471309 -0.561700 0.000000 
0.424114 0.492772 0.389055 -0.440666 0.000000 0.423032 0.493356 0.409103 -0.476921 0.000000 0.421334 0.495386 0.436911 -0.507869 0.000000 0.420768 0.497247 0.451070 -0.523528 0.000000 0.420718 0.499185 0.456969 -0.545677 0.000000 0.420718 0.500907 0.471309 -0.561700 0.000000 
0.423893 0.492849 0.381935 -0.446445 0.000000 0.422293 0.494218 0.422924 -0.492334 0.000000 0.421038 0.496294 0.442817 -0.529780 0.000000 0.420768 0.498216 0.456969 -0.545677 0.000000 0.420718 0.500092 0.471309 -0.561700 0.000000 0.420718 0.501676 0.471309 -0.561700 0.000000 
0.423032 0.493356 0.409103 -0.476921 0.000000 0.421334 0.495386 0.436911 -0.507869 0.000000 0.420768 0.497247 0.451070 -0.523528 0.000000 0.420718 0.499185 0.456969 -0.545677 0.000000 0.420718 0.500907 0.471309 -0.561700 0.000000 0.420718 0.502384 0.471309 -0.561700 0.000000 
0.422293 0.494218 0.422924 -0.492334 0.000000 0.421038 0.496294 0.442817 -0.529780 0.000000 0.420768 0.498216 0.456969 -0.545677 0.000000 0.420718 0.500092 0.471309 -0.561700 0.000000 0.420718 0.501676 0.471309 -0.561700 0.000000 0.421014 0.503060 0.471309 -0.561700 0.000000 
0.421334 0.495386 0.436911 -0.507869 0.000000 0.420768 0.497247 0.451070 -0.523528 0.000000 0.420718 0.499185 0.456969 -0.545677 0.000000 0.420718 0.500907 0.471309 -0.561700 0.000000 0.420718 0.502384 0.471309 -0.561700 0.000000 0.421481 0.503676 0.471309 -0.561700 0.000000 
0.421038 0.496294 0.442817 -0.529780 0.000000 0.420768 0.498216 0.456969 -0.545677 0.000000 0.420718 0.500092 0.471309 -0.561700 0.000000 0.420718 0.501676 0.471309 -0.561700 0.000000 0.421014 0.503060 0.471309 -0.561700 0.000000 0.421703 0.504306 0.471309 -0.561700 0.000000 
0.420768 0.497247 0.451070 -0.523528 0.000000 0.420718 0.499185 0.456969 -0.545677 0.000000 0.420718 0.500907 0.471309 -0.561700 0.000000 0.420718 0.502384 0.471309 -0.561700 0.000000 0.421481 0.503676 0.471309 -0.561700 0.000000 0.422220 0.504937 0.471309 -0.561700 0.000000 
0.420768 0.498216 0.456969 -0.545677 0.000000 0.420718 0.500092 0.471309 -0.561700 0.000000 0.420718 0.501676 0.471309 -0.561700 0.000000 0.421014 0.503060 0.471309 -0.561700 0.000000 0.421703 0.504306 0.471309 -0.561700 0.000000 0.422613 0.505613 0.465407 -0.539315 0.000000 
0.420718 0.499185 0.456969 -0.545677 0.000000 0.420718 0.500907 0.471309 -0.561700 0.000000 0.420718 0.502384 0.471309 -0.561700 0.000000 0.421481 0.503676 0.471309 -0.561700 0.000000 0.422220 0.504937 0.471309 -0.561700 0.000000 0.423228 0.506305 0.465407 -0.539315 0.000000 
0.420718 0.500092 0.471309 -0.561700 0.000000 0.420718 0.501676 0.471309 -0.561700 0.000000 0.421014 0.503060 0.471309 -0.561700 0.000000 0.421703 0.504306 0.471309 -0.561700 0.000000 0.422613 0.505613 0.465407 -0.539315 0.000000 0.423942 0.508274 0.456969 -0.545677 0.000000 
0.420718 0.500907 0.471309 -0.561700 0.000000 0.420718 0.502384 0.471309 -0.561700 0.000000 0.421481 0.503676 0.471309 -0.561700 0.000000 0.422220 0.504937 0.471309 -0.561700 0.000000 0.423228 0.506305 0.465407 -0.539315 0.000000 0.423302 0.506982 0.465407 -0.539315 0.000000 
0.420718 0.501676 0.471309 -0.561700 0.000000 0.421014 0.503060 0.471309 -0.561700 0.000000 0.421703 0.504306 0.471309 -0.561700 0.000000 0.422613 0.505613 0.465407 -0.539315 0.000000 0.423942 0.508274 0.456969 -0.545677 0.000000 0.423622 0.507659 0.456969 -0.545677 0.000000 
0.420718 0.502384 0.471309 -0.561700 0.000000 0.421481 0.503676 0.471309 -0.561700 0.000000 0.422220 0.504937 0.471309 -0.561700 0.000000 0.423228 0.506305 0.465407 -0.539315 0.000000 0.423302 0.506982 0.465407 -0.539315 0.000000 0.424114 0.508843 0.456969 -0.545677 0.000000 
0.421014 0.503060 0.471309 -0.561700 0.000000 0.421703 0.504306 0.471309 -0.561700 0.000000 0.422613 0.505613 0.465407 -0.539315 0.000000 0.423942 0.508274 0.456969 -0.545677 0.000000 0.423622 0.507659 0.456969 -0.545677 0.000000 0.424163 0.509335 0.451070 -0.523528 0.000000 
0.421481 0.503676 0.471309 -0.561700 0.000000 0.422220 0.504937 0.471309 -0.561700 0.000000 0.423228 0.506305 0.465407 -0.539315 0.000000 0.423302 0.506982 0.465407 -0.539315 0.000000 0.424114 0.508843 0.456969 -0.545677 0.000000 0.424213 0.509719 0.451070 -0.523528 0.000000 
0.421703 0.504306 0.471309 -0.561700 0.000000 0.422613 0.505613 0.465407 -0.539315 0.000000 0.423942 0.508274 0.456969 -0.545677 0.000000 0.423622 0.507659 0.456969 -0.545677 0.000000 0.424163 0.509335 0.451070 -0.523528 0.000000 0.424213 0.510042 0.451070 -0.523528 0.000000 
0.422220 0.504937 0.471309 -0.561700 0.000000 0.423228 0.506305 0.465407 -0.539315 0.000000 0.423302 0.506982 0.465407 -0.539315 0.000000 0.424114 0.508843 0.456969 -0.545677 0.000000 0.424213 0.509719 0.451070 -0.523528 0.000000 0.424213 0.510273 0.451070 -0.523528 0.170088 
0.422613 0.505613 0.465407 -0.539315 0.000000 0.423942 0.508274 0.456969 -0.545677 0.000000 0.423622 0.507659 0.456969 -0.545677 0.000000 0.424163 0.509335 0.451070 -0.523528 0.000000 0.424213 0.510042 0.451070 -0.523528 0.000000 0.424213 0.510473 0.451070 -0.523528 0.217009 
0.423228 0.506305 0.465407 -0.539315 0.000000 0.423302 0.506982 0.465407 -0.539315 0.000000 0.424114 0.508843 0.456969 -0.545677 0.000000 0.424213 0.509719 0.451070 -0.523528 0.000000 0.424213 0.510273 0.451070 -0.523528 0.170088 0.424213 0.510658 0.451070 -0.523528 0.253177 
0.423942 0.508274 0.456969 -0.545677 0.000000 0.423622 0.507659 0.456969 -0.545677 0.000000 0.424163 0.509335 0.451070 -0.523528 0.000000 0.424213 0.510042 0.451070 -0.523528 0.000000 0.424213 0.510473 0.451070 -0.523528 0.217009 0.424213 0.510827 0.451070 -0.523528 0.279570 
0.423302 0.506982 0.465407 -0.539315 0.000000 0.424114 0.508843 0.456969 -0.545677 0.000000 0.424213 0.509719 0.451070 -0.523528 0.000000 0.424213 0.510273 0.451070 -0.523528 0.170088 0.424213 0.510658 0.451070 -0.523528 0.253177 0.424213 0.511027 0.451070 -0.523528 0.313783 
0.423622 0.507659 0.456969 -0.545677 0.000000 0.424163 0.509335 0.451070 -0.523528 0.000000 0.424213 0.510042 0.451070 -0.523528 0.000000 0.424213 0.510473 0.451070 -0.523528 0.217009 0.424213 0.510827 0.451070 -0.523528 0.279570 0.424016 0.511227 0.451070 -0.523528 0.357771 
0.424114 0.508843 0.456969 -0.545677 0.000000 0.424213 0.509719 0.451070 -0.523528 0.000000 0.424213 0.510273 0.451070 -0.523528 0.170088 0.424213 0.510658 0.451070 -0.523528 0.253177 0.424213 0.511027 0.451070 -0.523528 0.313783 0.423893 0.511457 0.451070 -0.523528 0.403715 
0.424163 0.509335 0.451070 -0.523528 0.000000 0.424213 0.510042 0.451070 -0.523528 0.000000 0.424213 0.510473 0.451070 -0.523528 0.217009 0.424213 0.510827 0.451070 -0.523528 0.279570 0.424016 0.511227 0.451070 -0.523528 0.357771 0.423770 0.511688 0.451070 -0.523528 0.442815 
0.424213 0.509719 0.451070 -0.523528 0.000000 0.424213 0.510273 0.451070 -0.523528 0.170088 0.424213 0.510658 0.451070 -0.523528 0.253177 0.424213 0.511027 0.451070 -0.523528 0.313783 0.423893 0.511457 0.451070 -0.523528 0.403715 0.423696 0.511888 0.451070 -0.523528 0.477028 
0.424213 0.510042 0.451070 -0.523528 0.000000 0.424213 0.510473 0.451070 -0.523528 0.217009 0.424213 0.510827 0.451070 -0.523528 0.279570 0.424016 0.511227 0.451070 -0.523528 0.357771 0.423770 0.511688 0.451070 -0.523528 0.442815 0.423696 0.512103 0.451070 -0.523528 0.506354 
0.424213 0.510273 0.451070 -0.523528 0.170088 0.424213 0.510658 0.451070 -0.523528 0.253177 0.424213 0.511027 0.451070 -0.523528 0.313783 0.423893 0.511457 0.451070 -0.523528 0.403715 0.423696 0.511888 0.451070 -0.523528 0.477028 0.423696 0.512303 0.451070 -0.523528 0.536657 
0.424213 0.510473 0.451070 -0.523528 0.217009 0.424213 0.510827 0.451070 -0.523528 0.279570 0.424016 0.511227 0.451070 -0.523528 0.357771 0.423770 0.511688 0.451070 -0.523528 0.442815 0.423696 0.512103 0.451070 -0.523528 0.506354 0.423696 0.512457 0.451070 -0.523528 0.569892 
0.424213 0.510658 0.451070 -0.523528 0.253177 0.424213 0.511027 0.451070 -0.523528 0.313783 0.423893 0.511457 0.451070 -0.523528 0.403715 0.423696 0.511888 0.451070 -0.523528 0.477028 0.423696 0.512303 0.451070 -0.523528 0.536657 0.423696 0.512595 0.456969 -0.545677 0.592375 
0.424213 0.510827 0.451070 -0.523528 0.279570 0.424016 0.511227 0.451070 -0.523528 0.357771 0.423770 0.511688 0.451070 -0.523528 0.442815 0.423696 0.512103 0.451070 -0.523528 0.506354 0.423696 0.512457 0.451070 -0.523528 0.569892 0.423770 0.512718 0.456969 -0.545677 0.619746 
0.424213 0.511027 0.451070 -0.523528 0.313783 0.423893 0.511457 0.451070 -0.523528 0.403715 0.423696 0.511888 0.451070 -0.523528 0.477028 0.423696 0.512303 0.451070 -0.523528 0.536657 0.423696 0.512595 0.456969 -0.545677 0.592375 0.423991 0.512811 0.456969 -0.545677 0.652004 
0.424016 0.511227 0.451070 -0.523528 0.357771 0.423770 0.511688 0.451070 -0.523528 0.442815 0.423696 0.512103 0.451070 -0.523528 0.506354 0.423696 0.512457 0.451070 -0.523528 0.569892 0.423770 0.512718 0.456969 -0.545677 0.619746 0.424262 0.512888 0.451070 -0.523528 0.682307 
0.423893 0.511457 0.451070 -0.523528 0.403715 0.423696 0.511888 0.451070 -0.523528 0.477028 0.423696 0.512303 0.451070 -0.523528 0.536657 0.423696 0.512595 0.456969 -0.545677 0.592375 0.423991 0.512811 0.456969 -0.545677 0.652004 0.424483 0.512964 0.451070 -0.523528 0.716520 
0.423770 0.511688 0.451070 -0.523528 0.442815 0.423696 0.512103 0.451070 -0.523528 0.506354 0.423696 0.512457 0.451070 -0.523528 0.569892 0.423770 0.512718 0.456969 -0.545677 0.619746 0.424262 0.512888 0.451070 -0.523528 0.682307 0.424680 0.513011 0.451070 -0.523528 0.755621 
0.423696 0.511888 0.451070 -0.523528 0.477028 0.423696 0.512303 0.451070 -0.523528 0.536657 0.423696 0.512595 0.456969 -0.545677 0.592375 0.423991 0.512811 0.456969 -0.545677 0.652004 0.424483 0.512964 0.451070 -0.523528 0.716520 0.424852 0.513057 0.451070 -0.523528 0.786901 
0.423696 0.512103 0.451070 -0.523528 0.506354 0.423696 0.512457 0.451070 -0.523528 0.569892 0.423770 0.512718 0.456969 -0.545677 0.619746 0.424262 0.512888 0.451070 -0.523528 0.682307 0.424680 0.513011 0.451070 -0.523528 0.755621 0.424975 0.513072 0.451070 -0.523528 0.813294 
0.423696 0.512303 0.451070 -0.523528 0.536657 0.423696 0.512595 0.456969 -0.545677 0.592375 0.423991 0.512811 0.456969 -0.545677 0.652004 0.424483 0.512964 0.451070 -0.523528 0.716520 0.424852 0.513057 0.451070 -0.523528 0.786901 0.425123 0.513087 0.451070 -0.523528 0.840665 
0.423696 0.512457 0.451070 -0.523528 0.569892 0.423770 0.512718 0.456969 -0.545677 0.619746 0.424262 0.512888 0.451070 -0.523528 0.682307 0.424680 0.513011 0.451070 -0.523528 0.755621 0.424975 0.513072 0.451070 -0.523528 0.813294 0.425221 0.513103 0.473653 -0.532770 0.861193 
0.423696 0.512595 0.456969 -0.545677 0.592375 0.423991 0.512811 0.456969 -0.545677 0.652004 0.424483 0.512964 0.451070 -0.523528 0.716520 0.424852 0.513057 0.451070 -0.523528 0.786901 0.425123 0.513087 0.451070 -0.523528 0.840665 0.425295 0.513118 0.473653 -0.532770 0.884653 
0.423770 0.512718 0.456969 -0.545677 0.619746 0.424262 0.512888 0.451070 -0.523528 0.682307 0.424680 0.513011 0.451070 -0.523528 0.755621 0.424975 0.513072 0.451070 -0.523528 0.813294 0.425221 0.513103 0.473653 -0.532770 0.861193 0.425320 0.513118 0.473653 -0.532770 0.901271 
0.423991 0.512811 0.456969 -0.545677 0.652004 0.424483 0.512964 0.451070 -0.523528 0.716520 0.424852 0.513057 0.451070 -0.523528 0.786901 0.425123 0.513087 0.451070 -0.523528 0.840665 0.425295 0.513118 0.473653 -0.532770 0.884653 0.425369 0.513118 0.473653 -0.532770 0.917889 
0.424262 0.512888 0.451070 -0.523528 0.682307 0.424680 0.513011 0.451070 -0.523528 0.755621 0.424975 0.513072 0.451070 -0.523528 0.813294 0.425221 0.513103 0.473653 -0.532770 0.861193 0.425320 0.513118 0.473653 -0.532770 0.901271 0.425418 0.513118 0.473653 -0.532770 0.929619 
0.424483 0.512964 0.451070 -0.523528 0.716520 0.424852 0.513057 0.451070 -0.523528 0.786901 0.425123 0.513087 0.451070 -0.523528 0.840665 0.425295 0.513118 0.473653 -0.532770 0.884653 0.425369 0.513118 0.473653 -0.532770 0.917889 0.425443 0.513118 0.465407 -0.539315 0.939394 
0.424680 0.513011 0.451070 -0.523528 0.755621 0.424975 0.513072 0.451070 -0.523528 0.813294 0.425221 0.513103 0.473653 -0.532770 0.861193 0.425320 0.513118 0.473653 -0.532770 0.901271 0.425418 0.513118 0.473653 -0.532770 0.929619 0.425492 0.513118 0.465407 -0.539315 0.946237 
0.424852 0.513057 0.451070 -0.523528 0.786901 0.425123 0.513087 0.451070 -0.523528 0.840665 0.425295 0.513118 0.473653 -0.532770 0.884653 0.425369 0.513118 0.473653 -0.532770 0.917889 0.425443 0.513118 0.465407 -0.539315 0.939394 0.425541 0.513118 0.465407 -0.539315 0.953079 
0.424975 0.513072 0.451070 -0.523528 0.813294 0.425221 0.513103 0.473653 -0.532770 0.861193 0.425320 0.513118 0.473653 -0.532770 0.901271 0.425418 0.513118 0.473653 -0.532770 0.929619 0.425492 0.513118 0.465407 -0.539315 0.946237 0.425615 0.513118 0.465407 -0.539315 0.959922 
0.425123 0.513087 0.451070 -0.523528 0.840665 0.425295 0.513118 0.473653 -0.532770 0.884653 0.425369 0.513118 0.473653 -0.532770 0.917889 0.425443 0.513118 0.465407 -0.539315 0.939394 0.425541 0.513118 0.465407 -0.539315 0.953079 0.425763 0.513118 0.465407 -0.539315 0.964809 
0.425221 0.513103 0.473653 -0.532770 0.861193 0.425320 0.513118 0.473653 -0.532770 0.901271 0.425418 0.513118 0.473653 -0.532770 0.929619 0.425492 0.513118 0.465407 -0.539315 0.946237 0.425615 0.513118 0.465407 -0.539315 0.959922 0.426009 0.513118 0.465407 -0.539315 0.967742 
0.425295 0.513118 0.473653 -0.532770 0.884653 0.425369 0.513118 0.473653 -0.532770 0.917889 0.425443 0.513118 0.465407 -0.539315 0.939394 0.425541 0.513118 0.465407 -0.539315 0.953079 0.425763 0.513118 0.465407 -0.539315 0.964809 0.426329 0.512964 0.465407 -0.539315 0.970675 
0.425320 0.513118 0.473653 -0.532770 0.901271 0.425418 0.513118 0.473653 -0.532770 0.929619 0.425492 0.513118 0.465407 -0.539315 0.946237 0.425615 0.513118 0.465407 -0.539315 0.959922 0.426009 0.513118 0.465407 -0.539315 0.967742 0.426747 0.512749 0.465407 -0.539315 0.972630 
0.425369 0.513118 0.473653 -0.532770 0.917889 0.425443 0.513118 0.465407 -0.539315 0.939394 0.425541 0.513118 0.465407 -0.539315 0.953079 0.425763 0.513118 0.465407 -0.539315 0.964809 0.426329 0.512964 0.465407 -0.539315 0.970675 0.427288 0.512457 0.465407 -0.539315 0.973607 
0.425418 0.513118 0.473653 -0.532770 0.929619 0.425492 0.513118 0.465407 -0.539315 0.946237 0.425615 0.513118 0.465407 -0.539315 0.959922 0.426009 0.513118 0.465407 -0.539315 0.967742 0.426747 0.512749 0.465407 -0.539315 0.972630 0.428027 0.511965 0.465407 -0.539315 0.974585 
0.425443 0.513118 0.465407 -0.539315 0.939394 0.425541 0.513118 0.465407 -0.539315 0.953079 0.425763 0.513118 0.465407 -0.539315 0.964809 0.426329 0.512964 0.465407 -0.539315 0.970675 0.427288 0.512457 0.465407 -0.539315 0.973607 0.429208 0.511196 0.465407 -0.539315 0.968719 
0.425492 0.513118 0.465407 -0.539315 0.946237 0.425615 0.513118 0.465407 -0.539315 0.959922 0.426009 0.513118 0.465407 -0.539315 0.967742 0.426747 0.512749 0.465407 -0.539315 0.972630 0.428027 0.511965 0.465407 -0.539315 0.974585 0.430659 0.510181 0.465407 -0.539315 0.982405 
0.425541 0.513118 0.465407 -0.539315 0.953079 0.425763 0.513118 0.465407 -0.539315 0.964809 0.426329 0.512964 0.465407 -0.539315 0.970675 0.427288 0.512457 0.465407 -0.539315 0.973607 0.429208 0.511196 0.465407 -0.539315 0.968719 0.432431 0.508981 0.465407 -0.539315 0.994135 
0.425615 0.513118 0.465407 -0.539315 0.959922 0.426009 0.513118 0.465407 -0.539315 0.967742 0.426747 0.512749 0.465407 -0.539315 0.972630 0.428027 0.511965 0.465407 -0.539315 0.974585 0.430659 0.510181 0.465407 -0.539315 0.982405 0.434424 0.507566 0.456969 -0.545677 1.000000 
0.425763 0.513118 0.465407 -0.539315 0.964809 0.426329 0.512964 0.465407 -0.539315 0.970675 0.427288 0.512457 0.465407 -0.539315 0.973607 0.429208 0.511196 0.465407 -0.539315 0.968719 0.432431 0.508981 0.465407 -0.539315 0.994135 0.436540 0.506013 0.456969 -0.545677 1.000000 
0.426009 0.513118 0.465407 -0.539315 0.967742 0.426747 0.512749 0.465407 -0.539315 0.972630 0.428027 0.511965 0.465407 -0.539315 0.974585 0.430659 0.510181 0.465407 -0.539315 0.982405 0.434424 0.507566 0.456969 -0.545677 1.000000 0.438903 0.504198 0.448338 -0.551856 1.000000 
0.426329 0.512964 0.465407 -0.539315 0.970675 0.427288 0.512457 0.465407 -0.539315 0.973607 0.429208 0.511196 0.465407 -0.539315 0.968719 0.432431 0.508981 0.465407 -0.539315 0.994135 0.436540 0.506013 0.456969 -0.545677 1.000000 0.441437 0.502307 0.448338 -0.551856 1.000000 
0.426747 0.512749 0.465407 -0.539315 0.972630 0.428027 0.511965 0.465407 -0.539315 0.974585 0.430659 0.510181 0.465407 -0.539315 0.982405 0.434424 0.507566 0.456969 -0.545677 1.000000 0.438903 0.504198 0.448338 -0.551856 1.000000 0.443971 0.500400 0.448338 -0.551856 1.000000 
