0.481841 0.498862 0.340852 -0.608124 0.629521 0.481545 0.498862 0.340852 -0.608124 0.620723 0.480955 0.498862 0.340852 -0.608124 0.620723 0.479995 0.498862 0.340852 -0.608124 0.631476 0.478716 0.498862 0.340852 -0.608124 0.641251 0.477313 0.498970 0.340852 -0.608124 0.647116 
0.481742 0.498862 0.340852 -0.608124 0.625611 0.481275 0.498862 0.340852 -0.608124 0.619746 0.480512 0.498862 0.340852 -0.608124 0.624633 0.479380 0.498862 0.340852 -0.608124 0.635386 0.478051 0.498877 0.340852 -0.608124 0.644184 0.476599 0.499062 0.340031 -0.587090 0.643206 
0.481545 0.498862 0.340852 -0.608124 0.620723 0.480955 0.498862 0.340852 -0.608124 0.620723 0.479995 0.498862 0.340852 -0.608124 0.631476 0.478716 0.498862 0.340852 -0.608124 0.641251 0.477313 0.498970 0.340852 -0.608124 0.647116 0.475861 0.499185 0.340031 -0.587090 0.640274 
0.481275 0.498862 0.340852 -0.608124 0.619746 0.480512 0.498862 0.340852 -0.608124 0.624633 0.479380 0.498862 0.340852 -0.608124 0.635386 0.478051 0.498877 0.340852 -0.608124 0.644184 0.476599 0.499062 0.340031 -0.587090 0.643206 0.475148 0.499277 0.340031 -0.587090 0.639296 
0.480955 0.498862 0.340852 -0.608124 0.620723 0.479995 0.498862 0.340852 -0.608124 0.631476 0.478716 0.498862 0.340852 -0.608124 0.641251 0.477313 0.498970 0.340852 -0.608124 0.647116 0.475861 0.499185 0.340031 -0.587090 0.640274 0.474483 0.499385 0.340031 -0.587090 0.638319 
0.480512 0.498862 0.340852 -0.608124 0.624633 0.479380 0.498862 0.340852 -0.608124 0.635386 0.478051 0.498877 0.340852 -0.608124 0.644184 0.476599 0.499062 0.340031 -0.587090 0.643206 0.475148 0.499277 0.340031 -0.587090 0.639296 0.473868 0.499477 0.340031 -0.587090 0.642229 
0.479995 0.498862 0.340852 -0.608124 0.631476 0.478716 0.498862 0.340852 -0.608124 0.641251 0.477313 0.498970 0.340852 -0.608124 0.647116 0.475861 0.499185 0.340031 -0.587090 0.640274 0.474483 0.499385 0.340031 -0.587090 0.638319 0.473302 0.499554 0.340031 -0.587090 0.639296 
0.479380 0.498862 0.340852 -0.608124 0.635386 0.478051 0.498877 0.340852 -0.608124 0.644184 0.476599 0.499062 0.340031 -0.587090 0.643206 0.475148 0.499277 0.340031 -0.587090 0.639296 0.473868 0.499477 0.340031 -0.587090 0.642229 0.472736 0.499631 0.340031 -0.587090 0.637341 
0.478716 0.498862 0.340852 -0.608124 0.641251 0.477313 0.498970 0.340852 -0.608124 0.647116 0.475861 0.499185 0.340031 -0.587090 0.640274 0.474483 0.499385 0.340031 -0.587090 0.638319 0.473302 0.499554 0.340031 -0.587090 0.639296 0.472219 0.499692 0.340031 -0.587090 0.639296 
0.478051 0.498877 0.340852 -0.608124 0.644184 0.476599 0.499062 0.340031 -0.587090 0.643206 0.475148 0.499277 0.340031 -0.587090 0.639296 0.473868 0.499477 0.340031 -0.587090 0.642229 0.472736 0.499631 0.340031 -0.587090 0.637341 0.471752 0.499739 0.340031 -0.587090 0.638319 
0.477313 0.498970 0.340852 -0.608124 0.647116 0.475861 0.499185 0.340031 -0.587090 0.640274 0.474483 0.499385 0.340031 -0.587090 0.638319 0.473302 0.499554 0.340031 -0.587090 0.639296 0.472219 0.499692 0.340031 -0.587090 0.639296 0.471334 0.499769 0.340031 -0.587090 0.638319 
0.476599 0.499062 0.340031 -0.587090 0.643206 0.475148 0.499277 0.340031 -0.587090 0.639296 0.473868 0.499477 0.340031 -0.587090 0.642229 0.472736 0.499631 0.340031 -0.587090 0.637341 0.471752 0.499739 0.340031 -0.587090 0.638319 0.470940 0.499800 0.340031 -0.587090 0.641251 
0.475861 0.499185 0.340031 -0.587090 0.640274 0.474483 0.499385 0.340031 -0.587090 0.638319 0.473302 0.499554 0.340031 -0.587090 0.639296 0.472219 0.499692 0.340031 -0.587090 0.639296 0.471334 0.499769 0.340031 -0.587090 0.638319 0.470546 0.499815 0.340031 -0.587090 0.640274 
0.475148 0.499277 0.340031 -0.587090 0.639296 0.473868 0.499477 0.340031 -0.587090 0.642229 0.472736 0.499631 0.340031 -0.587090 0.637341 0.471752 0.499739 0.340031 -0.587090 0.638319 0.470940 0.499800 0.340031 -0.587090 0.641251 0.470153 0.499831 0.340031 -0.587090 0.636364 
0.474483 0.499385 0.340031 -0.587090 0.638319 0.473302 0.499554 0.340031 -0.587090 0.639296 0.472219 0.499692 0.340031 -0.587090 0.639296 0.471334 0.499769 0.340031 -0.587090 0.638319 0.470546 0.499815 0.340031 -0.587090 0.640274 0.469759 0.499846 0.340031 -0.587090 0.632454 
0.473868 0.499477 0.340031 -0.587090 0.642229 0.472736 0.499631 0.340031 -0.587090 0.637341 0.471752 0.499739 0.340031 -0.587090 0.638319 0.470940 0.499800 0.340031 -0.587090 0.641251 0.470153 0.499831 0.340031 -0.587090 0.636364 0.469341 0.499862 0.340852 -0.608124 0.631476 
0.473302 0.499554 0.340031 -0.587090 0.639296 0.472219 0.499692 0.340031 -0.587090 0.639296 0.471334 0.499769 0.340031 -0.587090 0.638319 0.470546 0.499815 0.340031 -0.587090 0.640274 0.469759 0.499846 0.340031 -0.587090 0.632454 0.468947 0.499862 0.340852 -0.608124 0.633431 
0.472736 0.499631 0.340031 -0.587090 0.637341 0.471752 0.499739 0.340031 -0.587090 0.638319 0.470940 0.499800 0.340031 -0.587090 0.641251 0.470153 0.499831 0.340031 -0.587090 0.636364 0.469341 0.499862 0.340852 -0.608124 0.631476 0.468504 0.499862 0.340852 -0.608124 0.637341 
0.472219 0.499692 0.340031 -0.587090 0.639296 0.471334 0.499769 0.340031 -0.587090 0.638319 0.470546 0.499815 0.340031 -0.587090 0.640274 0.469759 0.499846 0.340031 -0.587090 0.632454 0.468947 0.499862 0.340852 -0.608124 0.633431 0.468036 0.499877 0.340852 -0.608124 0.636364 
0.471752 0.499739 0.340031 -0.587090 0.638319 0.470940 0.499800 0.340031 -0.587090 0.641251 0.470153 0.499831 0.340031 -0.587090 0.636364 0.469341 0.499862 0.340852 -0.608124 0.631476 0.468504 0.499862 0.340852 -0.608124 0.637341 0.467569 0.499892 0.340852 -0.608124 0.631476 
0.471334 0.499769 0.340031 -0.587090 0.638319 0.470546 0.499815 0.340031 -0.587090 0.640274 0.469759 0.499846 0.340031 -0.587090 0.632454 0.468947 0.499862 0.340852 -0.608124 0.633431 0.468036 0.499877 0.340852 -0.608124 0.636364 0.467101 0.499908 0.340852 -0.608124 0.626588 
0.470940 0.499800 0.340031 -0.587090 0.641251 0.470153 0.499831 0.340031 -0.587090 0.636364 0.469341 0.499862 0.340852 -0.608124 0.631476 0.468504 0.499862 0.340852 -0.608124 0.637341 0.467569 0.499892 0.340852 -0.608124 0.631476 0.466658 0.499923 0.340852 -0.608124 0.621701 
0.470546 0.499815 0.340031 -0.587090 0.640274 0.469759 0.499846 0.340031 -0.587090 0.632454 0.468947 0.499862 0.340852 -0.608124 0.633431 0.468036 0.499877 0.340852 -0.608124 0.636364 0.467101 0.499908 0.340852 -0.608124 0.626588 0.466216 0.499938 0.340852 -0.608124 0.624633 
0.470153 0.499831 0.340031 -0.587090 0.636364 0.469341 0.499862 0.340852 -0.608124 0.631476 0.468504 0.499862 0.340852 -0.608124 0.637341 0.467569 0.499892 0.340852 -0.608124 0.631476 0.466658 0.499923 0.340852 -0.608124 0.621701 0.465846 0.499954 0.340852 -0.608124 0.627566 
0.469759 0.499846 0.340031 -0.587090 0.632454 0.468947 0.499862 0.340852 -0.608124 0.633431 0.468036 0.499877 0.340852 -0.608124 0.636364 0.467101 0.499908 0.340852 -0.608124 0.626588 0.466216 0.499938 0.340852 -0.608124 0.624633 0.465453 0.499954 0.340852 -0.608124 0.626588 
0.469341 0.499862 0.340852 -0.608124 0.631476 0.468504 0.499862 0.340852 -0.608124 0.637341 0.467569 0.499892 0.340852 -0.608124 0.631476 0.466658 0.499923 0.340852 -0.608124 0.621701 0.465846 0.499954 0.340852 -0.608124 0.627566 0.465158 0.499954 0.340852 -0.608124 0.628543 
0.468947 0.499862 0.340852 -0.608124 0.633431 0.468036 0.499877 0.340852 -0.608124 0.636364 0.467101 0.499908 0.340852 -0.608124 0.626588 0.466216 0.499938 0.340852 -0.608124 0.624633 0.465453 0.499954 0.340852 -0.608124 0.626588 0.464838 0.499954 0.340852 -0.608124 0.626588 
0.468504 0.499862 0.340852 -0.608124 0.637341 0.467569 0.499892 0.340852 -0.608124 0.631476 0.466658 0.499923 0.340852 -0.608124 0.621701 0.465846 0.499954 0.340852 -0.608124 0.627566 0.465158 0.499954 0.340852 -0.608124 0.628543 0.464567 0.499954 0.340852 -0.608124 0.624633 
0.468036 0.499877 0.340852 -0.608124 0.636364 0.467101 0.499908 0.340852 -0.608124 0.626588 0.466216 0.499938 0.340852 -0.608124 0.624633 0.465453 0.499954 0.340852 -0.608124 0.626588 0.464838 0.499954 0.340852 -0.608124 0.626588 0.464272 0.499954 0.340852 -0.608124 0.623656 
0.467569 0.499892 0.340852 -0.608124 0.631476 0.466658 0.499923 0.340852 -0.608124 0.621701 0.465846 0.499954 0.340852 -0.608124 0.627566 0.465158 0.499954 0.340852 -0.608124 0.628543 0.464567 0.499954 0.340852 -0.608124 0.624633 0.464001 0.499954 0.340852 -0.608124 0.623656 
0.467101 0.499908 0.340852 -0.608124 0.626588 0.466216 0.499938 0.340852 -0.608124 0.624633 0.465453 0.499954 0.340852 -0.608124 0.626588 0.464838 0.499954 0.340852 -0.608124 0.626588 0.464272 0.499954 0.340852 -0.608124 0.623656 0.463706 0.499954 0.340852 -0.608124 0.623656 
0.466658 0.499923 0.340852 -0.608124 0.621701 0.465846 0.499954 0.340852 -0.608124 0.627566 0.465158 0.499954 0.340852 -0.608124 0.628543 0.464567 0.499954 0.340852 -0.608124 0.624633 0.464001 0.499954 0.340852 -0.608124 0.623656 0.463386 0.499954 0.340852 -0.608124 0.625611 
0.466216 0.499938 0.340852 -0.608124 0.624633 0.465453 0.499954 0.340852 -0.608124 0.626588 0.464838 0.499954 0.340852 -0.608124 0.626588 0.464272 0.499954 0.340852 -0.608124 0.623656 0.463706 0.499954 0.340852 -0.608124 0.623656 0.463017 0.499954 0.352297 -0.625025 0.625611 
0.465846 0.499954 0.340852 -0.608124 0.627566 0.465158 0.499954 0.340852 -0.608124 0.628543 0.464567 0.499954 0.340852 -0.608124 0.624633 0.464001 0.499954 0.340852 -0.608124 0.623656 0.463386 0.499954 0.340852 -0.608124 0.625611 0.462574 0.499954 0.352297 -0.625025 0.625611 
0.465453 0.499954 0.340852 -0.608124 0.626588 0.464838 0.499954 0.340852 -0.608124 0.626588 0.464272 0.499954 0.340852 -0.608124 0.623656 0.463706 0.499954 0.340852 -0.608124 0.623656 0.463017 0.499954 0.352297 -0.625025 0.625611 0.462205 0.499908 0.352297 -0.625025 0.622678 
0.465158 0.499954 0.340852 -0.608124 0.628543 0.464567 0.499954 0.340852 -0.608124 0.624633 0.464001 0.499954 0.340852 -0.608124 0.623656 0.463386 0.499954 0.340852 -0.608124 0.625611 0.462574 0.499954 0.352297 -0.625025 0.625611 0.461762 0.499877 0.352297 -0.625025 0.621701 
0.464838 0.499954 0.340852 -0.608124 0.626588 0.464272 0.499954 0.340852 -0.608124 0.623656 0.463706 0.499954 0.340852 -0.608124 0.623656 0.463017 0.499954 0.352297 -0.625025 0.625611 0.462205 0.499908 0.352297 -0.625025 0.622678 0.461393 0.499831 0.352297 -0.625025 0.619746 
0.464567 0.499954 0.340852 -0.608124 0.624633 0.464001 0.499954 0.340852 -0.608124 0.623656 0.463386 0.499954 0.340852 -0.608124 0.625611 0.462574 0.499954 0.352297 -0.625025 0.625611 0.461762 0.499877 0.352297 -0.625025 0.621701 0.461024 0.499800 0.352297 -0.625025 0.623656 
0.464272 0.499954 0.340852 -0.608124 0.623656 0.463706 0.499954 0.340852 -0.608124 0.623656 0.463017 0.499954 0.352297 -0.625025 0.625611 0.462205 0.499908 0.352297 -0.625025 0.622678 0.461393 0.499831 0.352297 -0.625025 0.619746 0.460630 0.499785 0.352297 -0.625025 0.623656 
0.464001 0.499954 0.340852 -0.608124 0.623656 0.463386 0.499954 0.340852 -0.608124 0.625611 0.462574 0.499954 0.352297 -0.625025 0.625611 0.461762 0.499877 0.352297 -0.625025 0.621701 0.461024 0.499800 0.352297 -0.625025 0.623656 0.460236 0.499754 0.352297 -0.625025 0.621701 
0.463706 0.499954 0.340852 -0.608124 0.623656 0.463017 0.499954 0.352297 -0.625025 0.625611 0.462205 0.499908 0.352297 -0.625025 0.622678 0.461393 0.499831 0.352297 -0.625025 0.619746 0.460630 0.499785 0.352297 -0.625025 0.623656 0.459818 0.499739 0.352297 -0.625025 0.622678 
0.463386 0.499954 0.340852 -0.608124 0.625611 0.462574 0.499954 0.352297 -0.625025 0.625611 0.461762 0.499877 0.352297 -0.625025 0.621701 0.461024 0.499800 0.352297 -0.625025 0.623656 0.460236 0.499754 0.352297 -0.625025 0.621701 0.459449 0.499723 0.352297 -0.625025 0.622678 
0.463017 0.499954 0.352297 -0.625025 0.625611 0.462205 0.499908 0.352297 -0.625025 0.622678 0.461393 0.499831 0.352297 -0.625025 0.619746 0.460630 0.499785 0.352297 -0.625025 0.623656 0.459818 0.499739 0.352297 -0.625025 0.622678 0.459055 0.499723 0.352297 -0.625025 0.623656 
0.462574 0.499954 0.352297 -0.625025 0.625611 0.461762 0.499877 0.352297 -0.625025 0.621701 0.461024 0.499800 0.352297 -0.625025 0.623656 0.460236 0.499754 0.352297 -0.625025 0.621701 0.459449 0.499723 0.352297 -0.625025 0.622678 0.458686 0.499723 0.352297 -0.625025 0.626588 
0.462205 0.499908 0.352297 -0.625025 0.622678 0.461393 0.499831 0.352297 -0.625025 0.619746 0.460630 0.499785 0.352297 -0.625025 0.623656 0.459818 0.499739 0.352297 -0.625025 0.622678 0.459055 0.499723 0.352297 -0.625025 0.623656 0.458317 0.499723 0.352297 -0.625025 0.628543 
0.461762 0.499877 0.352297 -0.625025 0.621701 0.461024 0.499800 0.352297 -0.625025 0.623656 0.460236 0.499754 0.352297 -0.625025 0.621701 0.459449 0.499723 0.352297 -0.625025 0.622678 0.458686 0.499723 0.352297 -0.625025 0.626588 0.457923 0.499723 0.352297 -0.625025 0.634409 
0.461393 0.499831 0.352297 -0.625025 0.619746 0.460630 0.499785 0.352297 -0.625025 0.623656 0.459818 0.499739 0.352297 -0.625025 0.622678 0.459055 0.499723 0.352297 -0.625025 0.623656 0.458317 0.499723 0.352297 -0.625025 0.628543 0.457579 0.499723 0.352297 -0.625025 0.637341 
0.461024 0.499800 0.352297 -0.625025 0.623656 0.460236 0.499754 0.352297 -0.625025 0.621701 0.459449 0.499723 0.352297 -0.625025 0.622678 0.458686 0.499723 0.352297 -0.625025 0.626588 0.457923 0.499723 0.352297 -0.625025 0.634409 0.457259 0.499723 0.352297 -0.625025 0.637341 
0.460630 0.499785 0.352297 -0.625025 0.623656 0.459818 0.499739 0.352297 -0.625025 0.622678 0.459055 0.499723 0.352297 -0.625025 0.623656 0.458317 0.499723 0.352297 -0.625025 0.628543 0.457579 0.499723 0.352297 -0.625025 0.637341 0.456964 0.499723 0.329736 -0.633126 0.637341 
0.460236 0.499754 0.352297 -0.625025 0.621701 0.459449 0.499723 0.352297 -0.625025 0.622678 0.458686 0.499723 0.352297 -0.625025 0.626588 0.457923 0.499723 0.352297 -0.625025 0.634409 0.457259 0.499723 0.352297 -0.625025 0.637341 0.456668 0.499723 0.329736 -0.633126 0.635386 
0.459818 0.499739 0.352297 -0.625025 0.622678 0.459055 0.499723 0.352297 -0.625025 0.623656 0.458317 0.499723 0.352297 -0.625025 0.628543 0.457579 0.499723 0.352297 -0.625025 0.637341 0.456964 0.499723 0.329736 -0.633126 0.637341 0.456373 0.499723 0.329736 -0.633126 0.635386 
0.459449 0.499723 0.352297 -0.625025 0.622678 0.458686 0.499723 0.352297 -0.625025 0.626588 0.457923 0.499723 0.352297 -0.625025 0.634409 0.457259 0.499723 0.352297 -0.625025 0.637341 0.456668 0.499723 0.329736 -0.633126 0.635386 0.456102 0.499723 0.329736 -0.633126 0.637341 
0.459055 0.499723 0.352297 -0.625025 0.623656 0.458317 0.499723 0.352297 -0.625025 0.628543 0.457579 0.499723 0.352297 -0.625025 0.637341 0.456964 0.499723 0.329736 -0.633126 0.637341 0.456373 0.499723 0.329736 -0.633126 0.635386 0.455782 0.499723 0.329736 -0.633126 0.639296 
0.458686 0.499723 0.352297 -0.625025 0.626588 0.457923 0.499723 0.352297 -0.625025 0.634409 0.457259 0.499723 0.352297 -0.625025 0.637341 0.456668 0.499723 0.329736 -0.633126 0.635386 0.456102 0.499723 0.329736 -0.633126 0.637341 0.455487 0.499723 0.329736 -0.633126 0.640274 
0.458317 0.499723 0.352297 -0.625025 0.628543 0.457579 0.499723 0.352297 -0.625025 0.637341 0.456964 0.499723 0.329736 -0.633126 0.637341 0.456373 0.499723 0.329736 -0.633126 0.635386 0.455782 0.499723 0.329736 -0.633126 0.639296 0.455167 0.499723 0.329736 -0.633126 0.639296 
0.457923 0.499723 0.352297 -0.625025 0.634409 0.457259 0.499723 0.352297 -0.625025 0.637341 0.456668 0.499723 0.329736 -0.633126 0.635386 0.456102 0.499723 0.329736 -0.633126 0.637341 0.455487 0.499723 0.329736 -0.633126 0.640274 0.454897 0.499723 0.340784 -0.650176 0.640274 
0.457579 0.499723 0.352297 -0.625025 0.637341 0.456964 0.499723 0.329736 -0.633126 0.637341 0.456373 0.499723 0.329736 -0.633126 0.635386 0.455782 0.499723 0.329736 -0.633126 0.639296 0.455167 0.499723 0.329736 -0.633126 0.639296 0.454552 0.499723 0.352476 -0.646169 0.639296 
0.457259 0.499723 0.352297 -0.625025 0.637341 0.456668 0.499723 0.329736 -0.633126 0.635386 0.456102 0.499723 0.329736 -0.633126 0.637341 0.455487 0.499723 0.329736 -0.633126 0.640274 0.454897 0.499723 0.340784 -0.650176 0.640274 0.454257 0.499723 0.352476 -0.646169 0.637341 
0.456964 0.499723 0.329736 -0.633126 0.637341 0.456373 0.499723 0.329736 -0.633126 0.635386 0.455782 0.499723 0.329736 -0.633126 0.639296 0.455167 0.499723 0.329736 -0.633126 0.639296 0.454552 0.499723 0.352476 -0.646169 0.639296 0.453937 0.499723 0.352476 -0.646169 0.634409 
0.456668 0.499723 0.329736 -0.633126 0.635386 0.456102 0.499723 0.329736 -0.633126 0.637341 0.455487 0.499723 0.329736 -0.633126 0.640274 0.454897 0.499723 0.340784 -0.650176 0.640274 0.454257 0.499723 0.352476 -0.646169 0.637341 0.453617 0.499723 0.352476 -0.646169 0.634409 
0.456373 0.499723 0.329736 -0.633126 0.635386 0.455782 0.499723 0.329736 -0.633126 0.639296 0.455167 0.499723 0.329736 -0.633126 0.639296 0.454552 0.499723 0.352476 -0.646169 0.639296 0.453937 0.499723 0.352476 -0.646169 0.634409 0.453346 0.499723 0.352476 -0.646169 0.630499 
0.456102 0.499723 0.329736 -0.633126 0.637341 0.455487 0.499723 0.329736 -0.633126 0.640274 0.454897 0.499723 0.340784 -0.650176 0.640274 0.454257 0.499723 0.352476 -0.646169 0.637341 0.453617 0.499723 0.352476 -0.646169 0.634409 0.453002 0.499723 0.352476 -0.646169 0.626588 
0.455782 0.499723 0.329736 -0.633126 0.639296 0.455167 0.499723 0.329736 -0.633126 0.639296 0.454552 0.499723 0.352476 -0.646169 0.639296 0.453937 0.499723 0.352476 -0.646169 0.634409 0.453346 0.499723 0.352476 -0.646169 0.630499 0.452682 0.499723 0.352476 -0.646169 0.624633 
0.455487 0.499723 0.329736 -0.633126 0.640274 0.454897 0.499723 0.340784 -0.650176 0.640274 0.454257 0.499723 0.352476 -0.646169 0.637341 0.453617 0.499723 0.352476 -0.646169 0.634409 0.453002 0.499723 0.352476 -0.646169 0.626588 0.452288 0.499723 0.352476 -0.646169 0.626588 
0.455167 0.499723 0.329736 -0.633126 0.639296 0.454552 0.499723 0.352476 -0.646169 0.639296 0.453937 0.499723 0.352476 -0.646169 0.634409 0.453346 0.499723 0.352476 -0.646169 0.630499 0.452682 0.499723 0.352476 -0.646169 0.624633 0.451968 0.499723 0.352476 -0.646169 0.628543 
0.454897 0.499723 0.340784 -0.650176 0.640274 0.454257 0.499723 0.352476 -0.646169 0.637341 0.453617 0.499723 0.352476 -0.646169 0.634409 0.453002 0.499723 0.352476 -0.646169 0.626588 0.452288 0.499723 0.352476 -0.646169 0.626588 0.451624 0.499723 0.340784 -0.650176 0.632454 
0.454552 0.499723 0.352476 -0.646169 0.639296 0.453937 0.499723 0.352476 -0.646169 0.634409 0.453346 0.499723 0.352476 -0.646169 0.630499 0.452682 0.499723 0.352476 -0.646169 0.624633 0.451968 0.499723 0.352476 -0.646169 0.628543 0.451255 0.499723 0.340784 -0.650176 0.630499 
0.454257 0.499723 0.352476 -0.646169 0.637341 0.453617 0.499723 0.352476 -0.646169 0.634409 0.453002 0.499723 0.352476 -0.646169 0.626588 0.452288 0.499723 0.352476 -0.646169 0.626588 0.451624 0.499723 0.340784 -0.650176 0.632454 0.450960 0.499723 0.340784 -0.650176 0.638319 
0.453937 0.499723 0.352476 -0.646169 0.634409 0.453346 0.499723 0.352476 -0.646169 0.630499 0.452682 0.499723 0.352476 -0.646169 0.624633 0.451968 0.499723 0.352476 -0.646169 0.628543 0.451255 0.499723 0.340784 -0.650176 0.630499 0.450615 0.499723 0.340784 -0.650176 0.644184 
0.453617 0.499723 0.352476 -0.646169 0.634409 0.453002 0.499723 0.352476 -0.646169 0.626588 0.452288 0.499723 0.352476 -0.646169 0.626588 0.451624 0.499723 0.340784 -0.650176 0.632454 0.450960 0.499723 0.340784 -0.650176 0.638319 0.450394 0.499723 0.329736 -0.633126 0.643206 
0.453346 0.499723 0.352476 -0.646169 0.630499 0.452682 0.499723 0.352476 -0.646169 0.624633 0.451968 0.499723 0.352476 -0.646169 0.628543 0.451255 0.499723 0.340784 -0.650176 0.630499 0.450615 0.499723 0.340784 -0.650176 0.644184 0.450148 0.499723 0.329736 -0.633126 0.637341 
0.453002 0.499723 0.352476 -0.646169 0.626588 0.452288 0.499723 0.352476 -0.646169 0.626588 0.451624 0.499723 0.340784 -0.650176 0.632454 0.450960 0.499723 0.340784 -0.650176 0.638319 0.450394 0.499723 0.329736 -0.633126 0.643206 0.449926 0.499723 0.329736 -0.633126 0.633431 
0.452682 0.499723 0.352476 -0.646169 0.624633 0.451968 0.499723 0.352476 -0.646169 0.628543 0.451255 0.499723 0.340784 -0.650176 0.630499 0.450615 0.499723 0.340784 -0.650176 0.644184 0.450148 0.499723 0.329736 -0.633126 0.637341 0.449754 0.499723 0.329736 -0.633126 0.632454 
0.452288 0.499723 0.352476 -0.646169 0.626588 0.451624 0.499723 0.340784 -0.650176 0.632454 0.450960 0.499723 0.340784 -0.650176 0.638319 0.450394 0.499723 0.329736 -0.633126 0.643206 0.449926 0.499723 0.329736 -0.633126 0.633431 0.449631 0.499723 0.329736 -0.633126 0.632454 
0.451968 0.499723 0.352476 -0.646169 0.628543 0.451255 0.499723 0.340784 -0.650176 0.630499 0.450615 0.499723 0.340784 -0.650176 0.644184 0.450148 0.499723 0.329736 -0.633126 0.637341 0.449754 0.499723 0.329736 -0.633126 0.632454 0.449557 0.499723 0.329736 -0.633126 0.630499 
0.451624 0.499723 0.340784 -0.650176 0.632454 0.450960 0.499723 0.340784 -0.650176 0.638319 0.450394 0.499723 0.329736 -0.633126 0.643206 0.449926 0.499723 0.329736 -0.633126 0.633431 0.449631 0.499723 0.329736 -0.633126 0.632454 0.449434 0.499723 0.329736 -0.633126 0.631476 
0.451255 0.499723 0.340784 -0.650176 0.630499 0.450615 0.499723 0.340784 -0.650176 0.644184 0.450148 0.499723 0.329736 -0.633126 0.637341 0.449754 0.499723 0.329736 -0.633126 0.632454 0.449557 0.499723 0.329736 -0.633126 0.630499 0.449360 0.499723 0.329736 -0.633126 0.632454 
0.450960 0.499723 0.340784 -0.650176 0.638319 0.450394 0.499723 0.329736 -0.633126 0.643206 0.449926 0.499723 0.329736 -0.633126 0.633431 0.449631 0.499723 0.329736 -0.633126 0.632454 0.449434 0.499723 0.329736 -0.633126 0.631476 0.449262 0.499723 0.329736 -0.633126 0.633431 
0.450615 0.499723 0.340784 -0.650176 0.644184 0.450148 0.499723 0.329736 -0.633126 0.637341 0.449754 0.499723 0.329736 -0.633126 0.632454 0.449557 0.499723 0.329736 -0.633126 0.630499 0.449360 0.499723 0.329736 -0.633126 0.632454 0.449237 0.499723 0.329736 -0.633126 0.632454 
0.450394 0.499723 0.329736 -0.633126 0.643206 0.449926 0.499723 0.329736 -0.633126 0.633431 0.449631 0.499723 0.329736 -0.633126 0.632454 0.449434 0.499723 0.329736 -0.633126 0.631476 0.449262 0.499723 0.329736 -0.633126 0.633431 0.449188 0.499723 0.329736 -0.633126 0.634409 
0.450148 0.499723 0.329736 -0.633126 0.637341 0.449754 0.499723 0.329736 -0.633126 0.632454 0.449557 0.499723 0.329736 -0.633126 0.630499 0.449360 0.499723 0.329736 -0.633126 0.632454 0.449237 0.499723 0.329736 -0.633126 0.632454 0.449065 0.499723 0.329736 -0.633126 0.634409 
0.449926 0.499723 0.329736 -0.633126 0.633431 0.449631 0.499723 0.329736 -0.633126 0.632454 0.449434 0.499723 0.329736 -0.633126 0.631476 0.449262 0.499723 0.329736 -0.633126 0.633431 0.449188 0.499723 0.329736 -0.633126 0.634409 0.448942 0.499723 0.329736 -0.633126 0.634409 
0.449754 0.499723 0.329736 -0.633126 0.632454 0.449557 0.499723 0.329736 -0.633126 0.630499 0.449360 0.499723 0.329736 -0.633126 0.632454 0.449237 0.499723 0.329736 -0.633126 0.632454 0.449065 0.499723 0.329736 -0.633126 0.634409 0.448745 0.499723 0.329736 -0.633126 0.633431 
0.449631 0.499723 0.329736 -0.633126 0.632454 0.449434 0.499723 0.329736 -0.633126 0.631476 0.449262 0.499723 0.329736 -0.633126 0.633431 0.449188 0.499723 0.329736 -0.633126 0.634409 0.448942 0.499723 0.329736 -0.633126 0.634409 0.448647 0.499723 0.329736 -0.633126 0.632454 
0.449557 0.499723 0.329736 -0.633126 0.630499 0.449360 0.499723 0.329736 -0.633126 0.632454 0.449237 0.499723 0.329736 -0.633126 0.632454 0.449065 0.499723 0.329736 -0.633126 0.634409 0.448745 0.499723 0.329736 -0.633126 0.633431 0.448425 0.499723 0.329736 -0.633126 0.633431 
0.449434 0.499723 0.329736 -0.633126 0.631476 0.449262 0.499723 0.329736 -0.633126 0.633431 0.449188 0.499723 0.329736 -0.633126 0.634409 0.448942 0.499723 0.329736 -0.633126 0.634409 0.448647 0.499723 0.329736 -0.633126 0.632454 0.448204 0.499723 0.329736 -0.633126 0.632454 
0.449360 0.499723 0.329736 -0.633126 0.632454 0.449237 0.499723 0.329736 -0.633126 0.632454 0.449065 0.499723 0.329736 -0.633126 0.634409 0.448745 0.499723 0.329736 -0.633126 0.633431 0.448425 0.499723 0.329736 -0.633126 0.633431 0.447908 0.499723 0.329736 -0.633126 0.632454 
0.449262 0.499723 0.329736 -0.633126 0.633431 0.449188 0.499723 0.329736 -0.633126 0.634409 0.448942 0.499723 0.329736 -0.633126 0.634409 0.448647 0.499723 0.329736 -0.633126 0.632454 0.448204 0.499723 0.329736 -0.633126 0.632454 0.447638 0.499723 0.329736 -0.633126 0.633431 
0.449237 0.499723 0.329736 -0.633126 0.632454 0.449065 0.499723 0.329736 -0.633126 0.634409 0.448745 0.499723 0.329736 -0.633126 0.633431 0.448425 0.499723 0.329736 -0.633126 0.633431 0.447908 0.499723 0.329736 -0.633126 0.632454 0.447392 0.499723 0.329736 -0.633126 0.633431 
0.449188 0.499723 0.329736 -0.633126 0.634409 0.448942 0.499723 0.329736 -0.633126 0.634409 0.448647 0.499723 0.329736 -0.633126 0.632454 0.448204 0.499723 0.329736 -0.633126 0.632454 0.447638 0.499723 0.329736 -0.633126 0.633431 0.447121 0.499723 0.329736 -0.633126 0.634409 
0.449065 0.499723 0.329736 -0.633126 0.634409 0.448745 0.499723 0.329736 -0.633126 0.633431 0.448425 0.499723 0.329736 -0.633126 0.633431 0.447908 0.499723 0.329736 -0.633126 0.632454 0.447392 0.499723 0.329736 -0.633126 0.633431 0.446801 0.499723 0.329736 -0.633126 0.636364 
0.448942 0.499723 0.329736 -0.633126 0.634409 0.448647 0.499723 0.329736 -0.633126 0.632454 0.448204 0.499723 0.329736 -0.633126 0.632454 0.447638 0.499723 0.329736 -0.633126 0.633431 0.447121 0.499723 0.329736 -0.633126 0.634409 0.446481 0.499723 0.329736 -0.633126 0.636364 
0.448745 0.499723 0.329736 -0.633126 0.633431 0.448425 0.499723 0.329736 -0.633126 0.633431 0.447908 0.499723 0.329736 -0.633126 0.632454 0.447392 0.499723 0.329736 -0.633126 0.633431 0.446801 0.499723 0.329736 -0.633126 0.636364 0.446137 0.499723 0.329736 -0.633126 0.637341 
0.448647 0.499723 0.329736 -0.633126 0.632454 0.448204 0.499723 0.329736 -0.633126 0.632454 0.447638 0.499723 0.329736 -0.633126 0.633431 0.447121 0.499723 0.329736 -0.633126 0.634409 0.446481 0.499723 0.329736 -0.633126 0.636364 0.445792 0.499723 0.329736 -0.633126 0.640274 
0.448425 0.499723 0.329736 -0.633126 0.633431 0.447908 0.499723 0.329736 -0.633126 0.632454 0.447392 0.499723 0.329736 -0.633126 0.633431 0.446801 0.499723 0.329736 -0.633126 0.636364 0.446137 0.499723 0.329736 -0.633126 0.637341 0.445399 0.499723 0.329736 -0.633126 0.643206 
0.448204 0.499723 0.329736 -0.633126 0.632454 0.447638 0.499723 0.329736 -0.633126 0.633431 0.447121 0.499723 0.329736 -0.633126 0.634409 0.446481 0.499723 0.329736 -0.633126 0.636364 0.445792 0.499723 0.329736 -0.633126 0.640274 0.444980 0.499723 0.329736 -0.633126 0.643206 
0.447908 0.499723 0.329736 -0.633126 0.632454 0.447392 0.499723 0.329736 -0.633126 0.633431 0.446801 0.499723 0.329736 -0.633126 0.636364 0.446137 0.499723 0.329736 -0.633126 0.637341 0.445399 0.499723 0.329736 -0.633126 0.643206 0.444513 0.499723 0.329736 -0.633126 0.638319 
0.447638 0.499723 0.329736 -0.633126 0.633431 0.447121 0.499723 0.329736 -0.633126 0.634409 0.446481 0.499723 0.329736 -0.633126 0.636364 0.445792 0.499723 0.329736 -0.633126 0.640274 0.444980 0.499723 0.329736 -0.633126 0.643206 0.443996 0.499723 0.329736 -0.633126 0.632454 
0.447392 0.499723 0.329736 -0.633126 0.633431 0.446801 0.499723 0.329736 -0.633126 0.636364 0.446137 0.499723 0.329736 -0.633126 0.637341 0.445399 0.499723 0.329736 -0.633126 0.643206 0.444513 0.499723 0.329736 -0.633126 0.638319 0.443455 0.499723 0.329736 -0.633126 0.629521 
0.447121 0.499723 0.329736 -0.633126 0.634409 0.446481 0.499723 0.329736 -0.633126 0.636364 0.445792 0.499723 0.329736 -0.633126 0.640274 0.444980 0.499723 0.329736 -0.633126 0.643206 0.443996 0.499723 0.329736 -0.633126 0.632454 0.442864 0.499723 0.329736 -0.633126 0.636364 
0.446801 0.499723 0.329736 -0.633126 0.636364 0.446137 0.499723 0.329736 -0.633126 0.637341 0.445399 0.499723 0.329736 -0.633126 0.643206 0.444513 0.499723 0.329736 -0.633126 0.638319 0.443455 0.499723 0.329736 -0.633126 0.629521 0.442298 0.499723 0.329736 -0.633126 0.641251 
0.446481 0.499723 0.329736 -0.633126 0.636364 0.445792 0.499723 0.329736 -0.633126 0.640274 0.444980 0.499723 0.329736 -0.633126 0.643206 0.443996 0.499723 0.329736 -0.633126 0.632454 0.442864 0.499723 0.329736 -0.633126 0.636364 0.441683 0.499723 0.329736 -0.633126 0.646139 
0.446137 0.499723 0.329736 -0.633126 0.637341 0.445399 0.499723 0.329736 -0.633126 0.643206 0.444513 0.499723 0.329736 -0.633126 0.638319 0.443455 0.499723 0.329736 -0.633126 0.629521 0.442298 0.499723 0.329736 -0.633126 0.641251 0.441068 0.499723 0.352297 -0.625025 0.641251 
0.445792 0.499723 0.329736 -0.633126 0.640274 0.444980 0.499723 0.329736 -0.633126 0.643206 0.443996 0.499723 0.329736 -0.633126 0.632454 0.442864 0.499723 0.329736 -0.633126 0.636364 0.441683 0.499723 0.329736 -0.633126 0.646139 0.440404 0.499723 0.352297 -0.625025 0.639296 
0.445399 0.499723 0.329736 -0.633126 0.643206 0.444513 0.499723 0.329736 -0.633126 0.638319 0.443455 0.499723 0.329736 -0.633126 0.629521 0.442298 0.499723 0.329736 -0.633126 0.641251 0.441068 0.499723 0.352297 -0.625025 0.641251 0.439764 0.499723 0.352297 -0.625025 0.630499 
0.444980 0.499723 0.329736 -0.633126 0.643206 0.443996 0.499723 0.329736 -0.633126 0.632454 0.442864 0.499723 0.329736 -0.633126 0.636364 0.441683 0.499723 0.329736 -0.633126 0.646139 0.440404 0.499723 0.352297 -0.625025 0.639296 0.439099 0.499723 0.352297 -0.625025 0.630499 
0.444513 0.499723 0.329736 -0.633126 0.638319 0.443455 0.499723 0.329736 -0.633126 0.629521 0.442298 0.499723 0.329736 -0.633126 0.641251 0.441068 0.499723 0.352297 -0.625025 0.641251 0.439764 0.499723 0.352297 -0.625025 0.630499 0.438509 0.499723 0.352297 -0.625025 0.638319 
0.443996 0.499723 0.329736 -0.633126 0.632454 0.442864 0.499723 0.329736 -0.633126 0.636364 0.441683 0.499723 0.329736 -0.633126 0.646139 0.440404 0.499723 0.352297 -0.625025 0.639296 0.439099 0.499723 0.352297 -0.625025 0.630499 0.437894 0.499723 0.352297 -0.625025 0.648094 
0.443455 0.499723 0.329736 -0.633126 0.629521 0.442298 0.499723 0.329736 -0.633126 0.641251 0.441068 0.499723 0.352297 -0.625025 0.641251 0.439764 0.499723 0.352297 -0.625025 0.630499 0.438509 0.499723 0.352297 -0.625025 0.638319 0.437303 0.499723 0.352297 -0.625025 0.649071 
0.442864 0.499723 0.329736 -0.633126 0.636364 0.441683 0.499723 0.329736 -0.633126 0.646139 0.440404 0.499723 0.352297 -0.625025 0.639296 0.439099 0.499723 0.352297 -0.625025 0.630499 0.437894 0.499723 0.352297 -0.625025 0.648094 0.436713 0.499723 0.352297 -0.625025 0.648094 
0.442298 0.499723 0.329736 -0.633126 0.641251 0.441068 0.499723 0.352297 -0.625025 0.641251 0.439764 0.499723 0.352297 -0.625025 0.630499 0.438509 0.499723 0.352297 -0.625025 0.638319 0.437303 0.499723 0.352297 -0.625025 0.649071 0.436147 0.499723 0.352297 -0.625025 0.649071 
0.441683 0.499723 0.329736 -0.633126 0.646139 0.440404 0.499723 0.352297 -0.625025 0.639296 0.439099 0.499723 0.352297 -0.625025 0.630499 0.437894 0.499723 0.352297 -0.625025 0.648094 0.436713 0.499723 0.352297 -0.625025 0.648094 0.435630 0.499723 0.352297 -0.625025 0.643206 
0.441068 0.499723 0.352297 -0.625025 0.641251 0.439764 0.499723 0.352297 -0.625025 0.630499 0.438509 0.499723 0.352297 -0.625025 0.638319 0.437303 0.499723 0.352297 -0.625025 0.649071 0.436147 0.499723 0.352297 -0.625025 0.649071 0.435113 0.499739 0.352297 -0.625025 0.638319 
0.440404 0.499723 0.352297 -0.625025 0.639296 0.439099 0.499723 0.352297 -0.625025 0.630499 0.437894 0.499723 0.352297 -0.625025 0.648094 0.436713 0.499723 0.352297 -0.625025 0.648094 0.435630 0.499723 0.352297 -0.625025 0.643206 0.434621 0.499769 0.340852 -0.608124 0.636364 
0.439764 0.499723 0.352297 -0.625025 0.630499 0.438509 0.499723 0.352297 -0.625025 0.638319 0.437303 0.499723 0.352297 -0.625025 0.649071 0.436147 0.499723 0.352297 -0.625025 0.649071 0.435113 0.499739 0.352297 -0.625025 0.638319 0.434080 0.499800 0.340852 -0.608124 0.637341 
0.439099 0.499723 0.352297 -0.625025 0.630499 0.437894 0.499723 0.352297 -0.625025 0.648094 0.436713 0.499723 0.352297 -0.625025 0.648094 0.435630 0.499723 0.352297 -0.625025 0.643206 0.434621 0.499769 0.340852 -0.608124 0.636364 0.433514 0.499846 0.340852 -0.608124 0.641251 
0.438509 0.499723 0.352297 -0.625025 0.638319 0.437303 0.499723 0.352297 -0.625025 0.649071 0.436147 0.499723 0.352297 -0.625025 0.649071 0.435113 0.499739 0.352297 -0.625025 0.638319 0.434080 0.499800 0.340852 -0.608124 0.637341 0.432923 0.499892 0.340852 -0.608124 0.646139 
0.437894 0.499723 0.352297 -0.625025 0.648094 0.436713 0.499723 0.352297 -0.625025 0.648094 0.435630 0.499723 0.352297 -0.625025 0.643206 0.434621 0.499769 0.340852 -0.608124 0.636364 0.433514 0.499846 0.340852 -0.608124 0.641251 0.432308 0.499954 0.340852 -0.608124 0.651026 
0.437303 0.499723 0.352297 -0.625025 0.649071 0.436147 0.499723 0.352297 -0.625025 0.649071 0.435113 0.499739 0.352297 -0.625025 0.638319 0.434080 0.499800 0.340852 -0.608124 0.637341 0.432923 0.499892 0.340852 -0.608124 0.646139 0.431693 0.500015 0.340852 -0.608124 0.653959 
0.436713 0.499723 0.352297 -0.625025 0.648094 0.435630 0.499723 0.352297 -0.625025 0.643206 0.434621 0.499769 0.340852 -0.608124 0.636364 0.433514 0.499846 0.340852 -0.608124 0.641251 0.432308 0.499954 0.340852 -0.608124 0.651026 0.431078 0.500092 0.340852 -0.608124 0.659824 
0.436147 0.499723 0.352297 -0.625025 0.649071 0.435113 0.499739 0.352297 -0.625025 0.638319 0.434080 0.499800 0.340852 -0.608124 0.637341 0.432923 0.499892 0.340852 -0.608124 0.646139 0.431693 0.500015 0.340852 -0.608124 0.653959 0.430413 0.500169 0.340852 -0.608124 0.663734 
0.435630 0.499723 0.352297 -0.625025 0.643206 0.434621 0.499769 0.340852 -0.608124 0.636364 0.433514 0.499846 0.340852 -0.608124 0.641251 0.432308 0.499954 0.340852 -0.608124 0.651026 0.431078 0.500092 0.340852 -0.608124 0.659824 0.429798 0.500261 0.340852 -0.608124 0.660802 
0.435113 0.499739 0.352297 -0.625025 0.638319 0.434080 0.499800 0.340852 -0.608124 0.637341 0.432923 0.499892 0.340852 -0.608124 0.646139 0.431693 0.500015 0.340852 -0.608124 0.653959 0.430413 0.500169 0.340852 -0.608124 0.663734 0.429183 0.500338 0.340852 -0.608124 0.658847 
0.434621 0.499769 0.340852 -0.608124 0.636364 0.433514 0.499846 0.340852 -0.608124 0.641251 0.432308 0.499954 0.340852 -0.608124 0.651026 0.431078 0.500092 0.340852 -0.608124 0.659824 0.429798 0.500261 0.340852 -0.608124 0.660802 0.428617 0.500400 0.340852 -0.608124 0.657869 
0.434080 0.499800 0.340852 -0.608124 0.637341 0.432923 0.499892 0.340852 -0.608124 0.646139 0.431693 0.500015 0.340852 -0.608124 0.653959 0.430413 0.500169 0.340852 -0.608124 0.663734 0.429183 0.500338 0.340852 -0.608124 0.658847 0.428076 0.500461 0.340852 -0.608124 0.656892 
0.433514 0.499846 0.340852 -0.608124 0.641251 0.432308 0.499954 0.340852 -0.608124 0.651026 0.431078 0.500092 0.340852 -0.608124 0.659824 0.429798 0.500261 0.340852 -0.608124 0.660802 0.428617 0.500400 0.340852 -0.608124 0.657869 0.427584 0.500508 0.340031 -0.587090 0.660802 
0.432923 0.499892 0.340852 -0.608124 0.646139 0.431693 0.500015 0.340852 -0.608124 0.653959 0.430413 0.500169 0.340852 -0.608124 0.663734 0.429183 0.500338 0.340852 -0.608124 0.658847 0.428076 0.500461 0.340852 -0.608124 0.656892 0.427092 0.500538 0.340031 -0.587090 0.657869 
0.432308 0.499954 0.340852 -0.608124 0.651026 0.431078 0.500092 0.340852 -0.608124 0.659824 0.429798 0.500261 0.340852 -0.608124 0.660802 0.428617 0.500400 0.340852 -0.608124 0.657869 0.427584 0.500508 0.340031 -0.587090 0.660802 0.426624 0.500569 0.340031 -0.587090 0.656892 
0.431693 0.500015 0.340852 -0.608124 0.653959 0.430413 0.500169 0.340852 -0.608124 0.663734 0.429183 0.500338 0.340852 -0.608124 0.658847 0.428076 0.500461 0.340852 -0.608124 0.656892 0.427092 0.500538 0.340031 -0.587090 0.657869 0.426255 0.500569 0.340031 -0.587090 0.655914 
0.431078 0.500092 0.340852 -0.608124 0.659824 0.429798 0.500261 0.340852 -0.608124 0.660802 0.428617 0.500400 0.340852 -0.608124 0.657869 0.427584 0.500508 0.340031 -0.587090 0.660802 0.426624 0.500569 0.340031 -0.587090 0.656892 0.425886 0.500569 0.340031 -0.587090 0.652981 
0.430413 0.500169 0.340852 -0.608124 0.663734 0.429183 0.500338 0.340852 -0.608124 0.658847 0.428076 0.500461 0.340852 -0.608124 0.656892 0.427092 0.500538 0.340031 -0.587090 0.657869 0.426255 0.500569 0.340031 -0.587090 0.655914 0.425566 0.500584 0.340031 -0.587090 0.651026 
0.429798 0.500261 0.340852 -0.608124 0.660802 0.428617 0.500400 0.340852 -0.608124 0.657869 0.427584 0.500508 0.340031 -0.587090 0.660802 0.426624 0.500569 0.340031 -0.587090 0.656892 0.425886 0.500569 0.340031 -0.587090 0.652981 0.425221 0.500584 0.340031 -0.587090 0.647116 
0.429183 0.500338 0.340852 -0.608124 0.658847 0.428076 0.500461 0.340852 -0.608124 0.656892 0.427092 0.500538 0.340031 -0.587090 0.657869 0.426255 0.500569 0.340031 -0.587090 0.655914 0.425566 0.500584 0.340031 -0.587090 0.651026 0.424926 0.500600 0.340031 -0.587090 0.647116 
0.428617 0.500400 0.340852 -0.608124 0.657869 0.427584 0.500508 0.340031 -0.587090 0.660802 0.426624 0.500569 0.340031 -0.587090 0.656892 0.425886 0.500569 0.340031 -0.587090 0.652981 0.425221 0.500584 0.340031 -0.587090 0.647116 0.424631 0.500615 0.340031 -0.587090 0.645161 
0.428076 0.500461 0.340852 -0.608124 0.656892 0.427092 0.500538 0.340031 -0.587090 0.657869 0.426255 0.500569 0.340031 -0.587090 0.655914 0.425566 0.500584 0.340031 -0.587090 0.651026 0.424926 0.500600 0.340031 -0.587090 0.647116 0.424311 0.500631 0.340031 -0.587090 0.645161 
0.427584 0.500508 0.340031 -0.587090 0.660802 0.426624 0.500569 0.340031 -0.587090 0.656892 0.425886 0.500569 0.340031 -0.587090 0.652981 0.425221 0.500584 0.340031 -0.587090 0.647116 0.424631 0.500615 0.340031 -0.587090 0.645161 0.423991 0.500631 0.340031 -0.587090 0.645161 
0.427092 0.500538 0.340031 -0.587090 0.657869 0.426255 0.500569 0.340031 -0.587090 0.655914 0.425566 0.500584 0.340031 -0.587090 0.651026 0.424926 0.500600 0.340031 -0.587090 0.647116 0.424311 0.500631 0.340031 -0.587090 0.645161 0.423671 0.500646 0.340031 -0.587090 0.645161 
0.426624 0.500569 0.340031 -0.587090 0.656892 0.425886 0.500569 0.340031 -0.587090 0.652981 0.425221 0.500584 0.340031 -0.587090 0.647116 0.424631 0.500615 0.340031 -0.587090 0.645161 0.423991 0.500631 0.340031 -0.587090 0.645161 0.423351 0.500661 0.340031 -0.587090 0.648094 
0.426255 0.500569 0.340031 -0.587090 0.655914 0.425566 0.500584 0.340031 -0.587090 0.651026 0.424926 0.500600 0.340031 -0.587090 0.647116 0.424311 0.500631 0.340031 -0.587090 0.645161 0.423671 0.500646 0.340031 -0.587090 0.645161 0.422982 0.500677 0.340031 -0.587090 0.651026 
0.425886 0.500569 0.340031 -0.587090 0.652981 0.425221 0.500584 0.340031 -0.587090 0.647116 0.424631 0.500615 0.340031 -0.587090 0.645161 0.423991 0.500631 0.340031 -0.587090 0.645161 0.423351 0.500661 0.340031 -0.587090 0.648094 0.422638 0.500707 0.340031 -0.587090 0.652981 
0.425566 0.500584 0.340031 -0.587090 0.651026 0.424926 0.500600 0.340031 -0.587090 0.647116 0.424311 0.500631 0.340031 -0.587090 0.645161 0.423671 0.500646 0.340031 -0.587090 0.645161 0.422982 0.500677 0.340031 -0.587090 0.651026 0.422269 0.500738 0.340031 -0.587090 0.656892 
0.425221 0.500584 0.340031 -0.587090 0.647116 0.424631 0.500615 0.340031 -0.587090 0.645161 0.423991 0.500631 0.340031 -0.587090 0.645161 0.423351 0.500661 0.340031 -0.587090 0.648094 0.422638 0.500707 0.340031 -0.587090 0.652981 0.421900 0.500769 0.340031 -0.587090 0.653959 
0.424926 0.500600 0.340031 -0.587090 0.647116 0.424311 0.500631 0.340031 -0.587090 0.645161 0.423671 0.500646 0.340031 -0.587090 0.645161 0.422982 0.500677 0.340031 -0.587090 0.651026 0.422269 0.500738 0.340031 -0.587090 0.656892 0.421580 0.500784 0.340031 -0.587090 0.652981 
0.424631 0.500615 0.340031 -0.587090 0.645161 0.423991 0.500631 0.340031 -0.587090 0.645161 0.423351 0.500661 0.340031 -0.587090 0.648094 0.422638 0.500707 0.340031 -0.587090 0.652981 0.421900 0.500769 0.340031 -0.587090 0.653959 0.421260 0.500815 0.340031 -0.587090 0.652981 
0.424311 0.500631 0.340031 -0.587090 0.645161 0.423671 0.500646 0.340031 -0.587090 0.645161 0.422982 0.500677 0.340031 -0.587090 0.651026 0.422269 0.500738 0.340031 -0.587090 0.656892 0.421580 0.500784 0.340031 -0.587090 0.652981 0.420940 0.500846 0.340031 -0.587090 0.652004 
0.423991 0.500631 0.340031 -0.587090 0.645161 0.423351 0.500661 0.340031 -0.587090 0.648094 0.422638 0.500707 0.340031 -0.587090 0.652981 0.421900 0.500769 0.340031 -0.587090 0.653959 0.421260 0.500815 0.340031 -0.587090 0.652981 0.420645 0.500877 0.340031 -0.587090 0.647116 
0.423671 0.500646 0.340031 -0.587090 0.645161 0.422982 0.500677 0.340031 -0.587090 0.651026 0.422269 0.500738 0.340031 -0.587090 0.656892 0.421580 0.500784 0.340031 -0.587090 0.652981 0.420940 0.500846 0.340031 -0.587090 0.652004 0.420349 0.500892 0.340031 -0.587090 0.641251 
0.423351 0.500661 0.340031 -0.587090 0.648094 0.422638 0.500707 0.340031 -0.587090 0.652981 0.421900 0.500769 0.340031 -0.587090 0.653959 0.421260 0.500815 0.340031 -0.587090 0.652981 0.420645 0.500877 0.340031 -0.587090 0.647116 0.420054 0.500923 0.340031 -0.587090 0.637341 
0.422982 0.500677 0.340031 -0.587090 0.651026 0.422269 0.500738 0.340031 -0.587090 0.656892 0.421580 0.500784 0.340031 -0.587090 0.652981 0.420940 0.500846 0.340031 -0.587090 0.652004 0.420349 0.500892 0.340031 -0.587090 0.641251 0.419808 0.500938 0.340031 -0.587090 0.635386 
0.422638 0.500707 0.340031 -0.587090 0.652981 0.421900 0.500769 0.340031 -0.587090 0.653959 0.421260 0.500815 0.340031 -0.587090 0.652981 0.420645 0.500877 0.340031 -0.587090 0.647116 0.420054 0.500923 0.340031 -0.587090 0.637341 0.419513 0.500953 0.340031 -0.587090 0.639296 
0.422269 0.500738 0.340031 -0.587090 0.656892 0.421580 0.500784 0.340031 -0.587090 0.652981 0.420940 0.500846 0.340031 -0.587090 0.652004 0.420349 0.500892 0.340031 -0.587090 0.641251 0.419808 0.500938 0.340031 -0.587090 0.635386 0.419218 0.500984 0.340031 -0.587090 0.641251 
0.421900 0.500769 0.340031 -0.587090 0.653959 0.421260 0.500815 0.340031 -0.587090 0.652981 0.420645 0.500877 0.340031 -0.587090 0.647116 0.420054 0.500923 0.340031 -0.587090 0.637341 0.419513 0.500953 0.340031 -0.587090 0.639296 0.418873 0.501000 0.340031 -0.587090 0.641251 
0.421580 0.500784 0.340031 -0.587090 0.652981 0.420940 0.500846 0.340031 -0.587090 0.652004 0.420349 0.500892 0.340031 -0.587090 0.641251 0.419808 0.500938 0.340031 -0.587090 0.635386 0.419218 0.500984 0.340031 -0.587090 0.641251 0.418553 0.501030 0.340852 -0.608124 0.643206 
0.421260 0.500815 0.340031 -0.587090 0.652981 0.420645 0.500877 0.340031 -0.587090 0.647116 0.420054 0.500923 0.340031 -0.587090 0.637341 0.419513 0.500953 0.340031 -0.587090 0.639296 0.418873 0.501000 0.340031 -0.587090 0.641251 0.418209 0.501061 0.340852 -0.608124 0.646139 
0.420940 0.500846 0.340031 -0.587090 0.652004 0.420349 0.500892 0.340031 -0.587090 0.641251 0.419808 0.500938 0.340031 -0.587090 0.635386 0.419218 0.500984 0.340031 -0.587090 0.641251 0.418553 0.501030 0.340852 -0.608124 0.643206 0.417864 0.501077 0.340852 -0.608124 0.652004 
0.420645 0.500877 0.340031 -0.587090 0.647116 0.420054 0.500923 0.340031 -0.587090 0.637341 0.419513 0.500953 0.340031 -0.587090 0.639296 0.418873 0.501000 0.340031 -0.587090 0.641251 0.418209 0.501061 0.340852 -0.608124 0.646139 0.417495 0.501123 0.340852 -0.608124 0.652981 
0.420349 0.500892 0.340031 -0.587090 0.641251 0.419808 0.500938 0.340031 -0.587090 0.635386 0.419218 0.500984 0.340031 -0.587090 0.641251 0.418553 0.501030 0.340852 -0.608124 0.643206 0.417864 0.501077 0.340852 -0.608124 0.652004 0.417077 0.501169 0.340852 -0.608124 0.652981 
0.420054 0.500923 0.340031 -0.587090 0.637341 0.419513 0.500953 0.340031 -0.587090 0.639296 0.418873 0.501000 0.340031 -0.587090 0.641251 0.418209 0.501061 0.340852 -0.608124 0.646139 0.417495 0.501123 0.340852 -0.608124 0.652981 0.416683 0.501230 0.340852 -0.608124 0.651026 
0.419808 0.500938 0.340031 -0.587090 0.635386 0.419218 0.500984 0.340031 -0.587090 0.641251 0.418553 0.501030 0.340852 -0.608124 0.643206 0.417864 0.501077 0.340852 -0.608124 0.652004 0.417077 0.501169 0.340852 -0.608124 0.652981 0.416265 0.501276 0.340852 -0.608124 0.650049 
0.419513 0.500953 0.340031 -0.587090 0.639296 0.418873 0.501000 0.340031 -0.587090 0.641251 0.418209 0.501061 0.340852 -0.608124 0.646139 0.417495 0.501123 0.340852 -0.608124 0.652981 0.416683 0.501230 0.340852 -0.608124 0.651026 0.415896 0.501353 0.340852 -0.608124 0.651026 
0.419218 0.500984 0.340031 -0.587090 0.641251 0.418553 0.501030 0.340852 -0.608124 0.643206 0.417864 0.501077 0.340852 -0.608124 0.652004 0.417077 0.501169 0.340852 -0.608124 0.652981 0.416265 0.501276 0.340852 -0.608124 0.650049 0.415477 0.501415 0.340852 -0.608124 0.657869 
0.418873 0.501000 0.340031 -0.587090 0.641251 0.418209 0.501061 0.340852 -0.608124 0.646139 0.417495 0.501123 0.340852 -0.608124 0.652981 0.416683 0.501230 0.340852 -0.608124 0.651026 0.415896 0.501353 0.340852 -0.608124 0.651026 0.415084 0.501476 0.340852 -0.608124 0.661779 
0.418553 0.501030 0.340852 -0.608124 0.643206 0.417864 0.501077 0.340852 -0.608124 0.652004 0.417077 0.501169 0.340852 -0.608124 0.652981 0.416265 0.501276 0.340852 -0.608124 0.650049 0.415477 0.501415 0.340852 -0.608124 0.657869 0.414690 0.501538 0.340852 -0.608124 0.656892 
0.418209 0.501061 0.340852 -0.608124 0.646139 0.417495 0.501123 0.340852 -0.608124 0.652981 0.416683 0.501230 0.340852 -0.608124 0.651026 0.415896 0.501353 0.340852 -0.608124 0.651026 0.415084 0.501476 0.340852 -0.608124 0.661779 0.414296 0.501599 0.340852 -0.608124 0.653959 
0.417864 0.501077 0.340852 -0.608124 0.652004 0.417077 0.501169 0.340852 -0.608124 0.652981 0.416265 0.501276 0.340852 -0.608124 0.650049 0.415477 0.501415 0.340852 -0.608124 0.657869 0.414690 0.501538 0.340852 -0.608124 0.656892 0.413952 0.501646 0.340852 -0.608124 0.654936 
0.417495 0.501123 0.340852 -0.608124 0.652981 0.416683 0.501230 0.340852 -0.608124 0.651026 0.415896 0.501353 0.340852 -0.608124 0.651026 0.415084 0.501476 0.340852 -0.608124 0.661779 0.414296 0.501599 0.340852 -0.608124 0.653959 0.413632 0.501676 0.340852 -0.608124 0.656892 
0.417077 0.501169 0.340852 -0.608124 0.652981 0.416265 0.501276 0.340852 -0.608124 0.650049 0.415477 0.501415 0.340852 -0.608124 0.657869 0.414690 0.501538 0.340852 -0.608124 0.656892 0.413952 0.501646 0.340852 -0.608124 0.654936 0.413287 0.501722 0.374103 -0.616243 0.655914 
0.416683 0.501230 0.340852 -0.608124 0.651026 0.415896 0.501353 0.340852 -0.608124 0.651026 0.415084 0.501476 0.340852 -0.608124 0.661779 0.414296 0.501599 0.340852 -0.608124 0.653959 0.413632 0.501676 0.340852 -0.608124 0.656892 0.412968 0.501753 0.374103 -0.616243 0.651026 
0.416265 0.501276 0.340852 -0.608124 0.650049 0.415477 0.501415 0.340852 -0.608124 0.657869 0.414690 0.501538 0.340852 -0.608124 0.656892 0.413952 0.501646 0.340852 -0.608124 0.654936 0.413287 0.501722 0.374103 -0.616243 0.655914 0.412623 0.501784 0.374103 -0.616243 0.649071 
0.415896 0.501353 0.340852 -0.608124 0.651026 0.415084 0.501476 0.340852 -0.608124 0.661779 0.414296 0.501599 0.340852 -0.608124 0.653959 0.413632 0.501676 0.340852 -0.608124 0.656892 0.412968 0.501753 0.374103 -0.616243 0.651026 0.412279 0.501799 0.374103 -0.616243 0.647116 
0.415477 0.501415 0.340852 -0.608124 0.657869 0.414690 0.501538 0.340852 -0.608124 0.656892 0.413952 0.501646 0.340852 -0.608124 0.654936 0.413287 0.501722 0.374103 -0.616243 0.655914 0.412623 0.501784 0.374103 -0.616243 0.649071 0.411983 0.501830 0.374103 -0.616243 0.649071 
0.415084 0.501476 0.340852 -0.608124 0.661779 0.414296 0.501599 0.340852 -0.608124 0.653959 0.413632 0.501676 0.340852 -0.608124 0.656892 0.412968 0.501753 0.374103 -0.616243 0.651026 0.412279 0.501799 0.374103 -0.616243 0.647116 0.411713 0.501830 0.374103 -0.616243 0.650049 
0.414690 0.501538 0.340852 -0.608124 0.656892 0.413952 0.501646 0.340852 -0.608124 0.654936 0.413287 0.501722 0.374103 -0.616243 0.655914 0.412623 0.501784 0.374103 -0.616243 0.649071 0.411983 0.501830 0.374103 -0.616243 0.649071 0.411417 0.501845 0.374103 -0.616243 0.654936 
0.414296 0.501599 0.340852 -0.608124 0.653959 0.413632 0.501676 0.340852 -0.608124 0.656892 0.412968 0.501753 0.374103 -0.616243 0.651026 0.412279 0.501799 0.374103 -0.616243 0.647116 0.411713 0.501830 0.374103 -0.616243 0.650049 0.411147 0.501861 0.374103 -0.616243 0.654936 
0.413952 0.501646 0.340852 -0.608124 0.654936 0.413287 0.501722 0.374103 -0.616243 0.655914 0.412623 0.501784 0.374103 -0.616243 0.649071 0.411983 0.501830 0.374103 -0.616243 0.649071 0.411417 0.501845 0.374103 -0.616243 0.654936 0.410925 0.501876 0.374103 -0.616243 0.653959 
0.413632 0.501676 0.340852 -0.608124 0.656892 0.412968 0.501753 0.374103 -0.616243 0.651026 0.412279 0.501799 0.374103 -0.616243 0.647116 0.411713 0.501830 0.374103 -0.616243 0.650049 0.411147 0.501861 0.374103 -0.616243 0.654936 0.410728 0.501892 0.374103 -0.616243 0.651026 
0.413287 0.501722 0.374103 -0.616243 0.655914 0.412623 0.501784 0.374103 -0.616243 0.649071 0.411983 0.501830 0.374103 -0.616243 0.649071 0.411417 0.501845 0.374103 -0.616243 0.654936 0.410925 0.501876 0.374103 -0.616243 0.653959 0.410581 0.501892 0.374103 -0.616243 0.649071 
0.412968 0.501753 0.374103 -0.616243 0.651026 0.412279 0.501799 0.374103 -0.616243 0.647116 0.411713 0.501830 0.374103 -0.616243 0.650049 0.411147 0.501861 0.374103 -0.616243 0.654936 0.410728 0.501892 0.374103 -0.616243 0.651026 0.410458 0.501892 0.374103 -0.616243 0.647116 
0.412623 0.501784 0.374103 -0.616243 0.649071 0.411983 0.501830 0.374103 -0.616243 0.649071 0.411417 0.501845 0.374103 -0.616243 0.654936 0.410925 0.501876 0.374103 -0.616243 0.653959 0.410581 0.501892 0.374103 -0.616243 0.649071 0.410285 0.501892 0.374103 -0.616243 0.647116 
0.412279 0.501799 0.374103 -0.616243 0.647116 0.411713 0.501830 0.374103 -0.616243 0.650049 0.411147 0.501861 0.374103 -0.616243 0.654936 0.410728 0.501892 0.374103 -0.616243 0.651026 0.410458 0.501892 0.374103 -0.616243 0.647116 0.410187 0.501907 0.374103 -0.616243 0.648094 
0.411983 0.501830 0.374103 -0.616243 0.649071 0.411417 0.501845 0.374103 -0.616243 0.654936 0.410925 0.501876 0.374103 -0.616243 0.653959 0.410581 0.501892 0.374103 -0.616243 0.649071 0.410285 0.501892 0.374103 -0.616243 0.647116 0.410039 0.501922 0.374103 -0.616243 0.649071 
0.411713 0.501830 0.374103 -0.616243 0.650049 0.411147 0.501861 0.374103 -0.616243 0.654936 0.410728 0.501892 0.374103 -0.616243 0.651026 0.410458 0.501892 0.374103 -0.616243 0.647116 0.410187 0.501907 0.374103 -0.616243 0.648094 0.409916 0.501938 0.374103 -0.616243 0.649071 
0.411417 0.501845 0.374103 -0.616243 0.654936 0.410925 0.501876 0.374103 -0.616243 0.653959 0.410581 0.501892 0.374103 -0.616243 0.649071 0.410285 0.501892 0.374103 -0.616243 0.647116 0.410039 0.501922 0.374103 -0.616243 0.649071 0.409818 0.501953 0.374103 -0.616243 0.652004 
0.411147 0.501861 0.374103 -0.616243 0.654936 0.410728 0.501892 0.374103 -0.616243 0.651026 0.410458 0.501892 0.374103 -0.616243 0.647116 0.410187 0.501907 0.374103 -0.616243 0.648094 0.409916 0.501938 0.374103 -0.616243 0.649071 0.409670 0.501953 0.374103 -0.616243 0.652004 
0.410925 0.501876 0.374103 -0.616243 0.653959 0.410581 0.501892 0.374103 -0.616243 0.649071 0.410285 0.501892 0.374103 -0.616243 0.647116 0.410039 0.501922 0.374103 -0.616243 0.649071 0.409818 0.501953 0.374103 -0.616243 0.652004 0.409498 0.501969 0.374103 -0.616243 0.651026 
0.410728 0.501892 0.374103 -0.616243 0.651026 0.410458 0.501892 0.374103 -0.616243 0.647116 0.410187 0.501907 0.374103 -0.616243 0.648094 0.409916 0.501938 0.374103 -0.616243 0.649071 0.409670 0.501953 0.374103 -0.616243 0.652004 0.409301 0.501984 0.374103 -0.616243 0.651026 
0.410581 0.501892 0.374103 -0.616243 0.649071 0.410285 0.501892 0.374103 -0.616243 0.647116 0.410039 0.501922 0.374103 -0.616243 0.649071 0.409818 0.501953 0.374103 -0.616243 0.652004 0.409498 0.501969 0.374103 -0.616243 0.651026 0.409104 0.501999 0.374103 -0.616243 0.651026 
0.410458 0.501892 0.374103 -0.616243 0.647116 0.410187 0.501907 0.374103 -0.616243 0.648094 0.409916 0.501938 0.374103 -0.616243 0.649071 0.409670 0.501953 0.374103 -0.616243 0.652004 0.409301 0.501984 0.374103 -0.616243 0.651026 0.408883 0.502030 0.374103 -0.616243 0.650049 
0.410285 0.501892 0.374103 -0.616243 0.647116 0.410039 0.501922 0.374103 -0.616243 0.649071 0.409818 0.501953 0.374103 -0.616243 0.652004 0.409498 0.501969 0.374103 -0.616243 0.651026 0.409104 0.501999 0.374103 -0.616243 0.651026 0.408661 0.502045 0.374103 -0.616243 0.650049 
0.410187 0.501907 0.374103 -0.616243 0.648094 0.409916 0.501938 0.374103 -0.616243 0.649071 0.409670 0.501953 0.374103 -0.616243 0.652004 0.409301 0.501984 0.374103 -0.616243 0.651026 0.408883 0.502030 0.374103 -0.616243 0.650049 0.408415 0.502061 0.374103 -0.616243 0.650049 
0.410039 0.501922 0.374103 -0.616243 0.649071 0.409818 0.501953 0.374103 -0.616243 0.652004 0.409498 0.501969 0.374103 -0.616243 0.651026 0.409104 0.501999 0.374103 -0.616243 0.651026 0.408661 0.502045 0.374103 -0.616243 0.650049 0.408169 0.502092 0.363296 -0.620720 0.651026 
0.409916 0.501938 0.374103 -0.616243 0.649071 0.409670 0.501953 0.374103 -0.616243 0.652004 0.409301 0.501984 0.374103 -0.616243 0.651026 0.408883 0.502030 0.374103 -0.616243 0.650049 0.408415 0.502061 0.374103 -0.616243 0.650049 0.407948 0.502107 0.363296 -0.620720 0.653959 
0.409818 0.501953 0.374103 -0.616243 0.652004 0.409498 0.501969 0.374103 -0.616243 0.651026 0.409104 0.501999 0.374103 -0.616243 0.651026 0.408661 0.502045 0.374103 -0.616243 0.650049 0.408169 0.502092 0.363296 -0.620720 0.651026 0.407726 0.502122 0.363296 -0.620720 0.654936 
0.409670 0.501953 0.374103 -0.616243 0.652004 0.409301 0.501984 0.374103 -0.616243 0.651026 0.408883 0.502030 0.374103 -0.616243 0.650049 0.408415 0.502061 0.374103 -0.616243 0.650049 0.407948 0.502107 0.363296 -0.620720 0.653959 0.407530 0.502153 0.363296 -0.620720 0.653959 
0.409498 0.501969 0.374103 -0.616243 0.651026 0.409104 0.501999 0.374103 -0.616243 0.651026 0.408661 0.502045 0.374103 -0.616243 0.650049 0.408169 0.502092 0.363296 -0.620720 0.651026 0.407726 0.502122 0.363296 -0.620720 0.654936 0.407357 0.502168 0.363296 -0.620720 0.652004 
0.409301 0.501984 0.374103 -0.616243 0.651026 0.408883 0.502030 0.374103 -0.616243 0.650049 0.408415 0.502061 0.374103 -0.616243 0.650049 0.407948 0.502107 0.363296 -0.620720 0.653959 0.407530 0.502153 0.363296 -0.620720 0.653959 0.407185 0.502168 0.363296 -0.620720 0.650049 
0.409104 0.501999 0.374103 -0.616243 0.651026 0.408661 0.502045 0.374103 -0.616243 0.650049 0.408169 0.502092 0.363296 -0.620720 0.651026 0.407726 0.502122 0.363296 -0.620720 0.654936 0.407357 0.502168 0.363296 -0.620720 0.652004 0.407013 0.502184 0.363296 -0.620720 0.648094 
0.408883 0.502030 0.374103 -0.616243 0.650049 0.408415 0.502061 0.374103 -0.616243 0.650049 0.407948 0.502107 0.363296 -0.620720 0.653959 0.407530 0.502153 0.363296 -0.620720 0.653959 0.407185 0.502168 0.363296 -0.620720 0.650049 0.406841 0.502215 0.363296 -0.620720 0.648094 
0.408661 0.502045 0.374103 -0.616243 0.650049 0.408169 0.502092 0.363296 -0.620720 0.651026 0.407726 0.502122 0.363296 -0.620720 0.654936 0.407357 0.502168 0.363296 -0.620720 0.652004 0.407013 0.502184 0.363296 -0.620720 0.648094 0.406644 0.502230 0.363296 -0.620720 0.647116 
0.408415 0.502061 0.374103 -0.616243 0.650049 0.407948 0.502107 0.363296 -0.620720 0.653959 0.407530 0.502153 0.363296 -0.620720 0.653959 0.407185 0.502168 0.363296 -0.620720 0.650049 0.406841 0.502215 0.363296 -0.620720 0.648094 0.406447 0.502261 0.363296 -0.620720 0.647116 
0.408169 0.502092 0.363296 -0.620720 0.651026 0.407726 0.502122 0.363296 -0.620720 0.654936 0.407357 0.502168 0.363296 -0.620720 0.652004 0.407013 0.502184 0.363296 -0.620720 0.648094 0.406644 0.502230 0.363296 -0.620720 0.647116 0.406225 0.502291 0.363296 -0.620720 0.648094 
0.407948 0.502107 0.363296 -0.620720 0.653959 0.407530 0.502153 0.363296 -0.620720 0.653959 0.407185 0.502168 0.363296 -0.620720 0.650049 0.406841 0.502215 0.363296 -0.620720 0.648094 0.406447 0.502261 0.363296 -0.620720 0.647116 0.406029 0.502307 0.363296 -0.620720 0.648094 
0.407726 0.502122 0.363296 -0.620720 0.654936 0.407357 0.502168 0.363296 -0.620720 0.652004 0.407013 0.502184 0.363296 -0.620720 0.648094 0.406644 0.502230 0.363296 -0.620720 0.647116 0.406225 0.502291 0.363296 -0.620720 0.648094 0.405782 0.502338 0.363296 -0.620720 0.650049 
0.407530 0.502153 0.363296 -0.620720 0.653959 0.407185 0.502168 0.363296 -0.620720 0.650049 0.406841 0.502215 0.363296 -0.620720 0.648094 0.406447 0.502261 0.363296 -0.620720 0.647116 0.406029 0.502307 0.363296 -0.620720 0.648094 0.405561 0.502368 0.363296 -0.620720 0.654936 
0.407357 0.502168 0.363296 -0.620720 0.652004 0.407013 0.502184 0.363296 -0.620720 0.648094 0.406644 0.502230 0.363296 -0.620720 0.647116 0.406225 0.502291 0.363296 -0.620720 0.648094 0.405782 0.502338 0.363296 -0.620720 0.650049 0.405315 0.502399 0.363296 -0.620720 0.657869 
0.407185 0.502168 0.363296 -0.620720 0.650049 0.406841 0.502215 0.363296 -0.620720 0.648094 0.406447 0.502261 0.363296 -0.620720 0.647116 0.406029 0.502307 0.363296 -0.620720 0.648094 0.405561 0.502368 0.363296 -0.620720 0.654936 0.405167 0.502430 0.363296 -0.620720 0.657869 
0.407013 0.502184 0.363296 -0.620720 0.648094 0.406644 0.502230 0.363296 -0.620720 0.647116 0.406225 0.502291 0.363296 -0.620720 0.648094 0.405782 0.502338 0.363296 -0.620720 0.650049 0.405315 0.502399 0.363296 -0.620720 0.657869 0.404995 0.502445 0.363296 -0.620720 0.659824 
0.406841 0.502215 0.363296 -0.620720 0.648094 0.406447 0.502261 0.363296 -0.620720 0.647116 0.406029 0.502307 0.363296 -0.620720 0.648094 0.405561 0.502368 0.363296 -0.620720 0.654936 0.405167 0.502430 0.363296 -0.620720 0.657869 0.404872 0.502461 0.363296 -0.620720 0.659824 
0.406644 0.502230 0.363296 -0.620720 0.647116 0.406225 0.502291 0.363296 -0.620720 0.648094 0.405782 0.502338 0.363296 -0.620720 0.650049 0.405315 0.502399 0.363296 -0.620720 0.657869 0.404995 0.502445 0.363296 -0.620720 0.659824 0.404749 0.502476 0.363296 -0.620720 0.658847 
0.406447 0.502261 0.363296 -0.620720 0.647116 0.406029 0.502307 0.363296 -0.620720 0.648094 0.405561 0.502368 0.363296 -0.620720 0.654936 0.405167 0.502430 0.363296 -0.620720 0.657869 0.404872 0.502461 0.363296 -0.620720 0.659824 0.404626 0.502491 0.363296 -0.620720 0.658847 
0.406225 0.502291 0.363296 -0.620720 0.648094 0.405782 0.502338 0.363296 -0.620720 0.650049 0.405315 0.502399 0.363296 -0.620720 0.657869 0.404995 0.502445 0.363296 -0.620720 0.659824 0.404749 0.502476 0.363296 -0.620720 0.658847 0.404528 0.502491 0.363296 -0.620720 0.656892 
0.406029 0.502307 0.363296 -0.620720 0.648094 0.405561 0.502368 0.363296 -0.620720 0.654936 0.405167 0.502430 0.363296 -0.620720 0.657869 0.404872 0.502461 0.363296 -0.620720 0.659824 0.404626 0.502491 0.363296 -0.620720 0.658847 0.404454 0.502491 0.363296 -0.620720 0.655914 
0.405782 0.502338 0.363296 -0.620720 0.650049 0.405315 0.502399 0.363296 -0.620720 0.657869 0.404995 0.502445 0.363296 -0.620720 0.659824 0.404749 0.502476 0.363296 -0.620720 0.658847 0.404528 0.502491 0.363296 -0.620720 0.656892 0.404405 0.502491 0.363296 -0.620720 0.656892 
0.405561 0.502368 0.363296 -0.620720 0.654936 0.405167 0.502430 0.363296 -0.620720 0.657869 0.404872 0.502461 0.363296 -0.620720 0.659824 0.404626 0.502491 0.363296 -0.620720 0.658847 0.404454 0.502491 0.363296 -0.620720 0.655914 0.404306 0.502491 0.363296 -0.620720 0.653959 
0.405315 0.502399 0.363296 -0.620720 0.657869 0.404995 0.502445 0.363296 -0.620720 0.659824 0.404749 0.502476 0.363296 -0.620720 0.658847 0.404528 0.502491 0.363296 -0.620720 0.656892 0.404405 0.502491 0.363296 -0.620720 0.656892 0.404208 0.502507 0.363296 -0.620720 0.652981 
0.405167 0.502430 0.363296 -0.620720 0.657869 0.404872 0.502461 0.363296 -0.620720 0.659824 0.404626 0.502491 0.363296 -0.620720 0.658847 0.404454 0.502491 0.363296 -0.620720 0.655914 0.404306 0.502491 0.363296 -0.620720 0.653959 0.404158 0.502507 0.363296 -0.620720 0.652981 
0.404995 0.502445 0.363296 -0.620720 0.659824 0.404749 0.502476 0.363296 -0.620720 0.658847 0.404528 0.502491 0.363296 -0.620720 0.656892 0.404405 0.502491 0.363296 -0.620720 0.656892 0.404208 0.502507 0.363296 -0.620720 0.652981 0.404060 0.502522 0.363296 -0.620720 0.653959 
0.404872 0.502461 0.363296 -0.620720 0.659824 0.404626 0.502491 0.363296 -0.620720 0.658847 0.404454 0.502491 0.363296 -0.620720 0.655914 0.404306 0.502491 0.363296 -0.620720 0.653959 0.404158 0.502507 0.363296 -0.620720 0.652981 0.403962 0.502522 0.363296 -0.620720 0.652004 
0.404749 0.502476 0.363296 -0.620720 0.658847 0.404528 0.502491 0.363296 -0.620720 0.656892 0.404405 0.502491 0.363296 -0.620720 0.656892 0.404208 0.502507 0.363296 -0.620720 0.652981 0.404060 0.502522 0.363296 -0.620720 0.653959 0.403863 0.502553 0.363296 -0.620720 0.651026 
0.404626 0.502491 0.363296 -0.620720 0.658847 0.404454 0.502491 0.363296 -0.620720 0.655914 0.404306 0.502491 0.363296 -0.620720 0.653959 0.404158 0.502507 0.363296 -0.620720 0.652981 0.403962 0.502522 0.363296 -0.620720 0.652004 0.403839 0.502553 0.363296 -0.620720 0.652004 
0.404528 0.502491 0.363296 -0.620720 0.656892 0.404405 0.502491 0.363296 -0.620720 0.656892 0.404208 0.502507 0.363296 -0.620720 0.652981 0.404060 0.502522 0.363296 -0.620720 0.653959 0.403863 0.502553 0.363296 -0.620720 0.651026 0.403666 0.502568 0.363296 -0.620720 0.651026 
0.404454 0.502491 0.363296 -0.620720 0.655914 0.404306 0.502491 0.363296 -0.620720 0.653959 0.404158 0.502507 0.363296 -0.620720 0.652981 0.403962 0.502522 0.363296 -0.620720 0.652004 0.403839 0.502553 0.363296 -0.620720 0.652004 0.403519 0.502599 0.363296 -0.620720 0.651026 
0.404405 0.502491 0.363296 -0.620720 0.656892 0.404208 0.502507 0.363296 -0.620720 0.652981 0.404060 0.502522 0.363296 -0.620720 0.653959 0.403863 0.502553 0.363296 -0.620720 0.651026 0.403666 0.502568 0.363296 -0.620720 0.651026 0.403371 0.502630 0.363296 -0.620720 0.651026 
0.404306 0.502491 0.363296 -0.620720 0.653959 0.404158 0.502507 0.363296 -0.620720 0.652981 0.403962 0.502522 0.363296 -0.620720 0.652004 0.403839 0.502553 0.363296 -0.620720 0.652004 0.403519 0.502599 0.363296 -0.620720 0.651026 0.403100 0.502645 0.363296 -0.620720 0.653959 
0.404208 0.502507 0.363296 -0.620720 0.652981 0.404060 0.502522 0.363296 -0.620720 0.653959 0.403863 0.502553 0.363296 -0.620720 0.651026 0.403666 0.502568 0.363296 -0.620720 0.651026 0.403371 0.502630 0.363296 -0.620720 0.651026 0.402928 0.502676 0.363296 -0.620720 0.656892 
0.404158 0.502507 0.363296 -0.620720 0.652981 0.403962 0.502522 0.363296 -0.620720 0.652004 0.403839 0.502553 0.363296 -0.620720 0.652004 0.403519 0.502599 0.363296 -0.620720 0.651026 0.403100 0.502645 0.363296 -0.620720 0.653959 0.402682 0.502707 0.363296 -0.620720 0.659824 
0.404060 0.502522 0.363296 -0.620720 0.653959 0.403863 0.502553 0.363296 -0.620720 0.651026 0.403666 0.502568 0.363296 -0.620720 0.651026 0.403371 0.502630 0.363296 -0.620720 0.651026 0.402928 0.502676 0.363296 -0.620720 0.656892 0.402485 0.502722 0.363296 -0.620720 0.661779 
0.403962 0.502522 0.363296 -0.620720 0.652004 0.403839 0.502553 0.363296 -0.620720 0.652004 0.403519 0.502599 0.363296 -0.620720 0.651026 0.403100 0.502645 0.363296 -0.620720 0.653959 0.402682 0.502707 0.363296 -0.620720 0.659824 0.402165 0.502753 0.363296 -0.620720 0.661779 
0.403863 0.502553 0.363296 -0.620720 0.651026 0.403666 0.502568 0.363296 -0.620720 0.651026 0.403371 0.502630 0.363296 -0.620720 0.651026 0.402928 0.502676 0.363296 -0.620720 0.656892 0.402485 0.502722 0.363296 -0.620720 0.661779 0.401944 0.502784 0.363296 -0.620720 0.661779 
0.403839 0.502553 0.363296 -0.620720 0.652004 0.403519 0.502599 0.363296 -0.620720 0.651026 0.403100 0.502645 0.363296 -0.620720 0.653959 0.402682 0.502707 0.363296 -0.620720 0.659824 0.402165 0.502753 0.363296 -0.620720 0.661779 0.401698 0.502799 0.363296 -0.620720 0.658847 
0.403666 0.502568 0.363296 -0.620720 0.651026 0.403371 0.502630 0.363296 -0.620720 0.651026 0.402928 0.502676 0.363296 -0.620720 0.656892 0.402485 0.502722 0.363296 -0.620720 0.661779 0.401944 0.502784 0.363296 -0.620720 0.661779 0.401427 0.502814 0.363296 -0.620720 0.657869 
0.403519 0.502599 0.363296 -0.620720 0.651026 0.403100 0.502645 0.363296 -0.620720 0.653959 0.402682 0.502707 0.363296 -0.620720 0.659824 0.402165 0.502753 0.363296 -0.620720 0.661779 0.401698 0.502799 0.363296 -0.620720 0.658847 0.401255 0.502830 0.363296 -0.620720 0.653959 
0.403371 0.502630 0.363296 -0.620720 0.651026 0.402928 0.502676 0.363296 -0.620720 0.656892 0.402485 0.502722 0.363296 -0.620720 0.661779 0.401944 0.502784 0.363296 -0.620720 0.661779 0.401427 0.502814 0.363296 -0.620720 0.657869 0.400984 0.502845 0.363296 -0.620720 0.649071 
0.403100 0.502645 0.363296 -0.620720 0.653959 0.402682 0.502707 0.363296 -0.620720 0.659824 0.402165 0.502753 0.363296 -0.620720 0.661779 0.401698 0.502799 0.363296 -0.620720 0.658847 0.401255 0.502830 0.363296 -0.620720 0.653959 0.400714 0.502860 0.363296 -0.620720 0.641251 
0.402928 0.502676 0.363296 -0.620720 0.656892 0.402485 0.502722 0.363296 -0.620720 0.661779 0.401944 0.502784 0.363296 -0.620720 0.661779 0.401427 0.502814 0.363296 -0.620720 0.657869 0.400984 0.502845 0.363296 -0.620720 0.649071 0.400468 0.502876 0.363296 -0.620720 0.639296 
0.402682 0.502707 0.363296 -0.620720 0.659824 0.402165 0.502753 0.363296 -0.620720 0.661779 0.401698 0.502799 0.363296 -0.620720 0.658847 0.401255 0.502830 0.363296 -0.620720 0.653959 0.400714 0.502860 0.363296 -0.620720 0.641251 0.400197 0.502876 0.363296 -0.620720 0.640274 
0.402485 0.502722 0.363296 -0.620720 0.661779 0.401944 0.502784 0.363296 -0.620720 0.661779 0.401427 0.502814 0.363296 -0.620720 0.657869 0.400984 0.502845 0.363296 -0.620720 0.649071 0.400468 0.502876 0.363296 -0.620720 0.639296 0.399926 0.502876 0.363296 -0.620720 0.642229 
0.402165 0.502753 0.363296 -0.620720 0.661779 0.401698 0.502799 0.363296 -0.620720 0.658847 0.401255 0.502830 0.363296 -0.620720 0.653959 0.400714 0.502860 0.363296 -0.620720 0.641251 0.400197 0.502876 0.363296 -0.620720 0.640274 0.399680 0.502876 0.363296 -0.620720 0.641251 
0.401944 0.502784 0.363296 -0.620720 0.661779 0.401427 0.502814 0.363296 -0.620720 0.657869 0.400984 0.502845 0.363296 -0.620720 0.649071 0.400468 0.502876 0.363296 -0.620720 0.639296 0.399926 0.502876 0.363296 -0.620720 0.642229 0.399459 0.502876 0.363296 -0.620720 0.642229 
0.401698 0.502799 0.363296 -0.620720 0.658847 0.401255 0.502830 0.363296 -0.620720 0.653959 0.400714 0.502860 0.363296 -0.620720 0.641251 0.400197 0.502876 0.363296 -0.620720 0.640274 0.399680 0.502876 0.363296 -0.620720 0.641251 0.399213 0.502876 0.363296 -0.620720 0.647116 
0.401427 0.502814 0.363296 -0.620720 0.657869 0.400984 0.502845 0.363296 -0.620720 0.649071 0.400468 0.502876 0.363296 -0.620720 0.639296 0.399926 0.502876 0.363296 -0.620720 0.642229 0.399459 0.502876 0.363296 -0.620720 0.642229 0.399040 0.502876 0.374103 -0.616243 0.646139 
0.401255 0.502830 0.363296 -0.620720 0.653959 0.400714 0.502860 0.363296 -0.620720 0.641251 0.400197 0.502876 0.363296 -0.620720 0.640274 0.399680 0.502876 0.363296 -0.620720 0.641251 0.399213 0.502876 0.363296 -0.620720 0.647116 0.398893 0.502876 0.374103 -0.616243 0.645161 
0.400984 0.502845 0.363296 -0.620720 0.649071 0.400468 0.502876 0.363296 -0.620720 0.639296 0.399926 0.502876 0.363296 -0.620720 0.642229 0.399459 0.502876 0.363296 -0.620720 0.642229 0.399040 0.502876 0.374103 -0.616243 0.646139 0.398720 0.502891 0.374103 -0.616243 0.647116 
0.400714 0.502860 0.363296 -0.620720 0.641251 0.400197 0.502876 0.363296 -0.620720 0.640274 0.399680 0.502876 0.363296 -0.620720 0.641251 0.399213 0.502876 0.363296 -0.620720 0.647116 0.398893 0.502876 0.374103 -0.616243 0.645161 0.398622 0.502907 0.374103 -0.616243 0.645161 
0.400468 0.502876 0.363296 -0.620720 0.639296 0.399926 0.502876 0.363296 -0.620720 0.642229 0.399459 0.502876 0.363296 -0.620720 0.642229 0.399040 0.502876 0.374103 -0.616243 0.646139 0.398720 0.502891 0.374103 -0.616243 0.647116 0.398499 0.502907 0.374103 -0.616243 0.647116 
0.400197 0.502876 0.363296 -0.620720 0.640274 0.399680 0.502876 0.363296 -0.620720 0.641251 0.399213 0.502876 0.363296 -0.620720 0.647116 0.398893 0.502876 0.374103 -0.616243 0.645161 0.398622 0.502907 0.374103 -0.616243 0.645161 0.398401 0.502922 0.374103 -0.616243 0.650049 
0.399926 0.502876 0.363296 -0.620720 0.642229 0.399459 0.502876 0.363296 -0.620720 0.642229 0.399040 0.502876 0.374103 -0.616243 0.646139 0.398720 0.502891 0.374103 -0.616243 0.647116 0.398499 0.502907 0.374103 -0.616243 0.647116 0.398253 0.502937 0.374103 -0.616243 0.652981 
0.399680 0.502876 0.363296 -0.620720 0.641251 0.399213 0.502876 0.363296 -0.620720 0.647116 0.398893 0.502876 0.374103 -0.616243 0.645161 0.398622 0.502907 0.374103 -0.616243 0.645161 0.398401 0.502922 0.374103 -0.616243 0.650049 0.398179 0.502953 0.374103 -0.616243 0.656892 
0.399459 0.502876 0.363296 -0.620720 0.642229 0.399040 0.502876 0.374103 -0.616243 0.646139 0.398720 0.502891 0.374103 -0.616243 0.647116 0.398499 0.502907 0.374103 -0.616243 0.647116 0.398253 0.502937 0.374103 -0.616243 0.652981 0.398081 0.502968 0.374103 -0.616243 0.659824 
0.399213 0.502876 0.363296 -0.620720 0.647116 0.398893 0.502876 0.374103 -0.616243 0.645161 0.398622 0.502907 0.374103 -0.616243 0.645161 0.398401 0.502922 0.374103 -0.616243 0.650049 0.398179 0.502953 0.374103 -0.616243 0.656892 0.397933 0.502984 0.374103 -0.616243 0.662757 
0.399040 0.502876 0.374103 -0.616243 0.646139 0.398720 0.502891 0.374103 -0.616243 0.647116 0.398499 0.502907 0.374103 -0.616243 0.647116 0.398253 0.502937 0.374103 -0.616243 0.652981 0.398081 0.502968 0.374103 -0.616243 0.659824 0.397810 0.502984 0.374103 -0.616243 0.663734 
0.398893 0.502876 0.374103 -0.616243 0.645161 0.398622 0.502907 0.374103 -0.616243 0.645161 0.398401 0.502922 0.374103 -0.616243 0.650049 0.398179 0.502953 0.374103 -0.616243 0.656892 0.397933 0.502984 0.374103 -0.616243 0.662757 0.397687 0.502999 0.374103 -0.616243 0.663734 
0.398720 0.502891 0.374103 -0.616243 0.647116 0.398499 0.502907 0.374103 -0.616243 0.647116 0.398253 0.502937 0.374103 -0.616243 0.652981 0.398081 0.502968 0.374103 -0.616243 0.659824 0.397810 0.502984 0.374103 -0.616243 0.663734 0.397515 0.503014 0.363296 -0.620720 0.662757 
0.398622 0.502907 0.374103 -0.616243 0.645161 0.398401 0.502922 0.374103 -0.616243 0.650049 0.398179 0.502953 0.374103 -0.616243 0.656892 0.397933 0.502984 0.374103 -0.616243 0.662757 0.397687 0.502999 0.374103 -0.616243 0.663734 0.397293 0.503014 0.363296 -0.620720 0.660802 
0.398499 0.502907 0.374103 -0.616243 0.647116 0.398253 0.502937 0.374103 -0.616243 0.652981 0.398081 0.502968 0.374103 -0.616243 0.659824 0.397810 0.502984 0.374103 -0.616243 0.663734 0.397515 0.503014 0.363296 -0.620720 0.662757 0.397072 0.503014 0.363296 -0.620720 0.659824 
0.398401 0.502922 0.374103 -0.616243 0.650049 0.398179 0.502953 0.374103 -0.616243 0.656892 0.397933 0.502984 0.374103 -0.616243 0.662757 0.397687 0.502999 0.374103 -0.616243 0.663734 0.397293 0.503014 0.363296 -0.620720 0.660802 0.396826 0.503045 0.363296 -0.620720 0.658847 
0.398253 0.502937 0.374103 -0.616243 0.652981 0.398081 0.502968 0.374103 -0.616243 0.659824 0.397810 0.502984 0.374103 -0.616243 0.663734 0.397515 0.503014 0.363296 -0.620720 0.662757 0.397072 0.503014 0.363296 -0.620720 0.659824 0.396531 0.503060 0.363296 -0.620720 0.657869 
0.398179 0.502953 0.374103 -0.616243 0.656892 0.397933 0.502984 0.374103 -0.616243 0.662757 0.397687 0.502999 0.374103 -0.616243 0.663734 0.397293 0.503014 0.363296 -0.620720 0.660802 0.396826 0.503045 0.363296 -0.620720 0.658847 0.396235 0.503076 0.363296 -0.620720 0.657869 
0.398081 0.502968 0.374103 -0.616243 0.659824 0.397810 0.502984 0.374103 -0.616243 0.663734 0.397515 0.503014 0.363296 -0.620720 0.662757 0.397072 0.503014 0.363296 -0.620720 0.659824 0.396531 0.503060 0.363296 -0.620720 0.657869 0.395866 0.503091 0.363296 -0.620720 0.658847 
0.397933 0.502984 0.374103 -0.616243 0.662757 0.397687 0.502999 0.374103 -0.616243 0.663734 0.397293 0.503014 0.363296 -0.620720 0.660802 0.396826 0.503045 0.363296 -0.620720 0.658847 0.396235 0.503076 0.363296 -0.620720 0.657869 0.395497 0.503107 0.374103 -0.616243 0.659824 
0.397810 0.502984 0.374103 -0.616243 0.663734 0.397515 0.503014 0.363296 -0.620720 0.662757 0.397072 0.503014 0.363296 -0.620720 0.659824 0.396531 0.503060 0.363296 -0.620720 0.657869 0.395866 0.503091 0.363296 -0.620720 0.658847 0.395128 0.503137 0.374103 -0.616243 0.662757 
0.397687 0.502999 0.374103 -0.616243 0.663734 0.397293 0.503014 0.363296 -0.620720 0.660802 0.396826 0.503045 0.363296 -0.620720 0.658847 0.396235 0.503076 0.363296 -0.620720 0.657869 0.395497 0.503107 0.374103 -0.616243 0.659824 0.394783 0.503153 0.374103 -0.616243 0.660802 
0.397515 0.503014 0.363296 -0.620720 0.662757 0.397072 0.503014 0.363296 -0.620720 0.659824 0.396531 0.503060 0.363296 -0.620720 0.657869 0.395866 0.503091 0.363296 -0.620720 0.658847 0.395128 0.503137 0.374103 -0.616243 0.662757 0.394390 0.503183 0.374103 -0.616243 0.660802 
0.397293 0.503014 0.363296 -0.620720 0.660802 0.396826 0.503045 0.363296 -0.620720 0.658847 0.396235 0.503076 0.363296 -0.620720 0.657869 0.395497 0.503107 0.374103 -0.616243 0.659824 0.394783 0.503153 0.374103 -0.616243 0.660802 0.393996 0.503199 0.374103 -0.616243 0.656892 
0.397072 0.503014 0.363296 -0.620720 0.659824 0.396531 0.503060 0.363296 -0.620720 0.657869 0.395866 0.503091 0.363296 -0.620720 0.658847 0.395128 0.503137 0.374103 -0.616243 0.662757 0.394390 0.503183 0.374103 -0.616243 0.660802 0.393602 0.503214 0.374103 -0.616243 0.653959 
0.396826 0.503045 0.363296 -0.620720 0.658847 0.396235 0.503076 0.363296 -0.620720 0.657869 0.395497 0.503107 0.374103 -0.616243 0.659824 0.394783 0.503153 0.374103 -0.616243 0.660802 0.393996 0.503199 0.374103 -0.616243 0.656892 0.393184 0.503230 0.374103 -0.616243 0.652981 
0.396531 0.503060 0.363296 -0.620720 0.657869 0.395866 0.503091 0.363296 -0.620720 0.658847 0.395128 0.503137 0.374103 -0.616243 0.662757 0.394390 0.503183 0.374103 -0.616243 0.660802 0.393602 0.503214 0.374103 -0.616243 0.653959 0.392790 0.503245 0.374103 -0.616243 0.652981 
0.396235 0.503076 0.363296 -0.620720 0.657869 0.395497 0.503107 0.374103 -0.616243 0.659824 0.394783 0.503153 0.374103 -0.616243 0.660802 0.393996 0.503199 0.374103 -0.616243 0.656892 0.393184 0.503230 0.374103 -0.616243 0.652981 0.392421 0.503260 0.374103 -0.616243 0.653959 
0.395866 0.503091 0.363296 -0.620720 0.658847 0.395128 0.503137 0.374103 -0.616243 0.662757 0.394390 0.503183 0.374103 -0.616243 0.660802 0.393602 0.503214 0.374103 -0.616243 0.653959 0.392790 0.503245 0.374103 -0.616243 0.652981 0.392003 0.503291 0.374103 -0.616243 0.657869 
0.395497 0.503107 0.374103 -0.616243 0.659824 0.394783 0.503153 0.374103 -0.616243 0.660802 0.393996 0.503199 0.374103 -0.616243 0.656892 0.393184 0.503230 0.374103 -0.616243 0.652981 0.392421 0.503260 0.374103 -0.616243 0.653959 0.391609 0.503306 0.374103 -0.616243 0.658847 
0.395128 0.503137 0.374103 -0.616243 0.662757 0.394390 0.503183 0.374103 -0.616243 0.660802 0.393602 0.503214 0.374103 -0.616243 0.653959 0.392790 0.503245 0.374103 -0.616243 0.652981 0.392003 0.503291 0.374103 -0.616243 0.657869 0.391216 0.503322 0.374103 -0.616243 0.658847 
0.394783 0.503153 0.374103 -0.616243 0.660802 0.393996 0.503199 0.374103 -0.616243 0.656892 0.393184 0.503230 0.374103 -0.616243 0.652981 0.392421 0.503260 0.374103 -0.616243 0.653959 0.391609 0.503306 0.374103 -0.616243 0.658847 0.390846 0.503353 0.374103 -0.616243 0.655914 
0.394390 0.503183 0.374103 -0.616243 0.660802 0.393602 0.503214 0.374103 -0.616243 0.653959 0.392790 0.503245 0.374103 -0.616243 0.652981 0.392003 0.503291 0.374103 -0.616243 0.657869 0.391216 0.503322 0.374103 -0.616243 0.658847 0.390477 0.503368 0.374103 -0.616243 0.654936 
0.393996 0.503199 0.374103 -0.616243 0.656892 0.393184 0.503230 0.374103 -0.616243 0.652981 0.392421 0.503260 0.374103 -0.616243 0.653959 0.391609 0.503306 0.374103 -0.616243 0.658847 0.390846 0.503353 0.374103 -0.616243 0.655914 0.390157 0.503368 0.374103 -0.616243 0.655914 
0.393602 0.503214 0.374103 -0.616243 0.653959 0.392790 0.503245 0.374103 -0.616243 0.652981 0.392003 0.503291 0.374103 -0.616243 0.657869 0.391216 0.503322 0.374103 -0.616243 0.658847 0.390477 0.503368 0.374103 -0.616243 0.654936 0.389862 0.503368 0.374103 -0.616243 0.657869 
0.393184 0.503230 0.374103 -0.616243 0.652981 0.392421 0.503260 0.374103 -0.616243 0.653959 0.391609 0.503306 0.374103 -0.616243 0.658847 0.390846 0.503353 0.374103 -0.616243 0.655914 0.390157 0.503368 0.374103 -0.616243 0.655914 0.389518 0.503368 0.374103 -0.616243 0.657869 
0.392790 0.503245 0.374103 -0.616243 0.652981 0.392003 0.503291 0.374103 -0.616243 0.657869 0.391216 0.503322 0.374103 -0.616243 0.658847 0.390477 0.503368 0.374103 -0.616243 0.654936 0.389862 0.503368 0.374103 -0.616243 0.657869 0.389247 0.503368 0.374103 -0.616243 0.658847 
0.392421 0.503260 0.374103 -0.616243 0.653959 0.391609 0.503306 0.374103 -0.616243 0.658847 0.390846 0.503353 0.374103 -0.616243 0.655914 0.390157 0.503368 0.374103 -0.616243 0.655914 0.389518 0.503368 0.374103 -0.616243 0.657869 0.389001 0.503368 0.374103 -0.616243 0.654936 
0.392003 0.503291 0.374103 -0.616243 0.657869 0.391216 0.503322 0.374103 -0.616243 0.658847 0.390477 0.503368 0.374103 -0.616243 0.654936 0.389862 0.503368 0.374103 -0.616243 0.657869 0.389247 0.503368 0.374103 -0.616243 0.658847 0.388804 0.503368 0.374103 -0.616243 0.652004 
0.391609 0.503306 0.374103 -0.616243 0.658847 0.390846 0.503353 0.374103 -0.616243 0.655914 0.390157 0.503368 0.374103 -0.616243 0.655914 0.389518 0.503368 0.374103 -0.616243 0.657869 0.389001 0.503368 0.374103 -0.616243 0.654936 0.388632 0.503368 0.374103 -0.616243 0.649071 
0.391216 0.503322 0.374103 -0.616243 0.658847 0.390477 0.503368 0.374103 -0.616243 0.654936 0.389862 0.503368 0.374103 -0.616243 0.657869 0.389247 0.503368 0.374103 -0.616243 0.658847 0.388804 0.503368 0.374103 -0.616243 0.652004 0.388509 0.503368 0.374103 -0.616243 0.649071 
0.390846 0.503353 0.374103 -0.616243 0.655914 0.390157 0.503368 0.374103 -0.616243 0.655914 0.389518 0.503368 0.374103 -0.616243 0.657869 0.389001 0.503368 0.374103 -0.616243 0.654936 0.388632 0.503368 0.374103 -0.616243 0.649071 0.388386 0.503368 0.374103 -0.616243 0.647116 
0.390477 0.503368 0.374103 -0.616243 0.654936 0.389862 0.503368 0.374103 -0.616243 0.657869 0.389247 0.503368 0.374103 -0.616243 0.658847 0.388804 0.503368 0.374103 -0.616243 0.652004 0.388509 0.503368 0.374103 -0.616243 0.649071 0.388287 0.503368 0.374103 -0.616243 0.647116 
0.390157 0.503368 0.374103 -0.616243 0.655914 0.389518 0.503368 0.374103 -0.616243 0.657869 0.389001 0.503368 0.374103 -0.616243 0.654936 0.388632 0.503368 0.374103 -0.616243 0.649071 0.388386 0.503368 0.374103 -0.616243 0.647116 0.388214 0.503368 0.374103 -0.616243 0.647116 
0.389862 0.503368 0.374103 -0.616243 0.657869 0.389247 0.503368 0.374103 -0.616243 0.658847 0.388804 0.503368 0.374103 -0.616243 0.652004 0.388509 0.503368 0.374103 -0.616243 0.649071 0.388287 0.503368 0.374103 -0.616243 0.647116 0.388164 0.503368 0.374103 -0.616243 0.649071 
0.389518 0.503368 0.374103 -0.616243 0.657869 0.389001 0.503368 0.374103 -0.616243 0.654936 0.388632 0.503368 0.374103 -0.616243 0.649071 0.388386 0.503368 0.374103 -0.616243 0.647116 0.388214 0.503368 0.374103 -0.616243 0.647116 0.388140 0.503368 0.374103 -0.616243 0.650049 
0.389247 0.503368 0.374103 -0.616243 0.658847 0.388804 0.503368 0.374103 -0.616243 0.652004 0.388509 0.503368 0.374103 -0.616243 0.649071 0.388287 0.503368 0.374103 -0.616243 0.647116 0.388164 0.503368 0.374103 -0.616243 0.649071 0.388115 0.503368 0.374103 -0.616243 0.652004 
0.389001 0.503368 0.374103 -0.616243 0.654936 0.388632 0.503368 0.374103 -0.616243 0.649071 0.388386 0.503368 0.374103 -0.616243 0.647116 0.388214 0.503368 0.374103 -0.616243 0.647116 0.388140 0.503368 0.374103 -0.616243 0.650049 0.388066 0.503368 0.374103 -0.616243 0.653959 
0.388804 0.503368 0.374103 -0.616243 0.652004 0.388509 0.503368 0.374103 -0.616243 0.649071 0.388287 0.503368 0.374103 -0.616243 0.647116 0.388164 0.503368 0.374103 -0.616243 0.649071 0.388115 0.503368 0.374103 -0.616243 0.652004 0.388041 0.503368 0.374103 -0.616243 0.655914 
0.388632 0.503368 0.374103 -0.616243 0.649071 0.388386 0.503368 0.374103 -0.616243 0.647116 0.388214 0.503368 0.374103 -0.616243 0.647116 0.388140 0.503368 0.374103 -0.616243 0.650049 0.388066 0.503368 0.374103 -0.616243 0.653959 0.388017 0.503368 0.374103 -0.616243 0.658847 
0.388509 0.503368 0.374103 -0.616243 0.649071 0.388287 0.503368 0.374103 -0.616243 0.647116 0.388164 0.503368 0.374103 -0.616243 0.649071 0.388115 0.503368 0.374103 -0.616243 0.652004 0.388041 0.503368 0.374103 -0.616243 0.655914 0.388017 0.503383 0.374103 -0.616243 0.658847 
0.388386 0.503368 0.374103 -0.616243 0.647116 0.388214 0.503368 0.374103 -0.616243 0.647116 0.388140 0.503368 0.374103 -0.616243 0.650049 0.388066 0.503368 0.374103 -0.616243 0.653959 0.388017 0.503368 0.374103 -0.616243 0.658847 0.387992 0.503383 0.374103 -0.616243 0.659824 
0.388287 0.503368 0.374103 -0.616243 0.647116 0.388164 0.503368 0.374103 -0.616243 0.649071 0.388115 0.503368 0.374103 -0.616243 0.652004 0.388041 0.503368 0.374103 -0.616243 0.655914 0.388017 0.503383 0.374103 -0.616243 0.658847 0.387943 0.503383 0.374103 -0.616243 0.647116 
0.388214 0.503368 0.374103 -0.616243 0.647116 0.388140 0.503368 0.374103 -0.616243 0.650049 0.388066 0.503368 0.374103 -0.616243 0.653959 0.388017 0.503368 0.374103 -0.616243 0.658847 0.387992 0.503383 0.374103 -0.616243 0.659824 0.387894 0.503383 0.374103 -0.616243 0.645161 
0.388164 0.503368 0.374103 -0.616243 0.649071 0.388115 0.503368 0.374103 -0.616243 0.652004 0.388041 0.503368 0.374103 -0.616243 0.655914 0.388017 0.503383 0.374103 -0.616243 0.658847 0.387943 0.503383 0.374103 -0.616243 0.647116 0.387795 0.503383 0.374103 -0.616243 0.647116 
0.388140 0.503368 0.374103 -0.616243 0.650049 0.388066 0.503368 0.374103 -0.616243 0.653959 0.388017 0.503368 0.374103 -0.616243 0.658847 0.387992 0.503383 0.374103 -0.616243 0.659824 0.387894 0.503383 0.374103 -0.616243 0.645161 0.387672 0.503383 0.374103 -0.616243 0.647116 
0.388115 0.503368 0.374103 -0.616243 0.652004 0.388041 0.503368 0.374103 -0.616243 0.655914 0.388017 0.503383 0.374103 -0.616243 0.658847 0.387943 0.503383 0.374103 -0.616243 0.647116 0.387795 0.503383 0.374103 -0.616243 0.647116 0.387500 0.503383 0.374103 -0.616243 0.647116 
0.388066 0.503368 0.374103 -0.616243 0.653959 0.388017 0.503368 0.374103 -0.616243 0.658847 0.387992 0.503383 0.374103 -0.616243 0.659824 0.387894 0.503383 0.374103 -0.616243 0.645161 0.387672 0.503383 0.374103 -0.616243 0.647116 0.387328 0.503383 0.374103 -0.616243 0.647116 
0.388041 0.503368 0.374103 -0.616243 0.655914 0.388017 0.503383 0.374103 -0.616243 0.658847 0.387943 0.503383 0.374103 -0.616243 0.647116 0.387795 0.503383 0.374103 -0.616243 0.647116 0.387500 0.503383 0.374103 -0.616243 0.647116 0.387131 0.503383 0.374103 -0.616243 0.650049 
0.388017 0.503368 0.374103 -0.616243 0.658847 0.387992 0.503383 0.374103 -0.616243 0.659824 0.387894 0.503383 0.374103 -0.616243 0.645161 0.387672 0.503383 0.374103 -0.616243 0.647116 0.387328 0.503383 0.374103 -0.616243 0.647116 0.386885 0.503383 0.374103 -0.616243 0.650049 
0.388017 0.503383 0.374103 -0.616243 0.658847 0.387943 0.503383 0.374103 -0.616243 0.647116 0.387795 0.503383 0.374103 -0.616243 0.647116 0.387500 0.503383 0.374103 -0.616243 0.647116 0.387131 0.503383 0.374103 -0.616243 0.650049 0.386663 0.503383 0.374103 -0.616243 0.649071 
0.387992 0.503383 0.374103 -0.616243 0.659824 0.387894 0.503383 0.374103 -0.616243 0.645161 0.387672 0.503383 0.374103 -0.616243 0.647116 0.387328 0.503383 0.374103 -0.616243 0.647116 0.386885 0.503383 0.374103 -0.616243 0.650049 0.386368 0.503383 0.374103 -0.616243 0.649071 
0.387943 0.503383 0.374103 -0.616243 0.647116 0.387795 0.503383 0.374103 -0.616243 0.647116 0.387500 0.503383 0.374103 -0.616243 0.647116 0.387131 0.503383 0.374103 -0.616243 0.650049 0.386663 0.503383 0.374103 -0.616243 0.649071 0.386073 0.503383 0.374103 -0.616243 0.649071 
0.387894 0.503383 0.374103 -0.616243 0.645161 0.387672 0.503383 0.374103 -0.616243 0.647116 0.387328 0.503383 0.374103 -0.616243 0.647116 0.386885 0.503383 0.374103 -0.616243 0.650049 0.386368 0.503383 0.374103 -0.616243 0.649071 0.385802 0.503383 0.374103 -0.616243 0.650049 
0.387795 0.503383 0.374103 -0.616243 0.647116 0.387500 0.503383 0.374103 -0.616243 0.647116 0.387131 0.503383 0.374103 -0.616243 0.650049 0.386663 0.503383 0.374103 -0.616243 0.649071 0.386073 0.503383 0.374103 -0.616243 0.649071 0.385531 0.503383 0.374103 -0.616243 0.652004 
0.387672 0.503383 0.374103 -0.616243 0.647116 0.387328 0.503383 0.374103 -0.616243 0.647116 0.386885 0.503383 0.374103 -0.616243 0.650049 0.386368 0.503383 0.374103 -0.616243 0.649071 0.385802 0.503383 0.374103 -0.616243 0.650049 0.385236 0.503383 0.374103 -0.616243 0.650049 
0.387500 0.503383 0.374103 -0.616243 0.647116 0.387131 0.503383 0.374103 -0.616243 0.650049 0.386663 0.503383 0.374103 -0.616243 0.649071 0.386073 0.503383 0.374103 -0.616243 0.649071 0.385531 0.503383 0.374103 -0.616243 0.652004 0.384916 0.503383 0.374103 -0.616243 0.649071 
0.387328 0.503383 0.374103 -0.616243 0.647116 0.386885 0.503383 0.374103 -0.616243 0.650049 0.386368 0.503383 0.374103 -0.616243 0.649071 0.385802 0.503383 0.374103 -0.616243 0.650049 0.385236 0.503383 0.374103 -0.616243 0.650049 0.384621 0.503383 0.374103 -0.616243 0.649071 
0.387131 0.503383 0.374103 -0.616243 0.650049 0.386663 0.503383 0.374103 -0.616243 0.649071 0.386073 0.503383 0.374103 -0.616243 0.649071 0.385531 0.503383 0.374103 -0.616243 0.652004 0.384916 0.503383 0.374103 -0.616243 0.649071 0.384326 0.503383 0.374103 -0.616243 0.649071 
0.386885 0.503383 0.374103 -0.616243 0.650049 0.386368 0.503383 0.374103 -0.616243 0.649071 0.385802 0.503383 0.374103 -0.616243 0.650049 0.385236 0.503383 0.374103 -0.616243 0.650049 0.384621 0.503383 0.374103 -0.616243 0.649071 0.384031 0.503383 0.374103 -0.616243 0.652981 
0.386663 0.503383 0.374103 -0.616243 0.649071 0.386073 0.503383 0.374103 -0.616243 0.649071 0.385531 0.503383 0.374103 -0.616243 0.652004 0.384916 0.503383 0.374103 -0.616243 0.649071 0.384326 0.503383 0.374103 -0.616243 0.649071 0.383735 0.503383 0.374103 -0.616243 0.655914 
0.386368 0.503383 0.374103 -0.616243 0.649071 0.385802 0.503383 0.374103 -0.616243 0.650049 0.385236 0.503383 0.374103 -0.616243 0.650049 0.384621 0.503383 0.374103 -0.616243 0.649071 0.384031 0.503383 0.374103 -0.616243 0.652981 0.383440 0.503383 0.374103 -0.616243 0.656892 
0.386073 0.503383 0.374103 -0.616243 0.649071 0.385531 0.503383 0.374103 -0.616243 0.652004 0.384916 0.503383 0.374103 -0.616243 0.649071 0.384326 0.503383 0.374103 -0.616243 0.649071 0.383735 0.503383 0.374103 -0.616243 0.655914 0.383120 0.503383 0.374103 -0.616243 0.653959 
0.385802 0.503383 0.374103 -0.616243 0.650049 0.385236 0.503383 0.374103 -0.616243 0.650049 0.384621 0.503383 0.374103 -0.616243 0.649071 0.384031 0.503383 0.374103 -0.616243 0.652981 0.383440 0.503383 0.374103 -0.616243 0.656892 0.382825 0.503383 0.374103 -0.616243 0.652981 
0.385531 0.503383 0.374103 -0.616243 0.652004 0.384916 0.503383 0.374103 -0.616243 0.649071 0.384326 0.503383 0.374103 -0.616243 0.649071 0.383735 0.503383 0.374103 -0.616243 0.655914 0.383120 0.503383 0.374103 -0.616243 0.653959 0.382554 0.503383 0.374103 -0.616243 0.652981 
0.385236 0.503383 0.374103 -0.616243 0.650049 0.384621 0.503383 0.374103 -0.616243 0.649071 0.384031 0.503383 0.374103 -0.616243 0.652981 0.383440 0.503383 0.374103 -0.616243 0.656892 0.382825 0.503383 0.374103 -0.616243 0.652981 0.382234 0.503383 0.374103 -0.616243 0.653959 
0.384916 0.503383 0.374103 -0.616243 0.649071 0.384326 0.503383 0.374103 -0.616243 0.649071 0.383735 0.503383 0.374103 -0.616243 0.655914 0.383120 0.503383 0.374103 -0.616243 0.653959 0.382554 0.503383 0.374103 -0.616243 0.652981 0.381914 0.503383 0.374103 -0.616243 0.654936 
0.384621 0.503383 0.374103 -0.616243 0.649071 0.384031 0.503383 0.374103 -0.616243 0.652981 0.383440 0.503383 0.374103 -0.616243 0.656892 0.382825 0.503383 0.374103 -0.616243 0.652981 0.382234 0.503383 0.374103 -0.616243 0.653959 0.381594 0.503383 0.374103 -0.616243 0.655914 
0.384326 0.503383 0.374103 -0.616243 0.649071 0.383735 0.503383 0.374103 -0.616243 0.655914 0.383120 0.503383 0.374103 -0.616243 0.653959 0.382554 0.503383 0.374103 -0.616243 0.652981 0.381914 0.503383 0.374103 -0.616243 0.654936 0.381275 0.503383 0.374103 -0.616243 0.656892 
0.384031 0.503383 0.374103 -0.616243 0.652981 0.383440 0.503383 0.374103 -0.616243 0.656892 0.382825 0.503383 0.374103 -0.616243 0.652981 0.382234 0.503383 0.374103 -0.616243 0.653959 0.381594 0.503383 0.374103 -0.616243 0.655914 0.380881 0.503383 0.374103 -0.616243 0.660802 
0.383735 0.503383 0.374103 -0.616243 0.655914 0.383120 0.503383 0.374103 -0.616243 0.653959 0.382554 0.503383 0.374103 -0.616243 0.652981 0.381914 0.503383 0.374103 -0.616243 0.654936 0.381275 0.503383 0.374103 -0.616243 0.656892 0.380512 0.503383 0.374103 -0.616243 0.662757 
0.383440 0.503383 0.374103 -0.616243 0.656892 0.382825 0.503383 0.374103 -0.616243 0.652981 0.382234 0.503383 0.374103 -0.616243 0.653959 0.381594 0.503383 0.374103 -0.616243 0.655914 0.380881 0.503383 0.374103 -0.616243 0.660802 0.380094 0.503383 0.374103 -0.616243 0.662757 
0.383120 0.503383 0.374103 -0.616243 0.653959 0.382554 0.503383 0.374103 -0.616243 0.652981 0.381914 0.503383 0.374103 -0.616243 0.654936 0.381275 0.503383 0.374103 -0.616243 0.656892 0.380512 0.503383 0.374103 -0.616243 0.662757 0.379651 0.503383 0.374103 -0.616243 0.661779 
0.382825 0.503383 0.374103 -0.616243 0.652981 0.382234 0.503383 0.374103 -0.616243 0.653959 0.381594 0.503383 0.374103 -0.616243 0.655914 0.380881 0.503383 0.374103 -0.616243 0.660802 0.380094 0.503383 0.374103 -0.616243 0.662757 0.379282 0.503383 0.374103 -0.616243 0.663734 
0.382554 0.503383 0.374103 -0.616243 0.652981 0.381914 0.503383 0.374103 -0.616243 0.654936 0.381275 0.503383 0.374103 -0.616243 0.656892 0.380512 0.503383 0.374103 -0.616243 0.662757 0.379651 0.503383 0.374103 -0.616243 0.661779 0.378814 0.503383 0.374103 -0.616243 0.664712 
0.382234 0.503383 0.374103 -0.616243 0.653959 0.381594 0.503383 0.374103 -0.616243 0.655914 0.380881 0.503383 0.374103 -0.616243 0.660802 0.380094 0.503383 0.374103 -0.616243 0.662757 0.379282 0.503383 0.374103 -0.616243 0.663734 0.378371 0.503383 0.374103 -0.616243 0.659824 
0.381914 0.503383 0.374103 -0.616243 0.654936 0.381275 0.503383 0.374103 -0.616243 0.656892 0.380512 0.503383 0.374103 -0.616243 0.662757 0.379651 0.503383 0.374103 -0.616243 0.661779 0.378814 0.503383 0.374103 -0.616243 0.664712 0.377904 0.503383 0.374103 -0.616243 0.655914 
0.381594 0.503383 0.374103 -0.616243 0.655914 0.380881 0.503383 0.374103 -0.616243 0.660802 0.380094 0.503383 0.374103 -0.616243 0.662757 0.379282 0.503383 0.374103 -0.616243 0.663734 0.378371 0.503383 0.374103 -0.616243 0.659824 0.377461 0.503383 0.372414 -0.594857 0.654936 
0.381275 0.503383 0.374103 -0.616243 0.656892 0.380512 0.503383 0.374103 -0.616243 0.662757 0.379651 0.503383 0.374103 -0.616243 0.661779 0.378814 0.503383 0.374103 -0.616243 0.664712 0.377904 0.503383 0.374103 -0.616243 0.655914 0.377018 0.503383 0.372414 -0.594857 0.653959 
0.380881 0.503383 0.374103 -0.616243 0.660802 0.380094 0.503383 0.374103 -0.616243 0.662757 0.379282 0.503383 0.374103 -0.616243 0.663734 0.378371 0.503383 0.374103 -0.616243 0.659824 0.377461 0.503383 0.372414 -0.594857 0.654936 0.376550 0.503383 0.372414 -0.594857 0.655914 
0.380512 0.503383 0.374103 -0.616243 0.662757 0.379651 0.503383 0.374103 -0.616243 0.661779 0.378814 0.503383 0.374103 -0.616243 0.664712 0.377904 0.503383 0.374103 -0.616243 0.655914 0.377018 0.503383 0.372414 -0.594857 0.653959 0.376083 0.503383 0.372414 -0.594857 0.657869 
0.380094 0.503383 0.374103 -0.616243 0.662757 0.379282 0.503383 0.374103 -0.616243 0.663734 0.378371 0.503383 0.374103 -0.616243 0.659824 0.377461 0.503383 0.372414 -0.594857 0.654936 0.376550 0.503383 0.372414 -0.594857 0.655914 0.375615 0.503383 0.372414 -0.594857 0.656892 
0.379651 0.503383 0.374103 -0.616243 0.661779 0.378814 0.503383 0.374103 -0.616243 0.664712 0.377904 0.503383 0.374103 -0.616243 0.655914 0.377018 0.503383 0.372414 -0.594857 0.653959 0.376083 0.503383 0.372414 -0.594857 0.657869 0.375148 0.503383 0.372414 -0.594857 0.655914 
