0.553839 0.566698 0.579972 -0.444247 1.000000 0.543602 0.567144 0.579972 -0.444247 1.000000 0.532283 0.567637 0.579972 -0.444247 1.000000 0.520005 0.568236 0.574767 -0.411898 1.000000 0.506988 0.568944 0.574767 -0.411898 1.000000 0.493898 0.569620 0.574767 -0.411898 1.000000 
0.548819 0.566898 0.579972 -0.444247 1.000000 0.538091 0.567391 0.579972 -0.444247 1.000000 0.526230 0.567929 0.579972 -0.444247 1.000000 0.513533 0.568590 0.574767 -0.411898 1.000000 0.500492 0.569313 0.574767 -0.411898 1.000000 0.487525 0.569928 0.574767 -0.411898 1.000000 
0.543602 0.567144 0.579972 -0.444247 1.000000 0.532283 0.567637 0.579972 -0.444247 1.000000 0.520005 0.568236 0.574767 -0.411898 1.000000 0.506988 0.568944 0.574767 -0.411898 1.000000 0.493898 0.569620 0.574767 -0.411898 1.000000 0.469562 0.570589 0.580051 -0.402310 1.000000 
0.538091 0.567391 0.579972 -0.444247 1.000000 0.526230 0.567929 0.579972 -0.444247 1.000000 0.513533 0.568590 0.574767 -0.411898 1.000000 0.500492 0.569313 0.574767 -0.411898 1.000000 0.487525 0.569928 0.574767 -0.411898 1.000000 0.481324 0.570205 0.580051 -0.402310 1.000000 
0.532283 0.567637 0.579972 -0.444247 1.000000 0.520005 0.568236 0.574767 -0.411898 1.000000 0.506988 0.568944 0.574767 -0.411898 1.000000 0.493898 0.569620 0.574767 -0.411898 1.000000 0.469562 0.570589 0.580051 -0.402310 1.000000 0.475344 0.570420 0.580051 -0.402310 1.000000 
0.526230 0.567929 0.579972 -0.444247 1.000000 0.513533 0.568590 0.574767 -0.411898 1.000000 0.500492 0.569313 0.574767 -0.411898 1.000000 0.487525 0.569928 0.574767 -0.411898 1.000000 0.481324 0.570205 0.580051 -0.402310 1.000000 0.464001 0.570682 0.580051 -0.402310 1.000000 
0.520005 0.568236 0.574767 -0.411898 1.000000 0.506988 0.568944 0.574767 -0.411898 1.000000 0.493898 0.569620 0.574767 -0.411898 1.000000 0.469562 0.570589 0.580051 -0.402310 1.000000 0.475344 0.570420 0.580051 -0.402310 1.000000 0.453543 0.570789 0.580051 -0.402310 1.000000 
0.513533 0.568590 0.574767 -0.411898 1.000000 0.500492 0.569313 0.574767 -0.411898 1.000000 0.487525 0.569928 0.574767 -0.411898 1.000000 0.481324 0.570205 0.580051 -0.402310 1.000000 0.464001 0.570682 0.580051 -0.402310 1.000000 0.458661 0.570759 0.580051 -0.402310 1.000000 
0.506988 0.568944 0.574767 -0.411898 1.000000 0.493898 0.569620 0.574767 -0.411898 1.000000 0.469562 0.570589 0.580051 -0.402310 1.000000 0.475344 0.570420 0.580051 -0.402310 1.000000 0.453543 0.570789 0.580051 -0.402310 1.000000 0.448622 0.570789 0.580051 -0.402310 1.000000 
0.500492 0.569313 0.574767 -0.411898 1.000000 0.487525 0.569928 0.574767 -0.411898 1.000000 0.481324 0.570205 0.580051 -0.402310 1.000000 0.464001 0.570682 0.580051 -0.402310 1.000000 0.458661 0.570759 0.580051 -0.402310 1.000000 0.443848 0.570789 0.580051 -0.402310 1.000000 
0.493898 0.569620 0.574767 -0.411898 1.000000 0.469562 0.570589 0.580051 -0.402310 1.000000 0.475344 0.570420 0.580051 -0.402310 1.000000 0.453543 0.570789 0.580051 -0.402310 1.000000 0.448622 0.570789 0.580051 -0.402310 1.000000 0.439149 0.570789 0.580051 -0.402310 1.000000 
0.487525 0.569928 0.574767 -0.411898 1.000000 0.481324 0.570205 0.580051 -0.402310 1.000000 0.464001 0.570682 0.580051 -0.402310 1.000000 0.458661 0.570759 0.580051 -0.402310 1.000000 0.443848 0.570789 0.580051 -0.402310 1.000000 0.434646 0.570789 0.580051 -0.402310 1.000000 
0.469562 0.570589 0.580051 -0.402310 1.000000 0.475344 0.570420 0.580051 -0.402310 1.000000 0.453543 0.570789 0.580051 -0.402310 1.000000 0.448622 0.570789 0.580051 -0.402310 1.000000 0.439149 0.570789 0.580051 -0.402310 1.000000 0.430266 0.570789 0.580051 -0.402310 1.000000 
0.481324 0.570205 0.580051 -0.402310 1.000000 0.464001 0.570682 0.580051 -0.402310 1.000000 0.458661 0.570759 0.580051 -0.402310 1.000000 0.443848 0.570789 0.580051 -0.402310 1.000000 0.434646 0.570789 0.580051 -0.402310 1.000000 0.426009 0.570759 0.568639 -0.379922 1.000000 
0.475344 0.570420 0.580051 -0.402310 1.000000 0.453543 0.570789 0.580051 -0.402310 1.000000 0.448622 0.570789 0.580051 -0.402310 1.000000 0.439149 0.570789 0.580051 -0.402310 1.000000 0.430266 0.570789 0.580051 -0.402310 1.000000 0.421801 0.570743 0.563605 -0.389452 1.000000 
0.464001 0.570682 0.580051 -0.402310 1.000000 0.458661 0.570759 0.580051 -0.402310 1.000000 0.443848 0.570789 0.580051 -0.402310 1.000000 0.434646 0.570789 0.580051 -0.402310 1.000000 0.426009 0.570759 0.568639 -0.379922 1.000000 0.417643 0.570743 0.563605 -0.389452 1.000000 
0.453543 0.570789 0.580051 -0.402310 1.000000 0.448622 0.570789 0.580051 -0.402310 1.000000 0.439149 0.570789 0.580051 -0.402310 1.000000 0.430266 0.570789 0.580051 -0.402310 1.000000 0.421801 0.570743 0.563605 -0.389452 1.000000 0.413607 0.570743 0.563605 -0.389452 1.000000 
0.458661 0.570759 0.580051 -0.402310 1.000000 0.443848 0.570789 0.580051 -0.402310 1.000000 0.434646 0.570789 0.580051 -0.402310 1.000000 0.426009 0.570759 0.568639 -0.379922 1.000000 0.417643 0.570743 0.563605 -0.389452 1.000000 0.409646 0.570743 0.563605 -0.389452 1.000000 
0.448622 0.570789 0.580051 -0.402310 1.000000 0.439149 0.570789 0.580051 -0.402310 1.000000 0.430266 0.570789 0.580051 -0.402310 1.000000 0.421801 0.570743 0.563605 -0.389452 1.000000 0.413607 0.570743 0.563605 -0.389452 1.000000 0.405930 0.570743 0.563605 -0.389452 1.000000 
0.443848 0.570789 0.580051 -0.402310 1.000000 0.434646 0.570789 0.580051 -0.402310 1.000000 0.426009 0.570759 0.568639 -0.379922 1.000000 0.417643 0.570743 0.563605 -0.389452 1.000000 0.409646 0.570743 0.563605 -0.389452 1.000000 0.402362 0.570743 0.563605 -0.389452 1.000000 
0.439149 0.570789 0.580051 -0.402310 1.000000 0.430266 0.570789 0.580051 -0.402310 1.000000 0.421801 0.570743 0.563605 -0.389452 1.000000 0.413607 0.570743 0.563605 -0.389452 1.000000 0.405930 0.570743 0.563605 -0.389452 1.000000 0.398967 0.570835 0.563605 -0.389452 1.000000 
0.434646 0.570789 0.580051 -0.402310 1.000000 0.426009 0.570759 0.568639 -0.379922 1.000000 0.417643 0.570743 0.563605 -0.389452 1.000000 0.409646 0.570743 0.563605 -0.389452 1.000000 0.402362 0.570743 0.563605 -0.389452 1.000000 0.395719 0.570958 0.563605 -0.389452 1.000000 
0.430266 0.570789 0.580051 -0.402310 1.000000 0.421801 0.570743 0.563605 -0.389452 1.000000 0.413607 0.570743 0.563605 -0.389452 1.000000 0.405930 0.570743 0.563605 -0.389452 1.000000 0.398967 0.570835 0.563605 -0.389452 1.000000 0.392643 0.571051 0.563605 -0.389452 1.000000 
0.426009 0.570759 0.568639 -0.379922 1.000000 0.417643 0.570743 0.563605 -0.389452 1.000000 0.409646 0.570743 0.563605 -0.389452 1.000000 0.402362 0.570743 0.563605 -0.389452 1.000000 0.395719 0.570958 0.563605 -0.389452 1.000000 0.389665 0.571128 0.563605 -0.389452 1.000000 
0.421801 0.570743 0.563605 -0.389452 1.000000 0.413607 0.570743 0.563605 -0.389452 1.000000 0.405930 0.570743 0.563605 -0.389452 1.000000 0.398967 0.570835 0.563605 -0.389452 1.000000 0.392643 0.571051 0.563605 -0.389452 1.000000 0.386713 0.571174 0.563605 -0.389452 1.000000 
0.417643 0.570743 0.563605 -0.389452 1.000000 0.409646 0.570743 0.563605 -0.389452 1.000000 0.402362 0.570743 0.563605 -0.389452 1.000000 0.395719 0.570958 0.563605 -0.389452 1.000000 0.389665 0.571128 0.563605 -0.389452 1.000000 0.383784 0.571189 0.563605 -0.389452 1.000000 
0.413607 0.570743 0.563605 -0.389452 1.000000 0.405930 0.570743 0.563605 -0.389452 1.000000 0.398967 0.570835 0.563605 -0.389452 1.000000 0.392643 0.571051 0.563605 -0.389452 1.000000 0.386713 0.571174 0.563605 -0.389452 1.000000 0.380782 0.571204 0.563605 -0.389452 1.000000 
0.409646 0.570743 0.563605 -0.389452 1.000000 0.402362 0.570743 0.563605 -0.389452 1.000000 0.395719 0.570958 0.563605 -0.389452 1.000000 0.389665 0.571128 0.563605 -0.389452 1.000000 0.383784 0.571189 0.563605 -0.389452 1.000000 0.377805 0.571220 0.563605 -0.389452 1.000000 
0.358637 0.570528 0.580051 -0.402310 0.980450 0.358883 0.570343 0.568639 -0.379922 0.974585 0.360335 0.569528 0.568639 -0.379922 0.968719 0.363361 0.567929 0.568639 -0.379922 0.974585 0.368455 0.565391 0.563605 -0.389452 0.998045 0.375812 0.561885 0.563605 -0.389452 1.000000 
0.358637 0.570512 0.580051 -0.402310 0.977517 0.359449 0.570051 0.568639 -0.379922 0.972630 0.361590 0.568836 0.568639 -0.379922 0.968719 0.365625 0.566775 0.563605 -0.389452 0.984360 0.371924 0.563715 0.563605 -0.389452 0.991202 0.380118 0.559886 0.563605 -0.389452 0.994135 
0.358883 0.570343 0.568639 -0.379922 0.974585 0.360335 0.569528 0.568639 -0.379922 0.968719 0.363361 0.567929 0.568639 -0.379922 0.974585 0.368455 0.565391 0.563605 -0.389452 0.998045 0.375812 0.561885 0.563605 -0.389452 1.000000 0.384966 0.557763 0.563605 -0.389452 1.000000 
0.359449 0.570051 0.568639 -0.379922 0.972630 0.361590 0.568836 0.568639 -0.379922 0.968719 0.365625 0.566775 0.563605 -0.389452 0.984360 0.371924 0.563715 0.563605 -0.389452 0.991202 0.380118 0.559886 0.563605 -0.389452 0.994135 0.390305 0.555503 0.563605 -0.389452 0.969697 
0.360335 0.569528 0.568639 -0.379922 0.968719 0.363361 0.567929 0.568639 -0.379922 0.974585 0.368455 0.565391 0.563605 -0.389452 0.998045 0.375812 0.561885 0.563605 -0.389452 1.000000 0.384966 0.557763 0.563605 -0.389452 1.000000 0.396063 0.553150 0.536845 -0.394843 0.984360 
0.361590 0.568836 0.568639 -0.379922 0.968719 0.365625 0.566775 0.563605 -0.389452 0.984360 0.371924 0.563715 0.563605 -0.389452 0.991202 0.380118 0.559886 0.563605 -0.389452 0.994135 0.390305 0.555503 0.563605 -0.389452 0.969697 0.408514 0.548121 0.541753 -0.425761 0.983382 
0.363361 0.567929 0.568639 -0.379922 0.974585 0.368455 0.565391 0.563605 -0.389452 0.998045 0.375812 0.561885 0.563605 -0.389452 1.000000 0.384966 0.557763 0.563605 -0.389452 1.000000 0.396063 0.553150 0.536845 -0.394843 0.984360 0.402165 0.550674 0.536845 -0.394843 0.973607 
0.365625 0.566775 0.563605 -0.389452 0.984360 0.371924 0.563715 0.563605 -0.389452 0.991202 0.380118 0.559886 0.563605 -0.389452 0.994135 0.390305 0.555503 0.563605 -0.389452 0.969697 0.408514 0.548121 0.541753 -0.425761 0.983382 0.415108 0.545506 0.541753 -0.425761 0.978495 
0.368455 0.565391 0.563605 -0.389452 0.998045 0.375812 0.561885 0.563605 -0.389452 1.000000 0.384966 0.557763 0.563605 -0.389452 1.000000 0.396063 0.553150 0.536845 -0.394843 0.984360 0.402165 0.550674 0.536845 -0.394843 0.973607 0.421900 0.542815 0.535855 -0.434381 0.975562 
0.371924 0.563715 0.563605 -0.389452 0.991202 0.380118 0.559886 0.563605 -0.389452 0.994135 0.390305 0.555503 0.563605 -0.389452 0.969697 0.408514 0.548121 0.541753 -0.425761 0.983382 0.415108 0.545506 0.541753 -0.425761 0.978495 0.428986 0.540062 0.535855 -0.434381 0.983382 
0.375812 0.561885 0.563605 -0.389452 1.000000 0.384966 0.557763 0.563605 -0.389452 1.000000 0.396063 0.553150 0.536845 -0.394843 0.984360 0.402165 0.550674 0.536845 -0.394843 0.973607 0.421900 0.542815 0.535855 -0.434381 0.975562 0.436073 0.537355 0.523528 -0.451070 0.981427 
0.380118 0.559886 0.563605 -0.389452 0.994135 0.390305 0.555503 0.563605 -0.389452 0.969697 0.408514 0.548121 0.541753 -0.425761 0.983382 0.415108 0.545506 0.541753 -0.425761 0.978495 0.428986 0.540062 0.535855 -0.434381 0.983382 0.443086 0.534664 0.523528 -0.451070 0.997067 
0.384966 0.557763 0.563605 -0.389452 1.000000 0.396063 0.553150 0.536845 -0.394843 0.984360 0.402165 0.550674 0.536845 -0.394843 0.973607 0.421900 0.542815 0.535855 -0.434381 0.975562 0.436073 0.537355 0.523528 -0.451070 0.981427 0.449779 0.532065 0.532770 -0.473653 0.988270 
0.390305 0.555503 0.563605 -0.389452 0.969697 0.408514 0.548121 0.541753 -0.425761 0.983382 0.415108 0.545506 0.541753 -0.425761 0.978495 0.428986 0.540062 0.535855 -0.434381 0.983382 0.443086 0.534664 0.523528 -0.451070 0.997067 0.456275 0.529574 0.503699 -0.474724 0.979472 
0.396063 0.553150 0.536845 -0.394843 0.984360 0.402165 0.550674 0.536845 -0.394843 0.973607 0.421900 0.542815 0.535855 -0.434381 0.975562 0.436073 0.537355 0.523528 -0.451070 0.981427 0.449779 0.532065 0.532770 -0.473653 0.988270 0.462623 0.527221 0.512017 -0.497242 1.000000 
0.408514 0.548121 0.541753 -0.425761 0.983382 0.415108 0.545506 0.541753 -0.425761 0.978495 0.428986 0.540062 0.535855 -0.434381 0.983382 0.443086 0.534664 0.523528 -0.451070 0.997067 0.456275 0.529574 0.503699 -0.474724 0.979472 0.468627 0.525037 0.512017 -0.497242 1.000000 
0.402165 0.550674 0.536845 -0.394843 0.973607 0.421900 0.542815 0.535855 -0.434381 0.975562 0.436073 0.537355 0.523528 -0.451070 0.981427 0.449779 0.532065 0.532770 -0.473653 0.988270 0.462623 0.527221 0.512017 -0.497242 1.000000 0.474434 0.522991 0.512017 -0.497242 1.000000 
0.415108 0.545506 0.541753 -0.425761 0.978495 0.428986 0.540062 0.535855 -0.434381 0.983382 0.443086 0.534664 0.523528 -0.451070 0.997067 0.456275 0.529574 0.503699 -0.474724 0.979472 0.468627 0.525037 0.512017 -0.497242 1.000000 0.479798 0.521177 0.504724 -0.504724 1.000000 
0.421900 0.542815 0.535855 -0.434381 0.975562 0.436073 0.537355 0.523528 -0.451070 0.981427 0.449779 0.532065 0.532770 -0.473653 0.988270 0.462623 0.527221 0.512017 -0.497242 1.000000 0.474434 0.522991 0.512017 -0.497242 1.000000 0.484646 0.519562 0.504724 -0.504724 1.000000 
0.428986 0.540062 0.535855 -0.434381 0.983382 0.443086 0.534664 0.523528 -0.451070 0.997067 0.456275 0.529574 0.503699 -0.474724 0.979472 0.468627 0.525037 0.512017 -0.497242 1.000000 0.479798 0.521177 0.504724 -0.504724 1.000000 0.489247 0.518116 0.504724 -0.504724 1.000000 
0.436073 0.537355 0.523528 -0.451070 0.981427 0.449779 0.532065 0.532770 -0.473653 0.988270 0.462623 0.527221 0.512017 -0.497242 1.000000 0.474434 0.522991 0.512017 -0.497242 1.000000 0.484646 0.519562 0.504724 -0.504724 1.000000 0.493529 0.516871 0.504724 -0.504724 1.000000 
0.443086 0.534664 0.523528 -0.451070 0.997067 0.456275 0.529574 0.503699 -0.474724 0.979472 0.468627 0.525037 0.512017 -0.497242 1.000000 0.479798 0.521177 0.504724 -0.504724 1.000000 0.489247 0.518116 0.504724 -0.504724 1.000000 0.497269 0.515825 0.504724 -0.504724 1.000000 
0.530635 0.523714 0.535855 -0.434381 0.967742 0.526575 0.523361 0.535855 -0.434381 0.968719 0.515354 0.522269 0.535855 -0.434381 0.968719 0.508661 0.521654 0.535855 -0.434381 0.964809 0.503027 0.521208 0.545677 -0.456969 0.964809 0.498401 0.520992 0.545677 -0.456969 0.959922 
0.522712 0.522991 0.535855 -0.434381 0.975562 0.518996 0.522622 0.535855 -0.434381 0.970675 0.511885 0.521946 0.535855 -0.434381 0.953079 0.505733 0.521407 0.545677 -0.456969 0.966764 0.500591 0.521069 0.545677 -0.456969 0.956989 0.496506 0.520977 0.545677 -0.456969 0.963832 
0.526575 0.523361 0.535855 -0.434381 0.968719 0.515354 0.522269 0.535855 -0.434381 0.968719 0.508661 0.521654 0.535855 -0.434381 0.964809 0.503027 0.521208 0.545677 -0.456969 0.964809 0.498401 0.520992 0.545677 -0.456969 0.959922 0.494980 0.520977 0.545677 -0.456969 0.956989 
0.518996 0.522622 0.535855 -0.434381 0.970675 0.511885 0.521946 0.535855 -0.434381 0.953079 0.505733 0.521407 0.545677 -0.456969 0.966764 0.500591 0.521069 0.545677 -0.456969 0.956989 0.496506 0.520977 0.545677 -0.456969 0.963832 0.493750 0.520977 0.545677 -0.456969 0.973607 
0.515354 0.522269 0.535855 -0.434381 0.968719 0.508661 0.521654 0.535855 -0.434381 0.964809 0.503027 0.521208 0.545677 -0.456969 0.964809 0.498401 0.520992 0.545677 -0.456969 0.959922 0.494980 0.520977 0.545677 -0.456969 0.956989 0.492766 0.520977 0.539315 -0.465407 0.978495 
0.511885 0.521946 0.535855 -0.434381 0.953079 0.505733 0.521407 0.545677 -0.456969 0.966764 0.500591 0.521069 0.545677 -0.456969 0.956989 0.496506 0.520977 0.545677 -0.456969 0.963832 0.493750 0.520977 0.545677 -0.456969 0.973607 0.492003 0.520977 0.539315 -0.465407 0.980450 
0.508661 0.521654 0.535855 -0.434381 0.964809 0.503027 0.521208 0.545677 -0.456969 0.964809 0.498401 0.520992 0.545677 -0.456969 0.959922 0.494980 0.520977 0.545677 -0.456969 0.956989 0.492766 0.520977 0.539315 -0.465407 0.978495 0.491412 0.520977 0.539315 -0.465407 0.986315 
0.505733 0.521407 0.545677 -0.456969 0.966764 0.500591 0.521069 0.545677 -0.456969 0.956989 0.496506 0.520977 0.545677 -0.456969 0.963832 0.493750 0.520977 0.545677 -0.456969 0.973607 0.492003 0.520977 0.539315 -0.465407 0.980450 0.491019 0.520977 0.539315 -0.465407 0.987292 
0.503027 0.521208 0.545677 -0.456969 0.964809 0.498401 0.520992 0.545677 -0.456969 0.959922 0.494980 0.520977 0.545677 -0.456969 0.956989 0.492766 0.520977 0.539315 -0.465407 0.978495 0.491412 0.520977 0.539315 -0.465407 0.986315 0.490797 0.520977 0.539315 -0.465407 0.990225 
0.500591 0.521069 0.545677 -0.456969 0.956989 0.496506 0.520977 0.545677 -0.456969 0.963832 0.493750 0.520977 0.545677 -0.456969 0.973607 0.492003 0.520977 0.539315 -0.465407 0.980450 0.491019 0.520977 0.539315 -0.465407 0.987292 0.490699 0.520977 0.539315 -0.465407 0.994135 
0.498401 0.520992 0.545677 -0.456969 0.959922 0.494980 0.520977 0.545677 -0.456969 0.956989 0.492766 0.520977 0.539315 -0.465407 0.978495 0.491412 0.520977 0.539315 -0.465407 0.986315 0.490797 0.520977 0.539315 -0.465407 0.990225 0.490674 0.520977 0.539315 -0.465407 1.000000 
0.496506 0.520977 0.545677 -0.456969 0.963832 0.493750 0.520977 0.545677 -0.456969 0.973607 0.492003 0.520977 0.539315 -0.465407 0.980450 0.491019 0.520977 0.539315 -0.465407 0.987292 0.490699 0.520977 0.539315 -0.465407 0.994135 0.490650 0.520977 0.532770 -0.473653 1.000000 
0.494980 0.520977 0.545677 -0.456969 0.956989 0.492766 0.520977 0.539315 -0.465407 0.978495 0.491412 0.520977 0.539315 -0.465407 0.986315 0.490797 0.520977 0.539315 -0.465407 0.990225 0.490674 0.520977 0.539315 -0.465407 1.000000 0.490625 0.520977 0.532770 -0.473653 1.000000 
0.493750 0.520977 0.545677 -0.456969 0.973607 0.492003 0.520977 0.539315 -0.465407 0.980450 0.491019 0.520977 0.539315 -0.465407 0.987292 0.490699 0.520977 0.539315 -0.465407 0.994135 0.490650 0.520977 0.532770 -0.473653 1.000000 0.490600 0.521008 0.532770 -0.473653 1.000000 
0.492766 0.520977 0.539315 -0.465407 0.978495 0.491412 0.520977 0.539315 -0.465407 0.986315 0.490797 0.520977 0.539315 -0.465407 0.990225 0.490674 0.520977 0.539315 -0.465407 1.000000 0.490625 0.520977 0.532770 -0.473653 1.000000 0.490600 0.521023 0.532770 -0.473653 1.000000 
0.492003 0.520977 0.539315 -0.465407 0.980450 0.491019 0.520977 0.539315 -0.465407 0.987292 0.490699 0.520977 0.539315 -0.465407 0.994135 0.490650 0.520977 0.532770 -0.473653 1.000000 0.490600 0.521008 0.532770 -0.473653 1.000000 0.490551 0.521054 0.532770 -0.473653 0.998045 
0.491412 0.520977 0.539315 -0.465407 0.986315 0.490797 0.520977 0.539315 -0.465407 0.990225 0.490674 0.520977 0.539315 -0.465407 1.000000 0.490625 0.520977 0.532770 -0.473653 1.000000 0.490600 0.521023 0.532770 -0.473653 1.000000 0.490527 0.521069 0.532770 -0.473653 0.990225 
0.491019 0.520977 0.539315 -0.465407 0.987292 0.490699 0.520977 0.539315 -0.465407 0.994135 0.490650 0.520977 0.532770 -0.473653 1.000000 0.490600 0.521008 0.532770 -0.473653 1.000000 0.490551 0.521054 0.532770 -0.473653 0.998045 0.490477 0.521069 0.532770 -0.473653 0.981427 
0.490797 0.520977 0.539315 -0.465407 0.990225 0.490674 0.520977 0.539315 -0.465407 1.000000 0.490625 0.520977 0.532770 -0.473653 1.000000 0.490600 0.521023 0.532770 -0.473653 1.000000 0.490527 0.521069 0.532770 -0.473653 0.990225 0.490453 0.521069 0.541732 -0.496565 0.750733 
0.490699 0.520977 0.539315 -0.465407 0.994135 0.490650 0.520977 0.532770 -0.473653 1.000000 0.490600 0.521008 0.532770 -0.473653 1.000000 0.490551 0.521054 0.532770 -0.473653 0.998045 0.490477 0.521069 0.532770 -0.473653 0.981427 0.490428 0.521069 0.541732 -0.496565 0.692082 
0.490674 0.520977 0.539315 -0.465407 1.000000 0.490625 0.520977 0.532770 -0.473653 1.000000 0.490600 0.521023 0.532770 -0.473653 1.000000 0.490527 0.521069 0.532770 -0.473653 0.990225 0.490453 0.521069 0.541732 -0.496565 0.750733 0.490428 0.521054 0.541732 -0.496565 0.515152 
0.490650 0.520977 0.532770 -0.473653 1.000000 0.490600 0.521008 0.532770 -0.473653 1.000000 0.490551 0.521054 0.532770 -0.473653 0.998045 0.490477 0.521069 0.532770 -0.473653 0.981427 0.490428 0.521069 0.541732 -0.496565 0.692082 0.490428 0.521038 0.541732 -0.496565 0.537634 
0.490625 0.520977 0.532770 -0.473653 1.000000 0.490600 0.521023 0.532770 -0.473653 1.000000 0.490527 0.521069 0.532770 -0.473653 0.990225 0.490453 0.521069 0.541732 -0.496565 0.750733 0.490428 0.521054 0.541732 -0.496565 0.515152 0.490428 0.521023 0.541732 -0.496565 0.567937 
0.490600 0.521008 0.532770 -0.473653 1.000000 0.490551 0.521054 0.532770 -0.473653 0.998045 0.490477 0.521069 0.532770 -0.473653 0.981427 0.490428 0.521069 0.541732 -0.496565 0.692082 0.490428 0.521038 0.541732 -0.496565 0.537634 0.490428 0.521008 0.541732 -0.496565 0.709677 
0.490600 0.521023 0.532770 -0.473653 1.000000 0.490527 0.521069 0.532770 -0.473653 0.990225 0.490453 0.521069 0.541732 -0.496565 0.750733 0.490428 0.521054 0.541732 -0.496565 0.515152 0.490428 0.521023 0.541732 -0.496565 0.567937 0.490453 0.521008 0.539315 -0.465407 0.782991 
0.490551 0.521054 0.532770 -0.473653 0.998045 0.490477 0.521069 0.532770 -0.473653 0.981427 0.490428 0.521069 0.541732 -0.496565 0.692082 0.490428 0.521038 0.541732 -0.496565 0.537634 0.490428 0.521008 0.541732 -0.496565 0.709677 0.490477 0.521008 0.539315 -0.465407 0.783969 
0.490527 0.521069 0.532770 -0.473653 0.990225 0.490453 0.521069 0.541732 -0.496565 0.750733 0.490428 0.521054 0.541732 -0.496565 0.515152 0.490428 0.521023 0.541732 -0.496565 0.567937 0.490453 0.521008 0.539315 -0.465407 0.782991 0.490502 0.521008 0.539315 -0.465407 0.779081 
0.490477 0.521069 0.532770 -0.473653 0.981427 0.490428 0.521069 0.541732 -0.496565 0.692082 0.490428 0.521038 0.541732 -0.496565 0.537634 0.490428 0.521008 0.541732 -0.496565 0.709677 0.490477 0.521008 0.539315 -0.465407 0.783969 0.490527 0.521008 0.539315 -0.465407 0.770283 
0.490453 0.521069 0.541732 -0.496565 0.750733 0.490428 0.521054 0.541732 -0.496565 0.515152 0.490428 0.521023 0.541732 -0.496565 0.567937 0.490453 0.521008 0.539315 -0.465407 0.782991 0.490502 0.521008 0.539315 -0.465407 0.779081 0.490551 0.521008 0.539315 -0.465407 0.738025 
0.490428 0.521069 0.541732 -0.496565 0.692082 0.490428 0.521038 0.541732 -0.496565 0.537634 0.490428 0.521008 0.541732 -0.496565 0.709677 0.490477 0.521008 0.539315 -0.465407 0.783969 0.490527 0.521008 0.539315 -0.465407 0.770283 0.490576 0.521008 0.539315 -0.465407 0.724340 
0.490428 0.521054 0.541732 -0.496565 0.515152 0.490428 0.521023 0.541732 -0.496565 0.567937 0.490453 0.521008 0.539315 -0.465407 0.782991 0.490502 0.521008 0.539315 -0.465407 0.779081 0.490551 0.521008 0.539315 -0.465407 0.738025 0.490625 0.521008 0.539315 -0.465407 0.709677 
0.490428 0.521038 0.541732 -0.496565 0.537634 0.490428 0.521008 0.541732 -0.496565 0.709677 0.490477 0.521008 0.539315 -0.465407 0.783969 0.490527 0.521008 0.539315 -0.465407 0.770283 0.490576 0.521008 0.539315 -0.465407 0.724340 0.490699 0.521008 0.539315 -0.465407 0.694037 
0.490428 0.521023 0.541732 -0.496565 0.567937 0.490453 0.521008 0.539315 -0.465407 0.782991 0.490502 0.521008 0.539315 -0.465407 0.779081 0.490551 0.521008 0.539315 -0.465407 0.738025 0.490625 0.521008 0.539315 -0.465407 0.709677 0.490773 0.521008 0.539315 -0.465407 0.682307 
0.490428 0.521008 0.541732 -0.496565 0.709677 0.490477 0.521008 0.539315 -0.465407 0.783969 0.490527 0.521008 0.539315 -0.465407 0.770283 0.490576 0.521008 0.539315 -0.465407 0.724340 0.490699 0.521008 0.539315 -0.465407 0.694037 0.490822 0.521008 0.539315 -0.465407 0.675464 
0.490453 0.521008 0.539315 -0.465407 0.782991 0.490502 0.521008 0.539315 -0.465407 0.779081 0.490551 0.521008 0.539315 -0.465407 0.738025 0.490625 0.521008 0.539315 -0.465407 0.709677 0.490773 0.521008 0.539315 -0.465407 0.682307 0.490945 0.521008 0.539315 -0.465407 0.679374 
0.490477 0.521008 0.539315 -0.465407 0.783969 0.490527 0.521008 0.539315 -0.465407 0.770283 0.490576 0.521008 0.539315 -0.465407 0.724340 0.490699 0.521008 0.539315 -0.465407 0.694037 0.490822 0.521008 0.539315 -0.465407 0.675464 0.491068 0.521008 0.539315 -0.465407 0.686217 
0.490502 0.521008 0.539315 -0.465407 0.779081 0.490551 0.521008 0.539315 -0.465407 0.738025 0.490625 0.521008 0.539315 -0.465407 0.709677 0.490773 0.521008 0.539315 -0.465407 0.682307 0.490945 0.521008 0.539315 -0.465407 0.679374 0.491216 0.521008 0.539315 -0.465407 0.684262 
0.490527 0.521008 0.539315 -0.465407 0.770283 0.490576 0.521008 0.539315 -0.465407 0.724340 0.490699 0.521008 0.539315 -0.465407 0.694037 0.490822 0.521008 0.539315 -0.465407 0.675464 0.491068 0.521008 0.539315 -0.465407 0.686217 0.491388 0.521008 0.539315 -0.465407 0.678397 
0.490551 0.521008 0.539315 -0.465407 0.738025 0.490625 0.521008 0.539315 -0.465407 0.709677 0.490773 0.521008 0.539315 -0.465407 0.682307 0.490945 0.521008 0.539315 -0.465407 0.679374 0.491216 0.521008 0.539315 -0.465407 0.684262 0.491585 0.520992 0.539315 -0.465407 0.669599 
0.490576 0.521008 0.539315 -0.465407 0.724340 0.490699 0.521008 0.539315 -0.465407 0.694037 0.490822 0.521008 0.539315 -0.465407 0.675464 0.491068 0.521008 0.539315 -0.465407 0.686217 0.491388 0.521008 0.539315 -0.465407 0.678397 0.491781 0.520946 0.541732 -0.496565 0.660802 
0.490625 0.521008 0.539315 -0.465407 0.709677 0.490773 0.521008 0.539315 -0.465407 0.682307 0.490945 0.521008 0.539315 -0.465407 0.679374 0.491216 0.521008 0.539315 -0.465407 0.684262 0.491585 0.520992 0.539315 -0.465407 0.669599 0.492028 0.520885 0.541732 -0.496565 0.652981 
0.490699 0.521008 0.539315 -0.465407 0.694037 0.490822 0.521008 0.539315 -0.465407 0.675464 0.491068 0.521008 0.539315 -0.465407 0.686217 0.491388 0.521008 0.539315 -0.465407 0.678397 0.491781 0.520946 0.541732 -0.496565 0.660802 0.492323 0.520823 0.541732 -0.496565 0.639296 
0.490773 0.521008 0.539315 -0.465407 0.682307 0.490945 0.521008 0.539315 -0.465407 0.679374 0.491216 0.521008 0.539315 -0.465407 0.684262 0.491585 0.520992 0.539315 -0.465407 0.669599 0.492028 0.520885 0.541732 -0.496565 0.652981 0.492569 0.520746 0.541732 -0.496565 0.618768 
0.490822 0.521008 0.539315 -0.465407 0.675464 0.491068 0.521008 0.539315 -0.465407 0.686217 0.491388 0.521008 0.539315 -0.465407 0.678397 0.491781 0.520946 0.541732 -0.496565 0.660802 0.492323 0.520823 0.541732 -0.496565 0.639296 0.492840 0.520685 0.541732 -0.496565 0.597263 
0.490945 0.521008 0.539315 -0.465407 0.679374 0.491216 0.521008 0.539315 -0.465407 0.684262 0.491585 0.520992 0.539315 -0.465407 0.669599 0.492028 0.520885 0.541732 -0.496565 0.652981 0.492569 0.520746 0.541732 -0.496565 0.618768 0.493110 0.520608 0.541732 -0.496565 0.583578 
0.491068 0.521008 0.539315 -0.465407 0.686217 0.491388 0.521008 0.539315 -0.465407 0.678397 0.491781 0.520946 0.541732 -0.496565 0.660802 0.492323 0.520823 0.541732 -0.496565 0.639296 0.492840 0.520685 0.541732 -0.496565 0.597263 0.493332 0.520516 0.541732 -0.496565 0.575758 
0.491216 0.521008 0.539315 -0.465407 0.684262 0.491585 0.520992 0.539315 -0.465407 0.669599 0.492028 0.520885 0.541732 -0.496565 0.652981 0.492569 0.520746 0.541732 -0.496565 0.618768 0.493110 0.520608 0.541732 -0.496565 0.583578 0.493504 0.520454 0.541732 -0.496565 0.574780 
0.491388 0.521008 0.539315 -0.465407 0.678397 0.491781 0.520946 0.541732 -0.496565 0.660802 0.492323 0.520823 0.541732 -0.496565 0.639296 0.492840 0.520685 0.541732 -0.496565 0.597263 0.493332 0.520516 0.541732 -0.496565 0.575758 0.493652 0.520392 0.541732 -0.496565 0.572825 
0.491585 0.520992 0.539315 -0.465407 0.669599 0.492028 0.520885 0.541732 -0.496565 0.652981 0.492569 0.520746 0.541732 -0.496565 0.618768 0.493110 0.520608 0.541732 -0.496565 0.583578 0.493504 0.520454 0.541732 -0.496565 0.574780 0.493725 0.520362 0.541732 -0.496565 0.574780 
0.491781 0.520946 0.541732 -0.496565 0.660802 0.492323 0.520823 0.541732 -0.496565 0.639296 0.492840 0.520685 0.541732 -0.496565 0.597263 0.493332 0.520516 0.541732 -0.496565 0.575758 0.493652 0.520392 0.541732 -0.496565 0.572825 0.493750 0.520331 0.541732 -0.496565 0.579668 
0.492028 0.520885 0.541732 -0.496565 0.652981 0.492569 0.520746 0.541732 -0.496565 0.618768 0.493110 0.520608 0.541732 -0.496565 0.583578 0.493504 0.520454 0.541732 -0.496565 0.574780 0.493725 0.520362 0.541732 -0.496565 0.574780 0.493799 0.520331 0.539315 -0.465407 0.585533 
0.492323 0.520823 0.541732 -0.496565 0.639296 0.492840 0.520685 0.541732 -0.496565 0.597263 0.493332 0.520516 0.541732 -0.496565 0.575758 0.493652 0.520392 0.541732 -0.496565 0.572825 0.493750 0.520331 0.541732 -0.496565 0.579668 0.493799 0.520316 0.539315 -0.465407 0.596285 
0.492569 0.520746 0.541732 -0.496565 0.618768 0.493110 0.520608 0.541732 -0.496565 0.583578 0.493504 0.520454 0.541732 -0.496565 0.574780 0.493725 0.520362 0.541732 -0.496565 0.574780 0.493799 0.520331 0.539315 -0.465407 0.585533 0.493824 0.520316 0.551856 -0.448338 0.668622 
0.492840 0.520685 0.541732 -0.496565 0.597263 0.493332 0.520516 0.541732 -0.496565 0.575758 0.493652 0.520392 0.541732 -0.496565 0.572825 0.493750 0.520331 0.541732 -0.496565 0.579668 0.493799 0.520316 0.539315 -0.465407 0.596285 0.493947 0.520316 0.551856 -0.448338 0.637341 
0.493110 0.520608 0.541732 -0.496565 0.583578 0.493504 0.520454 0.541732 -0.496565 0.574780 0.493725 0.520362 0.541732 -0.496565 0.574780 0.493799 0.520331 0.539315 -0.465407 0.585533 0.493824 0.520316 0.551856 -0.448338 0.668622 0.494095 0.520300 0.551856 -0.448338 0.592375 
0.493332 0.520516 0.541732 -0.496565 0.575758 0.493652 0.520392 0.541732 -0.496565 0.572825 0.493750 0.520331 0.541732 -0.496565 0.579668 0.493799 0.520316 0.539315 -0.465407 0.596285 0.493947 0.520316 0.551856 -0.448338 0.637341 0.494341 0.520239 0.551856 -0.448338 0.543500 
0.493504 0.520454 0.541732 -0.496565 0.574780 0.493725 0.520362 0.541732 -0.496565 0.574780 0.493799 0.520331 0.539315 -0.465407 0.585533 0.493824 0.520316 0.551856 -0.448338 0.668622 0.494095 0.520300 0.551856 -0.448338 0.592375 0.494636 0.520131 0.551856 -0.448338 0.504399 
0.493652 0.520392 0.541732 -0.496565 0.572825 0.493750 0.520331 0.541732 -0.496565 0.579668 0.493799 0.520316 0.539315 -0.465407 0.596285 0.493947 0.520316 0.551856 -0.448338 0.637341 0.494341 0.520239 0.551856 -0.448338 0.543500 0.494956 0.520023 0.551856 -0.448338 0.469208 
0.493725 0.520362 0.541732 -0.496565 0.574780 0.493799 0.520331 0.539315 -0.465407 0.585533 0.493824 0.520316 0.551856 -0.448338 0.668622 0.494095 0.520300 0.551856 -0.448338 0.592375 0.494636 0.520131 0.551856 -0.448338 0.504399 0.495325 0.519916 0.551856 -0.448338 0.455523 
0.493750 0.520331 0.541732 -0.496565 0.579668 0.493799 0.520316 0.539315 -0.465407 0.596285 0.493947 0.520316 0.551856 -0.448338 0.637341 0.494341 0.520239 0.551856 -0.448338 0.543500 0.494956 0.520023 0.551856 -0.448338 0.469208 0.495669 0.519823 0.551856 -0.448338 0.450635 
0.493799 0.520331 0.539315 -0.465407 0.585533 0.493824 0.520316 0.551856 -0.448338 0.668622 0.494095 0.520300 0.551856 -0.448338 0.592375 0.494636 0.520131 0.551856 -0.448338 0.504399 0.495325 0.519916 0.551856 -0.448338 0.455523 0.495965 0.519731 0.551856 -0.448338 0.459433 
0.493799 0.520316 0.539315 -0.465407 0.596285 0.493947 0.520316 0.551856 -0.448338 0.637341 0.494341 0.520239 0.551856 -0.448338 0.543500 0.494956 0.520023 0.551856 -0.448338 0.469208 0.495669 0.519823 0.551856 -0.448338 0.450635 0.496235 0.519654 0.551856 -0.448338 0.477028 
0.493824 0.520316 0.551856 -0.448338 0.668622 0.494095 0.520300 0.551856 -0.448338 0.592375 0.494636 0.520131 0.551856 -0.448338 0.504399 0.495325 0.519916 0.551856 -0.448338 0.455523 0.495965 0.519731 0.551856 -0.448338 0.459433 0.496457 0.519608 0.551856 -0.448338 0.502444 
0.493947 0.520316 0.551856 -0.448338 0.637341 0.494341 0.520239 0.551856 -0.448338 0.543500 0.494956 0.520023 0.551856 -0.448338 0.469208 0.495669 0.519823 0.551856 -0.448338 0.450635 0.496235 0.519654 0.551856 -0.448338 0.477028 0.496604 0.519593 0.551856 -0.448338 0.527859 
0.494095 0.520300 0.551856 -0.448338 0.592375 0.494636 0.520131 0.551856 -0.448338 0.504399 0.495325 0.519916 0.551856 -0.448338 0.455523 0.495965 0.519731 0.551856 -0.448338 0.459433 0.496457 0.519608 0.551856 -0.448338 0.502444 0.496654 0.519593 0.551856 -0.448338 0.561095 
0.494341 0.520239 0.551856 -0.448338 0.543500 0.494956 0.520023 0.551856 -0.448338 0.469208 0.495669 0.519823 0.551856 -0.448338 0.450635 0.496235 0.519654 0.551856 -0.448338 0.477028 0.496604 0.519593 0.551856 -0.448338 0.527859 0.496678 0.519593 0.551856 -0.448338 0.603128 
0.494636 0.520131 0.551856 -0.448338 0.504399 0.495325 0.519916 0.551856 -0.448338 0.455523 0.495965 0.519731 0.551856 -0.448338 0.459433 0.496457 0.519608 0.551856 -0.448338 0.502444 0.496654 0.519593 0.551856 -0.448338 0.561095 0.496678 0.519670 0.539315 -0.465407 0.721408 
0.494956 0.520023 0.551856 -0.448338 0.469208 0.495669 0.519823 0.551856 -0.448338 0.450635 0.496235 0.519654 0.551856 -0.448338 0.477028 0.496604 0.519593 0.551856 -0.448338 0.527859 0.496678 0.519593 0.551856 -0.448338 0.603128 0.496678 0.519777 0.539315 -0.465407 0.749756 
0.495325 0.519916 0.551856 -0.448338 0.455523 0.495965 0.519731 0.551856 -0.448338 0.459433 0.496457 0.519608 0.551856 -0.448338 0.502444 0.496654 0.519593 0.551856 -0.448338 0.561095 0.496678 0.519670 0.539315 -0.465407 0.721408 0.496678 0.519870 0.539315 -0.465407 0.770283 
0.495669 0.519823 0.551856 -0.448338 0.450635 0.496235 0.519654 0.551856 -0.448338 0.477028 0.496604 0.519593 0.551856 -0.448338 0.527859 0.496678 0.519593 0.551856 -0.448338 0.603128 0.496678 0.519777 0.539315 -0.465407 0.749756 0.496678 0.519993 0.539315 -0.465407 0.783969 
0.495965 0.519731 0.551856 -0.448338 0.459433 0.496457 0.519608 0.551856 -0.448338 0.502444 0.496654 0.519593 0.551856 -0.448338 0.561095 0.496678 0.519670 0.539315 -0.465407 0.721408 0.496678 0.519870 0.539315 -0.465407 0.770283 0.496678 0.520085 0.539315 -0.465407 0.801564 
0.496235 0.519654 0.551856 -0.448338 0.477028 0.496604 0.519593 0.551856 -0.448338 0.527859 0.496678 0.519593 0.551856 -0.448338 0.603128 0.496678 0.519777 0.539315 -0.465407 0.749756 0.496678 0.519993 0.539315 -0.465407 0.783969 0.496678 0.520177 0.539315 -0.465407 0.829912 
0.496457 0.519608 0.551856 -0.448338 0.502444 0.496654 0.519593 0.551856 -0.448338 0.561095 0.496678 0.519670 0.539315 -0.465407 0.721408 0.496678 0.519870 0.539315 -0.465407 0.770283 0.496678 0.520085 0.539315 -0.465407 0.801564 0.496678 0.520223 0.539315 -0.465407 0.856305 
0.496604 0.519593 0.551856 -0.448338 0.527859 0.496678 0.519593 0.551856 -0.448338 0.603128 0.496678 0.519777 0.539315 -0.465407 0.749756 0.496678 0.519993 0.539315 -0.465407 0.783969 0.496678 0.520177 0.539315 -0.465407 0.829912 0.496678 0.520269 0.539315 -0.465407 0.878788 
0.496654 0.519593 0.551856 -0.448338 0.561095 0.496678 0.519670 0.539315 -0.465407 0.721408 0.496678 0.519870 0.539315 -0.465407 0.770283 0.496678 0.520085 0.539315 -0.465407 0.801564 0.496678 0.520223 0.539315 -0.465407 0.856305 0.496678 0.520285 0.539315 -0.465407 0.903226 
0.496678 0.519593 0.551856 -0.448338 0.603128 0.496678 0.519777 0.539315 -0.465407 0.749756 0.496678 0.519993 0.539315 -0.465407 0.783969 0.496678 0.520177 0.539315 -0.465407 0.829912 0.496678 0.520269 0.539315 -0.465407 0.878788 0.496678 0.520300 0.539315 -0.465407 0.926686 
0.496678 0.519670 0.539315 -0.465407 0.721408 0.496678 0.519870 0.539315 -0.465407 0.770283 0.496678 0.520085 0.539315 -0.465407 0.801564 0.496678 0.520223 0.539315 -0.465407 0.856305 0.496678 0.520285 0.539315 -0.465407 0.903226 0.496678 0.520316 0.539315 -0.465407 0.947214 
0.496678 0.519777 0.539315 -0.465407 0.749756 0.496678 0.519993 0.539315 -0.465407 0.783969 0.496678 0.520177 0.539315 -0.465407 0.829912 0.496678 0.520269 0.539315 -0.465407 0.878788 0.496678 0.520300 0.539315 -0.465407 0.926686 0.496703 0.520316 0.551856 -0.448338 1.000000 
0.496678 0.519870 0.539315 -0.465407 0.770283 0.496678 0.520085 0.539315 -0.465407 0.801564 0.496678 0.520223 0.539315 -0.465407 0.856305 0.496678 0.520285 0.539315 -0.465407 0.903226 0.496678 0.520316 0.539315 -0.465407 0.947214 0.496777 0.520269 0.551856 -0.448338 1.000000 
0.496678 0.519993 0.539315 -0.465407 0.783969 0.496678 0.520177 0.539315 -0.465407 0.829912 0.496678 0.520269 0.539315 -0.465407 0.878788 0.496678 0.520300 0.539315 -0.465407 0.926686 0.496703 0.520316 0.551856 -0.448338 1.000000 0.496875 0.519977 0.551856 -0.448338 1.000000 
0.496678 0.520085 0.539315 -0.465407 0.801564 0.496678 0.520223 0.539315 -0.465407 0.856305 0.496678 0.520285 0.539315 -0.465407 0.903226 0.496678 0.520316 0.539315 -0.465407 0.947214 0.496777 0.520269 0.551856 -0.448338 1.000000 0.497023 0.519485 0.551856 -0.448338 1.000000 
0.496678 0.520177 0.539315 -0.465407 0.829912 0.496678 0.520269 0.539315 -0.465407 0.878788 0.496678 0.520300 0.539315 -0.465407 0.926686 0.496703 0.520316 0.551856 -0.448338 1.000000 0.496875 0.519977 0.551856 -0.448338 1.000000 0.497195 0.518824 0.551856 -0.448338 1.000000 
0.496678 0.520223 0.539315 -0.465407 0.856305 0.496678 0.520285 0.539315 -0.465407 0.903226 0.496678 0.520316 0.539315 -0.465407 0.947214 0.496777 0.520269 0.551856 -0.448338 1.000000 0.497023 0.519485 0.551856 -0.448338 1.000000 0.497416 0.517993 0.551856 -0.448338 1.000000 
0.496678 0.520269 0.539315 -0.465407 0.878788 0.496678 0.520300 0.539315 -0.465407 0.926686 0.496703 0.520316 0.551856 -0.448338 1.000000 0.496875 0.519977 0.551856 -0.448338 1.000000 0.497195 0.518824 0.551856 -0.448338 1.000000 0.497736 0.516917 0.551856 -0.448338 1.000000 
0.496678 0.520285 0.539315 -0.465407 0.903226 0.496678 0.520316 0.539315 -0.465407 0.947214 0.496777 0.520269 0.551856 -0.448338 1.000000 0.497023 0.519485 0.551856 -0.448338 1.000000 0.497416 0.517993 0.551856 -0.448338 1.000000 0.498179 0.515594 0.551856 -0.448338 1.000000 
0.496678 0.520300 0.539315 -0.465407 0.926686 0.496703 0.520316 0.551856 -0.448338 1.000000 0.496875 0.519977 0.551856 -0.448338 1.000000 0.497195 0.518824 0.551856 -0.448338 1.000000 0.497736 0.516917 0.551856 -0.448338 1.000000 0.498696 0.513995 0.545677 -0.456969 1.000000 
0.496678 0.520316 0.539315 -0.465407 0.947214 0.496777 0.520269 0.551856 -0.448338 1.000000 0.497023 0.519485 0.551856 -0.448338 1.000000 0.497416 0.517993 0.551856 -0.448338 1.000000 0.498179 0.515594 0.551856 -0.448338 1.000000 0.499311 0.512072 0.545677 -0.456969 1.000000 
