0.524360 0.566929 0.204796 -0.626890 0.460411 0.519685 0.567052 0.204796 -0.626890 0.463343 0.514665 0.567237 0.204796 -0.626890 0.465298 0.509350 0.567437 0.204796 -0.626890 0.457478 0.503937 0.567713 0.212112 -0.644154 0.456501 0.492667 0.568467 0.212112 -0.644154 0.453568 
0.522047 0.566975 0.204796 -0.626890 0.457478 0.517200 0.567129 0.204796 -0.626890 0.459433 0.512033 0.567329 0.204796 -0.626890 0.462366 0.506668 0.567560 0.212112 -0.644154 0.459433 0.501132 0.567898 0.212112 -0.644154 0.464321 0.498327 0.568083 0.212112 -0.644154 0.467253 
0.519685 0.567052 0.204796 -0.626890 0.463343 0.514665 0.567237 0.204796 -0.626890 0.465298 0.509350 0.567437 0.204796 -0.626890 0.457478 0.503937 0.567713 0.212112 -0.644154 0.456501 0.492667 0.568467 0.212112 -0.644154 0.453568 0.495497 0.568282 0.212112 -0.644154 0.463343 
0.517200 0.567129 0.204796 -0.626890 0.459433 0.512033 0.567329 0.204796 -0.626890 0.462366 0.506668 0.567560 0.212112 -0.644154 0.459433 0.501132 0.567898 0.212112 -0.644154 0.464321 0.498327 0.568083 0.212112 -0.644154 0.467253 0.489813 0.568652 0.212112 -0.644154 0.465298 
0.514665 0.567237 0.204796 -0.626890 0.465298 0.509350 0.567437 0.204796 -0.626890 0.457478 0.503937 0.567713 0.212112 -0.644154 0.456501 0.492667 0.568467 0.212112 -0.644154 0.453568 0.495497 0.568282 0.212112 -0.644154 0.463343 0.486934 0.568821 0.212112 -0.644154 0.473118 
0.512033 0.567329 0.204796 -0.626890 0.462366 0.506668 0.567560 0.212112 -0.644154 0.459433 0.501132 0.567898 0.212112 -0.644154 0.464321 0.498327 0.568083 0.212112 -0.644154 0.467253 0.489813 0.568652 0.212112 -0.644154 0.465298 0.483957 0.568990 0.212112 -0.644154 0.461388 
0.509350 0.567437 0.204796 -0.626890 0.457478 0.503937 0.567713 0.212112 -0.644154 0.456501 0.492667 0.568467 0.212112 -0.644154 0.453568 0.495497 0.568282 0.212112 -0.644154 0.463343 0.486934 0.568821 0.212112 -0.644154 0.473118 0.481004 0.569144 0.212112 -0.644154 0.467253 
0.506668 0.567560 0.212112 -0.644154 0.459433 0.501132 0.567898 0.212112 -0.644154 0.464321 0.498327 0.568083 0.212112 -0.644154 0.467253 0.489813 0.568652 0.212112 -0.644154 0.465298 0.483957 0.568990 0.212112 -0.644154 0.461388 0.478100 0.569267 0.204796 -0.626890 0.469208 
0.503937 0.567713 0.212112 -0.644154 0.456501 0.492667 0.568467 0.212112 -0.644154 0.453568 0.495497 0.568282 0.212112 -0.644154 0.463343 0.486934 0.568821 0.212112 -0.644154 0.473118 0.481004 0.569144 0.212112 -0.644154 0.467253 0.475246 0.569390 0.204796 -0.626890 0.463343 
0.501132 0.567898 0.212112 -0.644154 0.464321 0.498327 0.568083 0.212112 -0.644154 0.467253 0.489813 0.568652 0.212112 -0.644154 0.465298 0.483957 0.568990 0.212112 -0.644154 0.461388 0.478100 0.569267 0.204796 -0.626890 0.469208 0.472441 0.569497 0.204796 -0.626890 0.474096 
0.492667 0.568467 0.212112 -0.644154 0.453568 0.495497 0.568282 0.212112 -0.644154 0.463343 0.486934 0.568821 0.212112 -0.644154 0.473118 0.481004 0.569144 0.212112 -0.644154 0.467253 0.475246 0.569390 0.204796 -0.626890 0.463343 0.469710 0.569590 0.204796 -0.626890 0.469208 
0.498327 0.568083 0.212112 -0.644154 0.467253 0.489813 0.568652 0.212112 -0.644154 0.465298 0.483957 0.568990 0.212112 -0.644154 0.461388 0.478100 0.569267 0.204796 -0.626890 0.469208 0.472441 0.569497 0.204796 -0.626890 0.474096 0.467077 0.569651 0.204796 -0.626890 0.462366 
0.495497 0.568282 0.212112 -0.644154 0.463343 0.486934 0.568821 0.212112 -0.644154 0.473118 0.481004 0.569144 0.212112 -0.644154 0.467253 0.475246 0.569390 0.204796 -0.626890 0.463343 0.469710 0.569590 0.204796 -0.626890 0.469208 0.464542 0.569667 0.204796 -0.626890 0.463343 
0.489813 0.568652 0.212112 -0.644154 0.465298 0.483957 0.568990 0.212112 -0.644154 0.461388 0.478100 0.569267 0.204796 -0.626890 0.469208 0.472441 0.569497 0.204796 -0.626890 0.474096 0.467077 0.569651 0.204796 -0.626890 0.462366 0.462106 0.569667 0.204796 -0.626890 0.459433 
0.486934 0.568821 0.212112 -0.644154 0.473118 0.481004 0.569144 0.212112 -0.644154 0.467253 0.475246 0.569390 0.204796 -0.626890 0.463343 0.469710 0.569590 0.204796 -0.626890 0.469208 0.464542 0.569667 0.204796 -0.626890 0.463343 0.459719 0.569667 0.204796 -0.626890 0.469208 
0.483957 0.568990 0.212112 -0.644154 0.461388 0.478100 0.569267 0.204796 -0.626890 0.469208 0.472441 0.569497 0.204796 -0.626890 0.474096 0.467077 0.569651 0.204796 -0.626890 0.462366 0.462106 0.569667 0.204796 -0.626890 0.459433 0.457357 0.569667 0.212112 -0.644154 0.463343 
0.481004 0.569144 0.212112 -0.644154 0.467253 0.475246 0.569390 0.204796 -0.626890 0.463343 0.469710 0.569590 0.204796 -0.626890 0.469208 0.464542 0.569667 0.204796 -0.626890 0.463343 0.459719 0.569667 0.204796 -0.626890 0.469208 0.455069 0.569667 0.212112 -0.644154 0.457478 
0.478100 0.569267 0.204796 -0.626890 0.469208 0.472441 0.569497 0.204796 -0.626890 0.474096 0.467077 0.569651 0.204796 -0.626890 0.462366 0.462106 0.569667 0.204796 -0.626890 0.459433 0.457357 0.569667 0.212112 -0.644154 0.463343 0.452830 0.569667 0.212112 -0.644154 0.462366 
0.475246 0.569390 0.204796 -0.626890 0.463343 0.469710 0.569590 0.204796 -0.626890 0.469208 0.464542 0.569667 0.204796 -0.626890 0.463343 0.459719 0.569667 0.204796 -0.626890 0.469208 0.455069 0.569667 0.212112 -0.644154 0.457478 0.450566 0.569544 0.212112 -0.644154 0.459433 
0.472441 0.569497 0.204796 -0.626890 0.474096 0.467077 0.569651 0.204796 -0.626890 0.462366 0.462106 0.569667 0.204796 -0.626890 0.459433 0.457357 0.569667 0.212112 -0.644154 0.463343 0.452830 0.569667 0.212112 -0.644154 0.462366 0.448351 0.569451 0.212112 -0.644154 0.465298 
0.469710 0.569590 0.204796 -0.626890 0.469208 0.464542 0.569667 0.204796 -0.626890 0.463343 0.459719 0.569667 0.204796 -0.626890 0.469208 0.455069 0.569667 0.212112 -0.644154 0.457478 0.450566 0.569544 0.212112 -0.644154 0.459433 0.446137 0.569374 0.212112 -0.644154 0.455523 
0.467077 0.569651 0.204796 -0.626890 0.462366 0.462106 0.569667 0.204796 -0.626890 0.459433 0.457357 0.569667 0.212112 -0.644154 0.463343 0.452830 0.569667 0.212112 -0.644154 0.462366 0.448351 0.569451 0.212112 -0.644154 0.465298 0.443873 0.569344 0.206597 -0.663787 0.460411 
0.464542 0.569667 0.204796 -0.626890 0.463343 0.459719 0.569667 0.204796 -0.626890 0.469208 0.455069 0.569667 0.212112 -0.644154 0.457478 0.450566 0.569544 0.212112 -0.644154 0.459433 0.446137 0.569374 0.212112 -0.644154 0.455523 0.441634 0.569328 0.212112 -0.644154 0.463343 
0.462106 0.569667 0.204796 -0.626890 0.459433 0.457357 0.569667 0.212112 -0.644154 0.463343 0.452830 0.569667 0.212112 -0.644154 0.462366 0.448351 0.569451 0.212112 -0.644154 0.465298 0.443873 0.569344 0.206597 -0.663787 0.460411 0.439395 0.569313 0.212112 -0.644154 0.464321 
0.459719 0.569667 0.204796 -0.626890 0.469208 0.455069 0.569667 0.212112 -0.644154 0.457478 0.450566 0.569544 0.212112 -0.644154 0.459433 0.446137 0.569374 0.212112 -0.644154 0.455523 0.441634 0.569328 0.212112 -0.644154 0.463343 0.437032 0.569313 0.212112 -0.644154 0.459433 
0.457357 0.569667 0.212112 -0.644154 0.463343 0.452830 0.569667 0.212112 -0.644154 0.462366 0.448351 0.569451 0.212112 -0.644154 0.465298 0.443873 0.569344 0.206597 -0.663787 0.460411 0.439395 0.569313 0.212112 -0.644154 0.464321 0.434670 0.569313 0.212112 -0.644154 0.465298 
0.455069 0.569667 0.212112 -0.644154 0.457478 0.450566 0.569544 0.212112 -0.644154 0.459433 0.446137 0.569374 0.212112 -0.644154 0.455523 0.441634 0.569328 0.212112 -0.644154 0.463343 0.437032 0.569313 0.212112 -0.644154 0.459433 0.432308 0.569313 0.212112 -0.644154 0.450635 
0.452830 0.569667 0.212112 -0.644154 0.462366 0.448351 0.569451 0.212112 -0.644154 0.465298 0.443873 0.569344 0.206597 -0.663787 0.460411 0.439395 0.569313 0.212112 -0.644154 0.464321 0.434670 0.569313 0.212112 -0.644154 0.465298 0.429946 0.569313 0.212112 -0.644154 0.464321 
0.450566 0.569544 0.212112 -0.644154 0.459433 0.446137 0.569374 0.212112 -0.644154 0.455523 0.441634 0.569328 0.212112 -0.644154 0.463343 0.437032 0.569313 0.212112 -0.644154 0.459433 0.432308 0.569313 0.212112 -0.644154 0.450635 0.427584 0.569313 0.212112 -0.644154 0.469208 
0.448351 0.569451 0.212112 -0.644154 0.465298 0.443873 0.569344 0.206597 -0.663787 0.460411 0.439395 0.569313 0.212112 -0.644154 0.464321 0.434670 0.569313 0.212112 -0.644154 0.465298 0.429946 0.569313 0.212112 -0.644154 0.464321 0.425295 0.569313 0.204796 -0.626890 0.456501 
0.446137 0.569374 0.212112 -0.644154 0.455523 0.441634 0.569328 0.212112 -0.644154 0.463343 0.437032 0.569313 0.212112 -0.644154 0.459433 0.432308 0.569313 0.212112 -0.644154 0.450635 0.427584 0.569313 0.212112 -0.644154 0.469208 0.423007 0.569313 0.204796 -0.626890 0.467253 
0.443873 0.569344 0.206597 -0.663787 0.460411 0.439395 0.569313 0.212112 -0.644154 0.464321 0.434670 0.569313 0.212112 -0.644154 0.465298 0.429946 0.569313 0.212112 -0.644154 0.464321 0.425295 0.569313 0.204796 -0.626890 0.456501 0.420792 0.569313 0.204796 -0.626890 0.455523 
0.441634 0.569328 0.212112 -0.644154 0.463343 0.437032 0.569313 0.212112 -0.644154 0.459433 0.432308 0.569313 0.212112 -0.644154 0.450635 0.427584 0.569313 0.212112 -0.644154 0.469208 0.423007 0.569313 0.204796 -0.626890 0.467253 0.418652 0.569313 0.204796 -0.626890 0.456501 
0.439395 0.569313 0.212112 -0.644154 0.464321 0.434670 0.569313 0.212112 -0.644154 0.465298 0.429946 0.569313 0.212112 -0.644154 0.464321 0.425295 0.569313 0.204796 -0.626890 0.456501 0.420792 0.569313 0.204796 -0.626890 0.455523 0.416585 0.569313 0.204796 -0.626890 0.455523 
0.437032 0.569313 0.212112 -0.644154 0.459433 0.432308 0.569313 0.212112 -0.644154 0.450635 0.427584 0.569313 0.212112 -0.644154 0.469208 0.423007 0.569313 0.204796 -0.626890 0.467253 0.418652 0.569313 0.204796 -0.626890 0.456501 0.414567 0.569313 0.204796 -0.626890 0.455523 
0.434670 0.569313 0.212112 -0.644154 0.465298 0.429946 0.569313 0.212112 -0.644154 0.464321 0.425295 0.569313 0.204796 -0.626890 0.456501 0.420792 0.569313 0.204796 -0.626890 0.455523 0.416585 0.569313 0.204796 -0.626890 0.455523 0.412598 0.569313 0.204796 -0.626890 0.452590 
0.432308 0.569313 0.212112 -0.644154 0.450635 0.427584 0.569313 0.212112 -0.644154 0.469208 0.423007 0.569313 0.204796 -0.626890 0.467253 0.418652 0.569313 0.204796 -0.626890 0.456501 0.414567 0.569313 0.204796 -0.626890 0.455523 0.410630 0.569313 0.204796 -0.626890 0.456501 
0.429946 0.569313 0.212112 -0.644154 0.464321 0.425295 0.569313 0.204796 -0.626890 0.456501 0.420792 0.569313 0.204796 -0.626890 0.455523 0.416585 0.569313 0.204796 -0.626890 0.455523 0.412598 0.569313 0.204796 -0.626890 0.452590 0.408735 0.569313 0.212112 -0.644154 0.450635 
0.427584 0.569313 0.212112 -0.644154 0.469208 0.423007 0.569313 0.204796 -0.626890 0.467253 0.418652 0.569313 0.204796 -0.626890 0.456501 0.414567 0.569313 0.204796 -0.626890 0.455523 0.410630 0.569313 0.204796 -0.626890 0.456501 0.406841 0.569313 0.212112 -0.644154 0.455523 
0.425295 0.569313 0.204796 -0.626890 0.456501 0.420792 0.569313 0.204796 -0.626890 0.455523 0.416585 0.569313 0.204796 -0.626890 0.455523 0.412598 0.569313 0.204796 -0.626890 0.452590 0.408735 0.569313 0.212112 -0.644154 0.450635 0.405020 0.569313 0.212112 -0.644154 0.454545 
0.423007 0.569313 0.204796 -0.626890 0.467253 0.418652 0.569313 0.204796 -0.626890 0.456501 0.414567 0.569313 0.204796 -0.626890 0.455523 0.410630 0.569313 0.204796 -0.626890 0.456501 0.406841 0.569313 0.212112 -0.644154 0.455523 0.403223 0.569313 0.212112 -0.644154 0.455523 
0.420792 0.569313 0.204796 -0.626890 0.455523 0.416585 0.569313 0.204796 -0.626890 0.455523 0.412598 0.569313 0.204796 -0.626890 0.452590 0.408735 0.569313 0.212112 -0.644154 0.450635 0.405020 0.569313 0.212112 -0.644154 0.454545 0.401452 0.569313 0.212112 -0.644154 0.450635 
0.418652 0.569313 0.204796 -0.626890 0.456501 0.414567 0.569313 0.204796 -0.626890 0.455523 0.410630 0.569313 0.204796 -0.626890 0.456501 0.406841 0.569313 0.212112 -0.644154 0.455523 0.403223 0.569313 0.212112 -0.644154 0.455523 0.399729 0.569313 0.212112 -0.644154 0.452590 
0.416585 0.569313 0.204796 -0.626890 0.455523 0.412598 0.569313 0.204796 -0.626890 0.452590 0.408735 0.569313 0.212112 -0.644154 0.450635 0.405020 0.569313 0.212112 -0.644154 0.454545 0.401452 0.569313 0.212112 -0.644154 0.450635 0.398031 0.569313 0.206597 -0.663787 0.457478 
0.414567 0.569313 0.204796 -0.626890 0.455523 0.410630 0.569313 0.204796 -0.626890 0.456501 0.406841 0.569313 0.212112 -0.644154 0.455523 0.403223 0.569313 0.212112 -0.644154 0.455523 0.399729 0.569313 0.212112 -0.644154 0.452590 0.396358 0.569313 0.206597 -0.663787 0.453568 
0.412598 0.569313 0.204796 -0.626890 0.452590 0.408735 0.569313 0.212112 -0.644154 0.450635 0.405020 0.569313 0.212112 -0.644154 0.454545 0.401452 0.569313 0.212112 -0.644154 0.450635 0.398031 0.569313 0.206597 -0.663787 0.457478 0.394660 0.569313 0.212112 -0.644154 0.452590 
0.410630 0.569313 0.204796 -0.626890 0.456501 0.406841 0.569313 0.212112 -0.644154 0.455523 0.403223 0.569313 0.212112 -0.644154 0.455523 0.399729 0.569313 0.212112 -0.644154 0.452590 0.396358 0.569313 0.206597 -0.663787 0.453568 0.393012 0.569313 0.212112 -0.644154 0.452590 
0.408735 0.569313 0.212112 -0.644154 0.450635 0.405020 0.569313 0.212112 -0.644154 0.454545 0.401452 0.569313 0.212112 -0.644154 0.450635 0.398031 0.569313 0.206597 -0.663787 0.457478 0.394660 0.569313 0.212112 -0.644154 0.452590 0.391339 0.569313 0.212112 -0.644154 0.449658 
0.406841 0.569313 0.212112 -0.644154 0.455523 0.403223 0.569313 0.212112 -0.644154 0.455523 0.399729 0.569313 0.212112 -0.644154 0.452590 0.396358 0.569313 0.206597 -0.663787 0.453568 0.393012 0.569313 0.212112 -0.644154 0.452590 0.389665 0.569313 0.212112 -0.644154 0.453568 
0.405020 0.569313 0.212112 -0.644154 0.454545 0.401452 0.569313 0.212112 -0.644154 0.450635 0.398031 0.569313 0.206597 -0.663787 0.457478 0.394660 0.569313 0.212112 -0.644154 0.452590 0.391339 0.569313 0.212112 -0.644154 0.449658 0.387992 0.569313 0.212112 -0.644154 0.459433 
0.403223 0.569313 0.212112 -0.644154 0.455523 0.399729 0.569313 0.212112 -0.644154 0.452590 0.396358 0.569313 0.206597 -0.663787 0.453568 0.393012 0.569313 0.212112 -0.644154 0.452590 0.389665 0.569313 0.212112 -0.644154 0.453568 0.386343 0.569313 0.212112 -0.644154 0.454545 
0.401452 0.569313 0.212112 -0.644154 0.450635 0.398031 0.569313 0.206597 -0.663787 0.457478 0.394660 0.569313 0.212112 -0.644154 0.452590 0.391339 0.569313 0.212112 -0.644154 0.449658 0.387992 0.569313 0.212112 -0.644154 0.459433 0.384695 0.569313 0.212112 -0.644154 0.455523 
0.399729 0.569313 0.212112 -0.644154 0.452590 0.396358 0.569313 0.206597 -0.663787 0.453568 0.393012 0.569313 0.212112 -0.644154 0.452590 0.389665 0.569313 0.212112 -0.644154 0.453568 0.386343 0.569313 0.212112 -0.644154 0.454545 0.383071 0.569313 0.212112 -0.644154 0.456501 
0.398031 0.569313 0.206597 -0.663787 0.457478 0.394660 0.569313 0.212112 -0.644154 0.452590 0.391339 0.569313 0.212112 -0.644154 0.449658 0.387992 0.569313 0.212112 -0.644154 0.459433 0.384695 0.569313 0.212112 -0.644154 0.455523 0.378100 0.569313 0.204796 -0.626890 0.455523 
0.396358 0.569313 0.206597 -0.663787 0.453568 0.393012 0.569313 0.212112 -0.644154 0.452590 0.389665 0.569313 0.212112 -0.644154 0.453568 0.386343 0.569313 0.212112 -0.644154 0.454545 0.383071 0.569313 0.212112 -0.644154 0.456501 0.381422 0.569313 0.204796 -0.626890 0.459433 
0.394660 0.569313 0.212112 -0.644154 0.452590 0.391339 0.569313 0.212112 -0.644154 0.449658 0.387992 0.569313 0.212112 -0.644154 0.459433 0.384695 0.569313 0.212112 -0.644154 0.455523 0.378100 0.569313 0.204796 -0.626890 0.455523 0.379774 0.569313 0.204796 -0.626890 0.455523 
0.393012 0.569313 0.212112 -0.644154 0.452590 0.389665 0.569313 0.212112 -0.644154 0.453568 0.386343 0.569313 0.212112 -0.644154 0.454545 0.383071 0.569313 0.212112 -0.644154 0.456501 0.381422 0.569313 0.204796 -0.626890 0.459433 0.376427 0.569313 0.204796 -0.626890 0.456501 
0.362697 0.473271 0.164364 -0.867845 0.000000 0.368086 0.478254 0.143132 -0.797964 0.000000 0.373991 0.483360 0.139934 -0.726882 0.000000 0.380118 0.488558 0.126007 -0.674628 0.000000 0.386417 0.493879 0.100773 -0.623675 0.000000 0.392889 0.499323 0.100773 -0.623675 0.000000 
0.365330 0.475747 0.134532 -0.834036 0.000000 0.370989 0.480807 0.133597 -0.763059 0.000000 0.377018 0.485944 0.116254 -0.693320 0.000000 0.383292 0.491188 0.117340 -0.639828 0.000000 0.389592 0.496601 0.100773 -0.623675 0.000000 0.396260 0.502045 0.100773 -0.623675 0.000000 
0.368086 0.478254 0.143132 -0.797964 0.000000 0.373991 0.483360 0.139934 -0.726882 0.000000 0.380118 0.488558 0.126007 -0.674628 0.000000 0.386417 0.493879 0.100773 -0.623675 0.000000 0.392889 0.499323 0.100773 -0.623675 0.000000 0.399680 0.504752 0.104492 -0.641078 0.000000 
0.370989 0.480807 0.133597 -0.763059 0.000000 0.377018 0.485944 0.116254 -0.693320 0.000000 0.383292 0.491188 0.117340 -0.639828 0.000000 0.389592 0.496601 0.100773 -0.623675 0.000000 0.396260 0.502045 0.100773 -0.623675 0.000000 0.403199 0.507413 0.108308 -0.658486 0.000000 
0.373991 0.483360 0.139934 -0.726882 0.000000 0.380118 0.488558 0.126007 -0.674628 0.000000 0.386417 0.493879 0.100773 -0.623675 0.000000 0.392889 0.499323 0.100773 -0.623675 0.000000 0.399680 0.504752 0.104492 -0.641078 0.000000 0.406767 0.510089 0.101906 -0.694450 0.000000 
0.377018 0.485944 0.116254 -0.693320 0.000000 0.383292 0.491188 0.117340 -0.639828 0.000000 0.389592 0.496601 0.100773 -0.623675 0.000000 0.396260 0.502045 0.100773 -0.623675 0.000000 0.403199 0.507413 0.108308 -0.658486 0.000000 0.410359 0.512734 0.120396 -0.710746 0.000000 
0.380118 0.488558 0.126007 -0.674628 0.000000 0.386417 0.493879 0.100773 -0.623675 0.000000 0.392889 0.499323 0.100773 -0.623675 0.000000 0.399680 0.504752 0.104492 -0.641078 0.000000 0.406767 0.510089 0.101906 -0.694450 0.000000 0.414001 0.515348 0.124662 -0.728178 0.000000 
0.383292 0.491188 0.117340 -0.639828 0.000000 0.389592 0.496601 0.100773 -0.623675 0.000000 0.396260 0.502045 0.100773 -0.623675 0.000000 0.403199 0.507413 0.108308 -0.658486 0.000000 0.410359 0.512734 0.120396 -0.710746 0.000000 0.417717 0.517947 0.124662 -0.728178 0.000000 
0.386417 0.493879 0.100773 -0.623675 0.000000 0.392889 0.499323 0.100773 -0.623675 0.000000 0.399680 0.504752 0.104492 -0.641078 0.000000 0.406767 0.510089 0.101906 -0.694450 0.000000 0.414001 0.515348 0.124662 -0.728178 0.000000 0.421334 0.520546 0.124662 -0.728178 0.000000 
0.389592 0.496601 0.100773 -0.623675 0.000000 0.396260 0.502045 0.100773 -0.623675 0.000000 0.403199 0.507413 0.108308 -0.658486 0.000000 0.410359 0.512734 0.120396 -0.710746 0.000000 0.417717 0.517947 0.124662 -0.728178 0.000000 0.424975 0.523099 0.124662 -0.728178 0.000000 
0.392889 0.499323 0.100773 -0.623675 0.000000 0.399680 0.504752 0.104492 -0.641078 0.000000 0.406767 0.510089 0.101906 -0.694450 0.000000 0.414001 0.515348 0.124662 -0.728178 0.000000 0.421334 0.520546 0.124662 -0.728178 0.000000 0.428593 0.525637 0.124662 -0.728178 0.000000 
0.396260 0.502045 0.100773 -0.623675 0.000000 0.403199 0.507413 0.108308 -0.658486 0.000000 0.410359 0.512734 0.120396 -0.710746 0.000000 0.417717 0.517947 0.124662 -0.728178 0.000000 0.424975 0.523099 0.124662 -0.728178 0.000000 0.432234 0.528128 0.120396 -0.710746 0.000000 
0.399680 0.504752 0.104492 -0.641078 0.000000 0.406767 0.510089 0.101906 -0.694450 0.000000 0.414001 0.515348 0.124662 -0.728178 0.000000 0.421334 0.520546 0.124662 -0.728178 0.000000 0.428593 0.525637 0.124662 -0.728178 0.000000 0.435827 0.530543 0.120396 -0.710746 0.000000 
0.403199 0.507413 0.108308 -0.658486 0.000000 0.410359 0.512734 0.120396 -0.710746 0.000000 0.417717 0.517947 0.124662 -0.728178 0.000000 0.424975 0.523099 0.124662 -0.728178 0.000000 0.432234 0.528128 0.120396 -0.710746 0.000000 0.439542 0.532849 0.116254 -0.693320 0.000000 
0.406767 0.510089 0.101906 -0.694450 0.000000 0.414001 0.515348 0.124662 -0.728178 0.000000 0.421334 0.520546 0.124662 -0.728178 0.000000 0.428593 0.525637 0.124662 -0.728178 0.000000 0.435827 0.530543 0.120396 -0.710746 0.000000 0.443406 0.535064 0.116254 -0.693320 0.000000 
0.410359 0.512734 0.120396 -0.710746 0.000000 0.417717 0.517947 0.124662 -0.728178 0.000000 0.424975 0.523099 0.124662 -0.728178 0.000000 0.432234 0.528128 0.120396 -0.710746 0.000000 0.439542 0.532849 0.116254 -0.693320 0.000000 0.447392 0.537156 0.116254 -0.693320 0.000000 
0.414001 0.515348 0.124662 -0.728178 0.000000 0.421334 0.520546 0.124662 -0.728178 0.000000 0.428593 0.525637 0.124662 -0.728178 0.000000 0.435827 0.530543 0.120396 -0.710746 0.000000 0.443406 0.535064 0.116254 -0.693320 0.000000 0.451476 0.539093 0.116254 -0.693320 0.000000 
0.417717 0.517947 0.124662 -0.728178 0.000000 0.424975 0.523099 0.124662 -0.728178 0.000000 0.432234 0.528128 0.120396 -0.710746 0.000000 0.439542 0.532849 0.116254 -0.693320 0.000000 0.447392 0.537156 0.116254 -0.693320 0.000000 0.455561 0.540908 0.120396 -0.710746 0.000000 
0.421334 0.520546 0.124662 -0.728178 0.000000 0.428593 0.525637 0.124662 -0.728178 0.000000 0.435827 0.530543 0.120396 -0.710746 0.000000 0.443406 0.535064 0.116254 -0.693320 0.000000 0.451476 0.539093 0.116254 -0.693320 0.000000 0.459695 0.542584 0.124662 -0.728178 0.000000 
0.424975 0.523099 0.124662 -0.728178 0.000000 0.432234 0.528128 0.120396 -0.710746 0.000000 0.439542 0.532849 0.116254 -0.693320 0.000000 0.447392 0.537156 0.116254 -0.693320 0.000000 0.455561 0.540908 0.120396 -0.710746 0.000000 0.463755 0.544153 0.124662 -0.728178 0.000000 
0.428593 0.525637 0.124662 -0.728178 0.000000 0.435827 0.530543 0.120396 -0.710746 0.000000 0.443406 0.535064 0.116254 -0.693320 0.000000 0.451476 0.539093 0.116254 -0.693320 0.000000 0.459695 0.542584 0.124662 -0.728178 0.000000 0.467840 0.545614 0.129060 -0.745615 0.000000 
0.432234 0.528128 0.120396 -0.710746 0.000000 0.439542 0.532849 0.116254 -0.693320 0.000000 0.447392 0.537156 0.116254 -0.693320 0.000000 0.455561 0.540908 0.120396 -0.710746 0.000000 0.463755 0.544153 0.124662 -0.728178 0.000000 0.471850 0.546983 0.129060 -0.745615 0.000000 
0.435827 0.530543 0.120396 -0.710746 0.000000 0.443406 0.535064 0.116254 -0.693320 0.000000 0.451476 0.539093 0.116254 -0.693320 0.000000 0.459695 0.542584 0.124662 -0.728178 0.000000 0.467840 0.545614 0.129060 -0.745615 0.000000 0.475763 0.548274 0.129060 -0.745615 0.000000 
0.439542 0.532849 0.116254 -0.693320 0.000000 0.447392 0.537156 0.116254 -0.693320 0.000000 0.455561 0.540908 0.120396 -0.710746 0.000000 0.463755 0.544153 0.124662 -0.728178 0.000000 0.471850 0.546983 0.129060 -0.745615 0.000000 0.479552 0.549489 0.129060 -0.745615 0.000000 
0.443406 0.535064 0.116254 -0.693320 0.000000 0.451476 0.539093 0.116254 -0.693320 0.000000 0.459695 0.542584 0.124662 -0.728178 0.000000 0.467840 0.545614 0.129060 -0.745615 0.000000 0.475763 0.548274 0.129060 -0.745615 0.000000 0.483169 0.550704 0.124662 -0.728178 0.000000 
0.447392 0.537156 0.116254 -0.693320 0.000000 0.455561 0.540908 0.120396 -0.710746 0.000000 0.463755 0.544153 0.124662 -0.728178 0.000000 0.471850 0.546983 0.129060 -0.745615 0.000000 0.479552 0.549489 0.129060 -0.745615 0.000000 0.486713 0.551842 0.124662 -0.728178 0.000000 
0.451476 0.539093 0.116254 -0.693320 0.000000 0.459695 0.542584 0.124662 -0.728178 0.000000 0.467840 0.545614 0.129060 -0.745615 0.000000 0.475763 0.548274 0.129060 -0.745615 0.000000 0.483169 0.550704 0.124662 -0.728178 0.000000 0.490133 0.552980 0.120396 -0.710746 0.000000 
0.455561 0.540908 0.120396 -0.710746 0.000000 0.463755 0.544153 0.124662 -0.728178 0.000000 0.471850 0.546983 0.129060 -0.745615 0.000000 0.479552 0.549489 0.129060 -0.745615 0.000000 0.486713 0.551842 0.124662 -0.728178 0.000000 0.493578 0.554057 0.120396 -0.710746 0.000000 
0.459695 0.542584 0.124662 -0.728178 0.000000 0.467840 0.545614 0.129060 -0.745615 0.000000 0.475763 0.548274 0.129060 -0.745615 0.000000 0.483169 0.550704 0.124662 -0.728178 0.000000 0.490133 0.552980 0.120396 -0.710746 0.000000 0.496949 0.555072 0.120396 -0.710746 0.000000 
0.516388 0.583861 0.173974 -0.650670 0.356794 0.512771 0.585153 0.180186 -0.668016 0.357771 0.509227 0.586368 0.180186 -0.668016 0.358749 0.505930 0.587475 0.172720 -0.687274 0.357771 0.501427 0.588967 0.172720 -0.687274 0.356794 0.499975 0.589367 0.172720 -0.687274 0.358749 
0.514592 0.584507 0.173974 -0.650670 0.355816 0.510999 0.585784 0.180186 -0.668016 0.361681 0.507554 0.586937 0.180186 -0.668016 0.356794 0.504380 0.588014 0.172720 -0.687274 0.357771 0.502854 0.588506 0.172720 -0.687274 0.357771 0.497195 0.590151 0.158760 -0.689016 0.347996 
0.512771 0.585153 0.180186 -0.668016 0.357771 0.509227 0.586368 0.180186 -0.668016 0.358749 0.505930 0.587475 0.172720 -0.687274 0.357771 0.501427 0.588967 0.172720 -0.687274 0.356794 0.499975 0.589367 0.172720 -0.687274 0.358749 0.498573 0.589767 0.172720 -0.687274 0.356794 
0.510999 0.585784 0.180186 -0.668016 0.361681 0.507554 0.586937 0.180186 -0.668016 0.356794 0.504380 0.588014 0.172720 -0.687274 0.357771 0.502854 0.588506 0.172720 -0.687274 0.357771 0.497195 0.590151 0.158760 -0.689016 0.347996 0.495842 0.590551 0.158760 -0.689016 0.351906 
0.509227 0.586368 0.180186 -0.668016 0.358749 0.505930 0.587475 0.172720 -0.687274 0.357771 0.501427 0.588967 0.172720 -0.687274 0.356794 0.499975 0.589367 0.172720 -0.687274 0.358749 0.498573 0.589767 0.172720 -0.687274 0.356794 0.494439 0.590966 0.158760 -0.689016 0.353861 
0.507554 0.586937 0.180186 -0.668016 0.356794 0.504380 0.588014 0.172720 -0.687274 0.357771 0.502854 0.588506 0.172720 -0.687274 0.357771 0.497195 0.590151 0.158760 -0.689016 0.347996 0.495842 0.590551 0.158760 -0.689016 0.351906 0.493036 0.591366 0.158760 -0.689016 0.354839 
0.505930 0.587475 0.172720 -0.687274 0.357771 0.501427 0.588967 0.172720 -0.687274 0.356794 0.499975 0.589367 0.172720 -0.687274 0.358749 0.498573 0.589767 0.172720 -0.687274 0.356794 0.494439 0.590966 0.158760 -0.689016 0.353861 0.491658 0.591751 0.158760 -0.689016 0.349951 
0.504380 0.588014 0.172720 -0.687274 0.357771 0.502854 0.588506 0.172720 -0.687274 0.357771 0.497195 0.590151 0.158760 -0.689016 0.347996 0.495842 0.590551 0.158760 -0.689016 0.351906 0.493036 0.591366 0.158760 -0.689016 0.354839 0.490231 0.592166 0.158760 -0.689016 0.345064 
0.501427 0.588967 0.172720 -0.687274 0.356794 0.499975 0.589367 0.172720 -0.687274 0.358749 0.498573 0.589767 0.172720 -0.687274 0.356794 0.494439 0.590966 0.158760 -0.689016 0.353861 0.491658 0.591751 0.158760 -0.689016 0.349951 0.488903 0.592581 0.158760 -0.689016 0.346041 
0.502854 0.588506 0.172720 -0.687274 0.357771 0.497195 0.590151 0.158760 -0.689016 0.347996 0.495842 0.590551 0.158760 -0.689016 0.351906 0.493036 0.591366 0.158760 -0.689016 0.354839 0.490231 0.592166 0.158760 -0.689016 0.345064 0.487525 0.592981 0.153302 -0.671627 0.345064 
0.499975 0.589367 0.172720 -0.687274 0.358749 0.498573 0.589767 0.172720 -0.687274 0.356794 0.494439 0.590966 0.158760 -0.689016 0.353861 0.491658 0.591751 0.158760 -0.689016 0.349951 0.488903 0.592581 0.158760 -0.689016 0.346041 0.486122 0.593396 0.153302 -0.671627 0.344086 
0.497195 0.590151 0.158760 -0.689016 0.347996 0.495842 0.590551 0.158760 -0.689016 0.351906 0.493036 0.591366 0.158760 -0.689016 0.354839 0.490231 0.592166 0.158760 -0.689016 0.345064 0.487525 0.592981 0.153302 -0.671627 0.345064 0.484720 0.593796 0.153302 -0.671627 0.344086 
0.498573 0.589767 0.172720 -0.687274 0.356794 0.494439 0.590966 0.158760 -0.689016 0.353861 0.491658 0.591751 0.158760 -0.689016 0.349951 0.488903 0.592581 0.158760 -0.689016 0.346041 0.486122 0.593396 0.153302 -0.671627 0.344086 0.483218 0.594196 0.153302 -0.671627 0.343109 
0.495842 0.590551 0.158760 -0.689016 0.351906 0.493036 0.591366 0.158760 -0.689016 0.354839 0.490231 0.592166 0.158760 -0.689016 0.345064 0.487525 0.592981 0.153302 -0.671627 0.345064 0.484720 0.593796 0.153302 -0.671627 0.344086 0.481791 0.594611 0.153302 -0.671627 0.347996 
0.494439 0.590966 0.158760 -0.689016 0.353861 0.491658 0.591751 0.158760 -0.689016 0.349951 0.488903 0.592581 0.158760 -0.689016 0.346041 0.486122 0.593396 0.153302 -0.671627 0.344086 0.483218 0.594196 0.153302 -0.671627 0.343109 0.480241 0.595057 0.153302 -0.671627 0.348974 
0.493036 0.591366 0.158760 -0.689016 0.354839 0.490231 0.592166 0.158760 -0.689016 0.345064 0.487525 0.592981 0.153302 -0.671627 0.345064 0.484720 0.593796 0.153302 -0.671627 0.344086 0.481791 0.594611 0.153302 -0.671627 0.347996 0.478716 0.595488 0.153302 -0.671627 0.347019 
0.491658 0.591751 0.158760 -0.689016 0.349951 0.488903 0.592581 0.158760 -0.689016 0.346041 0.486122 0.593396 0.153302 -0.671627 0.344086 0.483218 0.594196 0.153302 -0.671627 0.343109 0.480241 0.595057 0.153302 -0.671627 0.348974 0.477165 0.595965 0.153302 -0.671627 0.350929 
0.490231 0.592166 0.158760 -0.689016 0.345064 0.487525 0.592981 0.153302 -0.671627 0.345064 0.484720 0.593796 0.153302 -0.671627 0.344086 0.481791 0.594611 0.153302 -0.671627 0.347996 0.478716 0.595488 0.153302 -0.671627 0.347019 0.475664 0.596411 0.153302 -0.671627 0.348974 
0.488903 0.592581 0.158760 -0.689016 0.346041 0.486122 0.593396 0.153302 -0.671627 0.344086 0.483218 0.594196 0.153302 -0.671627 0.343109 0.480241 0.595057 0.153302 -0.671627 0.348974 0.477165 0.595965 0.153302 -0.671627 0.350929 0.474237 0.596826 0.153302 -0.671627 0.347996 
0.487525 0.592981 0.153302 -0.671627 0.345064 0.484720 0.593796 0.153302 -0.671627 0.344086 0.481791 0.594611 0.153302 -0.671627 0.347996 0.478716 0.595488 0.153302 -0.671627 0.347019 0.475664 0.596411 0.153302 -0.671627 0.348974 0.472835 0.597210 0.153302 -0.671627 0.349951 
0.486122 0.593396 0.153302 -0.671627 0.344086 0.483218 0.594196 0.153302 -0.671627 0.343109 0.480241 0.595057 0.153302 -0.671627 0.348974 0.477165 0.595965 0.153302 -0.671627 0.350929 0.474237 0.596826 0.153302 -0.671627 0.347996 0.471580 0.597579 0.153302 -0.671627 0.348974 
0.484720 0.593796 0.153302 -0.671627 0.344086 0.481791 0.594611 0.153302 -0.671627 0.347996 0.478716 0.595488 0.153302 -0.671627 0.347019 0.475664 0.596411 0.153302 -0.671627 0.348974 0.472835 0.597210 0.153302 -0.671627 0.349951 0.470374 0.597918 0.180186 -0.668016 0.351906 
0.483218 0.594196 0.153302 -0.671627 0.343109 0.480241 0.595057 0.153302 -0.671627 0.348974 0.477165 0.595965 0.153302 -0.671627 0.350929 0.474237 0.596826 0.153302 -0.671627 0.347996 0.471580 0.597579 0.153302 -0.671627 0.348974 0.469218 0.598271 0.180186 -0.668016 0.353861 
0.480241 0.595057 0.153302 -0.671627 0.348974 0.477165 0.595965 0.153302 -0.671627 0.350929 0.474237 0.596826 0.153302 -0.671627 0.347996 0.471580 0.597579 0.153302 -0.671627 0.348974 0.469218 0.598271 0.180186 -0.668016 0.353861 0.468159 0.598610 0.180186 -0.668016 0.350929 
0.347170 0.548859 0.170202 -0.885330 0.000000 0.351009 0.550274 0.170202 -0.885330 0.000000 0.358218 0.553103 0.149375 -0.886456 0.000000 0.368135 0.557210 0.154739 -0.903938 0.000000 0.371284 0.558501 0.154739 -0.903938 0.000000 0.377436 0.561070 0.128372 -0.887430 0.000000 
0.343135 0.547429 0.170202 -0.885330 0.000000 0.354700 0.551704 0.170202 -0.885330 0.000000 0.361590 0.554503 0.149375 -0.886456 0.000000 0.364911 0.555872 0.154739 -0.903938 0.000000 0.374385 0.559809 0.133001 -0.904904 0.000000 0.380463 0.562315 0.128372 -0.887430 0.000000 
0.351009 0.550274 0.170202 -0.885330 0.000000 0.358218 0.553103 0.149375 -0.886456 0.000000 0.368135 0.557210 0.154739 -0.903938 0.000000 0.371284 0.558501 0.154739 -0.903938 0.000000 0.377436 0.561070 0.128372 -0.887430 0.000000 0.383489 0.563546 0.144230 -0.868978 0.000000 
0.354700 0.551704 0.170202 -0.885330 0.000000 0.361590 0.554503 0.149375 -0.886456 0.000000 0.364911 0.555872 0.154739 -0.903938 0.000000 0.374385 0.559809 0.133001 -0.904904 0.000000 0.380463 0.562315 0.128372 -0.887430 0.000000 0.386442 0.564730 0.139287 -0.851505 0.000000 
0.358218 0.553103 0.149375 -0.886456 0.000000 0.368135 0.557210 0.154739 -0.903938 0.000000 0.371284 0.558501 0.154739 -0.903938 0.000000 0.377436 0.561070 0.128372 -0.887430 0.000000 0.383489 0.563546 0.144230 -0.868978 0.000000 0.389296 0.565883 0.139287 -0.851505 0.000000 
0.361590 0.554503 0.149375 -0.886456 0.000000 0.364911 0.555872 0.154739 -0.903938 0.000000 0.374385 0.559809 0.133001 -0.904904 0.000000 0.380463 0.562315 0.128372 -0.887430 0.000000 0.386442 0.564730 0.139287 -0.851505 0.000000 0.392052 0.567006 0.134532 -0.834036 0.000000 
0.368135 0.557210 0.154739 -0.903938 0.000000 0.371284 0.558501 0.154739 -0.903938 0.000000 0.377436 0.561070 0.128372 -0.887430 0.000000 0.383489 0.563546 0.144230 -0.868978 0.000000 0.389296 0.565883 0.139287 -0.851505 0.000000 0.394710 0.568083 0.134532 -0.834036 0.000000 
0.364911 0.555872 0.154739 -0.903938 0.000000 0.374385 0.559809 0.133001 -0.904904 0.000000 0.380463 0.562315 0.128372 -0.887430 0.000000 0.386442 0.564730 0.139287 -0.851505 0.000000 0.392052 0.567006 0.134532 -0.834036 0.000000 0.397269 0.569128 0.134532 -0.834036 0.000000 
0.371284 0.558501 0.154739 -0.903938 0.000000 0.377436 0.561070 0.128372 -0.887430 0.000000 0.383489 0.563546 0.144230 -0.868978 0.000000 0.389296 0.565883 0.139287 -0.851505 0.000000 0.394710 0.568083 0.134532 -0.834036 0.000000 0.399754 0.570128 0.134532 -0.834036 0.000000 
0.374385 0.559809 0.133001 -0.904904 0.000000 0.380463 0.562315 0.128372 -0.887430 0.000000 0.386442 0.564730 0.139287 -0.851505 0.000000 0.392052 0.567006 0.134532 -0.834036 0.000000 0.397269 0.569128 0.134532 -0.834036 0.000000 0.402141 0.571112 0.134532 -0.834036 0.000000 
0.377436 0.561070 0.128372 -0.887430 0.000000 0.383489 0.563546 0.144230 -0.868978 0.000000 0.389296 0.565883 0.139287 -0.851505 0.000000 0.394710 0.568083 0.134532 -0.834036 0.000000 0.399754 0.570128 0.134532 -0.834036 0.000000 0.404405 0.572035 0.134532 -0.834036 0.000000 
0.380463 0.562315 0.128372 -0.887430 0.000000 0.386442 0.564730 0.139287 -0.851505 0.000000 0.392052 0.567006 0.134532 -0.834036 0.000000 0.397269 0.569128 0.134532 -0.834036 0.000000 0.402141 0.571112 0.134532 -0.834036 0.000000 0.406595 0.572942 0.134532 -0.834036 0.000000 
0.383489 0.563546 0.144230 -0.868978 0.000000 0.389296 0.565883 0.139287 -0.851505 0.000000 0.394710 0.568083 0.134532 -0.834036 0.000000 0.399754 0.570128 0.134532 -0.834036 0.000000 0.404405 0.572035 0.134532 -0.834036 0.000000 0.408735 0.573850 0.115573 -0.835026 0.000000 
0.386442 0.564730 0.139287 -0.851505 0.000000 0.392052 0.567006 0.134532 -0.834036 0.000000 0.397269 0.569128 0.134532 -0.834036 0.000000 0.402141 0.571112 0.134532 -0.834036 0.000000 0.406595 0.572942 0.134532 -0.834036 0.000000 0.410728 0.574742 0.115573 -0.835026 0.000000 
0.389296 0.565883 0.139287 -0.851505 0.000000 0.394710 0.568083 0.134532 -0.834036 0.000000 0.399754 0.570128 0.134532 -0.834036 0.000000 0.404405 0.572035 0.134532 -0.834036 0.000000 0.408735 0.573850 0.115573 -0.835026 0.000000 0.412598 0.575618 0.115573 -0.835026 0.000000 
0.392052 0.567006 0.134532 -0.834036 0.000000 0.397269 0.569128 0.134532 -0.834036 0.000000 0.402141 0.571112 0.134532 -0.834036 0.000000 0.406595 0.572942 0.134532 -0.834036 0.000000 0.410728 0.574742 0.115573 -0.835026 0.000000 0.414345 0.576495 0.129952 -0.816572 0.000000 
0.394710 0.568083 0.134532 -0.834036 0.000000 0.399754 0.570128 0.134532 -0.834036 0.000000 0.404405 0.572035 0.134532 -0.834036 0.000000 0.408735 0.573850 0.115573 -0.835026 0.000000 0.412598 0.575618 0.115573 -0.835026 0.000000 0.415994 0.577371 0.129952 -0.816572 0.000000 
0.397269 0.569128 0.134532 -0.834036 0.000000 0.402141 0.571112 0.134532 -0.834036 0.000000 0.406595 0.572942 0.134532 -0.834036 0.000000 0.410728 0.574742 0.115573 -0.835026 0.000000 0.414345 0.576495 0.129952 -0.816572 0.000000 0.417544 0.578233 0.129952 -0.816572 0.000000 
0.399754 0.570128 0.134532 -0.834036 0.000000 0.404405 0.572035 0.134532 -0.834036 0.000000 0.408735 0.573850 0.115573 -0.835026 0.000000 0.412598 0.575618 0.115573 -0.835026 0.000000 0.415994 0.577371 0.129952 -0.816572 0.000000 0.418971 0.579125 0.125536 -0.799112 0.000000 
0.402141 0.571112 0.134532 -0.834036 0.000000 0.406595 0.572942 0.134532 -0.834036 0.000000 0.410728 0.574742 0.115573 -0.835026 0.000000 0.414345 0.576495 0.129952 -0.816572 0.000000 0.417544 0.578233 0.129952 -0.816572 0.000000 0.420300 0.580032 0.125536 -0.799112 0.000000 
0.404405 0.572035 0.134532 -0.834036 0.000000 0.408735 0.573850 0.115573 -0.835026 0.000000 0.412598 0.575618 0.115573 -0.835026 0.000000 0.415994 0.577371 0.129952 -0.816572 0.000000 0.418971 0.579125 0.125536 -0.799112 0.000000 0.423770 0.582693 0.117149 -0.764207 0.000000 
0.406595 0.572942 0.134532 -0.834036 0.000000 0.410728 0.574742 0.115573 -0.835026 0.000000 0.414345 0.576495 0.129952 -0.816572 0.000000 0.417544 0.578233 0.129952 -0.816572 0.000000 0.420300 0.580032 0.125536 -0.799112 0.000000 0.421555 0.580924 0.121271 -0.781657 0.000000 
0.408735 0.573850 0.115573 -0.835026 0.000000 0.412598 0.575618 0.115573 -0.835026 0.000000 0.415994 0.577371 0.129952 -0.816572 0.000000 0.418971 0.579125 0.125536 -0.799112 0.000000 0.423770 0.582693 0.117149 -0.764207 0.000000 0.422712 0.581816 0.121271 -0.781657 0.000000 
0.410728 0.574742 0.115573 -0.835026 0.000000 0.414345 0.576495 0.129952 -0.816572 0.000000 0.417544 0.578233 0.129952 -0.816572 0.000000 0.420300 0.580032 0.125536 -0.799112 0.000000 0.421555 0.580924 0.121271 -0.781657 0.000000 0.424754 0.583554 0.117149 -0.764207 0.000000 
0.412598 0.575618 0.115573 -0.835026 0.000000 0.415994 0.577371 0.129952 -0.816572 0.000000 0.418971 0.579125 0.125536 -0.799112 0.000000 0.423770 0.582693 0.117149 -0.764207 0.000000 0.422712 0.581816 0.121271 -0.781657 0.000000 0.425640 0.584369 0.129060 -0.745615 0.000000 
0.414345 0.576495 0.129952 -0.816572 0.000000 0.417544 0.578233 0.129952 -0.816572 0.000000 0.420300 0.580032 0.125536 -0.799112 0.000000 0.421555 0.580924 0.121271 -0.781657 0.000000 0.424754 0.583554 0.117149 -0.764207 0.000000 0.426452 0.585153 0.129060 -0.745615 0.000000 
0.415994 0.577371 0.129952 -0.816572 0.000000 0.418971 0.579125 0.125536 -0.799112 0.000000 0.423770 0.582693 0.117149 -0.764207 0.000000 0.422712 0.581816 0.121271 -0.781657 0.000000 0.425640 0.584369 0.129060 -0.745615 0.000000 0.427165 0.585907 0.124662 -0.728178 0.000000 
0.417544 0.578233 0.129952 -0.816572 0.000000 0.420300 0.580032 0.125536 -0.799112 0.000000 0.421555 0.580924 0.121271 -0.781657 0.000000 0.424754 0.583554 0.117149 -0.764207 0.000000 0.426452 0.585153 0.129060 -0.745615 0.000000 0.427805 0.586599 0.124662 -0.728178 0.000000 
0.418971 0.579125 0.125536 -0.799112 0.000000 0.423770 0.582693 0.117149 -0.764207 0.000000 0.422712 0.581816 0.121271 -0.781657 0.000000 0.425640 0.584369 0.129060 -0.745615 0.000000 0.427165 0.585907 0.124662 -0.728178 0.000000 0.428371 0.587245 0.124662 -0.728178 0.000000 
0.420300 0.580032 0.125536 -0.799112 0.000000 0.421555 0.580924 0.121271 -0.781657 0.000000 0.424754 0.583554 0.117149 -0.764207 0.000000 0.426452 0.585153 0.129060 -0.745615 0.000000 0.427805 0.586599 0.124662 -0.728178 0.000000 0.428839 0.587844 0.124662 -0.728178 0.000000 
0.423770 0.582693 0.117149 -0.764207 0.000000 0.422712 0.581816 0.121271 -0.781657 0.000000 0.425640 0.584369 0.129060 -0.745615 0.000000 0.427165 0.585907 0.124662 -0.728178 0.000000 0.428371 0.587245 0.124662 -0.728178 0.000000 0.429257 0.588413 0.124662 -0.728178 0.000000 
0.421555 0.580924 0.121271 -0.781657 0.000000 0.424754 0.583554 0.117149 -0.764207 0.000000 0.426452 0.585153 0.129060 -0.745615 0.000000 0.427805 0.586599 0.124662 -0.728178 0.000000 0.428839 0.587844 0.124662 -0.728178 0.000000 0.429675 0.588936 0.124662 -0.728178 0.000000 
0.422712 0.581816 0.121271 -0.781657 0.000000 0.425640 0.584369 0.129060 -0.745615 0.000000 0.427165 0.585907 0.124662 -0.728178 0.000000 0.428371 0.587245 0.124662 -0.728178 0.000000 0.429257 0.588413 0.124662 -0.728178 0.000000 0.430094 0.589413 0.120396 -0.710746 0.000000 
0.424754 0.583554 0.117149 -0.764207 0.000000 0.426452 0.585153 0.129060 -0.745615 0.000000 0.427805 0.586599 0.124662 -0.728178 0.000000 0.428839 0.587844 0.124662 -0.728178 0.000000 0.429675 0.588936 0.124662 -0.728178 0.000000 0.430487 0.589875 0.105546 -0.711882 0.000000 
0.425640 0.584369 0.129060 -0.745615 0.000000 0.427165 0.585907 0.124662 -0.728178 0.000000 0.428371 0.587245 0.124662 -0.728178 0.000000 0.429257 0.588413 0.124662 -0.728178 0.000000 0.430094 0.589413 0.120396 -0.710746 0.000000 0.430856 0.590320 0.105546 -0.711882 0.000000 
0.426452 0.585153 0.129060 -0.745615 0.000000 0.427805 0.586599 0.124662 -0.728178 0.000000 0.428839 0.587844 0.124662 -0.728178 0.000000 0.429675 0.588936 0.124662 -0.728178 0.000000 0.430487 0.589875 0.105546 -0.711882 0.000000 0.431275 0.590736 0.105546 -0.711882 0.000000 
0.427165 0.585907 0.124662 -0.728178 0.000000 0.428371 0.587245 0.124662 -0.728178 0.000000 0.429257 0.588413 0.124662 -0.728178 0.000000 0.430094 0.589413 0.120396 -0.710746 0.000000 0.430856 0.590320 0.105546 -0.711882 0.000000 0.431718 0.591136 0.105546 -0.711882 0.000000 
0.427805 0.586599 0.124662 -0.728178 0.000000 0.428839 0.587844 0.124662 -0.728178 0.000000 0.429675 0.588936 0.124662 -0.728178 0.000000 0.430487 0.589875 0.105546 -0.711882 0.000000 0.431275 0.590736 0.105546 -0.711882 0.000000 0.432185 0.591520 0.105546 -0.711882 0.000000 
0.428371 0.587245 0.124662 -0.728178 0.000000 0.429257 0.588413 0.124662 -0.728178 0.000000 0.430094 0.589413 0.120396 -0.710746 0.000000 0.430856 0.590320 0.105546 -0.711882 0.000000 0.431718 0.591136 0.105546 -0.711882 0.000000 0.432677 0.591905 0.105546 -0.711882 0.000000 
0.428839 0.587844 0.124662 -0.728178 0.000000 0.429675 0.588936 0.124662 -0.728178 0.000000 0.430487 0.589875 0.105546 -0.711882 0.000000 0.431275 0.590736 0.105546 -0.711882 0.000000 0.432185 0.591520 0.105546 -0.711882 0.000000 0.433169 0.592289 0.105546 -0.711882 0.000000 
0.429257 0.588413 0.124662 -0.728178 0.000000 0.430094 0.589413 0.120396 -0.710746 0.000000 0.430856 0.590320 0.105546 -0.711882 0.000000 0.431718 0.591136 0.105546 -0.711882 0.000000 0.432677 0.591905 0.105546 -0.711882 0.000000 0.433661 0.592658 0.109294 -0.729319 0.000000 
0.429675 0.588936 0.124662 -0.728178 0.000000 0.430487 0.589875 0.105546 -0.711882 0.000000 0.431275 0.590736 0.105546 -0.711882 0.000000 0.432185 0.591520 0.105546 -0.711882 0.000000 0.433169 0.592289 0.105546 -0.711882 0.000000 0.434154 0.593027 0.109294 -0.729319 0.000000 
0.430094 0.589413 0.120396 -0.710746 0.000000 0.430856 0.590320 0.105546 -0.711882 0.000000 0.431718 0.591136 0.105546 -0.711882 0.000000 0.432677 0.591905 0.105546 -0.711882 0.000000 0.433661 0.592658 0.109294 -0.729319 0.000000 0.434670 0.593381 0.109294 -0.729319 0.000000 
0.430487 0.589875 0.105546 -0.711882 0.000000 0.431275 0.590736 0.105546 -0.711882 0.000000 0.432185 0.591520 0.105546 -0.711882 0.000000 0.433169 0.592289 0.105546 -0.711882 0.000000 0.434154 0.593027 0.109294 -0.729319 0.000000 0.435212 0.593735 0.109294 -0.729319 0.000000 
0.430856 0.590320 0.105546 -0.711882 0.000000 0.431718 0.591136 0.105546 -0.711882 0.000000 0.432677 0.591905 0.105546 -0.711882 0.000000 0.433661 0.592658 0.109294 -0.729319 0.000000 0.434670 0.593381 0.109294 -0.729319 0.000000 0.435753 0.594088 0.109294 -0.729319 0.000000 
0.431275 0.590736 0.105546 -0.711882 0.000000 0.432185 0.591520 0.105546 -0.711882 0.000000 0.433169 0.592289 0.105546 -0.711882 0.000000 0.434154 0.593027 0.109294 -0.729319 0.000000 0.435212 0.593735 0.109294 -0.729319 0.000000 0.436270 0.594442 0.109294 -0.729319 0.000000 
0.431718 0.591136 0.105546 -0.711882 0.000000 0.432677 0.591905 0.105546 -0.711882 0.000000 0.433661 0.592658 0.109294 -0.729319 0.000000 0.434670 0.593381 0.109294 -0.729319 0.000000 0.435753 0.594088 0.109294 -0.729319 0.000000 0.436762 0.594811 0.109294 -0.729319 0.000000 
0.432185 0.591520 0.105546 -0.711882 0.000000 0.433169 0.592289 0.105546 -0.711882 0.000000 0.434154 0.593027 0.109294 -0.729319 0.000000 0.435212 0.593735 0.109294 -0.729319 0.000000 0.436270 0.594442 0.109294 -0.729319 0.000000 0.437254 0.595149 0.109294 -0.729319 0.000000 
0.432677 0.591905 0.105546 -0.711882 0.000000 0.433661 0.592658 0.109294 -0.729319 0.000000 0.434670 0.593381 0.109294 -0.729319 0.000000 0.435753 0.594088 0.109294 -0.729319 0.000000 0.436762 0.594811 0.109294 -0.729319 0.000000 0.438755 0.596088 0.109294 -0.729319 0.000000 
0.433169 0.592289 0.105546 -0.711882 0.000000 0.434154 0.593027 0.109294 -0.729319 0.000000 0.435212 0.593735 0.109294 -0.729319 0.000000 0.436270 0.594442 0.109294 -0.729319 0.000000 0.437254 0.595149 0.109294 -0.729319 0.000000 0.437746 0.595472 0.109294 -0.729319 0.000000 
0.433661 0.592658 0.109294 -0.729319 0.000000 0.434670 0.593381 0.109294 -0.729319 0.000000 0.435753 0.594088 0.109294 -0.729319 0.000000 0.436762 0.594811 0.109294 -0.729319 0.000000 0.438755 0.596088 0.109294 -0.729319 0.000000 0.438238 0.595795 0.109294 -0.729319 0.000000 
0.434154 0.593027 0.109294 -0.729319 0.000000 0.435212 0.593735 0.109294 -0.729319 0.000000 0.436270 0.594442 0.109294 -0.729319 0.000000 0.437254 0.595149 0.109294 -0.729319 0.000000 0.437746 0.595472 0.109294 -0.729319 0.000000 0.439222 0.596395 0.109294 -0.729319 0.000000 
0.434670 0.593381 0.109294 -0.729319 0.000000 0.435753 0.594088 0.109294 -0.729319 0.000000 0.436762 0.594811 0.109294 -0.729319 0.000000 0.438755 0.596088 0.109294 -0.729319 0.000000 0.438238 0.595795 0.109294 -0.729319 0.000000 0.440034 0.596964 0.109294 -0.729319 0.000000 
0.435212 0.593735 0.109294 -0.729319 0.000000 0.436270 0.594442 0.109294 -0.729319 0.000000 0.437254 0.595149 0.109294 -0.729319 0.000000 0.437746 0.595472 0.109294 -0.729319 0.000000 0.439222 0.596395 0.109294 -0.729319 0.000000 0.439641 0.596687 0.109294 -0.729319 0.000000 
0.435753 0.594088 0.109294 -0.729319 0.000000 0.436762 0.594811 0.109294 -0.729319 0.000000 0.438755 0.596088 0.109294 -0.729319 0.000000 0.438238 0.595795 0.109294 -0.729319 0.000000 0.440034 0.596964 0.109294 -0.729319 0.000000 0.440404 0.597226 0.124662 -0.728178 0.000000 
0.436270 0.594442 0.109294 -0.729319 0.000000 0.437254 0.595149 0.109294 -0.729319 0.000000 0.437746 0.595472 0.109294 -0.729319 0.000000 0.439222 0.596395 0.109294 -0.729319 0.000000 0.439641 0.596687 0.109294 -0.729319 0.000000 0.440699 0.597472 0.124662 -0.728178 0.000000 
0.436762 0.594811 0.109294 -0.729319 0.000000 0.438755 0.596088 0.109294 -0.729319 0.000000 0.438238 0.595795 0.109294 -0.729319 0.000000 0.440034 0.596964 0.109294 -0.729319 0.000000 0.440404 0.597226 0.124662 -0.728178 0.000000 0.440994 0.597672 0.124662 -0.728178 0.000000 
0.437254 0.595149 0.109294 -0.729319 0.000000 0.437746 0.595472 0.109294 -0.729319 0.000000 0.439222 0.596395 0.109294 -0.729319 0.000000 0.439641 0.596687 0.109294 -0.729319 0.000000 0.440699 0.597472 0.124662 -0.728178 0.000000 0.441216 0.597902 0.124662 -0.728178 0.000000 
0.438755 0.596088 0.109294 -0.729319 0.000000 0.438238 0.595795 0.109294 -0.729319 0.000000 0.440034 0.596964 0.109294 -0.729319 0.000000 0.440404 0.597226 0.124662 -0.728178 0.000000 0.440994 0.597672 0.124662 -0.728178 0.000000 0.441437 0.598148 0.124662 -0.728178 0.000000 
0.437746 0.595472 0.109294 -0.729319 0.000000 0.439222 0.596395 0.109294 -0.729319 0.000000 0.439641 0.596687 0.109294 -0.729319 0.000000 0.440699 0.597472 0.124662 -0.728178 0.000000 0.441216 0.597902 0.124662 -0.728178 0.000000 0.441634 0.598394 0.120396 -0.710746 0.000000 
0.438238 0.595795 0.109294 -0.729319 0.000000 0.440034 0.596964 0.109294 -0.729319 0.000000 0.440404 0.597226 0.124662 -0.728178 0.000000 0.440994 0.597672 0.124662 -0.728178 0.000000 0.441437 0.598148 0.124662 -0.728178 0.000000 0.441831 0.598641 0.120396 -0.710746 0.000000 
0.443848 0.601332 0.135157 -0.709457 0.260020 0.443848 0.601147 0.135157 -0.709457 0.260020 0.443848 0.600886 0.135157 -0.709457 0.260997 0.443848 0.600532 0.135157 -0.709457 0.265885 0.443824 0.599794 0.135157 -0.709457 0.270772 0.443824 0.598533 0.120396 -0.710746 0.276637 
0.443848 0.601240 0.135157 -0.709457 0.260997 0.443848 0.601024 0.135157 -0.709457 0.260997 0.443848 0.600732 0.135157 -0.709457 0.264907 0.443848 0.600240 0.135157 -0.709457 0.268817 0.443824 0.599240 0.120396 -0.710746 0.272727 0.443824 0.597718 0.120396 -0.710746 0.283480 
0.443848 0.601147 0.135157 -0.709457 0.260020 0.443848 0.600886 0.135157 -0.709457 0.260997 0.443848 0.600532 0.135157 -0.709457 0.265885 0.443824 0.599794 0.135157 -0.709457 0.270772 0.443824 0.598533 0.120396 -0.710746 0.276637 0.443824 0.596810 0.120396 -0.710746 0.274682 
0.443848 0.601024 0.135157 -0.709457 0.260997 0.443848 0.600732 0.135157 -0.709457 0.264907 0.443848 0.600240 0.135157 -0.709457 0.268817 0.443824 0.599240 0.120396 -0.710746 0.272727 0.443824 0.597718 0.120396 -0.710746 0.283480 0.443824 0.595795 0.120396 -0.710746 0.278592 
0.443848 0.600886 0.135157 -0.709457 0.260997 0.443848 0.600532 0.135157 -0.709457 0.265885 0.443824 0.599794 0.135157 -0.709457 0.270772 0.443824 0.598533 0.120396 -0.710746 0.276637 0.443824 0.596810 0.120396 -0.710746 0.274682 0.443824 0.594703 0.120396 -0.710746 0.280547 
0.443848 0.600732 0.135157 -0.709457 0.264907 0.443848 0.600240 0.135157 -0.709457 0.268817 0.443824 0.599240 0.120396 -0.710746 0.272727 0.443824 0.597718 0.120396 -0.710746 0.283480 0.443824 0.595795 0.120396 -0.710746 0.278592 0.443824 0.593612 0.105546 -0.711882 0.281525 
0.443848 0.600532 0.135157 -0.709457 0.265885 0.443824 0.599794 0.135157 -0.709457 0.270772 0.443824 0.598533 0.120396 -0.710746 0.276637 0.443824 0.596810 0.120396 -0.710746 0.274682 0.443824 0.594703 0.120396 -0.710746 0.280547 0.443824 0.592489 0.105546 -0.711882 0.286413 
0.443848 0.600240 0.135157 -0.709457 0.268817 0.443824 0.599240 0.120396 -0.710746 0.272727 0.443824 0.597718 0.120396 -0.710746 0.283480 0.443824 0.595795 0.120396 -0.710746 0.278592 0.443824 0.593612 0.105546 -0.711882 0.281525 0.443824 0.591320 0.105546 -0.711882 0.283480 
0.443824 0.599794 0.135157 -0.709457 0.270772 0.443824 0.598533 0.120396 -0.710746 0.276637 0.443824 0.596810 0.120396 -0.710746 0.274682 0.443824 0.594703 0.120396 -0.710746 0.280547 0.443824 0.592489 0.105546 -0.711882 0.286413 0.443824 0.590167 0.105546 -0.711882 0.286413 
0.443824 0.599240 0.120396 -0.710746 0.272727 0.443824 0.597718 0.120396 -0.710746 0.283480 0.443824 0.595795 0.120396 -0.710746 0.278592 0.443824 0.593612 0.105546 -0.711882 0.281525 0.443824 0.591320 0.105546 -0.711882 0.283480 0.443676 0.588967 0.090616 -0.712866 0.285435 
0.443824 0.598533 0.120396 -0.710746 0.276637 0.443824 0.596810 0.120396 -0.710746 0.274682 0.443824 0.594703 0.120396 -0.710746 0.280547 0.443824 0.592489 0.105546 -0.711882 0.286413 0.443824 0.590167 0.105546 -0.711882 0.286413 0.443529 0.587706 0.090616 -0.712866 0.284457 
0.443824 0.597718 0.120396 -0.710746 0.283480 0.443824 0.595795 0.120396 -0.710746 0.278592 0.443824 0.593612 0.105546 -0.711882 0.281525 0.443824 0.591320 0.105546 -0.711882 0.283480 0.443676 0.588967 0.090616 -0.712866 0.285435 0.443430 0.586460 0.090616 -0.712866 0.295210 
0.443824 0.596810 0.120396 -0.710746 0.274682 0.443824 0.594703 0.120396 -0.710746 0.280547 0.443824 0.592489 0.105546 -0.711882 0.286413 0.443824 0.590167 0.105546 -0.711882 0.286413 0.443529 0.587706 0.090616 -0.712866 0.284457 0.443282 0.585153 0.090616 -0.712866 0.292278 
0.443824 0.595795 0.120396 -0.710746 0.278592 0.443824 0.593612 0.105546 -0.711882 0.281525 0.443824 0.591320 0.105546 -0.711882 0.283480 0.443676 0.588967 0.090616 -0.712866 0.285435 0.443430 0.586460 0.090616 -0.712866 0.295210 0.443086 0.581109 0.090616 -0.712866 0.298143 
0.443824 0.594703 0.120396 -0.710746 0.280547 0.443824 0.592489 0.105546 -0.711882 0.286413 0.443824 0.590167 0.105546 -0.711882 0.286413 0.443529 0.587706 0.090616 -0.712866 0.284457 0.443282 0.585153 0.090616 -0.712866 0.292278 0.443184 0.583784 0.090616 -0.712866 0.288368 
0.443824 0.593612 0.105546 -0.711882 0.281525 0.443824 0.591320 0.105546 -0.711882 0.283480 0.443676 0.588967 0.090616 -0.712866 0.285435 0.443430 0.586460 0.090616 -0.712866 0.295210 0.443086 0.581109 0.090616 -0.712866 0.298143 0.443135 0.582446 0.090616 -0.712866 0.295210 
0.443824 0.592489 0.105546 -0.711882 0.286413 0.443824 0.590167 0.105546 -0.711882 0.286413 0.443529 0.587706 0.090616 -0.712866 0.284457 0.443282 0.585153 0.090616 -0.712866 0.292278 0.443184 0.583784 0.090616 -0.712866 0.288368 0.443061 0.579740 0.090616 -0.712866 0.312805 
0.443824 0.591320 0.105546 -0.711882 0.283480 0.443676 0.588967 0.090616 -0.712866 0.285435 0.443430 0.586460 0.090616 -0.712866 0.295210 0.443086 0.581109 0.090616 -0.712866 0.298143 0.443135 0.582446 0.090616 -0.712866 0.295210 0.443012 0.577048 0.090616 -0.712866 0.315738 
0.443824 0.590167 0.105546 -0.711882 0.286413 0.443529 0.587706 0.090616 -0.712866 0.284457 0.443282 0.585153 0.090616 -0.712866 0.292278 0.443184 0.583784 0.090616 -0.712866 0.288368 0.443061 0.579740 0.090616 -0.712866 0.312805 0.443036 0.578386 0.090616 -0.712866 0.308895 
0.443676 0.588967 0.090616 -0.712866 0.285435 0.443430 0.586460 0.090616 -0.712866 0.295210 0.443086 0.581109 0.090616 -0.712866 0.298143 0.443135 0.582446 0.090616 -0.712866 0.295210 0.443012 0.577048 0.090616 -0.712866 0.315738 0.443012 0.575603 0.090616 -0.712866 0.303030 
0.443529 0.587706 0.090616 -0.712866 0.284457 0.443282 0.585153 0.090616 -0.712866 0.292278 0.443184 0.583784 0.090616 -0.712866 0.288368 0.443061 0.579740 0.090616 -0.712866 0.312805 0.443036 0.578386 0.090616 -0.712866 0.308895 0.443012 0.574142 0.090616 -0.712866 0.326491 
0.443430 0.586460 0.090616 -0.712866 0.295210 0.443086 0.581109 0.090616 -0.712866 0.298143 0.443135 0.582446 0.090616 -0.712866 0.295210 0.443012 0.577048 0.090616 -0.712866 0.315738 0.443012 0.575603 0.090616 -0.712866 0.303030 0.443012 0.572727 0.090616 -0.712866 0.350929 
0.443282 0.585153 0.090616 -0.712866 0.292278 0.443184 0.583784 0.090616 -0.712866 0.288368 0.443061 0.579740 0.090616 -0.712866 0.312805 0.443036 0.578386 0.090616 -0.712866 0.308895 0.443012 0.574142 0.090616 -0.712866 0.326491 0.443012 0.571266 0.090616 -0.712866 0.357771 
0.443086 0.581109 0.090616 -0.712866 0.298143 0.443135 0.582446 0.090616 -0.712866 0.295210 0.443012 0.577048 0.090616 -0.712866 0.315738 0.443012 0.575603 0.090616 -0.712866 0.303030 0.443012 0.572727 0.090616 -0.712866 0.350929 0.443012 0.569790 0.090616 -0.712866 0.335288 
0.443184 0.583784 0.090616 -0.712866 0.288368 0.443061 0.579740 0.090616 -0.712866 0.312805 0.443036 0.578386 0.090616 -0.712866 0.308895 0.443012 0.574142 0.090616 -0.712866 0.326491 0.443012 0.571266 0.090616 -0.712866 0.357771 0.443012 0.568298 0.075619 -0.713698 0.324536 
0.443135 0.582446 0.090616 -0.712866 0.295210 0.443012 0.577048 0.090616 -0.712866 0.315738 0.443012 0.575603 0.090616 -0.712866 0.303030 0.443012 0.572727 0.090616 -0.712866 0.350929 0.443012 0.569790 0.090616 -0.712866 0.335288 0.443061 0.566775 0.075619 -0.713698 0.367546 
0.443061 0.579740 0.090616 -0.712866 0.312805 0.443036 0.578386 0.090616 -0.712866 0.308895 0.443012 0.574142 0.090616 -0.712866 0.326491 0.443012 0.571266 0.090616 -0.712866 0.357771 0.443012 0.568298 0.075619 -0.713698 0.324536 0.443184 0.565253 0.075619 -0.713698 0.359726 
0.443012 0.577048 0.090616 -0.712866 0.315738 0.443012 0.575603 0.090616 -0.712866 0.303030 0.443012 0.572727 0.090616 -0.712866 0.350929 0.443012 0.569790 0.090616 -0.712866 0.335288 0.443061 0.566775 0.075619 -0.713698 0.367546 0.443332 0.563792 0.075619 -0.713698 0.372434 
0.443036 0.578386 0.090616 -0.712866 0.308895 0.443012 0.574142 0.090616 -0.712866 0.326491 0.443012 0.571266 0.090616 -0.712866 0.357771 0.443012 0.568298 0.075619 -0.713698 0.324536 0.443184 0.565253 0.075619 -0.713698 0.359726 0.443430 0.562346 0.075619 -0.713698 0.364614 
0.443012 0.575603 0.090616 -0.712866 0.303030 0.443012 0.572727 0.090616 -0.712866 0.350929 0.443012 0.569790 0.090616 -0.712866 0.335288 0.443061 0.566775 0.075619 -0.713698 0.367546 0.443332 0.563792 0.075619 -0.713698 0.372434 0.443504 0.560870 0.075619 -0.713698 0.365591 
0.443012 0.574142 0.090616 -0.712866 0.326491 0.443012 0.571266 0.090616 -0.712866 0.357771 0.443012 0.568298 0.075619 -0.713698 0.324536 0.443184 0.565253 0.075619 -0.713698 0.359726 0.443430 0.562346 0.075619 -0.713698 0.364614 0.443553 0.559393 0.075619 -0.713698 0.373412 
0.443012 0.572727 0.090616 -0.712866 0.350929 0.443012 0.569790 0.090616 -0.712866 0.335288 0.443061 0.566775 0.075619 -0.713698 0.367546 0.443332 0.563792 0.075619 -0.713698 0.372434 0.443504 0.560870 0.075619 -0.713698 0.365591 0.443602 0.557932 0.045464 -0.714906 0.368524 
0.443012 0.571266 0.090616 -0.712866 0.357771 0.443012 0.568298 0.075619 -0.713698 0.324536 0.443184 0.565253 0.075619 -0.713698 0.359726 0.443430 0.562346 0.075619 -0.713698 0.364614 0.443553 0.559393 0.075619 -0.713698 0.373412 0.443602 0.556441 0.045464 -0.714906 0.370479 
0.443012 0.569790 0.090616 -0.712866 0.335288 0.443061 0.566775 0.075619 -0.713698 0.367546 0.443332 0.563792 0.075619 -0.713698 0.372434 0.443504 0.560870 0.075619 -0.713698 0.365591 0.443602 0.557932 0.045464 -0.714906 0.368524 0.443602 0.554949 0.045464 -0.714906 0.369501 
0.443012 0.568298 0.075619 -0.713698 0.324536 0.443184 0.565253 0.075619 -0.713698 0.359726 0.443430 0.562346 0.075619 -0.713698 0.364614 0.443553 0.559393 0.075619 -0.713698 0.373412 0.443602 0.556441 0.045464 -0.714906 0.370479 0.443602 0.553457 0.045464 -0.714906 0.374389 
0.443061 0.566775 0.075619 -0.713698 0.367546 0.443332 0.563792 0.075619 -0.713698 0.372434 0.443504 0.560870 0.075619 -0.713698 0.365591 0.443602 0.557932 0.045464 -0.714906 0.368524 0.443602 0.554949 0.045464 -0.714906 0.369501 0.443602 0.551996 0.045464 -0.714906 0.378299 
0.443184 0.565253 0.075619 -0.713698 0.359726 0.443430 0.562346 0.075619 -0.713698 0.364614 0.443553 0.559393 0.075619 -0.713698 0.373412 0.443602 0.556441 0.045464 -0.714906 0.370479 0.443602 0.553457 0.045464 -0.714906 0.374389 0.443602 0.550520 0.045464 -0.714906 0.383187 
0.443332 0.563792 0.075619 -0.713698 0.372434 0.443504 0.560870 0.075619 -0.713698 0.365591 0.443602 0.557932 0.045464 -0.714906 0.368524 0.443602 0.554949 0.045464 -0.714906 0.369501 0.443602 0.551996 0.045464 -0.714906 0.378299 0.443602 0.549028 0.045464 -0.714906 0.388074 
0.443430 0.562346 0.075619 -0.713698 0.364614 0.443553 0.559393 0.075619 -0.713698 0.373412 0.443602 0.556441 0.045464 -0.714906 0.370479 0.443602 0.553457 0.045464 -0.714906 0.374389 0.443602 0.550520 0.045464 -0.714906 0.383187 0.443602 0.544568 0.045464 -0.714906 0.388074 
0.443504 0.560870 0.075619 -0.713698 0.365591 0.443602 0.557932 0.045464 -0.714906 0.368524 0.443602 0.554949 0.045464 -0.714906 0.369501 0.443602 0.551996 0.045464 -0.714906 0.378299 0.443602 0.549028 0.045464 -0.714906 0.388074 0.443602 0.547536 0.045464 -0.714906 0.391984 
0.443553 0.559393 0.075619 -0.713698 0.373412 0.443602 0.556441 0.045464 -0.714906 0.370479 0.443602 0.553457 0.045464 -0.714906 0.374389 0.443602 0.550520 0.045464 -0.714906 0.383187 0.443602 0.544568 0.045464 -0.714906 0.388074 0.443602 0.546045 0.045464 -0.714906 0.400782 
0.443602 0.557932 0.045464 -0.714906 0.368524 0.443602 0.554949 0.045464 -0.714906 0.369501 0.443602 0.551996 0.045464 -0.714906 0.378299 0.443602 0.549028 0.045464 -0.714906 0.388074 0.443602 0.547536 0.045464 -0.714906 0.391984 0.443602 0.543076 0.045464 -0.714906 0.381232 
0.443602 0.556441 0.045464 -0.714906 0.370479 0.443602 0.553457 0.045464 -0.714906 0.374389 0.443602 0.550520 0.045464 -0.714906 0.383187 0.443602 0.544568 0.045464 -0.714906 0.388074 0.443602 0.546045 0.045464 -0.714906 0.400782 0.443602 0.541600 0.045464 -0.714906 0.392962 
0.443602 0.554949 0.045464 -0.714906 0.369501 0.443602 0.551996 0.045464 -0.714906 0.378299 0.443602 0.549028 0.045464 -0.714906 0.388074 0.443602 0.547536 0.045464 -0.714906 0.391984 0.443602 0.543076 0.045464 -0.714906 0.381232 0.443602 0.540077 0.075619 -0.713698 0.376344 
0.443602 0.553457 0.045464 -0.714906 0.374389 0.443602 0.550520 0.045464 -0.714906 0.383187 0.443602 0.544568 0.045464 -0.714906 0.388074 0.443602 0.546045 0.045464 -0.714906 0.400782 0.443602 0.541600 0.045464 -0.714906 0.392962 0.443602 0.538524 0.075619 -0.713698 0.377322 
0.443602 0.551996 0.045464 -0.714906 0.378299 0.443602 0.549028 0.045464 -0.714906 0.388074 0.443602 0.547536 0.045464 -0.714906 0.391984 0.443602 0.543076 0.045464 -0.714906 0.381232 0.443602 0.540077 0.075619 -0.713698 0.376344 0.443602 0.536986 0.075619 -0.713698 0.373412 
0.443602 0.550520 0.045464 -0.714906 0.383187 0.443602 0.544568 0.045464 -0.714906 0.388074 0.443602 0.546045 0.045464 -0.714906 0.400782 0.443602 0.541600 0.045464 -0.714906 0.392962 0.443602 0.538524 0.075619 -0.713698 0.377322 0.443578 0.535464 0.045464 -0.714906 0.377322 
0.443602 0.549028 0.045464 -0.714906 0.388074 0.443602 0.547536 0.045464 -0.714906 0.391984 0.443602 0.543076 0.045464 -0.714906 0.381232 0.443602 0.540077 0.075619 -0.713698 0.376344 0.443602 0.536986 0.075619 -0.713698 0.373412 0.443578 0.533957 0.045464 -0.714906 0.386119 
0.443602 0.544568 0.045464 -0.714906 0.388074 0.443602 0.546045 0.045464 -0.714906 0.400782 0.443602 0.541600 0.045464 -0.714906 0.392962 0.443602 0.538524 0.075619 -0.713698 0.377322 0.443578 0.535464 0.045464 -0.714906 0.377322 0.443553 0.532465 0.045464 -0.714906 0.390029 
0.443602 0.547536 0.045464 -0.714906 0.391984 0.443602 0.543076 0.045464 -0.714906 0.381232 0.443602 0.540077 0.075619 -0.713698 0.376344 0.443602 0.536986 0.075619 -0.713698 0.373412 0.443578 0.533957 0.045464 -0.714906 0.386119 0.443529 0.531019 0.045464 -0.714906 0.382209 
0.443602 0.546045 0.045464 -0.714906 0.400782 0.443602 0.541600 0.045464 -0.714906 0.392962 0.443602 0.538524 0.075619 -0.713698 0.377322 0.443578 0.535464 0.045464 -0.714906 0.377322 0.443553 0.532465 0.045464 -0.714906 0.390029 0.443529 0.529574 0.045464 -0.714906 0.379277 
0.443602 0.543076 0.045464 -0.714906 0.381232 0.443602 0.540077 0.075619 -0.713698 0.376344 0.443602 0.536986 0.075619 -0.713698 0.373412 0.443578 0.533957 0.045464 -0.714906 0.386119 0.443529 0.531019 0.045464 -0.714906 0.382209 0.443479 0.528159 0.045464 -0.714906 0.370479 
0.443602 0.541600 0.045464 -0.714906 0.392962 0.443602 0.538524 0.075619 -0.713698 0.377322 0.443578 0.535464 0.045464 -0.714906 0.377322 0.443553 0.532465 0.045464 -0.714906 0.390029 0.443529 0.529574 0.045464 -0.714906 0.379277 0.443479 0.526759 0.045464 -0.714906 0.363636 
0.443602 0.540077 0.075619 -0.713698 0.376344 0.443602 0.536986 0.075619 -0.713698 0.373412 0.443578 0.533957 0.045464 -0.714906 0.386119 0.443529 0.531019 0.045464 -0.714906 0.382209 0.443479 0.528159 0.045464 -0.714906 0.370479 0.443479 0.525391 0.030328 -0.715283 0.379277 
0.443602 0.538524 0.075619 -0.713698 0.377322 0.443578 0.535464 0.045464 -0.714906 0.377322 0.443553 0.532465 0.045464 -0.714906 0.390029 0.443529 0.529574 0.045464 -0.714906 0.379277 0.443479 0.526759 0.045464 -0.714906 0.363636 0.443479 0.524007 0.030328 -0.715283 0.391007 
0.443602 0.536986 0.075619 -0.713698 0.373412 0.443578 0.533957 0.045464 -0.714906 0.386119 0.443529 0.531019 0.045464 -0.714906 0.382209 0.443479 0.528159 0.045464 -0.714906 0.370479 0.443479 0.525391 0.030328 -0.715283 0.379277 0.443455 0.522653 0.030328 -0.715283 0.388074 
0.443578 0.535464 0.045464 -0.714906 0.377322 0.443553 0.532465 0.045464 -0.714906 0.390029 0.443529 0.529574 0.045464 -0.714906 0.379277 0.443479 0.526759 0.045464 -0.714906 0.363636 0.443479 0.524007 0.030328 -0.715283 0.391007 0.443455 0.521315 0.030328 -0.715283 0.380254 
0.443578 0.533957 0.045464 -0.714906 0.386119 0.443529 0.531019 0.045464 -0.714906 0.382209 0.443479 0.528159 0.045464 -0.714906 0.370479 0.443479 0.525391 0.030328 -0.715283 0.379277 0.443455 0.522653 0.030328 -0.715283 0.388074 0.443455 0.519962 0.030328 -0.715283 0.388074 
0.443553 0.532465 0.045464 -0.714906 0.390029 0.443529 0.529574 0.045464 -0.714906 0.379277 0.443479 0.526759 0.045464 -0.714906 0.363636 0.443479 0.524007 0.030328 -0.715283 0.391007 0.443455 0.521315 0.030328 -0.715283 0.380254 0.443455 0.518639 0.030328 -0.715283 0.382209 
0.443529 0.531019 0.045464 -0.714906 0.382209 0.443479 0.528159 0.045464 -0.714906 0.370479 0.443479 0.525391 0.030328 -0.715283 0.379277 0.443455 0.522653 0.030328 -0.715283 0.388074 0.443455 0.519962 0.030328 -0.715283 0.388074 0.443455 0.517378 0.030328 -0.715283 0.384164 
0.443529 0.529574 0.045464 -0.714906 0.379277 0.443479 0.526759 0.045464 -0.714906 0.363636 0.443479 0.524007 0.030328 -0.715283 0.391007 0.443455 0.521315 0.030328 -0.715283 0.380254 0.443455 0.518639 0.030328 -0.715283 0.382209 0.443455 0.516148 0.030328 -0.715283 0.382209 
0.443479 0.528159 0.045464 -0.714906 0.370479 0.443479 0.525391 0.030328 -0.715283 0.379277 0.443455 0.522653 0.030328 -0.715283 0.388074 0.443455 0.519962 0.030328 -0.715283 0.388074 0.443455 0.517378 0.030328 -0.715283 0.384164 0.443455 0.514887 0.030328 -0.715283 0.373412 
0.443479 0.526759 0.045464 -0.714906 0.363636 0.443479 0.524007 0.030328 -0.715283 0.391007 0.443455 0.521315 0.030328 -0.715283 0.380254 0.443455 0.518639 0.030328 -0.715283 0.382209 0.443455 0.516148 0.030328 -0.715283 0.382209 0.443455 0.513656 0.030328 -0.715283 0.385142 
0.443479 0.525391 0.030328 -0.715283 0.379277 0.443455 0.522653 0.030328 -0.715283 0.388074 0.443455 0.519962 0.030328 -0.715283 0.388074 0.443455 0.517378 0.030328 -0.715283 0.384164 0.443455 0.514887 0.030328 -0.715283 0.373412 0.443455 0.512442 0.030328 -0.715283 0.394917 
0.443479 0.524007 0.030328 -0.715283 0.391007 0.443455 0.521315 0.030328 -0.715283 0.380254 0.443455 0.518639 0.030328 -0.715283 0.382209 0.443455 0.516148 0.030328 -0.715283 0.382209 0.443455 0.513656 0.030328 -0.715283 0.385142 0.443455 0.511273 0.030328 -0.715283 0.399805 
0.443455 0.522653 0.030328 -0.715283 0.388074 0.443455 0.519962 0.030328 -0.715283 0.388074 0.443455 0.517378 0.030328 -0.715283 0.384164 0.443455 0.514887 0.030328 -0.715283 0.373412 0.443455 0.512442 0.030328 -0.715283 0.394917 0.443455 0.510150 0.030328 -0.715283 0.391007 
0.443455 0.521315 0.030328 -0.715283 0.380254 0.443455 0.518639 0.030328 -0.715283 0.382209 0.443455 0.516148 0.030328 -0.715283 0.382209 0.443455 0.513656 0.030328 -0.715283 0.385142 0.443455 0.511273 0.030328 -0.715283 0.399805 0.443455 0.509012 0.030328 -0.715283 0.386119 
0.443455 0.519962 0.030328 -0.715283 0.388074 0.443455 0.517378 0.030328 -0.715283 0.384164 0.443455 0.514887 0.030328 -0.715283 0.373412 0.443455 0.512442 0.030328 -0.715283 0.394917 0.443455 0.510150 0.030328 -0.715283 0.391007 0.443455 0.507889 0.030328 -0.715283 0.391984 
0.443455 0.518639 0.030328 -0.715283 0.382209 0.443455 0.516148 0.030328 -0.715283 0.382209 0.443455 0.513656 0.030328 -0.715283 0.385142 0.443455 0.511273 0.030328 -0.715283 0.399805 0.443455 0.509012 0.030328 -0.715283 0.386119 0.443455 0.506798 0.030328 -0.715283 0.379277 
0.443455 0.517378 0.030328 -0.715283 0.384164 0.443455 0.514887 0.030328 -0.715283 0.373412 0.443455 0.512442 0.030328 -0.715283 0.394917 0.443455 0.510150 0.030328 -0.715283 0.391007 0.443455 0.507889 0.030328 -0.715283 0.391984 0.443455 0.503799 0.030328 -0.715283 0.374389 
0.443455 0.516148 0.030328 -0.715283 0.382209 0.443455 0.513656 0.030328 -0.715283 0.385142 0.443455 0.511273 0.030328 -0.715283 0.399805 0.443455 0.509012 0.030328 -0.715283 0.386119 0.443455 0.506798 0.030328 -0.715283 0.379277 0.443455 0.505752 0.030328 -0.715283 0.385142 
0.443455 0.514887 0.030328 -0.715283 0.373412 0.443455 0.512442 0.030328 -0.715283 0.394917 0.443455 0.510150 0.030328 -0.715283 0.391007 0.443455 0.507889 0.030328 -0.715283 0.391984 0.443455 0.503799 0.030328 -0.715283 0.374389 0.443455 0.504767 0.030328 -0.715283 0.367546 
0.443455 0.513656 0.030328 -0.715283 0.385142 0.443455 0.511273 0.030328 -0.715283 0.399805 0.443455 0.509012 0.030328 -0.715283 0.386119 0.443455 0.506798 0.030328 -0.715283 0.379277 0.443455 0.505752 0.030328 -0.715283 0.385142 0.443455 0.502891 0.030328 -0.715283 0.372434 
0.443455 0.512442 0.030328 -0.715283 0.394917 0.443455 0.510150 0.030328 -0.715283 0.391007 0.443455 0.507889 0.030328 -0.715283 0.391984 0.443455 0.503799 0.030328 -0.715283 0.374389 0.443455 0.504767 0.030328 -0.715283 0.367546 0.443455 0.502015 0.030328 -0.715283 0.377322 
0.443455 0.511273 0.030328 -0.715283 0.399805 0.443455 0.509012 0.030328 -0.715283 0.386119 0.443455 0.506798 0.030328 -0.715283 0.379277 0.443455 0.505752 0.030328 -0.715283 0.385142 0.443455 0.502891 0.030328 -0.715283 0.372434 0.443455 0.501138 0.030328 -0.715283 0.368524 
0.443455 0.510150 0.030328 -0.715283 0.391007 0.443455 0.507889 0.030328 -0.715283 0.391984 0.443455 0.503799 0.030328 -0.715283 0.374389 0.443455 0.504767 0.030328 -0.715283 0.367546 0.443455 0.502015 0.030328 -0.715283 0.377322 0.443529 0.500292 0.030328 -0.715283 0.371457 
0.443455 0.509012 0.030328 -0.715283 0.386119 0.443455 0.506798 0.030328 -0.715283 0.379277 0.443455 0.505752 0.030328 -0.715283 0.385142 0.443455 0.502891 0.030328 -0.715283 0.372434 0.443455 0.501138 0.030328 -0.715283 0.368524 0.443627 0.499462 0.030328 -0.715283 0.369501 
0.455955 0.489081 0.017451 -0.785322 0.000000 0.455536 0.489973 0.019380 -0.837682 0.000000 0.453568 0.491419 0.020796 -0.872590 0.000000 0.450295 0.493495 0.000000 -0.872665 0.000000 0.445423 0.496371 0.000000 -0.837758 0.000000 0.438927 0.499985 0.000000 -0.750492 0.000000 
0.455955 0.489465 0.018713 -0.820229 0.000000 0.454700 0.490619 0.020074 -0.855136 0.000000 0.452116 0.492372 0.000000 -0.872665 0.000000 0.448031 0.494817 0.000000 -0.855211 0.000000 0.442372 0.498093 0.000000 -0.802851 0.000000 0.434892 0.501969 0.000000 -0.698132 0.000000 
0.455536 0.489973 0.019380 -0.837682 0.000000 0.453568 0.491419 0.020796 -0.872590 0.000000 0.450295 0.493495 0.000000 -0.872665 0.000000 0.445423 0.496371 0.000000 -0.837758 0.000000 0.438927 0.499985 0.000000 -0.750492 0.000000 0.430340 0.504045 0.000000 -0.628319 0.000000 
0.454700 0.490619 0.020074 -0.855136 0.000000 0.452116 0.492372 0.000000 -0.872665 0.000000 0.448031 0.494817 0.000000 -0.855211 0.000000 0.442372 0.498093 0.000000 -0.802851 0.000000 0.434892 0.501969 0.000000 -0.698132 0.000000 0.425295 0.506182 0.000000 -0.575959 0.000000 
0.453568 0.491419 0.020796 -0.872590 0.000000 0.450295 0.493495 0.000000 -0.872665 0.000000 0.445423 0.496371 0.000000 -0.837758 0.000000 0.438927 0.499985 0.000000 -0.750492 0.000000 0.430340 0.504045 0.000000 -0.628319 0.000000 0.419857 0.508335 0.000000 -0.523599 0.000000 
0.452116 0.492372 0.000000 -0.872665 0.000000 0.448031 0.494817 0.000000 -0.855211 0.000000 0.442372 0.498093 0.000000 -0.802851 0.000000 0.434892 0.501969 0.000000 -0.698132 0.000000 0.425295 0.506182 0.000000 -0.575959 0.000000 0.414345 0.510442 0.000000 -0.471239 0.000000 
0.450295 0.493495 0.000000 -0.872665 0.000000 0.445423 0.496371 0.000000 -0.837758 0.000000 0.438927 0.499985 0.000000 -0.750492 0.000000 0.430340 0.504045 0.000000 -0.628319 0.000000 0.419857 0.508335 0.000000 -0.523599 0.000000 0.408834 0.512503 0.000000 -0.418879 0.000000 
0.448031 0.494817 0.000000 -0.855211 0.000000 0.442372 0.498093 0.000000 -0.802851 0.000000 0.434892 0.501969 0.000000 -0.698132 0.000000 0.425295 0.506182 0.000000 -0.575959 0.000000 0.414345 0.510442 0.000000 -0.471239 0.000000 0.403371 0.514487 0.000000 -0.383972 0.000000 
0.445423 0.496371 0.000000 -0.837758 0.000000 0.438927 0.499985 0.000000 -0.750492 0.000000 0.430340 0.504045 0.000000 -0.628319 0.000000 0.419857 0.508335 0.000000 -0.523599 0.000000 0.408834 0.512503 0.000000 -0.418879 0.000000 0.397958 0.516409 0.020087 -0.366061 0.000000 
0.442372 0.498093 0.000000 -0.802851 0.000000 0.434892 0.501969 0.000000 -0.698132 0.000000 0.425295 0.506182 0.000000 -0.575959 0.000000 0.414345 0.510442 0.000000 -0.471239 0.000000 0.403371 0.514487 0.000000 -0.383972 0.000000 0.392667 0.518286 0.000000 -0.366519 0.000000 
0.438927 0.499985 0.000000 -0.750492 0.000000 0.430340 0.504045 0.000000 -0.628319 0.000000 0.419857 0.508335 0.000000 -0.523599 0.000000 0.408834 0.512503 0.000000 -0.418879 0.000000 0.397958 0.516409 0.020087 -0.366061 0.000000 0.387500 0.520070 0.000000 -0.349066 0.000000 
0.434892 0.501969 0.000000 -0.698132 0.000000 0.425295 0.506182 0.000000 -0.575959 0.000000 0.414345 0.510442 0.000000 -0.471239 0.000000 0.403371 0.514487 0.000000 -0.383972 0.000000 0.392667 0.518286 0.000000 -0.366519 0.000000 0.382406 0.521807 0.000000 -0.349066 0.000000 
0.430340 0.504045 0.000000 -0.628319 0.000000 0.419857 0.508335 0.000000 -0.523599 0.000000 0.408834 0.512503 0.000000 -0.418879 0.000000 0.397958 0.516409 0.020087 -0.366061 0.000000 0.387500 0.520070 0.000000 -0.349066 0.000000 0.377411 0.523468 0.000000 -0.366519 0.000000 
0.339296 0.527082 0.000000 -0.506145 0.000000 0.344218 0.524545 0.000000 -0.558505 0.000000 0.350344 0.521915 0.000000 -0.628319 0.000000 0.357382 0.519162 0.000000 -0.680678 0.000000 0.365084 0.516317 0.000000 -0.733038 0.000000 0.381078 0.510427 0.000000 -0.767945 0.000000 
0.344218 0.524545 0.000000 -0.558505 0.000000 0.350344 0.521915 0.000000 -0.628319 0.000000 0.357382 0.519162 0.000000 -0.680678 0.000000 0.365084 0.516317 0.000000 -0.733038 0.000000 0.381078 0.510427 0.000000 -0.767945 0.000000 0.377092 0.511873 0.000000 -0.767945 0.000000 
0.347121 0.523253 0.000000 -0.593412 0.000000 0.353740 0.520562 0.000000 -0.645772 0.000000 0.361147 0.517747 0.000000 -0.698132 0.000000 0.369070 0.514841 0.000000 -0.733038 0.000000 0.373081 0.513349 0.000000 -0.750492 0.000000 0.385015 0.509012 0.000000 -0.785398 0.000000 
0.350344 0.521915 0.000000 -0.628319 0.000000 0.357382 0.519162 0.000000 -0.680678 0.000000 0.365084 0.516317 0.000000 -0.733038 0.000000 0.381078 0.510427 0.000000 -0.767945 0.000000 0.377092 0.511873 0.000000 -0.767945 0.000000 0.392864 0.506413 0.018071 -0.802775 0.000000 
0.353740 0.520562 0.000000 -0.645772 0.000000 0.361147 0.517747 0.000000 -0.698132 0.000000 0.369070 0.514841 0.000000 -0.733038 0.000000 0.373081 0.513349 0.000000 -0.750492 0.000000 0.385015 0.509012 0.000000 -0.785398 0.000000 0.388903 0.507674 0.017451 -0.785322 0.000000 
0.357382 0.519162 0.000000 -0.680678 0.000000 0.365084 0.516317 0.000000 -0.733038 0.000000 0.381078 0.510427 0.000000 -0.767945 0.000000 0.377092 0.511873 0.000000 -0.767945 0.000000 0.392864 0.506413 0.018071 -0.802775 0.000000 0.396703 0.505244 0.018713 -0.820229 0.000000 
0.361147 0.517747 0.000000 -0.698132 0.000000 0.369070 0.514841 0.000000 -0.733038 0.000000 0.373081 0.513349 0.000000 -0.750492 0.000000 0.385015 0.509012 0.000000 -0.785398 0.000000 0.388903 0.507674 0.017451 -0.785322 0.000000 0.400418 0.504214 0.019380 -0.837682 0.000000 
0.365084 0.516317 0.000000 -0.733038 0.000000 0.381078 0.510427 0.000000 -0.767945 0.000000 0.377092 0.511873 0.000000 -0.767945 0.000000 0.392864 0.506413 0.018071 -0.802775 0.000000 0.396703 0.505244 0.018713 -0.820229 0.000000 0.403986 0.503276 0.020074 -0.855136 0.000000 
0.369070 0.514841 0.000000 -0.733038 0.000000 0.373081 0.513349 0.000000 -0.750492 0.000000 0.385015 0.509012 0.000000 -0.785398 0.000000 0.388903 0.507674 0.017451 -0.785322 0.000000 0.400418 0.504214 0.019380 -0.837682 0.000000 0.407308 0.502430 0.020796 -0.872590 0.000000 
0.381078 0.510427 0.000000 -0.767945 0.000000 0.377092 0.511873 0.000000 -0.767945 0.000000 0.392864 0.506413 0.018071 -0.802775 0.000000 0.396703 0.505244 0.018713 -0.820229 0.000000 0.403986 0.503276 0.020074 -0.855136 0.000000 0.410458 0.501661 0.020796 -0.872590 0.000000 
0.373081 0.513349 0.000000 -0.750492 0.000000 0.385015 0.509012 0.000000 -0.785398 0.000000 0.388903 0.507674 0.017451 -0.785322 0.000000 0.400418 0.504214 0.019380 -0.837682 0.000000 0.407308 0.502430 0.020796 -0.872590 0.000000 0.413509 0.500969 0.021549 -0.890043 0.000000 
0.377092 0.511873 0.000000 -0.767945 0.000000 0.392864 0.506413 0.018071 -0.802775 0.000000 0.396703 0.505244 0.018713 -0.820229 0.000000 0.403986 0.503276 0.020074 -0.855136 0.000000 0.410458 0.501661 0.020796 -0.872590 0.000000 0.416437 0.500338 0.021549 -0.890043 0.000000 
0.385015 0.509012 0.000000 -0.785398 0.000000 0.388903 0.507674 0.017451 -0.785322 0.000000 0.400418 0.504214 0.019380 -0.837682 0.000000 0.407308 0.502430 0.020796 -0.872590 0.000000 0.413509 0.500969 0.021549 -0.890043 0.000000 0.419218 0.499769 0.021549 -0.890043 0.000000 
0.392864 0.506413 0.018071 -0.802775 0.000000 0.396703 0.505244 0.018713 -0.820229 0.000000 0.403986 0.503276 0.020074 -0.855136 0.000000 0.410458 0.501661 0.020796 -0.872590 0.000000 0.416437 0.500338 0.021549 -0.890043 0.000000 0.421924 0.499262 0.000000 -0.890118 0.000000 
