0.545423 0.564653 0.487771 -0.274943 1.000000 0.537549 0.564269 0.491542 -0.266306 1.000000 0.528568 0.563838 0.491542 -0.266306 1.000000 0.518553 0.563284 0.491542 -0.266306 1.000000 0.507505 0.562700 0.471433 -0.264690 1.000000 0.495472 0.562254 0.478668 -0.247888 1.000000 
0.541609 0.564484 0.487771 -0.274943 1.000000 0.533243 0.564069 0.491542 -0.266306 1.000000 0.523696 0.563577 0.491542 -0.266306 1.000000 0.513140 0.563008 0.471433 -0.264690 1.000000 0.501649 0.562438 0.478668 -0.247888 1.000000 0.488952 0.562085 0.478668 -0.247888 1.000000 
0.537549 0.564269 0.491542 -0.266306 1.000000 0.528568 0.563838 0.491542 -0.266306 1.000000 0.518553 0.563284 0.491542 -0.266306 1.000000 0.507505 0.562700 0.471433 -0.264690 1.000000 0.495472 0.562254 0.478668 -0.247888 1.000000 0.482259 0.561977 0.478668 -0.247888 1.000000 
0.533243 0.564069 0.491542 -0.266306 1.000000 0.523696 0.563577 0.491542 -0.266306 1.000000 0.513140 0.563008 0.471433 -0.264690 1.000000 0.501649 0.562438 0.478668 -0.247888 1.000000 0.488952 0.562085 0.478668 -0.247888 1.000000 0.475197 0.561931 0.458750 -0.246532 1.000000 
0.528568 0.563838 0.491542 -0.266306 1.000000 0.518553 0.563284 0.491542 -0.266306 1.000000 0.507505 0.562700 0.471433 -0.264690 1.000000 0.495472 0.562254 0.478668 -0.247888 1.000000 0.482259 0.561977 0.478668 -0.247888 1.000000 0.468036 0.561916 0.458750 -0.246532 1.000000 
0.523696 0.563577 0.491542 -0.266306 1.000000 0.513140 0.563008 0.471433 -0.264690 1.000000 0.501649 0.562438 0.478668 -0.247888 1.000000 0.488952 0.562085 0.478668 -0.247888 1.000000 0.475197 0.561931 0.458750 -0.246532 1.000000 0.460728 0.561916 0.458750 -0.246532 1.000000 
0.518553 0.563284 0.491542 -0.266306 1.000000 0.507505 0.562700 0.471433 -0.264690 1.000000 0.495472 0.562254 0.478668 -0.247888 1.000000 0.482259 0.561977 0.478668 -0.247888 1.000000 0.468036 0.561916 0.458750 -0.246532 1.000000 0.453346 0.561916 0.458750 -0.246532 1.000000 
0.513140 0.563008 0.471433 -0.264690 1.000000 0.501649 0.562438 0.478668 -0.247888 1.000000 0.488952 0.562085 0.478668 -0.247888 1.000000 0.475197 0.561931 0.458750 -0.246532 1.000000 0.460728 0.561916 0.458750 -0.246532 1.000000 0.445891 0.561916 0.449057 -0.221039 1.000000 
0.507505 0.562700 0.471433 -0.264690 1.000000 0.495472 0.562254 0.478668 -0.247888 1.000000 0.482259 0.561977 0.478668 -0.247888 1.000000 0.468036 0.561916 0.458750 -0.246532 1.000000 0.453346 0.561916 0.458750 -0.246532 1.000000 0.438509 0.561916 0.429452 -0.219754 1.000000 
0.501649 0.562438 0.478668 -0.247888 1.000000 0.488952 0.562085 0.478668 -0.247888 1.000000 0.475197 0.561931 0.458750 -0.246532 1.000000 0.460728 0.561916 0.458750 -0.246532 1.000000 0.445891 0.561916 0.449057 -0.221039 1.000000 0.431299 0.561916 0.429452 -0.219754 1.000000 
0.495472 0.562254 0.478668 -0.247888 1.000000 0.482259 0.561977 0.478668 -0.247888 1.000000 0.468036 0.561916 0.458750 -0.246532 1.000000 0.453346 0.561916 0.458750 -0.246532 1.000000 0.438509 0.561916 0.429452 -0.219754 1.000000 0.424311 0.561916 0.429452 -0.219754 1.000000 
0.488952 0.562085 0.478668 -0.247888 1.000000 0.475197 0.561931 0.458750 -0.246532 1.000000 0.460728 0.561916 0.458750 -0.246532 1.000000 0.445891 0.561916 0.449057 -0.221039 1.000000 0.431299 0.561916 0.429452 -0.219754 1.000000 0.417618 0.561931 0.429452 -0.219754 1.000000 
0.482259 0.561977 0.478668 -0.247888 1.000000 0.468036 0.561916 0.458750 -0.246532 1.000000 0.453346 0.561916 0.458750 -0.246532 1.000000 0.438509 0.561916 0.429452 -0.219754 1.000000 0.424311 0.561916 0.429452 -0.219754 1.000000 0.411245 0.561977 0.429452 -0.219754 1.000000 
0.475197 0.561931 0.458750 -0.246532 1.000000 0.460728 0.561916 0.458750 -0.246532 1.000000 0.445891 0.561916 0.449057 -0.221039 1.000000 0.431299 0.561916 0.429452 -0.219754 1.000000 0.417618 0.561931 0.429452 -0.219754 1.000000 0.405266 0.561992 0.429452 -0.219754 1.000000 
0.468036 0.561916 0.458750 -0.246532 1.000000 0.453346 0.561916 0.458750 -0.246532 1.000000 0.438509 0.561916 0.429452 -0.219754 1.000000 0.424311 0.561916 0.429452 -0.219754 1.000000 0.411245 0.561977 0.429452 -0.219754 1.000000 0.399532 0.561992 0.432613 -0.212096 1.000000 
0.460728 0.561916 0.458750 -0.246532 1.000000 0.445891 0.561916 0.449057 -0.221039 1.000000 0.431299 0.561916 0.429452 -0.219754 1.000000 0.417618 0.561931 0.429452 -0.219754 1.000000 0.405266 0.561992 0.429452 -0.219754 1.000000 0.394291 0.561992 0.432613 -0.212096 1.000000 
0.453346 0.561916 0.458750 -0.246532 1.000000 0.438509 0.561916 0.429452 -0.219754 1.000000 0.424311 0.561916 0.429452 -0.219754 1.000000 0.411245 0.561977 0.429452 -0.219754 1.000000 0.399532 0.561992 0.432613 -0.212096 1.000000 0.389444 0.561992 0.432613 -0.212096 1.000000 
0.445891 0.561916 0.449057 -0.221039 1.000000 0.431299 0.561916 0.429452 -0.219754 1.000000 0.417618 0.561931 0.429452 -0.219754 1.000000 0.405266 0.561992 0.429452 -0.219754 1.000000 0.394291 0.561992 0.432613 -0.212096 1.000000 0.384990 0.561992 0.432613 -0.212096 1.000000 
0.438509 0.561916 0.429452 -0.219754 1.000000 0.424311 0.561916 0.429452 -0.219754 1.000000 0.411245 0.561977 0.429452 -0.219754 1.000000 0.399532 0.561992 0.432613 -0.212096 1.000000 0.389444 0.561992 0.432613 -0.212096 1.000000 0.380881 0.561900 0.432613 -0.212096 1.000000 
0.431299 0.561916 0.429452 -0.219754 1.000000 0.417618 0.561931 0.429452 -0.219754 1.000000 0.405266 0.561992 0.429452 -0.219754 1.000000 0.394291 0.561992 0.432613 -0.212096 1.000000 0.384990 0.561992 0.432613 -0.212096 1.000000 0.377165 0.561731 0.432613 -0.212096 1.000000 
0.353543 0.559363 0.452175 -0.212986 0.708700 0.355192 0.559055 0.452175 -0.212986 0.093842 0.360458 0.558532 0.468744 -0.221750 0.000000 0.363041 0.558225 0.488493 -0.221875 0.000000 0.369267 0.557379 0.482080 -0.239323 0.000000 0.376796 0.556225 0.491542 -0.266306 0.000000 
0.353543 0.559255 0.452175 -0.212986 0.554252 0.354158 0.559147 0.452175 -0.212986 0.347996 0.358317 0.558763 0.468744 -0.221750 0.000000 0.365994 0.557840 0.482080 -0.239323 0.000000 0.372884 0.556841 0.482080 -0.239323 0.000000 0.380955 0.555564 0.491542 -0.266306 0.000000 
0.355192 0.559055 0.452175 -0.212986 0.093842 0.360458 0.558532 0.468744 -0.221750 0.000000 0.363041 0.558225 0.488493 -0.221875 0.000000 0.369267 0.557379 0.482080 -0.239323 0.000000 0.376796 0.556225 0.491542 -0.266306 0.000000 0.385359 0.554872 0.471433 -0.264690 0.000000 
0.354158 0.559147 0.452175 -0.212986 0.347996 0.358317 0.558763 0.468744 -0.221750 0.000000 0.365994 0.557840 0.482080 -0.239323 0.000000 0.372884 0.556841 0.482080 -0.239323 0.000000 0.380955 0.555564 0.491542 -0.266306 0.000000 0.389961 0.554165 0.451422 -0.262532 0.000000 
0.360458 0.558532 0.468744 -0.221750 0.000000 0.363041 0.558225 0.488493 -0.221875 0.000000 0.369267 0.557379 0.482080 -0.239323 0.000000 0.376796 0.556225 0.491542 -0.266306 0.000000 0.385359 0.554872 0.471433 -0.264690 0.000000 0.394734 0.553442 0.431530 -0.259844 0.000000 
0.358317 0.558763 0.468744 -0.221750 0.000000 0.365994 0.557840 0.482080 -0.239323 0.000000 0.372884 0.556841 0.482080 -0.239323 0.000000 0.380955 0.555564 0.491542 -0.266306 0.000000 0.389961 0.554165 0.451422 -0.262532 0.000000 0.399557 0.552765 0.399657 -0.239197 0.000000 
0.363041 0.558225 0.488493 -0.221875 0.000000 0.369267 0.557379 0.482080 -0.239323 0.000000 0.376796 0.556225 0.491542 -0.266306 0.000000 0.385359 0.554872 0.471433 -0.264690 0.000000 0.394734 0.553442 0.431530 -0.259844 0.000000 0.404528 0.552027 0.372792 -0.248711 0.000000 
0.365994 0.557840 0.482080 -0.239323 0.000000 0.372884 0.556841 0.482080 -0.239323 0.000000 0.380955 0.555564 0.491542 -0.266306 0.000000 0.389961 0.554165 0.451422 -0.262532 0.000000 0.399557 0.552765 0.399657 -0.239197 0.000000 0.409523 0.551304 0.338371 -0.233050 0.000000 
0.369267 0.557379 0.482080 -0.239323 0.000000 0.376796 0.556225 0.491542 -0.266306 0.000000 0.385359 0.554872 0.471433 -0.264690 0.000000 0.394734 0.553442 0.431530 -0.259844 0.000000 0.404528 0.552027 0.372792 -0.248711 0.000000 0.414592 0.550581 0.299387 -0.190535 0.000000 
0.372884 0.556841 0.482080 -0.239323 0.000000 0.380955 0.555564 0.491542 -0.266306 0.000000 0.389961 0.554165 0.451422 -0.262532 0.000000 0.399557 0.552765 0.399657 -0.239197 0.000000 0.409523 0.551304 0.338371 -0.233050 0.000000 0.419685 0.549874 0.245393 -0.173595 0.000000 
0.376796 0.556225 0.491542 -0.266306 0.000000 0.385359 0.554872 0.471433 -0.264690 0.000000 0.394734 0.553442 0.431530 -0.259844 0.000000 0.404528 0.552027 0.372792 -0.248711 0.000000 0.414592 0.550581 0.299387 -0.190535 0.000000 0.424779 0.549151 0.206134 -0.134968 0.000000 
0.380955 0.555564 0.491542 -0.266306 0.000000 0.389961 0.554165 0.451422 -0.262532 0.000000 0.399557 0.552765 0.399657 -0.239197 0.000000 0.409523 0.551304 0.338371 -0.233050 0.000000 0.419685 0.549874 0.245393 -0.173595 0.000000 0.429798 0.548459 0.151992 -0.119106 0.000000 
0.385359 0.554872 0.471433 -0.264690 0.000000 0.394734 0.553442 0.431530 -0.259844 0.000000 0.404528 0.552027 0.372792 -0.248711 0.000000 0.414592 0.550581 0.299387 -0.190535 0.000000 0.424779 0.549151 0.206134 -0.134968 0.000000 0.434818 0.547767 0.129020 -0.090597 0.000000 
0.389961 0.554165 0.451422 -0.262532 0.000000 0.399557 0.552765 0.399657 -0.239197 0.000000 0.409523 0.551304 0.338371 -0.233050 0.000000 0.419685 0.549874 0.245393 -0.173595 0.000000 0.429798 0.548459 0.151992 -0.119106 0.000000 0.440059 0.546998 0.081500 -0.066048 0.000000 
0.394734 0.553442 0.431530 -0.259844 0.000000 0.404528 0.552027 0.372792 -0.248711 0.000000 0.414592 0.550581 0.299387 -0.190535 0.000000 0.424779 0.549151 0.206134 -0.134968 0.000000 0.434818 0.547767 0.129020 -0.090597 0.000000 0.445349 0.546291 0.049405 -0.049405 0.000000 
0.399557 0.552765 0.399657 -0.239197 0.000000 0.409523 0.551304 0.338371 -0.233050 0.000000 0.419685 0.549874 0.245393 -0.173595 0.000000 0.429798 0.548459 0.151992 -0.119106 0.000000 0.440059 0.546998 0.081500 -0.066048 0.000000 0.450886 0.545522 0.037041 -0.037041 0.000000 
0.404528 0.552027 0.372792 -0.248711 0.000000 0.414592 0.550581 0.299387 -0.190535 0.000000 0.424779 0.549151 0.206134 -0.134968 0.000000 0.434818 0.547767 0.129020 -0.090597 0.000000 0.445349 0.546291 0.049405 -0.049405 0.000000 0.456570 0.544722 0.012342 -0.012342 0.000000 
0.409523 0.551304 0.338371 -0.233050 0.000000 0.419685 0.549874 0.245393 -0.173595 0.000000 0.429798 0.548459 0.151992 -0.119106 0.000000 0.440059 0.546998 0.081500 -0.066048 0.000000 0.450886 0.545522 0.037041 -0.037041 0.000000 0.462451 0.543861 0.012342 -0.012342 0.000000 
0.414592 0.550581 0.299387 -0.190535 0.000000 0.424779 0.549151 0.206134 -0.134968 0.000000 0.434818 0.547767 0.129020 -0.090597 0.000000 0.445349 0.546291 0.049405 -0.049405 0.000000 0.456570 0.544722 0.012342 -0.012342 0.000000 0.468504 0.542938 0.000000 0.000000 0.000000 
0.419685 0.549874 0.245393 -0.173595 0.000000 0.429798 0.548459 0.151992 -0.119106 0.000000 0.440059 0.546998 0.081500 -0.066048 0.000000 0.450886 0.545522 0.037041 -0.037041 0.000000 0.462451 0.543861 0.012342 -0.012342 0.000000 0.474680 0.541923 0.000000 0.000000 0.000000 
0.424779 0.549151 0.206134 -0.134968 0.000000 0.434818 0.547767 0.129020 -0.090597 0.000000 0.445349 0.546291 0.049405 -0.049405 0.000000 0.456570 0.544722 0.012342 -0.012342 0.000000 0.468504 0.542938 0.000000 0.000000 0.000000 0.480881 0.540816 0.017453 0.000000 0.000000 
0.429798 0.548459 0.151992 -0.119106 0.000000 0.440059 0.546998 0.081500 -0.066048 0.000000 0.450886 0.545522 0.037041 -0.037041 0.000000 0.462451 0.543861 0.012342 -0.012342 0.000000 0.474680 0.541923 0.000000 0.000000 0.000000 0.487155 0.539678 0.017453 0.000000 0.000000 
0.434818 0.547767 0.129020 -0.090597 0.000000 0.445349 0.546291 0.049405 -0.049405 0.000000 0.456570 0.544722 0.012342 -0.012342 0.000000 0.468504 0.542938 0.000000 0.000000 0.000000 0.480881 0.540816 0.017453 0.000000 0.000000 0.493529 0.538478 0.017453 0.000000 0.000000 
0.440059 0.546998 0.081500 -0.066048 0.000000 0.450886 0.545522 0.037041 -0.037041 0.000000 0.462451 0.543861 0.012342 -0.012342 0.000000 0.474680 0.541923 0.000000 0.000000 0.000000 0.487155 0.539678 0.017453 0.000000 0.000000 0.499951 0.537232 0.017453 0.000000 0.000000 
0.577707 0.512165 0.419962 -0.382276 0.877810 0.563460 0.511873 0.419962 -0.382276 0.893451 0.548179 0.511657 0.410925 -0.362077 0.894428 0.532160 0.511473 0.410925 -0.362077 0.909091 0.515674 0.511273 0.410925 -0.362077 0.941349 0.498720 0.511042 0.421760 -0.348508 0.943304 
0.570719 0.512011 0.419962 -0.382276 0.892473 0.555930 0.511765 0.410925 -0.362077 0.883675 0.540305 0.511565 0.410925 -0.362077 0.920821 0.523942 0.511350 0.410925 -0.362077 0.933529 0.507283 0.511196 0.421760 -0.348508 0.956012 0.490084 0.510842 0.421760 -0.348508 0.955034 
0.563460 0.511873 0.419962 -0.382276 0.893451 0.548179 0.511657 0.410925 -0.362077 0.894428 0.532160 0.511473 0.410925 -0.362077 0.909091 0.515674 0.511273 0.410925 -0.362077 0.941349 0.498720 0.511042 0.421760 -0.348508 0.943304 0.481496 0.510658 0.421760 -0.348508 0.973607 
0.555930 0.511765 0.410925 -0.362077 0.883675 0.540305 0.511565 0.410925 -0.362077 0.920821 0.523942 0.511350 0.410925 -0.362077 0.933529 0.507283 0.511196 0.421760 -0.348508 0.956012 0.490084 0.510842 0.421760 -0.348508 0.955034 0.472908 0.510427 0.421760 -0.348508 0.968719 
0.548179 0.511657 0.410925 -0.362077 0.894428 0.532160 0.511473 0.410925 -0.362077 0.909091 0.515674 0.511273 0.410925 -0.362077 0.941349 0.498720 0.511042 0.421760 -0.348508 0.943304 0.481496 0.510658 0.421760 -0.348508 0.973607 0.464641 0.510212 0.421760 -0.348508 0.994135 
0.540305 0.511565 0.410925 -0.362077 0.920821 0.523942 0.511350 0.410925 -0.362077 0.933529 0.507283 0.511196 0.421760 -0.348508 0.956012 0.490084 0.510842 0.421760 -0.348508 0.955034 0.472908 0.510427 0.421760 -0.348508 0.968719 0.456225 0.510012 0.396218 -0.348791 0.994135 
0.532160 0.511473 0.410925 -0.362077 0.909091 0.515674 0.511273 0.410925 -0.362077 0.941349 0.498720 0.511042 0.421760 -0.348508 0.943304 0.481496 0.510658 0.421760 -0.348508 0.973607 0.464641 0.510212 0.421760 -0.348508 0.994135 0.447835 0.509704 0.406755 -0.335639 0.986315 
0.523942 0.511350 0.410925 -0.362077 0.933529 0.507283 0.511196 0.421760 -0.348508 0.956012 0.490084 0.510842 0.421760 -0.348508 0.955034 0.472908 0.510427 0.421760 -0.348508 0.968719 0.456225 0.510012 0.396218 -0.348791 0.994135 0.439493 0.509397 0.406755 -0.335639 0.988270 
0.515674 0.511273 0.410925 -0.362077 0.941349 0.498720 0.511042 0.421760 -0.348508 0.943304 0.481496 0.510658 0.421760 -0.348508 0.973607 0.464641 0.510212 0.421760 -0.348508 0.994135 0.447835 0.509704 0.406755 -0.335639 0.986315 0.431250 0.509135 0.406755 -0.335639 1.000000 
0.507283 0.511196 0.421760 -0.348508 0.956012 0.490084 0.510842 0.421760 -0.348508 0.955034 0.472908 0.510427 0.421760 -0.348508 0.968719 0.456225 0.510012 0.396218 -0.348791 0.994135 0.439493 0.509397 0.406755 -0.335639 0.988270 0.423130 0.508920 0.406755 -0.335639 1.000000 
0.498720 0.511042 0.421760 -0.348508 0.943304 0.481496 0.510658 0.421760 -0.348508 0.973607 0.464641 0.510212 0.421760 -0.348508 0.994135 0.447835 0.509704 0.406755 -0.335639 0.986315 0.431250 0.509135 0.406755 -0.335639 1.000000 0.415231 0.508689 0.406755 -0.335639 1.000000 
0.490084 0.510842 0.421760 -0.348508 0.955034 0.472908 0.510427 0.421760 -0.348508 0.968719 0.456225 0.510012 0.396218 -0.348791 0.994135 0.439493 0.509397 0.406755 -0.335639 0.988270 0.423130 0.508920 0.406755 -0.335639 1.000000 0.407407 0.508474 0.406755 -0.335639 1.000000 
0.481496 0.510658 0.421760 -0.348508 0.973607 0.464641 0.510212 0.421760 -0.348508 0.994135 0.447835 0.509704 0.406755 -0.335639 0.986315 0.431250 0.509135 0.406755 -0.335639 1.000000 0.415231 0.508689 0.406755 -0.335639 1.000000 0.399532 0.508228 0.401567 -0.309695 1.000000 
0.472908 0.510427 0.421760 -0.348508 0.968719 0.456225 0.510012 0.396218 -0.348791 0.994135 0.439493 0.509397 0.406755 -0.335639 0.988270 0.423130 0.508920 0.406755 -0.335639 1.000000 0.407407 0.508474 0.406755 -0.335639 1.000000 0.391905 0.507966 0.401567 -0.309695 1.000000 
0.464641 0.510212 0.421760 -0.348508 0.994135 0.447835 0.509704 0.406755 -0.335639 0.986315 0.431250 0.509135 0.406755 -0.335639 1.000000 0.415231 0.508689 0.406755 -0.335639 1.000000 0.399532 0.508228 0.401567 -0.309695 1.000000 0.384498 0.507736 0.401567 -0.309695 1.000000 
0.447835 0.509704 0.406755 -0.335639 0.986315 0.431250 0.509135 0.406755 -0.335639 1.000000 0.415231 0.508689 0.406755 -0.335639 1.000000 0.399532 0.508228 0.401567 -0.309695 1.000000 0.384498 0.507736 0.401567 -0.309695 1.000000 0.377313 0.507520 0.401567 -0.309695 1.000000 
0.371826 0.559332 0.441764 -0.319788 0.000000 0.372244 0.558886 0.477975 -0.336160 0.000000 0.372835 0.558578 0.477975 -0.336160 0.000000 0.373696 0.558286 0.519589 -0.343283 0.000000 0.374631 0.557948 0.540563 -0.346116 0.000000 0.375394 0.557609 0.552205 -0.367517 0.000000 
0.372244 0.558994 0.457385 -0.331891 0.000000 0.373573 0.558440 0.514810 -0.352059 0.000000 0.373425 0.558501 0.482709 -0.328033 0.000000 0.374188 0.558148 0.519589 -0.343283 0.000000 0.374975 0.557763 0.540563 -0.346116 0.000000 0.375787 0.557517 0.552205 -0.367517 0.000000 
0.372244 0.558886 0.477975 -0.336160 0.000000 0.372835 0.558578 0.477975 -0.336160 0.000000 0.373696 0.558286 0.519589 -0.343283 0.000000 0.374631 0.557948 0.540563 -0.346116 0.000000 0.375394 0.557609 0.552205 -0.367517 0.000000 0.376181 0.557471 0.552205 -0.367517 0.000000 
0.373573 0.558440 0.514810 -0.352059 0.000000 0.373425 0.558501 0.482709 -0.328033 0.000000 0.374188 0.558148 0.519589 -0.343283 0.000000 0.374975 0.557763 0.540563 -0.346116 0.000000 0.375787 0.557517 0.552205 -0.367517 0.000000 0.376624 0.557440 0.530987 -0.364335 0.000000 
0.372835 0.558578 0.477975 -0.336160 0.000000 0.373696 0.558286 0.519589 -0.343283 0.000000 0.374631 0.557948 0.540563 -0.346116 0.000000 0.375394 0.557609 0.552205 -0.367517 0.000000 0.376181 0.557471 0.552205 -0.367517 0.000000 0.377141 0.557425 0.530987 -0.364335 0.000000 
0.373425 0.558501 0.482709 -0.328033 0.000000 0.374188 0.558148 0.519589 -0.343283 0.000000 0.374975 0.557763 0.540563 -0.346116 0.000000 0.375787 0.557517 0.552205 -0.367517 0.000000 0.376624 0.557440 0.530987 -0.364335 0.000000 0.377657 0.557425 0.530987 -0.364335 0.000000 
0.373696 0.558286 0.519589 -0.343283 0.000000 0.374631 0.557948 0.540563 -0.346116 0.000000 0.375394 0.557609 0.552205 -0.367517 0.000000 0.376181 0.557471 0.552205 -0.367517 0.000000 0.377141 0.557425 0.530987 -0.364335 0.000000 0.378223 0.557425 0.525957 -0.373202 0.212121 
0.374188 0.558148 0.519589 -0.343283 0.000000 0.374975 0.557763 0.540563 -0.346116 0.000000 0.375787 0.557517 0.552205 -0.367517 0.000000 0.376624 0.557440 0.530987 -0.364335 0.000000 0.377657 0.557425 0.530987 -0.364335 0.000000 0.378716 0.557425 0.525957 -0.373202 0.268817 
0.374631 0.557948 0.540563 -0.346116 0.000000 0.375394 0.557609 0.552205 -0.367517 0.000000 0.376181 0.557471 0.552205 -0.367517 0.000000 0.377141 0.557425 0.530987 -0.364335 0.000000 0.378223 0.557425 0.525957 -0.373202 0.212121 0.379134 0.557425 0.525957 -0.373202 0.294233 
0.374975 0.557763 0.540563 -0.346116 0.000000 0.375787 0.557517 0.552205 -0.367517 0.000000 0.376624 0.557440 0.530987 -0.364335 0.000000 0.377657 0.557425 0.530987 -0.364335 0.000000 0.378716 0.557425 0.525957 -0.373202 0.268817 0.379577 0.557548 0.504780 -0.369147 0.332356 
0.375394 0.557609 0.552205 -0.367517 0.000000 0.376181 0.557471 0.552205 -0.367517 0.000000 0.377141 0.557425 0.530987 -0.364335 0.000000 0.378223 0.557425 0.525957 -0.373202 0.212121 0.379134 0.557425 0.525957 -0.373202 0.294233 0.379970 0.557656 0.504780 -0.369147 0.382209 
0.375787 0.557517 0.552205 -0.367517 0.000000 0.376624 0.557440 0.530987 -0.364335 0.000000 0.377657 0.557425 0.530987 -0.364335 0.000000 0.378716 0.557425 0.525957 -0.373202 0.268817 0.379577 0.557548 0.504780 -0.369147 0.332356 0.380290 0.557809 0.504780 -0.369147 0.419355 
0.376181 0.557471 0.552205 -0.367517 0.000000 0.377141 0.557425 0.530987 -0.364335 0.000000 0.378223 0.557425 0.525957 -0.373202 0.212121 0.379134 0.557425 0.525957 -0.373202 0.294233 0.379970 0.557656 0.504780 -0.369147 0.382209 0.380487 0.557963 0.504780 -0.369147 0.445748 
0.376624 0.557440 0.530987 -0.364335 0.000000 0.377657 0.557425 0.530987 -0.364335 0.000000 0.378716 0.557425 0.525957 -0.373202 0.268817 0.379577 0.557548 0.504780 -0.369147 0.332356 0.380290 0.557809 0.504780 -0.369147 0.419355 0.380635 0.558132 0.504780 -0.369147 0.476051 
0.377141 0.557425 0.530987 -0.364335 0.000000 0.378223 0.557425 0.525957 -0.373202 0.212121 0.379134 0.557425 0.525957 -0.373202 0.294233 0.379970 0.557656 0.504780 -0.369147 0.382209 0.380487 0.557963 0.504780 -0.369147 0.445748 0.380659 0.558317 0.504780 -0.369147 0.519062 
0.377657 0.557425 0.530987 -0.364335 0.000000 0.378716 0.557425 0.525957 -0.373202 0.268817 0.379577 0.557548 0.504780 -0.369147 0.332356 0.380290 0.557809 0.504780 -0.369147 0.419355 0.380635 0.558132 0.504780 -0.369147 0.476051 0.380659 0.558532 0.504780 -0.369147 0.556207 
0.378223 0.557425 0.525957 -0.373202 0.212121 0.379134 0.557425 0.525957 -0.373202 0.294233 0.379970 0.557656 0.504780 -0.369147 0.382209 0.380487 0.557963 0.504780 -0.369147 0.445748 0.380659 0.558317 0.504780 -0.369147 0.519062 0.380659 0.558732 0.504780 -0.369147 0.583578 
0.378716 0.557425 0.525957 -0.373202 0.268817 0.379577 0.557548 0.504780 -0.369147 0.332356 0.380290 0.557809 0.504780 -0.369147 0.419355 0.380635 0.558132 0.504780 -0.369147 0.476051 0.380659 0.558532 0.504780 -0.369147 0.556207 0.380659 0.558947 0.504780 -0.369147 0.602151 
0.379134 0.557425 0.525957 -0.373202 0.294233 0.379970 0.557656 0.504780 -0.369147 0.382209 0.380487 0.557963 0.504780 -0.369147 0.445748 0.380659 0.558317 0.504780 -0.369147 0.519062 0.380659 0.558732 0.504780 -0.369147 0.583578 0.380389 0.559224 0.504780 -0.369147 0.619746 
0.379577 0.557548 0.504780 -0.369147 0.332356 0.380290 0.557809 0.504780 -0.369147 0.419355 0.380635 0.558132 0.504780 -0.369147 0.476051 0.380659 0.558532 0.504780 -0.369147 0.556207 0.380659 0.558947 0.504780 -0.369147 0.602151 0.379946 0.559563 0.483746 -0.364642 0.636364 
0.379970 0.557656 0.504780 -0.369147 0.382209 0.380487 0.557963 0.504780 -0.369147 0.445748 0.380659 0.558317 0.504780 -0.369147 0.519062 0.380659 0.558732 0.504780 -0.369147 0.583578 0.380389 0.559224 0.504780 -0.369147 0.619746 0.379405 0.559932 0.483746 -0.364642 0.660802 
0.380290 0.557809 0.504780 -0.369147 0.419355 0.380635 0.558132 0.504780 -0.369147 0.476051 0.380659 0.558532 0.504780 -0.369147 0.556207 0.380659 0.558947 0.504780 -0.369147 0.602151 0.379946 0.559563 0.483746 -0.364642 0.636364 0.378814 0.560301 0.483746 -0.364642 0.675464 
0.380487 0.557963 0.504780 -0.369147 0.445748 0.380659 0.558317 0.504780 -0.369147 0.519062 0.380659 0.558732 0.504780 -0.369147 0.583578 0.380389 0.559224 0.504780 -0.369147 0.619746 0.379405 0.559932 0.483746 -0.364642 0.660802 0.378223 0.560608 0.493881 -0.348336 0.683284 
0.380635 0.558132 0.504780 -0.369147 0.476051 0.380659 0.558532 0.504780 -0.369147 0.556207 0.380659 0.558947 0.504780 -0.369147 0.602151 0.379946 0.559563 0.483746 -0.364642 0.636364 0.378814 0.560301 0.483746 -0.364642 0.675464 0.377657 0.560870 0.493881 -0.348336 0.680352 
0.380659 0.558317 0.504780 -0.369147 0.519062 0.380659 0.558732 0.504780 -0.369147 0.583578 0.380389 0.559224 0.504780 -0.369147 0.619746 0.379405 0.559932 0.483746 -0.364642 0.660802 0.378223 0.560608 0.493881 -0.348336 0.683284 0.377141 0.561101 0.493881 -0.348336 0.694037 
0.380659 0.558532 0.504780 -0.369147 0.556207 0.380659 0.558947 0.504780 -0.369147 0.602151 0.379946 0.559563 0.483746 -0.364642 0.636364 0.378814 0.560301 0.483746 -0.364642 0.675464 0.377657 0.560870 0.493881 -0.348336 0.680352 0.376181 0.561408 0.493881 -0.348336 0.712610 
0.380659 0.558732 0.504780 -0.369147 0.583578 0.380389 0.559224 0.504780 -0.369147 0.619746 0.379405 0.559932 0.483746 -0.364642 0.660802 0.378223 0.560608 0.493881 -0.348336 0.683284 0.377141 0.561101 0.493881 -0.348336 0.694037 0.376673 0.561285 0.493881 -0.348336 0.722385 
0.380659 0.558947 0.504780 -0.369147 0.602151 0.379946 0.559563 0.483746 -0.364642 0.636364 0.378814 0.560301 0.483746 -0.364642 0.675464 0.377657 0.560870 0.493881 -0.348336 0.680352 0.376181 0.561408 0.493881 -0.348336 0.712610 0.375812 0.561439 0.493881 -0.348336 0.710655 
0.380389 0.559224 0.504780 -0.369147 0.619746 0.379405 0.559932 0.483746 -0.364642 0.660802 0.378223 0.560608 0.493881 -0.348336 0.683284 0.377141 0.561101 0.493881 -0.348336 0.694037 0.376673 0.561285 0.493881 -0.348336 0.722385 0.375492 0.561439 0.493881 -0.348336 0.714565 
0.379946 0.559563 0.483746 -0.364642 0.636364 0.378814 0.560301 0.483746 -0.364642 0.675464 0.377657 0.560870 0.493881 -0.348336 0.680352 0.376181 0.561408 0.493881 -0.348336 0.712610 0.375812 0.561439 0.493881 -0.348336 0.710655 0.375148 0.561439 0.493881 -0.348336 0.714565 
