0.497712 0.497908 0.263758 -0.613073 0.189638 0.492889 0.497908 0.263758 -0.613073 0.201369 0.490354 0.497908 0.263758 -0.613073 0.205279 0.482037 0.498231 0.263758 -0.613073 0.209189 0.476132 0.498616 0.265731 -0.592814 0.210166 0.467003 0.499246 0.265731 -0.592814 0.205279 
0.495325 0.497908 0.263758 -0.613073 0.198436 0.484867 0.498078 0.263758 -0.613073 0.207234 0.487672 0.497924 0.263758 -0.613073 0.205279 0.479085 0.498416 0.263758 -0.613073 0.206256 0.473130 0.498816 0.265731 -0.592814 0.206256 0.470030 0.499031 0.265731 -0.592814 0.208211 
0.492889 0.497908 0.263758 -0.613073 0.201369 0.490354 0.497908 0.263758 -0.613073 0.205279 0.482037 0.498231 0.263758 -0.613073 0.209189 0.476132 0.498616 0.265731 -0.592814 0.210166 0.467003 0.499246 0.265731 -0.592814 0.205279 0.463903 0.499446 0.265731 -0.592814 0.210166 
0.484867 0.498078 0.263758 -0.613073 0.207234 0.487672 0.497924 0.263758 -0.613073 0.205279 0.479085 0.498416 0.263758 -0.613073 0.206256 0.473130 0.498816 0.265731 -0.592814 0.206256 0.470030 0.499031 0.265731 -0.592814 0.208211 0.460827 0.499662 0.265731 -0.592814 0.210166 
0.490354 0.497908 0.263758 -0.613073 0.205279 0.482037 0.498231 0.263758 -0.613073 0.209189 0.476132 0.498616 0.265731 -0.592814 0.210166 0.467003 0.499246 0.265731 -0.592814 0.205279 0.463903 0.499446 0.265731 -0.592814 0.210166 0.457726 0.499862 0.265731 -0.592814 0.213099 
0.487672 0.497924 0.263758 -0.613073 0.205279 0.479085 0.498416 0.263758 -0.613073 0.206256 0.473130 0.498816 0.265731 -0.592814 0.206256 0.470030 0.499031 0.265731 -0.592814 0.208211 0.460827 0.499662 0.265731 -0.592814 0.210166 0.454700 0.500062 0.263758 -0.613073 0.209189 
0.482037 0.498231 0.263758 -0.613073 0.209189 0.476132 0.498616 0.265731 -0.592814 0.210166 0.467003 0.499246 0.265731 -0.592814 0.205279 0.463903 0.499446 0.265731 -0.592814 0.210166 0.457726 0.499862 0.265731 -0.592814 0.213099 0.451673 0.500246 0.263758 -0.613073 0.212121 
0.479085 0.498416 0.263758 -0.613073 0.206256 0.473130 0.498816 0.265731 -0.592814 0.206256 0.470030 0.499031 0.265731 -0.592814 0.208211 0.460827 0.499662 0.265731 -0.592814 0.210166 0.454700 0.500062 0.263758 -0.613073 0.209189 0.448647 0.500415 0.263758 -0.613073 0.223851 
0.476132 0.498616 0.265731 -0.592814 0.210166 0.467003 0.499246 0.265731 -0.592814 0.205279 0.463903 0.499446 0.265731 -0.592814 0.210166 0.457726 0.499862 0.265731 -0.592814 0.213099 0.451673 0.500246 0.263758 -0.613073 0.212121 0.445694 0.500584 0.263758 -0.613073 0.217009 
0.473130 0.498816 0.265731 -0.592814 0.206256 0.470030 0.499031 0.265731 -0.592814 0.208211 0.460827 0.499662 0.265731 -0.592814 0.210166 0.454700 0.500062 0.263758 -0.613073 0.209189 0.448647 0.500415 0.263758 -0.613073 0.223851 0.442741 0.500754 0.263758 -0.613073 0.221896 
0.467003 0.499246 0.265731 -0.592814 0.205279 0.463903 0.499446 0.265731 -0.592814 0.210166 0.457726 0.499862 0.265731 -0.592814 0.213099 0.451673 0.500246 0.263758 -0.613073 0.212121 0.445694 0.500584 0.263758 -0.613073 0.217009 0.439838 0.500892 0.263758 -0.613073 0.219941 
0.470030 0.499031 0.265731 -0.592814 0.208211 0.460827 0.499662 0.265731 -0.592814 0.210166 0.454700 0.500062 0.263758 -0.613073 0.209189 0.448647 0.500415 0.263758 -0.613073 0.223851 0.442741 0.500754 0.263758 -0.613073 0.221896 0.437008 0.501030 0.263758 -0.613073 0.221896 
0.463903 0.499446 0.265731 -0.592814 0.210166 0.457726 0.499862 0.265731 -0.592814 0.213099 0.451673 0.500246 0.263758 -0.613073 0.212121 0.445694 0.500584 0.263758 -0.613073 0.217009 0.439838 0.500892 0.263758 -0.613073 0.219941 0.434178 0.501153 0.263758 -0.613073 0.221896 
0.460827 0.499662 0.265731 -0.592814 0.210166 0.454700 0.500062 0.263758 -0.613073 0.209189 0.448647 0.500415 0.263758 -0.613073 0.223851 0.442741 0.500754 0.263758 -0.613073 0.221896 0.437008 0.501030 0.263758 -0.613073 0.221896 0.431324 0.501261 0.263758 -0.613073 0.221896 
0.457726 0.499862 0.265731 -0.592814 0.213099 0.451673 0.500246 0.263758 -0.613073 0.212121 0.445694 0.500584 0.263758 -0.613073 0.217009 0.439838 0.500892 0.263758 -0.613073 0.219941 0.434178 0.501153 0.263758 -0.613073 0.221896 0.428469 0.501369 0.263758 -0.613073 0.229717 
0.454700 0.500062 0.263758 -0.613073 0.209189 0.448647 0.500415 0.263758 -0.613073 0.223851 0.442741 0.500754 0.263758 -0.613073 0.221896 0.437008 0.501030 0.263758 -0.613073 0.221896 0.431324 0.501261 0.263758 -0.613073 0.221896 0.425664 0.501476 0.275128 -0.609842 0.231672 
0.451673 0.500246 0.263758 -0.613073 0.212121 0.445694 0.500584 0.263758 -0.613073 0.217009 0.439838 0.500892 0.263758 -0.613073 0.219941 0.434178 0.501153 0.263758 -0.613073 0.221896 0.428469 0.501369 0.263758 -0.613073 0.229717 0.422908 0.501599 0.275128 -0.609842 0.235582 
0.448647 0.500415 0.263758 -0.613073 0.223851 0.442741 0.500754 0.263758 -0.613073 0.221896 0.437008 0.501030 0.263758 -0.613073 0.221896 0.431324 0.501261 0.263758 -0.613073 0.221896 0.425664 0.501476 0.275128 -0.609842 0.231672 0.420226 0.501707 0.275128 -0.609842 0.244379 
0.445694 0.500584 0.263758 -0.613073 0.217009 0.439838 0.500892 0.263758 -0.613073 0.219941 0.434178 0.501153 0.263758 -0.613073 0.221896 0.428469 0.501369 0.263758 -0.613073 0.229717 0.422908 0.501599 0.275128 -0.609842 0.235582 0.417544 0.501815 0.275128 -0.609842 0.242424 
0.442741 0.500754 0.263758 -0.613073 0.221896 0.437008 0.501030 0.263758 -0.613073 0.221896 0.431324 0.501261 0.263758 -0.613073 0.221896 0.425664 0.501476 0.275128 -0.609842 0.231672 0.420226 0.501707 0.275128 -0.609842 0.244379 0.414862 0.501938 0.275128 -0.609842 0.241447 
0.439838 0.500892 0.263758 -0.613073 0.219941 0.434178 0.501153 0.263758 -0.613073 0.221896 0.428469 0.501369 0.263758 -0.613073 0.229717 0.422908 0.501599 0.275128 -0.609842 0.235582 0.417544 0.501815 0.275128 -0.609842 0.242424 0.412180 0.502061 0.275128 -0.609842 0.241447 
0.437008 0.501030 0.263758 -0.613073 0.221896 0.431324 0.501261 0.263758 -0.613073 0.221896 0.425664 0.501476 0.275128 -0.609842 0.231672 0.420226 0.501707 0.275128 -0.609842 0.244379 0.414862 0.501938 0.275128 -0.609842 0.241447 0.409523 0.502199 0.275128 -0.609842 0.246334 
0.434178 0.501153 0.263758 -0.613073 0.221896 0.428469 0.501369 0.263758 -0.613073 0.229717 0.422908 0.501599 0.275128 -0.609842 0.235582 0.417544 0.501815 0.275128 -0.609842 0.242424 0.412180 0.502061 0.275128 -0.609842 0.241447 0.406964 0.502368 0.275128 -0.609842 0.250244 
0.431324 0.501261 0.263758 -0.613073 0.221896 0.425664 0.501476 0.275128 -0.609842 0.231672 0.420226 0.501707 0.275128 -0.609842 0.244379 0.414862 0.501938 0.275128 -0.609842 0.241447 0.409523 0.502199 0.275128 -0.609842 0.246334 0.404405 0.502522 0.275128 -0.609842 0.250244 
0.428469 0.501369 0.263758 -0.613073 0.229717 0.422908 0.501599 0.275128 -0.609842 0.235582 0.417544 0.501815 0.275128 -0.609842 0.242424 0.412180 0.502061 0.275128 -0.609842 0.241447 0.406964 0.502368 0.275128 -0.609842 0.250244 0.401870 0.502691 0.275128 -0.609842 0.251222 
0.425664 0.501476 0.275128 -0.609842 0.231672 0.420226 0.501707 0.275128 -0.609842 0.244379 0.414862 0.501938 0.275128 -0.609842 0.241447 0.409523 0.502199 0.275128 -0.609842 0.246334 0.404405 0.502522 0.275128 -0.609842 0.250244 0.399336 0.502876 0.275128 -0.609842 0.255132 
0.422908 0.501599 0.275128 -0.609842 0.235582 0.417544 0.501815 0.275128 -0.609842 0.242424 0.412180 0.502061 0.275128 -0.609842 0.241447 0.406964 0.502368 0.275128 -0.609842 0.250244 0.401870 0.502691 0.275128 -0.609842 0.251222 0.396826 0.503060 0.275128 -0.609842 0.260997 
0.420226 0.501707 0.275128 -0.609842 0.244379 0.414862 0.501938 0.275128 -0.609842 0.241447 0.409523 0.502199 0.275128 -0.609842 0.246334 0.404405 0.502522 0.275128 -0.609842 0.250244 0.399336 0.502876 0.275128 -0.609842 0.255132 0.394390 0.503245 0.275128 -0.609842 0.260997 
0.417544 0.501815 0.275128 -0.609842 0.242424 0.412180 0.502061 0.275128 -0.609842 0.241447 0.406964 0.502368 0.275128 -0.609842 0.250244 0.401870 0.502691 0.275128 -0.609842 0.251222 0.396826 0.503060 0.275128 -0.609842 0.260997 0.389813 0.503614 0.297408 -0.602902 0.259042 
0.414862 0.501938 0.275128 -0.609842 0.241447 0.409523 0.502199 0.275128 -0.609842 0.246334 0.404405 0.502522 0.275128 -0.609842 0.250244 0.399336 0.502876 0.275128 -0.609842 0.255132 0.394390 0.503245 0.275128 -0.609842 0.260997 0.392077 0.503445 0.297408 -0.602902 0.258065 
0.412180 0.502061 0.275128 -0.609842 0.241447 0.406964 0.502368 0.275128 -0.609842 0.250244 0.401870 0.502691 0.275128 -0.609842 0.251222 0.396826 0.503060 0.275128 -0.609842 0.260997 0.389813 0.503614 0.297408 -0.602902 0.259042 0.387598 0.503768 0.297408 -0.602902 0.260997 
0.409523 0.502199 0.275128 -0.609842 0.246334 0.404405 0.502522 0.275128 -0.609842 0.250244 0.399336 0.502876 0.275128 -0.609842 0.255132 0.394390 0.503245 0.275128 -0.609842 0.260997 0.392077 0.503445 0.297408 -0.602902 0.258065 0.385458 0.503906 0.297408 -0.602902 0.259042 
0.406964 0.502368 0.275128 -0.609842 0.250244 0.401870 0.502691 0.275128 -0.609842 0.251222 0.396826 0.503060 0.275128 -0.609842 0.260997 0.389813 0.503614 0.297408 -0.602902 0.259042 0.387598 0.503768 0.297408 -0.602902 0.260997 0.383465 0.504029 0.297408 -0.602902 0.256109 
0.404405 0.502522 0.275128 -0.609842 0.250244 0.399336 0.502876 0.275128 -0.609842 0.255132 0.394390 0.503245 0.275128 -0.609842 0.260997 0.392077 0.503445 0.297408 -0.602902 0.258065 0.385458 0.503906 0.297408 -0.602902 0.259042 0.381619 0.504106 0.297408 -0.602902 0.258065 
0.401870 0.502691 0.275128 -0.609842 0.251222 0.396826 0.503060 0.275128 -0.609842 0.260997 0.389813 0.503614 0.297408 -0.602902 0.259042 0.387598 0.503768 0.297408 -0.602902 0.260997 0.383465 0.504029 0.297408 -0.602902 0.256109 0.379921 0.504168 0.297408 -0.602902 0.260997 
0.399336 0.502876 0.275128 -0.609842 0.255132 0.394390 0.503245 0.275128 -0.609842 0.260997 0.392077 0.503445 0.297408 -0.602902 0.258065 0.385458 0.503906 0.297408 -0.602902 0.259042 0.381619 0.504106 0.297408 -0.602902 0.258065 0.378420 0.504183 0.297408 -0.602902 0.260020 
0.396826 0.503060 0.275128 -0.609842 0.260997 0.389813 0.503614 0.297408 -0.602902 0.259042 0.387598 0.503768 0.297408 -0.602902 0.260997 0.383465 0.504029 0.297408 -0.602902 0.256109 0.379921 0.504168 0.297408 -0.602902 0.260997 0.377042 0.504198 0.297408 -0.602902 0.256109 
0.394390 0.503245 0.275128 -0.609842 0.260997 0.392077 0.503445 0.297408 -0.602902 0.258065 0.385458 0.503906 0.297408 -0.602902 0.259042 0.381619 0.504106 0.297408 -0.602902 0.258065 0.378420 0.504183 0.297408 -0.602902 0.260020 0.375837 0.504198 0.319051 -0.595321 0.258065 
