0.622490 0.504614 0.000000 0.017453 0.000000 0.622392 0.504614 0.017453 0.000000 0.000000 0.622785 0.504583 0.034907 0.000000 0.000000 0.623794 0.504752 0.049802 -0.016193 0.000000 0.624779 0.505060 0.080941 -0.032762 0.000000 0.625566 0.505229 0.101444 -0.068553 0.000000 
0.622392 0.504614 0.017453 0.000000 0.000000 0.622785 0.504583 0.034907 0.000000 0.000000 0.623794 0.504752 0.049802 -0.016193 0.000000 0.624779 0.505060 0.080941 -0.032762 0.000000 0.625566 0.505229 0.101444 -0.068553 0.000000 0.626132 0.505229 0.133519 -0.083735 0.000000 
0.622785 0.504583 0.034907 0.000000 0.000000 0.623794 0.504752 0.049802 -0.016193 0.000000 0.624779 0.505060 0.080941 -0.032762 0.000000 0.625566 0.505229 0.101444 -0.068553 0.000000 0.626132 0.505229 0.133519 -0.083735 0.000000 0.626230 0.505229 0.151992 -0.119106 0.000000 
0.623794 0.504752 0.049802 -0.016193 0.000000 0.624779 0.505060 0.080941 -0.032762 0.000000 0.625566 0.505229 0.101444 -0.068553 0.000000 0.626132 0.505229 0.133519 -0.083735 0.000000 0.626230 0.505229 0.151992 -0.119106 0.000000 0.626378 0.505106 0.202449 -0.170561 0.000000 
0.624779 0.505060 0.080941 -0.032762 0.000000 0.625566 0.505229 0.101444 -0.068553 0.000000 0.626132 0.505229 0.133519 -0.083735 0.000000 0.626230 0.505229 0.151992 -0.119106 0.000000 0.626378 0.505106 0.202449 -0.170561 0.000000 0.626501 0.505014 0.219979 -0.205563 0.000000 
0.625566 0.505229 0.101444 -0.068553 0.000000 0.626132 0.505229 0.133519 -0.083735 0.000000 0.626230 0.505229 0.151992 -0.119106 0.000000 0.626378 0.505106 0.202449 -0.170561 0.000000 0.626501 0.505014 0.219979 -0.205563 0.000000 0.626624 0.504983 0.246696 -0.230652 0.000000 
0.626132 0.505229 0.133519 -0.083735 0.000000 0.626230 0.505229 0.151992 -0.119106 0.000000 0.626378 0.505106 0.202449 -0.170561 0.000000 0.626501 0.505014 0.219979 -0.205563 0.000000 0.626624 0.504983 0.246696 -0.230652 0.000000 0.626919 0.504767 0.265047 -0.265047 0.000000 
0.626230 0.505229 0.151992 -0.119106 0.000000 0.626378 0.505106 0.202449 -0.170561 0.000000 0.626501 0.505014 0.219979 -0.205563 0.000000 0.626624 0.504983 0.246696 -0.230652 0.000000 0.626919 0.504767 0.265047 -0.265047 0.000000 0.627239 0.504398 0.278277 -0.278277 0.000000 
0.626378 0.505106 0.202449 -0.170561 0.000000 0.626501 0.505014 0.219979 -0.205563 0.000000 0.626624 0.504983 0.246696 -0.230652 0.000000 0.626919 0.504767 0.265047 -0.265047 0.000000 0.627239 0.504398 0.278277 -0.278277 0.000000 0.627362 0.504398 0.291593 -0.291593 0.000000 
0.626501 0.505014 0.219979 -0.205563 0.000000 0.626624 0.504983 0.246696 -0.230652 0.000000 0.626919 0.504767 0.265047 -0.265047 0.000000 0.627239 0.504398 0.278277 -0.278277 0.000000 0.627362 0.504398 0.291593 -0.291593 0.000000 0.627608 0.504275 0.294798 -0.314792 0.000000 
0.626624 0.504983 0.246696 -0.230652 0.000000 0.626919 0.504767 0.265047 -0.265047 0.000000 0.627239 0.504398 0.278277 -0.278277 0.000000 0.627362 0.504398 0.291593 -0.291593 0.000000 0.627608 0.504275 0.294798 -0.314792 0.000000 0.627904 0.504168 0.307907 -0.328667 0.000000 
0.626919 0.504767 0.265047 -0.265047 0.000000 0.627239 0.504398 0.278277 -0.278277 0.000000 0.627362 0.504398 0.291593 -0.291593 0.000000 0.627608 0.504275 0.294798 -0.314792 0.000000 0.627904 0.504168 0.307907 -0.328667 0.000000 0.628125 0.503107 0.328580 -0.361968 0.000000 
0.627239 0.504398 0.278277 -0.278277 0.000000 0.627362 0.504398 0.291593 -0.291593 0.000000 0.627608 0.504275 0.294798 -0.314792 0.000000 0.627904 0.504168 0.307907 -0.328667 0.000000 0.628125 0.503107 0.328580 -0.361968 0.000000 0.628125 0.503922 0.315459 -0.347728 0.000000 
0.627362 0.504398 0.291593 -0.291593 0.000000 0.627608 0.504275 0.294798 -0.314792 0.000000 0.627904 0.504168 0.307907 -0.328667 0.000000 0.628125 0.503107 0.328580 -0.361968 0.000000 0.628125 0.503922 0.315459 -0.347728 0.000000 0.628125 0.503491 0.334442 -0.356703 0.000000 
0.627608 0.504275 0.294798 -0.314792 0.000000 0.627904 0.504168 0.307907 -0.328667 0.000000 0.628125 0.503107 0.328580 -0.361968 0.000000 0.628125 0.503922 0.315459 -0.347728 0.000000 0.628125 0.503491 0.334442 -0.356703 0.000000 0.628002 0.502737 0.355176 -0.390750 0.000000 
0.627904 0.504168 0.307907 -0.328667 0.000000 0.628125 0.503107 0.328580 -0.361968 0.000000 0.628125 0.503922 0.315459 -0.347728 0.000000 0.628125 0.503491 0.334442 -0.356703 0.000000 0.628002 0.502737 0.355176 -0.390750 0.000000 0.627461 0.502353 0.368660 -0.405300 0.000000 
0.628125 0.503107 0.328580 -0.361968 0.000000 0.628125 0.503922 0.315459 -0.347728 0.000000 0.628125 0.503491 0.334442 -0.356703 0.000000 0.628002 0.502737 0.355176 -0.390750 0.000000 0.627461 0.502353 0.368660 -0.405300 0.000000 0.626796 0.501907 0.362077 -0.410925 0.000000 
0.628125 0.503922 0.315459 -0.347728 0.000000 0.628125 0.503491 0.334442 -0.356703 0.000000 0.628002 0.502737 0.355176 -0.390750 0.000000 0.627461 0.502353 0.368660 -0.405300 0.000000 0.626796 0.501907 0.362077 -0.410925 0.000000 0.626009 0.501446 0.389055 -0.440666 0.000000 
0.628125 0.503491 0.334442 -0.356703 0.000000 0.628002 0.502737 0.355176 -0.390750 0.000000 0.627461 0.502353 0.368660 -0.405300 0.000000 0.626796 0.501907 0.362077 -0.410925 0.000000 0.626009 0.501446 0.389055 -0.440666 0.000000 0.625123 0.500984 0.402759 -0.455708 0.000000 
