0.621777 0.514133 0.434223 -0.657306 0.242424 0.622539 0.513241 0.434223 -0.657306 0.237537 0.623278 0.512380 0.423022 -0.662285 0.247312 0.624016 0.511519 0.420953 -0.640373 0.249267 0.624729 0.510704 0.420953 -0.640373 0.253177 0.625468 0.509919 0.420953 -0.640373 0.250244 
0.622539 0.513241 0.434223 -0.657306 0.237537 0.623278 0.512380 0.423022 -0.662285 0.247312 0.624016 0.511519 0.420953 -0.640373 0.249267 0.624729 0.510704 0.420953 -0.640373 0.253177 0.625468 0.509919 0.420953 -0.640373 0.250244 0.626181 0.509166 0.420953 -0.640373 0.255132 
0.623278 0.512380 0.423022 -0.662285 0.247312 0.624016 0.511519 0.420953 -0.640373 0.249267 0.624729 0.510704 0.420953 -0.640373 0.253177 0.625468 0.509919 0.420953 -0.640373 0.250244 0.626181 0.509166 0.420953 -0.640373 0.255132 0.626870 0.508458 0.420953 -0.640373 0.260997 
0.624016 0.511519 0.420953 -0.640373 0.249267 0.624729 0.510704 0.420953 -0.640373 0.253177 0.625468 0.509919 0.420953 -0.640373 0.250244 0.626181 0.509166 0.420953 -0.640373 0.255132 0.626870 0.508458 0.420953 -0.640373 0.260997 0.627510 0.507782 0.420953 -0.640373 0.261975 
0.624729 0.510704 0.420953 -0.640373 0.253177 0.625468 0.509919 0.420953 -0.640373 0.250244 0.626181 0.509166 0.420953 -0.640373 0.255132 0.626870 0.508458 0.420953 -0.640373 0.260997 0.627510 0.507782 0.420953 -0.640373 0.261975 0.628125 0.507167 0.420953 -0.640373 0.267840 
0.625468 0.509919 0.420953 -0.640373 0.250244 0.626181 0.509166 0.420953 -0.640373 0.255132 0.626870 0.508458 0.420953 -0.640373 0.260997 0.627510 0.507782 0.420953 -0.640373 0.261975 0.628125 0.507167 0.420953 -0.640373 0.267840 0.628666 0.506613 0.398850 -0.650058 0.262952 
0.626181 0.509166 0.420953 -0.640373 0.255132 0.626870 0.508458 0.420953 -0.640373 0.260997 0.627510 0.507782 0.420953 -0.640373 0.261975 0.628125 0.507167 0.420953 -0.640373 0.267840 0.628666 0.506613 0.398850 -0.650058 0.262952 0.629183 0.506152 0.398850 -0.650058 0.265885 
0.626870 0.508458 0.420953 -0.640373 0.260997 0.627510 0.507782 0.420953 -0.640373 0.261975 0.628125 0.507167 0.420953 -0.640373 0.267840 0.628666 0.506613 0.398850 -0.650058 0.262952 0.629183 0.506152 0.398850 -0.650058 0.265885 0.629626 0.505752 0.398850 -0.650058 0.269795 
0.627510 0.507782 0.420953 -0.640373 0.261975 0.628125 0.507167 0.420953 -0.640373 0.267840 0.628666 0.506613 0.398850 -0.650058 0.262952 0.629183 0.506152 0.398850 -0.650058 0.265885 0.629626 0.505752 0.398850 -0.650058 0.269795 0.629995 0.505367 0.398850 -0.650058 0.268817 
0.628125 0.507167 0.420953 -0.640373 0.267840 0.628666 0.506613 0.398850 -0.650058 0.262952 0.629183 0.506152 0.398850 -0.650058 0.265885 0.629626 0.505752 0.398850 -0.650058 0.269795 0.629995 0.505367 0.398850 -0.650058 0.268817 0.630266 0.505029 0.398850 -0.650058 0.270772 
0.628666 0.506613 0.398850 -0.650058 0.262952 0.629183 0.506152 0.398850 -0.650058 0.265885 0.629626 0.505752 0.398850 -0.650058 0.269795 0.629995 0.505367 0.398850 -0.650058 0.268817 0.630266 0.505029 0.398850 -0.650058 0.270772 0.630512 0.504767 0.398850 -0.650058 0.267840 
0.629183 0.506152 0.398850 -0.650058 0.265885 0.629626 0.505752 0.398850 -0.650058 0.269795 0.629995 0.505367 0.398850 -0.650058 0.268817 0.630266 0.505029 0.398850 -0.650058 0.270772 0.630512 0.504767 0.398850 -0.650058 0.267840 0.630684 0.504568 0.398850 -0.650058 0.264907 
0.629626 0.505752 0.398850 -0.650058 0.269795 0.629995 0.505367 0.398850 -0.650058 0.268817 0.630266 0.505029 0.398850 -0.650058 0.270772 0.630512 0.504767 0.398850 -0.650058 0.267840 0.630684 0.504568 0.398850 -0.650058 0.264907 0.630807 0.504445 0.398850 -0.650058 0.264907 
0.629995 0.505367 0.398850 -0.650058 0.268817 0.630266 0.505029 0.398850 -0.650058 0.270772 0.630512 0.504767 0.398850 -0.650058 0.267840 0.630684 0.504568 0.398850 -0.650058 0.264907 0.630807 0.504445 0.398850 -0.650058 0.264907 0.630856 0.504337 0.398850 -0.650058 0.256109 
0.630266 0.505029 0.398850 -0.650058 0.270772 0.630512 0.504767 0.398850 -0.650058 0.267840 0.630684 0.504568 0.398850 -0.650058 0.264907 0.630807 0.504445 0.398850 -0.650058 0.264907 0.630856 0.504337 0.398850 -0.650058 0.256109 0.630881 0.504245 0.398850 -0.650058 0.244379 
0.630512 0.504767 0.398850 -0.650058 0.267840 0.630684 0.504568 0.398850 -0.650058 0.264907 0.630807 0.504445 0.398850 -0.650058 0.264907 0.630856 0.504337 0.398850 -0.650058 0.256109 0.630881 0.504245 0.398850 -0.650058 0.244379 0.630881 0.504214 0.398850 -0.650058 0.231672 
0.630684 0.504568 0.398850 -0.650058 0.264907 0.630807 0.504445 0.398850 -0.650058 0.264907 0.630856 0.504337 0.398850 -0.650058 0.256109 0.630881 0.504245 0.398850 -0.650058 0.244379 0.630881 0.504214 0.398850 -0.650058 0.231672 0.630807 0.504214 0.387474 -0.654629 0.160313 
0.630807 0.504445 0.398850 -0.650058 0.264907 0.630856 0.504337 0.398850 -0.650058 0.256109 0.630881 0.504245 0.398850 -0.650058 0.244379 0.630881 0.504214 0.398850 -0.650058 0.231672 0.630807 0.504214 0.387474 -0.654629 0.160313 0.630315 0.504414 0.387474 -0.654629 0.123167 
0.630856 0.504337 0.398850 -0.650058 0.256109 0.630881 0.504245 0.398850 -0.650058 0.244379 0.630881 0.504214 0.398850 -0.650058 0.231672 0.630807 0.504214 0.387474 -0.654629 0.160313 0.630315 0.504414 0.387474 -0.654629 0.123167 0.629626 0.504814 0.387474 -0.654629 0.072336 
0.630881 0.504245 0.398850 -0.650058 0.244379 0.630881 0.504214 0.398850 -0.650058 0.231672 0.630807 0.504214 0.387474 -0.654629 0.160313 0.630315 0.504414 0.387474 -0.654629 0.123167 0.629626 0.504814 0.387474 -0.654629 0.072336 0.628765 0.505398 0.387474 -0.654629 0.022483 
0.630881 0.504214 0.398850 -0.650058 0.231672 0.630807 0.504214 0.387474 -0.654629 0.160313 0.630315 0.504414 0.387474 -0.654629 0.123167 0.629626 0.504814 0.387474 -0.654629 0.072336 0.628765 0.505398 0.387474 -0.654629 0.022483 0.626526 0.507259 0.387474 -0.654629 0.000000 
0.630807 0.504214 0.387474 -0.654629 0.160313 0.630315 0.504414 0.387474 -0.654629 0.123167 0.629626 0.504814 0.387474 -0.654629 0.072336 0.628765 0.505398 0.387474 -0.654629 0.022483 0.626526 0.507259 0.387474 -0.654629 0.000000 0.625197 0.508520 0.387474 -0.654629 0.000000 
0.627042 0.497539 0.196094 -0.477543 0.000000 0.627042 0.497524 0.185799 -0.499686 0.000000 0.626796 0.497832 0.226729 -0.564924 0.000000 0.626329 0.498293 0.224135 -0.584806 0.000000 0.625738 0.498862 0.252241 -0.616148 0.000000 0.625098 0.499462 0.249080 -0.636243 0.000000 
0.623179 0.502076 0.341551 -0.830288 0.000000 0.623179 0.502291 0.352859 -0.847857 0.000000 0.623376 0.502461 0.352859 -0.847857 0.000000 0.623967 0.502691 0.352859 -0.847857 0.000000 0.624754 0.502768 0.352859 -0.847857 0.000000 0.625394 0.502799 0.352859 -0.847857 0.000000 
0.623179 0.502291 0.352859 -0.847857 0.000000 0.623376 0.502461 0.352859 -0.847857 0.000000 0.623967 0.502691 0.352859 -0.847857 0.000000 0.624754 0.502768 0.352859 -0.847857 0.000000 0.625394 0.502799 0.352859 -0.847857 0.000000 0.626083 0.502799 0.370116 -0.844959 0.000000 
0.623376 0.502461 0.352859 -0.847857 0.000000 0.623967 0.502691 0.352859 -0.847857 0.000000 0.624754 0.502768 0.352859 -0.847857 0.000000 0.625394 0.502799 0.352859 -0.847857 0.000000 0.626083 0.502799 0.370116 -0.844959 0.000000 0.626796 0.502799 0.370116 -0.844959 0.000000 
0.623967 0.502691 0.352859 -0.847857 0.000000 0.624754 0.502768 0.352859 -0.847857 0.000000 0.625394 0.502799 0.352859 -0.847857 0.000000 0.626083 0.502799 0.370116 -0.844959 0.000000 0.626796 0.502799 0.370116 -0.844959 0.000000 0.627534 0.502799 0.374846 -0.824299 0.000000 
0.624754 0.502768 0.352859 -0.847857 0.000000 0.625394 0.502799 0.352859 -0.847857 0.000000 0.626083 0.502799 0.370116 -0.844959 0.000000 0.626796 0.502799 0.370116 -0.844959 0.000000 0.627534 0.502799 0.374846 -0.824299 0.000000 0.628248 0.502799 0.374846 -0.824299 0.000000 
0.625394 0.502799 0.352859 -0.847857 0.000000 0.626083 0.502799 0.370116 -0.844959 0.000000 0.626796 0.502799 0.370116 -0.844959 0.000000 0.627534 0.502799 0.374846 -0.824299 0.000000 0.628248 0.502799 0.374846 -0.824299 0.000000 0.628937 0.502799 0.363018 -0.806746 0.000000 
0.626083 0.502799 0.370116 -0.844959 0.000000 0.626796 0.502799 0.370116 -0.844959 0.000000 0.627534 0.502799 0.374846 -0.824299 0.000000 0.628248 0.502799 0.374846 -0.824299 0.000000 0.628937 0.502799 0.363018 -0.806746 0.000000 0.629601 0.502799 0.346954 -0.809833 0.000000 
0.626796 0.502799 0.370116 -0.844959 0.000000 0.627534 0.502799 0.374846 -0.824299 0.000000 0.628248 0.502799 0.374846 -0.824299 0.000000 0.628937 0.502799 0.363018 -0.806746 0.000000 0.629601 0.502799 0.346954 -0.809833 0.000000 0.630217 0.502722 0.351537 -0.789232 0.000000 
0.627534 0.502799 0.374846 -0.824299 0.000000 0.628248 0.502799 0.374846 -0.824299 0.000000 0.628937 0.502799 0.363018 -0.806746 0.000000 0.629601 0.502799 0.346954 -0.809833 0.000000 0.630217 0.502722 0.351537 -0.789232 0.000000 0.630733 0.502645 0.351537 -0.789232 0.000000 
0.628248 0.502799 0.374846 -0.824299 0.000000 0.628937 0.502799 0.363018 -0.806746 0.000000 0.629601 0.502799 0.346954 -0.809833 0.000000 0.630217 0.502722 0.351537 -0.789232 0.000000 0.630733 0.502645 0.351537 -0.789232 0.000000 0.630955 0.502568 0.355348 -0.768494 0.000000 
0.628937 0.502799 0.363018 -0.806746 0.000000 0.629601 0.502799 0.346954 -0.809833 0.000000 0.630217 0.502722 0.351537 -0.789232 0.000000 0.630733 0.502645 0.351537 -0.789232 0.000000 0.630955 0.502568 0.355348 -0.768494 0.000000 0.631668 0.502507 0.355348 -0.768494 0.000000 
0.629601 0.502799 0.346954 -0.809833 0.000000 0.630217 0.502722 0.351537 -0.789232 0.000000 0.630733 0.502645 0.351537 -0.789232 0.000000 0.630955 0.502568 0.355348 -0.768494 0.000000 0.631668 0.502507 0.355348 -0.768494 0.000000 0.631816 0.502414 0.344110 -0.751061 0.000000 
0.630217 0.502722 0.351537 -0.789232 0.000000 0.630733 0.502645 0.351537 -0.789232 0.000000 0.630955 0.502568 0.355348 -0.768494 0.000000 0.631668 0.502507 0.355348 -0.768494 0.000000 0.631816 0.502414 0.344110 -0.751061 0.000000 0.631964 0.502368 0.344110 -0.751061 0.000000 
0.630733 0.502645 0.351537 -0.789232 0.000000 0.630955 0.502568 0.355348 -0.768494 0.000000 0.631668 0.502507 0.355348 -0.768494 0.000000 0.631816 0.502414 0.344110 -0.751061 0.000000 0.631964 0.502368 0.344110 -0.751061 0.000000 0.632062 0.502322 0.329548 -0.754317 0.000000 
0.630955 0.502568 0.355348 -0.768494 0.000000 0.631668 0.502507 0.355348 -0.768494 0.000000 0.631816 0.502414 0.344110 -0.751061 0.000000 0.631964 0.502368 0.344110 -0.751061 0.000000 0.632062 0.502322 0.329548 -0.754317 0.000000 0.632357 0.502291 0.329548 -0.754317 0.000000 
0.631668 0.502507 0.355348 -0.768494 0.000000 0.631816 0.502414 0.344110 -0.751061 0.000000 0.631964 0.502368 0.344110 -0.751061 0.000000 0.632062 0.502322 0.329548 -0.754317 0.000000 0.632357 0.502291 0.329548 -0.754317 0.000000 0.632628 0.502245 0.329548 -0.754317 0.000000 
0.631816 0.502414 0.344110 -0.751061 0.000000 0.631964 0.502368 0.344110 -0.751061 0.000000 0.632062 0.502322 0.329548 -0.754317 0.000000 0.632357 0.502291 0.329548 -0.754317 0.000000 0.632628 0.502245 0.329548 -0.754317 0.000000 0.632948 0.502199 0.329548 -0.754317 0.000000 
0.631964 0.502368 0.344110 -0.751061 0.000000 0.632062 0.502322 0.329548 -0.754317 0.000000 0.632357 0.502291 0.329548 -0.754317 0.000000 0.632628 0.502245 0.329548 -0.754317 0.000000 0.632948 0.502199 0.329548 -0.754317 0.000000 0.633022 0.502199 0.329548 -0.754317 0.000000 
0.632062 0.502322 0.329548 -0.754317 0.000000 0.632357 0.502291 0.329548 -0.754317 0.000000 0.632628 0.502245 0.329548 -0.754317 0.000000 0.632948 0.502199 0.329548 -0.754317 0.000000 0.633022 0.502199 0.329548 -0.754317 0.000000 0.633096 0.502199 0.329548 -0.754317 0.000000 
0.632357 0.502291 0.329548 -0.754317 0.000000 0.632628 0.502245 0.329548 -0.754317 0.000000 0.632948 0.502199 0.329548 -0.754317 0.000000 0.633022 0.502199 0.329548 -0.754317 0.000000 0.633096 0.502199 0.329548 -0.754317 0.000000 0.633096 0.502230 0.333171 -0.733670 0.000000 
0.632628 0.502245 0.329548 -0.754317 0.000000 0.632948 0.502199 0.329548 -0.754317 0.000000 0.633022 0.502199 0.329548 -0.754317 0.000000 0.633096 0.502199 0.329548 -0.754317 0.000000 0.633096 0.502230 0.333171 -0.733670 0.000000 0.633096 0.502461 0.333171 -0.733670 0.000000 
0.632948 0.502199 0.329548 -0.754317 0.000000 0.633022 0.502199 0.329548 -0.754317 0.000000 0.633096 0.502199 0.329548 -0.754317 0.000000 0.633096 0.502230 0.333171 -0.733670 0.000000 0.633096 0.502461 0.333171 -0.733670 0.000000 0.633071 0.502614 0.333171 -0.733670 0.000000 
0.633022 0.502199 0.329548 -0.754317 0.000000 0.633096 0.502199 0.329548 -0.754317 0.000000 0.633096 0.502230 0.333171 -0.733670 0.000000 0.633096 0.502461 0.333171 -0.733670 0.000000 0.633071 0.502614 0.333171 -0.733670 0.000000 0.632923 0.502768 0.333171 -0.733670 0.000000 
0.633096 0.502199 0.329548 -0.754317 0.000000 0.633096 0.502230 0.333171 -0.733670 0.000000 0.633096 0.502461 0.333171 -0.733670 0.000000 0.633071 0.502614 0.333171 -0.733670 0.000000 0.632923 0.502768 0.333171 -0.733670 0.000000 0.632800 0.502922 0.333171 -0.733670 0.000000 
0.633096 0.502230 0.333171 -0.733670 0.000000 0.633096 0.502461 0.333171 -0.733670 0.000000 0.633071 0.502614 0.333171 -0.733670 0.000000 0.632923 0.502768 0.333171 -0.733670 0.000000 0.632800 0.502922 0.333171 -0.733670 0.000000 0.632653 0.503107 0.336075 -0.712917 0.000000 
0.633096 0.502461 0.333171 -0.733670 0.000000 0.633071 0.502614 0.333171 -0.733670 0.000000 0.632923 0.502768 0.333171 -0.733670 0.000000 0.632800 0.502922 0.333171 -0.733670 0.000000 0.632653 0.503107 0.336075 -0.712917 0.000000 0.632554 0.503276 0.336075 -0.712917 0.000000 
0.633071 0.502614 0.333171 -0.733670 0.000000 0.632923 0.502768 0.333171 -0.733670 0.000000 0.632800 0.502922 0.333171 -0.733670 0.000000 0.632653 0.503107 0.336075 -0.712917 0.000000 0.632554 0.503276 0.336075 -0.712917 0.000000 0.632456 0.503460 0.336075 -0.712917 0.000000 
0.632923 0.502768 0.333171 -0.733670 0.000000 0.632800 0.502922 0.333171 -0.733670 0.000000 0.632653 0.503107 0.336075 -0.712917 0.000000 0.632554 0.503276 0.336075 -0.712917 0.000000 0.632456 0.503460 0.336075 -0.712917 0.000000 0.632283 0.503660 0.336075 -0.712917 0.000000 
0.632800 0.502922 0.333171 -0.733670 0.000000 0.632653 0.503107 0.336075 -0.712917 0.000000 0.632554 0.503276 0.336075 -0.712917 0.000000 0.632456 0.503460 0.336075 -0.712917 0.000000 0.632283 0.503660 0.336075 -0.712917 0.000000 0.632160 0.503860 0.336075 -0.712917 0.000000 
0.632653 0.503107 0.336075 -0.712917 0.000000 0.632554 0.503276 0.336075 -0.712917 0.000000 0.632456 0.503460 0.336075 -0.712917 0.000000 0.632283 0.503660 0.336075 -0.712917 0.000000 0.632160 0.503860 0.336075 -0.712917 0.000000 0.631988 0.504075 0.336075 -0.712917 0.000000 
0.632554 0.503276 0.336075 -0.712917 0.000000 0.632456 0.503460 0.336075 -0.712917 0.000000 0.632283 0.503660 0.336075 -0.712917 0.000000 0.632160 0.503860 0.336075 -0.712917 0.000000 0.631988 0.504075 0.336075 -0.712917 0.000000 0.631841 0.504275 0.336075 -0.712917 0.000000 
0.632456 0.503460 0.336075 -0.712917 0.000000 0.632283 0.503660 0.336075 -0.712917 0.000000 0.632160 0.503860 0.336075 -0.712917 0.000000 0.631988 0.504075 0.336075 -0.712917 0.000000 0.631841 0.504275 0.336075 -0.712917 0.000000 0.631742 0.504475 0.325314 -0.695627 0.000000 
0.632283 0.503660 0.336075 -0.712917 0.000000 0.632160 0.503860 0.336075 -0.712917 0.000000 0.631988 0.504075 0.336075 -0.712917 0.000000 0.631841 0.504275 0.336075 -0.712917 0.000000 0.631742 0.504475 0.325314 -0.695627 0.000000 0.631644 0.504629 0.325314 -0.695627 0.000000 
0.632160 0.503860 0.336075 -0.712917 0.000000 0.631988 0.504075 0.336075 -0.712917 0.000000 0.631841 0.504275 0.336075 -0.712917 0.000000 0.631742 0.504475 0.325314 -0.695627 0.000000 0.631644 0.504629 0.325314 -0.695627 0.000000 0.631545 0.504767 0.325314 -0.695627 0.000000 
0.631988 0.504075 0.336075 -0.712917 0.000000 0.631841 0.504275 0.336075 -0.712917 0.000000 0.631742 0.504475 0.325314 -0.695627 0.000000 0.631644 0.504629 0.325314 -0.695627 0.000000 0.631545 0.504767 0.325314 -0.695627 0.000000 0.631447 0.504891 0.325314 -0.695627 0.000000 
0.631841 0.504275 0.336075 -0.712917 0.000000 0.631742 0.504475 0.325314 -0.695627 0.000000 0.631644 0.504629 0.325314 -0.695627 0.000000 0.631545 0.504767 0.325314 -0.695627 0.000000 0.631447 0.504891 0.325314 -0.695627 0.000000 0.631373 0.504952 0.325314 -0.695627 0.000000 
0.631742 0.504475 0.325314 -0.695627 0.000000 0.631644 0.504629 0.325314 -0.695627 0.000000 0.631545 0.504767 0.325314 -0.695627 0.000000 0.631447 0.504891 0.325314 -0.695627 0.000000 0.631373 0.504952 0.325314 -0.695627 0.000000 0.631250 0.504983 0.325314 -0.695627 0.000000 
0.631644 0.504629 0.325314 -0.695627 0.000000 0.631545 0.504767 0.325314 -0.695627 0.000000 0.631447 0.504891 0.325314 -0.695627 0.000000 0.631373 0.504952 0.325314 -0.695627 0.000000 0.631250 0.504983 0.325314 -0.695627 0.000000 0.631176 0.504998 0.325314 -0.695627 0.000000 
0.631545 0.504767 0.325314 -0.695627 0.000000 0.631447 0.504891 0.325314 -0.695627 0.000000 0.631373 0.504952 0.325314 -0.695627 0.000000 0.631250 0.504983 0.325314 -0.695627 0.000000 0.631176 0.504998 0.325314 -0.695627 0.000000 0.631127 0.505014 0.327431 -0.674852 0.000000 
0.631447 0.504891 0.325314 -0.695627 0.000000 0.631373 0.504952 0.325314 -0.695627 0.000000 0.631250 0.504983 0.325314 -0.695627 0.000000 0.631176 0.504998 0.325314 -0.695627 0.000000 0.631127 0.505014 0.327431 -0.674852 0.000000 0.631053 0.505014 0.327431 -0.674852 0.000000 
0.631373 0.504952 0.325314 -0.695627 0.000000 0.631250 0.504983 0.325314 -0.695627 0.000000 0.631176 0.504998 0.325314 -0.695627 0.000000 0.631127 0.505014 0.327431 -0.674852 0.000000 0.631053 0.505014 0.327431 -0.674852 0.000000 0.631004 0.505014 0.327431 -0.674852 0.000000 
0.631250 0.504983 0.325314 -0.695627 0.000000 0.631176 0.504998 0.325314 -0.695627 0.000000 0.631127 0.505014 0.327431 -0.674852 0.000000 0.631053 0.505014 0.327431 -0.674852 0.000000 0.631004 0.505014 0.327431 -0.674852 0.000000 0.630930 0.505014 0.327431 -0.674852 0.000000 
0.631176 0.504998 0.325314 -0.695627 0.000000 0.631127 0.505014 0.327431 -0.674852 0.000000 0.631053 0.505014 0.327431 -0.674852 0.000000 0.631004 0.505014 0.327431 -0.674852 0.000000 0.630930 0.505014 0.327431 -0.674852 0.000000 0.630881 0.505014 0.327431 -0.674852 0.000000 
0.631127 0.505014 0.327431 -0.674852 0.000000 0.631053 0.505014 0.327431 -0.674852 0.000000 0.631004 0.505014 0.327431 -0.674852 0.000000 0.630930 0.505014 0.327431 -0.674852 0.000000 0.630881 0.505014 0.327431 -0.674852 0.000000 0.630782 0.505014 0.327431 -0.674852 0.093842 
0.631053 0.505014 0.327431 -0.674852 0.000000 0.631004 0.505014 0.327431 -0.674852 0.000000 0.630930 0.505014 0.327431 -0.674852 0.000000 0.630881 0.505014 0.327431 -0.674852 0.000000 0.630782 0.505014 0.327431 -0.674852 0.093842 0.630684 0.505014 0.327431 -0.674852 0.095797 
0.631004 0.505014 0.327431 -0.674852 0.000000 0.630930 0.505014 0.327431 -0.674852 0.000000 0.630881 0.505014 0.327431 -0.674852 0.000000 0.630782 0.505014 0.327431 -0.674852 0.093842 0.630684 0.505014 0.327431 -0.674852 0.095797 0.630536 0.505014 0.327431 -0.674852 0.094819 
0.630930 0.505014 0.327431 -0.674852 0.000000 0.630881 0.505014 0.327431 -0.674852 0.000000 0.630782 0.505014 0.327431 -0.674852 0.093842 0.630684 0.505014 0.327431 -0.674852 0.095797 0.630536 0.505014 0.327431 -0.674852 0.094819 0.630364 0.505014 0.327431 -0.674852 0.092864 
0.630881 0.505014 0.327431 -0.674852 0.000000 0.630782 0.505014 0.327431 -0.674852 0.093842 0.630684 0.505014 0.327431 -0.674852 0.095797 0.630536 0.505014 0.327431 -0.674852 0.094819 0.630364 0.505014 0.327431 -0.674852 0.092864 0.630143 0.504983 0.327431 -0.674852 0.090909 
0.630782 0.505014 0.327431 -0.674852 0.093842 0.630684 0.505014 0.327431 -0.674852 0.095797 0.630536 0.505014 0.327431 -0.674852 0.094819 0.630364 0.505014 0.327431 -0.674852 0.092864 0.630143 0.504983 0.327431 -0.674852 0.090909 0.629872 0.504937 0.327431 -0.674852 0.089932 
0.630684 0.505014 0.327431 -0.674852 0.095797 0.630536 0.505014 0.327431 -0.674852 0.094819 0.630364 0.505014 0.327431 -0.674852 0.092864 0.630143 0.504983 0.327431 -0.674852 0.090909 0.629872 0.504937 0.327431 -0.674852 0.089932 0.629528 0.504906 0.327431 -0.674852 0.087977 
0.630536 0.505014 0.327431 -0.674852 0.094819 0.630364 0.505014 0.327431 -0.674852 0.092864 0.630143 0.504983 0.327431 -0.674852 0.090909 0.629872 0.504937 0.327431 -0.674852 0.089932 0.629528 0.504906 0.327431 -0.674852 0.087977 0.629060 0.504875 0.327431 -0.674852 0.086999 
0.630364 0.505014 0.327431 -0.674852 0.092864 0.630143 0.504983 0.327431 -0.674852 0.090909 0.629872 0.504937 0.327431 -0.674852 0.089932 0.629528 0.504906 0.327431 -0.674852 0.087977 0.629060 0.504875 0.327431 -0.674852 0.086999 0.628568 0.504844 0.327431 -0.674852 0.089932 
0.630143 0.504983 0.327431 -0.674852 0.090909 0.629872 0.504937 0.327431 -0.674852 0.089932 0.629528 0.504906 0.327431 -0.674852 0.087977 0.629060 0.504875 0.327431 -0.674852 0.086999 0.628568 0.504844 0.327431 -0.674852 0.089932 0.628027 0.504829 0.327431 -0.674852 0.086999 
0.629872 0.504937 0.327431 -0.674852 0.089932 0.629528 0.504906 0.327431 -0.674852 0.087977 0.629060 0.504875 0.327431 -0.674852 0.086999 0.628568 0.504844 0.327431 -0.674852 0.089932 0.628027 0.504829 0.327431 -0.674852 0.086999 0.627362 0.504814 0.327431 -0.674852 0.089932 
0.629528 0.504906 0.327431 -0.674852 0.087977 0.629060 0.504875 0.327431 -0.674852 0.086999 0.628568 0.504844 0.327431 -0.674852 0.089932 0.628027 0.504829 0.327431 -0.674852 0.086999 0.627362 0.504814 0.327431 -0.674852 0.089932 0.626673 0.504814 0.327431 -0.674852 0.091887 
0.629060 0.504875 0.327431 -0.674852 0.086999 0.628568 0.504844 0.327431 -0.674852 0.089932 0.628027 0.504829 0.327431 -0.674852 0.086999 0.627362 0.504814 0.327431 -0.674852 0.089932 0.626673 0.504814 0.327431 -0.674852 0.091887 0.625960 0.504814 0.327431 -0.674852 0.090909 
0.628568 0.504844 0.327431 -0.674852 0.089932 0.628027 0.504829 0.327431 -0.674852 0.086999 0.627362 0.504814 0.327431 -0.674852 0.089932 0.626673 0.504814 0.327431 -0.674852 0.091887 0.625960 0.504814 0.327431 -0.674852 0.090909 0.625172 0.504814 0.327431 -0.674852 0.090909 
0.624434 0.502860 0.358353 -0.827379 0.000000 0.624655 0.503445 0.358353 -0.827379 0.000000 0.624828 0.503968 0.346954 -0.809833 0.000000 0.624951 0.504445 0.363018 -0.806746 0.000000 0.625049 0.504860 0.363018 -0.806746 0.000000 0.625123 0.505213 0.363018 -0.806746 0.000000 
0.624655 0.503445 0.358353 -0.827379 0.000000 0.624828 0.503968 0.346954 -0.809833 0.000000 0.624951 0.504445 0.363018 -0.806746 0.000000 0.625049 0.504860 0.363018 -0.806746 0.000000 0.625123 0.505213 0.363018 -0.806746 0.000000 0.625172 0.505536 0.363018 -0.806746 0.000000 
0.624828 0.503968 0.346954 -0.809833 0.000000 0.624951 0.504445 0.363018 -0.806746 0.000000 0.625049 0.504860 0.363018 -0.806746 0.000000 0.625123 0.505213 0.363018 -0.806746 0.000000 0.625172 0.505536 0.363018 -0.806746 0.000000 0.625197 0.505536 0.366901 -0.785969 0.000000 
0.624951 0.504445 0.363018 -0.806746 0.000000 0.625049 0.504860 0.363018 -0.806746 0.000000 0.625123 0.505213 0.363018 -0.806746 0.000000 0.625172 0.505536 0.363018 -0.806746 0.000000 0.625197 0.505536 0.366901 -0.785969 0.000000 0.625271 0.505890 0.366901 -0.785969 0.000000 
0.625049 0.504860 0.363018 -0.806746 0.000000 0.625123 0.505213 0.363018 -0.806746 0.000000 0.625172 0.505536 0.363018 -0.806746 0.000000 0.625197 0.505536 0.366901 -0.785969 0.000000 0.625271 0.505890 0.366901 -0.785969 0.000000 0.625320 0.505967 0.381985 -0.782531 0.000000 
0.625123 0.505213 0.363018 -0.806746 0.000000 0.625172 0.505536 0.363018 -0.806746 0.000000 0.625197 0.505536 0.366901 -0.785969 0.000000 0.625271 0.505890 0.366901 -0.785969 0.000000 0.625320 0.505967 0.381985 -0.782531 0.000000 0.625369 0.506029 0.381985 -0.782531 0.000000 
0.625172 0.505536 0.363018 -0.806746 0.000000 0.625197 0.505536 0.366901 -0.785969 0.000000 0.625271 0.505890 0.366901 -0.785969 0.000000 0.625320 0.505967 0.381985 -0.782531 0.000000 0.625369 0.506029 0.381985 -0.782531 0.000000 0.625418 0.506075 0.381985 -0.782531 0.000000 
0.625197 0.505536 0.366901 -0.785969 0.000000 0.625271 0.505890 0.366901 -0.785969 0.000000 0.625320 0.505967 0.381985 -0.782531 0.000000 0.625369 0.506029 0.381985 -0.782531 0.000000 0.625418 0.506075 0.381985 -0.782531 0.000000 0.625492 0.506213 0.366901 -0.785969 0.000000 
0.625271 0.505890 0.366901 -0.785969 0.000000 0.625320 0.505967 0.381985 -0.782531 0.000000 0.625369 0.506029 0.381985 -0.782531 0.000000 0.625418 0.506075 0.381985 -0.782531 0.000000 0.625492 0.506213 0.366901 -0.785969 0.000000 0.625615 0.506321 0.370046 -0.765059 0.000000 
0.625320 0.505967 0.381985 -0.782531 0.000000 0.625369 0.506029 0.381985 -0.782531 0.000000 0.625418 0.506075 0.381985 -0.782531 0.000000 0.625492 0.506213 0.366901 -0.785969 0.000000 0.625615 0.506321 0.370046 -0.765059 0.000000 0.625812 0.506428 0.370046 -0.765059 0.000000 
0.625369 0.506029 0.381985 -0.782531 0.000000 0.625418 0.506075 0.381985 -0.782531 0.000000 0.625492 0.506213 0.366901 -0.785969 0.000000 0.625615 0.506321 0.370046 -0.765059 0.000000 0.625812 0.506428 0.370046 -0.765059 0.000000 0.626132 0.506428 0.370046 -0.765059 0.000000 
0.625418 0.506075 0.381985 -0.782531 0.000000 0.625492 0.506213 0.366901 -0.785969 0.000000 0.625615 0.506321 0.370046 -0.765059 0.000000 0.625812 0.506428 0.370046 -0.765059 0.000000 0.626132 0.506428 0.370046 -0.765059 0.000000 0.626526 0.506428 0.370046 -0.765059 0.000000 
0.625492 0.506213 0.366901 -0.785969 0.000000 0.625615 0.506321 0.370046 -0.765059 0.000000 0.625812 0.506428 0.370046 -0.765059 0.000000 0.626132 0.506428 0.370046 -0.765059 0.000000 0.626526 0.506428 0.370046 -0.765059 0.000000 0.626870 0.506428 0.370046 -0.765059 0.000000 
0.625615 0.506321 0.370046 -0.765059 0.000000 0.625812 0.506428 0.370046 -0.765059 0.000000 0.626132 0.506428 0.370046 -0.765059 0.000000 0.626526 0.506428 0.370046 -0.765059 0.000000 0.626870 0.506428 0.370046 -0.765059 0.000000 0.627190 0.506428 0.370046 -0.765059 0.000000 
0.625812 0.506428 0.370046 -0.765059 0.000000 0.626132 0.506428 0.370046 -0.765059 0.000000 0.626526 0.506428 0.370046 -0.765059 0.000000 0.626870 0.506428 0.370046 -0.765059 0.000000 0.627190 0.506428 0.370046 -0.765059 0.000000 0.627387 0.506428 0.358426 -0.747632 0.000000 
0.626132 0.506428 0.370046 -0.765059 0.000000 0.626526 0.506428 0.370046 -0.765059 0.000000 0.626870 0.506428 0.370046 -0.765059 0.000000 0.627190 0.506428 0.370046 -0.765059 0.000000 0.627387 0.506428 0.358426 -0.747632 0.000000 0.627953 0.506213 0.358426 -0.747632 0.000000 
0.626526 0.506428 0.370046 -0.765059 0.000000 0.626870 0.506428 0.370046 -0.765059 0.000000 0.627190 0.506428 0.370046 -0.765059 0.000000 0.627387 0.506428 0.358426 -0.747632 0.000000 0.627953 0.506213 0.358426 -0.747632 0.000000 0.628322 0.506044 0.344110 -0.751061 0.000000 
0.626870 0.506428 0.370046 -0.765059 0.000000 0.627190 0.506428 0.370046 -0.765059 0.000000 0.627387 0.506428 0.358426 -0.747632 0.000000 0.627953 0.506213 0.358426 -0.747632 0.000000 0.628322 0.506044 0.344110 -0.751061 0.000000 0.628666 0.505829 0.344110 -0.751061 0.000000 
0.627190 0.506428 0.370046 -0.765059 0.000000 0.627387 0.506428 0.358426 -0.747632 0.000000 0.627953 0.506213 0.358426 -0.747632 0.000000 0.628322 0.506044 0.344110 -0.751061 0.000000 0.628666 0.505829 0.344110 -0.751061 0.000000 0.628839 0.505613 0.347107 -0.730252 0.000000 
0.627387 0.506428 0.358426 -0.747632 0.000000 0.627953 0.506213 0.358426 -0.747632 0.000000 0.628322 0.506044 0.344110 -0.751061 0.000000 0.628666 0.505829 0.344110 -0.751061 0.000000 0.628839 0.505613 0.347107 -0.730252 0.000000 0.629355 0.505352 0.347107 -0.730252 0.000000 
0.627953 0.506213 0.358426 -0.747632 0.000000 0.628322 0.506044 0.344110 -0.751061 0.000000 0.628666 0.505829 0.344110 -0.751061 0.000000 0.628839 0.505613 0.347107 -0.730252 0.000000 0.629355 0.505352 0.347107 -0.730252 0.000000 0.629626 0.505090 0.349412 -0.709342 0.000000 
0.628322 0.506044 0.344110 -0.751061 0.000000 0.628666 0.505829 0.344110 -0.751061 0.000000 0.628839 0.505613 0.347107 -0.730252 0.000000 0.629355 0.505352 0.347107 -0.730252 0.000000 0.629626 0.505090 0.349412 -0.709342 0.000000 0.629749 0.504844 0.349412 -0.709342 0.000000 
0.628666 0.505829 0.344110 -0.751061 0.000000 0.628839 0.505613 0.347107 -0.730252 0.000000 0.629355 0.505352 0.347107 -0.730252 0.000000 0.629626 0.505090 0.349412 -0.709342 0.000000 0.629749 0.504844 0.349412 -0.709342 0.000000 0.630192 0.504568 0.349412 -0.709342 0.000000 
0.628839 0.505613 0.347107 -0.730252 0.000000 0.629355 0.505352 0.347107 -0.730252 0.000000 0.629626 0.505090 0.349412 -0.709342 0.000000 0.629749 0.504844 0.349412 -0.709342 0.000000 0.630192 0.504568 0.349412 -0.709342 0.000000 0.630438 0.504291 0.349412 -0.709342 0.000000 
0.629355 0.505352 0.347107 -0.730252 0.000000 0.629626 0.505090 0.349412 -0.709342 0.000000 0.629749 0.504844 0.349412 -0.709342 0.000000 0.630192 0.504568 0.349412 -0.709342 0.000000 0.630438 0.504291 0.349412 -0.709342 0.000000 0.630536 0.504060 0.338292 -0.692072 0.000000 
0.629626 0.505090 0.349412 -0.709342 0.000000 0.629749 0.504844 0.349412 -0.709342 0.000000 0.630192 0.504568 0.349412 -0.709342 0.000000 0.630438 0.504291 0.349412 -0.709342 0.000000 0.630536 0.504060 0.338292 -0.692072 0.000000 0.630733 0.503814 0.325314 -0.695627 0.000000 
0.629749 0.504844 0.349412 -0.709342 0.000000 0.630192 0.504568 0.349412 -0.709342 0.000000 0.630438 0.504291 0.349412 -0.709342 0.000000 0.630536 0.504060 0.338292 -0.692072 0.000000 0.630733 0.503814 0.325314 -0.695627 0.000000 0.631029 0.503583 0.325314 -0.695627 0.000000 
0.630192 0.504568 0.349412 -0.709342 0.000000 0.630438 0.504291 0.349412 -0.709342 0.000000 0.630536 0.504060 0.338292 -0.692072 0.000000 0.630733 0.503814 0.325314 -0.695627 0.000000 0.631029 0.503583 0.325314 -0.695627 0.000000 0.631102 0.503399 0.325314 -0.695627 0.000000 
0.630438 0.504291 0.349412 -0.709342 0.000000 0.630536 0.504060 0.338292 -0.692072 0.000000 0.630733 0.503814 0.325314 -0.695627 0.000000 0.631029 0.503583 0.325314 -0.695627 0.000000 0.631102 0.503399 0.325314 -0.695627 0.000000 0.631250 0.503322 0.325314 -0.695627 0.000000 
0.630536 0.504060 0.338292 -0.692072 0.000000 0.630733 0.503814 0.325314 -0.695627 0.000000 0.631029 0.503583 0.325314 -0.695627 0.000000 0.631102 0.503399 0.325314 -0.695627 0.000000 0.631250 0.503322 0.325314 -0.695627 0.000000 0.631471 0.503045 0.325314 -0.695627 0.000000 
0.630733 0.503814 0.325314 -0.695627 0.000000 0.631029 0.503583 0.325314 -0.695627 0.000000 0.631102 0.503399 0.325314 -0.695627 0.000000 0.631250 0.503322 0.325314 -0.695627 0.000000 0.631471 0.503045 0.325314 -0.695627 0.000000 0.631570 0.502922 0.325314 -0.695627 0.000000 
0.631029 0.503583 0.325314 -0.695627 0.000000 0.631102 0.503399 0.325314 -0.695627 0.000000 0.631250 0.503322 0.325314 -0.695627 0.000000 0.631471 0.503045 0.325314 -0.695627 0.000000 0.631570 0.502922 0.325314 -0.695627 0.000000 0.631668 0.502814 0.325314 -0.695627 0.000000 
0.631102 0.503399 0.325314 -0.695627 0.000000 0.631250 0.503322 0.325314 -0.695627 0.000000 0.631471 0.503045 0.325314 -0.695627 0.000000 0.631570 0.502922 0.325314 -0.695627 0.000000 0.631668 0.502814 0.325314 -0.695627 0.000000 0.631767 0.502722 0.325314 -0.695627 0.000000 
0.631250 0.503322 0.325314 -0.695627 0.000000 0.631471 0.503045 0.325314 -0.695627 0.000000 0.631570 0.502922 0.325314 -0.695627 0.000000 0.631668 0.502814 0.325314 -0.695627 0.000000 0.631767 0.502722 0.325314 -0.695627 0.000000 0.631841 0.502661 0.325314 -0.695627 0.000000 
0.631471 0.503045 0.325314 -0.695627 0.000000 0.631570 0.502922 0.325314 -0.695627 0.000000 0.631668 0.502814 0.325314 -0.695627 0.000000 0.631767 0.502722 0.325314 -0.695627 0.000000 0.631841 0.502661 0.325314 -0.695627 0.000000 0.631914 0.502614 0.325314 -0.695627 0.000000 
0.631570 0.502922 0.325314 -0.695627 0.000000 0.631668 0.502814 0.325314 -0.695627 0.000000 0.631767 0.502722 0.325314 -0.695627 0.000000 0.631841 0.502661 0.325314 -0.695627 0.000000 0.631914 0.502614 0.325314 -0.695627 0.000000 0.631988 0.502568 0.325314 -0.695627 0.000000 
0.631668 0.502814 0.325314 -0.695627 0.000000 0.631767 0.502722 0.325314 -0.695627 0.000000 0.631841 0.502661 0.325314 -0.695627 0.000000 0.631914 0.502614 0.325314 -0.695627 0.000000 0.631988 0.502568 0.325314 -0.695627 0.000000 0.632062 0.502538 0.325314 -0.695627 0.000000 
0.631767 0.502722 0.325314 -0.695627 0.000000 0.631841 0.502661 0.325314 -0.695627 0.000000 0.631914 0.502614 0.325314 -0.695627 0.000000 0.631988 0.502568 0.325314 -0.695627 0.000000 0.632062 0.502538 0.325314 -0.695627 0.000000 0.632136 0.502522 0.325314 -0.695627 0.000000 
0.631841 0.502661 0.325314 -0.695627 0.000000 0.631914 0.502614 0.325314 -0.695627 0.000000 0.631988 0.502568 0.325314 -0.695627 0.000000 0.632062 0.502538 0.325314 -0.695627 0.000000 0.632136 0.502522 0.325314 -0.695627 0.000000 0.632210 0.502507 0.325314 -0.695627 0.000000 
0.631914 0.502614 0.325314 -0.695627 0.000000 0.631988 0.502568 0.325314 -0.695627 0.000000 0.632062 0.502538 0.325314 -0.695627 0.000000 0.632136 0.502522 0.325314 -0.695627 0.000000 0.632210 0.502507 0.325314 -0.695627 0.000000 0.632259 0.502507 0.325314 -0.695627 0.000000 
0.631988 0.502568 0.325314 -0.695627 0.000000 0.632062 0.502538 0.325314 -0.695627 0.000000 0.632136 0.502522 0.325314 -0.695627 0.000000 0.632210 0.502507 0.325314 -0.695627 0.000000 0.632259 0.502507 0.325314 -0.695627 0.000000 0.632308 0.502507 0.325314 -0.695627 0.000000 
0.632062 0.502538 0.325314 -0.695627 0.000000 0.632136 0.502522 0.325314 -0.695627 0.000000 0.632210 0.502507 0.325314 -0.695627 0.000000 0.632259 0.502507 0.325314 -0.695627 0.000000 0.632308 0.502507 0.325314 -0.695627 0.000000 0.632357 0.502507 0.325314 -0.695627 0.000000 
0.632136 0.502522 0.325314 -0.695627 0.000000 0.632210 0.502507 0.325314 -0.695627 0.000000 0.632259 0.502507 0.325314 -0.695627 0.000000 0.632308 0.502507 0.325314 -0.695627 0.000000 0.632357 0.502507 0.325314 -0.695627 0.000000 0.632382 0.502507 0.325314 -0.695627 0.000000 
0.632210 0.502507 0.325314 -0.695627 0.000000 0.632259 0.502507 0.325314 -0.695627 0.000000 0.632308 0.502507 0.325314 -0.695627 0.000000 0.632357 0.502507 0.325314 -0.695627 0.000000 0.632382 0.502507 0.325314 -0.695627 0.000000 0.632406 0.502507 0.325314 -0.695627 0.000000 
0.632259 0.502507 0.325314 -0.695627 0.000000 0.632308 0.502507 0.325314 -0.695627 0.000000 0.632357 0.502507 0.325314 -0.695627 0.000000 0.632382 0.502507 0.325314 -0.695627 0.000000 0.632406 0.502507 0.325314 -0.695627 0.000000 0.632406 0.502538 0.312128 -0.699011 0.000000 
0.632308 0.502507 0.325314 -0.695627 0.000000 0.632357 0.502507 0.325314 -0.695627 0.000000 0.632382 0.502507 0.325314 -0.695627 0.000000 0.632406 0.502507 0.325314 -0.695627 0.000000 0.632406 0.502538 0.312128 -0.699011 0.000000 0.632406 0.502645 0.312128 -0.699011 0.000000 
0.632357 0.502507 0.325314 -0.695627 0.000000 0.632382 0.502507 0.325314 -0.695627 0.000000 0.632406 0.502507 0.325314 -0.695627 0.000000 0.632406 0.502538 0.312128 -0.699011 0.000000 0.632406 0.502645 0.312128 -0.699011 0.000000 0.632406 0.502737 0.312128 -0.699011 0.000000 
0.632382 0.502507 0.325314 -0.695627 0.000000 0.632406 0.502507 0.325314 -0.695627 0.000000 0.632406 0.502538 0.312128 -0.699011 0.000000 0.632406 0.502645 0.312128 -0.699011 0.000000 0.632406 0.502737 0.312128 -0.699011 0.000000 0.632406 0.502830 0.312128 -0.699011 0.000000 
0.632406 0.502507 0.325314 -0.695627 0.000000 0.632406 0.502538 0.312128 -0.699011 0.000000 0.632406 0.502645 0.312128 -0.699011 0.000000 0.632406 0.502737 0.312128 -0.699011 0.000000 0.632406 0.502830 0.312128 -0.699011 0.000000 0.632406 0.502937 0.312128 -0.699011 0.000000 
0.632406 0.502538 0.312128 -0.699011 0.000000 0.632406 0.502645 0.312128 -0.699011 0.000000 0.632406 0.502737 0.312128 -0.699011 0.000000 0.632406 0.502830 0.312128 -0.699011 0.000000 0.632406 0.502937 0.312128 -0.699011 0.000000 0.632406 0.503014 0.312128 -0.699011 0.000000 
0.632406 0.502645 0.312128 -0.699011 0.000000 0.632406 0.502737 0.312128 -0.699011 0.000000 0.632406 0.502830 0.312128 -0.699011 0.000000 0.632406 0.502937 0.312128 -0.699011 0.000000 0.632406 0.503014 0.312128 -0.699011 0.000000 0.632406 0.503091 0.312128 -0.699011 0.000000 
0.632406 0.502737 0.312128 -0.699011 0.000000 0.632406 0.502830 0.312128 -0.699011 0.000000 0.632406 0.502937 0.312128 -0.699011 0.000000 0.632406 0.503014 0.312128 -0.699011 0.000000 0.632406 0.503091 0.312128 -0.699011 0.000000 0.632406 0.503153 0.312128 -0.699011 0.000000 
0.632406 0.502830 0.312128 -0.699011 0.000000 0.632406 0.502937 0.312128 -0.699011 0.000000 0.632406 0.503014 0.312128 -0.699011 0.000000 0.632406 0.503091 0.312128 -0.699011 0.000000 0.632406 0.503153 0.312128 -0.699011 0.000000 0.632406 0.503214 0.312128 -0.699011 0.000000 
0.632406 0.502937 0.312128 -0.699011 0.000000 0.632406 0.503014 0.312128 -0.699011 0.000000 0.632406 0.503091 0.312128 -0.699011 0.000000 0.632406 0.503153 0.312128 -0.699011 0.000000 0.632406 0.503214 0.312128 -0.699011 0.000000 0.632406 0.503245 0.312128 -0.699011 0.000000 
0.632406 0.503014 0.312128 -0.699011 0.000000 0.632406 0.503091 0.312128 -0.699011 0.000000 0.632406 0.503153 0.312128 -0.699011 0.000000 0.632406 0.503214 0.312128 -0.699011 0.000000 0.632406 0.503245 0.312128 -0.699011 0.000000 0.632406 0.503276 0.312128 -0.699011 0.000000 
0.632406 0.503091 0.312128 -0.699011 0.000000 0.632406 0.503153 0.312128 -0.699011 0.000000 0.632406 0.503214 0.312128 -0.699011 0.000000 0.632406 0.503245 0.312128 -0.699011 0.000000 0.632406 0.503276 0.312128 -0.699011 0.000000 0.632406 0.503306 0.312128 -0.699011 0.000000 
0.632406 0.503153 0.312128 -0.699011 0.000000 0.632406 0.503214 0.312128 -0.699011 0.000000 0.632406 0.503245 0.312128 -0.699011 0.000000 0.632406 0.503276 0.312128 -0.699011 0.000000 0.632406 0.503306 0.312128 -0.699011 0.000000 0.632406 0.503322 0.312128 -0.699011 0.000000 
0.632406 0.503214 0.312128 -0.699011 0.000000 0.632406 0.503245 0.312128 -0.699011 0.000000 0.632406 0.503276 0.312128 -0.699011 0.000000 0.632406 0.503306 0.312128 -0.699011 0.000000 0.632406 0.503322 0.312128 -0.699011 0.000000 0.632406 0.503337 0.312128 -0.699011 0.000000 
0.632406 0.503245 0.312128 -0.699011 0.000000 0.632406 0.503276 0.312128 -0.699011 0.000000 0.632406 0.503306 0.312128 -0.699011 0.000000 0.632406 0.503322 0.312128 -0.699011 0.000000 0.632406 0.503337 0.312128 -0.699011 0.000000 0.632406 0.503353 0.312128 -0.699011 0.000000 
0.632406 0.503276 0.312128 -0.699011 0.000000 0.632406 0.503306 0.312128 -0.699011 0.000000 0.632406 0.503322 0.312128 -0.699011 0.000000 0.632406 0.503337 0.312128 -0.699011 0.000000 0.632406 0.503353 0.312128 -0.699011 0.000000 0.632431 0.503368 0.312128 -0.699011 0.000000 
0.632406 0.503306 0.312128 -0.699011 0.000000 0.632406 0.503322 0.312128 -0.699011 0.000000 0.632406 0.503337 0.312128 -0.699011 0.000000 0.632406 0.503353 0.312128 -0.699011 0.000000 0.632431 0.503368 0.312128 -0.699011 0.000000 0.632456 0.503368 0.312128 -0.699011 0.000000 
0.632406 0.503322 0.312128 -0.699011 0.000000 0.632406 0.503337 0.312128 -0.699011 0.000000 0.632406 0.503353 0.312128 -0.699011 0.000000 0.632431 0.503368 0.312128 -0.699011 0.000000 0.632456 0.503368 0.312128 -0.699011 0.000000 0.632456 0.503383 0.312128 -0.699011 0.000000 
0.632406 0.503337 0.312128 -0.699011 0.000000 0.632406 0.503353 0.312128 -0.699011 0.000000 0.632431 0.503368 0.312128 -0.699011 0.000000 0.632456 0.503368 0.312128 -0.699011 0.000000 0.632456 0.503383 0.312128 -0.699011 0.000000 0.632456 0.503399 0.312128 -0.699011 0.000000 
0.632406 0.503353 0.312128 -0.699011 0.000000 0.632431 0.503368 0.312128 -0.699011 0.000000 0.632456 0.503368 0.312128 -0.699011 0.000000 0.632456 0.503383 0.312128 -0.699011 0.000000 0.632456 0.503399 0.312128 -0.699011 0.000000 0.632456 0.503414 0.312128 -0.699011 0.000000 
0.632431 0.503368 0.312128 -0.699011 0.000000 0.632456 0.503368 0.312128 -0.699011 0.000000 0.632456 0.503383 0.312128 -0.699011 0.000000 0.632456 0.503399 0.312128 -0.699011 0.000000 0.632456 0.503414 0.312128 -0.699011 0.000000 0.632456 0.503430 0.312128 -0.699011 0.000000 
0.632456 0.503368 0.312128 -0.699011 0.000000 0.632456 0.503383 0.312128 -0.699011 0.000000 0.632456 0.503399 0.312128 -0.699011 0.000000 0.632456 0.503414 0.312128 -0.699011 0.000000 0.632456 0.503430 0.312128 -0.699011 0.000000 0.632456 0.503445 0.312128 -0.699011 0.000000 
0.632456 0.503383 0.312128 -0.699011 0.000000 0.632456 0.503399 0.312128 -0.699011 0.000000 0.632456 0.503414 0.312128 -0.699011 0.000000 0.632456 0.503430 0.312128 -0.699011 0.000000 0.632456 0.503445 0.312128 -0.699011 0.000000 0.632456 0.503460 0.312128 -0.699011 0.000000 
0.632456 0.503399 0.312128 -0.699011 0.000000 0.632456 0.503414 0.312128 -0.699011 0.000000 0.632456 0.503430 0.312128 -0.699011 0.000000 0.632456 0.503445 0.312128 -0.699011 0.000000 0.632456 0.503460 0.312128 -0.699011 0.000000 0.632456 0.503491 0.312128 -0.699011 0.000000 
0.632456 0.503414 0.312128 -0.699011 0.000000 0.632456 0.503430 0.312128 -0.699011 0.000000 0.632456 0.503445 0.312128 -0.699011 0.000000 0.632456 0.503460 0.312128 -0.699011 0.000000 0.632456 0.503491 0.312128 -0.699011 0.000000 0.632456 0.503506 0.312128 -0.699011 0.000000 
0.632456 0.503430 0.312128 -0.699011 0.000000 0.632456 0.503445 0.312128 -0.699011 0.000000 0.632456 0.503460 0.312128 -0.699011 0.000000 0.632456 0.503491 0.312128 -0.699011 0.000000 0.632456 0.503506 0.312128 -0.699011 0.000000 0.632456 0.503522 0.312128 -0.699011 0.000000 
0.632456 0.503445 0.312128 -0.699011 0.000000 0.632456 0.503460 0.312128 -0.699011 0.000000 0.632456 0.503491 0.312128 -0.699011 0.000000 0.632456 0.503506 0.312128 -0.699011 0.000000 0.632456 0.503522 0.312128 -0.699011 0.000000 0.632456 0.503537 0.312128 -0.699011 0.000000 
0.632456 0.503460 0.312128 -0.699011 0.000000 0.632456 0.503491 0.312128 -0.699011 0.000000 0.632456 0.503506 0.312128 -0.699011 0.000000 0.632456 0.503522 0.312128 -0.699011 0.000000 0.632456 0.503537 0.312128 -0.699011 0.000000 0.632480 0.503537 0.312128 -0.699011 0.000000 
0.632456 0.503491 0.312128 -0.699011 0.000000 0.632456 0.503506 0.312128 -0.699011 0.000000 0.632456 0.503522 0.312128 -0.699011 0.000000 0.632456 0.503537 0.312128 -0.699011 0.000000 0.632480 0.503537 0.312128 -0.699011 0.000000 0.632529 0.503537 0.312128 -0.699011 0.000000 
0.632456 0.503506 0.312128 -0.699011 0.000000 0.632456 0.503522 0.312128 -0.699011 0.000000 0.632456 0.503537 0.312128 -0.699011 0.000000 0.632480 0.503537 0.312128 -0.699011 0.000000 0.632529 0.503537 0.312128 -0.699011 0.000000 0.632554 0.503537 0.312128 -0.699011 0.000000 
0.632456 0.503522 0.312128 -0.699011 0.000000 0.632456 0.503537 0.312128 -0.699011 0.000000 0.632480 0.503537 0.312128 -0.699011 0.000000 0.632529 0.503537 0.312128 -0.699011 0.000000 0.632554 0.503537 0.312128 -0.699011 0.000000 0.632579 0.503537 0.312128 -0.699011 0.000000 
0.632456 0.503537 0.312128 -0.699011 0.000000 0.632480 0.503537 0.312128 -0.699011 0.000000 0.632529 0.503537 0.312128 -0.699011 0.000000 0.632554 0.503537 0.312128 -0.699011 0.000000 0.632579 0.503537 0.312128 -0.699011 0.000000 0.632628 0.503537 0.312128 -0.699011 0.000000 
0.632480 0.503537 0.312128 -0.699011 0.000000 0.632529 0.503537 0.312128 -0.699011 0.000000 0.632554 0.503537 0.312128 -0.699011 0.000000 0.632579 0.503537 0.312128 -0.699011 0.000000 0.632628 0.503537 0.312128 -0.699011 0.000000 0.632653 0.503537 0.312128 -0.699011 0.000000 
0.632529 0.503537 0.312128 -0.699011 0.000000 0.632554 0.503537 0.312128 -0.699011 0.000000 0.632579 0.503537 0.312128 -0.699011 0.000000 0.632628 0.503537 0.312128 -0.699011 0.000000 0.632653 0.503537 0.312128 -0.699011 0.000000 0.632677 0.503537 0.312128 -0.699011 0.020528 
0.632554 0.503537 0.312128 -0.699011 0.000000 0.632579 0.503537 0.312128 -0.699011 0.000000 0.632628 0.503537 0.312128 -0.699011 0.000000 0.632653 0.503537 0.312128 -0.699011 0.000000 0.632677 0.503537 0.312128 -0.699011 0.020528 0.632702 0.503537 0.312128 -0.699011 0.038123 
0.632579 0.503537 0.312128 -0.699011 0.000000 0.632628 0.503537 0.312128 -0.699011 0.000000 0.632653 0.503537 0.312128 -0.699011 0.000000 0.632677 0.503537 0.312128 -0.699011 0.020528 0.632702 0.503537 0.312128 -0.699011 0.038123 0.632726 0.503537 0.312128 -0.699011 0.038123 
0.632628 0.503537 0.312128 -0.699011 0.000000 0.632653 0.503537 0.312128 -0.699011 0.000000 0.632677 0.503537 0.312128 -0.699011 0.020528 0.632702 0.503537 0.312128 -0.699011 0.038123 0.632726 0.503537 0.312128 -0.699011 0.038123 0.632776 0.503537 0.312128 -0.699011 0.030303 
0.632653 0.503537 0.312128 -0.699011 0.000000 0.632677 0.503537 0.312128 -0.699011 0.020528 0.632702 0.503537 0.312128 -0.699011 0.038123 0.632726 0.503537 0.312128 -0.699011 0.038123 0.632776 0.503537 0.312128 -0.699011 0.030303 0.632825 0.503537 0.312128 -0.699011 0.024438 
0.632677 0.503537 0.312128 -0.699011 0.020528 0.632702 0.503537 0.312128 -0.699011 0.038123 0.632726 0.503537 0.312128 -0.699011 0.038123 0.632776 0.503537 0.312128 -0.699011 0.030303 0.632825 0.503537 0.312128 -0.699011 0.024438 0.632849 0.503537 0.312128 -0.699011 0.018573 
0.632702 0.503537 0.312128 -0.699011 0.038123 0.632726 0.503537 0.312128 -0.699011 0.038123 0.632776 0.503537 0.312128 -0.699011 0.030303 0.632825 0.503537 0.312128 -0.699011 0.024438 0.632849 0.503537 0.312128 -0.699011 0.018573 0.632923 0.503537 0.312128 -0.699011 0.011730 
0.632726 0.503537 0.312128 -0.699011 0.038123 0.632776 0.503537 0.312128 -0.699011 0.030303 0.632825 0.503537 0.312128 -0.699011 0.024438 0.632849 0.503537 0.312128 -0.699011 0.018573 0.632923 0.503537 0.312128 -0.699011 0.011730 0.632997 0.503537 0.312128 -0.699011 0.000000 
0.632776 0.503537 0.312128 -0.699011 0.030303 0.632825 0.503537 0.312128 -0.699011 0.024438 0.632849 0.503537 0.312128 -0.699011 0.018573 0.632923 0.503537 0.312128 -0.699011 0.011730 0.632997 0.503537 0.312128 -0.699011 0.000000 0.633145 0.503522 0.312128 -0.699011 0.000000 
0.632825 0.503537 0.312128 -0.699011 0.024438 0.632849 0.503537 0.312128 -0.699011 0.018573 0.632923 0.503537 0.312128 -0.699011 0.011730 0.632997 0.503537 0.312128 -0.699011 0.000000 0.633145 0.503522 0.312128 -0.699011 0.000000 0.633219 0.503491 0.312128 -0.699011 0.000000 
0.632849 0.503537 0.312128 -0.699011 0.018573 0.632923 0.503537 0.312128 -0.699011 0.011730 0.632997 0.503537 0.312128 -0.699011 0.000000 0.633145 0.503522 0.312128 -0.699011 0.000000 0.633219 0.503491 0.312128 -0.699011 0.000000 0.633292 0.503476 0.312128 -0.699011 0.000000 
0.632923 0.503537 0.312128 -0.699011 0.011730 0.632997 0.503537 0.312128 -0.699011 0.000000 0.633145 0.503522 0.312128 -0.699011 0.000000 0.633219 0.503491 0.312128 -0.699011 0.000000 0.633292 0.503476 0.312128 -0.699011 0.000000 0.633317 0.503460 0.312128 -0.699011 0.000000 
0.632997 0.503537 0.312128 -0.699011 0.000000 0.633145 0.503522 0.312128 -0.699011 0.000000 0.633219 0.503491 0.312128 -0.699011 0.000000 0.633292 0.503476 0.312128 -0.699011 0.000000 0.633317 0.503460 0.312128 -0.699011 0.000000 0.633391 0.503445 0.312128 -0.699011 0.000000 
0.633145 0.503522 0.312128 -0.699011 0.000000 0.633219 0.503491 0.312128 -0.699011 0.000000 0.633292 0.503476 0.312128 -0.699011 0.000000 0.633317 0.503460 0.312128 -0.699011 0.000000 0.633391 0.503445 0.312128 -0.699011 0.000000 0.633415 0.503445 0.312128 -0.699011 0.000000 
0.633219 0.503491 0.312128 -0.699011 0.000000 0.633292 0.503476 0.312128 -0.699011 0.000000 0.633317 0.503460 0.312128 -0.699011 0.000000 0.633391 0.503445 0.312128 -0.699011 0.000000 0.633415 0.503445 0.312128 -0.699011 0.000000 0.633440 0.503445 0.312128 -0.699011 0.000000 
0.633292 0.503476 0.312128 -0.699011 0.000000 0.633317 0.503460 0.312128 -0.699011 0.000000 0.633391 0.503445 0.312128 -0.699011 0.000000 0.633415 0.503445 0.312128 -0.699011 0.000000 0.633440 0.503445 0.312128 -0.699011 0.000000 0.633440 0.503430 0.312128 -0.699011 0.000000 
0.633317 0.503460 0.312128 -0.699011 0.000000 0.633391 0.503445 0.312128 -0.699011 0.000000 0.633415 0.503445 0.312128 -0.699011 0.000000 0.633440 0.503445 0.312128 -0.699011 0.000000 0.633440 0.503430 0.312128 -0.699011 0.000000 0.633465 0.503430 0.312128 -0.699011 0.000000 
0.633391 0.503445 0.312128 -0.699011 0.000000 0.633415 0.503445 0.312128 -0.699011 0.000000 0.633440 0.503445 0.312128 -0.699011 0.000000 0.633440 0.503430 0.312128 -0.699011 0.000000 0.633465 0.503430 0.312128 -0.699011 0.000000 0.633489 0.503430 0.312128 -0.699011 0.000000 
0.633415 0.503445 0.312128 -0.699011 0.000000 0.633440 0.503445 0.312128 -0.699011 0.000000 0.633440 0.503430 0.312128 -0.699011 0.000000 0.633465 0.503430 0.312128 -0.699011 0.000000 0.633489 0.503430 0.312128 -0.699011 0.000000 0.633514 0.503430 0.312128 -0.699011 0.000000 
0.633440 0.503445 0.312128 -0.699011 0.000000 0.633440 0.503430 0.312128 -0.699011 0.000000 0.633465 0.503430 0.312128 -0.699011 0.000000 0.633489 0.503430 0.312128 -0.699011 0.000000 0.633514 0.503430 0.312128 -0.699011 0.000000 0.633538 0.503430 0.312128 -0.699011 0.000000 
0.633440 0.503430 0.312128 -0.699011 0.000000 0.633465 0.503430 0.312128 -0.699011 0.000000 0.633489 0.503430 0.312128 -0.699011 0.000000 0.633514 0.503430 0.312128 -0.699011 0.000000 0.633538 0.503430 0.312128 -0.699011 0.000000 0.633563 0.503430 0.312128 -0.699011 0.000000 
0.633465 0.503430 0.312128 -0.699011 0.000000 0.633489 0.503430 0.312128 -0.699011 0.000000 0.633514 0.503430 0.312128 -0.699011 0.000000 0.633538 0.503430 0.312128 -0.699011 0.000000 0.633563 0.503430 0.312128 -0.699011 0.000000 0.633588 0.503430 0.312128 -0.699011 0.000000 
0.633489 0.503430 0.312128 -0.699011 0.000000 0.633514 0.503430 0.312128 -0.699011 0.000000 0.633538 0.503430 0.312128 -0.699011 0.000000 0.633563 0.503430 0.312128 -0.699011 0.000000 0.633588 0.503430 0.312128 -0.699011 0.000000 0.633612 0.503430 0.312128 -0.699011 0.009775 
0.633514 0.503430 0.312128 -0.699011 0.000000 0.633538 0.503430 0.312128 -0.699011 0.000000 0.633563 0.503430 0.312128 -0.699011 0.000000 0.633588 0.503430 0.312128 -0.699011 0.000000 0.633612 0.503430 0.312128 -0.699011 0.009775 0.633637 0.503430 0.312128 -0.699011 0.034213 
0.633538 0.503430 0.312128 -0.699011 0.000000 0.633563 0.503430 0.312128 -0.699011 0.000000 0.633588 0.503430 0.312128 -0.699011 0.000000 0.633612 0.503430 0.312128 -0.699011 0.009775 0.633637 0.503430 0.312128 -0.699011 0.034213 0.633637 0.503460 0.312128 -0.699011 0.038123 
0.633563 0.503430 0.312128 -0.699011 0.000000 0.633588 0.503430 0.312128 -0.699011 0.000000 0.633612 0.503430 0.312128 -0.699011 0.009775 0.633637 0.503430 0.312128 -0.699011 0.034213 0.633637 0.503460 0.312128 -0.699011 0.038123 0.633637 0.503476 0.312128 -0.699011 0.041056 
0.633588 0.503430 0.312128 -0.699011 0.000000 0.633612 0.503430 0.312128 -0.699011 0.009775 0.633637 0.503430 0.312128 -0.699011 0.034213 0.633637 0.503460 0.312128 -0.699011 0.038123 0.633637 0.503476 0.312128 -0.699011 0.041056 0.633661 0.503491 0.312128 -0.699011 0.043988 
0.633612 0.503430 0.312128 -0.699011 0.009775 0.633637 0.503430 0.312128 -0.699011 0.034213 0.633637 0.503460 0.312128 -0.699011 0.038123 0.633637 0.503476 0.312128 -0.699011 0.041056 0.633661 0.503491 0.312128 -0.699011 0.043988 0.633661 0.503522 0.312128 -0.699011 0.046921 
0.633637 0.503430 0.312128 -0.699011 0.034213 0.633637 0.503460 0.312128 -0.699011 0.038123 0.633637 0.503476 0.312128 -0.699011 0.041056 0.633661 0.503491 0.312128 -0.699011 0.043988 0.633661 0.503522 0.312128 -0.699011 0.046921 0.633686 0.503537 0.312128 -0.699011 0.048876 
0.633637 0.503460 0.312128 -0.699011 0.038123 0.633637 0.503476 0.312128 -0.699011 0.041056 0.633661 0.503491 0.312128 -0.699011 0.043988 0.633661 0.503522 0.312128 -0.699011 0.046921 0.633686 0.503537 0.312128 -0.699011 0.048876 0.633711 0.503553 0.312128 -0.699011 0.049853 
0.633637 0.503476 0.312128 -0.699011 0.041056 0.633661 0.503491 0.312128 -0.699011 0.043988 0.633661 0.503522 0.312128 -0.699011 0.046921 0.633686 0.503537 0.312128 -0.699011 0.048876 0.633711 0.503553 0.312128 -0.699011 0.049853 0.633711 0.503568 0.312128 -0.699011 0.051808 
0.633661 0.503491 0.312128 -0.699011 0.043988 0.633661 0.503522 0.312128 -0.699011 0.046921 0.633686 0.503537 0.312128 -0.699011 0.048876 0.633711 0.503553 0.312128 -0.699011 0.049853 0.633711 0.503568 0.312128 -0.699011 0.051808 0.633735 0.503568 0.312128 -0.699011 0.071359 
0.633661 0.503522 0.312128 -0.699011 0.046921 0.633686 0.503537 0.312128 -0.699011 0.048876 0.633711 0.503553 0.312128 -0.699011 0.049853 0.633711 0.503568 0.312128 -0.699011 0.051808 0.633735 0.503568 0.312128 -0.699011 0.071359 0.633760 0.503568 0.312128 -0.699011 0.077224 
0.633686 0.503537 0.312128 -0.699011 0.048876 0.633711 0.503553 0.312128 -0.699011 0.049853 0.633711 0.503568 0.312128 -0.699011 0.051808 0.633735 0.503568 0.312128 -0.699011 0.071359 0.633760 0.503568 0.312128 -0.699011 0.077224 0.633809 0.503568 0.312128 -0.699011 0.079179 
0.633711 0.503553 0.312128 -0.699011 0.049853 0.633711 0.503568 0.312128 -0.699011 0.051808 0.633735 0.503568 0.312128 -0.699011 0.071359 0.633760 0.503568 0.312128 -0.699011 0.077224 0.633809 0.503568 0.312128 -0.699011 0.079179 0.633858 0.503568 0.312128 -0.699011 0.081134 
0.633711 0.503568 0.312128 -0.699011 0.051808 0.633735 0.503568 0.312128 -0.699011 0.071359 0.633760 0.503568 0.312128 -0.699011 0.077224 0.633809 0.503568 0.312128 -0.699011 0.079179 0.633858 0.503568 0.312128 -0.699011 0.081134 0.633907 0.503568 0.312128 -0.699011 0.083089 
0.633735 0.503568 0.312128 -0.699011 0.071359 0.633760 0.503568 0.312128 -0.699011 0.077224 0.633809 0.503568 0.312128 -0.699011 0.079179 0.633858 0.503568 0.312128 -0.699011 0.081134 0.633907 0.503568 0.312128 -0.699011 0.083089 0.633957 0.503568 0.312128 -0.699011 0.085044 
0.633760 0.503568 0.312128 -0.699011 0.077224 0.633809 0.503568 0.312128 -0.699011 0.079179 0.633858 0.503568 0.312128 -0.699011 0.081134 0.633907 0.503568 0.312128 -0.699011 0.083089 0.633957 0.503568 0.312128 -0.699011 0.085044 0.634031 0.503568 0.312128 -0.699011 0.086999 
0.633809 0.503568 0.312128 -0.699011 0.079179 0.633858 0.503568 0.312128 -0.699011 0.081134 0.633907 0.503568 0.312128 -0.699011 0.083089 0.633957 0.503568 0.312128 -0.699011 0.085044 0.634031 0.503568 0.312128 -0.699011 0.086999 0.634080 0.503476 0.312128 -0.699011 0.088954 
0.633858 0.503568 0.312128 -0.699011 0.081134 0.633907 0.503568 0.312128 -0.699011 0.083089 0.633957 0.503568 0.312128 -0.699011 0.085044 0.634031 0.503568 0.312128 -0.699011 0.086999 0.634080 0.503476 0.312128 -0.699011 0.088954 0.634154 0.503337 0.312128 -0.699011 0.087977 
0.633907 0.503568 0.312128 -0.699011 0.083089 0.633957 0.503568 0.312128 -0.699011 0.085044 0.634031 0.503568 0.312128 -0.699011 0.086999 0.634080 0.503476 0.312128 -0.699011 0.088954 0.634154 0.503337 0.312128 -0.699011 0.087977 0.634203 0.503183 0.312128 -0.699011 0.087977 
0.633957 0.503568 0.312128 -0.699011 0.085044 0.634031 0.503568 0.312128 -0.699011 0.086999 0.634080 0.503476 0.312128 -0.699011 0.088954 0.634154 0.503337 0.312128 -0.699011 0.087977 0.634203 0.503183 0.312128 -0.699011 0.087977 0.634252 0.502999 0.312128 -0.699011 0.089932 
0.634031 0.503568 0.312128 -0.699011 0.086999 0.634080 0.503476 0.312128 -0.699011 0.088954 0.634154 0.503337 0.312128 -0.699011 0.087977 0.634203 0.503183 0.312128 -0.699011 0.087977 0.634252 0.502999 0.312128 -0.699011 0.089932 0.634301 0.502799 0.312128 -0.699011 0.090909 
0.634080 0.503476 0.312128 -0.699011 0.088954 0.634154 0.503337 0.312128 -0.699011 0.087977 0.634203 0.503183 0.312128 -0.699011 0.087977 0.634252 0.502999 0.312128 -0.699011 0.089932 0.634301 0.502799 0.312128 -0.699011 0.090909 0.634375 0.502568 0.312128 -0.699011 0.092864 
0.634154 0.503337 0.312128 -0.699011 0.087977 0.634203 0.503183 0.312128 -0.699011 0.087977 0.634252 0.502999 0.312128 -0.699011 0.089932 0.634301 0.502799 0.312128 -0.699011 0.090909 0.634375 0.502568 0.312128 -0.699011 0.092864 0.634449 0.502291 0.312128 -0.699011 0.092864 
0.634203 0.503183 0.312128 -0.699011 0.087977 0.634252 0.502999 0.312128 -0.699011 0.089932 0.634301 0.502799 0.312128 -0.699011 0.090909 0.634375 0.502568 0.312128 -0.699011 0.092864 0.634449 0.502291 0.312128 -0.699011 0.092864 0.634523 0.501999 0.312128 -0.699011 0.092864 
0.634252 0.502999 0.312128 -0.699011 0.089932 0.634301 0.502799 0.312128 -0.699011 0.090909 0.634375 0.502568 0.312128 -0.699011 0.092864 0.634449 0.502291 0.312128 -0.699011 0.092864 0.634523 0.501999 0.312128 -0.699011 0.092864 0.634596 0.501676 0.312128 -0.699011 0.091887 
0.634301 0.502799 0.312128 -0.699011 0.090909 0.634375 0.502568 0.312128 -0.699011 0.092864 0.634449 0.502291 0.312128 -0.699011 0.092864 0.634523 0.501999 0.312128 -0.699011 0.092864 0.634596 0.501676 0.312128 -0.699011 0.091887 0.634720 0.501338 0.312128 -0.699011 0.092864 
0.634375 0.502568 0.312128 -0.699011 0.092864 0.634449 0.502291 0.312128 -0.699011 0.092864 0.634523 0.501999 0.312128 -0.699011 0.092864 0.634596 0.501676 0.312128 -0.699011 0.091887 0.634720 0.501338 0.312128 -0.699011 0.092864 0.634818 0.500984 0.312128 -0.699011 0.096774 
0.634449 0.502291 0.312128 -0.699011 0.092864 0.634523 0.501999 0.312128 -0.699011 0.092864 0.634596 0.501676 0.312128 -0.699011 0.091887 0.634720 0.501338 0.312128 -0.699011 0.092864 0.634818 0.500984 0.312128 -0.699011 0.096774 0.634916 0.500615 0.312128 -0.699011 0.096774 
0.634523 0.501999 0.312128 -0.699011 0.092864 0.634596 0.501676 0.312128 -0.699011 0.091887 0.634720 0.501338 0.312128 -0.699011 0.092864 0.634818 0.500984 0.312128 -0.699011 0.096774 0.634916 0.500615 0.312128 -0.699011 0.096774 0.635039 0.500231 0.312128 -0.699011 0.094819 
0.634596 0.501676 0.312128 -0.699011 0.091887 0.634720 0.501338 0.312128 -0.699011 0.092864 0.634818 0.500984 0.312128 -0.699011 0.096774 0.634916 0.500615 0.312128 -0.699011 0.096774 0.635039 0.500231 0.312128 -0.699011 0.094819 0.635138 0.499846 0.312128 -0.699011 0.092864 
0.634720 0.501338 0.312128 -0.699011 0.092864 0.634818 0.500984 0.312128 -0.699011 0.096774 0.634916 0.500615 0.312128 -0.699011 0.096774 0.635039 0.500231 0.312128 -0.699011 0.094819 0.635138 0.499846 0.312128 -0.699011 0.092864 0.635261 0.499446 0.294754 -0.722618 0.095797 
0.634818 0.500984 0.312128 -0.699011 0.096774 0.634916 0.500615 0.312128 -0.699011 0.096774 0.635039 0.500231 0.312128 -0.699011 0.094819 0.635138 0.499846 0.312128 -0.699011 0.092864 0.635261 0.499446 0.294754 -0.722618 0.095797 0.635335 0.499062 0.294754 -0.722618 0.098729 
