0.640723 0.516363 0.687703 -0.603512 0.041056 0.643725 0.516625 0.663374 -0.596745 0.139785 0.641831 0.516363 0.687703 -0.603512 0.070381 0.642790 0.516486 0.663374 -0.596745 0.106549 0.644587 0.516732 0.663374 -0.596745 0.182796 0.645989 0.516963 0.639099 -0.589706 0.289345 
0.643725 0.516625 0.663374 -0.596745 0.139785 0.641831 0.516363 0.687703 -0.603512 0.070381 0.642790 0.516486 0.663374 -0.596745 0.106549 0.644587 0.516732 0.663374 -0.596745 0.182796 0.645989 0.516963 0.639099 -0.589706 0.289345 0.645325 0.516840 0.663374 -0.596745 0.241447 
0.641831 0.516363 0.687703 -0.603512 0.070381 0.642790 0.516486 0.663374 -0.596745 0.106549 0.644587 0.516732 0.663374 -0.596745 0.182796 0.645989 0.516963 0.639099 -0.589706 0.289345 0.645325 0.516840 0.663374 -0.596745 0.241447 0.646555 0.517071 0.639099 -0.589706 0.316716 
0.642790 0.516486 0.663374 -0.596745 0.106549 0.644587 0.516732 0.663374 -0.596745 0.182796 0.645989 0.516963 0.639099 -0.589706 0.289345 0.645325 0.516840 0.663374 -0.596745 0.241447 0.646555 0.517071 0.639099 -0.589706 0.316716 0.647072 0.517163 0.639099 -0.589706 0.353861 
0.644587 0.516732 0.663374 -0.596745 0.182796 0.645989 0.516963 0.639099 -0.589706 0.289345 0.645325 0.516840 0.663374 -0.596745 0.241447 0.646555 0.517071 0.639099 -0.589706 0.316716 0.647072 0.517163 0.639099 -0.589706 0.353861 0.647515 0.517255 0.639099 -0.589706 0.394917 
0.645989 0.516963 0.639099 -0.589706 0.289345 0.645325 0.516840 0.663374 -0.596745 0.241447 0.646555 0.517071 0.639099 -0.589706 0.316716 0.647072 0.517163 0.639099 -0.589706 0.353861 0.647515 0.517255 0.639099 -0.589706 0.394917 0.647884 0.517332 0.663374 -0.596745 0.435973 
0.645325 0.516840 0.663374 -0.596745 0.241447 0.646555 0.517071 0.639099 -0.589706 0.316716 0.647072 0.517163 0.639099 -0.589706 0.353861 0.647515 0.517255 0.639099 -0.589706 0.394917 0.647884 0.517332 0.663374 -0.596745 0.435973 0.648179 0.517394 0.663374 -0.596745 0.473118 
0.646555 0.517071 0.639099 -0.589706 0.316716 0.647072 0.517163 0.639099 -0.589706 0.353861 0.647515 0.517255 0.639099 -0.589706 0.394917 0.647884 0.517332 0.663374 -0.596745 0.435973 0.648179 0.517394 0.663374 -0.596745 0.473118 0.648401 0.517455 0.663374 -0.596745 0.502444 
0.647072 0.517163 0.639099 -0.589706 0.353861 0.647515 0.517255 0.639099 -0.589706 0.394917 0.647884 0.517332 0.663374 -0.596745 0.435973 0.648179 0.517394 0.663374 -0.596745 0.473118 0.648401 0.517455 0.663374 -0.596745 0.502444 0.648573 0.517486 0.663374 -0.596745 0.528837 
0.647515 0.517255 0.639099 -0.589706 0.394917 0.647884 0.517332 0.663374 -0.596745 0.435973 0.648179 0.517394 0.663374 -0.596745 0.473118 0.648401 0.517455 0.663374 -0.596745 0.502444 0.648573 0.517486 0.663374 -0.596745 0.528837 0.648696 0.517517 0.663374 -0.596745 0.553275 
0.647884 0.517332 0.663374 -0.596745 0.435973 0.648179 0.517394 0.663374 -0.596745 0.473118 0.648401 0.517455 0.663374 -0.596745 0.502444 0.648573 0.517486 0.663374 -0.596745 0.528837 0.648696 0.517517 0.663374 -0.596745 0.553275 0.648819 0.517517 0.663374 -0.596745 0.572825 
0.648179 0.517394 0.663374 -0.596745 0.473118 0.648401 0.517455 0.663374 -0.596745 0.502444 0.648573 0.517486 0.663374 -0.596745 0.528837 0.648696 0.517517 0.663374 -0.596745 0.553275 0.648819 0.517517 0.663374 -0.596745 0.572825 0.648893 0.517517 0.663374 -0.596745 0.589443 
0.648401 0.517455 0.663374 -0.596745 0.502444 0.648573 0.517486 0.663374 -0.596745 0.528837 0.648696 0.517517 0.663374 -0.596745 0.553275 0.648819 0.517517 0.663374 -0.596745 0.572825 0.648893 0.517517 0.663374 -0.596745 0.589443 0.648917 0.517517 0.663374 -0.596745 0.603128 
0.648573 0.517486 0.663374 -0.596745 0.528837 0.648696 0.517517 0.663374 -0.596745 0.553275 0.648819 0.517517 0.663374 -0.596745 0.572825 0.648893 0.517517 0.663374 -0.596745 0.589443 0.648917 0.517517 0.663374 -0.596745 0.603128 0.648696 0.517517 0.677636 -0.577556 0.615836 
0.648696 0.517517 0.663374 -0.596745 0.553275 0.648819 0.517517 0.663374 -0.596745 0.572825 0.648893 0.517517 0.663374 -0.596745 0.589443 0.648917 0.517517 0.663374 -0.596745 0.603128 0.648696 0.517517 0.677636 -0.577556 0.615836 0.648376 0.517455 0.677636 -0.577556 0.611926 
0.648819 0.517517 0.663374 -0.596745 0.572825 0.648893 0.517517 0.663374 -0.596745 0.589443 0.648917 0.517517 0.663374 -0.596745 0.603128 0.648696 0.517517 0.677636 -0.577556 0.615836 0.648376 0.517455 0.677636 -0.577556 0.611926 0.647908 0.517332 0.677636 -0.577556 0.610948 
0.648893 0.517517 0.663374 -0.596745 0.589443 0.648917 0.517517 0.663374 -0.596745 0.603128 0.648696 0.517517 0.677636 -0.577556 0.615836 0.648376 0.517455 0.677636 -0.577556 0.611926 0.647908 0.517332 0.677636 -0.577556 0.610948 0.647269 0.517209 0.677636 -0.577556 0.609971 
0.648917 0.517517 0.663374 -0.596745 0.603128 0.648696 0.517517 0.677636 -0.577556 0.615836 0.648376 0.517455 0.677636 -0.577556 0.611926 0.647908 0.517332 0.677636 -0.577556 0.610948 0.647269 0.517209 0.677636 -0.577556 0.609971 0.646555 0.517071 0.677636 -0.577556 0.608993 
0.648696 0.517517 0.677636 -0.577556 0.615836 0.648376 0.517455 0.677636 -0.577556 0.611926 0.647908 0.517332 0.677636 -0.577556 0.610948 0.647269 0.517209 0.677636 -0.577556 0.609971 0.646555 0.517071 0.677636 -0.577556 0.608993 0.645620 0.516932 0.684427 -0.567563 0.609971 
0.648376 0.517455 0.677636 -0.577556 0.611926 0.647908 0.517332 0.677636 -0.577556 0.610948 0.647269 0.517209 0.677636 -0.577556 0.609971 0.646555 0.517071 0.677636 -0.577556 0.608993 0.645620 0.516932 0.684427 -0.567563 0.609971 0.644513 0.516809 0.684427 -0.567563 0.615836 
0.647908 0.517332 0.677636 -0.577556 0.610948 0.647269 0.517209 0.677636 -0.577556 0.609971 0.646555 0.517071 0.677636 -0.577556 0.608993 0.645620 0.516932 0.684427 -0.567563 0.609971 0.644513 0.516809 0.684427 -0.567563 0.615836 0.643209 0.516686 0.684427 -0.567563 0.618768 
0.647269 0.517209 0.677636 -0.577556 0.609971 0.646555 0.517071 0.677636 -0.577556 0.608993 0.645620 0.516932 0.684427 -0.567563 0.609971 0.644513 0.516809 0.684427 -0.567563 0.615836 0.643209 0.516686 0.684427 -0.567563 0.618768 0.641732 0.516578 0.684427 -0.567563 0.615836 
0.646555 0.517071 0.677636 -0.577556 0.608993 0.645620 0.516932 0.684427 -0.567563 0.609971 0.644513 0.516809 0.684427 -0.567563 0.615836 0.643209 0.516686 0.684427 -0.567563 0.618768 0.641732 0.516578 0.684427 -0.567563 0.615836 0.640034 0.516471 0.684427 -0.567563 0.619746 
0.645620 0.516932 0.684427 -0.567563 0.609971 0.644513 0.516809 0.684427 -0.567563 0.615836 0.643209 0.516686 0.684427 -0.567563 0.618768 0.641732 0.516578 0.684427 -0.567563 0.615836 0.640034 0.516471 0.684427 -0.567563 0.619746 0.638091 0.516409 0.684427 -0.567563 0.622678 
0.644513 0.516809 0.684427 -0.567563 0.615836 0.643209 0.516686 0.684427 -0.567563 0.618768 0.641732 0.516578 0.684427 -0.567563 0.615836 0.640034 0.516471 0.684427 -0.567563 0.619746 0.638091 0.516409 0.684427 -0.567563 0.622678 0.635925 0.516363 0.684427 -0.567563 0.622678 
0.643209 0.516686 0.684427 -0.567563 0.618768 0.641732 0.516578 0.684427 -0.567563 0.615836 0.640034 0.516471 0.684427 -0.567563 0.619746 0.638091 0.516409 0.684427 -0.567563 0.622678 0.635925 0.516363 0.684427 -0.567563 0.622678 0.633465 0.516363 0.673908 -0.541753 0.621701 
0.641732 0.516578 0.684427 -0.567563 0.615836 0.640034 0.516471 0.684427 -0.567563 0.619746 0.638091 0.516409 0.684427 -0.567563 0.622678 0.635925 0.516363 0.684427 -0.567563 0.622678 0.633465 0.516363 0.673908 -0.541753 0.621701 0.630758 0.516363 0.673908 -0.541753 0.635386 
0.640034 0.516471 0.684427 -0.567563 0.619746 0.638091 0.516409 0.684427 -0.567563 0.622678 0.635925 0.516363 0.684427 -0.567563 0.622678 0.633465 0.516363 0.673908 -0.541753 0.621701 0.630758 0.516363 0.673908 -0.541753 0.635386 0.627854 0.516363 0.673908 -0.541753 0.636364 
0.469882 0.485221 0.389452 -0.563605 0.000000 0.468504 0.490588 0.343283 -0.519589 0.000000 0.466585 0.496232 0.328033 -0.482709 0.000000 0.464296 0.502153 0.296906 -0.455310 0.000000 0.618455 0.543338 0.039083 0.057907 0.000000 0.626624 0.539170 0.037041 0.037041 0.000000 
0.468504 0.490588 0.343283 -0.519589 0.000000 0.466585 0.496232 0.328033 -0.482709 0.000000 0.464296 0.502153 0.296906 -0.455310 0.000000 0.618455 0.543338 0.039083 0.057907 0.000000 0.626624 0.539170 0.037041 0.037041 0.000000 0.628248 0.538278 0.037041 0.037041 0.000000 
0.466585 0.496232 0.328033 -0.482709 0.000000 0.464296 0.502153 0.296906 -0.455310 0.000000 0.618455 0.543338 0.039083 0.057907 0.000000 0.626624 0.539170 0.037041 0.037041 0.000000 0.628248 0.538278 0.037041 0.037041 0.000000 0.629798 0.537355 0.037041 0.037041 0.000000 
0.464296 0.502153 0.296906 -0.455310 0.000000 0.618455 0.543338 0.039083 0.057907 0.000000 0.626624 0.539170 0.037041 0.037041 0.000000 0.628248 0.538278 0.037041 0.037041 0.000000 0.629798 0.537355 0.037041 0.037041 0.000000 0.631496 0.536340 0.031105 0.015852 0.000000 
0.618455 0.543338 0.039083 0.057907 0.000000 0.626624 0.539170 0.037041 0.037041 0.000000 0.628248 0.538278 0.037041 0.037041 0.000000 0.629798 0.537355 0.037041 0.037041 0.000000 0.631496 0.536340 0.031105 0.015852 0.000000 0.632899 0.535341 0.012342 0.012342 0.000000 
0.626624 0.539170 0.037041 0.037041 0.000000 0.628248 0.538278 0.037041 0.037041 0.000000 0.629798 0.537355 0.037041 0.037041 0.000000 0.631496 0.536340 0.031105 0.015852 0.000000 0.632899 0.535341 0.012342 0.012342 0.000000 0.635630 0.533295 0.012342 0.012342 0.000000 
0.628248 0.538278 0.037041 0.037041 0.000000 0.629798 0.537355 0.037041 0.037041 0.000000 0.631496 0.536340 0.031105 0.015852 0.000000 0.632899 0.535341 0.012342 0.012342 0.000000 0.635630 0.533295 0.012342 0.012342 0.000000 0.634326 0.534341 0.012342 0.012342 0.000000 
0.629798 0.537355 0.037041 0.037041 0.000000 0.631496 0.536340 0.031105 0.015852 0.000000 0.632899 0.535341 0.012342 0.012342 0.000000 0.635630 0.533295 0.012342 0.012342 0.000000 0.634326 0.534341 0.012342 0.012342 0.000000 0.636786 0.532265 0.017453 0.000000 0.000000 
0.631496 0.536340 0.031105 0.015852 0.000000 0.632899 0.535341 0.012342 0.012342 0.000000 0.635630 0.533295 0.012342 0.012342 0.000000 0.634326 0.534341 0.012342 0.012342 0.000000 0.636786 0.532265 0.017453 0.000000 0.000000 0.639296 0.530297 0.000000 0.000000 0.000000 
0.632899 0.535341 0.012342 0.012342 0.000000 0.635630 0.533295 0.012342 0.012342 0.000000 0.634326 0.534341 0.012342 0.012342 0.000000 0.636786 0.532265 0.017453 0.000000 0.000000 0.639296 0.530297 0.000000 0.000000 0.000000 0.641609 0.528359 0.000000 0.000000 0.000000 
0.635630 0.533295 0.012342 0.012342 0.000000 0.634326 0.534341 0.012342 0.012342 0.000000 0.636786 0.532265 0.017453 0.000000 0.000000 0.639296 0.530297 0.000000 0.000000 0.000000 0.641609 0.528359 0.000000 0.000000 0.000000 0.643652 0.526436 0.000000 0.000000 0.000000 
0.634326 0.534341 0.012342 0.012342 0.000000 0.636786 0.532265 0.017453 0.000000 0.000000 0.639296 0.530297 0.000000 0.000000 0.000000 0.641609 0.528359 0.000000 0.000000 0.000000 0.643652 0.526436 0.000000 0.000000 0.000000 0.646875 0.522853 -0.012342 -0.012342 0.000000 
0.636786 0.532265 0.017453 0.000000 0.000000 0.639296 0.530297 0.000000 0.000000 0.000000 0.641609 0.528359 0.000000 0.000000 0.000000 0.643652 0.526436 0.000000 0.000000 0.000000 0.646875 0.522853 -0.012342 -0.012342 0.000000 0.645349 0.524622 0.000000 -0.017453 0.000000 
0.639296 0.530297 0.000000 0.000000 0.000000 0.641609 0.528359 0.000000 0.000000 0.000000 0.643652 0.526436 0.000000 0.000000 0.000000 0.646875 0.522853 -0.012342 -0.012342 0.000000 0.645349 0.524622 0.000000 -0.017453 0.000000 0.646875 0.521208 -0.015852 -0.031105 0.000000 
0.641609 0.528359 0.000000 0.000000 0.000000 0.643652 0.526436 0.000000 0.000000 0.000000 0.646875 0.522853 -0.012342 -0.012342 0.000000 0.645349 0.524622 0.000000 -0.017453 0.000000 0.646875 0.521208 -0.015852 -0.031105 0.000000 0.646506 0.519747 -0.015852 -0.031105 0.000000 
0.643652 0.526436 0.000000 0.000000 0.000000 0.646875 0.522853 -0.012342 -0.012342 0.000000 0.645349 0.524622 0.000000 -0.017453 0.000000 0.646875 0.521208 -0.015852 -0.031105 0.000000 0.646506 0.519747 -0.015852 -0.031105 0.000000 0.645940 0.518424 -0.016193 -0.049802 0.000000 
0.646875 0.522853 -0.012342 -0.012342 0.000000 0.645349 0.524622 0.000000 -0.017453 0.000000 0.646875 0.521208 -0.015852 -0.031105 0.000000 0.646506 0.519747 -0.015852 -0.031105 0.000000 0.645940 0.518424 -0.016193 -0.049802 0.000000 0.645349 0.517255 0.000000 -0.069813 0.000000 
0.645349 0.524622 0.000000 -0.017453 0.000000 0.646875 0.521208 -0.015852 -0.031105 0.000000 0.646506 0.519747 -0.015852 -0.031105 0.000000 0.645940 0.518424 -0.016193 -0.049802 0.000000 0.645349 0.517255 0.000000 -0.069813 0.000000 0.644660 0.516240 0.000000 -0.087266 0.000000 
0.646875 0.521208 -0.015852 -0.031105 0.000000 0.646506 0.519747 -0.015852 -0.031105 0.000000 0.645940 0.518424 -0.016193 -0.049802 0.000000 0.645349 0.517255 0.000000 -0.069813 0.000000 0.644660 0.516240 0.000000 -0.087266 0.000000 0.644660 0.516256 0.016440 -0.103440 0.000000 
0.646506 0.519747 -0.015852 -0.031105 0.000000 0.645940 0.518424 -0.016193 -0.049802 0.000000 0.645349 0.517255 0.000000 -0.069813 0.000000 0.644660 0.516240 0.000000 -0.087266 0.000000 0.644660 0.516256 0.016440 -0.103440 0.000000 0.644857 0.516578 0.054118 -0.147748 0.000000 
0.645940 0.518424 -0.016193 -0.049802 0.000000 0.645349 0.517255 0.000000 -0.069813 0.000000 0.644660 0.516240 0.000000 -0.087266 0.000000 0.644660 0.516256 0.016440 -0.103440 0.000000 0.644857 0.516578 0.054118 -0.147748 0.000000 0.645153 0.516901 0.085005 -0.172962 0.000000 
0.645349 0.517255 0.000000 -0.069813 0.000000 0.644660 0.516240 0.000000 -0.087266 0.000000 0.644660 0.516256 0.016440 -0.103440 0.000000 0.644857 0.516578 0.054118 -0.147748 0.000000 0.645153 0.516901 0.085005 -0.172962 0.000000 0.647170 0.515794 0.124024 -0.212660 0.000000 
0.644660 0.516240 0.000000 -0.087266 0.000000 0.644660 0.516256 0.016440 -0.103440 0.000000 0.644857 0.516578 0.054118 -0.147748 0.000000 0.645153 0.516901 0.085005 -0.172962 0.000000 0.647170 0.515794 0.124024 -0.212660 0.000000 0.648745 0.514656 0.156181 -0.256299 0.000000 
0.644660 0.516256 0.016440 -0.103440 0.000000 0.644857 0.516578 0.054118 -0.147748 0.000000 0.645153 0.516901 0.085005 -0.172962 0.000000 0.647170 0.515794 0.124024 -0.212660 0.000000 0.648745 0.514656 0.156181 -0.256299 0.000000 0.649926 0.513826 0.190535 -0.299387 0.000000 
0.644857 0.516578 0.054118 -0.147748 0.000000 0.645153 0.516901 0.085005 -0.172962 0.000000 0.647170 0.515794 0.124024 -0.212660 0.000000 0.648745 0.514656 0.156181 -0.256299 0.000000 0.649926 0.513826 0.190535 -0.299387 0.000000 0.650443 0.513272 0.221255 -0.345533 0.000000 
0.645153 0.516901 0.085005 -0.172962 0.000000 0.647170 0.515794 0.124024 -0.212660 0.000000 0.648745 0.514656 0.156181 -0.256299 0.000000 0.649926 0.513826 0.190535 -0.299387 0.000000 0.650443 0.513272 0.221255 -0.345533 0.000000 0.651132 0.512888 0.277568 -0.399680 0.000000 
0.647170 0.515794 0.124024 -0.212660 0.000000 0.648745 0.514656 0.156181 -0.256299 0.000000 0.649926 0.513826 0.190535 -0.299387 0.000000 0.650443 0.513272 0.221255 -0.345533 0.000000 0.651132 0.512888 0.277568 -0.399680 0.000000 0.651230 0.512872 0.319788 -0.441764 0.000000 
0.648745 0.514656 0.156181 -0.256299 0.000000 0.649926 0.513826 0.190535 -0.299387 0.000000 0.650443 0.513272 0.221255 -0.345533 0.000000 0.651132 0.512888 0.277568 -0.399680 0.000000 0.651230 0.512872 0.319788 -0.441764 0.000000 0.651476 0.512503 0.348336 -0.493881 0.000000 
0.649926 0.513826 0.190535 -0.299387 0.000000 0.650443 0.513272 0.221255 -0.345533 0.000000 0.651132 0.512888 0.277568 -0.399680 0.000000 0.651230 0.512872 0.319788 -0.441764 0.000000 0.651476 0.512503 0.348336 -0.493881 0.000000 0.651747 0.512503 0.381904 -0.520764 0.000000 
0.650443 0.513272 0.221255 -0.345533 0.000000 0.651132 0.512888 0.277568 -0.399680 0.000000 0.651230 0.512872 0.319788 -0.441764 0.000000 0.651476 0.512503 0.348336 -0.493881 0.000000 0.651747 0.512503 0.381904 -0.520764 0.000000 0.651845 0.512119 0.411898 -0.574767 0.000000 
0.651132 0.512888 0.277568 -0.399680 0.000000 0.651230 0.512872 0.319788 -0.441764 0.000000 0.651476 0.512503 0.348336 -0.493881 0.000000 0.651747 0.512503 0.381904 -0.520764 0.000000 0.651845 0.512119 0.411898 -0.574767 0.000000 0.651919 0.512119 0.448566 -0.602186 0.000000 
0.651230 0.512872 0.319788 -0.441764 0.000000 0.651476 0.512503 0.348336 -0.493881 0.000000 0.651747 0.512503 0.381904 -0.520764 0.000000 0.651845 0.512119 0.411898 -0.574767 0.000000 0.651919 0.512119 0.448566 -0.602186 0.000000 0.651968 0.511734 0.466443 -0.641237 0.000000 
0.651476 0.512503 0.348336 -0.493881 0.000000 0.651747 0.512503 0.381904 -0.520764 0.000000 0.651845 0.512119 0.411898 -0.574767 0.000000 0.651919 0.512119 0.448566 -0.602186 0.000000 0.651968 0.511734 0.466443 -0.641237 0.000000 0.652018 0.511365 0.495138 -0.675102 0.000000 
0.651747 0.512503 0.381904 -0.520764 0.000000 0.651845 0.512119 0.411898 -0.574767 0.000000 0.651919 0.512119 0.448566 -0.602186 0.000000 0.651968 0.511734 0.466443 -0.641237 0.000000 0.652018 0.511365 0.495138 -0.675102 0.000000 0.652018 0.511011 0.551438 -0.720771 0.000000 
0.651845 0.512119 0.411898 -0.574767 0.000000 0.651919 0.512119 0.448566 -0.602186 0.000000 0.651968 0.511734 0.466443 -0.641237 0.000000 0.652018 0.511365 0.495138 -0.675102 0.000000 0.652018 0.511011 0.551438 -0.720771 0.000000 0.652018 0.510673 0.555751 -0.744156 0.000000 
0.651919 0.512119 0.448566 -0.602186 0.000000 0.651968 0.511734 0.466443 -0.641237 0.000000 0.652018 0.511365 0.495138 -0.675102 0.000000 0.652018 0.511011 0.551438 -0.720771 0.000000 0.652018 0.510673 0.555751 -0.744156 0.000000 0.651329 0.510335 0.612888 -0.844330 0.000000 
0.651968 0.511734 0.466443 -0.641237 0.000000 0.652018 0.511365 0.495138 -0.675102 0.000000 0.652018 0.511011 0.551438 -0.720771 0.000000 0.652018 0.510673 0.555751 -0.744156 0.000000 0.651329 0.510335 0.612888 -0.844330 0.000000 0.651944 0.510335 0.575725 -0.785142 0.000000 
0.652018 0.511365 0.495138 -0.675102 0.000000 0.652018 0.511011 0.551438 -0.720771 0.000000 0.652018 0.510673 0.555751 -0.744156 0.000000 0.651329 0.510335 0.612888 -0.844330 0.000000 0.651944 0.510335 0.575725 -0.785142 0.000000 0.651378 0.510335 0.592081 -0.802920 0.000000 
0.652018 0.511011 0.551438 -0.720771 0.000000 0.652018 0.510673 0.555751 -0.744156 0.000000 0.651329 0.510335 0.612888 -0.844330 0.000000 0.651944 0.510335 0.575725 -0.785142 0.000000 0.651378 0.510335 0.592081 -0.802920 0.000000 0.650689 0.510319 0.630167 -0.862412 0.000000 
0.652018 0.510673 0.555751 -0.744156 0.000000 0.651329 0.510335 0.612888 -0.844330 0.000000 0.651944 0.510335 0.575725 -0.785142 0.000000 0.651378 0.510335 0.592081 -0.802920 0.000000 0.650689 0.510319 0.630167 -0.862412 0.000000 0.650468 0.510273 0.634189 -0.885844 0.000000 
0.651329 0.510335 0.612888 -0.844330 0.000000 0.651944 0.510335 0.575725 -0.785142 0.000000 0.651378 0.510335 0.592081 -0.802920 0.000000 0.650689 0.510319 0.630167 -0.862412 0.000000 0.650468 0.510273 0.634189 -0.885844 0.000000 0.650295 0.510227 0.652133 -0.904092 0.000000 
0.651944 0.510335 0.575725 -0.785142 0.000000 0.651378 0.510335 0.592081 -0.802920 0.000000 0.650689 0.510319 0.630167 -0.862412 0.000000 0.650468 0.510273 0.634189 -0.885844 0.000000 0.650295 0.510227 0.652133 -0.904092 0.000000 0.650123 0.510119 0.652133 -0.904092 0.000000 
0.651378 0.510335 0.592081 -0.802920 0.000000 0.650689 0.510319 0.630167 -0.862412 0.000000 0.650468 0.510273 0.634189 -0.885844 0.000000 0.650295 0.510227 0.652133 -0.904092 0.000000 0.650123 0.510119 0.652133 -0.904092 0.000000 0.649779 0.509950 0.656136 -0.927378 0.000000 
0.650689 0.510319 0.630167 -0.862412 0.000000 0.650468 0.510273 0.634189 -0.885844 0.000000 0.650295 0.510227 0.652133 -0.904092 0.000000 0.650123 0.510119 0.652133 -0.904092 0.000000 0.649779 0.509950 0.656136 -0.927378 0.000000 0.649483 0.509889 0.656136 -0.927378 0.000000 
0.650468 0.510273 0.634189 -0.885844 0.000000 0.650295 0.510227 0.652133 -0.904092 0.000000 0.650123 0.510119 0.652133 -0.904092 0.000000 0.649779 0.509950 0.656136 -0.927378 0.000000 0.649483 0.509889 0.656136 -0.927378 0.000000 0.649237 0.509827 0.656136 -0.927378 0.000000 
0.650295 0.510227 0.652133 -0.904092 0.000000 0.650123 0.510119 0.652133 -0.904092 0.000000 0.649779 0.509950 0.656136 -0.927378 0.000000 0.649483 0.509889 0.656136 -0.927378 0.000000 0.649237 0.509827 0.656136 -0.927378 0.000000 0.649016 0.509827 0.656136 -0.927378 0.000000 
0.650123 0.510119 0.652133 -0.904092 0.000000 0.649779 0.509950 0.656136 -0.927378 0.000000 0.649483 0.509889 0.656136 -0.927378 0.000000 0.649237 0.509827 0.656136 -0.927378 0.000000 0.649016 0.509827 0.656136 -0.927378 0.000000 0.648721 0.509827 0.656136 -0.927378 0.000000 
0.649779 0.509950 0.656136 -0.927378 0.000000 0.649483 0.509889 0.656136 -0.927378 0.000000 0.649237 0.509827 0.656136 -0.927378 0.000000 0.649016 0.509827 0.656136 -0.927378 0.000000 0.648721 0.509827 0.656136 -0.927378 0.000000 0.648671 0.509827 0.656136 -0.927378 0.000000 
0.649483 0.509889 0.656136 -0.927378 0.000000 0.649237 0.509827 0.656136 -0.927378 0.000000 0.649016 0.509827 0.656136 -0.927378 0.000000 0.648721 0.509827 0.656136 -0.927378 0.000000 0.648671 0.509827 0.656136 -0.927378 0.000000 0.648597 0.509827 0.637897 -0.909082 0.000000 
0.649237 0.509827 0.656136 -0.927378 0.000000 0.649016 0.509827 0.656136 -0.927378 0.000000 0.648721 0.509827 0.656136 -0.927378 0.000000 0.648671 0.509827 0.656136 -0.927378 0.000000 0.648597 0.509827 0.637897 -0.909082 0.000000 0.648597 0.509996 0.637897 -0.909082 0.000000 
0.649016 0.509827 0.656136 -0.927378 0.000000 0.648721 0.509827 0.656136 -0.927378 0.000000 0.648671 0.509827 0.656136 -0.927378 0.000000 0.648597 0.509827 0.637897 -0.909082 0.000000 0.648597 0.509996 0.637897 -0.909082 0.000000 0.648597 0.510227 0.634189 -0.885844 0.000000 
0.648721 0.509827 0.656136 -0.927378 0.000000 0.648671 0.509827 0.656136 -0.927378 0.000000 0.648597 0.509827 0.637897 -0.909082 0.000000 0.648597 0.509996 0.637897 -0.909082 0.000000 0.648597 0.510227 0.634189 -0.885844 0.000000 0.648597 0.510304 0.634189 -0.885844 0.000000 
0.648671 0.509827 0.656136 -0.927378 0.000000 0.648597 0.509827 0.637897 -0.909082 0.000000 0.648597 0.509996 0.637897 -0.909082 0.000000 0.648597 0.510227 0.634189 -0.885844 0.000000 0.648597 0.510304 0.634189 -0.885844 0.000000 0.648597 0.510581 0.616667 -0.867692 0.000000 
0.648597 0.509827 0.637897 -0.909082 0.000000 0.648597 0.509996 0.637897 -0.909082 0.000000 0.648597 0.510227 0.634189 -0.885844 0.000000 0.648597 0.510304 0.634189 -0.885844 0.000000 0.648597 0.510581 0.616667 -0.867692 0.000000 0.648622 0.510858 0.630167 -0.862412 0.000000 
0.648597 0.509996 0.637897 -0.909082 0.000000 0.648597 0.510227 0.634189 -0.885844 0.000000 0.648597 0.510304 0.634189 -0.885844 0.000000 0.648597 0.510581 0.616667 -0.867692 0.000000 0.648622 0.510858 0.630167 -0.862412 0.000000 0.648622 0.511165 0.630167 -0.862412 0.000000 
0.648597 0.510227 0.634189 -0.885844 0.000000 0.648597 0.510304 0.634189 -0.885844 0.000000 0.648597 0.510581 0.616667 -0.867692 0.000000 0.648622 0.510858 0.630167 -0.862412 0.000000 0.648622 0.511165 0.630167 -0.862412 0.000000 0.648622 0.511519 0.612888 -0.844330 0.000000 
0.648597 0.510304 0.634189 -0.885844 0.000000 0.648597 0.510581 0.616667 -0.867692 0.000000 0.648622 0.510858 0.630167 -0.862412 0.000000 0.648622 0.511165 0.630167 -0.862412 0.000000 0.648622 0.511519 0.612888 -0.844330 0.000000 0.648622 0.511796 0.608781 -0.820807 0.000000 
0.648597 0.510581 0.616667 -0.867692 0.000000 0.648622 0.510858 0.630167 -0.862412 0.000000 0.648622 0.511165 0.630167 -0.862412 0.000000 0.648622 0.511519 0.612888 -0.844330 0.000000 0.648622 0.511796 0.608781 -0.820807 0.000000 0.648302 0.512119 0.604353 -0.797146 0.000000 
0.648622 0.510858 0.630167 -0.862412 0.000000 0.648622 0.511165 0.630167 -0.862412 0.000000 0.648622 0.511519 0.612888 -0.844330 0.000000 0.648622 0.511796 0.608781 -0.820807 0.000000 0.648302 0.512119 0.604353 -0.797146 0.000000 0.647835 0.512488 0.592081 -0.802920 0.000000 
0.648622 0.511165 0.630167 -0.862412 0.000000 0.648622 0.511519 0.612888 -0.844330 0.000000 0.648622 0.511796 0.608781 -0.820807 0.000000 0.648302 0.512119 0.604353 -0.797146 0.000000 0.647835 0.512488 0.592081 -0.802920 0.000000 0.647441 0.512888 0.587832 -0.779366 0.000000 
0.648622 0.511519 0.612888 -0.844330 0.000000 0.648622 0.511796 0.608781 -0.820807 0.000000 0.648302 0.512119 0.604353 -0.797146 0.000000 0.647835 0.512488 0.592081 -0.802920 0.000000 0.647441 0.512888 0.587832 -0.779366 0.000000 0.647023 0.513303 0.571635 -0.761703 0.000000 
0.648622 0.511796 0.608781 -0.820807 0.000000 0.648302 0.512119 0.604353 -0.797146 0.000000 0.647835 0.512488 0.592081 -0.802920 0.000000 0.647441 0.512888 0.587832 -0.779366 0.000000 0.647023 0.513303 0.571635 -0.761703 0.000000 0.646654 0.513780 0.583251 -0.755714 0.000000 
0.648302 0.512119 0.604353 -0.797146 0.000000 0.647835 0.512488 0.592081 -0.802920 0.000000 0.647441 0.512888 0.587832 -0.779366 0.000000 0.647023 0.513303 0.571635 -0.761703 0.000000 0.646654 0.513780 0.583251 -0.755714 0.000000 0.646383 0.514287 0.578342 -0.731988 0.000000 
0.647835 0.512488 0.592081 -0.802920 0.000000 0.647441 0.512888 0.587832 -0.779366 0.000000 0.647023 0.513303 0.571635 -0.761703 0.000000 0.646654 0.513780 0.583251 -0.755714 0.000000 0.646383 0.514287 0.578342 -0.731988 0.000000 0.645743 0.515994 0.546770 -0.697346 0.000000 
0.647441 0.512888 0.587832 -0.779366 0.000000 0.647023 0.513303 0.571635 -0.761703 0.000000 0.646654 0.513780 0.583251 -0.755714 0.000000 0.646383 0.514287 0.578342 -0.731988 0.000000 0.645743 0.515994 0.546770 -0.697346 0.000000 0.646112 0.514795 0.567197 -0.738182 0.000000 
0.647023 0.513303 0.571635 -0.761703 0.000000 0.646654 0.513780 0.583251 -0.755714 0.000000 0.646383 0.514287 0.578342 -0.731988 0.000000 0.645743 0.515994 0.546770 -0.697346 0.000000 0.646112 0.514795 0.567197 -0.738182 0.000000 0.645915 0.515364 0.562418 -0.714603 0.000000 
0.646654 0.513780 0.583251 -0.755714 0.000000 0.646383 0.514287 0.578342 -0.731988 0.000000 0.645743 0.515994 0.546770 -0.697346 0.000000 0.646112 0.514795 0.567197 -0.738182 0.000000 0.645915 0.515364 0.562418 -0.714603 0.000000 0.645620 0.516625 0.546770 -0.697346 0.000000 
0.646383 0.514287 0.578342 -0.731988 0.000000 0.645743 0.515994 0.546770 -0.697346 0.000000 0.646112 0.514795 0.567197 -0.738182 0.000000 0.645915 0.515364 0.562418 -0.714603 0.000000 0.645620 0.516625 0.546770 -0.697346 0.000000 0.645349 0.517886 0.541753 -0.673908 0.054741 
0.645743 0.515994 0.546770 -0.697346 0.000000 0.646112 0.514795 0.567197 -0.738182 0.000000 0.645915 0.515364 0.562418 -0.714603 0.000000 0.645620 0.516625 0.546770 -0.697346 0.000000 0.645349 0.517886 0.541753 -0.673908 0.054741 0.645472 0.517271 0.546770 -0.697346 0.040078 
0.646112 0.514795 0.567197 -0.738182 0.000000 0.645915 0.515364 0.562418 -0.714603 0.000000 0.645620 0.516625 0.546770 -0.697346 0.000000 0.645349 0.517886 0.541753 -0.673908 0.054741 0.645472 0.517271 0.546770 -0.697346 0.040078 0.645251 0.518439 0.541753 -0.673908 0.086022 
0.645915 0.515364 0.562418 -0.714603 0.000000 0.645620 0.516625 0.546770 -0.697346 0.000000 0.645349 0.517886 0.541753 -0.673908 0.054741 0.645472 0.517271 0.546770 -0.697346 0.040078 0.645251 0.518439 0.541753 -0.673908 0.086022 0.645079 0.518947 0.541753 -0.673908 0.134897 
0.645620 0.516625 0.546770 -0.697346 0.000000 0.645349 0.517886 0.541753 -0.673908 0.054741 0.645472 0.517271 0.546770 -0.697346 0.040078 0.645251 0.518439 0.541753 -0.673908 0.086022 0.645079 0.518947 0.541753 -0.673908 0.134897 0.644980 0.519454 0.541753 -0.673908 0.159335 
0.645349 0.517886 0.541753 -0.673908 0.054741 0.645472 0.517271 0.546770 -0.697346 0.040078 0.645251 0.518439 0.541753 -0.673908 0.086022 0.645079 0.518947 0.541753 -0.673908 0.134897 0.644980 0.519454 0.541753 -0.673908 0.159335 0.644857 0.519839 0.541753 -0.673908 0.184751 
0.645472 0.517271 0.546770 -0.697346 0.040078 0.645251 0.518439 0.541753 -0.673908 0.086022 0.645079 0.518947 0.541753 -0.673908 0.134897 0.644980 0.519454 0.541753 -0.673908 0.159335 0.644857 0.519839 0.541753 -0.673908 0.184751 0.644833 0.520100 0.541753 -0.673908 0.221896 
0.645251 0.518439 0.541753 -0.673908 0.086022 0.645079 0.518947 0.541753 -0.673908 0.134897 0.644980 0.519454 0.541753 -0.673908 0.159335 0.644857 0.519839 0.541753 -0.673908 0.184751 0.644833 0.520100 0.541753 -0.673908 0.221896 0.644833 0.520300 0.541753 -0.673908 0.250244 
0.645079 0.518947 0.541753 -0.673908 0.134897 0.644980 0.519454 0.541753 -0.673908 0.159335 0.644857 0.519839 0.541753 -0.673908 0.184751 0.644833 0.520100 0.541753 -0.673908 0.221896 0.644833 0.520300 0.541753 -0.673908 0.250244 0.644833 0.520408 0.541753 -0.673908 0.278592 
0.644980 0.519454 0.541753 -0.673908 0.159335 0.644857 0.519839 0.541753 -0.673908 0.184751 0.644833 0.520100 0.541753 -0.673908 0.221896 0.644833 0.520300 0.541753 -0.673908 0.250244 0.644833 0.520408 0.541753 -0.673908 0.278592 0.644833 0.520469 0.541753 -0.673908 0.305963 
0.644857 0.519839 0.541753 -0.673908 0.184751 0.644833 0.520100 0.541753 -0.673908 0.221896 0.644833 0.520300 0.541753 -0.673908 0.250244 0.644833 0.520408 0.541753 -0.673908 0.278592 0.644833 0.520469 0.541753 -0.673908 0.305963 0.644956 0.520408 0.567563 -0.684427 0.398827 
0.644833 0.520100 0.541753 -0.673908 0.221896 0.644833 0.520300 0.541753 -0.673908 0.250244 0.644833 0.520408 0.541753 -0.673908 0.278592 0.644833 0.520469 0.541753 -0.673908 0.305963 0.644956 0.520408 0.567563 -0.684427 0.398827 0.645300 0.519931 0.567563 -0.684427 0.415445 
0.644833 0.520300 0.541753 -0.673908 0.250244 0.644833 0.520408 0.541753 -0.673908 0.278592 0.644833 0.520469 0.541753 -0.673908 0.305963 0.644956 0.520408 0.567563 -0.684427 0.398827 0.645300 0.519931 0.567563 -0.684427 0.415445 0.645743 0.519301 0.567563 -0.684427 0.424242 
0.644833 0.520408 0.541753 -0.673908 0.278592 0.644833 0.520469 0.541753 -0.673908 0.305963 0.644956 0.520408 0.567563 -0.684427 0.398827 0.645300 0.519931 0.567563 -0.684427 0.415445 0.645743 0.519301 0.567563 -0.684427 0.424242 0.646260 0.518532 0.567563 -0.684427 0.441838 
0.644833 0.520469 0.541753 -0.673908 0.305963 0.644956 0.520408 0.567563 -0.684427 0.398827 0.645300 0.519931 0.567563 -0.684427 0.415445 0.645743 0.519301 0.567563 -0.684427 0.424242 0.646260 0.518532 0.567563 -0.684427 0.441838 0.646875 0.517563 0.567563 -0.684427 0.464321 
0.644956 0.520408 0.567563 -0.684427 0.398827 0.645300 0.519931 0.567563 -0.684427 0.415445 0.645743 0.519301 0.567563 -0.684427 0.424242 0.646260 0.518532 0.567563 -0.684427 0.441838 0.646875 0.517563 0.567563 -0.684427 0.464321 0.647564 0.516394 0.567563 -0.684427 0.488759 
0.645300 0.519931 0.567563 -0.684427 0.415445 0.645743 0.519301 0.567563 -0.684427 0.424242 0.646260 0.518532 0.567563 -0.684427 0.441838 0.646875 0.517563 0.567563 -0.684427 0.464321 0.647564 0.516394 0.567563 -0.684427 0.488759 0.648425 0.514994 0.567563 -0.684427 0.509286 
0.645743 0.519301 0.567563 -0.684427 0.424242 0.646260 0.518532 0.567563 -0.684427 0.441838 0.646875 0.517563 0.567563 -0.684427 0.464321 0.647564 0.516394 0.567563 -0.684427 0.488759 0.648425 0.514994 0.567563 -0.684427 0.509286 0.649434 0.513349 0.567563 -0.684427 0.522972 
0.646260 0.518532 0.567563 -0.684427 0.441838 0.646875 0.517563 0.567563 -0.684427 0.464321 0.647564 0.516394 0.567563 -0.684427 0.488759 0.648425 0.514994 0.567563 -0.684427 0.509286 0.649434 0.513349 0.567563 -0.684427 0.522972 0.650591 0.511442 0.541753 -0.673908 0.560117 
0.646875 0.517563 0.567563 -0.684427 0.464321 0.647564 0.516394 0.567563 -0.684427 0.488759 0.648425 0.514994 0.567563 -0.684427 0.509286 0.649434 0.513349 0.567563 -0.684427 0.522972 0.650591 0.511442 0.541753 -0.673908 0.560117 0.651919 0.509335 0.541753 -0.673908 0.554252 
0.647564 0.516394 0.567563 -0.684427 0.488759 0.648425 0.514994 0.567563 -0.684427 0.509286 0.649434 0.513349 0.567563 -0.684427 0.522972 0.650591 0.511442 0.541753 -0.673908 0.560117 0.651919 0.509335 0.541753 -0.673908 0.554252 0.653396 0.507074 0.541753 -0.673908 0.572825 
0.648425 0.514994 0.567563 -0.684427 0.509286 0.649434 0.513349 0.567563 -0.684427 0.522972 0.650591 0.511442 0.541753 -0.673908 0.560117 0.651919 0.509335 0.541753 -0.673908 0.554252 0.653396 0.507074 0.541753 -0.673908 0.572825 0.654995 0.504660 0.541753 -0.673908 0.577713 
0.649434 0.513349 0.567563 -0.684427 0.522972 0.650591 0.511442 0.541753 -0.673908 0.560117 0.651919 0.509335 0.541753 -0.673908 0.554252 0.653396 0.507074 0.541753 -0.673908 0.572825 0.654995 0.504660 0.541753 -0.673908 0.577713 0.656693 0.502184 0.520764 -0.686310 0.592375 
0.650591 0.511442 0.541753 -0.673908 0.560117 0.651919 0.509335 0.541753 -0.673908 0.554252 0.653396 0.507074 0.541753 -0.673908 0.572825 0.654995 0.504660 0.541753 -0.673908 0.577713 0.656693 0.502184 0.520764 -0.686310 0.592375 0.658514 0.499646 0.520764 -0.686310 0.608016 
0.613017 0.521700 0.000000 0.000000 0.000000 0.618012 0.517701 -0.017453 0.000000 0.000000 0.615477 0.519624 -0.017453 0.000000 0.000000 0.620522 0.515933 -0.012342 0.012342 0.000000 0.622982 0.514364 -0.012342 0.012342 0.000000 0.625369 0.513072 -0.012342 0.012342 0.000000 
0.618012 0.517701 -0.017453 0.000000 0.000000 0.615477 0.519624 -0.017453 0.000000 0.000000 0.620522 0.515933 -0.012342 0.012342 0.000000 0.622982 0.514364 -0.012342 0.012342 0.000000 0.625369 0.513072 -0.012342 0.012342 0.000000 0.627387 0.513072 0.000000 0.017453 0.000000 
0.615477 0.519624 -0.017453 0.000000 0.000000 0.620522 0.515933 -0.012342 0.012342 0.000000 0.622982 0.514364 -0.012342 0.012342 0.000000 0.625369 0.513072 -0.012342 0.012342 0.000000 0.627387 0.513072 0.000000 0.017453 0.000000 0.627387 0.511596 0.000000 0.017453 0.000000 
0.620522 0.515933 -0.012342 0.012342 0.000000 0.622982 0.514364 -0.012342 0.012342 0.000000 0.625369 0.513072 -0.012342 0.012342 0.000000 0.627387 0.513072 0.000000 0.017453 0.000000 0.627387 0.511596 0.000000 0.017453 0.000000 0.629970 0.510242 0.000000 0.017453 0.000000 
0.622982 0.514364 -0.012342 0.012342 0.000000 0.625369 0.513072 -0.012342 0.012342 0.000000 0.627387 0.513072 0.000000 0.017453 0.000000 0.627387 0.511596 0.000000 0.017453 0.000000 0.629970 0.510242 0.000000 0.017453 0.000000 0.632431 0.510242 0.000000 0.017453 0.000000 
0.625369 0.513072 -0.012342 0.012342 0.000000 0.627387 0.513072 0.000000 0.017453 0.000000 0.627387 0.511596 0.000000 0.017453 0.000000 0.629970 0.510242 0.000000 0.017453 0.000000 0.632431 0.510242 0.000000 0.017453 0.000000 0.633760 0.510473 0.000000 0.017453 0.000000 
0.627387 0.513072 0.000000 0.017453 0.000000 0.627387 0.511596 0.000000 0.017453 0.000000 0.629970 0.510242 0.000000 0.017453 0.000000 0.632431 0.510242 0.000000 0.017453 0.000000 0.633760 0.510473 0.000000 0.017453 0.000000 0.634892 0.510781 0.017453 0.000000 0.000000 
0.627387 0.511596 0.000000 0.017453 0.000000 0.629970 0.510242 0.000000 0.017453 0.000000 0.632431 0.510242 0.000000 0.017453 0.000000 0.633760 0.510473 0.000000 0.017453 0.000000 0.634892 0.510781 0.017453 0.000000 0.000000 0.634892 0.509904 0.017453 0.000000 0.000000 
0.629970 0.510242 0.000000 0.017453 0.000000 0.632431 0.510242 0.000000 0.017453 0.000000 0.633760 0.510473 0.000000 0.017453 0.000000 0.634892 0.510781 0.017453 0.000000 0.000000 0.634892 0.509904 0.017453 0.000000 0.000000 0.636220 0.509904 0.034907 0.000000 0.000000 
0.632431 0.510242 0.000000 0.017453 0.000000 0.633760 0.510473 0.000000 0.017453 0.000000 0.634892 0.510781 0.017453 0.000000 0.000000 0.634892 0.509904 0.017453 0.000000 0.000000 0.636220 0.509904 0.034907 0.000000 0.000000 0.637525 0.510165 0.034907 0.000000 0.000000 
0.633760 0.510473 0.000000 0.017453 0.000000 0.634892 0.510781 0.017453 0.000000 0.000000 0.634892 0.509904 0.017453 0.000000 0.000000 0.636220 0.509904 0.034907 0.000000 0.000000 0.637525 0.510165 0.034907 0.000000 0.000000 0.637525 0.510473 0.031105 -0.015852 0.000000 
0.634892 0.510781 0.017453 0.000000 0.000000 0.634892 0.509904 0.017453 0.000000 0.000000 0.636220 0.509904 0.034907 0.000000 0.000000 0.637525 0.510165 0.034907 0.000000 0.000000 0.637525 0.510473 0.031105 -0.015852 0.000000 0.637525 0.509612 0.031105 -0.015852 0.000000 
0.634892 0.509904 0.017453 0.000000 0.000000 0.636220 0.509904 0.034907 0.000000 0.000000 0.637525 0.510165 0.034907 0.000000 0.000000 0.637525 0.510473 0.031105 -0.015852 0.000000 0.637525 0.509612 0.031105 -0.015852 0.000000 0.637500 0.508735 0.031105 -0.015852 0.000000 
0.636220 0.509904 0.034907 0.000000 0.000000 0.637525 0.510165 0.034907 0.000000 0.000000 0.637525 0.510473 0.031105 -0.015852 0.000000 0.637525 0.509612 0.031105 -0.015852 0.000000 0.637500 0.508735 0.031105 -0.015852 0.000000 0.637254 0.508735 0.057907 -0.039083 0.000000 
0.637525 0.510165 0.034907 0.000000 0.000000 0.637525 0.510473 0.031105 -0.015852 0.000000 0.637525 0.509612 0.031105 -0.015852 0.000000 0.637500 0.508735 0.031105 -0.015852 0.000000 0.637254 0.508735 0.057907 -0.039083 0.000000 0.636959 0.508166 0.057907 -0.039083 0.000000 
0.637525 0.510473 0.031105 -0.015852 0.000000 0.637525 0.509612 0.031105 -0.015852 0.000000 0.637500 0.508735 0.031105 -0.015852 0.000000 0.637254 0.508735 0.057907 -0.039083 0.000000 0.636959 0.508166 0.057907 -0.039083 0.000000 0.636639 0.508166 0.049405 -0.049405 0.000000 
0.637525 0.509612 0.031105 -0.015852 0.000000 0.637500 0.508735 0.031105 -0.015852 0.000000 0.637254 0.508735 0.057907 -0.039083 0.000000 0.636959 0.508166 0.057907 -0.039083 0.000000 0.636639 0.508166 0.049405 -0.049405 0.000000 0.636245 0.508166 0.049405 -0.049405 0.000000 
0.637500 0.508735 0.031105 -0.015852 0.000000 0.637254 0.508735 0.057907 -0.039083 0.000000 0.636959 0.508166 0.057907 -0.039083 0.000000 0.636639 0.508166 0.049405 -0.049405 0.000000 0.636245 0.508166 0.049405 -0.049405 0.000000 0.635827 0.508274 0.049405 -0.049405 0.000000 
0.637254 0.508735 0.057907 -0.039083 0.000000 0.636959 0.508166 0.057907 -0.039083 0.000000 0.636639 0.508166 0.049405 -0.049405 0.000000 0.636245 0.508166 0.049405 -0.049405 0.000000 0.635827 0.508274 0.049405 -0.049405 0.000000 0.635851 0.508274 0.052603 -0.069758 0.000000 
0.636959 0.508166 0.057907 -0.039083 0.000000 0.636639 0.508166 0.049405 -0.049405 0.000000 0.636245 0.508166 0.049405 -0.049405 0.000000 0.635827 0.508274 0.049405 -0.049405 0.000000 0.635851 0.508274 0.052603 -0.069758 0.000000 0.636097 0.508166 0.052603 -0.069758 0.000000 
0.636639 0.508166 0.049405 -0.049405 0.000000 0.636245 0.508166 0.049405 -0.049405 0.000000 0.635827 0.508274 0.049405 -0.049405 0.000000 0.635851 0.508274 0.052603 -0.069758 0.000000 0.636097 0.508166 0.052603 -0.069758 0.000000 0.637525 0.507490 0.052603 -0.069758 0.000000 
0.636245 0.508166 0.049405 -0.049405 0.000000 0.635827 0.508274 0.049405 -0.049405 0.000000 0.635851 0.508274 0.052603 -0.069758 0.000000 0.636097 0.508166 0.052603 -0.069758 0.000000 0.637525 0.507490 0.052603 -0.069758 0.000000 0.638214 0.507167 0.054080 -0.089849 0.000000 
0.635827 0.508274 0.049405 -0.049405 0.000000 0.635851 0.508274 0.052603 -0.069758 0.000000 0.636097 0.508166 0.052603 -0.069758 0.000000 0.637525 0.507490 0.052603 -0.069758 0.000000 0.638214 0.507167 0.054080 -0.089849 0.000000 0.639985 0.506398 0.054859 -0.128654 0.000000 
0.635851 0.508274 0.052603 -0.069758 0.000000 0.636097 0.508166 0.052603 -0.069758 0.000000 0.637525 0.507490 0.052603 -0.069758 0.000000 0.638214 0.507167 0.054080 -0.089849 0.000000 0.639985 0.506398 0.054859 -0.128654 0.000000 0.638780 0.506905 0.055685 -0.108968 0.000000 
0.636097 0.508166 0.052603 -0.069758 0.000000 0.637525 0.507490 0.052603 -0.069758 0.000000 0.638214 0.507167 0.054080 -0.089849 0.000000 0.639985 0.506398 0.054859 -0.128654 0.000000 0.638780 0.506905 0.055685 -0.108968 0.000000 0.639272 0.506690 0.055685 -0.108968 0.000000 
0.637525 0.507490 0.052603 -0.069758 0.000000 0.638214 0.507167 0.054080 -0.089849 0.000000 0.639985 0.506398 0.054859 -0.128654 0.000000 0.638780 0.506905 0.055685 -0.108968 0.000000 0.639272 0.506690 0.055685 -0.108968 0.000000 0.640330 0.506259 0.054118 -0.147748 0.000000 
0.638214 0.507167 0.054080 -0.089849 0.000000 0.639985 0.506398 0.054859 -0.128654 0.000000 0.638780 0.506905 0.055685 -0.108968 0.000000 0.639272 0.506690 0.055685 -0.108968 0.000000 0.640330 0.506259 0.054118 -0.147748 0.000000 0.640625 0.506075 0.072688 -0.178312 0.000000 
0.639985 0.506398 0.054859 -0.128654 0.000000 0.638780 0.506905 0.055685 -0.108968 0.000000 0.639272 0.506690 0.055685 -0.108968 0.000000 0.640330 0.506259 0.054118 -0.147748 0.000000 0.640625 0.506075 0.072688 -0.178312 0.000000 0.641043 0.505906 0.072571 -0.197143 0.000000 
0.638780 0.506905 0.055685 -0.108968 0.000000 0.639272 0.506690 0.055685 -0.108968 0.000000 0.640330 0.506259 0.054118 -0.147748 0.000000 0.640625 0.506075 0.072688 -0.178312 0.000000 0.641043 0.505906 0.072571 -0.197143 0.000000 0.641191 0.505767 0.086270 -0.210875 0.000000 
0.639272 0.506690 0.055685 -0.108968 0.000000 0.640330 0.506259 0.054118 -0.147748 0.000000 0.640625 0.506075 0.072688 -0.178312 0.000000 0.641043 0.505906 0.072571 -0.197143 0.000000 0.641191 0.505767 0.086270 -0.210875 0.000000 0.641363 0.505767 0.087015 -0.248130 0.000000 
0.640330 0.506259 0.054118 -0.147748 0.000000 0.640625 0.506075 0.072688 -0.178312 0.000000 0.641043 0.505906 0.072571 -0.197143 0.000000 0.641191 0.505767 0.086270 -0.210875 0.000000 0.641363 0.505767 0.087015 -0.248130 0.000000 0.641609 0.505767 0.102401 -0.261567 0.000000 
0.640625 0.506075 0.072688 -0.178312 0.000000 0.641043 0.505906 0.072571 -0.197143 0.000000 0.641191 0.505767 0.086270 -0.210875 0.000000 0.641363 0.505767 0.087015 -0.248130 0.000000 0.641609 0.505767 0.102401 -0.261567 0.000000 0.641732 0.505752 0.105392 -0.298065 0.000000 
0.641043 0.505906 0.072571 -0.197143 0.000000 0.641191 0.505767 0.086270 -0.210875 0.000000 0.641363 0.505767 0.087015 -0.248130 0.000000 0.641609 0.505767 0.102401 -0.261567 0.000000 0.641732 0.505752 0.105392 -0.298065 0.000000 0.641929 0.505752 0.123848 -0.329548 0.000000 
0.641191 0.505767 0.086270 -0.210875 0.000000 0.641363 0.505767 0.087015 -0.248130 0.000000 0.641609 0.505767 0.102401 -0.261567 0.000000 0.641732 0.505752 0.105392 -0.298065 0.000000 0.641929 0.505752 0.123848 -0.329548 0.000000 0.642052 0.505752 0.137315 -0.362850 0.000000 
0.641363 0.505767 0.087015 -0.248130 0.000000 0.641609 0.505767 0.102401 -0.261567 0.000000 0.641732 0.505752 0.105392 -0.298065 0.000000 0.641929 0.505752 0.123848 -0.329548 0.000000 0.642052 0.505752 0.137315 -0.362850 0.000000 0.642274 0.505752 0.137326 -0.381669 0.000000 
0.641609 0.505767 0.102401 -0.261567 0.000000 0.641732 0.505752 0.105392 -0.298065 0.000000 0.641929 0.505752 0.123848 -0.329548 0.000000 0.642052 0.505752 0.137315 -0.362850 0.000000 0.642274 0.505752 0.137326 -0.381669 0.000000 0.642446 0.505752 0.158155 -0.412986 0.000000 
0.641732 0.505752 0.105392 -0.298065 0.000000 0.641929 0.505752 0.123848 -0.329548 0.000000 0.642052 0.505752 0.137315 -0.362850 0.000000 0.642274 0.505752 0.137326 -0.381669 0.000000 0.642446 0.505752 0.158155 -0.412986 0.000000 0.642593 0.505890 0.156170 -0.451242 0.000000 
0.641929 0.505752 0.123848 -0.329548 0.000000 0.642052 0.505752 0.137315 -0.362850 0.000000 0.642274 0.505752 0.137326 -0.381669 0.000000 0.642446 0.505752 0.158155 -0.412986 0.000000 0.642593 0.505890 0.156170 -0.451242 0.000000 0.642815 0.506044 0.171409 -0.465838 0.000000 
0.642052 0.505752 0.137315 -0.362850 0.000000 0.642274 0.505752 0.137326 -0.381669 0.000000 0.642446 0.505752 0.158155 -0.412986 0.000000 0.642593 0.505890 0.156170 -0.451242 0.000000 0.642815 0.506044 0.171409 -0.465838 0.000000 0.642963 0.506198 0.176553 -0.502146 0.000000 
0.642274 0.505752 0.137326 -0.381669 0.000000 0.642446 0.505752 0.158155 -0.412986 0.000000 0.642593 0.505890 0.156170 -0.451242 0.000000 0.642815 0.506044 0.171409 -0.465838 0.000000 0.642963 0.506198 0.176553 -0.502146 0.000000 0.643135 0.506367 0.193182 -0.516652 0.000000 
0.642446 0.505752 0.158155 -0.412986 0.000000 0.642593 0.505890 0.156170 -0.451242 0.000000 0.642815 0.506044 0.171409 -0.465838 0.000000 0.642963 0.506198 0.176553 -0.502146 0.000000 0.643135 0.506367 0.193182 -0.516652 0.000000 0.643332 0.506536 0.187635 -0.555741 0.000000 
0.642593 0.505890 0.156170 -0.451242 0.000000 0.642815 0.506044 0.171409 -0.465838 0.000000 0.642963 0.506198 0.176553 -0.502146 0.000000 0.643135 0.506367 0.193182 -0.516652 0.000000 0.643332 0.506536 0.187635 -0.555741 0.000000 0.643578 0.506798 0.194709 -0.572877 0.000000 
0.642815 0.506044 0.171409 -0.465838 0.000000 0.642963 0.506198 0.176553 -0.502146 0.000000 0.643135 0.506367 0.193182 -0.516652 0.000000 0.643332 0.506536 0.187635 -0.555741 0.000000 0.643578 0.506798 0.194709 -0.572877 0.000000 0.643799 0.506982 0.201931 -0.590039 0.000000 
0.642963 0.506198 0.176553 -0.502146 0.000000 0.643135 0.506367 0.193182 -0.516652 0.000000 0.643332 0.506536 0.187635 -0.555741 0.000000 0.643578 0.506798 0.194709 -0.572877 0.000000 0.643799 0.506982 0.201931 -0.590039 0.000000 0.643996 0.507259 0.209309 -0.607225 0.000000 
0.643135 0.506367 0.193182 -0.516652 0.000000 0.643332 0.506536 0.187635 -0.555741 0.000000 0.643578 0.506798 0.194709 -0.572877 0.000000 0.643799 0.506982 0.201931 -0.590039 0.000000 0.643996 0.507259 0.209309 -0.607225 0.000000 0.644242 0.507351 0.212112 -0.644154 0.000000 
0.643332 0.506536 0.187635 -0.555741 0.000000 0.643578 0.506798 0.194709 -0.572877 0.000000 0.643799 0.506982 0.201931 -0.590039 0.000000 0.643996 0.507259 0.209309 -0.607225 0.000000 0.644242 0.507351 0.212112 -0.644154 0.000000 0.644611 0.507597 0.219607 -0.661440 0.000000 
0.643578 0.506798 0.194709 -0.572877 0.000000 0.643799 0.506982 0.201931 -0.590039 0.000000 0.643996 0.507259 0.209309 -0.607225 0.000000 0.644242 0.507351 0.212112 -0.644154 0.000000 0.644611 0.507597 0.219607 -0.661440 0.000000 0.644833 0.507766 0.227291 -0.678749 0.000000 
0.643799 0.506982 0.201931 -0.590039 0.000000 0.643996 0.507259 0.209309 -0.607225 0.000000 0.644242 0.507351 0.212112 -0.644154 0.000000 0.644611 0.507597 0.219607 -0.661440 0.000000 0.644833 0.507766 0.227291 -0.678749 0.000000 0.645620 0.508305 0.268959 -0.765649 0.000000 
0.643996 0.507259 0.209309 -0.607225 0.000000 0.644242 0.507351 0.212112 -0.644154 0.000000 0.644611 0.507597 0.219607 -0.661440 0.000000 0.644833 0.507766 0.227291 -0.678749 0.000000 0.645620 0.508305 0.268959 -0.765649 0.000000 0.645079 0.507997 0.243270 -0.713438 0.000000 
0.644242 0.507351 0.212112 -0.644154 0.000000 0.644611 0.507597 0.219607 -0.661440 0.000000 0.644833 0.507766 0.227291 -0.678749 0.000000 0.645620 0.508305 0.268959 -0.765649 0.000000 0.645079 0.507997 0.243270 -0.713438 0.000000 0.645448 0.508151 0.236824 -0.733224 0.000000 
0.644611 0.507597 0.219607 -0.661440 0.000000 0.644833 0.507766 0.227291 -0.678749 0.000000 0.645620 0.508305 0.268959 -0.765649 0.000000 0.645079 0.507997 0.243270 -0.713438 0.000000 0.645448 0.508151 0.236824 -0.733224 0.000000 0.645965 0.508889 0.280699 -0.857780 0.000000 
0.644833 0.507766 0.227291 -0.678749 0.000000 0.645620 0.508305 0.268959 -0.765649 0.000000 0.645079 0.507997 0.243270 -0.713438 0.000000 0.645448 0.508151 0.236824 -0.733224 0.000000 0.645965 0.508889 0.280699 -0.857780 0.000000 0.645743 0.508535 0.261861 -0.785521 0.000000 
0.645620 0.508305 0.268959 -0.765649 0.000000 0.645079 0.507997 0.243270 -0.713438 0.000000 0.645448 0.508151 0.236824 -0.733224 0.000000 0.645965 0.508889 0.280699 -0.857780 0.000000 0.645743 0.508535 0.261861 -0.785521 0.000000 0.645940 0.508797 0.279901 -0.820491 0.000000 
0.645079 0.507997 0.243270 -0.713438 0.000000 0.645448 0.508151 0.236824 -0.733224 0.000000 0.645965 0.508889 0.280699 -0.857780 0.000000 0.645743 0.508535 0.261861 -0.785521 0.000000 0.645940 0.508797 0.279901 -0.820491 0.000000 0.645965 0.509166 0.290308 -0.875326 0.000000 
0.645448 0.508151 0.236824 -0.733224 0.000000 0.645965 0.508889 0.280699 -0.857780 0.000000 0.645743 0.508535 0.261861 -0.785521 0.000000 0.645940 0.508797 0.279901 -0.820491 0.000000 0.645965 0.509166 0.290308 -0.875326 0.000000 0.645965 0.509473 0.300283 -0.892891 0.000000 
0.645965 0.508889 0.280699 -0.857780 0.000000 0.645743 0.508535 0.261861 -0.785521 0.000000 0.645940 0.508797 0.279901 -0.820491 0.000000 0.645965 0.509166 0.290308 -0.875326 0.000000 0.645965 0.509473 0.300283 -0.892891 0.000000 0.645965 0.509796 0.290099 -0.912502 0.000000 
0.645743 0.508535 0.261861 -0.785521 0.000000 0.645940 0.508797 0.279901 -0.820491 0.000000 0.645965 0.509166 0.290308 -0.875326 0.000000 0.645965 0.509473 0.300283 -0.892891 0.000000 0.645965 0.509796 0.290099 -0.912502 0.000000 0.645965 0.510135 0.321430 -0.928074 0.000000 
0.645940 0.508797 0.279901 -0.820491 0.000000 0.645965 0.509166 0.290308 -0.875326 0.000000 0.645965 0.509473 0.300283 -0.892891 0.000000 0.645965 0.509796 0.290099 -0.912502 0.000000 0.645965 0.510135 0.321430 -0.928074 0.000000 0.645965 0.510473 0.310849 -0.947679 0.000000 
0.645965 0.509166 0.290308 -0.875326 0.000000 0.645965 0.509473 0.300283 -0.892891 0.000000 0.645965 0.509796 0.290099 -0.912502 0.000000 0.645965 0.510135 0.321430 -0.928074 0.000000 0.645965 0.510473 0.310849 -0.947679 0.000000 0.645965 0.510842 0.310849 -0.947679 0.000000 
0.645965 0.509473 0.300283 -0.892891 0.000000 0.645965 0.509796 0.290099 -0.912502 0.000000 0.645965 0.510135 0.321430 -0.928074 0.000000 0.645965 0.510473 0.310849 -0.947679 0.000000 0.645965 0.510842 0.310849 -0.947679 0.000000 0.645891 0.511257 0.321904 -0.965290 0.000000 
0.645965 0.509796 0.290099 -0.912502 0.000000 0.645965 0.510135 0.321430 -0.928074 0.000000 0.645965 0.510473 0.310849 -0.947679 0.000000 0.645965 0.510842 0.310849 -0.947679 0.000000 0.645891 0.511257 0.321904 -0.965290 0.000000 0.645817 0.511719 0.310849 -0.947679 0.000000 
0.645965 0.510135 0.321430 -0.928074 0.000000 0.645965 0.510473 0.310849 -0.947679 0.000000 0.645965 0.510842 0.310849 -0.947679 0.000000 0.645891 0.511257 0.321904 -0.965290 0.000000 0.645817 0.511719 0.310849 -0.947679 0.000000 0.645743 0.512226 0.332661 -0.945692 0.000000 
0.645965 0.510473 0.310849 -0.947679 0.000000 0.645965 0.510842 0.310849 -0.947679 0.000000 0.645891 0.511257 0.321904 -0.965290 0.000000 0.645817 0.511719 0.310849 -0.947679 0.000000 0.645743 0.512226 0.332661 -0.945692 0.000000 0.645645 0.512580 0.332661 -0.945692 0.000000 
0.645965 0.510842 0.310849 -0.947679 0.000000 0.645891 0.511257 0.321904 -0.965290 0.000000 0.645817 0.511719 0.310849 -0.947679 0.000000 0.645743 0.512226 0.332661 -0.945692 0.000000 0.645645 0.512580 0.332661 -0.945692 0.000000 0.645645 0.512934 0.342218 -0.925906 0.000000 
0.645891 0.511257 0.321904 -0.965290 0.000000 0.645817 0.511719 0.310849 -0.947679 0.000000 0.645743 0.512226 0.332661 -0.945692 0.000000 0.645645 0.512580 0.332661 -0.945692 0.000000 0.645645 0.512934 0.342218 -0.925906 0.000000 0.645620 0.513287 0.310647 -0.910473 0.000000 
0.645817 0.511719 0.310849 -0.947679 0.000000 0.645743 0.512226 0.332661 -0.945692 0.000000 0.645645 0.512580 0.332661 -0.945692 0.000000 0.645645 0.512934 0.342218 -0.925906 0.000000 0.645620 0.513287 0.310647 -0.910473 0.000000 0.645595 0.513595 0.310647 -0.910473 0.000000 
0.645743 0.512226 0.332661 -0.945692 0.000000 0.645645 0.512580 0.332661 -0.945692 0.000000 0.645645 0.512934 0.342218 -0.925906 0.000000 0.645620 0.513287 0.310647 -0.910473 0.000000 0.645595 0.513595 0.310647 -0.910473 0.000000 0.645595 0.513918 0.319895 -0.890684 0.000000 
0.645645 0.512580 0.332661 -0.945692 0.000000 0.645645 0.512934 0.342218 -0.925906 0.000000 0.645620 0.513287 0.310647 -0.910473 0.000000 0.645595 0.513595 0.310647 -0.910473 0.000000 0.645595 0.513918 0.319895 -0.890684 0.000000 0.645595 0.514195 0.309354 -0.873105 0.000000 
0.645645 0.512934 0.342218 -0.925906 0.000000 0.645620 0.513287 0.310647 -0.910473 0.000000 0.645595 0.513595 0.310647 -0.910473 0.000000 0.645595 0.513918 0.319895 -0.890684 0.000000 0.645595 0.514195 0.309354 -0.873105 0.000000 0.645595 0.514287 0.309354 -0.873105 0.000000 
0.645620 0.513287 0.310647 -0.910473 0.000000 0.645595 0.513595 0.310647 -0.910473 0.000000 0.645595 0.513918 0.319895 -0.890684 0.000000 0.645595 0.514195 0.309354 -0.873105 0.000000 0.645595 0.514287 0.309354 -0.873105 0.000000 0.645595 0.514641 0.317387 -0.853149 0.000000 
0.645595 0.513595 0.310647 -0.910473 0.000000 0.645595 0.513918 0.319895 -0.890684 0.000000 0.645595 0.514195 0.309354 -0.873105 0.000000 0.645595 0.514287 0.309354 -0.873105 0.000000 0.645595 0.514641 0.317387 -0.853149 0.000000 0.645645 0.514733 0.307056 -0.835600 0.000000 
0.645595 0.513918 0.319895 -0.890684 0.000000 0.645595 0.514195 0.309354 -0.873105 0.000000 0.645595 0.514287 0.309354 -0.873105 0.000000 0.645595 0.514641 0.317387 -0.853149 0.000000 0.645645 0.514733 0.307056 -0.835600 0.000000 0.645743 0.514994 0.307056 -0.835600 0.000000 
0.645595 0.514195 0.309354 -0.873105 0.000000 0.645595 0.514287 0.309354 -0.873105 0.000000 0.645595 0.514641 0.317387 -0.853149 0.000000 0.645645 0.514733 0.307056 -0.835600 0.000000 0.645743 0.514994 0.307056 -0.835600 0.000000 0.645891 0.515041 0.313971 -0.815497 0.000000 
0.645595 0.514287 0.309354 -0.873105 0.000000 0.645595 0.514641 0.317387 -0.853149 0.000000 0.645645 0.514733 0.307056 -0.835600 0.000000 0.645743 0.514994 0.307056 -0.835600 0.000000 0.645891 0.515041 0.313971 -0.815497 0.000000 0.646014 0.515133 0.313971 -0.815497 0.000000 
0.645595 0.514641 0.317387 -0.853149 0.000000 0.645645 0.514733 0.307056 -0.835600 0.000000 0.645743 0.514994 0.307056 -0.835600 0.000000 0.645891 0.515041 0.313971 -0.815497 0.000000 0.646014 0.515133 0.313971 -0.815497 0.000000 0.646063 0.515210 0.287401 -0.800577 0.000000 
0.645645 0.514733 0.307056 -0.835600 0.000000 0.645743 0.514994 0.307056 -0.835600 0.000000 0.645891 0.515041 0.313971 -0.815497 0.000000 0.646014 0.515133 0.313971 -0.815497 0.000000 0.646063 0.515210 0.287401 -0.800577 0.000000 0.646063 0.515287 0.287401 -0.800577 0.000000 
0.645743 0.514994 0.307056 -0.835600 0.000000 0.645891 0.515041 0.313971 -0.815497 0.000000 0.646014 0.515133 0.313971 -0.815497 0.000000 0.646063 0.515210 0.287401 -0.800577 0.000000 0.646063 0.515287 0.287401 -0.800577 0.000000 0.646063 0.515317 0.293987 -0.780516 0.000000 
0.645891 0.515041 0.313971 -0.815497 0.000000 0.646014 0.515133 0.313971 -0.815497 0.000000 0.646063 0.515210 0.287401 -0.800577 0.000000 0.646063 0.515287 0.287401 -0.800577 0.000000 0.646063 0.515317 0.293987 -0.780516 0.000000 0.646088 0.515333 0.293987 -0.780516 0.000000 
0.646014 0.515133 0.313971 -0.815497 0.000000 0.646063 0.515210 0.287401 -0.800577 0.000000 0.646063 0.515287 0.287401 -0.800577 0.000000 0.646063 0.515317 0.293987 -0.780516 0.000000 0.646088 0.515333 0.293987 -0.780516 0.000000 0.646137 0.515348 0.299709 -0.760318 0.000000 
0.646063 0.515210 0.287401 -0.800577 0.000000 0.646063 0.515287 0.287401 -0.800577 0.000000 0.646063 0.515317 0.293987 -0.780516 0.000000 0.646088 0.515333 0.293987 -0.780516 0.000000 0.646137 0.515348 0.299709 -0.760318 0.000000 0.646235 0.515379 0.299709 -0.760318 0.000000 
0.646063 0.515287 0.287401 -0.800577 0.000000 0.646063 0.515317 0.293987 -0.780516 0.000000 0.646088 0.515333 0.293987 -0.780516 0.000000 0.646137 0.515348 0.299709 -0.760318 0.000000 0.646235 0.515379 0.299709 -0.760318 0.000000 0.646334 0.515440 0.290001 -0.742902 0.000000 
0.646063 0.515317 0.293987 -0.780516 0.000000 0.646088 0.515333 0.293987 -0.780516 0.000000 0.646137 0.515348 0.299709 -0.760318 0.000000 0.646235 0.515379 0.299709 -0.760318 0.000000 0.646334 0.515440 0.290001 -0.742902 0.000000 0.646457 0.515502 0.275177 -0.745644 0.000000 
0.646088 0.515333 0.293987 -0.780516 0.000000 0.646137 0.515348 0.299709 -0.760318 0.000000 0.646235 0.515379 0.299709 -0.760318 0.000000 0.646334 0.515440 0.290001 -0.742902 0.000000 0.646457 0.515502 0.275177 -0.745644 0.000000 0.646580 0.515579 0.280562 -0.725516 0.000000 
0.646137 0.515348 0.299709 -0.760318 0.000000 0.646235 0.515379 0.299709 -0.760318 0.000000 0.646334 0.515440 0.290001 -0.742902 0.000000 0.646457 0.515502 0.275177 -0.745644 0.000000 0.646580 0.515579 0.280562 -0.725516 0.000000 0.646727 0.515671 0.280562 -0.725516 0.000000 
0.646235 0.515379 0.299709 -0.760318 0.000000 0.646334 0.515440 0.290001 -0.742902 0.000000 0.646457 0.515502 0.275177 -0.745644 0.000000 0.646580 0.515579 0.280562 -0.725516 0.000000 0.646727 0.515671 0.280562 -0.725516 0.000000 0.646900 0.515748 0.280562 -0.725516 0.000000 
0.646334 0.515440 0.290001 -0.742902 0.000000 0.646457 0.515502 0.275177 -0.745644 0.000000 0.646580 0.515579 0.280562 -0.725516 0.000000 0.646727 0.515671 0.280562 -0.725516 0.000000 0.646900 0.515748 0.280562 -0.725516 0.000000 0.647047 0.515825 0.271376 -0.708160 0.038123 
0.646457 0.515502 0.275177 -0.745644 0.000000 0.646580 0.515579 0.280562 -0.725516 0.000000 0.646727 0.515671 0.280562 -0.725516 0.000000 0.646900 0.515748 0.280562 -0.725516 0.000000 0.647047 0.515825 0.271376 -0.708160 0.038123 0.647170 0.515886 0.271376 -0.708160 0.069404 
0.646580 0.515579 0.280562 -0.725516 0.000000 0.646727 0.515671 0.280562 -0.725516 0.000000 0.646900 0.515748 0.280562 -0.725516 0.000000 0.647047 0.515825 0.271376 -0.708160 0.038123 0.647170 0.515886 0.271376 -0.708160 0.069404 0.647269 0.515948 0.271376 -0.708160 0.095797 
0.646727 0.515671 0.280562 -0.725516 0.000000 0.646900 0.515748 0.280562 -0.725516 0.000000 0.647047 0.515825 0.271376 -0.708160 0.038123 0.647170 0.515886 0.271376 -0.708160 0.069404 0.647269 0.515948 0.271376 -0.708160 0.095797 0.647392 0.515979 0.271376 -0.708160 0.121212 
0.646900 0.515748 0.280562 -0.725516 0.000000 0.647047 0.515825 0.271376 -0.708160 0.038123 0.647170 0.515886 0.271376 -0.708160 0.069404 0.647269 0.515948 0.271376 -0.708160 0.095797 0.647392 0.515979 0.271376 -0.708160 0.121212 0.647490 0.515994 0.271376 -0.708160 0.140762 
0.647047 0.515825 0.271376 -0.708160 0.038123 0.647170 0.515886 0.271376 -0.708160 0.069404 0.647269 0.515948 0.271376 -0.708160 0.095797 0.647392 0.515979 0.271376 -0.708160 0.121212 0.647490 0.515994 0.271376 -0.708160 0.140762 0.647564 0.515994 0.271376 -0.708160 0.163245 
0.647170 0.515886 0.271376 -0.708160 0.069404 0.647269 0.515948 0.271376 -0.708160 0.095797 0.647392 0.515979 0.271376 -0.708160 0.121212 0.647490 0.515994 0.271376 -0.708160 0.140762 0.647564 0.515994 0.271376 -0.708160 0.163245 0.647613 0.515994 0.271376 -0.708160 0.183773 
0.647269 0.515948 0.271376 -0.708160 0.095797 0.647392 0.515979 0.271376 -0.708160 0.121212 0.647490 0.515994 0.271376 -0.708160 0.140762 0.647564 0.515994 0.271376 -0.708160 0.163245 0.647613 0.515994 0.271376 -0.708160 0.183773 0.647687 0.515994 0.271376 -0.708160 0.205279 
0.647392 0.515979 0.271376 -0.708160 0.121212 0.647490 0.515994 0.271376 -0.708160 0.140762 0.647564 0.515994 0.271376 -0.708160 0.163245 0.647613 0.515994 0.271376 -0.708160 0.183773 0.647687 0.515994 0.271376 -0.708160 0.205279 0.647712 0.515994 0.271376 -0.708160 0.226784 
0.647490 0.515994 0.271376 -0.708160 0.140762 0.647564 0.515994 0.271376 -0.708160 0.163245 0.647613 0.515994 0.271376 -0.708160 0.183773 0.647687 0.515994 0.271376 -0.708160 0.205279 0.647712 0.515994 0.271376 -0.708160 0.226784 0.647736 0.515994 0.271376 -0.708160 0.251222 
0.647564 0.515994 0.271376 -0.708160 0.163245 0.647613 0.515994 0.271376 -0.708160 0.183773 0.647687 0.515994 0.271376 -0.708160 0.205279 0.647712 0.515994 0.271376 -0.708160 0.226784 0.647736 0.515994 0.271376 -0.708160 0.251222 0.647810 0.515994 0.294754 -0.722618 0.274682 
0.647613 0.515994 0.271376 -0.708160 0.183773 0.647687 0.515994 0.271376 -0.708160 0.205279 0.647712 0.515994 0.271376 -0.708160 0.226784 0.647736 0.515994 0.271376 -0.708160 0.251222 0.647810 0.515994 0.294754 -0.722618 0.274682 0.647835 0.515994 0.294754 -0.722618 0.320626 
0.647687 0.515994 0.271376 -0.708160 0.205279 0.647712 0.515994 0.271376 -0.708160 0.226784 0.647736 0.515994 0.271376 -0.708160 0.251222 0.647810 0.515994 0.294754 -0.722618 0.274682 0.647835 0.515994 0.294754 -0.722618 0.320626 0.647859 0.515994 0.294754 -0.722618 0.341153 
0.647712 0.515994 0.271376 -0.708160 0.226784 0.647736 0.515994 0.271376 -0.708160 0.251222 0.647810 0.515994 0.294754 -0.722618 0.274682 0.647835 0.515994 0.294754 -0.722618 0.320626 0.647859 0.515994 0.294754 -0.722618 0.341153 0.647908 0.515994 0.294754 -0.722618 0.357771 
0.647736 0.515994 0.271376 -0.708160 0.251222 0.647810 0.515994 0.294754 -0.722618 0.274682 0.647835 0.515994 0.294754 -0.722618 0.320626 0.647859 0.515994 0.294754 -0.722618 0.341153 0.647908 0.515994 0.294754 -0.722618 0.357771 0.647933 0.515994 0.294754 -0.722618 0.391007 
0.647810 0.515994 0.294754 -0.722618 0.274682 0.647835 0.515994 0.294754 -0.722618 0.320626 0.647859 0.515994 0.294754 -0.722618 0.341153 0.647908 0.515994 0.294754 -0.722618 0.357771 0.647933 0.515994 0.294754 -0.722618 0.391007 0.647958 0.515994 0.294754 -0.722618 0.404692 
0.647835 0.515994 0.294754 -0.722618 0.320626 0.647859 0.515994 0.294754 -0.722618 0.341153 0.647908 0.515994 0.294754 -0.722618 0.357771 0.647933 0.515994 0.294754 -0.722618 0.391007 0.647958 0.515994 0.294754 -0.722618 0.404692 0.647982 0.515994 0.294754 -0.722618 0.429130 
0.647859 0.515994 0.294754 -0.722618 0.341153 0.647908 0.515994 0.294754 -0.722618 0.357771 0.647933 0.515994 0.294754 -0.722618 0.391007 0.647958 0.515994 0.294754 -0.722618 0.404692 0.647982 0.515994 0.294754 -0.722618 0.429130 0.647982 0.515948 0.294754 -0.722618 0.453568 
0.647908 0.515994 0.294754 -0.722618 0.357771 0.647933 0.515994 0.294754 -0.722618 0.391007 0.647958 0.515994 0.294754 -0.722618 0.404692 0.647982 0.515994 0.294754 -0.722618 0.429130 0.647982 0.515948 0.294754 -0.722618 0.453568 0.647982 0.515856 0.294754 -0.722618 0.458456 
0.647933 0.515994 0.294754 -0.722618 0.391007 0.647958 0.515994 0.294754 -0.722618 0.404692 0.647982 0.515994 0.294754 -0.722618 0.429130 0.647982 0.515948 0.294754 -0.722618 0.453568 0.647982 0.515856 0.294754 -0.722618 0.458456 0.647982 0.515702 0.294754 -0.722618 0.462366 
0.647958 0.515994 0.294754 -0.722618 0.404692 0.647982 0.515994 0.294754 -0.722618 0.429130 0.647982 0.515948 0.294754 -0.722618 0.453568 0.647982 0.515856 0.294754 -0.722618 0.458456 0.647982 0.515702 0.294754 -0.722618 0.462366 0.647982 0.515471 0.294754 -0.722618 0.466276 
0.647982 0.515994 0.294754 -0.722618 0.429130 0.647982 0.515948 0.294754 -0.722618 0.453568 0.647982 0.515856 0.294754 -0.722618 0.458456 0.647982 0.515702 0.294754 -0.722618 0.462366 0.647982 0.515471 0.294754 -0.722618 0.466276 0.647982 0.515179 0.294754 -0.722618 0.470186 
0.647982 0.515948 0.294754 -0.722618 0.453568 0.647982 0.515856 0.294754 -0.722618 0.458456 0.647982 0.515702 0.294754 -0.722618 0.462366 0.647982 0.515471 0.294754 -0.722618 0.466276 0.647982 0.515179 0.294754 -0.722618 0.470186 0.647982 0.514810 0.294754 -0.722618 0.474096 
0.647982 0.515856 0.294754 -0.722618 0.458456 0.647982 0.515702 0.294754 -0.722618 0.462366 0.647982 0.515471 0.294754 -0.722618 0.466276 0.647982 0.515179 0.294754 -0.722618 0.470186 0.647982 0.514810 0.294754 -0.722618 0.474096 0.647982 0.514318 0.294754 -0.722618 0.479961 
0.647982 0.515702 0.294754 -0.722618 0.462366 0.647982 0.515471 0.294754 -0.722618 0.466276 0.647982 0.515179 0.294754 -0.722618 0.470186 0.647982 0.514810 0.294754 -0.722618 0.474096 0.647982 0.514318 0.294754 -0.722618 0.479961 0.647859 0.513733 0.294754 -0.722618 0.489736 
0.647982 0.515471 0.294754 -0.722618 0.466276 0.647982 0.515179 0.294754 -0.722618 0.470186 0.647982 0.514810 0.294754 -0.722618 0.474096 0.647982 0.514318 0.294754 -0.722618 0.479961 0.647859 0.513733 0.294754 -0.722618 0.489736 0.647662 0.512995 0.294754 -0.722618 0.500489 
0.647982 0.515179 0.294754 -0.722618 0.470186 0.647982 0.514810 0.294754 -0.722618 0.474096 0.647982 0.514318 0.294754 -0.722618 0.479961 0.647859 0.513733 0.294754 -0.722618 0.489736 0.647662 0.512995 0.294754 -0.722618 0.500489 0.647490 0.512149 0.294754 -0.722618 0.507331 
0.647982 0.514810 0.294754 -0.722618 0.474096 0.647982 0.514318 0.294754 -0.722618 0.479961 0.647859 0.513733 0.294754 -0.722618 0.489736 0.647662 0.512995 0.294754 -0.722618 0.500489 0.647490 0.512149 0.294754 -0.722618 0.507331 0.647318 0.511180 0.294754 -0.722618 0.515152 
0.647982 0.514318 0.294754 -0.722618 0.479961 0.647859 0.513733 0.294754 -0.722618 0.489736 0.647662 0.512995 0.294754 -0.722618 0.500489 0.647490 0.512149 0.294754 -0.722618 0.507331 0.647318 0.511180 0.294754 -0.722618 0.515152 0.647170 0.510073 0.298740 -0.702227 0.525904 
0.647859 0.513733 0.294754 -0.722618 0.489736 0.647662 0.512995 0.294754 -0.722618 0.500489 0.647490 0.512149 0.294754 -0.722618 0.507331 0.647318 0.511180 0.294754 -0.722618 0.515152 0.647170 0.510073 0.298740 -0.702227 0.525904 0.647047 0.508858 0.285154 -0.705277 0.528837 
0.647662 0.512995 0.294754 -0.722618 0.500489 0.647490 0.512149 0.294754 -0.722618 0.507331 0.647318 0.511180 0.294754 -0.722618 0.515152 0.647170 0.510073 0.298740 -0.702227 0.525904 0.647047 0.508858 0.285154 -0.705277 0.528837 0.646924 0.507520 0.285154 -0.705277 0.532747 
0.647490 0.512149 0.294754 -0.722618 0.507331 0.647318 0.511180 0.294754 -0.722618 0.515152 0.647170 0.510073 0.298740 -0.702227 0.525904 0.647047 0.508858 0.285154 -0.705277 0.528837 0.646924 0.507520 0.285154 -0.705277 0.532747 0.646826 0.506090 0.285154 -0.705277 0.534702 
0.647318 0.511180 0.294754 -0.722618 0.515152 0.647170 0.510073 0.298740 -0.702227 0.525904 0.647047 0.508858 0.285154 -0.705277 0.528837 0.646924 0.507520 0.285154 -0.705277 0.532747 0.646826 0.506090 0.285154 -0.705277 0.534702 0.646727 0.504537 0.285154 -0.705277 0.547410 
0.647170 0.510073 0.298740 -0.702227 0.525904 0.647047 0.508858 0.285154 -0.705277 0.528837 0.646924 0.507520 0.285154 -0.705277 0.532747 0.646826 0.506090 0.285154 -0.705277 0.534702 0.646727 0.504537 0.285154 -0.705277 0.547410 0.646654 0.502891 0.285154 -0.705277 0.551320 
0.647047 0.508858 0.285154 -0.705277 0.528837 0.646924 0.507520 0.285154 -0.705277 0.532747 0.646826 0.506090 0.285154 -0.705277 0.534702 0.646727 0.504537 0.285154 -0.705277 0.547410 0.646654 0.502891 0.285154 -0.705277 0.551320 0.646604 0.501184 0.262429 -0.690835 0.550342 
0.646924 0.507520 0.285154 -0.705277 0.532747 0.646826 0.506090 0.285154 -0.705277 0.534702 0.646727 0.504537 0.285154 -0.705277 0.547410 0.646654 0.502891 0.285154 -0.705277 0.551320 0.646604 0.501184 0.262429 -0.690835 0.550342 0.646506 0.499416 0.262429 -0.690835 0.558162 
