0.648770 0.589936 0.201931 -0.590039 0.021505 0.648844 0.589813 0.201931 -0.590039 0.033236 0.648917 0.589705 0.201931 -0.590039 0.045943 0.648991 0.589613 0.201931 -0.590039 0.065494 0.649090 0.589521 0.201931 -0.590039 0.091887 0.649139 0.589444 0.201931 -0.590039 0.121212 
0.648844 0.589813 0.201931 -0.590039 0.033236 0.648917 0.589705 0.201931 -0.590039 0.045943 0.648991 0.589613 0.201931 -0.590039 0.065494 0.649090 0.589521 0.201931 -0.590039 0.091887 0.649139 0.589444 0.201931 -0.590039 0.121212 0.649213 0.589367 0.201931 -0.590039 0.147605 
0.648917 0.589705 0.201931 -0.590039 0.045943 0.648991 0.589613 0.201931 -0.590039 0.065494 0.649090 0.589521 0.201931 -0.590039 0.091887 0.649139 0.589444 0.201931 -0.590039 0.121212 0.649213 0.589367 0.201931 -0.590039 0.147605 0.649286 0.589305 0.201931 -0.590039 0.181818 
0.648991 0.589613 0.201931 -0.590039 0.065494 0.649090 0.589521 0.201931 -0.590039 0.091887 0.649139 0.589444 0.201931 -0.590039 0.121212 0.649213 0.589367 0.201931 -0.590039 0.147605 0.649286 0.589305 0.201931 -0.590039 0.181818 0.649311 0.589259 0.201931 -0.590039 0.206256 
0.649090 0.589521 0.201931 -0.590039 0.091887 0.649139 0.589444 0.201931 -0.590039 0.121212 0.649213 0.589367 0.201931 -0.590039 0.147605 0.649286 0.589305 0.201931 -0.590039 0.181818 0.649311 0.589259 0.201931 -0.590039 0.206256 0.649360 0.589229 0.201931 -0.590039 0.228739 
0.649139 0.589444 0.201931 -0.590039 0.121212 0.649213 0.589367 0.201931 -0.590039 0.147605 0.649286 0.589305 0.201931 -0.590039 0.181818 0.649311 0.589259 0.201931 -0.590039 0.206256 0.649360 0.589229 0.201931 -0.590039 0.228739 0.649409 0.589213 0.201931 -0.590039 0.255132 
0.649213 0.589367 0.201931 -0.590039 0.147605 0.649286 0.589305 0.201931 -0.590039 0.181818 0.649311 0.589259 0.201931 -0.590039 0.206256 0.649360 0.589229 0.201931 -0.590039 0.228739 0.649409 0.589213 0.201931 -0.590039 0.255132 0.649459 0.589198 0.201931 -0.590039 0.283480 
0.649286 0.589305 0.201931 -0.590039 0.181818 0.649311 0.589259 0.201931 -0.590039 0.206256 0.649360 0.589229 0.201931 -0.590039 0.228739 0.649409 0.589213 0.201931 -0.590039 0.255132 0.649459 0.589198 0.201931 -0.590039 0.283480 0.649483 0.589182 0.201931 -0.590039 0.307918 
0.649311 0.589259 0.201931 -0.590039 0.206256 0.649360 0.589229 0.201931 -0.590039 0.228739 0.649409 0.589213 0.201931 -0.590039 0.255132 0.649459 0.589198 0.201931 -0.590039 0.283480 0.649483 0.589182 0.201931 -0.590039 0.307918 0.649508 0.589167 0.201931 -0.590039 0.331378 
0.649360 0.589229 0.201931 -0.590039 0.228739 0.649409 0.589213 0.201931 -0.590039 0.255132 0.649459 0.589198 0.201931 -0.590039 0.283480 0.649483 0.589182 0.201931 -0.590039 0.307918 0.649508 0.589167 0.201931 -0.590039 0.331378 0.649532 0.589167 0.201931 -0.590039 0.352884 
0.649409 0.589213 0.201931 -0.590039 0.255132 0.649459 0.589198 0.201931 -0.590039 0.283480 0.649483 0.589182 0.201931 -0.590039 0.307918 0.649508 0.589167 0.201931 -0.590039 0.331378 0.649532 0.589167 0.201931 -0.590039 0.352884 0.649557 0.589167 0.190659 -0.592431 0.397849 
0.649459 0.589198 0.201931 -0.590039 0.283480 0.649483 0.589182 0.201931 -0.590039 0.307918 0.649508 0.589167 0.201931 -0.590039 0.331378 0.649532 0.589167 0.201931 -0.590039 0.352884 0.649557 0.589167 0.190659 -0.592431 0.397849 0.649582 0.589167 0.190659 -0.592431 0.430108 
0.649483 0.589182 0.201931 -0.590039 0.307918 0.649508 0.589167 0.201931 -0.590039 0.331378 0.649532 0.589167 0.201931 -0.590039 0.352884 0.649557 0.589167 0.190659 -0.592431 0.397849 0.649582 0.589167 0.190659 -0.592431 0.430108 0.649582 0.589198 0.190659 -0.592431 0.579668 
0.649508 0.589167 0.201931 -0.590039 0.331378 0.649532 0.589167 0.201931 -0.590039 0.352884 0.649557 0.589167 0.190659 -0.592431 0.397849 0.649582 0.589167 0.190659 -0.592431 0.430108 0.649582 0.589198 0.190659 -0.592431 0.579668 0.649582 0.589259 0.190659 -0.592431 0.582600 
0.649532 0.589167 0.201931 -0.590039 0.352884 0.649557 0.589167 0.190659 -0.592431 0.397849 0.649582 0.589167 0.190659 -0.592431 0.430108 0.649582 0.589198 0.190659 -0.592431 0.579668 0.649582 0.589259 0.190659 -0.592431 0.582600 0.649582 0.589321 0.190659 -0.592431 0.586510 
0.649557 0.589167 0.190659 -0.592431 0.397849 0.649582 0.589167 0.190659 -0.592431 0.430108 0.649582 0.589198 0.190659 -0.592431 0.579668 0.649582 0.589259 0.190659 -0.592431 0.582600 0.649582 0.589321 0.190659 -0.592431 0.586510 0.649582 0.589382 0.190659 -0.592431 0.588465 
0.649582 0.589167 0.190659 -0.592431 0.430108 0.649582 0.589198 0.190659 -0.592431 0.579668 0.649582 0.589259 0.190659 -0.592431 0.582600 0.649582 0.589321 0.190659 -0.592431 0.586510 0.649582 0.589382 0.190659 -0.592431 0.588465 0.649582 0.589444 0.179281 -0.594676 0.592375 
0.649582 0.589198 0.190659 -0.592431 0.579668 0.649582 0.589259 0.190659 -0.592431 0.582600 0.649582 0.589321 0.190659 -0.592431 0.586510 0.649582 0.589382 0.190659 -0.592431 0.588465 0.649582 0.589444 0.179281 -0.594676 0.592375 0.649582 0.589521 0.179281 -0.594676 0.596285 
0.649582 0.589259 0.190659 -0.592431 0.582600 0.649582 0.589321 0.190659 -0.592431 0.586510 0.649582 0.589382 0.190659 -0.592431 0.588465 0.649582 0.589444 0.179281 -0.594676 0.592375 0.649582 0.589521 0.179281 -0.594676 0.596285 0.649582 0.589613 0.179281 -0.594676 0.600196 
0.649582 0.589321 0.190659 -0.592431 0.586510 0.649582 0.589382 0.190659 -0.592431 0.588465 0.649582 0.589444 0.179281 -0.594676 0.592375 0.649582 0.589521 0.179281 -0.594676 0.596285 0.649582 0.589613 0.179281 -0.594676 0.600196 0.649557 0.589705 0.179281 -0.594676 0.605083 
0.649582 0.589382 0.190659 -0.592431 0.588465 0.649582 0.589444 0.179281 -0.594676 0.592375 0.649582 0.589521 0.179281 -0.594676 0.596285 0.649582 0.589613 0.179281 -0.594676 0.600196 0.649557 0.589705 0.179281 -0.594676 0.605083 0.649434 0.589798 0.179281 -0.594676 0.609971 
0.649582 0.589444 0.179281 -0.594676 0.592375 0.649582 0.589521 0.179281 -0.594676 0.596285 0.649582 0.589613 0.179281 -0.594676 0.600196 0.649557 0.589705 0.179281 -0.594676 0.605083 0.649434 0.589798 0.179281 -0.594676 0.609971 0.649286 0.589921 0.179281 -0.594676 0.613881 
0.649582 0.589521 0.179281 -0.594676 0.596285 0.649582 0.589613 0.179281 -0.594676 0.600196 0.649557 0.589705 0.179281 -0.594676 0.605083 0.649434 0.589798 0.179281 -0.594676 0.609971 0.649286 0.589921 0.179281 -0.594676 0.613881 0.649139 0.590074 0.179281 -0.594676 0.618768 
0.649582 0.589613 0.179281 -0.594676 0.600196 0.649557 0.589705 0.179281 -0.594676 0.605083 0.649434 0.589798 0.179281 -0.594676 0.609971 0.649286 0.589921 0.179281 -0.594676 0.613881 0.649139 0.590074 0.179281 -0.594676 0.618768 0.648942 0.590228 0.179281 -0.594676 0.622678 
0.649557 0.589705 0.179281 -0.594676 0.605083 0.649434 0.589798 0.179281 -0.594676 0.609971 0.649286 0.589921 0.179281 -0.594676 0.613881 0.649139 0.590074 0.179281 -0.594676 0.618768 0.648942 0.590228 0.179281 -0.594676 0.622678 0.648696 0.590413 0.179281 -0.594676 0.628543 
0.649434 0.589798 0.179281 -0.594676 0.609971 0.649286 0.589921 0.179281 -0.594676 0.613881 0.649139 0.590074 0.179281 -0.594676 0.618768 0.648942 0.590228 0.179281 -0.594676 0.622678 0.648696 0.590413 0.179281 -0.594676 0.628543 0.648425 0.590628 0.179281 -0.594676 0.634409 
0.649286 0.589921 0.179281 -0.594676 0.613881 0.649139 0.590074 0.179281 -0.594676 0.618768 0.648942 0.590228 0.179281 -0.594676 0.622678 0.648696 0.590413 0.179281 -0.594676 0.628543 0.648425 0.590628 0.179281 -0.594676 0.634409 0.648105 0.590920 0.179281 -0.594676 0.638319 
0.649139 0.590074 0.179281 -0.594676 0.618768 0.648942 0.590228 0.179281 -0.594676 0.622678 0.648696 0.590413 0.179281 -0.594676 0.628543 0.648425 0.590628 0.179281 -0.594676 0.634409 0.648105 0.590920 0.179281 -0.594676 0.638319 0.647761 0.591274 0.179281 -0.594676 0.639296 
0.648942 0.590228 0.179281 -0.594676 0.622678 0.648696 0.590413 0.179281 -0.594676 0.628543 0.648425 0.590628 0.179281 -0.594676 0.634409 0.648105 0.590920 0.179281 -0.594676 0.638319 0.647761 0.591274 0.179281 -0.594676 0.639296 0.647343 0.591674 0.179281 -0.594676 0.643206 
0.648696 0.590413 0.179281 -0.594676 0.628543 0.648425 0.590628 0.179281 -0.594676 0.634409 0.648105 0.590920 0.179281 -0.594676 0.638319 0.647761 0.591274 0.179281 -0.594676 0.639296 0.647343 0.591674 0.179281 -0.594676 0.643206 0.646383 0.592597 0.179281 -0.594676 0.650049 
0.648425 0.590628 0.179281 -0.594676 0.634409 0.648105 0.590920 0.179281 -0.594676 0.638319 0.647761 0.591274 0.179281 -0.594676 0.639296 0.647343 0.591674 0.179281 -0.594676 0.643206 0.646383 0.592597 0.179281 -0.594676 0.650049 0.646900 0.592120 0.179281 -0.594676 0.650049 
0.648105 0.590920 0.179281 -0.594676 0.638319 0.647761 0.591274 0.179281 -0.594676 0.639296 0.647343 0.591674 0.179281 -0.594676 0.643206 0.646383 0.592597 0.179281 -0.594676 0.650049 0.646900 0.592120 0.179281 -0.594676 0.650049 0.645792 0.593135 0.179281 -0.594676 0.650049 
0.647761 0.591274 0.179281 -0.594676 0.639296 0.647343 0.591674 0.179281 -0.594676 0.643206 0.646383 0.592597 0.179281 -0.594676 0.650049 0.646900 0.592120 0.179281 -0.594676 0.650049 0.645792 0.593135 0.179281 -0.594676 0.650049 0.645153 0.593719 0.179281 -0.594676 0.647116 
0.647343 0.591674 0.179281 -0.594676 0.643206 0.646383 0.592597 0.179281 -0.594676 0.650049 0.646900 0.592120 0.179281 -0.594676 0.650049 0.645792 0.593135 0.179281 -0.594676 0.650049 0.645153 0.593719 0.179281 -0.594676 0.647116 0.644390 0.594350 0.179281 -0.594676 0.646139 
0.646383 0.592597 0.179281 -0.594676 0.650049 0.646900 0.592120 0.179281 -0.594676 0.650049 0.645792 0.593135 0.179281 -0.594676 0.650049 0.645153 0.593719 0.179281 -0.594676 0.647116 0.644390 0.594350 0.179281 -0.594676 0.646139 0.643602 0.594996 0.179281 -0.594676 0.649071 
0.646900 0.592120 0.179281 -0.594676 0.650049 0.645792 0.593135 0.179281 -0.594676 0.650049 0.645153 0.593719 0.179281 -0.594676 0.647116 0.644390 0.594350 0.179281 -0.594676 0.646139 0.643602 0.594996 0.179281 -0.594676 0.649071 0.642717 0.595657 0.179281 -0.594676 0.650049 
0.645792 0.593135 0.179281 -0.594676 0.650049 0.645153 0.593719 0.179281 -0.594676 0.647116 0.644390 0.594350 0.179281 -0.594676 0.646139 0.643602 0.594996 0.179281 -0.594676 0.649071 0.642717 0.595657 0.179281 -0.594676 0.650049 0.641831 0.596380 0.179281 -0.594676 0.652981 
0.645153 0.593719 0.179281 -0.594676 0.647116 0.644390 0.594350 0.179281 -0.594676 0.646139 0.643602 0.594996 0.179281 -0.594676 0.649071 0.642717 0.595657 0.179281 -0.594676 0.650049 0.641831 0.596380 0.179281 -0.594676 0.652981 0.640846 0.597118 0.179281 -0.594676 0.649071 
0.644390 0.594350 0.179281 -0.594676 0.646139 0.643602 0.594996 0.179281 -0.594676 0.649071 0.642717 0.595657 0.179281 -0.594676 0.650049 0.641831 0.596380 0.179281 -0.594676 0.652981 0.640846 0.597118 0.179281 -0.594676 0.649071 0.639813 0.597887 0.179281 -0.594676 0.651026 
0.643602 0.594996 0.179281 -0.594676 0.649071 0.642717 0.595657 0.179281 -0.594676 0.650049 0.641831 0.596380 0.179281 -0.594676 0.652981 0.640846 0.597118 0.179281 -0.594676 0.649071 0.639813 0.597887 0.179281 -0.594676 0.651026 0.638780 0.598702 0.179281 -0.594676 0.648094 
0.621137 0.581078 0.108085 -0.551649 0.965787 0.622096 0.581155 0.108085 -0.551649 0.961877 0.623032 0.581278 0.108085 -0.551649 0.962854 0.623942 0.581385 0.108085 -0.551649 0.964809 0.624803 0.581508 0.108085 -0.551649 0.963832 0.625615 0.581601 0.103962 -0.534318 0.965787 
0.622096 0.581155 0.108085 -0.551649 0.961877 0.623032 0.581278 0.108085 -0.551649 0.962854 0.623942 0.581385 0.108085 -0.551649 0.964809 0.624803 0.581508 0.108085 -0.551649 0.963832 0.625615 0.581601 0.103962 -0.534318 0.965787 0.626353 0.581708 0.103962 -0.534318 0.965787 
0.623032 0.581278 0.108085 -0.551649 0.962854 0.623942 0.581385 0.108085 -0.551649 0.964809 0.624803 0.581508 0.108085 -0.551649 0.963832 0.625615 0.581601 0.103962 -0.534318 0.965787 0.626353 0.581708 0.103962 -0.534318 0.965787 0.627092 0.581831 0.103962 -0.534318 0.969697 
0.623942 0.581385 0.108085 -0.551649 0.964809 0.624803 0.581508 0.108085 -0.551649 0.963832 0.625615 0.581601 0.103962 -0.534318 0.965787 0.626353 0.581708 0.103962 -0.534318 0.965787 0.627092 0.581831 0.103962 -0.534318 0.969697 0.627805 0.581970 0.103962 -0.534318 0.964809 
0.624803 0.581508 0.108085 -0.551649 0.963832 0.625615 0.581601 0.103962 -0.534318 0.965787 0.626353 0.581708 0.103962 -0.534318 0.965787 0.627092 0.581831 0.103962 -0.534318 0.969697 0.627805 0.581970 0.103962 -0.534318 0.964809 0.628519 0.582108 0.103962 -0.534318 0.969697 
0.625615 0.581601 0.103962 -0.534318 0.965787 0.626353 0.581708 0.103962 -0.534318 0.965787 0.627092 0.581831 0.103962 -0.534318 0.969697 0.627805 0.581970 0.103962 -0.534318 0.964809 0.628519 0.582108 0.103962 -0.534318 0.969697 0.629208 0.582231 0.103962 -0.534318 0.970675 
0.626353 0.581708 0.103962 -0.534318 0.965787 0.627092 0.581831 0.103962 -0.534318 0.969697 0.627805 0.581970 0.103962 -0.534318 0.964809 0.628519 0.582108 0.103962 -0.534318 0.969697 0.629208 0.582231 0.103962 -0.534318 0.970675 0.629897 0.582354 0.099922 -0.516995 0.970675 
0.627092 0.581831 0.103962 -0.534318 0.969697 0.627805 0.581970 0.103962 -0.534318 0.964809 0.628519 0.582108 0.103962 -0.534318 0.969697 0.629208 0.582231 0.103962 -0.534318 0.970675 0.629897 0.582354 0.099922 -0.516995 0.970675 0.630561 0.582477 0.099922 -0.516995 0.956012 
0.627805 0.581970 0.103962 -0.534318 0.964809 0.628519 0.582108 0.103962 -0.534318 0.969697 0.629208 0.582231 0.103962 -0.534318 0.970675 0.629897 0.582354 0.099922 -0.516995 0.970675 0.630561 0.582477 0.099922 -0.516995 0.956012 0.631225 0.582585 0.099922 -0.516995 0.952102 
0.628519 0.582108 0.103962 -0.534318 0.969697 0.629208 0.582231 0.103962 -0.534318 0.970675 0.629897 0.582354 0.099922 -0.516995 0.970675 0.630561 0.582477 0.099922 -0.516995 0.956012 0.631225 0.582585 0.099922 -0.516995 0.952102 0.631914 0.582708 0.099922 -0.516995 0.951124 
0.629208 0.582231 0.103962 -0.534318 0.970675 0.629897 0.582354 0.099922 -0.516995 0.970675 0.630561 0.582477 0.099922 -0.516995 0.956012 0.631225 0.582585 0.099922 -0.516995 0.952102 0.631914 0.582708 0.099922 -0.516995 0.951124 0.632579 0.582831 0.099922 -0.516995 0.949169 
0.629897 0.582354 0.099922 -0.516995 0.970675 0.630561 0.582477 0.099922 -0.516995 0.956012 0.631225 0.582585 0.099922 -0.516995 0.952102 0.631914 0.582708 0.099922 -0.516995 0.951124 0.632579 0.582831 0.099922 -0.516995 0.949169 0.633219 0.582939 0.099922 -0.516995 0.947214 
0.630561 0.582477 0.099922 -0.516995 0.956012 0.631225 0.582585 0.099922 -0.516995 0.952102 0.631914 0.582708 0.099922 -0.516995 0.951124 0.632579 0.582831 0.099922 -0.516995 0.949169 0.633219 0.582939 0.099922 -0.516995 0.947214 0.633834 0.583031 0.099922 -0.516995 0.950147 
0.631225 0.582585 0.099922 -0.516995 0.952102 0.631914 0.582708 0.099922 -0.516995 0.951124 0.632579 0.582831 0.099922 -0.516995 0.949169 0.633219 0.582939 0.099922 -0.516995 0.947214 0.633834 0.583031 0.099922 -0.516995 0.950147 0.634449 0.583139 0.099922 -0.516995 0.953079 
0.631914 0.582708 0.099922 -0.516995 0.951124 0.632579 0.582831 0.099922 -0.516995 0.949169 0.633219 0.582939 0.099922 -0.516995 0.947214 0.633834 0.583031 0.099922 -0.516995 0.950147 0.634449 0.583139 0.099922 -0.516995 0.953079 0.635039 0.583215 0.099922 -0.516995 0.953079 
0.632579 0.582831 0.099922 -0.516995 0.949169 0.633219 0.582939 0.099922 -0.516995 0.947214 0.633834 0.583031 0.099922 -0.516995 0.950147 0.634449 0.583139 0.099922 -0.516995 0.953079 0.635039 0.583215 0.099922 -0.516995 0.953079 0.635605 0.583292 0.099922 -0.516995 0.951124 
0.633219 0.582939 0.099922 -0.516995 0.947214 0.633834 0.583031 0.099922 -0.516995 0.950147 0.634449 0.583139 0.099922 -0.516995 0.953079 0.635039 0.583215 0.099922 -0.516995 0.953079 0.635605 0.583292 0.099922 -0.516995 0.951124 0.636147 0.583369 0.099922 -0.516995 0.943304 
0.633834 0.583031 0.099922 -0.516995 0.950147 0.634449 0.583139 0.099922 -0.516995 0.953079 0.635039 0.583215 0.099922 -0.516995 0.953079 0.635605 0.583292 0.099922 -0.516995 0.951124 0.636147 0.583369 0.099922 -0.516995 0.943304 0.636663 0.583446 0.103962 -0.534318 0.943304 
0.634449 0.583139 0.099922 -0.516995 0.953079 0.635039 0.583215 0.099922 -0.516995 0.953079 0.635605 0.583292 0.099922 -0.516995 0.951124 0.636147 0.583369 0.099922 -0.516995 0.943304 0.636663 0.583446 0.103962 -0.534318 0.943304 0.637205 0.583538 0.103962 -0.534318 0.946237 
0.635039 0.583215 0.099922 -0.516995 0.953079 0.635605 0.583292 0.099922 -0.516995 0.951124 0.636147 0.583369 0.099922 -0.516995 0.943304 0.636663 0.583446 0.103962 -0.534318 0.943304 0.637205 0.583538 0.103962 -0.534318 0.946237 0.637721 0.583631 0.103962 -0.534318 0.945259 
0.635605 0.583292 0.099922 -0.516995 0.951124 0.636147 0.583369 0.099922 -0.516995 0.943304 0.636663 0.583446 0.103962 -0.534318 0.943304 0.637205 0.583538 0.103962 -0.534318 0.946237 0.637721 0.583631 0.103962 -0.534318 0.945259 0.638238 0.583723 0.103962 -0.534318 0.944282 
0.636147 0.583369 0.099922 -0.516995 0.943304 0.636663 0.583446 0.103962 -0.534318 0.943304 0.637205 0.583538 0.103962 -0.534318 0.946237 0.637721 0.583631 0.103962 -0.534318 0.945259 0.638238 0.583723 0.103962 -0.534318 0.944282 0.638755 0.583815 0.103962 -0.534318 0.947214 
0.636663 0.583446 0.103962 -0.534318 0.943304 0.637205 0.583538 0.103962 -0.534318 0.946237 0.637721 0.583631 0.103962 -0.534318 0.945259 0.638238 0.583723 0.103962 -0.534318 0.944282 0.638755 0.583815 0.103962 -0.534318 0.947214 0.639272 0.583923 0.103962 -0.534318 0.948192 
0.637205 0.583538 0.103962 -0.534318 0.946237 0.637721 0.583631 0.103962 -0.534318 0.945259 0.638238 0.583723 0.103962 -0.534318 0.944282 0.638755 0.583815 0.103962 -0.534318 0.947214 0.639272 0.583923 0.103962 -0.534318 0.948192 0.639788 0.584031 0.108085 -0.551649 0.944282 
0.637721 0.583631 0.103962 -0.534318 0.945259 0.638238 0.583723 0.103962 -0.534318 0.944282 0.638755 0.583815 0.103962 -0.534318 0.947214 0.639272 0.583923 0.103962 -0.534318 0.948192 0.639788 0.584031 0.108085 -0.551649 0.944282 0.640305 0.584154 0.108085 -0.551649 0.938416 
0.638238 0.583723 0.103962 -0.534318 0.944282 0.638755 0.583815 0.103962 -0.534318 0.947214 0.639272 0.583923 0.103962 -0.534318 0.948192 0.639788 0.584031 0.108085 -0.551649 0.944282 0.640305 0.584154 0.108085 -0.551649 0.938416 0.640797 0.584261 0.108085 -0.551649 0.941349 
0.638755 0.583815 0.103962 -0.534318 0.947214 0.639272 0.583923 0.103962 -0.534318 0.948192 0.639788 0.584031 0.108085 -0.551649 0.944282 0.640305 0.584154 0.108085 -0.551649 0.938416 0.640797 0.584261 0.108085 -0.551649 0.941349 0.641265 0.584369 0.108085 -0.551649 0.943304 
0.639272 0.583923 0.103962 -0.534318 0.948192 0.639788 0.584031 0.108085 -0.551649 0.944282 0.640305 0.584154 0.108085 -0.551649 0.938416 0.640797 0.584261 0.108085 -0.551649 0.941349 0.641265 0.584369 0.108085 -0.551649 0.943304 0.641658 0.584446 0.108085 -0.551649 0.945259 
0.639788 0.584031 0.108085 -0.551649 0.944282 0.640305 0.584154 0.108085 -0.551649 0.938416 0.640797 0.584261 0.108085 -0.551649 0.941349 0.641265 0.584369 0.108085 -0.551649 0.943304 0.641658 0.584446 0.108085 -0.551649 0.945259 0.642003 0.584523 0.108085 -0.551649 0.946237 
0.640305 0.584154 0.108085 -0.551649 0.938416 0.640797 0.584261 0.108085 -0.551649 0.941349 0.641265 0.584369 0.108085 -0.551649 0.943304 0.641658 0.584446 0.108085 -0.551649 0.945259 0.642003 0.584523 0.108085 -0.551649 0.946237 0.642298 0.584584 0.108085 -0.551649 0.949169 
0.640797 0.584261 0.108085 -0.551649 0.941349 0.641265 0.584369 0.108085 -0.551649 0.943304 0.641658 0.584446 0.108085 -0.551649 0.945259 0.642003 0.584523 0.108085 -0.551649 0.946237 0.642298 0.584584 0.108085 -0.551649 0.949169 0.642520 0.584630 0.108085 -0.551649 0.951124 
0.641265 0.584369 0.108085 -0.551649 0.943304 0.641658 0.584446 0.108085 -0.551649 0.945259 0.642003 0.584523 0.108085 -0.551649 0.946237 0.642298 0.584584 0.108085 -0.551649 0.949169 0.642520 0.584630 0.108085 -0.551649 0.951124 0.642790 0.584692 0.108085 -0.551649 0.954057 
0.641658 0.584446 0.108085 -0.551649 0.945259 0.642003 0.584523 0.108085 -0.551649 0.946237 0.642298 0.584584 0.108085 -0.551649 0.949169 0.642520 0.584630 0.108085 -0.551649 0.951124 0.642790 0.584692 0.108085 -0.551649 0.954057 0.643036 0.584753 0.108085 -0.551649 0.955034 
0.642003 0.584523 0.108085 -0.551649 0.946237 0.642298 0.584584 0.108085 -0.551649 0.949169 0.642520 0.584630 0.108085 -0.551649 0.951124 0.642790 0.584692 0.108085 -0.551649 0.954057 0.643036 0.584753 0.108085 -0.551649 0.955034 0.643258 0.584815 0.108085 -0.551649 0.954057 
0.642298 0.584584 0.108085 -0.551649 0.949169 0.642520 0.584630 0.108085 -0.551649 0.951124 0.642790 0.584692 0.108085 -0.551649 0.954057 0.643036 0.584753 0.108085 -0.551649 0.955034 0.643258 0.584815 0.108085 -0.551649 0.954057 0.643504 0.584876 0.108085 -0.551649 0.955034 
0.642520 0.584630 0.108085 -0.551649 0.951124 0.642790 0.584692 0.108085 -0.551649 0.954057 0.643036 0.584753 0.108085 -0.551649 0.955034 0.643258 0.584815 0.108085 -0.551649 0.954057 0.643504 0.584876 0.108085 -0.551649 0.955034 0.643775 0.584953 0.108085 -0.551649 0.955034 
0.642790 0.584692 0.108085 -0.551649 0.954057 0.643036 0.584753 0.108085 -0.551649 0.955034 0.643258 0.584815 0.108085 -0.551649 0.954057 0.643504 0.584876 0.108085 -0.551649 0.955034 0.643775 0.584953 0.108085 -0.551649 0.955034 0.644070 0.585015 0.108085 -0.551649 0.956012 
0.643036 0.584753 0.108085 -0.551649 0.955034 0.643258 0.584815 0.108085 -0.551649 0.954057 0.643504 0.584876 0.108085 -0.551649 0.955034 0.643775 0.584953 0.108085 -0.551649 0.955034 0.644070 0.585015 0.108085 -0.551649 0.956012 0.644390 0.585107 0.108085 -0.551649 0.956989 
0.643258 0.584815 0.108085 -0.551649 0.954057 0.643504 0.584876 0.108085 -0.551649 0.955034 0.643775 0.584953 0.108085 -0.551649 0.955034 0.644070 0.585015 0.108085 -0.551649 0.956012 0.644390 0.585107 0.108085 -0.551649 0.956989 0.644734 0.585184 0.108085 -0.551649 0.955034 
0.643504 0.584876 0.108085 -0.551649 0.955034 0.643775 0.584953 0.108085 -0.551649 0.955034 0.644070 0.585015 0.108085 -0.551649 0.956012 0.644390 0.585107 0.108085 -0.551649 0.956989 0.644734 0.585184 0.108085 -0.551649 0.955034 0.645079 0.585292 0.108085 -0.551649 0.955034 
0.643775 0.584953 0.108085 -0.551649 0.955034 0.644070 0.585015 0.108085 -0.551649 0.956012 0.644390 0.585107 0.108085 -0.551649 0.956989 0.644734 0.585184 0.108085 -0.551649 0.955034 0.645079 0.585292 0.108085 -0.551649 0.955034 0.645423 0.585399 0.108085 -0.551649 0.956989 
0.644070 0.585015 0.108085 -0.551649 0.956012 0.644390 0.585107 0.108085 -0.551649 0.956989 0.644734 0.585184 0.108085 -0.551649 0.955034 0.645079 0.585292 0.108085 -0.551649 0.955034 0.645423 0.585399 0.108085 -0.551649 0.956989 0.645792 0.585522 0.108085 -0.551649 0.955034 
0.644390 0.585107 0.108085 -0.551649 0.956989 0.644734 0.585184 0.108085 -0.551649 0.955034 0.645079 0.585292 0.108085 -0.551649 0.955034 0.645423 0.585399 0.108085 -0.551649 0.956989 0.645792 0.585522 0.108085 -0.551649 0.955034 0.646137 0.585645 0.108085 -0.551649 0.953079 
0.644734 0.585184 0.108085 -0.551649 0.955034 0.645079 0.585292 0.108085 -0.551649 0.955034 0.645423 0.585399 0.108085 -0.551649 0.956989 0.645792 0.585522 0.108085 -0.551649 0.955034 0.646137 0.585645 0.108085 -0.551649 0.953079 0.646457 0.585784 0.101242 -0.570314 0.949169 
0.645079 0.585292 0.108085 -0.551649 0.955034 0.645423 0.585399 0.108085 -0.551649 0.956989 0.645792 0.585522 0.108085 -0.551649 0.955034 0.646137 0.585645 0.108085 -0.551649 0.953079 0.646457 0.585784 0.101242 -0.570314 0.949169 0.646801 0.585953 0.101242 -0.570314 0.945259 
0.645423 0.585399 0.108085 -0.551649 0.956989 0.645792 0.585522 0.108085 -0.551649 0.955034 0.646137 0.585645 0.108085 -0.551649 0.953079 0.646457 0.585784 0.101242 -0.570314 0.949169 0.646801 0.585953 0.101242 -0.570314 0.945259 0.647170 0.586107 0.101242 -0.570314 0.944282 
0.645792 0.585522 0.108085 -0.551649 0.955034 0.646137 0.585645 0.108085 -0.551649 0.953079 0.646457 0.585784 0.101242 -0.570314 0.949169 0.646801 0.585953 0.101242 -0.570314 0.945259 0.647170 0.586107 0.101242 -0.570314 0.944282 0.647539 0.586260 0.101242 -0.570314 0.942326 
0.646137 0.585645 0.108085 -0.551649 0.953079 0.646457 0.585784 0.101242 -0.570314 0.949169 0.646801 0.585953 0.101242 -0.570314 0.945259 0.647170 0.586107 0.101242 -0.570314 0.944282 0.647539 0.586260 0.101242 -0.570314 0.942326 0.647884 0.586430 0.101242 -0.570314 0.939394 
0.646457 0.585784 0.101242 -0.570314 0.949169 0.646801 0.585953 0.101242 -0.570314 0.945259 0.647170 0.586107 0.101242 -0.570314 0.944282 0.647539 0.586260 0.101242 -0.570314 0.942326 0.647884 0.586430 0.101242 -0.570314 0.939394 0.648548 0.586722 0.101242 -0.570314 0.930596 
0.646801 0.585953 0.101242 -0.570314 0.945259 0.647170 0.586107 0.101242 -0.570314 0.944282 0.647539 0.586260 0.101242 -0.570314 0.942326 0.647884 0.586430 0.101242 -0.570314 0.939394 0.648548 0.586722 0.101242 -0.570314 0.930596 0.648228 0.586568 0.101242 -0.570314 0.935484 
0.647170 0.586107 0.101242 -0.570314 0.944282 0.647539 0.586260 0.101242 -0.570314 0.942326 0.647884 0.586430 0.101242 -0.570314 0.939394 0.648548 0.586722 0.101242 -0.570314 0.930596 0.648228 0.586568 0.101242 -0.570314 0.935484 0.648893 0.586860 0.101242 -0.570314 0.937439 
0.647539 0.586260 0.101242 -0.570314 0.942326 0.647884 0.586430 0.101242 -0.570314 0.939394 0.648548 0.586722 0.101242 -0.570314 0.930596 0.648228 0.586568 0.101242 -0.570314 0.935484 0.648893 0.586860 0.101242 -0.570314 0.937439 0.649213 0.586999 0.101242 -0.570314 0.933529 
0.647884 0.586430 0.101242 -0.570314 0.939394 0.648548 0.586722 0.101242 -0.570314 0.930596 0.648228 0.586568 0.101242 -0.570314 0.935484 0.648893 0.586860 0.101242 -0.570314 0.937439 0.649213 0.586999 0.101242 -0.570314 0.933529 0.649483 0.587137 0.101242 -0.570314 0.933529 
0.648548 0.586722 0.101242 -0.570314 0.930596 0.648228 0.586568 0.101242 -0.570314 0.935484 0.648893 0.586860 0.101242 -0.570314 0.937439 0.649213 0.586999 0.101242 -0.570314 0.933529 0.649483 0.587137 0.101242 -0.570314 0.933529 0.649754 0.587260 0.101242 -0.570314 0.930596 
0.648228 0.586568 0.101242 -0.570314 0.935484 0.648893 0.586860 0.101242 -0.570314 0.937439 0.649213 0.586999 0.101242 -0.570314 0.933529 0.649483 0.587137 0.101242 -0.570314 0.933529 0.649754 0.587260 0.101242 -0.570314 0.930596 0.650000 0.587383 0.101242 -0.570314 0.934506 
0.648893 0.586860 0.101242 -0.570314 0.937439 0.649213 0.586999 0.101242 -0.570314 0.933529 0.649483 0.587137 0.101242 -0.570314 0.933529 0.649754 0.587260 0.101242 -0.570314 0.930596 0.650000 0.587383 0.101242 -0.570314 0.934506 0.650221 0.587491 0.101242 -0.570314 0.934506 
0.649213 0.586999 0.101242 -0.570314 0.933529 0.649483 0.587137 0.101242 -0.570314 0.933529 0.649754 0.587260 0.101242 -0.570314 0.930596 0.650000 0.587383 0.101242 -0.570314 0.934506 0.650221 0.587491 0.101242 -0.570314 0.934506 0.650468 0.587598 0.101242 -0.570314 0.932551 
0.649483 0.587137 0.101242 -0.570314 0.933529 0.649754 0.587260 0.101242 -0.570314 0.930596 0.650000 0.587383 0.101242 -0.570314 0.934506 0.650221 0.587491 0.101242 -0.570314 0.934506 0.650468 0.587598 0.101242 -0.570314 0.932551 0.650714 0.587721 0.101242 -0.570314 0.930596 
0.649754 0.587260 0.101242 -0.570314 0.930596 0.650000 0.587383 0.101242 -0.570314 0.934506 0.650221 0.587491 0.101242 -0.570314 0.934506 0.650468 0.587598 0.101242 -0.570314 0.932551 0.650714 0.587721 0.101242 -0.570314 0.930596 0.650935 0.587829 0.101242 -0.570314 0.929619 
0.650000 0.587383 0.101242 -0.570314 0.934506 0.650221 0.587491 0.101242 -0.570314 0.934506 0.650468 0.587598 0.101242 -0.570314 0.932551 0.650714 0.587721 0.101242 -0.570314 0.930596 0.650935 0.587829 0.101242 -0.570314 0.929619 0.651157 0.587937 0.101242 -0.570314 0.928641 
0.650221 0.587491 0.101242 -0.570314 0.934506 0.650468 0.587598 0.101242 -0.570314 0.932551 0.650714 0.587721 0.101242 -0.570314 0.930596 0.650935 0.587829 0.101242 -0.570314 0.929619 0.651157 0.587937 0.101242 -0.570314 0.928641 0.651378 0.588044 0.123284 -0.567521 0.927664 
0.650468 0.587598 0.101242 -0.570314 0.932551 0.650714 0.587721 0.101242 -0.570314 0.930596 0.650935 0.587829 0.101242 -0.570314 0.929619 0.651157 0.587937 0.101242 -0.570314 0.928641 0.651378 0.588044 0.123284 -0.567521 0.927664 0.651575 0.588152 0.123284 -0.567521 0.924731 
0.650714 0.587721 0.101242 -0.570314 0.930596 0.650935 0.587829 0.101242 -0.570314 0.929619 0.651157 0.587937 0.101242 -0.570314 0.928641 0.651378 0.588044 0.123284 -0.567521 0.927664 0.651575 0.588152 0.123284 -0.567521 0.924731 0.651747 0.588244 0.123284 -0.567521 0.925709 
0.650935 0.587829 0.101242 -0.570314 0.929619 0.651157 0.587937 0.101242 -0.570314 0.928641 0.651378 0.588044 0.123284 -0.567521 0.927664 0.651575 0.588152 0.123284 -0.567521 0.924731 0.651747 0.588244 0.123284 -0.567521 0.925709 0.651895 0.588337 0.123284 -0.567521 0.924731 
0.651157 0.587937 0.101242 -0.570314 0.928641 0.651378 0.588044 0.123284 -0.567521 0.927664 0.651575 0.588152 0.123284 -0.567521 0.924731 0.651747 0.588244 0.123284 -0.567521 0.925709 0.651895 0.588337 0.123284 -0.567521 0.924731 0.652042 0.588398 0.123284 -0.567521 0.922776 
0.651378 0.588044 0.123284 -0.567521 0.927664 0.651575 0.588152 0.123284 -0.567521 0.924731 0.651747 0.588244 0.123284 -0.567521 0.925709 0.651895 0.588337 0.123284 -0.567521 0.924731 0.652042 0.588398 0.123284 -0.567521 0.922776 0.652141 0.588460 0.123284 -0.567521 0.923754 
0.651575 0.588152 0.123284 -0.567521 0.924731 0.651747 0.588244 0.123284 -0.567521 0.925709 0.651895 0.588337 0.123284 -0.567521 0.924731 0.652042 0.588398 0.123284 -0.567521 0.922776 0.652141 0.588460 0.123284 -0.567521 0.923754 0.652215 0.588506 0.123284 -0.567521 0.920821 
0.651747 0.588244 0.123284 -0.567521 0.925709 0.651895 0.588337 0.123284 -0.567521 0.924731 0.652042 0.588398 0.123284 -0.567521 0.922776 0.652141 0.588460 0.123284 -0.567521 0.923754 0.652215 0.588506 0.123284 -0.567521 0.920821 0.652288 0.588552 0.123284 -0.567521 0.918866 
0.651895 0.588337 0.123284 -0.567521 0.924731 0.652042 0.588398 0.123284 -0.567521 0.922776 0.652141 0.588460 0.123284 -0.567521 0.923754 0.652215 0.588506 0.123284 -0.567521 0.920821 0.652288 0.588552 0.123284 -0.567521 0.918866 0.652313 0.588583 0.116596 -0.586335 0.916911 
0.652042 0.588398 0.123284 -0.567521 0.922776 0.652141 0.588460 0.123284 -0.567521 0.923754 0.652215 0.588506 0.123284 -0.567521 0.920821 0.652288 0.588552 0.123284 -0.567521 0.918866 0.652313 0.588583 0.116596 -0.586335 0.916911 0.652362 0.588598 0.116596 -0.586335 0.916911 
0.652141 0.588460 0.123284 -0.567521 0.923754 0.652215 0.588506 0.123284 -0.567521 0.920821 0.652288 0.588552 0.123284 -0.567521 0.918866 0.652313 0.588583 0.116596 -0.586335 0.916911 0.652362 0.588598 0.116596 -0.586335 0.916911 0.652411 0.588613 0.116596 -0.586335 0.916911 
0.652215 0.588506 0.123284 -0.567521 0.920821 0.652288 0.588552 0.123284 -0.567521 0.918866 0.652313 0.588583 0.116596 -0.586335 0.916911 0.652362 0.588598 0.116596 -0.586335 0.916911 0.652411 0.588613 0.116596 -0.586335 0.916911 0.652461 0.588629 0.116596 -0.586335 0.915934 
0.652288 0.588552 0.123284 -0.567521 0.918866 0.652313 0.588583 0.116596 -0.586335 0.916911 0.652362 0.588598 0.116596 -0.586335 0.916911 0.652411 0.588613 0.116596 -0.586335 0.916911 0.652461 0.588629 0.116596 -0.586335 0.915934 0.652510 0.588690 0.116596 -0.586335 0.913979 
0.652313 0.588583 0.116596 -0.586335 0.916911 0.652362 0.588598 0.116596 -0.586335 0.916911 0.652411 0.588613 0.116596 -0.586335 0.916911 0.652461 0.588629 0.116596 -0.586335 0.915934 0.652510 0.588690 0.116596 -0.586335 0.913979 0.652485 0.588644 0.116596 -0.586335 0.915934 
0.652362 0.588598 0.116596 -0.586335 0.916911 0.652411 0.588613 0.116596 -0.586335 0.916911 0.652461 0.588629 0.116596 -0.586335 0.915934 0.652510 0.588690 0.116596 -0.586335 0.913979 0.652485 0.588644 0.116596 -0.586335 0.915934 0.652485 0.588660 0.116596 -0.586335 0.913979 
0.652411 0.588613 0.116596 -0.586335 0.916911 0.652461 0.588629 0.116596 -0.586335 0.915934 0.652510 0.588690 0.116596 -0.586335 0.913979 0.652485 0.588644 0.116596 -0.586335 0.915934 0.652485 0.588660 0.116596 -0.586335 0.913979 0.652534 0.588706 0.116596 -0.586335 0.913979 
0.652461 0.588629 0.116596 -0.586335 0.915934 0.652510 0.588690 0.116596 -0.586335 0.913979 0.652485 0.588644 0.116596 -0.586335 0.915934 0.652485 0.588660 0.116596 -0.586335 0.913979 0.652534 0.588706 0.116596 -0.586335 0.913979 0.652559 0.588721 0.116596 -0.586335 0.911046 
0.652510 0.588690 0.116596 -0.586335 0.913979 0.652485 0.588644 0.116596 -0.586335 0.915934 0.652485 0.588660 0.116596 -0.586335 0.913979 0.652534 0.588706 0.116596 -0.586335 0.913979 0.652559 0.588721 0.116596 -0.586335 0.911046 0.652559 0.588736 0.105127 -0.587682 0.911046 
0.652485 0.588644 0.116596 -0.586335 0.915934 0.652485 0.588660 0.116596 -0.586335 0.913979 0.652534 0.588706 0.116596 -0.586335 0.913979 0.652559 0.588721 0.116596 -0.586335 0.911046 0.652559 0.588736 0.105127 -0.587682 0.911046 0.652584 0.588752 0.105127 -0.587682 0.908113 
0.652485 0.588660 0.116596 -0.586335 0.913979 0.652534 0.588706 0.116596 -0.586335 0.913979 0.652559 0.588721 0.116596 -0.586335 0.911046 0.652559 0.588736 0.105127 -0.587682 0.911046 0.652584 0.588752 0.105127 -0.587682 0.908113 0.652608 0.588767 0.105127 -0.587682 0.906158 
0.652534 0.588706 0.116596 -0.586335 0.913979 0.652559 0.588721 0.116596 -0.586335 0.911046 0.652559 0.588736 0.105127 -0.587682 0.911046 0.652584 0.588752 0.105127 -0.587682 0.908113 0.652608 0.588767 0.105127 -0.587682 0.906158 0.652658 0.588767 0.105127 -0.587682 0.903226 
0.652559 0.588721 0.116596 -0.586335 0.911046 0.652559 0.588736 0.105127 -0.587682 0.911046 0.652584 0.588752 0.105127 -0.587682 0.908113 0.652608 0.588767 0.105127 -0.587682 0.906158 0.652658 0.588767 0.105127 -0.587682 0.903226 0.652658 0.588783 0.105127 -0.587682 0.901271 
0.652559 0.588736 0.105127 -0.587682 0.911046 0.652584 0.588752 0.105127 -0.587682 0.908113 0.652608 0.588767 0.105127 -0.587682 0.906158 0.652658 0.588767 0.105127 -0.587682 0.903226 0.652658 0.588783 0.105127 -0.587682 0.901271 0.652682 0.588798 0.105127 -0.587682 0.899316 
0.652584 0.588752 0.105127 -0.587682 0.908113 0.652608 0.588767 0.105127 -0.587682 0.906158 0.652658 0.588767 0.105127 -0.587682 0.903226 0.652658 0.588783 0.105127 -0.587682 0.901271 0.652682 0.588798 0.105127 -0.587682 0.899316 0.652707 0.588829 0.105127 -0.587682 0.899316 
0.652608 0.588767 0.105127 -0.587682 0.906158 0.652658 0.588767 0.105127 -0.587682 0.903226 0.652658 0.588783 0.105127 -0.587682 0.901271 0.652682 0.588798 0.105127 -0.587682 0.899316 0.652707 0.588829 0.105127 -0.587682 0.899316 0.652731 0.588844 0.116596 -0.586335 0.897361 
0.652658 0.588767 0.105127 -0.587682 0.903226 0.652658 0.588783 0.105127 -0.587682 0.901271 0.652682 0.588798 0.105127 -0.587682 0.899316 0.652707 0.588829 0.105127 -0.587682 0.899316 0.652731 0.588844 0.116596 -0.586335 0.897361 0.652756 0.588859 0.116596 -0.586335 0.895406 
0.652658 0.588783 0.105127 -0.587682 0.901271 0.652682 0.588798 0.105127 -0.587682 0.899316 0.652707 0.588829 0.105127 -0.587682 0.899316 0.652731 0.588844 0.116596 -0.586335 0.897361 0.652756 0.588859 0.116596 -0.586335 0.895406 0.652781 0.588875 0.116596 -0.586335 0.894428 
0.652682 0.588798 0.105127 -0.587682 0.899316 0.652707 0.588829 0.105127 -0.587682 0.899316 0.652731 0.588844 0.116596 -0.586335 0.897361 0.652756 0.588859 0.116596 -0.586335 0.895406 0.652781 0.588875 0.116596 -0.586335 0.894428 0.652805 0.588890 0.116596 -0.586335 0.889541 
0.652707 0.588829 0.105127 -0.587682 0.899316 0.652731 0.588844 0.116596 -0.586335 0.897361 0.652756 0.588859 0.116596 -0.586335 0.895406 0.652781 0.588875 0.116596 -0.586335 0.894428 0.652805 0.588890 0.116596 -0.586335 0.889541 0.652805 0.588921 0.116596 -0.586335 0.887586 
0.652731 0.588844 0.116596 -0.586335 0.897361 0.652756 0.588859 0.116596 -0.586335 0.895406 0.652781 0.588875 0.116596 -0.586335 0.894428 0.652805 0.588890 0.116596 -0.586335 0.889541 0.652805 0.588921 0.116596 -0.586335 0.887586 0.652830 0.588921 0.116596 -0.586335 0.886608 
0.652756 0.588859 0.116596 -0.586335 0.895406 0.652781 0.588875 0.116596 -0.586335 0.894428 0.652805 0.588890 0.116596 -0.586335 0.889541 0.652805 0.588921 0.116596 -0.586335 0.887586 0.652830 0.588921 0.116596 -0.586335 0.886608 0.652854 0.588936 0.116596 -0.586335 0.885630 
0.652781 0.588875 0.116596 -0.586335 0.894428 0.652805 0.588890 0.116596 -0.586335 0.889541 0.652805 0.588921 0.116596 -0.586335 0.887586 0.652830 0.588921 0.116596 -0.586335 0.886608 0.652854 0.588936 0.116596 -0.586335 0.885630 0.652879 0.588952 0.116596 -0.586335 0.884653 
0.652805 0.588890 0.116596 -0.586335 0.889541 0.652805 0.588921 0.116596 -0.586335 0.887586 0.652830 0.588921 0.116596 -0.586335 0.886608 0.652854 0.588936 0.116596 -0.586335 0.885630 0.652879 0.588952 0.116596 -0.586335 0.884653 0.652904 0.588952 0.116596 -0.586335 0.884653 
0.652805 0.588921 0.116596 -0.586335 0.887586 0.652830 0.588921 0.116596 -0.586335 0.886608 0.652854 0.588936 0.116596 -0.586335 0.885630 0.652879 0.588952 0.116596 -0.586335 0.884653 0.652904 0.588952 0.116596 -0.586335 0.884653 0.652928 0.588952 0.116596 -0.586335 0.884653 
0.652830 0.588921 0.116596 -0.586335 0.886608 0.652854 0.588936 0.116596 -0.586335 0.885630 0.652879 0.588952 0.116596 -0.586335 0.884653 0.652904 0.588952 0.116596 -0.586335 0.884653 0.652928 0.588952 0.116596 -0.586335 0.884653 0.652928 0.588967 0.116596 -0.586335 0.884653 
0.652854 0.588936 0.116596 -0.586335 0.885630 0.652879 0.588952 0.116596 -0.586335 0.884653 0.652904 0.588952 0.116596 -0.586335 0.884653 0.652928 0.588952 0.116596 -0.586335 0.884653 0.652928 0.588967 0.116596 -0.586335 0.884653 0.652953 0.588967 0.116596 -0.586335 0.881720 
0.652879 0.588952 0.116596 -0.586335 0.884653 0.652904 0.588952 0.116596 -0.586335 0.884653 0.652928 0.588952 0.116596 -0.586335 0.884653 0.652928 0.588967 0.116596 -0.586335 0.884653 0.652953 0.588967 0.116596 -0.586335 0.881720 0.652977 0.588983 0.116596 -0.586335 0.880743 
0.652904 0.588952 0.116596 -0.586335 0.884653 0.652928 0.588952 0.116596 -0.586335 0.884653 0.652928 0.588967 0.116596 -0.586335 0.884653 0.652953 0.588967 0.116596 -0.586335 0.881720 0.652977 0.588983 0.116596 -0.586335 0.880743 0.653002 0.588998 0.116596 -0.586335 0.878788 
0.652928 0.588952 0.116596 -0.586335 0.884653 0.652928 0.588967 0.116596 -0.586335 0.884653 0.652953 0.588967 0.116596 -0.586335 0.881720 0.652977 0.588983 0.116596 -0.586335 0.880743 0.653002 0.588998 0.116596 -0.586335 0.878788 0.653002 0.589013 0.116596 -0.586335 0.881720 
0.652928 0.588967 0.116596 -0.586335 0.884653 0.652953 0.588967 0.116596 -0.586335 0.881720 0.652977 0.588983 0.116596 -0.586335 0.880743 0.653002 0.588998 0.116596 -0.586335 0.878788 0.653002 0.589013 0.116596 -0.586335 0.881720 0.653027 0.589013 0.116596 -0.586335 0.883675 
0.652953 0.588967 0.116596 -0.586335 0.881720 0.652977 0.588983 0.116596 -0.586335 0.880743 0.653002 0.588998 0.116596 -0.586335 0.878788 0.653002 0.589013 0.116596 -0.586335 0.881720 0.653027 0.589013 0.116596 -0.586335 0.883675 0.653051 0.589013 0.116596 -0.586335 0.879765 
0.652977 0.588983 0.116596 -0.586335 0.880743 0.653002 0.588998 0.116596 -0.586335 0.878788 0.653002 0.589013 0.116596 -0.586335 0.881720 0.653027 0.589013 0.116596 -0.586335 0.883675 0.653051 0.589013 0.116596 -0.586335 0.879765 0.653076 0.589013 0.116596 -0.586335 0.847507 
0.653002 0.588998 0.116596 -0.586335 0.878788 0.653002 0.589013 0.116596 -0.586335 0.881720 0.653027 0.589013 0.116596 -0.586335 0.883675 0.653051 0.589013 0.116596 -0.586335 0.879765 0.653076 0.589013 0.116596 -0.586335 0.847507 0.653076 0.588998 0.139330 -0.583212 0.828934 
0.653002 0.589013 0.116596 -0.586335 0.881720 0.653027 0.589013 0.116596 -0.586335 0.883675 0.653051 0.589013 0.116596 -0.586335 0.879765 0.653076 0.589013 0.116596 -0.586335 0.847507 0.653076 0.588998 0.139330 -0.583212 0.828934 0.653076 0.588967 0.139330 -0.583212 0.828934 
0.653027 0.589013 0.116596 -0.586335 0.883675 0.653051 0.589013 0.116596 -0.586335 0.879765 0.653076 0.589013 0.116596 -0.586335 0.847507 0.653076 0.588998 0.139330 -0.583212 0.828934 0.653076 0.588967 0.139330 -0.583212 0.828934 0.653076 0.588936 0.139330 -0.583212 0.827957 
0.653051 0.589013 0.116596 -0.586335 0.879765 0.653076 0.589013 0.116596 -0.586335 0.847507 0.653076 0.588998 0.139330 -0.583212 0.828934 0.653076 0.588967 0.139330 -0.583212 0.828934 0.653076 0.588936 0.139330 -0.583212 0.827957 0.653076 0.588906 0.139330 -0.583212 0.827957 
0.653076 0.589013 0.116596 -0.586335 0.847507 0.653076 0.588998 0.139330 -0.583212 0.828934 0.653076 0.588967 0.139330 -0.583212 0.828934 0.653076 0.588936 0.139330 -0.583212 0.827957 0.653076 0.588906 0.139330 -0.583212 0.827957 0.653076 0.588890 0.139330 -0.583212 0.827957 
0.653076 0.588998 0.139330 -0.583212 0.828934 0.653076 0.588967 0.139330 -0.583212 0.828934 0.653076 0.588936 0.139330 -0.583212 0.827957 0.653076 0.588906 0.139330 -0.583212 0.827957 0.653076 0.588890 0.139330 -0.583212 0.827957 0.653076 0.588844 0.139330 -0.583212 0.827957 
0.653076 0.588967 0.139330 -0.583212 0.828934 0.653076 0.588936 0.139330 -0.583212 0.827957 0.653076 0.588906 0.139330 -0.583212 0.827957 0.653076 0.588890 0.139330 -0.583212 0.827957 0.653076 0.588844 0.139330 -0.583212 0.827957 0.653076 0.588829 0.139330 -0.583212 0.827957 
0.653076 0.588936 0.139330 -0.583212 0.827957 0.653076 0.588906 0.139330 -0.583212 0.827957 0.653076 0.588890 0.139330 -0.583212 0.827957 0.653076 0.588844 0.139330 -0.583212 0.827957 0.653076 0.588829 0.139330 -0.583212 0.827957 0.653076 0.588798 0.139330 -0.583212 0.828934 
0.653076 0.588906 0.139330 -0.583212 0.827957 0.653076 0.588890 0.139330 -0.583212 0.827957 0.653076 0.588844 0.139330 -0.583212 0.827957 0.653076 0.588829 0.139330 -0.583212 0.827957 0.653076 0.588798 0.139330 -0.583212 0.828934 0.653076 0.588767 0.139330 -0.583212 0.828934 
0.653076 0.588890 0.139330 -0.583212 0.827957 0.653076 0.588844 0.139330 -0.583212 0.827957 0.653076 0.588829 0.139330 -0.583212 0.827957 0.653076 0.588798 0.139330 -0.583212 0.828934 0.653076 0.588767 0.139330 -0.583212 0.828934 0.653076 0.588736 0.139330 -0.583212 0.829912 
0.653076 0.588844 0.139330 -0.583212 0.827957 0.653076 0.588829 0.139330 -0.583212 0.827957 0.653076 0.588798 0.139330 -0.583212 0.828934 0.653076 0.588767 0.139330 -0.583212 0.828934 0.653076 0.588736 0.139330 -0.583212 0.829912 0.653076 0.588706 0.139330 -0.583212 0.829912 
0.653076 0.588829 0.139330 -0.583212 0.827957 0.653076 0.588798 0.139330 -0.583212 0.828934 0.653076 0.588767 0.139330 -0.583212 0.828934 0.653076 0.588736 0.139330 -0.583212 0.829912 0.653076 0.588706 0.139330 -0.583212 0.829912 0.653076 0.588675 0.139330 -0.583212 0.829912 
0.653076 0.588798 0.139330 -0.583212 0.828934 0.653076 0.588767 0.139330 -0.583212 0.828934 0.653076 0.588736 0.139330 -0.583212 0.829912 0.653076 0.588706 0.139330 -0.583212 0.829912 0.653076 0.588675 0.139330 -0.583212 0.829912 0.653076 0.588629 0.139330 -0.583212 0.830890 
0.653076 0.588767 0.139330 -0.583212 0.828934 0.653076 0.588736 0.139330 -0.583212 0.829912 0.653076 0.588706 0.139330 -0.583212 0.829912 0.653076 0.588675 0.139330 -0.583212 0.829912 0.653076 0.588629 0.139330 -0.583212 0.830890 0.653076 0.588613 0.139330 -0.583212 0.830890 
0.653076 0.588736 0.139330 -0.583212 0.829912 0.653076 0.588706 0.139330 -0.583212 0.829912 0.653076 0.588675 0.139330 -0.583212 0.829912 0.653076 0.588629 0.139330 -0.583212 0.830890 0.653076 0.588613 0.139330 -0.583212 0.830890 0.653076 0.588552 0.139330 -0.583212 0.829912 
0.653076 0.588706 0.139330 -0.583212 0.829912 0.653076 0.588675 0.139330 -0.583212 0.829912 0.653076 0.588629 0.139330 -0.583212 0.830890 0.653076 0.588613 0.139330 -0.583212 0.830890 0.653076 0.588552 0.139330 -0.583212 0.829912 0.653076 0.588506 0.139330 -0.583212 0.828934 
0.653076 0.588675 0.139330 -0.583212 0.829912 0.653076 0.588629 0.139330 -0.583212 0.830890 0.653076 0.588613 0.139330 -0.583212 0.830890 0.653076 0.588552 0.139330 -0.583212 0.829912 0.653076 0.588506 0.139330 -0.583212 0.828934 0.653027 0.588444 0.139330 -0.583212 0.828934 
0.653076 0.588629 0.139330 -0.583212 0.830890 0.653076 0.588613 0.139330 -0.583212 0.830890 0.653076 0.588552 0.139330 -0.583212 0.829912 0.653076 0.588506 0.139330 -0.583212 0.828934 0.653027 0.588444 0.139330 -0.583212 0.828934 0.652977 0.588383 0.139330 -0.583212 0.829912 
0.653076 0.588613 0.139330 -0.583212 0.830890 0.653076 0.588552 0.139330 -0.583212 0.829912 0.653076 0.588506 0.139330 -0.583212 0.828934 0.653027 0.588444 0.139330 -0.583212 0.828934 0.652977 0.588383 0.139330 -0.583212 0.829912 0.652904 0.588321 0.139330 -0.583212 0.829912 
0.653076 0.588552 0.139330 -0.583212 0.829912 0.653076 0.588506 0.139330 -0.583212 0.828934 0.653027 0.588444 0.139330 -0.583212 0.828934 0.652977 0.588383 0.139330 -0.583212 0.829912 0.652904 0.588321 0.139330 -0.583212 0.829912 0.652879 0.588244 0.139330 -0.583212 0.829912 
0.653076 0.588506 0.139330 -0.583212 0.828934 0.653027 0.588444 0.139330 -0.583212 0.828934 0.652977 0.588383 0.139330 -0.583212 0.829912 0.652904 0.588321 0.139330 -0.583212 0.829912 0.652879 0.588244 0.139330 -0.583212 0.829912 0.652830 0.588152 0.139330 -0.583212 0.831867 
0.653027 0.588444 0.139330 -0.583212 0.828934 0.652977 0.588383 0.139330 -0.583212 0.829912 0.652904 0.588321 0.139330 -0.583212 0.829912 0.652879 0.588244 0.139330 -0.583212 0.829912 0.652830 0.588152 0.139330 -0.583212 0.831867 0.652805 0.588060 0.139330 -0.583212 0.831867 
0.652977 0.588383 0.139330 -0.583212 0.829912 0.652904 0.588321 0.139330 -0.583212 0.829912 0.652879 0.588244 0.139330 -0.583212 0.829912 0.652830 0.588152 0.139330 -0.583212 0.831867 0.652805 0.588060 0.139330 -0.583212 0.831867 0.652731 0.587952 0.139330 -0.583212 0.832845 
0.652904 0.588321 0.139330 -0.583212 0.829912 0.652879 0.588244 0.139330 -0.583212 0.829912 0.652830 0.588152 0.139330 -0.583212 0.831867 0.652805 0.588060 0.139330 -0.583212 0.831867 0.652731 0.587952 0.139330 -0.583212 0.832845 0.652682 0.587844 0.139330 -0.583212 0.832845 
0.652879 0.588244 0.139330 -0.583212 0.829912 0.652830 0.588152 0.139330 -0.583212 0.831867 0.652805 0.588060 0.139330 -0.583212 0.831867 0.652731 0.587952 0.139330 -0.583212 0.832845 0.652682 0.587844 0.139330 -0.583212 0.832845 0.652633 0.587706 0.139330 -0.583212 0.832845 
0.652830 0.588152 0.139330 -0.583212 0.831867 0.652805 0.588060 0.139330 -0.583212 0.831867 0.652731 0.587952 0.139330 -0.583212 0.832845 0.652682 0.587844 0.139330 -0.583212 0.832845 0.652633 0.587706 0.139330 -0.583212 0.832845 0.652559 0.587568 0.139330 -0.583212 0.834800 
0.652805 0.588060 0.139330 -0.583212 0.831867 0.652731 0.587952 0.139330 -0.583212 0.832845 0.652682 0.587844 0.139330 -0.583212 0.832845 0.652633 0.587706 0.139330 -0.583212 0.832845 0.652559 0.587568 0.139330 -0.583212 0.834800 0.652510 0.587383 0.139330 -0.583212 0.834800 
0.652731 0.587952 0.139330 -0.583212 0.832845 0.652682 0.587844 0.139330 -0.583212 0.832845 0.652633 0.587706 0.139330 -0.583212 0.832845 0.652559 0.587568 0.139330 -0.583212 0.834800 0.652510 0.587383 0.139330 -0.583212 0.834800 0.652436 0.587183 0.139330 -0.583212 0.834800 
0.652682 0.587844 0.139330 -0.583212 0.832845 0.652633 0.587706 0.139330 -0.583212 0.832845 0.652559 0.587568 0.139330 -0.583212 0.834800 0.652510 0.587383 0.139330 -0.583212 0.834800 0.652436 0.587183 0.139330 -0.583212 0.834800 0.652362 0.586968 0.139330 -0.583212 0.834800 
0.652633 0.587706 0.139330 -0.583212 0.832845 0.652559 0.587568 0.139330 -0.583212 0.834800 0.652510 0.587383 0.139330 -0.583212 0.834800 0.652436 0.587183 0.139330 -0.583212 0.834800 0.652362 0.586968 0.139330 -0.583212 0.834800 0.652313 0.586722 0.139330 -0.583212 0.835777 
0.652559 0.587568 0.139330 -0.583212 0.834800 0.652510 0.587383 0.139330 -0.583212 0.834800 0.652436 0.587183 0.139330 -0.583212 0.834800 0.652362 0.586968 0.139330 -0.583212 0.834800 0.652313 0.586722 0.139330 -0.583212 0.835777 0.652264 0.586460 0.139330 -0.583212 0.836755 
0.652510 0.587383 0.139330 -0.583212 0.834800 0.652436 0.587183 0.139330 -0.583212 0.834800 0.652362 0.586968 0.139330 -0.583212 0.834800 0.652313 0.586722 0.139330 -0.583212 0.835777 0.652264 0.586460 0.139330 -0.583212 0.836755 0.652215 0.586184 0.139330 -0.583212 0.834800 
0.652436 0.587183 0.139330 -0.583212 0.834800 0.652362 0.586968 0.139330 -0.583212 0.834800 0.652313 0.586722 0.139330 -0.583212 0.835777 0.652264 0.586460 0.139330 -0.583212 0.836755 0.652215 0.586184 0.139330 -0.583212 0.834800 0.652165 0.585907 0.139330 -0.583212 0.835777 
0.652362 0.586968 0.139330 -0.583212 0.834800 0.652313 0.586722 0.139330 -0.583212 0.835777 0.652264 0.586460 0.139330 -0.583212 0.836755 0.652215 0.586184 0.139330 -0.583212 0.834800 0.652165 0.585907 0.139330 -0.583212 0.835777 0.652141 0.585615 0.139330 -0.583212 0.836755 
0.652313 0.586722 0.139330 -0.583212 0.835777 0.652264 0.586460 0.139330 -0.583212 0.836755 0.652215 0.586184 0.139330 -0.583212 0.834800 0.652165 0.585907 0.139330 -0.583212 0.835777 0.652141 0.585615 0.139330 -0.583212 0.836755 0.652092 0.585322 0.139330 -0.583212 0.837732 
0.652264 0.586460 0.139330 -0.583212 0.836755 0.652215 0.586184 0.139330 -0.583212 0.834800 0.652165 0.585907 0.139330 -0.583212 0.835777 0.652141 0.585615 0.139330 -0.583212 0.836755 0.652092 0.585322 0.139330 -0.583212 0.837732 0.652067 0.585030 0.139330 -0.583212 0.835777 
0.652215 0.586184 0.139330 -0.583212 0.834800 0.652165 0.585907 0.139330 -0.583212 0.835777 0.652141 0.585615 0.139330 -0.583212 0.836755 0.652092 0.585322 0.139330 -0.583212 0.837732 0.652067 0.585030 0.139330 -0.583212 0.835777 0.652042 0.584738 0.139330 -0.583212 0.835777 
0.652165 0.585907 0.139330 -0.583212 0.835777 0.652141 0.585615 0.139330 -0.583212 0.836755 0.652092 0.585322 0.139330 -0.583212 0.837732 0.652067 0.585030 0.139330 -0.583212 0.835777 0.652042 0.584738 0.139330 -0.583212 0.835777 0.651993 0.584400 0.139330 -0.583212 0.837732 
0.652141 0.585615 0.139330 -0.583212 0.836755 0.652092 0.585322 0.139330 -0.583212 0.837732 0.652067 0.585030 0.139330 -0.583212 0.835777 0.652042 0.584738 0.139330 -0.583212 0.835777 0.651993 0.584400 0.139330 -0.583212 0.837732 0.651895 0.583338 0.139330 -0.583212 0.838710 
0.652092 0.585322 0.139330 -0.583212 0.837732 0.652067 0.585030 0.139330 -0.583212 0.835777 0.652042 0.584738 0.139330 -0.583212 0.835777 0.651993 0.584400 0.139330 -0.583212 0.837732 0.651895 0.583338 0.139330 -0.583212 0.838710 0.651968 0.584046 0.139330 -0.583212 0.835777 
0.652067 0.585030 0.139330 -0.583212 0.835777 0.652042 0.584738 0.139330 -0.583212 0.835777 0.651993 0.584400 0.139330 -0.583212 0.837732 0.651895 0.583338 0.139330 -0.583212 0.838710 0.651968 0.584046 0.139330 -0.583212 0.835777 0.651944 0.583677 0.139330 -0.583212 0.836755 
0.652042 0.584738 0.139330 -0.583212 0.835777 0.651993 0.584400 0.139330 -0.583212 0.837732 0.651895 0.583338 0.139330 -0.583212 0.838710 0.651968 0.584046 0.139330 -0.583212 0.835777 0.651944 0.583677 0.139330 -0.583212 0.836755 0.651845 0.583000 0.139330 -0.583212 0.838710 
0.651993 0.584400 0.139330 -0.583212 0.837732 0.651895 0.583338 0.139330 -0.583212 0.838710 0.651968 0.584046 0.139330 -0.583212 0.835777 0.651944 0.583677 0.139330 -0.583212 0.836755 0.651845 0.583000 0.139330 -0.583212 0.838710 0.651821 0.582662 0.139330 -0.583212 0.841642 
0.651895 0.583338 0.139330 -0.583212 0.838710 0.651968 0.584046 0.139330 -0.583212 0.835777 0.651944 0.583677 0.139330 -0.583212 0.836755 0.651845 0.583000 0.139330 -0.583212 0.838710 0.651821 0.582662 0.139330 -0.583212 0.841642 0.651772 0.582323 0.139330 -0.583212 0.840665 
0.651968 0.584046 0.139330 -0.583212 0.835777 0.651944 0.583677 0.139330 -0.583212 0.836755 0.651845 0.583000 0.139330 -0.583212 0.838710 0.651821 0.582662 0.139330 -0.583212 0.841642 0.651772 0.582323 0.139330 -0.583212 0.840665 0.651673 0.581478 0.123284 -0.567521 0.840665 
0.651944 0.583677 0.139330 -0.583212 0.836755 0.651845 0.583000 0.139330 -0.583212 0.838710 0.651821 0.582662 0.139330 -0.583212 0.841642 0.651772 0.582323 0.139330 -0.583212 0.840665 0.651673 0.581478 0.123284 -0.567521 0.840665 0.651747 0.582016 0.123284 -0.567521 0.840665 
0.651845 0.583000 0.139330 -0.583212 0.838710 0.651821 0.582662 0.139330 -0.583212 0.841642 0.651772 0.582323 0.139330 -0.583212 0.840665 0.651673 0.581478 0.123284 -0.567521 0.840665 0.651747 0.582016 0.123284 -0.567521 0.840665 0.651698 0.581724 0.123284 -0.567521 0.840665 
0.651821 0.582662 0.139330 -0.583212 0.841642 0.651772 0.582323 0.139330 -0.583212 0.840665 0.651673 0.581478 0.123284 -0.567521 0.840665 0.651747 0.582016 0.123284 -0.567521 0.840665 0.651698 0.581724 0.123284 -0.567521 0.840665 0.651624 0.581185 0.116596 -0.586335 0.840665 
0.651772 0.582323 0.139330 -0.583212 0.840665 0.651673 0.581478 0.123284 -0.567521 0.840665 0.651747 0.582016 0.123284 -0.567521 0.840665 0.651698 0.581724 0.123284 -0.567521 0.840665 0.651624 0.581185 0.116596 -0.586335 0.840665 0.651624 0.580862 0.116596 -0.586335 0.841642 
0.651673 0.581478 0.123284 -0.567521 0.840665 0.651747 0.582016 0.123284 -0.567521 0.840665 0.651698 0.581724 0.123284 -0.567521 0.840665 0.651624 0.581185 0.116596 -0.586335 0.840665 0.651624 0.580862 0.116596 -0.586335 0.841642 0.651599 0.580524 0.116596 -0.586335 0.844575 
0.651747 0.582016 0.123284 -0.567521 0.840665 0.651698 0.581724 0.123284 -0.567521 0.840665 0.651624 0.581185 0.116596 -0.586335 0.840665 0.651624 0.580862 0.116596 -0.586335 0.841642 0.651599 0.580524 0.116596 -0.586335 0.844575 0.651599 0.580217 0.116596 -0.586335 0.841642 
0.651698 0.581724 0.123284 -0.567521 0.840665 0.651624 0.581185 0.116596 -0.586335 0.840665 0.651624 0.580862 0.116596 -0.586335 0.841642 0.651599 0.580524 0.116596 -0.586335 0.844575 0.651599 0.580217 0.116596 -0.586335 0.841642 0.651575 0.579894 0.116596 -0.586335 0.841642 
0.651624 0.581185 0.116596 -0.586335 0.840665 0.651624 0.580862 0.116596 -0.586335 0.841642 0.651599 0.580524 0.116596 -0.586335 0.844575 0.651599 0.580217 0.116596 -0.586335 0.841642 0.651575 0.579894 0.116596 -0.586335 0.841642 0.651575 0.579571 0.116596 -0.586335 0.842620 
0.651624 0.580862 0.116596 -0.586335 0.841642 0.651599 0.580524 0.116596 -0.586335 0.844575 0.651599 0.580217 0.116596 -0.586335 0.841642 0.651575 0.579894 0.116596 -0.586335 0.841642 0.651575 0.579571 0.116596 -0.586335 0.842620 0.651575 0.579217 0.116596 -0.586335 0.845552 
0.651599 0.580524 0.116596 -0.586335 0.844575 0.651599 0.580217 0.116596 -0.586335 0.841642 0.651575 0.579894 0.116596 -0.586335 0.841642 0.651575 0.579571 0.116596 -0.586335 0.842620 0.651575 0.579217 0.116596 -0.586335 0.845552 0.651550 0.578832 0.116596 -0.586335 0.846530 
0.651599 0.580217 0.116596 -0.586335 0.841642 0.651575 0.579894 0.116596 -0.586335 0.841642 0.651575 0.579571 0.116596 -0.586335 0.842620 0.651575 0.579217 0.116596 -0.586335 0.845552 0.651550 0.578832 0.116596 -0.586335 0.846530 0.651526 0.578479 0.116596 -0.586335 0.845552 
0.651575 0.579894 0.116596 -0.586335 0.841642 0.651575 0.579571 0.116596 -0.586335 0.842620 0.651575 0.579217 0.116596 -0.586335 0.845552 0.651550 0.578832 0.116596 -0.586335 0.846530 0.651526 0.578479 0.116596 -0.586335 0.845552 0.651501 0.578125 0.105127 -0.587682 0.844575 
0.651575 0.579571 0.116596 -0.586335 0.842620 0.651575 0.579217 0.116596 -0.586335 0.845552 0.651550 0.578832 0.116596 -0.586335 0.846530 0.651526 0.578479 0.116596 -0.586335 0.845552 0.651501 0.578125 0.105127 -0.587682 0.844575 0.651476 0.577787 0.105127 -0.587682 0.846530 
0.651575 0.579217 0.116596 -0.586335 0.845552 0.651550 0.578832 0.116596 -0.586335 0.846530 0.651526 0.578479 0.116596 -0.586335 0.845552 0.651501 0.578125 0.105127 -0.587682 0.844575 0.651476 0.577787 0.105127 -0.587682 0.846530 0.651452 0.577433 0.105127 -0.587682 0.847507 
0.651550 0.578832 0.116596 -0.586335 0.846530 0.651526 0.578479 0.116596 -0.586335 0.845552 0.651501 0.578125 0.105127 -0.587682 0.844575 0.651476 0.577787 0.105127 -0.587682 0.846530 0.651452 0.577433 0.105127 -0.587682 0.847507 0.651427 0.577048 0.105127 -0.587682 0.851417 
0.651526 0.578479 0.116596 -0.586335 0.845552 0.651501 0.578125 0.105127 -0.587682 0.844575 0.651476 0.577787 0.105127 -0.587682 0.846530 0.651452 0.577433 0.105127 -0.587682 0.847507 0.651427 0.577048 0.105127 -0.587682 0.851417 0.651403 0.576618 0.105127 -0.587682 0.852395 
0.651501 0.578125 0.105127 -0.587682 0.844575 0.651476 0.577787 0.105127 -0.587682 0.846530 0.651452 0.577433 0.105127 -0.587682 0.847507 0.651427 0.577048 0.105127 -0.587682 0.851417 0.651403 0.576618 0.105127 -0.587682 0.852395 0.651378 0.576187 0.105127 -0.587682 0.850440 
0.651476 0.577787 0.105127 -0.587682 0.846530 0.651452 0.577433 0.105127 -0.587682 0.847507 0.651427 0.577048 0.105127 -0.587682 0.851417 0.651403 0.576618 0.105127 -0.587682 0.852395 0.651378 0.576187 0.105127 -0.587682 0.850440 0.651304 0.575803 0.105127 -0.587682 0.849462 
0.651452 0.577433 0.105127 -0.587682 0.847507 0.651427 0.577048 0.105127 -0.587682 0.851417 0.651403 0.576618 0.105127 -0.587682 0.852395 0.651378 0.576187 0.105127 -0.587682 0.850440 0.651304 0.575803 0.105127 -0.587682 0.849462 0.651280 0.575449 0.105127 -0.587682 0.849462 
0.651427 0.577048 0.105127 -0.587682 0.851417 0.651403 0.576618 0.105127 -0.587682 0.852395 0.651378 0.576187 0.105127 -0.587682 0.850440 0.651304 0.575803 0.105127 -0.587682 0.849462 0.651280 0.575449 0.105127 -0.587682 0.849462 0.651230 0.575095 0.105127 -0.587682 0.855327 
0.651403 0.576618 0.105127 -0.587682 0.852395 0.651378 0.576187 0.105127 -0.587682 0.850440 0.651304 0.575803 0.105127 -0.587682 0.849462 0.651280 0.575449 0.105127 -0.587682 0.849462 0.651230 0.575095 0.105127 -0.587682 0.855327 0.651157 0.574711 0.105127 -0.587682 0.855327 
0.651378 0.576187 0.105127 -0.587682 0.850440 0.651304 0.575803 0.105127 -0.587682 0.849462 0.651280 0.575449 0.105127 -0.587682 0.849462 0.651230 0.575095 0.105127 -0.587682 0.855327 0.651157 0.574711 0.105127 -0.587682 0.855327 0.651107 0.574326 0.105127 -0.587682 0.859238 
0.651304 0.575803 0.105127 -0.587682 0.849462 0.651280 0.575449 0.105127 -0.587682 0.849462 0.651230 0.575095 0.105127 -0.587682 0.855327 0.651157 0.574711 0.105127 -0.587682 0.855327 0.651107 0.574326 0.105127 -0.587682 0.859238 0.651058 0.573942 0.105127 -0.587682 0.853372 
0.651280 0.575449 0.105127 -0.587682 0.849462 0.651230 0.575095 0.105127 -0.587682 0.855327 0.651157 0.574711 0.105127 -0.587682 0.855327 0.651107 0.574326 0.105127 -0.587682 0.859238 0.651058 0.573942 0.105127 -0.587682 0.853372 0.651033 0.573588 0.105127 -0.587682 0.858260 
0.651230 0.575095 0.105127 -0.587682 0.855327 0.651157 0.574711 0.105127 -0.587682 0.855327 0.651107 0.574326 0.105127 -0.587682 0.859238 0.651058 0.573942 0.105127 -0.587682 0.853372 0.651033 0.573588 0.105127 -0.587682 0.858260 0.650910 0.572466 0.105127 -0.587682 0.854350 
0.651157 0.574711 0.105127 -0.587682 0.855327 0.651107 0.574326 0.105127 -0.587682 0.859238 0.651058 0.573942 0.105127 -0.587682 0.853372 0.651033 0.573588 0.105127 -0.587682 0.858260 0.650910 0.572466 0.105127 -0.587682 0.854350 0.650984 0.573234 0.105127 -0.587682 0.856305 
0.651107 0.574326 0.105127 -0.587682 0.859238 0.651058 0.573942 0.105127 -0.587682 0.853372 0.651033 0.573588 0.105127 -0.587682 0.858260 0.650910 0.572466 0.105127 -0.587682 0.854350 0.650984 0.573234 0.105127 -0.587682 0.856305 0.650960 0.572865 0.105127 -0.587682 0.856305 
0.651058 0.573942 0.105127 -0.587682 0.853372 0.651033 0.573588 0.105127 -0.587682 0.858260 0.650910 0.572466 0.105127 -0.587682 0.854350 0.650984 0.573234 0.105127 -0.587682 0.856305 0.650960 0.572865 0.105127 -0.587682 0.856305 0.650886 0.572096 0.105127 -0.587682 0.857283 
0.651033 0.573588 0.105127 -0.587682 0.858260 0.650910 0.572466 0.105127 -0.587682 0.854350 0.650984 0.573234 0.105127 -0.587682 0.856305 0.650960 0.572865 0.105127 -0.587682 0.856305 0.650886 0.572096 0.105127 -0.587682 0.857283 0.650837 0.571727 0.105127 -0.587682 0.856305 
0.650910 0.572466 0.105127 -0.587682 0.854350 0.650984 0.573234 0.105127 -0.587682 0.856305 0.650960 0.572865 0.105127 -0.587682 0.856305 0.650886 0.572096 0.105127 -0.587682 0.857283 0.650837 0.571727 0.105127 -0.587682 0.856305 0.650763 0.571374 0.105127 -0.587682 0.859238 
0.650984 0.573234 0.105127 -0.587682 0.856305 0.650960 0.572865 0.105127 -0.587682 0.856305 0.650886 0.572096 0.105127 -0.587682 0.857283 0.650837 0.571727 0.105127 -0.587682 0.856305 0.650763 0.571374 0.105127 -0.587682 0.859238 0.650714 0.571051 0.105127 -0.587682 0.856305 
0.650960 0.572865 0.105127 -0.587682 0.856305 0.650886 0.572096 0.105127 -0.587682 0.857283 0.650837 0.571727 0.105127 -0.587682 0.856305 0.650763 0.571374 0.105127 -0.587682 0.859238 0.650714 0.571051 0.105127 -0.587682 0.856305 0.650640 0.570743 0.105127 -0.587682 0.857283 
0.650886 0.572096 0.105127 -0.587682 0.857283 0.650837 0.571727 0.105127 -0.587682 0.856305 0.650763 0.571374 0.105127 -0.587682 0.859238 0.650714 0.571051 0.105127 -0.587682 0.856305 0.650640 0.570743 0.105127 -0.587682 0.857283 0.650566 0.570420 0.105127 -0.587682 0.856305 
0.650837 0.571727 0.105127 -0.587682 0.856305 0.650763 0.571374 0.105127 -0.587682 0.859238 0.650714 0.571051 0.105127 -0.587682 0.856305 0.650640 0.570743 0.105127 -0.587682 0.857283 0.650566 0.570420 0.105127 -0.587682 0.856305 0.650492 0.570082 0.105127 -0.587682 0.857283 
0.650763 0.571374 0.105127 -0.587682 0.859238 0.650714 0.571051 0.105127 -0.587682 0.856305 0.650640 0.570743 0.105127 -0.587682 0.857283 0.650566 0.570420 0.105127 -0.587682 0.856305 0.650492 0.570082 0.105127 -0.587682 0.857283 0.650418 0.569728 0.082018 -0.589948 0.854350 
0.650714 0.571051 0.105127 -0.587682 0.856305 0.650640 0.570743 0.105127 -0.587682 0.857283 0.650566 0.570420 0.105127 -0.587682 0.856305 0.650492 0.570082 0.105127 -0.587682 0.857283 0.650418 0.569728 0.082018 -0.589948 0.854350 0.650320 0.569344 0.082018 -0.589948 0.858260 
0.650640 0.570743 0.105127 -0.587682 0.857283 0.650566 0.570420 0.105127 -0.587682 0.856305 0.650492 0.570082 0.105127 -0.587682 0.857283 0.650418 0.569728 0.082018 -0.589948 0.854350 0.650320 0.569344 0.082018 -0.589948 0.858260 0.650271 0.568928 0.082018 -0.589948 0.857283 
0.650566 0.570420 0.105127 -0.587682 0.856305 0.650492 0.570082 0.105127 -0.587682 0.857283 0.650418 0.569728 0.082018 -0.589948 0.854350 0.650320 0.569344 0.082018 -0.589948 0.858260 0.650271 0.568928 0.082018 -0.589948 0.857283 0.650221 0.568452 0.082018 -0.589948 0.859238 
0.650492 0.570082 0.105127 -0.587682 0.857283 0.650418 0.569728 0.082018 -0.589948 0.854350 0.650320 0.569344 0.082018 -0.589948 0.858260 0.650271 0.568928 0.082018 -0.589948 0.857283 0.650221 0.568452 0.082018 -0.589948 0.859238 0.650172 0.567975 0.082018 -0.589948 0.859238 
0.650418 0.569728 0.082018 -0.589948 0.854350 0.650320 0.569344 0.082018 -0.589948 0.858260 0.650271 0.568928 0.082018 -0.589948 0.857283 0.650221 0.568452 0.082018 -0.589948 0.859238 0.650172 0.567975 0.082018 -0.589948 0.859238 0.650172 0.567514 0.082018 -0.589948 0.861193 
0.650320 0.569344 0.082018 -0.589948 0.858260 0.650271 0.568928 0.082018 -0.589948 0.857283 0.650221 0.568452 0.082018 -0.589948 0.859238 0.650172 0.567975 0.082018 -0.589948 0.859238 0.650172 0.567514 0.082018 -0.589948 0.861193 0.650148 0.567068 0.082018 -0.589948 0.861193 
0.650271 0.568928 0.082018 -0.589948 0.857283 0.650221 0.568452 0.082018 -0.589948 0.859238 0.650172 0.567975 0.082018 -0.589948 0.859238 0.650172 0.567514 0.082018 -0.589948 0.861193 0.650148 0.567068 0.082018 -0.589948 0.861193 0.650148 0.566622 0.082018 -0.589948 0.862170 
0.650221 0.568452 0.082018 -0.589948 0.859238 0.650172 0.567975 0.082018 -0.589948 0.859238 0.650172 0.567514 0.082018 -0.589948 0.861193 0.650148 0.567068 0.082018 -0.589948 0.861193 0.650148 0.566622 0.082018 -0.589948 0.862170 0.650148 0.566176 0.082018 -0.589948 0.864125 
0.650172 0.567975 0.082018 -0.589948 0.859238 0.650172 0.567514 0.082018 -0.589948 0.861193 0.650148 0.567068 0.082018 -0.589948 0.861193 0.650148 0.566622 0.082018 -0.589948 0.862170 0.650148 0.566176 0.082018 -0.589948 0.864125 0.650148 0.565776 0.082018 -0.589948 0.865103 
0.650172 0.567514 0.082018 -0.589948 0.861193 0.650148 0.567068 0.082018 -0.589948 0.861193 0.650148 0.566622 0.082018 -0.589948 0.862170 0.650148 0.566176 0.082018 -0.589948 0.864125 0.650148 0.565776 0.082018 -0.589948 0.865103 0.650148 0.565407 0.082018 -0.589948 0.864125 
0.650148 0.567068 0.082018 -0.589948 0.861193 0.650148 0.566622 0.082018 -0.589948 0.862170 0.650148 0.566176 0.082018 -0.589948 0.864125 0.650148 0.565776 0.082018 -0.589948 0.865103 0.650148 0.565407 0.082018 -0.589948 0.864125 0.650148 0.565084 0.082018 -0.589948 0.862170 
0.650148 0.566622 0.082018 -0.589948 0.862170 0.650148 0.566176 0.082018 -0.589948 0.864125 0.650148 0.565776 0.082018 -0.589948 0.865103 0.650148 0.565407 0.082018 -0.589948 0.864125 0.650148 0.565084 0.082018 -0.589948 0.862170 0.650148 0.564745 0.070389 -0.590868 0.862170 
0.650148 0.566176 0.082018 -0.589948 0.864125 0.650148 0.565776 0.082018 -0.589948 0.865103 0.650148 0.565407 0.082018 -0.589948 0.864125 0.650148 0.565084 0.082018 -0.589948 0.862170 0.650148 0.564745 0.070389 -0.590868 0.862170 0.650148 0.564376 0.070389 -0.590868 0.864125 
0.650148 0.565776 0.082018 -0.589948 0.865103 0.650148 0.565407 0.082018 -0.589948 0.864125 0.650148 0.565084 0.082018 -0.589948 0.862170 0.650148 0.564745 0.070389 -0.590868 0.862170 0.650148 0.564376 0.070389 -0.590868 0.864125 0.650148 0.564007 0.070389 -0.590868 0.864125 
0.650148 0.565407 0.082018 -0.589948 0.864125 0.650148 0.565084 0.082018 -0.589948 0.862170 0.650148 0.564745 0.070389 -0.590868 0.862170 0.650148 0.564376 0.070389 -0.590868 0.864125 0.650148 0.564007 0.070389 -0.590868 0.864125 0.650123 0.563669 0.070389 -0.590868 0.866080 
0.650148 0.565084 0.082018 -0.589948 0.862170 0.650148 0.564745 0.070389 -0.590868 0.862170 0.650148 0.564376 0.070389 -0.590868 0.864125 0.650148 0.564007 0.070389 -0.590868 0.864125 0.650123 0.563669 0.070389 -0.590868 0.866080 0.650074 0.563330 0.070389 -0.590868 0.867058 
0.650148 0.564745 0.070389 -0.590868 0.862170 0.650148 0.564376 0.070389 -0.590868 0.864125 0.650148 0.564007 0.070389 -0.590868 0.864125 0.650123 0.563669 0.070389 -0.590868 0.866080 0.650074 0.563330 0.070389 -0.590868 0.867058 0.650025 0.562961 0.070389 -0.590868 0.868035 
0.650148 0.564376 0.070389 -0.590868 0.864125 0.650148 0.564007 0.070389 -0.590868 0.864125 0.650123 0.563669 0.070389 -0.590868 0.866080 0.650074 0.563330 0.070389 -0.590868 0.867058 0.650025 0.562961 0.070389 -0.590868 0.868035 0.649975 0.562592 0.070389 -0.590868 0.868035 
0.650148 0.564007 0.070389 -0.590868 0.864125 0.650123 0.563669 0.070389 -0.590868 0.866080 0.650074 0.563330 0.070389 -0.590868 0.867058 0.650025 0.562961 0.070389 -0.590868 0.868035 0.649975 0.562592 0.070389 -0.590868 0.868035 0.649902 0.561808 0.047017 -0.592282 0.868035 
0.650123 0.563669 0.070389 -0.590868 0.866080 0.650074 0.563330 0.070389 -0.590868 0.867058 0.650025 0.562961 0.070389 -0.590868 0.868035 0.649975 0.562592 0.070389 -0.590868 0.868035 0.649902 0.561808 0.047017 -0.592282 0.868035 0.649926 0.562208 0.047017 -0.592282 0.870968 
0.650074 0.563330 0.070389 -0.590868 0.867058 0.650025 0.562961 0.070389 -0.590868 0.868035 0.649975 0.562592 0.070389 -0.590868 0.868035 0.649902 0.561808 0.047017 -0.592282 0.868035 0.649926 0.562208 0.047017 -0.592282 0.870968 0.649877 0.561423 0.047017 -0.592282 0.869013 
0.650025 0.562961 0.070389 -0.590868 0.868035 0.649975 0.562592 0.070389 -0.590868 0.868035 0.649902 0.561808 0.047017 -0.592282 0.868035 0.649926 0.562208 0.047017 -0.592282 0.870968 0.649877 0.561423 0.047017 -0.592282 0.869013 0.649852 0.561008 0.056539 -0.574219 0.867058 
0.649975 0.562592 0.070389 -0.590868 0.868035 0.649902 0.561808 0.047017 -0.592282 0.868035 0.649926 0.562208 0.047017 -0.592282 0.870968 0.649877 0.561423 0.047017 -0.592282 0.869013 0.649852 0.561008 0.056539 -0.574219 0.867058 0.649852 0.560547 0.056539 -0.574219 0.869013 
0.649902 0.561808 0.047017 -0.592282 0.868035 0.649926 0.562208 0.047017 -0.592282 0.870968 0.649877 0.561423 0.047017 -0.592282 0.869013 0.649852 0.561008 0.056539 -0.574219 0.867058 0.649852 0.560547 0.056539 -0.574219 0.869013 0.649852 0.560086 0.056539 -0.574219 0.862170 
0.649926 0.562208 0.047017 -0.592282 0.870968 0.649877 0.561423 0.047017 -0.592282 0.869013 0.649852 0.561008 0.056539 -0.574219 0.867058 0.649852 0.560547 0.056539 -0.574219 0.869013 0.649852 0.560086 0.056539 -0.574219 0.862170 0.649852 0.559593 0.056539 -0.574219 0.864125 
0.649877 0.561423 0.047017 -0.592282 0.869013 0.649852 0.561008 0.056539 -0.574219 0.867058 0.649852 0.560547 0.056539 -0.574219 0.869013 0.649852 0.560086 0.056539 -0.574219 0.862170 0.649852 0.559593 0.056539 -0.574219 0.864125 0.649852 0.559101 0.056539 -0.574219 0.866080 
0.649852 0.561008 0.056539 -0.574219 0.867058 0.649852 0.560547 0.056539 -0.574219 0.869013 0.649852 0.560086 0.056539 -0.574219 0.862170 0.649852 0.559593 0.056539 -0.574219 0.864125 0.649852 0.559101 0.056539 -0.574219 0.866080 0.649852 0.558609 0.056539 -0.574219 0.866080 
0.649852 0.560547 0.056539 -0.574219 0.869013 0.649852 0.560086 0.056539 -0.574219 0.862170 0.649852 0.559593 0.056539 -0.574219 0.864125 0.649852 0.559101 0.056539 -0.574219 0.866080 0.649852 0.558609 0.056539 -0.574219 0.866080 0.649852 0.558148 0.056539 -0.574219 0.867058 
0.649852 0.560086 0.056539 -0.574219 0.862170 0.649852 0.559593 0.056539 -0.574219 0.864125 0.649852 0.559101 0.056539 -0.574219 0.866080 0.649852 0.558609 0.056539 -0.574219 0.866080 0.649852 0.558148 0.056539 -0.574219 0.867058 0.649852 0.557686 0.056539 -0.574219 0.866080 
0.649852 0.559593 0.056539 -0.574219 0.864125 0.649852 0.559101 0.056539 -0.574219 0.866080 0.649852 0.558609 0.056539 -0.574219 0.866080 0.649852 0.558148 0.056539 -0.574219 0.867058 0.649852 0.557686 0.056539 -0.574219 0.866080 0.649852 0.557194 0.056539 -0.574219 0.869013 
0.649852 0.559101 0.056539 -0.574219 0.866080 0.649852 0.558609 0.056539 -0.574219 0.866080 0.649852 0.558148 0.056539 -0.574219 0.867058 0.649852 0.557686 0.056539 -0.574219 0.866080 0.649852 0.557194 0.056539 -0.574219 0.869013 0.649852 0.556733 0.056539 -0.574219 0.868035 
0.649852 0.558609 0.056539 -0.574219 0.866080 0.649852 0.558148 0.056539 -0.574219 0.867058 0.649852 0.557686 0.056539 -0.574219 0.866080 0.649852 0.557194 0.056539 -0.574219 0.869013 0.649852 0.556733 0.056539 -0.574219 0.868035 0.649852 0.556302 0.056539 -0.574219 0.867058 
0.649852 0.558148 0.056539 -0.574219 0.867058 0.649852 0.557686 0.056539 -0.574219 0.866080 0.649852 0.557194 0.056539 -0.574219 0.869013 0.649852 0.556733 0.056539 -0.574219 0.868035 0.649852 0.556302 0.056539 -0.574219 0.867058 0.649852 0.555902 0.056539 -0.574219 0.866080 
0.649852 0.557686 0.056539 -0.574219 0.866080 0.649852 0.557194 0.056539 -0.574219 0.869013 0.649852 0.556733 0.056539 -0.574219 0.868035 0.649852 0.556302 0.056539 -0.574219 0.867058 0.649852 0.555902 0.056539 -0.574219 0.866080 0.649852 0.555487 0.056539 -0.574219 0.867058 
0.649852 0.557194 0.056539 -0.574219 0.869013 0.649852 0.556733 0.056539 -0.574219 0.868035 0.649852 0.556302 0.056539 -0.574219 0.867058 0.649852 0.555902 0.056539 -0.574219 0.866080 0.649852 0.555487 0.056539 -0.574219 0.867058 0.649877 0.555072 0.056539 -0.574219 0.866080 
0.649852 0.556733 0.056539 -0.574219 0.868035 0.649852 0.556302 0.056539 -0.574219 0.867058 0.649852 0.555902 0.056539 -0.574219 0.866080 0.649852 0.555487 0.056539 -0.574219 0.867058 0.649877 0.555072 0.056539 -0.574219 0.866080 0.649902 0.554626 0.056539 -0.574219 0.867058 
0.649852 0.556302 0.056539 -0.574219 0.867058 0.649852 0.555902 0.056539 -0.574219 0.866080 0.649852 0.555487 0.056539 -0.574219 0.867058 0.649877 0.555072 0.056539 -0.574219 0.866080 0.649902 0.554626 0.056539 -0.574219 0.867058 0.649951 0.554165 0.047017 -0.592282 0.866080 
0.649852 0.555902 0.056539 -0.574219 0.866080 0.649852 0.555487 0.056539 -0.574219 0.867058 0.649877 0.555072 0.056539 -0.574219 0.866080 0.649902 0.554626 0.056539 -0.574219 0.867058 0.649951 0.554165 0.047017 -0.592282 0.866080 0.650000 0.553703 0.047017 -0.592282 0.868035 
0.649852 0.555487 0.056539 -0.574219 0.867058 0.649877 0.555072 0.056539 -0.574219 0.866080 0.649902 0.554626 0.056539 -0.574219 0.867058 0.649951 0.554165 0.047017 -0.592282 0.866080 0.650000 0.553703 0.047017 -0.592282 0.868035 0.650074 0.553227 0.047017 -0.592282 0.867058 
0.649877 0.555072 0.056539 -0.574219 0.866080 0.649902 0.554626 0.056539 -0.574219 0.867058 0.649951 0.554165 0.047017 -0.592282 0.866080 0.650000 0.553703 0.047017 -0.592282 0.868035 0.650074 0.553227 0.047017 -0.592282 0.867058 0.650148 0.552657 0.047017 -0.592282 0.868035 
0.649902 0.554626 0.056539 -0.574219 0.867058 0.649951 0.554165 0.047017 -0.592282 0.866080 0.650000 0.553703 0.047017 -0.592282 0.868035 0.650074 0.553227 0.047017 -0.592282 0.867058 0.650148 0.552657 0.047017 -0.592282 0.868035 0.650172 0.552058 0.047017 -0.592282 0.865103 
0.649951 0.554165 0.047017 -0.592282 0.866080 0.650000 0.553703 0.047017 -0.592282 0.868035 0.650074 0.553227 0.047017 -0.592282 0.867058 0.650148 0.552657 0.047017 -0.592282 0.868035 0.650172 0.552058 0.047017 -0.592282 0.865103 0.650246 0.551458 0.047017 -0.592282 0.869990 
0.650000 0.553703 0.047017 -0.592282 0.868035 0.650074 0.553227 0.047017 -0.592282 0.867058 0.650148 0.552657 0.047017 -0.592282 0.868035 0.650172 0.552058 0.047017 -0.592282 0.865103 0.650246 0.551458 0.047017 -0.592282 0.869990 0.650295 0.550874 0.047017 -0.592282 0.868035 
0.650074 0.553227 0.047017 -0.592282 0.867058 0.650148 0.552657 0.047017 -0.592282 0.868035 0.650172 0.552058 0.047017 -0.592282 0.865103 0.650246 0.551458 0.047017 -0.592282 0.869990 0.650295 0.550874 0.047017 -0.592282 0.868035 0.650345 0.550320 0.047017 -0.592282 0.868035 
0.650148 0.552657 0.047017 -0.592282 0.868035 0.650172 0.552058 0.047017 -0.592282 0.865103 0.650246 0.551458 0.047017 -0.592282 0.869990 0.650295 0.550874 0.047017 -0.592282 0.868035 0.650345 0.550320 0.047017 -0.592282 0.868035 0.650369 0.549720 0.047017 -0.592282 0.869013 
0.650172 0.552058 0.047017 -0.592282 0.865103 0.650246 0.551458 0.047017 -0.592282 0.869990 0.650295 0.550874 0.047017 -0.592282 0.868035 0.650345 0.550320 0.047017 -0.592282 0.868035 0.650369 0.549720 0.047017 -0.592282 0.869013 0.650418 0.549136 0.047017 -0.592282 0.869990 
0.650246 0.551458 0.047017 -0.592282 0.869990 0.650295 0.550874 0.047017 -0.592282 0.868035 0.650345 0.550320 0.047017 -0.592282 0.868035 0.650369 0.549720 0.047017 -0.592282 0.869013 0.650418 0.549136 0.047017 -0.592282 0.869990 0.650418 0.548521 0.047017 -0.592282 0.871945 
0.650295 0.550874 0.047017 -0.592282 0.868035 0.650345 0.550320 0.047017 -0.592282 0.868035 0.650369 0.549720 0.047017 -0.592282 0.869013 0.650418 0.549136 0.047017 -0.592282 0.869990 0.650418 0.548521 0.047017 -0.592282 0.871945 0.650418 0.547952 0.047017 -0.592282 0.869013 
0.650345 0.550320 0.047017 -0.592282 0.868035 0.650369 0.549720 0.047017 -0.592282 0.869013 0.650418 0.549136 0.047017 -0.592282 0.869990 0.650418 0.548521 0.047017 -0.592282 0.871945 0.650418 0.547952 0.047017 -0.592282 0.869013 0.650492 0.546152 0.047017 -0.592282 0.868035 
0.650369 0.549720 0.047017 -0.592282 0.869013 0.650418 0.549136 0.047017 -0.592282 0.869990 0.650418 0.548521 0.047017 -0.592282 0.871945 0.650418 0.547952 0.047017 -0.592282 0.869013 0.650492 0.546152 0.047017 -0.592282 0.868035 0.650443 0.547352 0.047017 -0.592282 0.868035 
0.650418 0.549136 0.047017 -0.592282 0.869990 0.650418 0.548521 0.047017 -0.592282 0.871945 0.650418 0.547952 0.047017 -0.592282 0.869013 0.650492 0.546152 0.047017 -0.592282 0.868035 0.650443 0.547352 0.047017 -0.592282 0.868035 0.650468 0.546783 0.047017 -0.592282 0.871945 
0.650418 0.548521 0.047017 -0.592282 0.871945 0.650418 0.547952 0.047017 -0.592282 0.869013 0.650492 0.546152 0.047017 -0.592282 0.868035 0.650443 0.547352 0.047017 -0.592282 0.868035 0.650468 0.546783 0.047017 -0.592282 0.871945 0.650517 0.545491 0.047017 -0.592282 0.871945 
0.650418 0.547952 0.047017 -0.592282 0.869013 0.650492 0.546152 0.047017 -0.592282 0.868035 0.650443 0.547352 0.047017 -0.592282 0.868035 0.650468 0.546783 0.047017 -0.592282 0.871945 0.650517 0.545491 0.047017 -0.592282 0.871945 0.650517 0.544891 0.047017 -0.592282 0.870968 
0.650492 0.546152 0.047017 -0.592282 0.868035 0.650443 0.547352 0.047017 -0.592282 0.868035 0.650468 0.546783 0.047017 -0.592282 0.871945 0.650517 0.545491 0.047017 -0.592282 0.871945 0.650517 0.544891 0.047017 -0.592282 0.870968 0.650517 0.544245 0.047017 -0.592282 0.872923 
0.650443 0.547352 0.047017 -0.592282 0.868035 0.650468 0.546783 0.047017 -0.592282 0.871945 0.650517 0.545491 0.047017 -0.592282 0.871945 0.650517 0.544891 0.047017 -0.592282 0.870968 0.650517 0.544245 0.047017 -0.592282 0.872923 0.650517 0.543615 0.047017 -0.592282 0.871945 
0.650468 0.546783 0.047017 -0.592282 0.871945 0.650517 0.545491 0.047017 -0.592282 0.871945 0.650517 0.544891 0.047017 -0.592282 0.870968 0.650517 0.544245 0.047017 -0.592282 0.872923 0.650517 0.543615 0.047017 -0.592282 0.871945 0.650517 0.542953 0.047017 -0.592282 0.873900 
0.650517 0.545491 0.047017 -0.592282 0.871945 0.650517 0.544891 0.047017 -0.592282 0.870968 0.650517 0.544245 0.047017 -0.592282 0.872923 0.650517 0.543615 0.047017 -0.592282 0.871945 0.650517 0.542953 0.047017 -0.592282 0.873900 0.650517 0.542277 0.047017 -0.592282 0.871945 
0.650517 0.544891 0.047017 -0.592282 0.870968 0.650517 0.544245 0.047017 -0.592282 0.872923 0.650517 0.543615 0.047017 -0.592282 0.871945 0.650517 0.542953 0.047017 -0.592282 0.873900 0.650517 0.542277 0.047017 -0.592282 0.871945 0.650517 0.541554 0.047017 -0.592282 0.874878 
0.650517 0.544245 0.047017 -0.592282 0.872923 0.650517 0.543615 0.047017 -0.592282 0.871945 0.650517 0.542953 0.047017 -0.592282 0.873900 0.650517 0.542277 0.047017 -0.592282 0.871945 0.650517 0.541554 0.047017 -0.592282 0.874878 0.650517 0.540816 0.047017 -0.592282 0.873900 
0.650517 0.543615 0.047017 -0.592282 0.871945 0.650517 0.542953 0.047017 -0.592282 0.873900 0.650517 0.542277 0.047017 -0.592282 0.871945 0.650517 0.541554 0.047017 -0.592282 0.874878 0.650517 0.540816 0.047017 -0.592282 0.873900 0.650517 0.540108 0.047017 -0.592282 0.875855 
0.650517 0.542953 0.047017 -0.592282 0.873900 0.650517 0.542277 0.047017 -0.592282 0.871945 0.650517 0.541554 0.047017 -0.592282 0.874878 0.650517 0.540816 0.047017 -0.592282 0.873900 0.650517 0.540108 0.047017 -0.592282 0.875855 0.650517 0.539385 0.047017 -0.592282 0.878788 
0.650517 0.542277 0.047017 -0.592282 0.871945 0.650517 0.541554 0.047017 -0.592282 0.874878 0.650517 0.540816 0.047017 -0.592282 0.873900 0.650517 0.540108 0.047017 -0.592282 0.875855 0.650517 0.539385 0.047017 -0.592282 0.878788 0.650517 0.538663 0.047017 -0.592282 0.876833 
0.650517 0.541554 0.047017 -0.592282 0.874878 0.650517 0.540816 0.047017 -0.592282 0.873900 0.650517 0.540108 0.047017 -0.592282 0.875855 0.650517 0.539385 0.047017 -0.592282 0.878788 0.650517 0.538663 0.047017 -0.592282 0.876833 0.650517 0.537924 0.047017 -0.592282 0.875855 
0.650517 0.540816 0.047017 -0.592282 0.873900 0.650517 0.540108 0.047017 -0.592282 0.875855 0.650517 0.539385 0.047017 -0.592282 0.878788 0.650517 0.538663 0.047017 -0.592282 0.876833 0.650517 0.537924 0.047017 -0.592282 0.875855 0.650517 0.537202 0.047017 -0.592282 0.875855 
0.650517 0.540108 0.047017 -0.592282 0.875855 0.650517 0.539385 0.047017 -0.592282 0.878788 0.650517 0.538663 0.047017 -0.592282 0.876833 0.650517 0.537924 0.047017 -0.592282 0.875855 0.650517 0.537202 0.047017 -0.592282 0.875855 0.650517 0.536479 0.047017 -0.592282 0.877810 
0.650517 0.539385 0.047017 -0.592282 0.878788 0.650517 0.538663 0.047017 -0.592282 0.876833 0.650517 0.537924 0.047017 -0.592282 0.875855 0.650517 0.537202 0.047017 -0.592282 0.875855 0.650517 0.536479 0.047017 -0.592282 0.877810 0.650541 0.535725 0.035286 -0.592776 0.872923 
0.650517 0.538663 0.047017 -0.592282 0.876833 0.650517 0.537924 0.047017 -0.592282 0.875855 0.650517 0.537202 0.047017 -0.592282 0.875855 0.650517 0.536479 0.047017 -0.592282 0.877810 0.650541 0.535725 0.035286 -0.592776 0.872923 0.650591 0.534956 0.035286 -0.592776 0.875855 
0.650517 0.537924 0.047017 -0.592282 0.875855 0.650517 0.537202 0.047017 -0.592282 0.875855 0.650517 0.536479 0.047017 -0.592282 0.877810 0.650541 0.535725 0.035286 -0.592776 0.872923 0.650591 0.534956 0.035286 -0.592776 0.875855 0.650615 0.534203 0.035286 -0.592776 0.876833 
0.650517 0.537202 0.047017 -0.592282 0.875855 0.650517 0.536479 0.047017 -0.592282 0.877810 0.650541 0.535725 0.035286 -0.592776 0.872923 0.650591 0.534956 0.035286 -0.592776 0.875855 0.650615 0.534203 0.035286 -0.592776 0.876833 0.650640 0.533465 0.035286 -0.592776 0.881720 
0.650517 0.536479 0.047017 -0.592282 0.877810 0.650541 0.535725 0.035286 -0.592776 0.872923 0.650591 0.534956 0.035286 -0.592776 0.875855 0.650615 0.534203 0.035286 -0.592776 0.876833 0.650640 0.533465 0.035286 -0.592776 0.881720 0.650689 0.532726 0.035286 -0.592776 0.876833 
0.650541 0.535725 0.035286 -0.592776 0.872923 0.650591 0.534956 0.035286 -0.592776 0.875855 0.650615 0.534203 0.035286 -0.592776 0.876833 0.650640 0.533465 0.035286 -0.592776 0.881720 0.650689 0.532726 0.035286 -0.592776 0.876833 0.650714 0.532034 0.035286 -0.592776 0.877810 
0.650591 0.534956 0.035286 -0.592776 0.875855 0.650615 0.534203 0.035286 -0.592776 0.876833 0.650640 0.533465 0.035286 -0.592776 0.881720 0.650689 0.532726 0.035286 -0.592776 0.876833 0.650714 0.532034 0.035286 -0.592776 0.877810 0.650763 0.531312 0.011771 -0.593341 0.881720 
0.650615 0.534203 0.035286 -0.592776 0.876833 0.650640 0.533465 0.035286 -0.592776 0.881720 0.650689 0.532726 0.035286 -0.592776 0.876833 0.650714 0.532034 0.035286 -0.592776 0.877810 0.650763 0.531312 0.011771 -0.593341 0.881720 0.650787 0.530604 0.011771 -0.593341 0.881720 
0.650640 0.533465 0.035286 -0.592776 0.881720 0.650689 0.532726 0.035286 -0.592776 0.876833 0.650714 0.532034 0.035286 -0.592776 0.877810 0.650763 0.531312 0.011771 -0.593341 0.881720 0.650787 0.530604 0.011771 -0.593341 0.881720 0.650812 0.529927 0.011771 -0.593341 0.880743 
0.650689 0.532726 0.035286 -0.592776 0.876833 0.650714 0.532034 0.035286 -0.592776 0.877810 0.650763 0.531312 0.011771 -0.593341 0.881720 0.650787 0.530604 0.011771 -0.593341 0.881720 0.650812 0.529927 0.011771 -0.593341 0.880743 0.650812 0.529251 0.011771 -0.593341 0.874878 
0.650714 0.532034 0.035286 -0.592776 0.877810 0.650763 0.531312 0.011771 -0.593341 0.881720 0.650787 0.530604 0.011771 -0.593341 0.881720 0.650812 0.529927 0.011771 -0.593341 0.880743 0.650812 0.529251 0.011771 -0.593341 0.874878 0.650861 0.526329 0.011771 -0.593341 0.876833 
0.650763 0.531312 0.011771 -0.593341 0.881720 0.650787 0.530604 0.011771 -0.593341 0.881720 0.650812 0.529927 0.011771 -0.593341 0.880743 0.650812 0.529251 0.011771 -0.593341 0.874878 0.650861 0.526329 0.011771 -0.593341 0.876833 0.650812 0.528528 0.011771 -0.593341 0.875855 
0.650787 0.530604 0.011771 -0.593341 0.881720 0.650812 0.529927 0.011771 -0.593341 0.880743 0.650812 0.529251 0.011771 -0.593341 0.874878 0.650861 0.526329 0.011771 -0.593341 0.876833 0.650812 0.528528 0.011771 -0.593341 0.875855 0.650837 0.527790 0.011771 -0.593341 0.876833 
0.650812 0.529927 0.011771 -0.593341 0.880743 0.650812 0.529251 0.011771 -0.593341 0.874878 0.650861 0.526329 0.011771 -0.593341 0.876833 0.650812 0.528528 0.011771 -0.593341 0.875855 0.650837 0.527790 0.011771 -0.593341 0.876833 0.650837 0.527067 0.011771 -0.593341 0.877810 
0.650812 0.529251 0.011771 -0.593341 0.874878 0.650861 0.526329 0.011771 -0.593341 0.876833 0.650812 0.528528 0.011771 -0.593341 0.875855 0.650837 0.527790 0.011771 -0.593341 0.876833 0.650837 0.527067 0.011771 -0.593341 0.877810 0.650935 0.525591 0.022660 -0.575680 0.878788 
0.650861 0.526329 0.011771 -0.593341 0.876833 0.650812 0.528528 0.011771 -0.593341 0.875855 0.650837 0.527790 0.011771 -0.593341 0.876833 0.650837 0.527067 0.011771 -0.593341 0.877810 0.650935 0.525591 0.022660 -0.575680 0.878788 0.650984 0.524837 0.022660 -0.575680 0.878788 
0.650812 0.528528 0.011771 -0.593341 0.875855 0.650837 0.527790 0.011771 -0.593341 0.876833 0.650837 0.527067 0.011771 -0.593341 0.877810 0.650935 0.525591 0.022660 -0.575680 0.878788 0.650984 0.524837 0.022660 -0.575680 0.878788 0.651009 0.524083 0.022660 -0.575680 0.876833 
0.650837 0.527790 0.011771 -0.593341 0.876833 0.650837 0.527067 0.011771 -0.593341 0.877810 0.650935 0.525591 0.022660 -0.575680 0.878788 0.650984 0.524837 0.022660 -0.575680 0.878788 0.651009 0.524083 0.022660 -0.575680 0.876833 0.651033 0.523345 0.022660 -0.575680 0.878788 
0.650837 0.527067 0.011771 -0.593341 0.877810 0.650935 0.525591 0.022660 -0.575680 0.878788 0.650984 0.524837 0.022660 -0.575680 0.878788 0.651009 0.524083 0.022660 -0.575680 0.876833 0.651033 0.523345 0.022660 -0.575680 0.878788 0.651132 0.522653 0.022660 -0.575680 0.873900 
0.650935 0.525591 0.022660 -0.575680 0.878788 0.650984 0.524837 0.022660 -0.575680 0.878788 0.651009 0.524083 0.022660 -0.575680 0.876833 0.651033 0.523345 0.022660 -0.575680 0.878788 0.651132 0.522653 0.022660 -0.575680 0.873900 0.651157 0.521946 0.022660 -0.575680 0.875855 
0.650984 0.524837 0.022660 -0.575680 0.878788 0.651009 0.524083 0.022660 -0.575680 0.876833 0.651033 0.523345 0.022660 -0.575680 0.878788 0.651132 0.522653 0.022660 -0.575680 0.873900 0.651157 0.521946 0.022660 -0.575680 0.875855 0.651230 0.521238 0.022660 -0.575680 0.876833 
0.651009 0.524083 0.022660 -0.575680 0.876833 0.651033 0.523345 0.022660 -0.575680 0.878788 0.651132 0.522653 0.022660 -0.575680 0.873900 0.651157 0.521946 0.022660 -0.575680 0.875855 0.651230 0.521238 0.022660 -0.575680 0.876833 0.651304 0.520516 0.022660 -0.575680 0.878788 
0.651033 0.523345 0.022660 -0.575680 0.878788 0.651132 0.522653 0.022660 -0.575680 0.873900 0.651157 0.521946 0.022660 -0.575680 0.875855 0.651230 0.521238 0.022660 -0.575680 0.876833 0.651304 0.520516 0.022660 -0.575680 0.878788 0.651378 0.519777 0.022660 -0.575680 0.875855 
0.651132 0.522653 0.022660 -0.575680 0.873900 0.651157 0.521946 0.022660 -0.575680 0.875855 0.651230 0.521238 0.022660 -0.575680 0.876833 0.651304 0.520516 0.022660 -0.575680 0.878788 0.651378 0.519777 0.022660 -0.575680 0.875855 0.651452 0.519039 0.011771 -0.593341 0.876833 
0.651157 0.521946 0.022660 -0.575680 0.875855 0.651230 0.521238 0.022660 -0.575680 0.876833 0.651304 0.520516 0.022660 -0.575680 0.878788 0.651378 0.519777 0.022660 -0.575680 0.875855 0.651452 0.519039 0.011771 -0.593341 0.876833 0.651550 0.518332 0.011771 -0.593341 0.871945 
0.651230 0.521238 0.022660 -0.575680 0.876833 0.651304 0.520516 0.022660 -0.575680 0.878788 0.651378 0.519777 0.022660 -0.575680 0.875855 0.651452 0.519039 0.011771 -0.593341 0.876833 0.651550 0.518332 0.011771 -0.593341 0.871945 0.651673 0.517578 0.011771 -0.593341 0.871945 
0.651304 0.520516 0.022660 -0.575680 0.878788 0.651378 0.519777 0.022660 -0.575680 0.875855 0.651452 0.519039 0.011771 -0.593341 0.876833 0.651550 0.518332 0.011771 -0.593341 0.871945 0.651673 0.517578 0.011771 -0.593341 0.871945 0.651772 0.516778 0.011771 -0.593341 0.873900 
0.651378 0.519777 0.022660 -0.575680 0.875855 0.651452 0.519039 0.011771 -0.593341 0.876833 0.651550 0.518332 0.011771 -0.593341 0.871945 0.651673 0.517578 0.011771 -0.593341 0.871945 0.651772 0.516778 0.011771 -0.593341 0.873900 0.651845 0.515994 0.011771 -0.593341 0.873900 
0.651452 0.519039 0.011771 -0.593341 0.876833 0.651550 0.518332 0.011771 -0.593341 0.871945 0.651673 0.517578 0.011771 -0.593341 0.871945 0.651772 0.516778 0.011771 -0.593341 0.873900 0.651845 0.515994 0.011771 -0.593341 0.873900 0.651919 0.515210 0.011771 -0.593341 0.872923 
0.651550 0.518332 0.011771 -0.593341 0.871945 0.651673 0.517578 0.011771 -0.593341 0.871945 0.651772 0.516778 0.011771 -0.593341 0.873900 0.651845 0.515994 0.011771 -0.593341 0.873900 0.651919 0.515210 0.011771 -0.593341 0.872923 0.651993 0.514456 0.011771 -0.593341 0.874878 
0.651673 0.517578 0.011771 -0.593341 0.871945 0.651772 0.516778 0.011771 -0.593341 0.873900 0.651845 0.515994 0.011771 -0.593341 0.873900 0.651919 0.515210 0.011771 -0.593341 0.872923 0.651993 0.514456 0.011771 -0.593341 0.874878 0.652067 0.513687 0.011771 -0.593341 0.876833 
0.651772 0.516778 0.011771 -0.593341 0.873900 0.651845 0.515994 0.011771 -0.593341 0.873900 0.651919 0.515210 0.011771 -0.593341 0.872923 0.651993 0.514456 0.011771 -0.593341 0.874878 0.652067 0.513687 0.011771 -0.593341 0.876833 0.652116 0.512826 0.011771 -0.593341 0.873900 
0.651845 0.515994 0.011771 -0.593341 0.873900 0.651919 0.515210 0.011771 -0.593341 0.872923 0.651993 0.514456 0.011771 -0.593341 0.874878 0.652067 0.513687 0.011771 -0.593341 0.876833 0.652116 0.512826 0.011771 -0.593341 0.873900 0.652165 0.511980 0.011771 -0.593341 0.876833 
0.651919 0.515210 0.011771 -0.593341 0.872923 0.651993 0.514456 0.011771 -0.593341 0.874878 0.652067 0.513687 0.011771 -0.593341 0.876833 0.652116 0.512826 0.011771 -0.593341 0.873900 0.652165 0.511980 0.011771 -0.593341 0.876833 0.652215 0.511134 0.011771 -0.593341 0.877810 
0.651993 0.514456 0.011771 -0.593341 0.874878 0.652067 0.513687 0.011771 -0.593341 0.876833 0.652116 0.512826 0.011771 -0.593341 0.873900 0.652165 0.511980 0.011771 -0.593341 0.876833 0.652215 0.511134 0.011771 -0.593341 0.877810 0.652264 0.510258 0.011771 -0.593341 0.879765 
0.652067 0.513687 0.011771 -0.593341 0.876833 0.652116 0.512826 0.011771 -0.593341 0.873900 0.652165 0.511980 0.011771 -0.593341 0.876833 0.652215 0.511134 0.011771 -0.593341 0.877810 0.652264 0.510258 0.011771 -0.593341 0.879765 0.652338 0.509381 0.011771 -0.593341 0.873900 
0.652116 0.512826 0.011771 -0.593341 0.873900 0.652165 0.511980 0.011771 -0.593341 0.876833 0.652215 0.511134 0.011771 -0.593341 0.877810 0.652264 0.510258 0.011771 -0.593341 0.879765 0.652338 0.509381 0.011771 -0.593341 0.873900 0.652362 0.508489 0.011771 -0.593341 0.878788 
0.652165 0.511980 0.011771 -0.593341 0.876833 0.652215 0.511134 0.011771 -0.593341 0.877810 0.652264 0.510258 0.011771 -0.593341 0.879765 0.652338 0.509381 0.011771 -0.593341 0.873900 0.652362 0.508489 0.011771 -0.593341 0.878788 0.652411 0.507582 0.011771 -0.593341 0.879765 
0.652215 0.511134 0.011771 -0.593341 0.877810 0.652264 0.510258 0.011771 -0.593341 0.879765 0.652338 0.509381 0.011771 -0.593341 0.873900 0.652362 0.508489 0.011771 -0.593341 0.878788 0.652411 0.507582 0.011771 -0.593341 0.879765 0.652461 0.506721 0.011771 -0.593341 0.878788 
0.652264 0.510258 0.011771 -0.593341 0.879765 0.652338 0.509381 0.011771 -0.593341 0.873900 0.652362 0.508489 0.011771 -0.593341 0.878788 0.652411 0.507582 0.011771 -0.593341 0.879765 0.652461 0.506721 0.011771 -0.593341 0.878788 0.652461 0.505936 0.011771 -0.593341 0.877810 
0.652338 0.509381 0.011771 -0.593341 0.873900 0.652362 0.508489 0.011771 -0.593341 0.878788 0.652411 0.507582 0.011771 -0.593341 0.879765 0.652461 0.506721 0.011771 -0.593341 0.878788 0.652461 0.505936 0.011771 -0.593341 0.877810 0.652485 0.505075 0.011771 -0.593341 0.880743 
0.652362 0.508489 0.011771 -0.593341 0.878788 0.652411 0.507582 0.011771 -0.593341 0.879765 0.652461 0.506721 0.011771 -0.593341 0.878788 0.652461 0.505936 0.011771 -0.593341 0.877810 0.652485 0.505075 0.011771 -0.593341 0.880743 0.652534 0.504245 0.011771 -0.593341 0.878788 
0.652411 0.507582 0.011771 -0.593341 0.879765 0.652461 0.506721 0.011771 -0.593341 0.878788 0.652461 0.505936 0.011771 -0.593341 0.877810 0.652485 0.505075 0.011771 -0.593341 0.880743 0.652534 0.504245 0.011771 -0.593341 0.878788 0.652707 0.501661 0.011771 -0.593341 0.879765 
0.652461 0.506721 0.011771 -0.593341 0.878788 0.652461 0.505936 0.011771 -0.593341 0.877810 0.652485 0.505075 0.011771 -0.593341 0.880743 0.652534 0.504245 0.011771 -0.593341 0.878788 0.652707 0.501661 0.011771 -0.593341 0.879765 0.652559 0.503399 0.011771 -0.593341 0.879765 
0.652461 0.505936 0.011771 -0.593341 0.877810 0.652485 0.505075 0.011771 -0.593341 0.880743 0.652534 0.504245 0.011771 -0.593341 0.878788 0.652707 0.501661 0.011771 -0.593341 0.879765 0.652559 0.503399 0.011771 -0.593341 0.879765 0.652633 0.502568 0.011771 -0.593341 0.877810 
0.652485 0.505075 0.011771 -0.593341 0.880743 0.652534 0.504245 0.011771 -0.593341 0.878788 0.652707 0.501661 0.011771 -0.593341 0.879765 0.652559 0.503399 0.011771 -0.593341 0.879765 0.652633 0.502568 0.011771 -0.593341 0.877810 0.652805 0.500784 0.000000 -0.593412 0.878788 
0.652707 0.501661 0.011771 -0.593341 0.879765 0.652559 0.503399 0.011771 -0.593341 0.879765 0.652633 0.502568 0.011771 -0.593341 0.877810 0.652805 0.500784 0.000000 -0.593412 0.878788 0.652977 0.498939 0.000000 -0.593412 0.880743 0.652879 0.499877 0.000000 -0.593412 0.879765 
