0.620177 0.524083 0.617092 -0.506172 0.812317 0.621334 0.524083 0.617092 -0.506172 0.812317 0.622466 0.524083 0.606852 -0.481995 0.801564 0.623622 0.524083 0.606852 -0.481995 0.797654 0.624828 0.524083 0.606852 -0.481995 0.798631 0.626058 0.524083 0.606852 -0.481995 0.803519 
0.621334 0.524083 0.617092 -0.506172 0.812317 0.622466 0.524083 0.606852 -0.481995 0.801564 0.623622 0.524083 0.606852 -0.481995 0.797654 0.624828 0.524083 0.606852 -0.481995 0.798631 0.626058 0.524083 0.606852 -0.481995 0.803519 0.627288 0.524083 0.606852 -0.481995 0.798631 
0.622466 0.524083 0.606852 -0.481995 0.801564 0.623622 0.524083 0.606852 -0.481995 0.797654 0.624828 0.524083 0.606852 -0.481995 0.798631 0.626058 0.524083 0.606852 -0.481995 0.803519 0.627288 0.524083 0.606852 -0.481995 0.798631 0.628494 0.524083 0.606852 -0.481995 0.800587 
0.623622 0.524083 0.606852 -0.481995 0.797654 0.624828 0.524083 0.606852 -0.481995 0.798631 0.626058 0.524083 0.606852 -0.481995 0.803519 0.627288 0.524083 0.606852 -0.481995 0.798631 0.628494 0.524083 0.606852 -0.481995 0.800587 0.629675 0.524083 0.606852 -0.481995 0.805474 
0.624828 0.524083 0.606852 -0.481995 0.798631 0.626058 0.524083 0.606852 -0.481995 0.803519 0.627288 0.524083 0.606852 -0.481995 0.798631 0.628494 0.524083 0.606852 -0.481995 0.800587 0.629675 0.524083 0.606852 -0.481995 0.805474 0.630758 0.524083 0.606852 -0.481995 0.806452 
0.626058 0.524083 0.606852 -0.481995 0.803519 0.627288 0.524083 0.606852 -0.481995 0.798631 0.628494 0.524083 0.606852 -0.481995 0.800587 0.629675 0.524083 0.606852 -0.481995 0.805474 0.630758 0.524083 0.606852 -0.481995 0.806452 0.631841 0.524083 0.606852 -0.481995 0.800587 
0.627288 0.524083 0.606852 -0.481995 0.798631 0.628494 0.524083 0.606852 -0.481995 0.800587 0.629675 0.524083 0.606852 -0.481995 0.805474 0.630758 0.524083 0.606852 -0.481995 0.806452 0.631841 0.524083 0.606852 -0.481995 0.800587 0.632825 0.524083 0.606852 -0.481995 0.803519 
0.628494 0.524083 0.606852 -0.481995 0.800587 0.629675 0.524083 0.606852 -0.481995 0.805474 0.630758 0.524083 0.606852 -0.481995 0.806452 0.631841 0.524083 0.606852 -0.481995 0.800587 0.632825 0.524083 0.606852 -0.481995 0.803519 0.633760 0.524083 0.606852 -0.481995 0.812317 
0.629675 0.524083 0.606852 -0.481995 0.805474 0.630758 0.524083 0.606852 -0.481995 0.806452 0.631841 0.524083 0.606852 -0.481995 0.800587 0.632825 0.524083 0.606852 -0.481995 0.803519 0.633760 0.524083 0.606852 -0.481995 0.812317 0.634720 0.524083 0.606852 -0.481995 0.809384 
0.630758 0.524083 0.606852 -0.481995 0.806452 0.631841 0.524083 0.606852 -0.481995 0.800587 0.632825 0.524083 0.606852 -0.481995 0.803519 0.633760 0.524083 0.606852 -0.481995 0.812317 0.634720 0.524083 0.606852 -0.481995 0.809384 0.635655 0.524083 0.606852 -0.481995 0.807429 
0.631841 0.524083 0.606852 -0.481995 0.800587 0.632825 0.524083 0.606852 -0.481995 0.803519 0.633760 0.524083 0.606852 -0.481995 0.812317 0.634720 0.524083 0.606852 -0.481995 0.809384 0.635655 0.524083 0.606852 -0.481995 0.807429 0.636614 0.524083 0.606852 -0.481995 0.808407 
0.632825 0.524083 0.606852 -0.481995 0.803519 0.633760 0.524083 0.606852 -0.481995 0.812317 0.634720 0.524083 0.606852 -0.481995 0.809384 0.635655 0.524083 0.606852 -0.481995 0.807429 0.636614 0.524083 0.606852 -0.481995 0.808407 0.637574 0.524083 0.606852 -0.481995 0.814272 
0.633760 0.524083 0.606852 -0.481995 0.812317 0.634720 0.524083 0.606852 -0.481995 0.809384 0.635655 0.524083 0.606852 -0.481995 0.807429 0.636614 0.524083 0.606852 -0.481995 0.808407 0.637574 0.524083 0.606852 -0.481995 0.814272 0.638583 0.524068 0.623427 -0.496585 0.798631 
0.634720 0.524083 0.606852 -0.481995 0.809384 0.635655 0.524083 0.606852 -0.481995 0.807429 0.636614 0.524083 0.606852 -0.481995 0.808407 0.637574 0.524083 0.606852 -0.481995 0.814272 0.638583 0.524068 0.623427 -0.496585 0.798631 0.639641 0.524022 0.623427 -0.496585 0.800587 
0.635655 0.524083 0.606852 -0.481995 0.807429 0.636614 0.524083 0.606852 -0.481995 0.808407 0.637574 0.524083 0.606852 -0.481995 0.814272 0.638583 0.524068 0.623427 -0.496585 0.798631 0.639641 0.524022 0.623427 -0.496585 0.800587 0.640674 0.523976 0.623427 -0.496585 0.797654 
0.636614 0.524083 0.606852 -0.481995 0.808407 0.637574 0.524083 0.606852 -0.481995 0.814272 0.638583 0.524068 0.623427 -0.496585 0.798631 0.639641 0.524022 0.623427 -0.496585 0.800587 0.640674 0.523976 0.623427 -0.496585 0.797654 0.641732 0.523914 0.623427 -0.496585 0.796676 
0.637574 0.524083 0.606852 -0.481995 0.814272 0.638583 0.524068 0.623427 -0.496585 0.798631 0.639641 0.524022 0.623427 -0.496585 0.800587 0.640674 0.523976 0.623427 -0.496585 0.797654 0.641732 0.523914 0.623427 -0.496585 0.796676 0.642741 0.523868 0.623427 -0.496585 0.798631 
0.638583 0.524068 0.623427 -0.496585 0.798631 0.639641 0.524022 0.623427 -0.496585 0.800587 0.640674 0.523976 0.623427 -0.496585 0.797654 0.641732 0.523914 0.623427 -0.496585 0.796676 0.642741 0.523868 0.623427 -0.496585 0.798631 0.643701 0.523822 0.617092 -0.506172 0.800587 
0.639641 0.524022 0.623427 -0.496585 0.800587 0.640674 0.523976 0.623427 -0.496585 0.797654 0.641732 0.523914 0.623427 -0.496585 0.796676 0.642741 0.523868 0.623427 -0.496585 0.798631 0.643701 0.523822 0.617092 -0.506172 0.800587 0.644636 0.523776 0.617092 -0.506172 0.801564 
0.640674 0.523976 0.623427 -0.496585 0.797654 0.641732 0.523914 0.623427 -0.496585 0.796676 0.642741 0.523868 0.623427 -0.496585 0.798631 0.643701 0.523822 0.617092 -0.506172 0.800587 0.644636 0.523776 0.617092 -0.506172 0.801564 0.645546 0.523730 0.617092 -0.506172 0.801564 
0.641732 0.523914 0.623427 -0.496585 0.796676 0.642741 0.523868 0.623427 -0.496585 0.798631 0.643701 0.523822 0.617092 -0.506172 0.800587 0.644636 0.523776 0.617092 -0.506172 0.801564 0.645546 0.523730 0.617092 -0.506172 0.801564 0.646407 0.523699 0.603813 -0.524662 0.802542 
0.642741 0.523868 0.623427 -0.496585 0.798631 0.643701 0.523822 0.617092 -0.506172 0.800587 0.644636 0.523776 0.617092 -0.506172 0.801564 0.645546 0.523730 0.617092 -0.506172 0.801564 0.646407 0.523699 0.603813 -0.524662 0.802542 0.647170 0.523684 0.603813 -0.524662 0.797654 
0.643701 0.523822 0.617092 -0.506172 0.800587 0.644636 0.523776 0.617092 -0.506172 0.801564 0.645546 0.523730 0.617092 -0.506172 0.801564 0.646407 0.523699 0.603813 -0.524662 0.802542 0.647170 0.523684 0.603813 -0.524662 0.797654 0.647859 0.523684 0.603813 -0.524662 0.797654 
0.644636 0.523776 0.617092 -0.506172 0.801564 0.645546 0.523730 0.617092 -0.506172 0.801564 0.646407 0.523699 0.603813 -0.524662 0.802542 0.647170 0.523684 0.603813 -0.524662 0.797654 0.647859 0.523684 0.603813 -0.524662 0.797654 0.648499 0.523668 0.603813 -0.524662 0.792766 
0.645546 0.523730 0.617092 -0.506172 0.801564 0.646407 0.523699 0.603813 -0.524662 0.802542 0.647170 0.523684 0.603813 -0.524662 0.797654 0.647859 0.523684 0.603813 -0.524662 0.797654 0.648499 0.523668 0.603813 -0.524662 0.792766 0.649090 0.523668 0.603813 -0.524662 0.790811 
0.646407 0.523699 0.603813 -0.524662 0.802542 0.647170 0.523684 0.603813 -0.524662 0.797654 0.647859 0.523684 0.603813 -0.524662 0.797654 0.648499 0.523668 0.603813 -0.524662 0.792766 0.649090 0.523668 0.603813 -0.524662 0.790811 0.649582 0.523653 0.603813 -0.524662 0.791789 
0.647170 0.523684 0.603813 -0.524662 0.797654 0.647859 0.523684 0.603813 -0.524662 0.797654 0.648499 0.523668 0.603813 -0.524662 0.792766 0.649090 0.523668 0.603813 -0.524662 0.790811 0.649582 0.523653 0.603813 -0.524662 0.791789 0.649975 0.523637 0.603813 -0.524662 0.799609 
0.647859 0.523684 0.603813 -0.524662 0.797654 0.648499 0.523668 0.603813 -0.524662 0.792766 0.649090 0.523668 0.603813 -0.524662 0.790811 0.649582 0.523653 0.603813 -0.524662 0.791789 0.649975 0.523637 0.603813 -0.524662 0.799609 0.650295 0.523622 0.603813 -0.524662 0.798631 
0.648499 0.523668 0.603813 -0.524662 0.792766 0.649090 0.523668 0.603813 -0.524662 0.790811 0.649582 0.523653 0.603813 -0.524662 0.791789 0.649975 0.523637 0.603813 -0.524662 0.799609 0.650295 0.523622 0.603813 -0.524662 0.798631 0.650541 0.523622 0.603813 -0.524662 0.797654 
0.649090 0.523668 0.603813 -0.524662 0.790811 0.649582 0.523653 0.603813 -0.524662 0.791789 0.649975 0.523637 0.603813 -0.524662 0.799609 0.650295 0.523622 0.603813 -0.524662 0.798631 0.650541 0.523622 0.603813 -0.524662 0.797654 0.650738 0.523622 0.603813 -0.524662 0.799609 
0.649582 0.523653 0.603813 -0.524662 0.791789 0.649975 0.523637 0.603813 -0.524662 0.799609 0.650295 0.523622 0.603813 -0.524662 0.798631 0.650541 0.523622 0.603813 -0.524662 0.797654 0.650738 0.523622 0.603813 -0.524662 0.799609 0.650861 0.523622 0.603813 -0.524662 0.802542 
0.649975 0.523637 0.603813 -0.524662 0.799609 0.650295 0.523622 0.603813 -0.524662 0.798631 0.650541 0.523622 0.603813 -0.524662 0.797654 0.650738 0.523622 0.603813 -0.524662 0.799609 0.650861 0.523622 0.603813 -0.524662 0.802542 0.650960 0.523622 0.613257 -0.549040 0.803519 
0.650295 0.523622 0.603813 -0.524662 0.798631 0.650541 0.523622 0.603813 -0.524662 0.797654 0.650738 0.523622 0.603813 -0.524662 0.799609 0.650861 0.523622 0.603813 -0.524662 0.802542 0.650960 0.523622 0.613257 -0.549040 0.803519 0.651009 0.523622 0.613257 -0.549040 0.805474 
0.650541 0.523622 0.603813 -0.524662 0.797654 0.650738 0.523622 0.603813 -0.524662 0.799609 0.650861 0.523622 0.603813 -0.524662 0.802542 0.650960 0.523622 0.613257 -0.549040 0.803519 0.651009 0.523622 0.613257 -0.549040 0.805474 0.651033 0.523622 0.613257 -0.549040 0.808407 
0.650738 0.523622 0.603813 -0.524662 0.799609 0.650861 0.523622 0.603813 -0.524662 0.802542 0.650960 0.523622 0.613257 -0.549040 0.803519 0.651009 0.523622 0.613257 -0.549040 0.805474 0.651033 0.523622 0.613257 -0.549040 0.808407 0.651058 0.523622 0.613257 -0.549040 0.811339 
0.650861 0.523622 0.603813 -0.524662 0.802542 0.650960 0.523622 0.613257 -0.549040 0.803519 0.651009 0.523622 0.613257 -0.549040 0.805474 0.651033 0.523622 0.613257 -0.549040 0.808407 0.651058 0.523622 0.613257 -0.549040 0.811339 0.651058 0.523607 0.613257 -0.549040 0.704790 
0.650960 0.523622 0.613257 -0.549040 0.803519 0.651009 0.523622 0.613257 -0.549040 0.805474 0.651033 0.523622 0.613257 -0.549040 0.808407 0.651058 0.523622 0.613257 -0.549040 0.811339 0.651058 0.523607 0.613257 -0.549040 0.704790 0.651058 0.523576 0.613257 -0.549040 0.638319 
0.651009 0.523622 0.613257 -0.549040 0.805474 0.651033 0.523622 0.613257 -0.549040 0.808407 0.651058 0.523622 0.613257 -0.549040 0.811339 0.651058 0.523607 0.613257 -0.549040 0.704790 0.651058 0.523576 0.613257 -0.549040 0.638319 0.651058 0.523561 0.613257 -0.549040 0.581623 
0.651033 0.523622 0.613257 -0.549040 0.808407 0.651058 0.523622 0.613257 -0.549040 0.811339 0.651058 0.523607 0.613257 -0.549040 0.704790 0.651058 0.523576 0.613257 -0.549040 0.638319 0.651058 0.523561 0.613257 -0.549040 0.581623 0.651058 0.523545 0.613257 -0.549040 0.510264 
0.651058 0.523622 0.613257 -0.549040 0.811339 0.651058 0.523607 0.613257 -0.549040 0.704790 0.651058 0.523576 0.613257 -0.549040 0.638319 0.651058 0.523561 0.613257 -0.549040 0.581623 0.651058 0.523545 0.613257 -0.549040 0.510264 0.651009 0.523545 0.613257 -0.549040 0.173998 
0.651058 0.523607 0.613257 -0.549040 0.704790 0.651058 0.523576 0.613257 -0.549040 0.638319 0.651058 0.523561 0.613257 -0.549040 0.581623 0.651058 0.523545 0.613257 -0.549040 0.510264 0.651009 0.523545 0.613257 -0.549040 0.173998 0.650664 0.523684 0.613257 -0.549040 0.067449 
0.651058 0.523576 0.613257 -0.549040 0.638319 0.651058 0.523561 0.613257 -0.549040 0.581623 0.651058 0.523545 0.613257 -0.549040 0.510264 0.651009 0.523545 0.613257 -0.549040 0.173998 0.650664 0.523684 0.613257 -0.549040 0.067449 0.649385 0.524745 0.613257 -0.549040 0.000000 
0.651058 0.523561 0.613257 -0.549040 0.581623 0.651058 0.523545 0.613257 -0.549040 0.510264 0.651009 0.523545 0.613257 -0.549040 0.173998 0.650664 0.523684 0.613257 -0.549040 0.067449 0.649385 0.524745 0.613257 -0.549040 0.000000 0.648401 0.525575 0.613257 -0.549040 0.000000 
0.651058 0.523545 0.613257 -0.549040 0.510264 0.651009 0.523545 0.613257 -0.549040 0.173998 0.650664 0.523684 0.613257 -0.549040 0.067449 0.649385 0.524745 0.613257 -0.549040 0.000000 0.648401 0.525575 0.613257 -0.549040 0.000000 0.647219 0.526590 0.613257 -0.549040 0.000000 
0.651009 0.523545 0.613257 -0.549040 0.173998 0.650664 0.523684 0.613257 -0.549040 0.067449 0.649385 0.524745 0.613257 -0.549040 0.000000 0.648401 0.525575 0.613257 -0.549040 0.000000 0.647219 0.526590 0.613257 -0.549040 0.000000 0.645817 0.527836 0.606008 -0.557861 0.000000 
0.650664 0.523684 0.613257 -0.549040 0.067449 0.649385 0.524745 0.613257 -0.549040 0.000000 0.648401 0.525575 0.613257 -0.549040 0.000000 0.647219 0.526590 0.613257 -0.549040 0.000000 0.645817 0.527836 0.606008 -0.557861 0.000000 0.644144 0.529281 0.606008 -0.557861 0.000000 
0.649385 0.524745 0.613257 -0.549040 0.000000 0.648401 0.525575 0.613257 -0.549040 0.000000 0.647219 0.526590 0.613257 -0.549040 0.000000 0.645817 0.527836 0.606008 -0.557861 0.000000 0.644144 0.529281 0.606008 -0.557861 0.000000 0.642224 0.530896 0.606008 -0.557861 0.000000 
0.648401 0.525575 0.613257 -0.549040 0.000000 0.647219 0.526590 0.613257 -0.549040 0.000000 0.645817 0.527836 0.606008 -0.557861 0.000000 0.644144 0.529281 0.606008 -0.557861 0.000000 0.642224 0.530896 0.606008 -0.557861 0.000000 0.640084 0.532603 0.606008 -0.557861 0.000000 
0.647219 0.526590 0.613257 -0.549040 0.000000 0.645817 0.527836 0.606008 -0.557861 0.000000 0.644144 0.529281 0.606008 -0.557861 0.000000 0.642224 0.530896 0.606008 -0.557861 0.000000 0.640084 0.532603 0.606008 -0.557861 0.000000 0.637771 0.534403 0.629804 -0.564723 0.000000 
0.645817 0.527836 0.606008 -0.557861 0.000000 0.644144 0.529281 0.606008 -0.557861 0.000000 0.642224 0.530896 0.606008 -0.557861 0.000000 0.640084 0.532603 0.606008 -0.557861 0.000000 0.637771 0.534403 0.629804 -0.564723 0.000000 0.635359 0.536233 0.629804 -0.564723 0.000000 
0.644144 0.529281 0.606008 -0.557861 0.000000 0.642224 0.530896 0.606008 -0.557861 0.000000 0.640084 0.532603 0.606008 -0.557861 0.000000 0.637771 0.534403 0.629804 -0.564723 0.000000 0.635359 0.536233 0.629804 -0.564723 0.000000 0.632825 0.538078 0.636916 -0.555525 0.000000 
0.642224 0.530896 0.606008 -0.557861 0.000000 0.640084 0.532603 0.606008 -0.557861 0.000000 0.637771 0.534403 0.629804 -0.564723 0.000000 0.635359 0.536233 0.629804 -0.564723 0.000000 0.632825 0.538078 0.636916 -0.555525 0.000000 0.630217 0.539893 0.636916 -0.555525 0.000000 
0.640084 0.532603 0.606008 -0.557861 0.000000 0.637771 0.534403 0.629804 -0.564723 0.000000 0.635359 0.536233 0.629804 -0.564723 0.000000 0.632825 0.538078 0.636916 -0.555525 0.000000 0.630217 0.539893 0.636916 -0.555525 0.000000 0.627559 0.541646 0.667388 -0.551856 0.000000 
0.623130 0.556917 0.663714 -0.469935 0.669599 0.623573 0.556425 0.686190 -0.472993 0.668622 0.624040 0.555933 0.686190 -0.472993 0.668622 0.624532 0.555441 0.686190 -0.472993 0.672532 0.624951 0.554964 0.686190 -0.472993 0.673509 0.625394 0.554503 0.680745 -0.484193 0.677419 
0.623573 0.556425 0.686190 -0.472993 0.668622 0.624040 0.555933 0.686190 -0.472993 0.668622 0.624532 0.555441 0.686190 -0.472993 0.672532 0.624951 0.554964 0.686190 -0.472993 0.673509 0.625394 0.554503 0.680745 -0.484193 0.677419 0.625812 0.554103 0.680745 -0.484193 0.678397 
0.624040 0.555933 0.686190 -0.472993 0.668622 0.624532 0.555441 0.686190 -0.472993 0.672532 0.624951 0.554964 0.686190 -0.472993 0.673509 0.625394 0.554503 0.680745 -0.484193 0.677419 0.625812 0.554103 0.680745 -0.484193 0.678397 0.626181 0.553765 0.686190 -0.472993 0.677419 
0.624532 0.555441 0.686190 -0.472993 0.672532 0.624951 0.554964 0.686190 -0.472993 0.673509 0.625394 0.554503 0.680745 -0.484193 0.677419 0.625812 0.554103 0.680745 -0.484193 0.678397 0.626181 0.553765 0.686190 -0.472993 0.677419 0.626452 0.553488 0.686190 -0.472993 0.676442 
0.624951 0.554964 0.686190 -0.472993 0.673509 0.625394 0.554503 0.680745 -0.484193 0.677419 0.625812 0.554103 0.680745 -0.484193 0.678397 0.626181 0.553765 0.686190 -0.472993 0.677419 0.626452 0.553488 0.686190 -0.472993 0.676442 0.626722 0.553242 0.686190 -0.472993 0.673509 
0.625394 0.554503 0.680745 -0.484193 0.677419 0.625812 0.554103 0.680745 -0.484193 0.678397 0.626181 0.553765 0.686190 -0.472993 0.677419 0.626452 0.553488 0.686190 -0.472993 0.676442 0.626722 0.553242 0.686190 -0.472993 0.673509 0.626919 0.553027 0.686190 -0.472993 0.670577 
0.625812 0.554103 0.680745 -0.484193 0.678397 0.626181 0.553765 0.686190 -0.472993 0.677419 0.626452 0.553488 0.686190 -0.472993 0.676442 0.626722 0.553242 0.686190 -0.472993 0.673509 0.626919 0.553027 0.686190 -0.472993 0.670577 0.627116 0.552827 0.686190 -0.472993 0.669599 
0.626181 0.553765 0.686190 -0.472993 0.677419 0.626452 0.553488 0.686190 -0.472993 0.676442 0.626722 0.553242 0.686190 -0.472993 0.673509 0.626919 0.553027 0.686190 -0.472993 0.670577 0.627116 0.552827 0.686190 -0.472993 0.669599 0.627338 0.552611 0.686190 -0.472993 0.669599 
0.626452 0.553488 0.686190 -0.472993 0.676442 0.626722 0.553242 0.686190 -0.472993 0.673509 0.626919 0.553027 0.686190 -0.472993 0.670577 0.627116 0.552827 0.686190 -0.472993 0.669599 0.627338 0.552611 0.686190 -0.472993 0.669599 0.627534 0.552381 0.686190 -0.472993 0.671554 
0.626722 0.553242 0.686190 -0.472993 0.673509 0.626919 0.553027 0.686190 -0.472993 0.670577 0.627116 0.552827 0.686190 -0.472993 0.669599 0.627338 0.552611 0.686190 -0.472993 0.669599 0.627534 0.552381 0.686190 -0.472993 0.671554 0.627756 0.552073 0.686190 -0.472993 0.669599 
0.626919 0.553027 0.686190 -0.472993 0.670577 0.627116 0.552827 0.686190 -0.472993 0.669599 0.627338 0.552611 0.686190 -0.472993 0.669599 0.627534 0.552381 0.686190 -0.472993 0.671554 0.627756 0.552073 0.686190 -0.472993 0.669599 0.628051 0.551735 0.686190 -0.472993 0.668622 
0.627116 0.552827 0.686190 -0.472993 0.669599 0.627338 0.552611 0.686190 -0.472993 0.669599 0.627534 0.552381 0.686190 -0.472993 0.671554 0.627756 0.552073 0.686190 -0.472993 0.669599 0.628051 0.551735 0.686190 -0.472993 0.668622 0.628396 0.551350 0.686190 -0.472993 0.667644 
0.627338 0.552611 0.686190 -0.472993 0.669599 0.627534 0.552381 0.686190 -0.472993 0.671554 0.627756 0.552073 0.686190 -0.472993 0.669599 0.628051 0.551735 0.686190 -0.472993 0.668622 0.628396 0.551350 0.686190 -0.472993 0.667644 0.628691 0.550950 0.686190 -0.472993 0.669599 
0.627534 0.552381 0.686190 -0.472993 0.671554 0.627756 0.552073 0.686190 -0.472993 0.669599 0.628051 0.551735 0.686190 -0.472993 0.668622 0.628396 0.551350 0.686190 -0.472993 0.667644 0.628691 0.550950 0.686190 -0.472993 0.669599 0.629060 0.550520 0.686190 -0.472993 0.668622 
0.627756 0.552073 0.686190 -0.472993 0.669599 0.628051 0.551735 0.686190 -0.472993 0.668622 0.628396 0.551350 0.686190 -0.472993 0.667644 0.628691 0.550950 0.686190 -0.472993 0.669599 0.629060 0.550520 0.686190 -0.472993 0.668622 0.629429 0.550074 0.680745 -0.484193 0.672532 
0.628051 0.551735 0.686190 -0.472993 0.668622 0.628396 0.551350 0.686190 -0.472993 0.667644 0.628691 0.550950 0.686190 -0.472993 0.669599 0.629060 0.550520 0.686190 -0.472993 0.668622 0.629429 0.550074 0.680745 -0.484193 0.672532 0.629823 0.549628 0.680745 -0.484193 0.667644 
0.628396 0.551350 0.686190 -0.472993 0.667644 0.628691 0.550950 0.686190 -0.472993 0.669599 0.629060 0.550520 0.686190 -0.472993 0.668622 0.629429 0.550074 0.680745 -0.484193 0.672532 0.629823 0.549628 0.680745 -0.484193 0.667644 0.630266 0.549151 0.680745 -0.484193 0.669599 
0.628691 0.550950 0.686190 -0.472993 0.669599 0.629060 0.550520 0.686190 -0.472993 0.668622 0.629429 0.550074 0.680745 -0.484193 0.672532 0.629823 0.549628 0.680745 -0.484193 0.667644 0.630266 0.549151 0.680745 -0.484193 0.669599 0.630684 0.548705 0.658116 -0.480665 0.672532 
0.629060 0.550520 0.686190 -0.472993 0.668622 0.629429 0.550074 0.680745 -0.484193 0.672532 0.629823 0.549628 0.680745 -0.484193 0.667644 0.630266 0.549151 0.680745 -0.484193 0.669599 0.630684 0.548705 0.658116 -0.480665 0.672532 0.631102 0.548290 0.658116 -0.480665 0.671554 
0.629429 0.550074 0.680745 -0.484193 0.672532 0.629823 0.549628 0.680745 -0.484193 0.667644 0.630266 0.549151 0.680745 -0.484193 0.669599 0.630684 0.548705 0.658116 -0.480665 0.672532 0.631102 0.548290 0.658116 -0.480665 0.671554 0.631570 0.547859 0.658116 -0.480665 0.671554 
0.629823 0.549628 0.680745 -0.484193 0.667644 0.630266 0.549151 0.680745 -0.484193 0.669599 0.630684 0.548705 0.658116 -0.480665 0.672532 0.631102 0.548290 0.658116 -0.480665 0.671554 0.631570 0.547859 0.658116 -0.480665 0.671554 0.632013 0.547398 0.658116 -0.480665 0.672532 
0.630266 0.549151 0.680745 -0.484193 0.669599 0.630684 0.548705 0.658116 -0.480665 0.672532 0.631102 0.548290 0.658116 -0.480665 0.671554 0.631570 0.547859 0.658116 -0.480665 0.671554 0.632013 0.547398 0.658116 -0.480665 0.672532 0.632480 0.546937 0.658116 -0.480665 0.671554 
0.630684 0.548705 0.658116 -0.480665 0.672532 0.631102 0.548290 0.658116 -0.480665 0.671554 0.631570 0.547859 0.658116 -0.480665 0.671554 0.632013 0.547398 0.658116 -0.480665 0.672532 0.632480 0.546937 0.658116 -0.480665 0.671554 0.632948 0.546475 0.658116 -0.480665 0.671554 
0.631102 0.548290 0.658116 -0.480665 0.671554 0.631570 0.547859 0.658116 -0.480665 0.671554 0.632013 0.547398 0.658116 -0.480665 0.672532 0.632480 0.546937 0.658116 -0.480665 0.671554 0.632948 0.546475 0.658116 -0.480665 0.671554 0.633415 0.545983 0.669257 -0.505830 0.670577 
0.631570 0.547859 0.658116 -0.480665 0.671554 0.632013 0.547398 0.658116 -0.480665 0.672532 0.632480 0.546937 0.658116 -0.480665 0.671554 0.632948 0.546475 0.658116 -0.480665 0.671554 0.633415 0.545983 0.669257 -0.505830 0.670577 0.633883 0.545506 0.646324 -0.501398 0.671554 
0.632013 0.547398 0.658116 -0.480665 0.672532 0.632480 0.546937 0.658116 -0.480665 0.671554 0.632948 0.546475 0.658116 -0.480665 0.671554 0.633415 0.545983 0.669257 -0.505830 0.670577 0.633883 0.545506 0.646324 -0.501398 0.671554 0.634350 0.544983 0.646324 -0.501398 0.672532 
0.632480 0.546937 0.658116 -0.480665 0.671554 0.632948 0.546475 0.658116 -0.480665 0.671554 0.633415 0.545983 0.669257 -0.505830 0.670577 0.633883 0.545506 0.646324 -0.501398 0.671554 0.634350 0.544983 0.646324 -0.501398 0.672532 0.634818 0.544445 0.646324 -0.501398 0.669599 
0.632948 0.546475 0.658116 -0.480665 0.671554 0.633415 0.545983 0.669257 -0.505830 0.670577 0.633883 0.545506 0.646324 -0.501398 0.671554 0.634350 0.544983 0.646324 -0.501398 0.672532 0.634818 0.544445 0.646324 -0.501398 0.669599 0.635335 0.543907 0.646324 -0.501398 0.670577 
0.633415 0.545983 0.669257 -0.505830 0.670577 0.633883 0.545506 0.646324 -0.501398 0.671554 0.634350 0.544983 0.646324 -0.501398 0.672532 0.634818 0.544445 0.646324 -0.501398 0.669599 0.635335 0.543907 0.646324 -0.501398 0.670577 0.635851 0.543322 0.646324 -0.501398 0.667644 
0.633883 0.545506 0.646324 -0.501398 0.671554 0.634350 0.544983 0.646324 -0.501398 0.672532 0.634818 0.544445 0.646324 -0.501398 0.669599 0.635335 0.543907 0.646324 -0.501398 0.670577 0.635851 0.543322 0.646324 -0.501398 0.667644 0.636417 0.542707 0.646324 -0.501398 0.665689 
0.634350 0.544983 0.646324 -0.501398 0.672532 0.634818 0.544445 0.646324 -0.501398 0.669599 0.635335 0.543907 0.646324 -0.501398 0.670577 0.635851 0.543322 0.646324 -0.501398 0.667644 0.636417 0.542707 0.646324 -0.501398 0.665689 0.637033 0.542077 0.646324 -0.501398 0.666667 
0.634818 0.544445 0.646324 -0.501398 0.669599 0.635335 0.543907 0.646324 -0.501398 0.670577 0.635851 0.543322 0.646324 -0.501398 0.667644 0.636417 0.542707 0.646324 -0.501398 0.665689 0.637033 0.542077 0.646324 -0.501398 0.666667 0.637672 0.541431 0.646324 -0.501398 0.661779 
0.635335 0.543907 0.646324 -0.501398 0.670577 0.635851 0.543322 0.646324 -0.501398 0.667644 0.636417 0.542707 0.646324 -0.501398 0.665689 0.637033 0.542077 0.646324 -0.501398 0.666667 0.637672 0.541431 0.646324 -0.501398 0.661779 0.638312 0.540739 0.623427 -0.496585 0.667644 
0.635851 0.543322 0.646324 -0.501398 0.667644 0.636417 0.542707 0.646324 -0.501398 0.665689 0.637033 0.542077 0.646324 -0.501398 0.666667 0.637672 0.541431 0.646324 -0.501398 0.661779 0.638312 0.540739 0.623427 -0.496585 0.667644 0.639050 0.540031 0.623427 -0.496585 0.664712 
0.636417 0.542707 0.646324 -0.501398 0.665689 0.637033 0.542077 0.646324 -0.501398 0.666667 0.637672 0.541431 0.646324 -0.501398 0.661779 0.638312 0.540739 0.623427 -0.496585 0.667644 0.639050 0.540031 0.623427 -0.496585 0.664712 0.639739 0.539324 0.633723 -0.521168 0.665689 
0.637033 0.542077 0.646324 -0.501398 0.666667 0.637672 0.541431 0.646324 -0.501398 0.661779 0.638312 0.540739 0.623427 -0.496585 0.667644 0.639050 0.540031 0.623427 -0.496585 0.664712 0.639739 0.539324 0.633723 -0.521168 0.665689 0.640428 0.538632 0.633723 -0.521168 0.671554 
0.637672 0.541431 0.646324 -0.501398 0.661779 0.638312 0.540739 0.623427 -0.496585 0.667644 0.639050 0.540031 0.623427 -0.496585 0.664712 0.639739 0.539324 0.633723 -0.521168 0.665689 0.640428 0.538632 0.633723 -0.521168 0.671554 0.641117 0.538017 0.633723 -0.521168 0.672532 
0.638312 0.540739 0.623427 -0.496585 0.667644 0.639050 0.540031 0.623427 -0.496585 0.664712 0.639739 0.539324 0.633723 -0.521168 0.665689 0.640428 0.538632 0.633723 -0.521168 0.671554 0.641117 0.538017 0.633723 -0.521168 0.672532 0.641732 0.537417 0.633723 -0.521168 0.674487 
0.639050 0.540031 0.623427 -0.496585 0.664712 0.639739 0.539324 0.633723 -0.521168 0.665689 0.640428 0.538632 0.633723 -0.521168 0.671554 0.641117 0.538017 0.633723 -0.521168 0.672532 0.641732 0.537417 0.633723 -0.521168 0.674487 0.642347 0.536848 0.633723 -0.521168 0.670577 
0.639739 0.539324 0.633723 -0.521168 0.665689 0.640428 0.538632 0.633723 -0.521168 0.671554 0.641117 0.538017 0.633723 -0.521168 0.672532 0.641732 0.537417 0.633723 -0.521168 0.674487 0.642347 0.536848 0.633723 -0.521168 0.670577 0.642987 0.536294 0.633723 -0.521168 0.673509 
0.640428 0.538632 0.633723 -0.521168 0.671554 0.641117 0.538017 0.633723 -0.521168 0.672532 0.641732 0.537417 0.633723 -0.521168 0.674487 0.642347 0.536848 0.633723 -0.521168 0.670577 0.642987 0.536294 0.633723 -0.521168 0.673509 0.643602 0.535771 0.603813 -0.524662 0.670577 
0.641117 0.538017 0.633723 -0.521168 0.672532 0.641732 0.537417 0.633723 -0.521168 0.674487 0.642347 0.536848 0.633723 -0.521168 0.670577 0.642987 0.536294 0.633723 -0.521168 0.673509 0.643602 0.535771 0.603813 -0.524662 0.670577 0.644168 0.535310 0.603813 -0.524662 0.673509 
0.641732 0.537417 0.633723 -0.521168 0.674487 0.642347 0.536848 0.633723 -0.521168 0.670577 0.642987 0.536294 0.633723 -0.521168 0.673509 0.643602 0.535771 0.603813 -0.524662 0.670577 0.644168 0.535310 0.603813 -0.524662 0.673509 0.644734 0.534879 0.603813 -0.524662 0.678397 
0.642347 0.536848 0.633723 -0.521168 0.670577 0.642987 0.536294 0.633723 -0.521168 0.673509 0.643602 0.535771 0.603813 -0.524662 0.670577 0.644168 0.535310 0.603813 -0.524662 0.673509 0.644734 0.534879 0.603813 -0.524662 0.678397 0.645325 0.534433 0.603813 -0.524662 0.677419 
0.642987 0.536294 0.633723 -0.521168 0.673509 0.643602 0.535771 0.603813 -0.524662 0.670577 0.644168 0.535310 0.603813 -0.524662 0.673509 0.644734 0.534879 0.603813 -0.524662 0.678397 0.645325 0.534433 0.603813 -0.524662 0.677419 0.645915 0.533972 0.603813 -0.524662 0.679374 
0.643602 0.535771 0.603813 -0.524662 0.670577 0.644168 0.535310 0.603813 -0.524662 0.673509 0.644734 0.534879 0.603813 -0.524662 0.678397 0.645325 0.534433 0.603813 -0.524662 0.677419 0.645915 0.533972 0.603813 -0.524662 0.679374 0.646530 0.533511 0.613257 -0.549040 0.682307 
0.644168 0.535310 0.603813 -0.524662 0.673509 0.644734 0.534879 0.603813 -0.524662 0.678397 0.645325 0.534433 0.603813 -0.524662 0.677419 0.645915 0.533972 0.603813 -0.524662 0.679374 0.646530 0.533511 0.613257 -0.549040 0.682307 0.647195 0.533065 0.613257 -0.549040 0.687195 
0.644734 0.534879 0.603813 -0.524662 0.678397 0.645325 0.534433 0.603813 -0.524662 0.677419 0.645915 0.533972 0.603813 -0.524662 0.679374 0.646530 0.533511 0.613257 -0.549040 0.682307 0.647195 0.533065 0.613257 -0.549040 0.687195 0.647785 0.532665 0.589706 -0.542247 0.688172 
0.645325 0.534433 0.603813 -0.524662 0.677419 0.645915 0.533972 0.603813 -0.524662 0.679374 0.646530 0.533511 0.613257 -0.549040 0.682307 0.647195 0.533065 0.613257 -0.549040 0.687195 0.647785 0.532665 0.589706 -0.542247 0.688172 0.648376 0.532280 0.589706 -0.542247 0.688172 
0.645915 0.533972 0.603813 -0.524662 0.679374 0.646530 0.533511 0.613257 -0.549040 0.682307 0.647195 0.533065 0.613257 -0.549040 0.687195 0.647785 0.532665 0.589706 -0.542247 0.688172 0.648376 0.532280 0.589706 -0.542247 0.688172 0.648917 0.531927 0.589706 -0.542247 0.693060 
0.646530 0.533511 0.613257 -0.549040 0.682307 0.647195 0.533065 0.613257 -0.549040 0.687195 0.647785 0.532665 0.589706 -0.542247 0.688172 0.648376 0.532280 0.589706 -0.542247 0.688172 0.648917 0.531927 0.589706 -0.542247 0.693060 0.649434 0.531588 0.589706 -0.542247 0.693060 
0.647195 0.533065 0.613257 -0.549040 0.687195 0.647785 0.532665 0.589706 -0.542247 0.688172 0.648376 0.532280 0.589706 -0.542247 0.688172 0.648917 0.531927 0.589706 -0.542247 0.693060 0.649434 0.531588 0.589706 -0.542247 0.693060 0.649926 0.531281 0.589706 -0.542247 0.695015 
0.647785 0.532665 0.589706 -0.542247 0.688172 0.648376 0.532280 0.589706 -0.542247 0.688172 0.648917 0.531927 0.589706 -0.542247 0.693060 0.649434 0.531588 0.589706 -0.542247 0.693060 0.649926 0.531281 0.589706 -0.542247 0.695015 0.650369 0.531004 0.582337 -0.550704 0.696970 
0.648376 0.532280 0.589706 -0.542247 0.688172 0.648917 0.531927 0.589706 -0.542247 0.693060 0.649434 0.531588 0.589706 -0.542247 0.693060 0.649926 0.531281 0.589706 -0.542247 0.695015 0.650369 0.531004 0.582337 -0.550704 0.696970 0.650787 0.530789 0.582337 -0.550704 0.697947 
0.648917 0.531927 0.589706 -0.542247 0.693060 0.649434 0.531588 0.589706 -0.542247 0.693060 0.649926 0.531281 0.589706 -0.542247 0.695015 0.650369 0.531004 0.582337 -0.550704 0.696970 0.650787 0.530789 0.582337 -0.550704 0.697947 0.651083 0.530589 0.582337 -0.550704 0.697947 
0.649434 0.531588 0.589706 -0.542247 0.693060 0.649926 0.531281 0.589706 -0.542247 0.695015 0.650369 0.531004 0.582337 -0.550704 0.696970 0.650787 0.530789 0.582337 -0.550704 0.697947 0.651083 0.530589 0.582337 -0.550704 0.697947 0.651378 0.530420 0.582337 -0.550704 0.698925 
0.649926 0.531281 0.589706 -0.542247 0.695015 0.650369 0.531004 0.582337 -0.550704 0.696970 0.650787 0.530789 0.582337 -0.550704 0.697947 0.651083 0.530589 0.582337 -0.550704 0.697947 0.651378 0.530420 0.582337 -0.550704 0.698925 0.651649 0.530266 0.582337 -0.550704 0.698925 
0.650369 0.531004 0.582337 -0.550704 0.696970 0.650787 0.530789 0.582337 -0.550704 0.697947 0.651083 0.530589 0.582337 -0.550704 0.697947 0.651378 0.530420 0.582337 -0.550704 0.698925 0.651649 0.530266 0.582337 -0.550704 0.698925 0.651944 0.530097 0.582337 -0.550704 0.700880 
0.650787 0.530789 0.582337 -0.550704 0.697947 0.651083 0.530589 0.582337 -0.550704 0.697947 0.651378 0.530420 0.582337 -0.550704 0.698925 0.651649 0.530266 0.582337 -0.550704 0.698925 0.651944 0.530097 0.582337 -0.550704 0.700880 0.652215 0.529943 0.582337 -0.550704 0.701857 
0.651083 0.530589 0.582337 -0.550704 0.697947 0.651378 0.530420 0.582337 -0.550704 0.698925 0.651649 0.530266 0.582337 -0.550704 0.698925 0.651944 0.530097 0.582337 -0.550704 0.700880 0.652215 0.529943 0.582337 -0.550704 0.701857 0.652485 0.529820 0.582337 -0.550704 0.704790 
0.651378 0.530420 0.582337 -0.550704 0.698925 0.651649 0.530266 0.582337 -0.550704 0.698925 0.651944 0.530097 0.582337 -0.550704 0.700880 0.652215 0.529943 0.582337 -0.550704 0.701857 0.652485 0.529820 0.582337 -0.550704 0.704790 0.652756 0.529681 0.574754 -0.558940 0.705767 
0.651649 0.530266 0.582337 -0.550704 0.698925 0.651944 0.530097 0.582337 -0.550704 0.700880 0.652215 0.529943 0.582337 -0.550704 0.701857 0.652485 0.529820 0.582337 -0.550704 0.704790 0.652756 0.529681 0.574754 -0.558940 0.705767 0.652977 0.529574 0.574754 -0.558940 0.707722 
0.651944 0.530097 0.582337 -0.550704 0.700880 0.652215 0.529943 0.582337 -0.550704 0.701857 0.652485 0.529820 0.582337 -0.550704 0.704790 0.652756 0.529681 0.574754 -0.558940 0.705767 0.652977 0.529574 0.574754 -0.558940 0.707722 0.653199 0.529466 0.574754 -0.558940 0.706745 
0.652215 0.529943 0.582337 -0.550704 0.701857 0.652485 0.529820 0.582337 -0.550704 0.704790 0.652756 0.529681 0.574754 -0.558940 0.705767 0.652977 0.529574 0.574754 -0.558940 0.707722 0.653199 0.529466 0.574754 -0.558940 0.706745 0.653396 0.529389 0.574754 -0.558940 0.708700 
0.652485 0.529820 0.582337 -0.550704 0.704790 0.652756 0.529681 0.574754 -0.558940 0.705767 0.652977 0.529574 0.574754 -0.558940 0.707722 0.653199 0.529466 0.574754 -0.558940 0.706745 0.653396 0.529389 0.574754 -0.558940 0.708700 0.653568 0.529312 0.574754 -0.558940 0.710655 
0.652756 0.529681 0.574754 -0.558940 0.705767 0.652977 0.529574 0.574754 -0.558940 0.707722 0.653199 0.529466 0.574754 -0.558940 0.706745 0.653396 0.529389 0.574754 -0.558940 0.708700 0.653568 0.529312 0.574754 -0.558940 0.710655 0.653691 0.529251 0.574754 -0.558940 0.712610 
0.652977 0.529574 0.574754 -0.558940 0.707722 0.653199 0.529466 0.574754 -0.558940 0.706745 0.653396 0.529389 0.574754 -0.558940 0.708700 0.653568 0.529312 0.574754 -0.558940 0.710655 0.653691 0.529251 0.574754 -0.558940 0.712610 0.653789 0.529205 0.574754 -0.558940 0.714565 
0.653199 0.529466 0.574754 -0.558940 0.706745 0.653396 0.529389 0.574754 -0.558940 0.708700 0.653568 0.529312 0.574754 -0.558940 0.710655 0.653691 0.529251 0.574754 -0.558940 0.712610 0.653789 0.529205 0.574754 -0.558940 0.714565 0.653839 0.529174 0.574754 -0.558940 0.717498 
0.653396 0.529389 0.574754 -0.558940 0.708700 0.653568 0.529312 0.574754 -0.558940 0.710655 0.653691 0.529251 0.574754 -0.558940 0.712610 0.653789 0.529205 0.574754 -0.558940 0.714565 0.653839 0.529174 0.574754 -0.558940 0.717498 0.653839 0.529158 0.574754 -0.558940 0.717498 
0.653568 0.529312 0.574754 -0.558940 0.710655 0.653691 0.529251 0.574754 -0.558940 0.712610 0.653789 0.529205 0.574754 -0.558940 0.714565 0.653839 0.529174 0.574754 -0.558940 0.717498 0.653839 0.529158 0.574754 -0.558940 0.717498 0.653863 0.529143 0.574754 -0.558940 0.719453 
0.653691 0.529251 0.574754 -0.558940 0.712610 0.653789 0.529205 0.574754 -0.558940 0.714565 0.653839 0.529174 0.574754 -0.558940 0.717498 0.653839 0.529158 0.574754 -0.558940 0.717498 0.653863 0.529143 0.574754 -0.558940 0.719453 0.653863 0.529128 0.574754 -0.558940 0.720430 
0.653789 0.529205 0.574754 -0.558940 0.714565 0.653839 0.529174 0.574754 -0.558940 0.717498 0.653839 0.529158 0.574754 -0.558940 0.717498 0.653863 0.529143 0.574754 -0.558940 0.719453 0.653863 0.529128 0.574754 -0.558940 0.720430 0.653888 0.529128 0.589706 -0.542247 0.764418 
0.653839 0.529174 0.574754 -0.558940 0.717498 0.653839 0.529158 0.574754 -0.558940 0.717498 0.653863 0.529143 0.574754 -0.558940 0.719453 0.653863 0.529128 0.574754 -0.558940 0.720430 0.653888 0.529128 0.589706 -0.542247 0.764418 0.653937 0.529128 0.589706 -0.542247 0.767351 
0.653839 0.529158 0.574754 -0.558940 0.717498 0.653863 0.529143 0.574754 -0.558940 0.719453 0.653863 0.529128 0.574754 -0.558940 0.720430 0.653888 0.529128 0.589706 -0.542247 0.764418 0.653937 0.529128 0.589706 -0.542247 0.767351 0.653937 0.529158 0.574754 -0.558940 0.680352 
0.653863 0.529143 0.574754 -0.558940 0.719453 0.653863 0.529128 0.574754 -0.558940 0.720430 0.653888 0.529128 0.589706 -0.542247 0.764418 0.653937 0.529128 0.589706 -0.542247 0.767351 0.653937 0.529158 0.574754 -0.558940 0.680352 0.653937 0.529174 0.574754 -0.558940 0.655914 
0.653863 0.529128 0.574754 -0.558940 0.720430 0.653888 0.529128 0.589706 -0.542247 0.764418 0.653937 0.529128 0.589706 -0.542247 0.767351 0.653937 0.529158 0.574754 -0.558940 0.680352 0.653937 0.529174 0.574754 -0.558940 0.655914 0.653986 0.529205 0.574754 -0.558940 0.619746 
0.653888 0.529128 0.589706 -0.542247 0.764418 0.653937 0.529128 0.589706 -0.542247 0.767351 0.653937 0.529158 0.574754 -0.558940 0.680352 0.653937 0.529174 0.574754 -0.558940 0.655914 0.653986 0.529205 0.574754 -0.558940 0.619746 0.654232 0.529205 0.574754 -0.558940 0.564027 
0.653937 0.529128 0.589706 -0.542247 0.767351 0.653937 0.529158 0.574754 -0.558940 0.680352 0.653937 0.529174 0.574754 -0.558940 0.655914 0.653986 0.529205 0.574754 -0.558940 0.619746 0.654232 0.529205 0.574754 -0.558940 0.564027 0.654749 0.529205 0.574754 -0.558940 0.483871 
0.653937 0.529158 0.574754 -0.558940 0.680352 0.653937 0.529174 0.574754 -0.558940 0.655914 0.653986 0.529205 0.574754 -0.558940 0.619746 0.654232 0.529205 0.574754 -0.558940 0.564027 0.654749 0.529205 0.574754 -0.558940 0.483871 0.655610 0.529205 0.574754 -0.558940 0.323558 
0.653937 0.529174 0.574754 -0.558940 0.655914 0.653986 0.529205 0.574754 -0.558940 0.619746 0.654232 0.529205 0.574754 -0.558940 0.564027 0.654749 0.529205 0.574754 -0.558940 0.483871 0.655610 0.529205 0.574754 -0.558940 0.323558 0.656816 0.529205 0.574754 -0.558940 0.077224 
0.653986 0.529205 0.574754 -0.558940 0.619746 0.654232 0.529205 0.574754 -0.558940 0.564027 0.654749 0.529205 0.574754 -0.558940 0.483871 0.655610 0.529205 0.574754 -0.558940 0.323558 0.656816 0.529205 0.574754 -0.558940 0.077224 0.660089 0.529205 0.582946 -0.582946 0.000000 
0.654232 0.529205 0.574754 -0.558940 0.564027 0.654749 0.529205 0.574754 -0.558940 0.483871 0.655610 0.529205 0.574754 -0.558940 0.323558 0.656816 0.529205 0.574754 -0.558940 0.077224 0.660089 0.529205 0.582946 -0.582946 0.000000 0.662229 0.529205 0.582946 -0.582946 0.000000 
0.654749 0.529205 0.574754 -0.558940 0.483871 0.655610 0.529205 0.574754 -0.558940 0.323558 0.656816 0.529205 0.574754 -0.558940 0.077224 0.660089 0.529205 0.582946 -0.582946 0.000000 0.662229 0.529205 0.582946 -0.582946 0.000000 0.664518 0.529205 0.582946 -0.582946 0.000000 
0.655610 0.529205 0.574754 -0.558940 0.323558 0.656816 0.529205 0.574754 -0.558940 0.077224 0.660089 0.529205 0.582946 -0.582946 0.000000 0.662229 0.529205 0.582946 -0.582946 0.000000 0.664518 0.529205 0.582946 -0.582946 0.000000 0.667151 0.529297 0.551143 -0.551143 0.000000 
0.656816 0.529205 0.574754 -0.558940 0.077224 0.660089 0.529205 0.582946 -0.582946 0.000000 0.662229 0.529205 0.582946 -0.582946 0.000000 0.664518 0.529205 0.582946 -0.582946 0.000000 0.667151 0.529297 0.551143 -0.551143 0.000000 0.669660 0.529620 0.543251 -0.558824 0.000000 
0.660089 0.529205 0.582946 -0.582946 0.000000 0.662229 0.529205 0.582946 -0.582946 0.000000 0.664518 0.529205 0.582946 -0.582946 0.000000 0.667151 0.529297 0.551143 -0.551143 0.000000 0.669660 0.529620 0.543251 -0.558824 0.000000 0.671826 0.530020 0.512407 -0.527460 0.000000 
0.662229 0.529205 0.582946 -0.582946 0.000000 0.664518 0.529205 0.582946 -0.582946 0.000000 0.667151 0.529297 0.551143 -0.551143 0.000000 0.669660 0.529620 0.543251 -0.558824 0.000000 0.671826 0.530020 0.512407 -0.527460 0.000000 0.671826 0.530435 0.467400 -0.481588 0.000000 
0.664518 0.529205 0.582946 -0.582946 0.000000 0.667151 0.529297 0.551143 -0.551143 0.000000 0.669660 0.529620 0.543251 -0.558824 0.000000 0.671826 0.530020 0.512407 -0.527460 0.000000 0.671826 0.530435 0.467400 -0.481588 0.000000 0.674016 0.530481 0.423782 -0.437020 0.000000 
0.667151 0.529297 0.551143 -0.551143 0.000000 0.669660 0.529620 0.543251 -0.558824 0.000000 0.671826 0.530020 0.512407 -0.527460 0.000000 0.671826 0.530435 0.467400 -0.481588 0.000000 0.674016 0.530481 0.423782 -0.437020 0.000000 0.676009 0.530589 0.367557 -0.379417 0.000000 
0.669660 0.529620 0.543251 -0.558824 0.000000 0.671826 0.530020 0.512407 -0.527460 0.000000 0.671826 0.530435 0.467400 -0.481588 0.000000 0.674016 0.530481 0.423782 -0.437020 0.000000 0.676009 0.530589 0.367557 -0.379417 0.000000 0.675443 0.531081 0.302448 -0.333584 0.000000 
0.671826 0.530020 0.512407 -0.527460 0.000000 0.671826 0.530435 0.467400 -0.481588 0.000000 0.674016 0.530481 0.423782 -0.437020 0.000000 0.676009 0.530589 0.367557 -0.379417 0.000000 0.675443 0.531081 0.302448 -0.333584 0.000000 0.675443 0.531681 0.222170 -0.254244 0.000000 
0.671826 0.530435 0.467400 -0.481588 0.000000 0.674016 0.530481 0.423782 -0.437020 0.000000 0.676009 0.530589 0.367557 -0.379417 0.000000 0.675443 0.531081 0.302448 -0.333584 0.000000 0.675443 0.531681 0.222170 -0.254244 0.000000 0.655832 0.533849 -0.034907 0.000000 0.000000 
0.674016 0.530481 0.423782 -0.437020 0.000000 0.676009 0.530589 0.367557 -0.379417 0.000000 0.675443 0.531081 0.302448 -0.333584 0.000000 0.675443 0.531681 0.222170 -0.254244 0.000000 0.655832 0.533849 -0.034907 0.000000 0.000000 0.625345 0.530666 -0.049405 0.049405 0.000000 
0.657776 0.493587 0.205895 -0.243946 0.000000 0.659277 0.494694 0.222170 -0.254244 0.000000 0.660753 0.495878 0.246707 -0.281986 0.000000 0.662057 0.497047 0.259107 -0.295967 0.000000 0.663164 0.498231 0.271599 -0.310025 0.000000 0.663164 0.499416 0.302448 -0.333584 0.000000 
0.659277 0.494694 0.222170 -0.254244 0.000000 0.660753 0.495878 0.246707 -0.281986 0.000000 0.662057 0.497047 0.259107 -0.295967 0.000000 0.663164 0.498231 0.271599 -0.310025 0.000000 0.663164 0.499416 0.302448 -0.333584 0.000000 0.662894 0.500569 0.307907 -0.328667 0.000000 
0.660753 0.495878 0.246707 -0.281986 0.000000 0.662057 0.497047 0.259107 -0.295967 0.000000 0.663164 0.498231 0.271599 -0.310025 0.000000 0.663164 0.499416 0.302448 -0.333584 0.000000 0.662894 0.500569 0.307907 -0.328667 0.000000 0.662475 0.501692 0.315459 -0.347728 0.000000 
0.662057 0.497047 0.259107 -0.295967 0.000000 0.663164 0.498231 0.271599 -0.310025 0.000000 0.663164 0.499416 0.302448 -0.333584 0.000000 0.662894 0.500569 0.307907 -0.328667 0.000000 0.662475 0.501692 0.315459 -0.347728 0.000000 0.662082 0.502799 0.334442 -0.356703 0.000000 
0.663164 0.498231 0.271599 -0.310025 0.000000 0.663164 0.499416 0.302448 -0.333584 0.000000 0.662894 0.500569 0.307907 -0.328667 0.000000 0.662475 0.501692 0.315459 -0.347728 0.000000 0.662082 0.502799 0.334442 -0.356703 0.000000 0.661614 0.503860 0.345811 -0.345811 0.000000 
0.663164 0.499416 0.302448 -0.333584 0.000000 0.662894 0.500569 0.307907 -0.328667 0.000000 0.662475 0.501692 0.315459 -0.347728 0.000000 0.662082 0.502799 0.334442 -0.356703 0.000000 0.661614 0.503860 0.345811 -0.345811 0.000000 0.662500 0.504860 0.345811 -0.345811 0.000000 
0.662894 0.500569 0.307907 -0.328667 0.000000 0.662475 0.501692 0.315459 -0.347728 0.000000 0.662082 0.502799 0.334442 -0.356703 0.000000 0.661614 0.503860 0.345811 -0.345811 0.000000 0.662500 0.504860 0.345811 -0.345811 0.000000 0.662500 0.505813 0.359625 -0.359625 0.000000 
0.662475 0.501692 0.315459 -0.347728 0.000000 0.662082 0.502799 0.334442 -0.356703 0.000000 0.661614 0.503860 0.345811 -0.345811 0.000000 0.662500 0.504860 0.345811 -0.345811 0.000000 0.662500 0.505813 0.359625 -0.359625 0.000000 0.663140 0.506705 0.359625 -0.359625 0.000000 
0.662082 0.502799 0.334442 -0.356703 0.000000 0.661614 0.503860 0.345811 -0.345811 0.000000 0.662500 0.504860 0.345811 -0.345811 0.000000 0.662500 0.505813 0.359625 -0.359625 0.000000 0.663140 0.506705 0.359625 -0.359625 0.000000 0.663140 0.507520 0.379417 -0.367557 0.000000 
0.661614 0.503860 0.345811 -0.345811 0.000000 0.662500 0.504860 0.345811 -0.345811 0.000000 0.662500 0.505813 0.359625 -0.359625 0.000000 0.663140 0.506705 0.359625 -0.359625 0.000000 0.663140 0.507520 0.379417 -0.367557 0.000000 0.663140 0.508243 0.405300 -0.368660 0.000000 
0.662500 0.504860 0.345811 -0.345811 0.000000 0.662500 0.505813 0.359625 -0.359625 0.000000 0.663140 0.506705 0.359625 -0.359625 0.000000 0.663140 0.507520 0.379417 -0.367557 0.000000 0.663140 0.508243 0.405300 -0.368660 0.000000 0.663140 0.508843 0.405300 -0.368660 0.000000 
0.662500 0.505813 0.359625 -0.359625 0.000000 0.663140 0.506705 0.359625 -0.359625 0.000000 0.663140 0.507520 0.379417 -0.367557 0.000000 0.663140 0.508243 0.405300 -0.368660 0.000000 0.663140 0.508843 0.405300 -0.368660 0.000000 0.663386 0.508766 0.436865 -0.361515 0.000000 
0.663140 0.506705 0.359625 -0.359625 0.000000 0.663140 0.507520 0.379417 -0.367557 0.000000 0.663140 0.508243 0.405300 -0.368660 0.000000 0.663140 0.508843 0.405300 -0.368660 0.000000 0.663386 0.508766 0.436865 -0.361515 0.000000 0.663804 0.508535 0.440666 -0.389055 0.000000 
0.663140 0.507520 0.379417 -0.367557 0.000000 0.663140 0.508243 0.405300 -0.368660 0.000000 0.663140 0.508843 0.405300 -0.368660 0.000000 0.663386 0.508766 0.436865 -0.361515 0.000000 0.663804 0.508535 0.440666 -0.389055 0.000000 0.663804 0.508289 0.446445 -0.381935 0.000000 
0.663140 0.508243 0.405300 -0.368660 0.000000 0.663140 0.508843 0.405300 -0.368660 0.000000 0.663386 0.508766 0.436865 -0.361515 0.000000 0.663804 0.508535 0.440666 -0.389055 0.000000 0.663804 0.508289 0.446445 -0.381935 0.000000 0.663804 0.508028 0.446445 -0.381935 0.000000 
0.663140 0.508843 0.405300 -0.368660 0.000000 0.663386 0.508766 0.436865 -0.361515 0.000000 0.663804 0.508535 0.440666 -0.389055 0.000000 0.663804 0.508289 0.446445 -0.381935 0.000000 0.663804 0.508028 0.446445 -0.381935 0.000000 0.663804 0.508566 0.476921 -0.409103 0.000000 
0.663386 0.508766 0.436865 -0.361515 0.000000 0.663804 0.508535 0.440666 -0.389055 0.000000 0.663804 0.508289 0.446445 -0.381935 0.000000 0.663804 0.508028 0.446445 -0.381935 0.000000 0.663804 0.508566 0.476921 -0.409103 0.000000 0.663583 0.509120 0.492334 -0.422924 0.000000 
0.663804 0.508535 0.440666 -0.389055 0.000000 0.663804 0.508289 0.446445 -0.381935 0.000000 0.663804 0.508028 0.446445 -0.381935 0.000000 0.663804 0.508566 0.476921 -0.409103 0.000000 0.663583 0.509120 0.492334 -0.422924 0.000000 0.663091 0.509458 0.498351 -0.415055 0.000000 
0.663804 0.508289 0.446445 -0.381935 0.000000 0.663804 0.508028 0.446445 -0.381935 0.000000 0.663804 0.508566 0.476921 -0.409103 0.000000 0.663583 0.509120 0.492334 -0.422924 0.000000 0.663091 0.509458 0.498351 -0.415055 0.000000 0.662894 0.509566 0.507869 -0.436911 0.000000 
0.663804 0.508028 0.446445 -0.381935 0.000000 0.663804 0.508566 0.476921 -0.409103 0.000000 0.663583 0.509120 0.492334 -0.422924 0.000000 0.663091 0.509458 0.498351 -0.415055 0.000000 0.662894 0.509566 0.507869 -0.436911 0.000000 0.662525 0.509566 0.523528 -0.451070 0.000000 
0.663804 0.508566 0.476921 -0.409103 0.000000 0.663583 0.509120 0.492334 -0.422924 0.000000 0.663091 0.509458 0.498351 -0.415055 0.000000 0.662894 0.509566 0.507869 -0.436911 0.000000 0.662525 0.509566 0.523528 -0.451070 0.000000 0.661909 0.509473 0.539315 -0.465407 0.000000 
0.663583 0.509120 0.492334 -0.422924 0.000000 0.663091 0.509458 0.498351 -0.415055 0.000000 0.662894 0.509566 0.507869 -0.436911 0.000000 0.662525 0.509566 0.523528 -0.451070 0.000000 0.661909 0.509473 0.539315 -0.465407 0.000000 0.661245 0.509012 0.539315 -0.465407 0.000000 
0.663091 0.509458 0.498351 -0.415055 0.000000 0.662894 0.509566 0.507869 -0.436911 0.000000 0.662525 0.509566 0.523528 -0.451070 0.000000 0.661909 0.509473 0.539315 -0.465407 0.000000 0.661245 0.509012 0.539315 -0.465407 0.000000 0.660581 0.508428 0.555234 -0.479928 0.000000 
0.662894 0.509566 0.507869 -0.436911 0.000000 0.662525 0.509566 0.523528 -0.451070 0.000000 0.661909 0.509473 0.539315 -0.465407 0.000000 0.661245 0.509012 0.539315 -0.465407 0.000000 0.660581 0.508428 0.555234 -0.479928 0.000000 0.659818 0.507736 0.571288 -0.494640 0.000000 
0.662525 0.509566 0.523528 -0.451070 0.000000 0.661909 0.509473 0.539315 -0.465407 0.000000 0.661245 0.509012 0.539315 -0.465407 0.000000 0.660581 0.508428 0.555234 -0.479928 0.000000 0.659818 0.507736 0.571288 -0.494640 0.000000 0.658932 0.506982 0.571288 -0.494640 0.000000 
0.661909 0.509473 0.539315 -0.465407 0.000000 0.661245 0.509012 0.539315 -0.465407 0.000000 0.660581 0.508428 0.555234 -0.479928 0.000000 0.659818 0.507736 0.571288 -0.494640 0.000000 0.658932 0.506982 0.571288 -0.494640 0.000000 0.657972 0.506182 0.596864 -0.533567 0.000000 
0.661245 0.509012 0.539315 -0.465407 0.000000 0.660581 0.508428 0.555234 -0.479928 0.000000 0.659818 0.507736 0.571288 -0.494640 0.000000 0.658932 0.506982 0.571288 -0.494640 0.000000 0.657972 0.506182 0.596864 -0.533567 0.000000 0.656939 0.505659 0.596864 -0.533567 0.000000 
0.660581 0.508428 0.555234 -0.479928 0.000000 0.659818 0.507736 0.571288 -0.494640 0.000000 0.658932 0.506982 0.571288 -0.494640 0.000000 0.657972 0.506182 0.596864 -0.533567 0.000000 0.656939 0.505659 0.596864 -0.533567 0.000000 0.655807 0.505137 0.613257 -0.549040 0.000000 
0.659818 0.507736 0.571288 -0.494640 0.000000 0.658932 0.506982 0.571288 -0.494640 0.000000 0.657972 0.506182 0.596864 -0.533567 0.000000 0.656939 0.505659 0.596864 -0.533567 0.000000 0.655807 0.505137 0.613257 -0.549040 0.000000 0.654528 0.504644 0.613257 -0.549040 0.000000 
0.658932 0.506982 0.571288 -0.494640 0.000000 0.657972 0.506182 0.596864 -0.533567 0.000000 0.656939 0.505659 0.596864 -0.533567 0.000000 0.655807 0.505137 0.613257 -0.549040 0.000000 0.654528 0.504644 0.613257 -0.549040 0.000000 0.653051 0.504168 0.613257 -0.549040 0.000000 
0.657972 0.506182 0.596864 -0.533567 0.000000 0.656939 0.505659 0.596864 -0.533567 0.000000 0.655807 0.505137 0.613257 -0.549040 0.000000 0.654528 0.504644 0.613257 -0.549040 0.000000 0.653051 0.504168 0.613257 -0.549040 0.000000 0.651378 0.503722 0.613257 -0.549040 0.000000 
0.656939 0.505659 0.596864 -0.533567 0.000000 0.655807 0.505137 0.613257 -0.549040 0.000000 0.654528 0.504644 0.613257 -0.549040 0.000000 0.653051 0.504168 0.613257 -0.549040 0.000000 0.651378 0.503722 0.613257 -0.549040 0.000000 0.649631 0.503291 0.613257 -0.549040 0.000000 
0.655807 0.505137 0.613257 -0.549040 0.000000 0.654528 0.504644 0.613257 -0.549040 0.000000 0.653051 0.504168 0.613257 -0.549040 0.000000 0.651378 0.503722 0.613257 -0.549040 0.000000 0.649631 0.503291 0.613257 -0.549040 0.000000 0.648031 0.502907 0.589706 -0.542247 0.000000 
0.654528 0.504644 0.613257 -0.549040 0.000000 0.653051 0.504168 0.613257 -0.549040 0.000000 0.651378 0.503722 0.613257 -0.549040 0.000000 0.649631 0.503291 0.613257 -0.549040 0.000000 0.648031 0.502907 0.589706 -0.542247 0.000000 0.646973 0.502553 0.582337 -0.550704 0.000000 
0.653051 0.504168 0.613257 -0.549040 0.000000 0.651378 0.503722 0.613257 -0.549040 0.000000 0.649631 0.503291 0.613257 -0.549040 0.000000 0.648031 0.502907 0.589706 -0.542247 0.000000 0.646973 0.502553 0.582337 -0.550704 0.000000 0.645965 0.502553 0.582337 -0.550704 0.000000 
0.651378 0.503722 0.613257 -0.549040 0.000000 0.649631 0.503291 0.613257 -0.549040 0.000000 0.648031 0.502907 0.589706 -0.542247 0.000000 0.646973 0.502553 0.582337 -0.550704 0.000000 0.645965 0.502553 0.582337 -0.550704 0.000000 0.645030 0.502076 0.550417 -0.519776 0.000000 
0.649631 0.503291 0.613257 -0.549040 0.000000 0.648031 0.502907 0.589706 -0.542247 0.000000 0.646973 0.502553 0.582337 -0.550704 0.000000 0.645965 0.502553 0.582337 -0.550704 0.000000 0.645030 0.502076 0.550417 -0.519776 0.000000 0.644144 0.501630 0.543061 -0.527742 0.000000 
0.648031 0.502907 0.589706 -0.542247 0.000000 0.646973 0.502553 0.582337 -0.550704 0.000000 0.645965 0.502553 0.582337 -0.550704 0.000000 0.645030 0.502076 0.550417 -0.519776 0.000000 0.644144 0.501630 0.543061 -0.527742 0.000000 0.643381 0.501630 0.527460 -0.512407 0.000000 
0.646973 0.502553 0.582337 -0.550704 0.000000 0.645965 0.502553 0.582337 -0.550704 0.000000 0.645030 0.502076 0.550417 -0.519776 0.000000 0.644144 0.501630 0.543061 -0.527742 0.000000 0.643381 0.501630 0.527460 -0.512407 0.000000 0.643381 0.501200 0.512017 -0.497242 0.000000 
0.645965 0.502553 0.582337 -0.550704 0.000000 0.645030 0.502076 0.550417 -0.519776 0.000000 0.644144 0.501630 0.543061 -0.527742 0.000000 0.643381 0.501630 0.527460 -0.512407 0.000000 0.643381 0.501200 0.512017 -0.497242 0.000000 0.643479 0.500784 0.452713 -0.466593 0.000000 
0.645030 0.502076 0.550417 -0.519776 0.000000 0.644144 0.501630 0.543061 -0.527742 0.000000 0.643381 0.501630 0.527460 -0.512407 0.000000 0.643381 0.501200 0.512017 -0.497242 0.000000 0.643479 0.500784 0.452713 -0.466593 0.000000 0.643750 0.500384 0.438175 -0.451738 0.000000 
0.644144 0.501630 0.543061 -0.527742 0.000000 0.643381 0.501630 0.527460 -0.512407 0.000000 0.643381 0.501200 0.512017 -0.497242 0.000000 0.643479 0.500784 0.452713 -0.466593 0.000000 0.643750 0.500384 0.438175 -0.451738 0.000000 0.644021 0.499985 0.438175 -0.451738 0.000000 
0.643381 0.501630 0.527460 -0.512407 0.000000 0.643381 0.501200 0.512017 -0.497242 0.000000 0.643479 0.500784 0.452713 -0.466593 0.000000 0.643750 0.500384 0.438175 -0.451738 0.000000 0.644021 0.499985 0.438175 -0.451738 0.000000 0.644021 0.499969 0.423782 -0.437020 0.000000 
0.643381 0.501200 0.512017 -0.497242 0.000000 0.643479 0.500784 0.452713 -0.466593 0.000000 0.643750 0.500384 0.438175 -0.451738 0.000000 0.644021 0.499985 0.438175 -0.451738 0.000000 0.644021 0.499969 0.423782 -0.437020 0.000000 0.643529 0.499523 0.396028 -0.434738 0.000000 
0.643479 0.500784 0.452713 -0.466593 0.000000 0.643750 0.500384 0.438175 -0.451738 0.000000 0.644021 0.499985 0.438175 -0.451738 0.000000 0.644021 0.499969 0.423782 -0.437020 0.000000 0.643529 0.499523 0.396028 -0.434738 0.000000 0.642840 0.499077 0.396028 -0.434738 0.000000 
0.647958 0.497247 0.735601 -0.735601 0.000000 0.648696 0.497478 0.735601 -0.735601 0.000000 0.649582 0.497770 0.735601 -0.735601 0.000000 0.650615 0.498185 0.735601 -0.735601 0.000000 0.651378 0.498754 0.735601 -0.735601 0.000000 0.652141 0.499431 0.735601 -0.735601 0.000000 
0.648696 0.497478 0.735601 -0.735601 0.000000 0.649582 0.497770 0.735601 -0.735601 0.000000 0.650615 0.498185 0.735601 -0.735601 0.000000 0.651378 0.498754 0.735601 -0.735601 0.000000 0.652141 0.499431 0.735601 -0.735601 0.000000 0.652879 0.499969 0.735601 -0.735601 0.000000 
0.649582 0.497770 0.735601 -0.735601 0.000000 0.650615 0.498185 0.735601 -0.735601 0.000000 0.651378 0.498754 0.735601 -0.735601 0.000000 0.652141 0.499431 0.735601 -0.735601 0.000000 0.652879 0.499969 0.735601 -0.735601 0.000000 0.653568 0.500523 0.735601 -0.735601 0.000000 
0.650615 0.498185 0.735601 -0.735601 0.000000 0.651378 0.498754 0.735601 -0.735601 0.000000 0.652141 0.499431 0.735601 -0.735601 0.000000 0.652879 0.499969 0.735601 -0.735601 0.000000 0.653568 0.500523 0.735601 -0.735601 0.000000 0.654232 0.501077 0.735601 -0.735601 0.000000 
0.651378 0.498754 0.735601 -0.735601 0.000000 0.652141 0.499431 0.735601 -0.735601 0.000000 0.652879 0.499969 0.735601 -0.735601 0.000000 0.653568 0.500523 0.735601 -0.735601 0.000000 0.654232 0.501077 0.735601 -0.735601 0.000000 0.654798 0.501646 0.735601 -0.735601 0.000000 
0.652141 0.499431 0.735601 -0.735601 0.000000 0.652879 0.499969 0.735601 -0.735601 0.000000 0.653568 0.500523 0.735601 -0.735601 0.000000 0.654232 0.501077 0.735601 -0.735601 0.000000 0.654798 0.501646 0.735601 -0.735601 0.000000 0.654798 0.502215 0.735601 -0.735601 0.000000 
0.652879 0.499969 0.735601 -0.735601 0.000000 0.653568 0.500523 0.735601 -0.735601 0.000000 0.654232 0.501077 0.735601 -0.735601 0.000000 0.654798 0.501646 0.735601 -0.735601 0.000000 0.654798 0.502215 0.735601 -0.735601 0.000000 0.655487 0.502784 0.726319 -0.709023 0.000000 
0.653568 0.500523 0.735601 -0.735601 0.000000 0.654232 0.501077 0.735601 -0.735601 0.000000 0.654798 0.501646 0.735601 -0.735601 0.000000 0.654798 0.502215 0.735601 -0.735601 0.000000 0.655487 0.502784 0.726319 -0.709023 0.000000 0.655487 0.503368 0.726319 -0.709023 0.000000 
0.654232 0.501077 0.735601 -0.735601 0.000000 0.654798 0.501646 0.735601 -0.735601 0.000000 0.654798 0.502215 0.735601 -0.735601 0.000000 0.655487 0.502784 0.726319 -0.709023 0.000000 0.655487 0.503368 0.726319 -0.709023 0.000000 0.656053 0.503952 0.726319 -0.709023 0.000000 
0.654798 0.501646 0.735601 -0.735601 0.000000 0.654798 0.502215 0.735601 -0.735601 0.000000 0.655487 0.502784 0.726319 -0.709023 0.000000 0.655487 0.503368 0.726319 -0.709023 0.000000 0.656053 0.503952 0.726319 -0.709023 0.000000 0.656201 0.504568 0.726319 -0.709023 0.000000 
0.654798 0.502215 0.735601 -0.735601 0.000000 0.655487 0.502784 0.726319 -0.709023 0.000000 0.655487 0.503368 0.726319 -0.709023 0.000000 0.656053 0.503952 0.726319 -0.709023 0.000000 0.656201 0.504568 0.726319 -0.709023 0.000000 0.656299 0.505229 0.726319 -0.709023 0.000000 
0.655487 0.502784 0.726319 -0.709023 0.000000 0.655487 0.503368 0.726319 -0.709023 0.000000 0.656053 0.503952 0.726319 -0.709023 0.000000 0.656201 0.504568 0.726319 -0.709023 0.000000 0.656299 0.505229 0.726319 -0.709023 0.000000 0.656398 0.505906 0.734551 -0.699947 0.000000 
0.655487 0.503368 0.726319 -0.709023 0.000000 0.656053 0.503952 0.726319 -0.709023 0.000000 0.656201 0.504568 0.726319 -0.709023 0.000000 0.656299 0.505229 0.726319 -0.709023 0.000000 0.656398 0.505906 0.734551 -0.699947 0.000000 0.656496 0.506582 0.742513 -0.690578 0.000000 
0.656053 0.503952 0.726319 -0.709023 0.000000 0.656201 0.504568 0.726319 -0.709023 0.000000 0.656299 0.505229 0.726319 -0.709023 0.000000 0.656398 0.505906 0.734551 -0.699947 0.000000 0.656496 0.506582 0.742513 -0.690578 0.000000 0.656742 0.507243 0.742513 -0.690578 0.000000 
0.656201 0.504568 0.726319 -0.709023 0.000000 0.656299 0.505229 0.726319 -0.709023 0.000000 0.656398 0.505906 0.734551 -0.699947 0.000000 0.656496 0.506582 0.742513 -0.690578 0.000000 0.656742 0.507243 0.742513 -0.690578 0.000000 0.656939 0.507889 0.742513 -0.690578 0.000000 
0.656299 0.505229 0.726319 -0.709023 0.000000 0.656398 0.505906 0.734551 -0.699947 0.000000 0.656496 0.506582 0.742513 -0.690578 0.000000 0.656742 0.507243 0.742513 -0.690578 0.000000 0.656939 0.507889 0.742513 -0.690578 0.000000 0.657087 0.508520 0.742513 -0.690578 0.000000 
0.656398 0.505906 0.734551 -0.699947 0.000000 0.656496 0.506582 0.742513 -0.690578 0.000000 0.656742 0.507243 0.742513 -0.690578 0.000000 0.656939 0.507889 0.742513 -0.690578 0.000000 0.657087 0.508520 0.742513 -0.690578 0.000000 0.657185 0.509120 0.768098 -0.698494 0.000000 
0.656496 0.506582 0.742513 -0.690578 0.000000 0.656742 0.507243 0.742513 -0.690578 0.000000 0.656939 0.507889 0.742513 -0.690578 0.000000 0.657087 0.508520 0.742513 -0.690578 0.000000 0.657185 0.509120 0.768098 -0.698494 0.000000 0.657357 0.509689 0.768098 -0.698494 0.000000 
0.656742 0.507243 0.742513 -0.690578 0.000000 0.656939 0.507889 0.742513 -0.690578 0.000000 0.657087 0.508520 0.742513 -0.690578 0.000000 0.657185 0.509120 0.768098 -0.698494 0.000000 0.657357 0.509689 0.768098 -0.698494 0.000000 0.657382 0.510227 0.768098 -0.698494 0.000000 
0.656939 0.507889 0.742513 -0.690578 0.000000 0.657087 0.508520 0.742513 -0.690578 0.000000 0.657185 0.509120 0.768098 -0.698494 0.000000 0.657357 0.509689 0.768098 -0.698494 0.000000 0.657382 0.510227 0.768098 -0.698494 0.000000 0.657382 0.510750 0.768098 -0.698494 0.000000 
0.657087 0.508520 0.742513 -0.690578 0.000000 0.657185 0.509120 0.768098 -0.698494 0.000000 0.657357 0.509689 0.768098 -0.698494 0.000000 0.657382 0.510227 0.768098 -0.698494 0.000000 0.657382 0.510750 0.768098 -0.698494 0.000000 0.657382 0.511273 0.775549 -0.688448 0.000000 
0.657185 0.509120 0.768098 -0.698494 0.000000 0.657357 0.509689 0.768098 -0.698494 0.000000 0.657382 0.510227 0.768098 -0.698494 0.000000 0.657382 0.510750 0.768098 -0.698494 0.000000 0.657382 0.511273 0.775549 -0.688448 0.000000 0.657382 0.511811 0.782742 -0.678082 0.000000 
0.657357 0.509689 0.768098 -0.698494 0.000000 0.657382 0.510227 0.768098 -0.698494 0.000000 0.657382 0.510750 0.768098 -0.698494 0.000000 0.657382 0.511273 0.775549 -0.688448 0.000000 0.657382 0.511811 0.782742 -0.678082 0.000000 0.657333 0.512365 0.782742 -0.678082 0.000000 
0.657382 0.510227 0.768098 -0.698494 0.000000 0.657382 0.510750 0.768098 -0.698494 0.000000 0.657382 0.511273 0.775549 -0.688448 0.000000 0.657382 0.511811 0.782742 -0.678082 0.000000 0.657333 0.512365 0.782742 -0.678082 0.000000 0.657160 0.512918 0.782742 -0.678082 0.000000 
0.657382 0.510750 0.768098 -0.698494 0.000000 0.657382 0.511273 0.775549 -0.688448 0.000000 0.657382 0.511811 0.782742 -0.678082 0.000000 0.657333 0.512365 0.782742 -0.678082 0.000000 0.657160 0.512918 0.782742 -0.678082 0.000000 0.656791 0.513457 0.782742 -0.678082 0.000000 
0.657382 0.511273 0.775549 -0.688448 0.000000 0.657382 0.511811 0.782742 -0.678082 0.000000 0.657333 0.512365 0.782742 -0.678082 0.000000 0.657160 0.512918 0.782742 -0.678082 0.000000 0.656791 0.513457 0.782742 -0.678082 0.000000 0.656373 0.513979 0.782742 -0.678082 0.000000 
0.657382 0.511811 0.782742 -0.678082 0.000000 0.657333 0.512365 0.782742 -0.678082 0.000000 0.657160 0.512918 0.782742 -0.678082 0.000000 0.656791 0.513457 0.782742 -0.678082 0.000000 0.656373 0.513979 0.782742 -0.678082 0.000000 0.655832 0.514472 0.789684 -0.667388 0.000000 
0.657333 0.512365 0.782742 -0.678082 0.000000 0.657160 0.512918 0.782742 -0.678082 0.000000 0.656791 0.513457 0.782742 -0.678082 0.000000 0.656373 0.513979 0.782742 -0.678082 0.000000 0.655832 0.514472 0.789684 -0.667388 0.000000 0.655463 0.514918 0.789684 -0.667388 0.000000 
0.657160 0.512918 0.782742 -0.678082 0.000000 0.656791 0.513457 0.782742 -0.678082 0.000000 0.656373 0.513979 0.782742 -0.678082 0.000000 0.655832 0.514472 0.789684 -0.667388 0.000000 0.655463 0.514918 0.789684 -0.667388 0.000000 0.655069 0.515333 0.789684 -0.667388 0.000000 
0.656791 0.513457 0.782742 -0.678082 0.000000 0.656373 0.513979 0.782742 -0.678082 0.000000 0.655832 0.514472 0.789684 -0.667388 0.000000 0.655463 0.514918 0.789684 -0.667388 0.000000 0.655069 0.515333 0.789684 -0.667388 0.000000 0.654626 0.515702 0.778467 -0.639122 0.000000 
0.656373 0.513979 0.782742 -0.678082 0.000000 0.655832 0.514472 0.789684 -0.667388 0.000000 0.655463 0.514918 0.789684 -0.667388 0.000000 0.655069 0.515333 0.789684 -0.667388 0.000000 0.654626 0.515702 0.778467 -0.639122 0.000000 0.654134 0.516025 0.778467 -0.639122 0.000000 
0.655832 0.514472 0.789684 -0.667388 0.000000 0.655463 0.514918 0.789684 -0.667388 0.000000 0.655069 0.515333 0.789684 -0.667388 0.000000 0.654626 0.515702 0.778467 -0.639122 0.000000 0.654134 0.516025 0.778467 -0.639122 0.000000 0.653691 0.516348 0.778467 -0.639122 0.000000 
0.655463 0.514918 0.789684 -0.667388 0.000000 0.655069 0.515333 0.789684 -0.667388 0.000000 0.654626 0.515702 0.778467 -0.639122 0.000000 0.654134 0.516025 0.778467 -0.639122 0.000000 0.653691 0.516348 0.778467 -0.639122 0.000000 0.653494 0.516625 0.760696 -0.622187 0.000000 
0.655069 0.515333 0.789684 -0.667388 0.000000 0.654626 0.515702 0.778467 -0.639122 0.000000 0.654134 0.516025 0.778467 -0.639122 0.000000 0.653691 0.516348 0.778467 -0.639122 0.000000 0.653494 0.516625 0.760696 -0.622187 0.000000 0.653150 0.516855 0.767147 -0.611058 0.000000 
0.654626 0.515702 0.778467 -0.639122 0.000000 0.654134 0.516025 0.778467 -0.639122 0.000000 0.653691 0.516348 0.778467 -0.639122 0.000000 0.653494 0.516625 0.760696 -0.622187 0.000000 0.653150 0.516855 0.767147 -0.611058 0.000000 0.652559 0.517071 0.743065 -0.605546 0.000000 
0.654134 0.516025 0.778467 -0.639122 0.000000 0.653691 0.516348 0.778467 -0.639122 0.000000 0.653494 0.516625 0.760696 -0.622187 0.000000 0.653150 0.516855 0.767147 -0.611058 0.000000 0.652559 0.517071 0.743065 -0.605546 0.000000 0.652313 0.517301 0.749502 -0.594553 0.000000 
0.653691 0.516348 0.778467 -0.639122 0.000000 0.653494 0.516625 0.760696 -0.622187 0.000000 0.653150 0.516855 0.767147 -0.611058 0.000000 0.652559 0.517071 0.743065 -0.605546 0.000000 0.652313 0.517301 0.749502 -0.594553 0.000000 0.652288 0.517517 0.725572 -0.589190 0.000000 
0.653494 0.516625 0.760696 -0.622187 0.000000 0.653150 0.516855 0.767147 -0.611058 0.000000 0.652559 0.517071 0.743065 -0.605546 0.000000 0.652313 0.517301 0.749502 -0.594553 0.000000 0.652288 0.517517 0.725572 -0.589190 0.000000 0.652288 0.517732 0.725572 -0.589190 0.000000 
0.653150 0.516855 0.767147 -0.611058 0.000000 0.652559 0.517071 0.743065 -0.605546 0.000000 0.652313 0.517301 0.749502 -0.594553 0.000000 0.652288 0.517517 0.725572 -0.589190 0.000000 0.652288 0.517732 0.725572 -0.589190 0.000000 0.652288 0.517932 0.708216 -0.573112 0.000000 
0.652559 0.517071 0.743065 -0.605546 0.000000 0.652313 0.517301 0.749502 -0.594553 0.000000 0.652288 0.517517 0.725572 -0.589190 0.000000 0.652288 0.517732 0.725572 -0.589190 0.000000 0.652288 0.517932 0.708216 -0.573112 0.000000 0.652288 0.518101 0.708216 -0.573112 0.109482 
0.652313 0.517301 0.749502 -0.594553 0.000000 0.652288 0.517517 0.725572 -0.589190 0.000000 0.652288 0.517732 0.725572 -0.589190 0.000000 0.652288 0.517932 0.708216 -0.573112 0.000000 0.652288 0.518101 0.708216 -0.573112 0.109482 0.652485 0.518270 0.701606 -0.583524 0.140762 
0.652288 0.517517 0.725572 -0.589190 0.000000 0.652288 0.517732 0.725572 -0.589190 0.000000 0.652288 0.517932 0.708216 -0.573112 0.000000 0.652288 0.518101 0.708216 -0.573112 0.109482 0.652485 0.518270 0.701606 -0.583524 0.140762 0.652781 0.518455 0.690996 -0.557302 0.160313 
0.652288 0.517732 0.725572 -0.589190 0.000000 0.652288 0.517932 0.708216 -0.573112 0.000000 0.652288 0.518101 0.708216 -0.573112 0.109482 0.652485 0.518270 0.701606 -0.583524 0.140762 0.652781 0.518455 0.690996 -0.557302 0.160313 0.653125 0.518639 0.690996 -0.557302 0.196481 
0.652288 0.517932 0.708216 -0.573112 0.000000 0.652288 0.518101 0.708216 -0.573112 0.109482 0.652485 0.518270 0.701606 -0.583524 0.140762 0.652781 0.518455 0.690996 -0.557302 0.160313 0.653125 0.518639 0.690996 -0.557302 0.196481 0.653470 0.518793 0.690996 -0.557302 0.240469 
0.652288 0.518101 0.708216 -0.573112 0.109482 0.652485 0.518270 0.701606 -0.583524 0.140762 0.652781 0.518455 0.690996 -0.557302 0.160313 0.653125 0.518639 0.690996 -0.557302 0.196481 0.653470 0.518793 0.690996 -0.557302 0.240469 0.653691 0.518947 0.684427 -0.567563 0.290323 
0.652485 0.518270 0.701606 -0.583524 0.140762 0.652781 0.518455 0.690996 -0.557302 0.160313 0.653125 0.518639 0.690996 -0.557302 0.196481 0.653470 0.518793 0.690996 -0.557302 0.240469 0.653691 0.518947 0.684427 -0.567563 0.290323 0.653962 0.519070 0.684427 -0.567563 0.330401 
0.652781 0.518455 0.690996 -0.557302 0.160313 0.653125 0.518639 0.690996 -0.557302 0.196481 0.653470 0.518793 0.690996 -0.557302 0.240469 0.653691 0.518947 0.684427 -0.567563 0.290323 0.653962 0.519070 0.684427 -0.567563 0.330401 0.654232 0.519178 0.684427 -0.567563 0.367546 
0.653125 0.518639 0.690996 -0.557302 0.196481 0.653470 0.518793 0.690996 -0.557302 0.240469 0.653691 0.518947 0.684427 -0.567563 0.290323 0.653962 0.519070 0.684427 -0.567563 0.330401 0.654232 0.519178 0.684427 -0.567563 0.367546 0.654503 0.519285 0.684427 -0.567563 0.388074 
0.653470 0.518793 0.690996 -0.557302 0.240469 0.653691 0.518947 0.684427 -0.567563 0.290323 0.653962 0.519070 0.684427 -0.567563 0.330401 0.654232 0.519178 0.684427 -0.567563 0.367546 0.654503 0.519285 0.684427 -0.567563 0.388074 0.654749 0.519377 0.684427 -0.567563 0.411535 
0.653691 0.518947 0.684427 -0.567563 0.290323 0.653962 0.519070 0.684427 -0.567563 0.330401 0.654232 0.519178 0.684427 -0.567563 0.367546 0.654503 0.519285 0.684427 -0.567563 0.388074 0.654749 0.519377 0.684427 -0.567563 0.411535 0.654946 0.519454 0.684427 -0.567563 0.436950 
0.653962 0.519070 0.684427 -0.567563 0.330401 0.654232 0.519178 0.684427 -0.567563 0.367546 0.654503 0.519285 0.684427 -0.567563 0.388074 0.654749 0.519377 0.684427 -0.567563 0.411535 0.654946 0.519454 0.684427 -0.567563 0.436950 0.655167 0.519531 0.684427 -0.567563 0.461388 
0.654232 0.519178 0.684427 -0.567563 0.367546 0.654503 0.519285 0.684427 -0.567563 0.388074 0.654749 0.519377 0.684427 -0.567563 0.411535 0.654946 0.519454 0.684427 -0.567563 0.436950 0.655167 0.519531 0.684427 -0.567563 0.461388 0.655290 0.519577 0.684427 -0.567563 0.477028 
0.654503 0.519285 0.684427 -0.567563 0.388074 0.654749 0.519377 0.684427 -0.567563 0.411535 0.654946 0.519454 0.684427 -0.567563 0.436950 0.655167 0.519531 0.684427 -0.567563 0.461388 0.655290 0.519577 0.684427 -0.567563 0.477028 0.655413 0.519608 0.684427 -0.567563 0.485826 
0.654749 0.519377 0.684427 -0.567563 0.411535 0.654946 0.519454 0.684427 -0.567563 0.436950 0.655167 0.519531 0.684427 -0.567563 0.461388 0.655290 0.519577 0.684427 -0.567563 0.477028 0.655413 0.519608 0.684427 -0.567563 0.485826 0.655512 0.519639 0.684427 -0.567563 0.490714 
0.654946 0.519454 0.684427 -0.567563 0.436950 0.655167 0.519531 0.684427 -0.567563 0.461388 0.655290 0.519577 0.684427 -0.567563 0.477028 0.655413 0.519608 0.684427 -0.567563 0.485826 0.655512 0.519639 0.684427 -0.567563 0.490714 0.655561 0.519670 0.684427 -0.567563 0.494624 
0.655167 0.519531 0.684427 -0.567563 0.461388 0.655290 0.519577 0.684427 -0.567563 0.477028 0.655413 0.519608 0.684427 -0.567563 0.485826 0.655512 0.519639 0.684427 -0.567563 0.490714 0.655561 0.519670 0.684427 -0.567563 0.494624 0.655610 0.519670 0.684427 -0.567563 0.498534 
0.655290 0.519577 0.684427 -0.567563 0.477028 0.655413 0.519608 0.684427 -0.567563 0.485826 0.655512 0.519639 0.684427 -0.567563 0.490714 0.655561 0.519670 0.684427 -0.567563 0.494624 0.655610 0.519670 0.684427 -0.567563 0.498534 0.655635 0.519670 0.684427 -0.567563 0.496579 
0.655413 0.519608 0.684427 -0.567563 0.485826 0.655512 0.519639 0.684427 -0.567563 0.490714 0.655561 0.519670 0.684427 -0.567563 0.494624 0.655610 0.519670 0.684427 -0.567563 0.498534 0.655635 0.519670 0.684427 -0.567563 0.496579 0.655635 0.519639 0.684427 -0.567563 0.468231 
0.655512 0.519639 0.684427 -0.567563 0.490714 0.655561 0.519670 0.684427 -0.567563 0.494624 0.655610 0.519670 0.684427 -0.567563 0.498534 0.655635 0.519670 0.684427 -0.567563 0.496579 0.655635 0.519639 0.684427 -0.567563 0.468231 0.655635 0.519516 0.684427 -0.567563 0.464321 
0.655561 0.519670 0.684427 -0.567563 0.494624 0.655610 0.519670 0.684427 -0.567563 0.498534 0.655635 0.519670 0.684427 -0.567563 0.496579 0.655635 0.519639 0.684427 -0.567563 0.468231 0.655635 0.519516 0.684427 -0.567563 0.464321 0.655635 0.519393 0.684427 -0.567563 0.461388 
0.655610 0.519670 0.684427 -0.567563 0.498534 0.655635 0.519670 0.684427 -0.567563 0.496579 0.655635 0.519639 0.684427 -0.567563 0.468231 0.655635 0.519516 0.684427 -0.567563 0.464321 0.655635 0.519393 0.684427 -0.567563 0.461388 0.655635 0.519224 0.684427 -0.567563 0.458456 
0.655635 0.519670 0.684427 -0.567563 0.496579 0.655635 0.519639 0.684427 -0.567563 0.468231 0.655635 0.519516 0.684427 -0.567563 0.464321 0.655635 0.519393 0.684427 -0.567563 0.461388 0.655635 0.519224 0.684427 -0.567563 0.458456 0.655610 0.519024 0.684427 -0.567563 0.455523 
0.655635 0.519639 0.684427 -0.567563 0.468231 0.655635 0.519516 0.684427 -0.567563 0.464321 0.655635 0.519393 0.684427 -0.567563 0.461388 0.655635 0.519224 0.684427 -0.567563 0.458456 0.655610 0.519024 0.684427 -0.567563 0.455523 0.655561 0.518778 0.684427 -0.567563 0.452590 
0.655635 0.519516 0.684427 -0.567563 0.464321 0.655635 0.519393 0.684427 -0.567563 0.461388 0.655635 0.519224 0.684427 -0.567563 0.458456 0.655610 0.519024 0.684427 -0.567563 0.455523 0.655561 0.518778 0.684427 -0.567563 0.452590 0.655512 0.518501 0.684427 -0.567563 0.452590 
0.655635 0.519393 0.684427 -0.567563 0.461388 0.655635 0.519224 0.684427 -0.567563 0.458456 0.655610 0.519024 0.684427 -0.567563 0.455523 0.655561 0.518778 0.684427 -0.567563 0.452590 0.655512 0.518501 0.684427 -0.567563 0.452590 0.655487 0.518163 0.684427 -0.567563 0.455523 
0.655635 0.519224 0.684427 -0.567563 0.458456 0.655610 0.519024 0.684427 -0.567563 0.455523 0.655561 0.518778 0.684427 -0.567563 0.452590 0.655512 0.518501 0.684427 -0.567563 0.452590 0.655487 0.518163 0.684427 -0.567563 0.455523 0.655463 0.517778 0.684427 -0.567563 0.455523 
0.655610 0.519024 0.684427 -0.567563 0.455523 0.655561 0.518778 0.684427 -0.567563 0.452590 0.655512 0.518501 0.684427 -0.567563 0.452590 0.655487 0.518163 0.684427 -0.567563 0.455523 0.655463 0.517778 0.684427 -0.567563 0.455523 0.655463 0.517332 0.684427 -0.567563 0.461388 
0.655561 0.518778 0.684427 -0.567563 0.452590 0.655512 0.518501 0.684427 -0.567563 0.452590 0.655487 0.518163 0.684427 -0.567563 0.455523 0.655463 0.517778 0.684427 -0.567563 0.455523 0.655463 0.517332 0.684427 -0.567563 0.461388 0.655463 0.516901 0.684427 -0.567563 0.466276 
0.655512 0.518501 0.684427 -0.567563 0.452590 0.655487 0.518163 0.684427 -0.567563 0.455523 0.655463 0.517778 0.684427 -0.567563 0.455523 0.655463 0.517332 0.684427 -0.567563 0.461388 0.655463 0.516901 0.684427 -0.567563 0.466276 0.655463 0.516455 0.684427 -0.567563 0.476051 
0.655487 0.518163 0.684427 -0.567563 0.455523 0.655463 0.517778 0.684427 -0.567563 0.455523 0.655463 0.517332 0.684427 -0.567563 0.461388 0.655463 0.516901 0.684427 -0.567563 0.466276 0.655463 0.516455 0.684427 -0.567563 0.476051 0.655463 0.515994 0.684427 -0.567563 0.480938 
0.655463 0.517778 0.684427 -0.567563 0.455523 0.655463 0.517332 0.684427 -0.567563 0.461388 0.655463 0.516901 0.684427 -0.567563 0.466276 0.655463 0.516455 0.684427 -0.567563 0.476051 0.655463 0.515994 0.684427 -0.567563 0.480938 0.655463 0.515471 0.684427 -0.567563 0.484848 
0.655463 0.517332 0.684427 -0.567563 0.461388 0.655463 0.516901 0.684427 -0.567563 0.466276 0.655463 0.516455 0.684427 -0.567563 0.476051 0.655463 0.515994 0.684427 -0.567563 0.480938 0.655463 0.515471 0.684427 -0.567563 0.484848 0.655463 0.514918 0.684427 -0.567563 0.479961 
0.655463 0.516901 0.684427 -0.567563 0.466276 0.655463 0.516455 0.684427 -0.567563 0.476051 0.655463 0.515994 0.684427 -0.567563 0.480938 0.655463 0.515471 0.684427 -0.567563 0.484848 0.655463 0.514918 0.684427 -0.567563 0.479961 0.655463 0.514349 0.684427 -0.567563 0.475073 
0.655463 0.516455 0.684427 -0.567563 0.476051 0.655463 0.515994 0.684427 -0.567563 0.480938 0.655463 0.515471 0.684427 -0.567563 0.484848 0.655463 0.514918 0.684427 -0.567563 0.479961 0.655463 0.514349 0.684427 -0.567563 0.475073 0.655635 0.513764 0.660649 -0.561700 0.474096 
0.655463 0.515994 0.684427 -0.567563 0.480938 0.655463 0.515471 0.684427 -0.567563 0.484848 0.655463 0.514918 0.684427 -0.567563 0.479961 0.655463 0.514349 0.684427 -0.567563 0.475073 0.655635 0.513764 0.660649 -0.561700 0.474096 0.655758 0.513180 0.660649 -0.561700 0.481916 
0.655463 0.515471 0.684427 -0.567563 0.484848 0.655463 0.514918 0.684427 -0.567563 0.479961 0.655463 0.514349 0.684427 -0.567563 0.475073 0.655635 0.513764 0.660649 -0.561700 0.474096 0.655758 0.513180 0.660649 -0.561700 0.481916 0.655905 0.512534 0.660649 -0.561700 0.485826 
0.655463 0.514918 0.684427 -0.567563 0.479961 0.655463 0.514349 0.684427 -0.567563 0.475073 0.655635 0.513764 0.660649 -0.561700 0.474096 0.655758 0.513180 0.660649 -0.561700 0.481916 0.655905 0.512534 0.660649 -0.561700 0.485826 0.656029 0.511842 0.660649 -0.561700 0.487781 
0.655463 0.514349 0.684427 -0.567563 0.475073 0.655635 0.513764 0.660649 -0.561700 0.474096 0.655758 0.513180 0.660649 -0.561700 0.481916 0.655905 0.512534 0.660649 -0.561700 0.485826 0.656029 0.511842 0.660649 -0.561700 0.487781 0.656201 0.511104 0.660649 -0.561700 0.490714 
0.655635 0.513764 0.660649 -0.561700 0.474096 0.655758 0.513180 0.660649 -0.561700 0.481916 0.655905 0.512534 0.660649 -0.561700 0.485826 0.656029 0.511842 0.660649 -0.561700 0.487781 0.656201 0.511104 0.660649 -0.561700 0.490714 0.656348 0.510365 0.636916 -0.555525 0.491691 
0.655758 0.513180 0.660649 -0.561700 0.481916 0.655905 0.512534 0.660649 -0.561700 0.485826 0.656029 0.511842 0.660649 -0.561700 0.487781 0.656201 0.511104 0.660649 -0.561700 0.490714 0.656348 0.510365 0.636916 -0.555525 0.491691 0.656471 0.509627 0.636916 -0.555525 0.489736 
0.655905 0.512534 0.660649 -0.561700 0.485826 0.656029 0.511842 0.660649 -0.561700 0.487781 0.656201 0.511104 0.660649 -0.561700 0.490714 0.656348 0.510365 0.636916 -0.555525 0.491691 0.656471 0.509627 0.636916 -0.555525 0.489736 0.656595 0.508904 0.636916 -0.555525 0.500489 
0.656029 0.511842 0.660649 -0.561700 0.487781 0.656201 0.511104 0.660649 -0.561700 0.490714 0.656348 0.510365 0.636916 -0.555525 0.491691 0.656471 0.509627 0.636916 -0.555525 0.489736 0.656595 0.508904 0.636916 -0.555525 0.500489 0.656668 0.508197 0.636916 -0.555525 0.505376 
0.656201 0.511104 0.660649 -0.561700 0.490714 0.656348 0.510365 0.636916 -0.555525 0.491691 0.656471 0.509627 0.636916 -0.555525 0.489736 0.656595 0.508904 0.636916 -0.555525 0.500489 0.656668 0.508197 0.636916 -0.555525 0.505376 0.656718 0.507474 0.646508 -0.580623 0.502444 
0.656348 0.510365 0.636916 -0.555525 0.491691 0.656471 0.509627 0.636916 -0.555525 0.489736 0.656595 0.508904 0.636916 -0.555525 0.500489 0.656668 0.508197 0.636916 -0.555525 0.505376 0.656718 0.507474 0.646508 -0.580623 0.502444 0.656718 0.506736 0.622471 -0.573679 0.499511 
0.656471 0.509627 0.636916 -0.555525 0.489736 0.656595 0.508904 0.636916 -0.555525 0.500489 0.656668 0.508197 0.636916 -0.555525 0.505376 0.656718 0.507474 0.646508 -0.580623 0.502444 0.656718 0.506736 0.622471 -0.573679 0.499511 0.656742 0.506044 0.622471 -0.573679 0.503421 
0.656595 0.508904 0.636916 -0.555525 0.500489 0.656668 0.508197 0.636916 -0.555525 0.505376 0.656718 0.507474 0.646508 -0.580623 0.502444 0.656718 0.506736 0.622471 -0.573679 0.499511 0.656742 0.506044 0.622471 -0.573679 0.503421 0.656742 0.505367 0.622471 -0.573679 0.498534 
0.656668 0.508197 0.636916 -0.555525 0.505376 0.656718 0.507474 0.646508 -0.580623 0.502444 0.656718 0.506736 0.622471 -0.573679 0.499511 0.656742 0.506044 0.622471 -0.573679 0.503421 0.656742 0.505367 0.622471 -0.573679 0.498534 0.656742 0.504721 0.622471 -0.573679 0.500489 
0.656718 0.507474 0.646508 -0.580623 0.502444 0.656718 0.506736 0.622471 -0.573679 0.499511 0.656742 0.506044 0.622471 -0.573679 0.503421 0.656742 0.505367 0.622471 -0.573679 0.498534 0.656742 0.504721 0.622471 -0.573679 0.500489 0.656742 0.504091 0.622471 -0.573679 0.510264 
0.656718 0.506736 0.622471 -0.573679 0.499511 0.656742 0.506044 0.622471 -0.573679 0.503421 0.656742 0.505367 0.622471 -0.573679 0.498534 0.656742 0.504721 0.622471 -0.573679 0.500489 0.656742 0.504091 0.622471 -0.573679 0.510264 0.656742 0.503476 0.614915 -0.582396 0.505376 
0.656742 0.506044 0.622471 -0.573679 0.503421 0.656742 0.505367 0.622471 -0.573679 0.498534 0.656742 0.504721 0.622471 -0.573679 0.500489 0.656742 0.504091 0.622471 -0.573679 0.510264 0.656742 0.503476 0.614915 -0.582396 0.505376 0.656742 0.502845 0.614915 -0.582396 0.503421 
0.656742 0.505367 0.622471 -0.573679 0.498534 0.656742 0.504721 0.622471 -0.573679 0.500489 0.656742 0.504091 0.622471 -0.573679 0.510264 0.656742 0.503476 0.614915 -0.582396 0.505376 0.656742 0.502845 0.614915 -0.582396 0.503421 0.656742 0.502215 0.614915 -0.582396 0.505376 
0.656742 0.504721 0.622471 -0.573679 0.500489 0.656742 0.504091 0.622471 -0.573679 0.510264 0.656742 0.503476 0.614915 -0.582396 0.505376 0.656742 0.502845 0.614915 -0.582396 0.503421 0.656742 0.502215 0.614915 -0.582396 0.505376 0.656742 0.501599 0.614915 -0.582396 0.505376 
0.656742 0.504091 0.622471 -0.573679 0.510264 0.656742 0.503476 0.614915 -0.582396 0.505376 0.656742 0.502845 0.614915 -0.582396 0.503421 0.656742 0.502215 0.614915 -0.582396 0.505376 0.656742 0.501599 0.614915 -0.582396 0.505376 0.656742 0.500969 0.614915 -0.582396 0.504399 
0.656742 0.503476 0.614915 -0.582396 0.505376 0.656742 0.502845 0.614915 -0.582396 0.503421 0.656742 0.502215 0.614915 -0.582396 0.505376 0.656742 0.501599 0.614915 -0.582396 0.505376 0.656742 0.500969 0.614915 -0.582396 0.504399 0.656742 0.500369 0.590855 -0.574813 0.504399 
0.656742 0.502845 0.614915 -0.582396 0.503421 0.656742 0.502215 0.614915 -0.582396 0.505376 0.656742 0.501599 0.614915 -0.582396 0.505376 0.656742 0.500969 0.614915 -0.582396 0.504399 0.656742 0.500369 0.590855 -0.574813 0.504399 0.656718 0.499754 0.590855 -0.574813 0.509286 
0.656742 0.502215 0.614915 -0.582396 0.505376 0.656742 0.501599 0.614915 -0.582396 0.505376 0.656742 0.500969 0.614915 -0.582396 0.504399 0.656742 0.500369 0.590855 -0.574813 0.504399 0.656718 0.499754 0.590855 -0.574813 0.509286 0.656668 0.499108 0.590855 -0.574813 0.515152 
0.623647 0.488604 0.180220 -0.109040 0.000000 0.624114 0.490742 0.180220 -0.109040 0.000000 0.624557 0.492880 0.159775 -0.108271 0.000000 0.625295 0.495048 0.159775 -0.108271 0.000000 0.626009 0.497170 0.139901 -0.105721 0.000000 0.626107 0.499216 0.107247 -0.090093 0.000000 
0.624114 0.490742 0.180220 -0.109040 0.000000 0.624557 0.492880 0.159775 -0.108271 0.000000 0.625295 0.495048 0.159775 -0.108271 0.000000 0.626009 0.497170 0.139901 -0.105721 0.000000 0.626107 0.499216 0.107247 -0.090093 0.000000 0.626747 0.501153 0.081500 -0.066048 0.000000 
0.624557 0.492880 0.159775 -0.108271 0.000000 0.625295 0.495048 0.159775 -0.108271 0.000000 0.626009 0.497170 0.139901 -0.105721 0.000000 0.626107 0.499216 0.107247 -0.090093 0.000000 0.626747 0.501153 0.081500 -0.066048 0.000000 0.626747 0.502984 0.074184 -0.074184 0.000000 
0.625295 0.495048 0.159775 -0.108271 0.000000 0.626009 0.497170 0.139901 -0.105721 0.000000 0.626107 0.499216 0.107247 -0.090093 0.000000 0.626747 0.501153 0.081500 -0.066048 0.000000 0.626747 0.502984 0.074184 -0.074184 0.000000 0.626747 0.504691 0.049405 -0.049405 0.000000 
0.626009 0.497170 0.139901 -0.105721 0.000000 0.626107 0.499216 0.107247 -0.090093 0.000000 0.626747 0.501153 0.081500 -0.066048 0.000000 0.626747 0.502984 0.074184 -0.074184 0.000000 0.626747 0.504691 0.049405 -0.049405 0.000000 0.626747 0.506259 0.057907 -0.039083 0.000000 
0.626107 0.499216 0.107247 -0.090093 0.000000 0.626747 0.501153 0.081500 -0.066048 0.000000 0.626747 0.502984 0.074184 -0.074184 0.000000 0.626747 0.504691 0.049405 -0.049405 0.000000 0.626747 0.506259 0.057907 -0.039083 0.000000 0.627067 0.507812 0.037041 -0.037041 0.000000 
0.626747 0.501153 0.081500 -0.066048 0.000000 0.626747 0.502984 0.074184 -0.074184 0.000000 0.626747 0.504691 0.049405 -0.049405 0.000000 0.626747 0.506259 0.057907 -0.039083 0.000000 0.627067 0.507812 0.037041 -0.037041 0.000000 0.627239 0.509289 0.031105 -0.015852 0.000000 
0.626747 0.502984 0.074184 -0.074184 0.000000 0.626747 0.504691 0.049405 -0.049405 0.000000 0.626747 0.506259 0.057907 -0.039083 0.000000 0.627067 0.507812 0.037041 -0.037041 0.000000 0.627239 0.509289 0.031105 -0.015852 0.000000 0.627239 0.510704 0.049802 -0.016193 0.000000 
0.626747 0.504691 0.049405 -0.049405 0.000000 0.626747 0.506259 0.057907 -0.039083 0.000000 0.627067 0.507812 0.037041 -0.037041 0.000000 0.627239 0.509289 0.031105 -0.015852 0.000000 0.627239 0.510704 0.049802 -0.016193 0.000000 0.627239 0.512149 0.067746 -0.016915 0.000000 
0.626747 0.506259 0.057907 -0.039083 0.000000 0.627067 0.507812 0.037041 -0.037041 0.000000 0.627239 0.509289 0.031105 -0.015852 0.000000 0.627239 0.510704 0.049802 -0.016193 0.000000 0.627239 0.512149 0.067746 -0.016915 0.000000 0.627141 0.513672 0.080941 -0.032762 0.000000 
0.627067 0.507812 0.037041 -0.037041 0.000000 0.627239 0.509289 0.031105 -0.015852 0.000000 0.627239 0.510704 0.049802 -0.016193 0.000000 0.627239 0.512149 0.067746 -0.016915 0.000000 0.627141 0.513672 0.080941 -0.032762 0.000000 0.626649 0.515256 0.108968 -0.055685 0.000000 
0.627239 0.509289 0.031105 -0.015852 0.000000 0.627239 0.510704 0.049802 -0.016193 0.000000 0.627239 0.512149 0.067746 -0.016915 0.000000 0.627141 0.513672 0.080941 -0.032762 0.000000 0.626649 0.515256 0.108968 -0.055685 0.000000 0.625935 0.516901 0.141405 -0.069320 0.000000 
