0.623081 0.534895 0.318915 -0.616132 0.659824 0.623499 0.534803 0.318915 -0.616132 0.657869 0.623917 0.534710 0.318915 -0.616132 0.659824 0.624360 0.534618 0.318915 -0.616132 0.659824 0.624705 0.534541 0.318915 -0.616132 0.658847 0.625074 0.534449 0.318915 -0.616132 0.657869 
0.623499 0.534803 0.318915 -0.616132 0.657869 0.623917 0.534710 0.318915 -0.616132 0.659824 0.624360 0.534618 0.318915 -0.616132 0.659824 0.624705 0.534541 0.318915 -0.616132 0.658847 0.625074 0.534449 0.318915 -0.616132 0.657869 0.625418 0.534387 0.318915 -0.616132 0.659824 
0.623917 0.534710 0.318915 -0.616132 0.659824 0.624360 0.534618 0.318915 -0.616132 0.659824 0.624705 0.534541 0.318915 -0.616132 0.658847 0.625074 0.534449 0.318915 -0.616132 0.657869 0.625418 0.534387 0.318915 -0.616132 0.659824 0.625763 0.534326 0.318915 -0.616132 0.660802 
0.624360 0.534618 0.318915 -0.616132 0.659824 0.624705 0.534541 0.318915 -0.616132 0.658847 0.625074 0.534449 0.318915 -0.616132 0.657869 0.625418 0.534387 0.318915 -0.616132 0.659824 0.625763 0.534326 0.318915 -0.616132 0.660802 0.626083 0.534280 0.318915 -0.616132 0.667644 
0.624705 0.534541 0.318915 -0.616132 0.658847 0.625074 0.534449 0.318915 -0.616132 0.657869 0.625418 0.534387 0.318915 -0.616132 0.659824 0.625763 0.534326 0.318915 -0.616132 0.660802 0.626083 0.534280 0.318915 -0.616132 0.667644 0.626378 0.534234 0.318915 -0.616132 0.671554 
0.625074 0.534449 0.318915 -0.616132 0.657869 0.625418 0.534387 0.318915 -0.616132 0.659824 0.625763 0.534326 0.318915 -0.616132 0.660802 0.626083 0.534280 0.318915 -0.616132 0.667644 0.626378 0.534234 0.318915 -0.616132 0.671554 0.626649 0.534203 0.318915 -0.616132 0.675464 
0.625418 0.534387 0.318915 -0.616132 0.659824 0.625763 0.534326 0.318915 -0.616132 0.660802 0.626083 0.534280 0.318915 -0.616132 0.667644 0.626378 0.534234 0.318915 -0.616132 0.671554 0.626649 0.534203 0.318915 -0.616132 0.675464 0.626944 0.534172 0.318915 -0.616132 0.679374 
0.625763 0.534326 0.318915 -0.616132 0.660802 0.626083 0.534280 0.318915 -0.616132 0.667644 0.626378 0.534234 0.318915 -0.616132 0.671554 0.626649 0.534203 0.318915 -0.616132 0.675464 0.626944 0.534172 0.318915 -0.616132 0.679374 0.627215 0.534141 0.318915 -0.616132 0.680352 
0.626083 0.534280 0.318915 -0.616132 0.667644 0.626378 0.534234 0.318915 -0.616132 0.671554 0.626649 0.534203 0.318915 -0.616132 0.675464 0.626944 0.534172 0.318915 -0.616132 0.679374 0.627215 0.534141 0.318915 -0.616132 0.680352 0.627436 0.534110 0.318915 -0.616132 0.680352 
0.626378 0.534234 0.318915 -0.616132 0.671554 0.626649 0.534203 0.318915 -0.616132 0.675464 0.626944 0.534172 0.318915 -0.616132 0.679374 0.627215 0.534141 0.318915 -0.616132 0.680352 0.627436 0.534110 0.318915 -0.616132 0.680352 0.627657 0.534095 0.318915 -0.616132 0.679374 
0.626649 0.534203 0.318915 -0.616132 0.675464 0.626944 0.534172 0.318915 -0.616132 0.679374 0.627215 0.534141 0.318915 -0.616132 0.680352 0.627436 0.534110 0.318915 -0.616132 0.680352 0.627657 0.534095 0.318915 -0.616132 0.679374 0.627854 0.534064 0.318915 -0.616132 0.682307 
0.626944 0.534172 0.318915 -0.616132 0.679374 0.627215 0.534141 0.318915 -0.616132 0.680352 0.627436 0.534110 0.318915 -0.616132 0.680352 0.627657 0.534095 0.318915 -0.616132 0.679374 0.627854 0.534064 0.318915 -0.616132 0.682307 0.628027 0.534049 0.318915 -0.616132 0.683284 
0.627215 0.534141 0.318915 -0.616132 0.680352 0.627436 0.534110 0.318915 -0.616132 0.680352 0.627657 0.534095 0.318915 -0.616132 0.679374 0.627854 0.534064 0.318915 -0.616132 0.682307 0.628027 0.534049 0.318915 -0.616132 0.683284 0.628199 0.534034 0.318915 -0.616132 0.685239 
0.627436 0.534110 0.318915 -0.616132 0.680352 0.627657 0.534095 0.318915 -0.616132 0.679374 0.627854 0.534064 0.318915 -0.616132 0.682307 0.628027 0.534049 0.318915 -0.616132 0.683284 0.628199 0.534034 0.318915 -0.616132 0.685239 0.628297 0.534018 0.318915 -0.616132 0.686217 
0.627657 0.534095 0.318915 -0.616132 0.679374 0.627854 0.534064 0.318915 -0.616132 0.682307 0.628027 0.534049 0.318915 -0.616132 0.683284 0.628199 0.534034 0.318915 -0.616132 0.685239 0.628297 0.534018 0.318915 -0.616132 0.686217 0.628420 0.534018 0.318915 -0.616132 0.686217 
0.627854 0.534064 0.318915 -0.616132 0.682307 0.628027 0.534049 0.318915 -0.616132 0.683284 0.628199 0.534034 0.318915 -0.616132 0.685239 0.628297 0.534018 0.318915 -0.616132 0.686217 0.628420 0.534018 0.318915 -0.616132 0.686217 0.628568 0.534018 0.319051 -0.595321 0.687195 
0.628027 0.534049 0.318915 -0.616132 0.683284 0.628199 0.534034 0.318915 -0.616132 0.685239 0.628297 0.534018 0.318915 -0.616132 0.686217 0.628420 0.534018 0.318915 -0.616132 0.686217 0.628568 0.534018 0.319051 -0.595321 0.687195 0.628691 0.534018 0.319051 -0.595321 0.686217 
0.628199 0.534034 0.318915 -0.616132 0.685239 0.628297 0.534018 0.318915 -0.616132 0.686217 0.628420 0.534018 0.318915 -0.616132 0.686217 0.628568 0.534018 0.319051 -0.595321 0.687195 0.628691 0.534018 0.319051 -0.595321 0.686217 0.628789 0.534018 0.319051 -0.595321 0.685239 
0.628297 0.534018 0.318915 -0.616132 0.686217 0.628420 0.534018 0.318915 -0.616132 0.686217 0.628568 0.534018 0.319051 -0.595321 0.687195 0.628691 0.534018 0.319051 -0.595321 0.686217 0.628789 0.534018 0.319051 -0.595321 0.685239 0.628888 0.534018 0.319051 -0.595321 0.686217 
0.628420 0.534018 0.318915 -0.616132 0.686217 0.628568 0.534018 0.319051 -0.595321 0.687195 0.628691 0.534018 0.319051 -0.595321 0.686217 0.628789 0.534018 0.319051 -0.595321 0.685239 0.628888 0.534018 0.319051 -0.595321 0.686217 0.628986 0.534018 0.319051 -0.595321 0.685239 
0.628568 0.534018 0.319051 -0.595321 0.687195 0.628691 0.534018 0.319051 -0.595321 0.686217 0.628789 0.534018 0.319051 -0.595321 0.685239 0.628888 0.534018 0.319051 -0.595321 0.686217 0.628986 0.534018 0.319051 -0.595321 0.685239 0.629060 0.534018 0.319051 -0.595321 0.685239 
0.628691 0.534018 0.319051 -0.595321 0.686217 0.628789 0.534018 0.319051 -0.595321 0.685239 0.628888 0.534018 0.319051 -0.595321 0.686217 0.628986 0.534018 0.319051 -0.595321 0.685239 0.629060 0.534018 0.319051 -0.595321 0.685239 0.629134 0.534018 0.319051 -0.595321 0.684262 
0.628789 0.534018 0.319051 -0.595321 0.685239 0.628888 0.534018 0.319051 -0.595321 0.686217 0.628986 0.534018 0.319051 -0.595321 0.685239 0.629060 0.534018 0.319051 -0.595321 0.685239 0.629134 0.534018 0.319051 -0.595321 0.684262 0.629183 0.534018 0.319051 -0.595321 0.684262 
0.628888 0.534018 0.319051 -0.595321 0.686217 0.628986 0.534018 0.319051 -0.595321 0.685239 0.629060 0.534018 0.319051 -0.595321 0.685239 0.629134 0.534018 0.319051 -0.595321 0.684262 0.629183 0.534018 0.319051 -0.595321 0.684262 0.629232 0.534018 0.319051 -0.595321 0.685239 
0.628986 0.534018 0.319051 -0.595321 0.685239 0.629060 0.534018 0.319051 -0.595321 0.685239 0.629134 0.534018 0.319051 -0.595321 0.684262 0.629183 0.534018 0.319051 -0.595321 0.684262 0.629232 0.534018 0.319051 -0.595321 0.685239 0.629257 0.534018 0.319051 -0.595321 0.685239 
0.629060 0.534018 0.319051 -0.595321 0.685239 0.629134 0.534018 0.319051 -0.595321 0.684262 0.629183 0.534018 0.319051 -0.595321 0.684262 0.629232 0.534018 0.319051 -0.595321 0.685239 0.629257 0.534018 0.319051 -0.595321 0.685239 0.629331 0.534018 0.319051 -0.595321 0.686217 
0.629134 0.534018 0.319051 -0.595321 0.684262 0.629183 0.534018 0.319051 -0.595321 0.684262 0.629232 0.534018 0.319051 -0.595321 0.685239 0.629257 0.534018 0.319051 -0.595321 0.685239 0.629331 0.534018 0.319051 -0.595321 0.686217 0.629380 0.534018 0.319051 -0.595321 0.687195 
0.629183 0.534018 0.319051 -0.595321 0.684262 0.629232 0.534018 0.319051 -0.595321 0.685239 0.629257 0.534018 0.319051 -0.595321 0.685239 0.629331 0.534018 0.319051 -0.595321 0.686217 0.629380 0.534018 0.319051 -0.595321 0.687195 0.629405 0.534018 0.297408 -0.602902 0.687195 
0.629232 0.534018 0.319051 -0.595321 0.685239 0.629257 0.534018 0.319051 -0.595321 0.685239 0.629331 0.534018 0.319051 -0.595321 0.686217 0.629380 0.534018 0.319051 -0.595321 0.687195 0.629405 0.534018 0.297408 -0.602902 0.687195 0.629429 0.534018 0.297408 -0.602902 0.688172 
0.629257 0.534018 0.319051 -0.595321 0.685239 0.629331 0.534018 0.319051 -0.595321 0.686217 0.629380 0.534018 0.319051 -0.595321 0.687195 0.629405 0.534018 0.297408 -0.602902 0.687195 0.629429 0.534018 0.297408 -0.602902 0.688172 0.629478 0.534018 0.297408 -0.602902 0.688172 
0.629331 0.534018 0.319051 -0.595321 0.686217 0.629380 0.534018 0.319051 -0.595321 0.687195 0.629405 0.534018 0.297408 -0.602902 0.687195 0.629429 0.534018 0.297408 -0.602902 0.688172 0.629478 0.534018 0.297408 -0.602902 0.688172 0.629503 0.534018 0.297408 -0.602902 0.688172 
0.629380 0.534018 0.319051 -0.595321 0.687195 0.629405 0.534018 0.297408 -0.602902 0.687195 0.629429 0.534018 0.297408 -0.602902 0.688172 0.629478 0.534018 0.297408 -0.602902 0.688172 0.629503 0.534018 0.297408 -0.602902 0.688172 0.629552 0.534018 0.297408 -0.602902 0.689150 
0.629405 0.534018 0.297408 -0.602902 0.687195 0.629429 0.534018 0.297408 -0.602902 0.688172 0.629478 0.534018 0.297408 -0.602902 0.688172 0.629503 0.534018 0.297408 -0.602902 0.688172 0.629552 0.534018 0.297408 -0.602902 0.689150 0.629601 0.534018 0.297408 -0.602902 0.690127 
0.629429 0.534018 0.297408 -0.602902 0.688172 0.629478 0.534018 0.297408 -0.602902 0.688172 0.629503 0.534018 0.297408 -0.602902 0.688172 0.629552 0.534018 0.297408 -0.602902 0.689150 0.629601 0.534018 0.297408 -0.602902 0.690127 0.629626 0.534018 0.297408 -0.602902 0.689150 
0.629478 0.534018 0.297408 -0.602902 0.688172 0.629503 0.534018 0.297408 -0.602902 0.688172 0.629552 0.534018 0.297408 -0.602902 0.689150 0.629601 0.534018 0.297408 -0.602902 0.690127 0.629626 0.534018 0.297408 -0.602902 0.689150 0.629651 0.534018 0.297408 -0.602902 0.690127 
0.629503 0.534018 0.297408 -0.602902 0.688172 0.629552 0.534018 0.297408 -0.602902 0.689150 0.629601 0.534018 0.297408 -0.602902 0.690127 0.629626 0.534018 0.297408 -0.602902 0.689150 0.629651 0.534018 0.297408 -0.602902 0.690127 0.629675 0.534018 0.297408 -0.602902 0.688172 
0.629552 0.534018 0.297408 -0.602902 0.689150 0.629601 0.534018 0.297408 -0.602902 0.690127 0.629626 0.534018 0.297408 -0.602902 0.689150 0.629651 0.534018 0.297408 -0.602902 0.690127 0.629675 0.534018 0.297408 -0.602902 0.688172 0.629700 0.534018 0.297408 -0.602902 0.679374 
0.629601 0.534018 0.297408 -0.602902 0.690127 0.629626 0.534018 0.297408 -0.602902 0.689150 0.629651 0.534018 0.297408 -0.602902 0.690127 0.629675 0.534018 0.297408 -0.602902 0.688172 0.629700 0.534018 0.297408 -0.602902 0.679374 0.629724 0.534003 0.297408 -0.602902 0.668622 
0.629626 0.534018 0.297408 -0.602902 0.689150 0.629651 0.534018 0.297408 -0.602902 0.690127 0.629675 0.534018 0.297408 -0.602902 0.688172 0.629700 0.534018 0.297408 -0.602902 0.679374 0.629724 0.534003 0.297408 -0.602902 0.668622 0.629724 0.533987 0.297408 -0.602902 0.662757 
0.629651 0.534018 0.297408 -0.602902 0.690127 0.629675 0.534018 0.297408 -0.602902 0.688172 0.629700 0.534018 0.297408 -0.602902 0.679374 0.629724 0.534003 0.297408 -0.602902 0.668622 0.629724 0.533987 0.297408 -0.602902 0.662757 0.629724 0.533972 0.297408 -0.602902 0.658847 
0.629675 0.534018 0.297408 -0.602902 0.688172 0.629700 0.534018 0.297408 -0.602902 0.679374 0.629724 0.534003 0.297408 -0.602902 0.668622 0.629724 0.533987 0.297408 -0.602902 0.662757 0.629724 0.533972 0.297408 -0.602902 0.658847 0.629724 0.533957 0.297408 -0.602902 0.654936 
0.629700 0.534018 0.297408 -0.602902 0.679374 0.629724 0.534003 0.297408 -0.602902 0.668622 0.629724 0.533987 0.297408 -0.602902 0.662757 0.629724 0.533972 0.297408 -0.602902 0.658847 0.629724 0.533957 0.297408 -0.602902 0.654936 0.629724 0.533941 0.297408 -0.602902 0.653959 
0.629724 0.534003 0.297408 -0.602902 0.668622 0.629724 0.533987 0.297408 -0.602902 0.662757 0.629724 0.533972 0.297408 -0.602902 0.658847 0.629724 0.533957 0.297408 -0.602902 0.654936 0.629724 0.533941 0.297408 -0.602902 0.653959 0.629724 0.533926 0.297408 -0.602902 0.651026 
0.629724 0.533987 0.297408 -0.602902 0.662757 0.629724 0.533972 0.297408 -0.602902 0.658847 0.629724 0.533957 0.297408 -0.602902 0.654936 0.629724 0.533941 0.297408 -0.602902 0.653959 0.629724 0.533926 0.297408 -0.602902 0.651026 0.629724 0.533895 0.297408 -0.602902 0.649071 
0.629724 0.533972 0.297408 -0.602902 0.658847 0.629724 0.533957 0.297408 -0.602902 0.654936 0.629724 0.533941 0.297408 -0.602902 0.653959 0.629724 0.533926 0.297408 -0.602902 0.651026 0.629724 0.533895 0.297408 -0.602902 0.649071 0.629724 0.533880 0.297408 -0.602902 0.647116 
0.629724 0.533957 0.297408 -0.602902 0.654936 0.629724 0.533941 0.297408 -0.602902 0.653959 0.629724 0.533926 0.297408 -0.602902 0.651026 0.629724 0.533895 0.297408 -0.602902 0.649071 0.629724 0.533880 0.297408 -0.602902 0.647116 0.629724 0.533864 0.319051 -0.595321 0.642229 
0.629724 0.533941 0.297408 -0.602902 0.653959 0.629724 0.533926 0.297408 -0.602902 0.651026 0.629724 0.533895 0.297408 -0.602902 0.649071 0.629724 0.533880 0.297408 -0.602902 0.647116 0.629724 0.533864 0.319051 -0.595321 0.642229 0.629724 0.533834 0.319051 -0.595321 0.640274 
0.629724 0.533926 0.297408 -0.602902 0.651026 0.629724 0.533895 0.297408 -0.602902 0.649071 0.629724 0.533880 0.297408 -0.602902 0.647116 0.629724 0.533864 0.319051 -0.595321 0.642229 0.629724 0.533834 0.319051 -0.595321 0.640274 0.629724 0.533818 0.319051 -0.595321 0.637341 
0.629724 0.533895 0.297408 -0.602902 0.649071 0.629724 0.533880 0.297408 -0.602902 0.647116 0.629724 0.533864 0.319051 -0.595321 0.642229 0.629724 0.533834 0.319051 -0.595321 0.640274 0.629724 0.533818 0.319051 -0.595321 0.637341 0.629724 0.533803 0.319051 -0.595321 0.634409 
0.629724 0.533880 0.297408 -0.602902 0.647116 0.629724 0.533864 0.319051 -0.595321 0.642229 0.629724 0.533834 0.319051 -0.595321 0.640274 0.629724 0.533818 0.319051 -0.595321 0.637341 0.629724 0.533803 0.319051 -0.595321 0.634409 0.629724 0.533772 0.319051 -0.595321 0.632454 
0.629724 0.533864 0.319051 -0.595321 0.642229 0.629724 0.533834 0.319051 -0.595321 0.640274 0.629724 0.533818 0.319051 -0.595321 0.637341 0.629724 0.533803 0.319051 -0.595321 0.634409 0.629724 0.533772 0.319051 -0.595321 0.632454 0.629724 0.533757 0.319051 -0.595321 0.629521 
0.629724 0.533834 0.319051 -0.595321 0.640274 0.629724 0.533818 0.319051 -0.595321 0.637341 0.629724 0.533803 0.319051 -0.595321 0.634409 0.629724 0.533772 0.319051 -0.595321 0.632454 0.629724 0.533757 0.319051 -0.595321 0.629521 0.629724 0.533711 0.297408 -0.602902 0.628543 
0.629724 0.533818 0.319051 -0.595321 0.637341 0.629724 0.533803 0.319051 -0.595321 0.634409 0.629724 0.533772 0.319051 -0.595321 0.632454 0.629724 0.533757 0.319051 -0.595321 0.629521 0.629724 0.533711 0.297408 -0.602902 0.628543 0.629724 0.533680 0.297408 -0.602902 0.626588 
0.629724 0.533803 0.319051 -0.595321 0.634409 0.629724 0.533772 0.319051 -0.595321 0.632454 0.629724 0.533757 0.319051 -0.595321 0.629521 0.629724 0.533711 0.297408 -0.602902 0.628543 0.629724 0.533680 0.297408 -0.602902 0.626588 0.629724 0.533618 0.297408 -0.602902 0.623656 
0.629724 0.533772 0.319051 -0.595321 0.632454 0.629724 0.533757 0.319051 -0.595321 0.629521 0.629724 0.533711 0.297408 -0.602902 0.628543 0.629724 0.533680 0.297408 -0.602902 0.626588 0.629724 0.533618 0.297408 -0.602902 0.623656 0.629724 0.533557 0.297408 -0.602902 0.620723 
0.629724 0.533757 0.319051 -0.595321 0.629521 0.629724 0.533711 0.297408 -0.602902 0.628543 0.629724 0.533680 0.297408 -0.602902 0.626588 0.629724 0.533618 0.297408 -0.602902 0.623656 0.629724 0.533557 0.297408 -0.602902 0.620723 0.629724 0.533449 0.297408 -0.602902 0.619746 
0.629724 0.533711 0.297408 -0.602902 0.628543 0.629724 0.533680 0.297408 -0.602902 0.626588 0.629724 0.533618 0.297408 -0.602902 0.623656 0.629724 0.533557 0.297408 -0.602902 0.620723 0.629724 0.533449 0.297408 -0.602902 0.619746 0.629724 0.533342 0.297408 -0.602902 0.618768 
0.629724 0.533680 0.297408 -0.602902 0.626588 0.629724 0.533618 0.297408 -0.602902 0.623656 0.629724 0.533557 0.297408 -0.602902 0.620723 0.629724 0.533449 0.297408 -0.602902 0.619746 0.629724 0.533342 0.297408 -0.602902 0.618768 0.629724 0.533188 0.297408 -0.602902 0.616813 
0.629724 0.533618 0.297408 -0.602902 0.623656 0.629724 0.533557 0.297408 -0.602902 0.620723 0.629724 0.533449 0.297408 -0.602902 0.619746 0.629724 0.533342 0.297408 -0.602902 0.618768 0.629724 0.533188 0.297408 -0.602902 0.616813 0.629724 0.532988 0.297408 -0.602902 0.616813 
0.629724 0.533557 0.297408 -0.602902 0.620723 0.629724 0.533449 0.297408 -0.602902 0.619746 0.629724 0.533342 0.297408 -0.602902 0.618768 0.629724 0.533188 0.297408 -0.602902 0.616813 0.629724 0.532988 0.297408 -0.602902 0.616813 0.629724 0.532742 0.297408 -0.602902 0.618768 
0.629724 0.533449 0.297408 -0.602902 0.619746 0.629724 0.533342 0.297408 -0.602902 0.618768 0.629724 0.533188 0.297408 -0.602902 0.616813 0.629724 0.532988 0.297408 -0.602902 0.616813 0.629724 0.532742 0.297408 -0.602902 0.618768 0.629724 0.532480 0.297408 -0.602902 0.618768 
0.629724 0.533342 0.297408 -0.602902 0.618768 0.629724 0.533188 0.297408 -0.602902 0.616813 0.629724 0.532988 0.297408 -0.602902 0.616813 0.629724 0.532742 0.297408 -0.602902 0.618768 0.629724 0.532480 0.297408 -0.602902 0.618768 0.629724 0.532203 0.297408 -0.602902 0.620723 
0.629724 0.533188 0.297408 -0.602902 0.616813 0.629724 0.532988 0.297408 -0.602902 0.616813 0.629724 0.532742 0.297408 -0.602902 0.618768 0.629724 0.532480 0.297408 -0.602902 0.618768 0.629724 0.532203 0.297408 -0.602902 0.620723 0.629724 0.531942 0.297408 -0.602902 0.623656 
0.629724 0.532988 0.297408 -0.602902 0.616813 0.629724 0.532742 0.297408 -0.602902 0.618768 0.629724 0.532480 0.297408 -0.602902 0.618768 0.629724 0.532203 0.297408 -0.602902 0.620723 0.629724 0.531942 0.297408 -0.602902 0.623656 0.629724 0.531681 0.297408 -0.602902 0.621701 
0.629724 0.532742 0.297408 -0.602902 0.618768 0.629724 0.532480 0.297408 -0.602902 0.618768 0.629724 0.532203 0.297408 -0.602902 0.620723 0.629724 0.531942 0.297408 -0.602902 0.623656 0.629724 0.531681 0.297408 -0.602902 0.621701 0.629724 0.531419 0.297408 -0.602902 0.624633 
0.629724 0.532480 0.297408 -0.602902 0.618768 0.629724 0.532203 0.297408 -0.602902 0.620723 0.629724 0.531942 0.297408 -0.602902 0.623656 0.629724 0.531681 0.297408 -0.602902 0.621701 0.629724 0.531419 0.297408 -0.602902 0.624633 0.629724 0.531158 0.276606 -0.589468 0.623656 
0.629724 0.532203 0.297408 -0.602902 0.620723 0.629724 0.531942 0.297408 -0.602902 0.623656 0.629724 0.531681 0.297408 -0.602902 0.621701 0.629724 0.531419 0.297408 -0.602902 0.624633 0.629724 0.531158 0.276606 -0.589468 0.623656 0.629651 0.530912 0.276606 -0.589468 0.622678 
0.629724 0.531942 0.297408 -0.602902 0.623656 0.629724 0.531681 0.297408 -0.602902 0.621701 0.629724 0.531419 0.297408 -0.602902 0.624633 0.629724 0.531158 0.276606 -0.589468 0.623656 0.629651 0.530912 0.276606 -0.589468 0.622678 0.629577 0.530681 0.276606 -0.589468 0.623656 
0.629724 0.531681 0.297408 -0.602902 0.621701 0.629724 0.531419 0.297408 -0.602902 0.624633 0.629724 0.531158 0.276606 -0.589468 0.623656 0.629651 0.530912 0.276606 -0.589468 0.622678 0.629577 0.530681 0.276606 -0.589468 0.623656 0.629528 0.530481 0.276606 -0.589468 0.622678 
0.629724 0.531419 0.297408 -0.602902 0.624633 0.629724 0.531158 0.276606 -0.589468 0.623656 0.629651 0.530912 0.276606 -0.589468 0.622678 0.629577 0.530681 0.276606 -0.589468 0.623656 0.629528 0.530481 0.276606 -0.589468 0.622678 0.629478 0.530250 0.276606 -0.589468 0.620723 
0.629724 0.531158 0.276606 -0.589468 0.623656 0.629651 0.530912 0.276606 -0.589468 0.622678 0.629577 0.530681 0.276606 -0.589468 0.623656 0.629528 0.530481 0.276606 -0.589468 0.622678 0.629478 0.530250 0.276606 -0.589468 0.620723 0.629405 0.529989 0.276606 -0.589468 0.620723 
0.629651 0.530912 0.276606 -0.589468 0.622678 0.629577 0.530681 0.276606 -0.589468 0.623656 0.629528 0.530481 0.276606 -0.589468 0.622678 0.629478 0.530250 0.276606 -0.589468 0.620723 0.629405 0.529989 0.276606 -0.589468 0.620723 0.629306 0.529727 0.276606 -0.589468 0.620723 
0.629577 0.530681 0.276606 -0.589468 0.623656 0.629528 0.530481 0.276606 -0.589468 0.622678 0.629478 0.530250 0.276606 -0.589468 0.620723 0.629405 0.529989 0.276606 -0.589468 0.620723 0.629306 0.529727 0.276606 -0.589468 0.620723 0.629232 0.529481 0.276606 -0.589468 0.620723 
0.629528 0.530481 0.276606 -0.589468 0.622678 0.629478 0.530250 0.276606 -0.589468 0.620723 0.629405 0.529989 0.276606 -0.589468 0.620723 0.629306 0.529727 0.276606 -0.589468 0.620723 0.629232 0.529481 0.276606 -0.589468 0.620723 0.629134 0.529251 0.276606 -0.589468 0.621701 
0.629478 0.530250 0.276606 -0.589468 0.620723 0.629405 0.529989 0.276606 -0.589468 0.620723 0.629306 0.529727 0.276606 -0.589468 0.620723 0.629232 0.529481 0.276606 -0.589468 0.620723 0.629134 0.529251 0.276606 -0.589468 0.621701 0.629035 0.529005 0.276606 -0.589468 0.624633 
0.629405 0.529989 0.276606 -0.589468 0.620723 0.629306 0.529727 0.276606 -0.589468 0.620723 0.629232 0.529481 0.276606 -0.589468 0.620723 0.629134 0.529251 0.276606 -0.589468 0.621701 0.629035 0.529005 0.276606 -0.589468 0.624633 0.628937 0.528759 0.276606 -0.589468 0.625611 
0.629306 0.529727 0.276606 -0.589468 0.620723 0.629232 0.529481 0.276606 -0.589468 0.620723 0.629134 0.529251 0.276606 -0.589468 0.621701 0.629035 0.529005 0.276606 -0.589468 0.624633 0.628937 0.528759 0.276606 -0.589468 0.625611 0.628814 0.528497 0.276606 -0.589468 0.625611 
0.629232 0.529481 0.276606 -0.589468 0.620723 0.629134 0.529251 0.276606 -0.589468 0.621701 0.629035 0.529005 0.276606 -0.589468 0.624633 0.628937 0.528759 0.276606 -0.589468 0.625611 0.628814 0.528497 0.276606 -0.589468 0.625611 0.628666 0.528251 0.276606 -0.589468 0.626588 
0.629134 0.529251 0.276606 -0.589468 0.621701 0.629035 0.529005 0.276606 -0.589468 0.624633 0.628937 0.528759 0.276606 -0.589468 0.625611 0.628814 0.528497 0.276606 -0.589468 0.625611 0.628666 0.528251 0.276606 -0.589468 0.626588 0.628568 0.528036 0.276606 -0.589468 0.626588 
0.629035 0.529005 0.276606 -0.589468 0.624633 0.628937 0.528759 0.276606 -0.589468 0.625611 0.628814 0.528497 0.276606 -0.589468 0.625611 0.628666 0.528251 0.276606 -0.589468 0.626588 0.628568 0.528036 0.276606 -0.589468 0.626588 0.628445 0.527820 0.276606 -0.589468 0.627566 
0.628937 0.528759 0.276606 -0.589468 0.625611 0.628814 0.528497 0.276606 -0.589468 0.625611 0.628666 0.528251 0.276606 -0.589468 0.626588 0.628568 0.528036 0.276606 -0.589468 0.626588 0.628445 0.527820 0.276606 -0.589468 0.627566 0.628346 0.527636 0.276606 -0.589468 0.629521 
0.628814 0.528497 0.276606 -0.589468 0.625611 0.628666 0.528251 0.276606 -0.589468 0.626588 0.628568 0.528036 0.276606 -0.589468 0.626588 0.628445 0.527820 0.276606 -0.589468 0.627566 0.628346 0.527636 0.276606 -0.589468 0.629521 0.628223 0.527436 0.276606 -0.589468 0.630499 
0.628666 0.528251 0.276606 -0.589468 0.626588 0.628568 0.528036 0.276606 -0.589468 0.626588 0.628445 0.527820 0.276606 -0.589468 0.627566 0.628346 0.527636 0.276606 -0.589468 0.629521 0.628223 0.527436 0.276606 -0.589468 0.630499 0.628100 0.527236 0.276606 -0.589468 0.628543 
0.628568 0.528036 0.276606 -0.589468 0.626588 0.628445 0.527820 0.276606 -0.589468 0.627566 0.628346 0.527636 0.276606 -0.589468 0.629521 0.628223 0.527436 0.276606 -0.589468 0.630499 0.628100 0.527236 0.276606 -0.589468 0.628543 0.627953 0.527021 0.276606 -0.589468 0.627566 
0.628445 0.527820 0.276606 -0.589468 0.627566 0.628346 0.527636 0.276606 -0.589468 0.629521 0.628223 0.527436 0.276606 -0.589468 0.630499 0.628100 0.527236 0.276606 -0.589468 0.628543 0.627953 0.527021 0.276606 -0.589468 0.627566 0.627805 0.526790 0.276606 -0.589468 0.623656 
0.628346 0.527636 0.276606 -0.589468 0.629521 0.628223 0.527436 0.276606 -0.589468 0.630499 0.628100 0.527236 0.276606 -0.589468 0.628543 0.627953 0.527021 0.276606 -0.589468 0.627566 0.627805 0.526790 0.276606 -0.589468 0.623656 0.627682 0.526575 0.276606 -0.589468 0.623656 
0.628223 0.527436 0.276606 -0.589468 0.630499 0.628100 0.527236 0.276606 -0.589468 0.628543 0.627953 0.527021 0.276606 -0.589468 0.627566 0.627805 0.526790 0.276606 -0.589468 0.623656 0.627682 0.526575 0.276606 -0.589468 0.623656 0.627510 0.526344 0.276606 -0.589468 0.626588 
0.628100 0.527236 0.276606 -0.589468 0.628543 0.627953 0.527021 0.276606 -0.589468 0.627566 0.627805 0.526790 0.276606 -0.589468 0.623656 0.627682 0.526575 0.276606 -0.589468 0.623656 0.627510 0.526344 0.276606 -0.589468 0.626588 0.627338 0.526083 0.276606 -0.589468 0.628543 
0.627953 0.527021 0.276606 -0.589468 0.627566 0.627805 0.526790 0.276606 -0.589468 0.623656 0.627682 0.526575 0.276606 -0.589468 0.623656 0.627510 0.526344 0.276606 -0.589468 0.626588 0.627338 0.526083 0.276606 -0.589468 0.628543 0.627141 0.525806 0.276606 -0.589468 0.628543 
0.627805 0.526790 0.276606 -0.589468 0.623656 0.627682 0.526575 0.276606 -0.589468 0.623656 0.627510 0.526344 0.276606 -0.589468 0.626588 0.627338 0.526083 0.276606 -0.589468 0.628543 0.627141 0.525806 0.276606 -0.589468 0.628543 0.626968 0.525514 0.275128 -0.609842 0.629521 
0.627682 0.526575 0.276606 -0.589468 0.623656 0.627510 0.526344 0.276606 -0.589468 0.626588 0.627338 0.526083 0.276606 -0.589468 0.628543 0.627141 0.525806 0.276606 -0.589468 0.628543 0.626968 0.525514 0.275128 -0.609842 0.629521 0.626772 0.525237 0.275128 -0.609842 0.631476 
0.627510 0.526344 0.276606 -0.589468 0.626588 0.627338 0.526083 0.276606 -0.589468 0.628543 0.627141 0.525806 0.276606 -0.589468 0.628543 0.626968 0.525514 0.275128 -0.609842 0.629521 0.626772 0.525237 0.275128 -0.609842 0.631476 0.626599 0.524945 0.275128 -0.609842 0.630499 
0.627338 0.526083 0.276606 -0.589468 0.628543 0.627141 0.525806 0.276606 -0.589468 0.628543 0.626968 0.525514 0.275128 -0.609842 0.629521 0.626772 0.525237 0.275128 -0.609842 0.631476 0.626599 0.524945 0.275128 -0.609842 0.630499 0.626403 0.524683 0.275128 -0.609842 0.628543 
0.627141 0.525806 0.276606 -0.589468 0.628543 0.626968 0.525514 0.275128 -0.609842 0.629521 0.626772 0.525237 0.275128 -0.609842 0.631476 0.626599 0.524945 0.275128 -0.609842 0.630499 0.626403 0.524683 0.275128 -0.609842 0.628543 0.626230 0.524422 0.275128 -0.609842 0.630499 
0.626968 0.525514 0.275128 -0.609842 0.629521 0.626772 0.525237 0.275128 -0.609842 0.631476 0.626599 0.524945 0.275128 -0.609842 0.630499 0.626403 0.524683 0.275128 -0.609842 0.628543 0.626230 0.524422 0.275128 -0.609842 0.630499 0.626058 0.524145 0.275128 -0.609842 0.631476 
0.626772 0.525237 0.275128 -0.609842 0.631476 0.626599 0.524945 0.275128 -0.609842 0.630499 0.626403 0.524683 0.275128 -0.609842 0.628543 0.626230 0.524422 0.275128 -0.609842 0.630499 0.626058 0.524145 0.275128 -0.609842 0.631476 0.625910 0.523822 0.275128 -0.609842 0.630499 
0.626599 0.524945 0.275128 -0.609842 0.630499 0.626403 0.524683 0.275128 -0.609842 0.628543 0.626230 0.524422 0.275128 -0.609842 0.630499 0.626058 0.524145 0.275128 -0.609842 0.631476 0.625910 0.523822 0.275128 -0.609842 0.630499 0.625738 0.523484 0.275128 -0.609842 0.628543 
0.626403 0.524683 0.275128 -0.609842 0.628543 0.626230 0.524422 0.275128 -0.609842 0.630499 0.626058 0.524145 0.275128 -0.609842 0.631476 0.625910 0.523822 0.275128 -0.609842 0.630499 0.625738 0.523484 0.275128 -0.609842 0.628543 0.625591 0.523115 0.275128 -0.609842 0.628543 
0.626230 0.524422 0.275128 -0.609842 0.630499 0.626058 0.524145 0.275128 -0.609842 0.631476 0.625910 0.523822 0.275128 -0.609842 0.630499 0.625738 0.523484 0.275128 -0.609842 0.628543 0.625591 0.523115 0.275128 -0.609842 0.628543 0.625443 0.522745 0.275128 -0.609842 0.633431 
0.626058 0.524145 0.275128 -0.609842 0.631476 0.625910 0.523822 0.275128 -0.609842 0.630499 0.625738 0.523484 0.275128 -0.609842 0.628543 0.625591 0.523115 0.275128 -0.609842 0.628543 0.625443 0.522745 0.275128 -0.609842 0.633431 0.625271 0.522392 0.275128 -0.609842 0.634409 
0.625910 0.523822 0.275128 -0.609842 0.630499 0.625738 0.523484 0.275128 -0.609842 0.628543 0.625591 0.523115 0.275128 -0.609842 0.628543 0.625443 0.522745 0.275128 -0.609842 0.633431 0.625271 0.522392 0.275128 -0.609842 0.634409 0.625148 0.522007 0.275128 -0.609842 0.635386 
0.623179 0.550181 0.386358 -0.633113 0.664712 0.623647 0.549782 0.386358 -0.633113 0.669599 0.624090 0.549382 0.386358 -0.633113 0.667644 0.624508 0.548997 0.363296 -0.620720 0.666667 0.624951 0.548597 0.363296 -0.620720 0.670577 0.625369 0.548198 0.363296 -0.620720 0.669599 
0.623647 0.549782 0.386358 -0.633113 0.669599 0.624090 0.549382 0.386358 -0.633113 0.667644 0.624508 0.548997 0.363296 -0.620720 0.666667 0.624951 0.548597 0.363296 -0.620720 0.670577 0.625369 0.548198 0.363296 -0.620720 0.669599 0.625787 0.547813 0.363296 -0.620720 0.667644 
0.624090 0.549382 0.386358 -0.633113 0.667644 0.624508 0.548997 0.363296 -0.620720 0.666667 0.624951 0.548597 0.363296 -0.620720 0.670577 0.625369 0.548198 0.363296 -0.620720 0.669599 0.625787 0.547813 0.363296 -0.620720 0.667644 0.626255 0.547398 0.363296 -0.620720 0.662757 
0.624508 0.548997 0.363296 -0.620720 0.666667 0.624951 0.548597 0.363296 -0.620720 0.670577 0.625369 0.548198 0.363296 -0.620720 0.669599 0.625787 0.547813 0.363296 -0.620720 0.667644 0.626255 0.547398 0.363296 -0.620720 0.662757 0.626747 0.546967 0.363296 -0.620720 0.665689 
0.624951 0.548597 0.363296 -0.620720 0.670577 0.625369 0.548198 0.363296 -0.620720 0.669599 0.625787 0.547813 0.363296 -0.620720 0.667644 0.626255 0.547398 0.363296 -0.620720 0.662757 0.626747 0.546967 0.363296 -0.620720 0.665689 0.627239 0.546506 0.363296 -0.620720 0.661779 
0.625369 0.548198 0.363296 -0.620720 0.669599 0.625787 0.547813 0.363296 -0.620720 0.667644 0.626255 0.547398 0.363296 -0.620720 0.662757 0.626747 0.546967 0.363296 -0.620720 0.665689 0.627239 0.546506 0.363296 -0.620720 0.661779 0.627780 0.546029 0.363296 -0.620720 0.657869 
0.625787 0.547813 0.363296 -0.620720 0.667644 0.626255 0.547398 0.363296 -0.620720 0.662757 0.626747 0.546967 0.363296 -0.620720 0.665689 0.627239 0.546506 0.363296 -0.620720 0.661779 0.627780 0.546029 0.363296 -0.620720 0.657869 0.628371 0.545568 0.363296 -0.620720 0.656892 
0.626255 0.547398 0.363296 -0.620720 0.662757 0.626747 0.546967 0.363296 -0.620720 0.665689 0.627239 0.546506 0.363296 -0.620720 0.661779 0.627780 0.546029 0.363296 -0.620720 0.657869 0.628371 0.545568 0.363296 -0.620720 0.656892 0.628937 0.545091 0.363296 -0.620720 0.658847 
0.626747 0.546967 0.363296 -0.620720 0.665689 0.627239 0.546506 0.363296 -0.620720 0.661779 0.627780 0.546029 0.363296 -0.620720 0.657869 0.628371 0.545568 0.363296 -0.620720 0.656892 0.628937 0.545091 0.363296 -0.620720 0.658847 0.629503 0.544630 0.352297 -0.625025 0.650049 
0.627239 0.546506 0.363296 -0.620720 0.661779 0.627780 0.546029 0.363296 -0.620720 0.657869 0.628371 0.545568 0.363296 -0.620720 0.656892 0.628937 0.545091 0.363296 -0.620720 0.658847 0.629503 0.544630 0.352297 -0.625025 0.650049 0.630069 0.544168 0.352297 -0.625025 0.652004 
0.627780 0.546029 0.363296 -0.620720 0.657869 0.628371 0.545568 0.363296 -0.620720 0.656892 0.628937 0.545091 0.363296 -0.620720 0.658847 0.629503 0.544630 0.352297 -0.625025 0.650049 0.630069 0.544168 0.352297 -0.625025 0.652004 0.630586 0.543722 0.352297 -0.625025 0.648094 
0.628371 0.545568 0.363296 -0.620720 0.656892 0.628937 0.545091 0.363296 -0.620720 0.658847 0.629503 0.544630 0.352297 -0.625025 0.650049 0.630069 0.544168 0.352297 -0.625025 0.652004 0.630586 0.543722 0.352297 -0.625025 0.648094 0.631102 0.543292 0.352297 -0.625025 0.650049 
0.628937 0.545091 0.363296 -0.620720 0.658847 0.629503 0.544630 0.352297 -0.625025 0.650049 0.630069 0.544168 0.352297 -0.625025 0.652004 0.630586 0.543722 0.352297 -0.625025 0.648094 0.631102 0.543292 0.352297 -0.625025 0.650049 0.631570 0.542892 0.352297 -0.625025 0.647116 
0.629503 0.544630 0.352297 -0.625025 0.650049 0.630069 0.544168 0.352297 -0.625025 0.652004 0.630586 0.543722 0.352297 -0.625025 0.648094 0.631102 0.543292 0.352297 -0.625025 0.650049 0.631570 0.542892 0.352297 -0.625025 0.647116 0.631988 0.542538 0.352297 -0.625025 0.650049 
0.630069 0.544168 0.352297 -0.625025 0.652004 0.630586 0.543722 0.352297 -0.625025 0.648094 0.631102 0.543292 0.352297 -0.625025 0.650049 0.631570 0.542892 0.352297 -0.625025 0.647116 0.631988 0.542538 0.352297 -0.625025 0.650049 0.632333 0.542200 0.352297 -0.625025 0.648094 
0.630586 0.543722 0.352297 -0.625025 0.648094 0.631102 0.543292 0.352297 -0.625025 0.650049 0.631570 0.542892 0.352297 -0.625025 0.647116 0.631988 0.542538 0.352297 -0.625025 0.650049 0.632333 0.542200 0.352297 -0.625025 0.648094 0.632628 0.541908 0.352297 -0.625025 0.649071 
0.631102 0.543292 0.352297 -0.625025 0.650049 0.631570 0.542892 0.352297 -0.625025 0.647116 0.631988 0.542538 0.352297 -0.625025 0.650049 0.632333 0.542200 0.352297 -0.625025 0.648094 0.632628 0.541908 0.352297 -0.625025 0.649071 0.632923 0.541615 0.352297 -0.625025 0.647116 
0.631570 0.542892 0.352297 -0.625025 0.647116 0.631988 0.542538 0.352297 -0.625025 0.650049 0.632333 0.542200 0.352297 -0.625025 0.648094 0.632628 0.541908 0.352297 -0.625025 0.649071 0.632923 0.541615 0.352297 -0.625025 0.647116 0.633169 0.541339 0.352297 -0.625025 0.650049 
0.631988 0.542538 0.352297 -0.625025 0.650049 0.632333 0.542200 0.352297 -0.625025 0.648094 0.632628 0.541908 0.352297 -0.625025 0.649071 0.632923 0.541615 0.352297 -0.625025 0.647116 0.633169 0.541339 0.352297 -0.625025 0.650049 0.633415 0.541093 0.352297 -0.625025 0.650049 
0.632333 0.542200 0.352297 -0.625025 0.648094 0.632628 0.541908 0.352297 -0.625025 0.649071 0.632923 0.541615 0.352297 -0.625025 0.647116 0.633169 0.541339 0.352297 -0.625025 0.650049 0.633415 0.541093 0.352297 -0.625025 0.650049 0.633612 0.540877 0.352297 -0.625025 0.651026 
0.632628 0.541908 0.352297 -0.625025 0.649071 0.632923 0.541615 0.352297 -0.625025 0.647116 0.633169 0.541339 0.352297 -0.625025 0.650049 0.633415 0.541093 0.352297 -0.625025 0.650049 0.633612 0.540877 0.352297 -0.625025 0.651026 0.633809 0.540662 0.352297 -0.625025 0.648094 
0.632923 0.541615 0.352297 -0.625025 0.647116 0.633169 0.541339 0.352297 -0.625025 0.650049 0.633415 0.541093 0.352297 -0.625025 0.650049 0.633612 0.540877 0.352297 -0.625025 0.651026 0.633809 0.540662 0.352297 -0.625025 0.648094 0.633981 0.540462 0.352297 -0.625025 0.643206 
0.633169 0.541339 0.352297 -0.625025 0.650049 0.633415 0.541093 0.352297 -0.625025 0.650049 0.633612 0.540877 0.352297 -0.625025 0.651026 0.633809 0.540662 0.352297 -0.625025 0.648094 0.633981 0.540462 0.352297 -0.625025 0.643206 0.634154 0.540277 0.352297 -0.625025 0.643206 
0.633415 0.541093 0.352297 -0.625025 0.650049 0.633612 0.540877 0.352297 -0.625025 0.651026 0.633809 0.540662 0.352297 -0.625025 0.648094 0.633981 0.540462 0.352297 -0.625025 0.643206 0.634154 0.540277 0.352297 -0.625025 0.643206 0.634326 0.540108 0.352297 -0.625025 0.641251 
0.633612 0.540877 0.352297 -0.625025 0.651026 0.633809 0.540662 0.352297 -0.625025 0.648094 0.633981 0.540462 0.352297 -0.625025 0.643206 0.634154 0.540277 0.352297 -0.625025 0.643206 0.634326 0.540108 0.352297 -0.625025 0.641251 0.634449 0.539939 0.352476 -0.646169 0.639296 
0.633809 0.540662 0.352297 -0.625025 0.648094 0.633981 0.540462 0.352297 -0.625025 0.643206 0.634154 0.540277 0.352297 -0.625025 0.643206 0.634326 0.540108 0.352297 -0.625025 0.641251 0.634449 0.539939 0.352476 -0.646169 0.639296 0.634596 0.539801 0.352476 -0.646169 0.632454 
0.633981 0.540462 0.352297 -0.625025 0.643206 0.634154 0.540277 0.352297 -0.625025 0.643206 0.634326 0.540108 0.352297 -0.625025 0.641251 0.634449 0.539939 0.352476 -0.646169 0.639296 0.634596 0.539801 0.352476 -0.646169 0.632454 0.634670 0.539662 0.352476 -0.646169 0.628543 
0.634154 0.540277 0.352297 -0.625025 0.643206 0.634326 0.540108 0.352297 -0.625025 0.641251 0.634449 0.539939 0.352476 -0.646169 0.639296 0.634596 0.539801 0.352476 -0.646169 0.632454 0.634670 0.539662 0.352476 -0.646169 0.628543 0.634744 0.539555 0.352476 -0.646169 0.627566 
0.634326 0.540108 0.352297 -0.625025 0.641251 0.634449 0.539939 0.352476 -0.646169 0.639296 0.634596 0.539801 0.352476 -0.646169 0.632454 0.634670 0.539662 0.352476 -0.646169 0.628543 0.634744 0.539555 0.352476 -0.646169 0.627566 0.634793 0.539462 0.352476 -0.646169 0.625611 
0.634449 0.539939 0.352476 -0.646169 0.639296 0.634596 0.539801 0.352476 -0.646169 0.632454 0.634670 0.539662 0.352476 -0.646169 0.628543 0.634744 0.539555 0.352476 -0.646169 0.627566 0.634793 0.539462 0.352476 -0.646169 0.625611 0.634818 0.539385 0.340784 -0.650176 0.619746 
0.634596 0.539801 0.352476 -0.646169 0.632454 0.634670 0.539662 0.352476 -0.646169 0.628543 0.634744 0.539555 0.352476 -0.646169 0.627566 0.634793 0.539462 0.352476 -0.646169 0.625611 0.634818 0.539385 0.340784 -0.650176 0.619746 0.634818 0.539324 0.340784 -0.650176 0.608016 
0.634670 0.539662 0.352476 -0.646169 0.628543 0.634744 0.539555 0.352476 -0.646169 0.627566 0.634793 0.539462 0.352476 -0.646169 0.625611 0.634818 0.539385 0.340784 -0.650176 0.619746 0.634818 0.539324 0.340784 -0.650176 0.608016 0.634818 0.539262 0.340784 -0.650176 0.589443 
0.634744 0.539555 0.352476 -0.646169 0.627566 0.634793 0.539462 0.352476 -0.646169 0.625611 0.634818 0.539385 0.340784 -0.650176 0.619746 0.634818 0.539324 0.340784 -0.650176 0.608016 0.634818 0.539262 0.340784 -0.650176 0.589443 0.634818 0.539186 0.340784 -0.650176 0.565005 
0.634793 0.539462 0.352476 -0.646169 0.625611 0.634818 0.539385 0.340784 -0.650176 0.619746 0.634818 0.539324 0.340784 -0.650176 0.608016 0.634818 0.539262 0.340784 -0.650176 0.589443 0.634818 0.539186 0.340784 -0.650176 0.565005 0.634818 0.539093 0.340784 -0.650176 0.521994 
0.634818 0.539385 0.340784 -0.650176 0.619746 0.634818 0.539324 0.340784 -0.650176 0.608016 0.634818 0.539262 0.340784 -0.650176 0.589443 0.634818 0.539186 0.340784 -0.650176 0.565005 0.634818 0.539093 0.340784 -0.650176 0.521994 0.634449 0.538986 0.340784 -0.650176 0.453568 
0.634818 0.539324 0.340784 -0.650176 0.608016 0.634818 0.539262 0.340784 -0.650176 0.589443 0.634818 0.539186 0.340784 -0.650176 0.565005 0.634818 0.539093 0.340784 -0.650176 0.521994 0.634449 0.538986 0.340784 -0.650176 0.453568 0.633907 0.538909 0.340784 -0.650176 0.346041 
0.634818 0.539262 0.340784 -0.650176 0.589443 0.634818 0.539186 0.340784 -0.650176 0.565005 0.634818 0.539093 0.340784 -0.650176 0.521994 0.634449 0.538986 0.340784 -0.650176 0.453568 0.633907 0.538909 0.340784 -0.650176 0.346041 0.633194 0.538909 0.340784 -0.650176 0.209189 
0.634818 0.539186 0.340784 -0.650176 0.565005 0.634818 0.539093 0.340784 -0.650176 0.521994 0.634449 0.538986 0.340784 -0.650176 0.453568 0.633907 0.538909 0.340784 -0.650176 0.346041 0.633194 0.538909 0.340784 -0.650176 0.209189 0.632333 0.538909 0.306441 -0.640557 0.105572 
0.634818 0.539093 0.340784 -0.650176 0.521994 0.634449 0.538986 0.340784 -0.650176 0.453568 0.633907 0.538909 0.340784 -0.650176 0.346041 0.633194 0.538909 0.340784 -0.650176 0.209189 0.632333 0.538909 0.306441 -0.640557 0.105572 0.629995 0.540262 0.306441 -0.640557 0.000000 
0.634449 0.538986 0.340784 -0.650176 0.453568 0.633907 0.538909 0.340784 -0.650176 0.346041 0.633194 0.538909 0.340784 -0.650176 0.209189 0.632333 0.538909 0.306441 -0.640557 0.105572 0.629995 0.540262 0.306441 -0.640557 0.000000 0.628494 0.541477 0.306441 -0.640557 0.000000 
0.633907 0.538909 0.340784 -0.650176 0.346041 0.633194 0.538909 0.340784 -0.650176 0.209189 0.632333 0.538909 0.306441 -0.640557 0.105572 0.629995 0.540262 0.306441 -0.640557 0.000000 0.628494 0.541477 0.306441 -0.640557 0.000000 0.626796 0.543123 0.316819 -0.657681 0.000000 
