0.619390 0.509043 0.356703 0.334442 0.786901 0.620620 0.508535 0.347728 0.315459 0.791789 0.621826 0.508043 0.347728 0.315459 0.795699 0.623056 0.507520 0.347728 0.315459 0.797654 0.624237 0.507028 0.347728 0.315459 0.804497 0.625394 0.506536 0.347728 0.315459 0.802542 
0.620620 0.508535 0.347728 0.315459 0.791789 0.621826 0.508043 0.347728 0.315459 0.795699 0.623056 0.507520 0.347728 0.315459 0.797654 0.624237 0.507028 0.347728 0.315459 0.804497 0.625394 0.506536 0.347728 0.315459 0.802542 0.626526 0.506044 0.347728 0.315459 0.802542 
0.621826 0.508043 0.347728 0.315459 0.795699 0.623056 0.507520 0.347728 0.315459 0.797654 0.624237 0.507028 0.347728 0.315459 0.804497 0.625394 0.506536 0.347728 0.315459 0.802542 0.626526 0.506044 0.347728 0.315459 0.802542 0.627584 0.505583 0.347728 0.315459 0.809384 
0.623056 0.507520 0.347728 0.315459 0.797654 0.624237 0.507028 0.347728 0.315459 0.804497 0.625394 0.506536 0.347728 0.315459 0.802542 0.626526 0.506044 0.347728 0.315459 0.802542 0.627584 0.505583 0.347728 0.315459 0.809384 0.628592 0.505137 0.347728 0.315459 0.821114 
0.624237 0.507028 0.347728 0.315459 0.804497 0.625394 0.506536 0.347728 0.315459 0.802542 0.626526 0.506044 0.347728 0.315459 0.802542 0.627584 0.505583 0.347728 0.315459 0.809384 0.628592 0.505137 0.347728 0.315459 0.821114 0.629577 0.504691 0.347728 0.315459 0.818182 
0.625394 0.506536 0.347728 0.315459 0.802542 0.626526 0.506044 0.347728 0.315459 0.802542 0.627584 0.505583 0.347728 0.315459 0.809384 0.628592 0.505137 0.347728 0.315459 0.821114 0.629577 0.504691 0.347728 0.315459 0.818182 0.630536 0.504260 0.328667 0.307907 0.822092 
0.626526 0.506044 0.347728 0.315459 0.802542 0.627584 0.505583 0.347728 0.315459 0.809384 0.628592 0.505137 0.347728 0.315459 0.821114 0.629577 0.504691 0.347728 0.315459 0.818182 0.630536 0.504260 0.328667 0.307907 0.822092 0.631398 0.503891 0.328667 0.307907 0.821114 
0.627584 0.505583 0.347728 0.315459 0.809384 0.628592 0.505137 0.347728 0.315459 0.821114 0.629577 0.504691 0.347728 0.315459 0.818182 0.630536 0.504260 0.328667 0.307907 0.822092 0.631398 0.503891 0.328667 0.307907 0.821114 0.632210 0.503537 0.328667 0.307907 0.828934 
0.628592 0.505137 0.347728 0.315459 0.821114 0.629577 0.504691 0.347728 0.315459 0.818182 0.630536 0.504260 0.328667 0.307907 0.822092 0.631398 0.503891 0.328667 0.307907 0.821114 0.632210 0.503537 0.328667 0.307907 0.828934 0.632997 0.503199 0.328667 0.307907 0.826979 
0.629577 0.504691 0.347728 0.315459 0.818182 0.630536 0.504260 0.328667 0.307907 0.822092 0.631398 0.503891 0.328667 0.307907 0.821114 0.632210 0.503537 0.328667 0.307907 0.828934 0.632997 0.503199 0.328667 0.307907 0.826979 0.633711 0.502907 0.328667 0.307907 0.823069 
0.630536 0.504260 0.328667 0.307907 0.822092 0.631398 0.503891 0.328667 0.307907 0.821114 0.632210 0.503537 0.328667 0.307907 0.828934 0.632997 0.503199 0.328667 0.307907 0.826979 0.633711 0.502907 0.328667 0.307907 0.823069 0.634400 0.502630 0.328667 0.307907 0.826002 
0.631398 0.503891 0.328667 0.307907 0.821114 0.632210 0.503537 0.328667 0.307907 0.828934 0.632997 0.503199 0.328667 0.307907 0.826979 0.633711 0.502907 0.328667 0.307907 0.823069 0.634400 0.502630 0.328667 0.307907 0.826002 0.635064 0.502353 0.328667 0.307907 0.825024 
0.632210 0.503537 0.328667 0.307907 0.828934 0.632997 0.503199 0.328667 0.307907 0.826979 0.633711 0.502907 0.328667 0.307907 0.823069 0.634400 0.502630 0.328667 0.307907 0.826002 0.635064 0.502353 0.328667 0.307907 0.825024 0.635679 0.502076 0.318503 0.318503 0.821114 
0.632997 0.503199 0.328667 0.307907 0.826979 0.633711 0.502907 0.328667 0.307907 0.823069 0.634400 0.502630 0.328667 0.307907 0.826002 0.635064 0.502353 0.328667 0.307907 0.825024 0.635679 0.502076 0.318503 0.318503 0.821114 0.636245 0.501845 0.318503 0.318503 0.823069 
0.633711 0.502907 0.328667 0.307907 0.823069 0.634400 0.502630 0.328667 0.307907 0.826002 0.635064 0.502353 0.328667 0.307907 0.825024 0.635679 0.502076 0.318503 0.318503 0.821114 0.636245 0.501845 0.318503 0.318503 0.823069 0.636762 0.501615 0.318503 0.318503 0.822092 
0.634400 0.502630 0.328667 0.307907 0.826002 0.635064 0.502353 0.328667 0.307907 0.825024 0.635679 0.502076 0.318503 0.318503 0.821114 0.636245 0.501845 0.318503 0.318503 0.823069 0.636762 0.501615 0.318503 0.318503 0.822092 0.637205 0.501384 0.318503 0.318503 0.822092 
0.635064 0.502353 0.328667 0.307907 0.825024 0.635679 0.502076 0.318503 0.318503 0.821114 0.636245 0.501845 0.318503 0.318503 0.823069 0.636762 0.501615 0.318503 0.318503 0.822092 0.637205 0.501384 0.318503 0.318503 0.822092 0.637623 0.501184 0.318503 0.318503 0.817204 
0.635679 0.502076 0.318503 0.318503 0.821114 0.636245 0.501845 0.318503 0.318503 0.823069 0.636762 0.501615 0.318503 0.318503 0.822092 0.637205 0.501384 0.318503 0.318503 0.822092 0.637623 0.501184 0.318503 0.318503 0.817204 0.637968 0.501000 0.318503 0.318503 0.809384 
0.636245 0.501845 0.318503 0.318503 0.823069 0.636762 0.501615 0.318503 0.318503 0.822092 0.637205 0.501384 0.318503 0.318503 0.822092 0.637623 0.501184 0.318503 0.318503 0.817204 0.637968 0.501000 0.318503 0.318503 0.809384 0.638238 0.500846 0.318503 0.318503 0.803519 
0.636762 0.501615 0.318503 0.318503 0.822092 0.637205 0.501384 0.318503 0.318503 0.822092 0.637623 0.501184 0.318503 0.318503 0.817204 0.637968 0.501000 0.318503 0.318503 0.809384 0.638238 0.500846 0.318503 0.318503 0.803519 0.638435 0.500723 0.318503 0.318503 0.786901 
0.637205 0.501384 0.318503 0.318503 0.822092 0.637623 0.501184 0.318503 0.318503 0.817204 0.637968 0.501000 0.318503 0.318503 0.809384 0.638238 0.500846 0.318503 0.318503 0.803519 0.638435 0.500723 0.318503 0.318503 0.786901 0.638558 0.500615 0.318503 0.318503 0.760508 
0.637623 0.501184 0.318503 0.318503 0.817204 0.637968 0.501000 0.318503 0.318503 0.809384 0.638238 0.500846 0.318503 0.318503 0.803519 0.638435 0.500723 0.318503 0.318503 0.786901 0.638558 0.500615 0.318503 0.318503 0.760508 0.638558 0.500508 0.318503 0.318503 0.719453 
0.637968 0.501000 0.318503 0.318503 0.809384 0.638238 0.500846 0.318503 0.318503 0.803519 0.638435 0.500723 0.318503 0.318503 0.786901 0.638558 0.500615 0.318503 0.318503 0.760508 0.638558 0.500508 0.318503 0.318503 0.719453 0.638558 0.500446 0.318503 0.318503 0.651026 
0.638238 0.500846 0.318503 0.318503 0.803519 0.638435 0.500723 0.318503 0.318503 0.786901 0.638558 0.500615 0.318503 0.318503 0.760508 0.638558 0.500508 0.318503 0.318503 0.719453 0.638558 0.500446 0.318503 0.318503 0.651026 0.638238 0.500446 0.318503 0.318503 0.555230 
0.638435 0.500723 0.318503 0.318503 0.786901 0.638558 0.500615 0.318503 0.318503 0.760508 0.638558 0.500508 0.318503 0.318503 0.719453 0.638558 0.500446 0.318503 0.318503 0.651026 0.638238 0.500446 0.318503 0.318503 0.555230 0.637229 0.500446 0.318503 0.318503 0.405670 
0.638558 0.500615 0.318503 0.318503 0.760508 0.638558 0.500508 0.318503 0.318503 0.719453 0.638558 0.500446 0.318503 0.318503 0.651026 0.638238 0.500446 0.318503 0.318503 0.555230 0.637229 0.500446 0.318503 0.318503 0.405670 0.635827 0.500446 0.318503 0.318503 0.182796 
0.638558 0.500508 0.318503 0.318503 0.719453 0.638558 0.500446 0.318503 0.318503 0.651026 0.638238 0.500446 0.318503 0.318503 0.555230 0.637229 0.500446 0.318503 0.318503 0.405670 0.635827 0.500446 0.318503 0.318503 0.182796 0.631447 0.501200 0.318503 0.318503 0.000000 
0.638558 0.500446 0.318503 0.318503 0.651026 0.638238 0.500446 0.318503 0.318503 0.555230 0.637229 0.500446 0.318503 0.318503 0.405670 0.635827 0.500446 0.318503 0.318503 0.182796 0.631447 0.501200 0.318503 0.318503 0.000000 0.628396 0.501830 0.318503 0.318503 0.000000 
0.462377 0.484175 0.281879 0.419463 0.000000 0.463656 0.486390 0.263719 0.407871 0.000000 0.465723 0.489019 0.242252 0.376579 0.000000 0.468898 0.491788 0.225413 0.364575 0.000000 0.473376 0.494664 0.193427 0.339673 0.000000 0.627780 0.504445 0.016193 -0.049802 0.000000 
0.463656 0.486390 0.263719 0.407871 0.000000 0.465723 0.489019 0.242252 0.376579 0.000000 0.468898 0.491788 0.225413 0.364575 0.000000 0.473376 0.494664 0.193427 0.339673 0.000000 0.627780 0.504445 0.016193 -0.049802 0.000000 0.633637 0.501261 -0.031735 -0.062225 0.000000 
0.465723 0.489019 0.242252 0.376579 0.000000 0.468898 0.491788 0.225413 0.364575 0.000000 0.473376 0.494664 0.193427 0.339673 0.000000 0.627780 0.504445 0.016193 -0.049802 0.000000 0.633637 0.501261 -0.031735 -0.062225 0.000000 0.633194 0.499354 -0.031735 -0.062225 0.000000 
0.640305 0.497170 0.437020 0.423782 0.000000 0.639961 0.497509 0.437020 0.423782 0.000000 0.639690 0.497847 0.437020 0.423782 0.000000 0.639419 0.498216 0.416055 0.416055 0.000000 0.639198 0.498616 0.416055 0.416055 0.000000 0.639099 0.499000 0.416055 0.416055 0.000000 
0.639961 0.497509 0.437020 0.423782 0.000000 0.639690 0.497847 0.437020 0.423782 0.000000 0.639419 0.498216 0.416055 0.416055 0.000000 0.639198 0.498616 0.416055 0.416055 0.000000 0.639099 0.499000 0.416055 0.416055 0.000000 0.638878 0.499369 0.416055 0.416055 0.000000 
0.639690 0.497847 0.437020 0.423782 0.000000 0.639419 0.498216 0.416055 0.416055 0.000000 0.639198 0.498616 0.416055 0.416055 0.000000 0.639099 0.499000 0.416055 0.416055 0.000000 0.638878 0.499369 0.416055 0.416055 0.000000 0.638681 0.499662 0.416055 0.416055 0.000000 
0.639419 0.498216 0.416055 0.416055 0.000000 0.639198 0.498616 0.416055 0.416055 0.000000 0.639099 0.499000 0.416055 0.416055 0.000000 0.638878 0.499369 0.416055 0.416055 0.000000 0.638681 0.499662 0.416055 0.416055 0.000000 0.638509 0.499739 0.422433 0.409528 0.000000 
0.639198 0.498616 0.416055 0.416055 0.000000 0.639099 0.499000 0.416055 0.416055 0.000000 0.638878 0.499369 0.416055 0.416055 0.000000 0.638681 0.499662 0.416055 0.416055 0.000000 0.638509 0.499739 0.422433 0.409528 0.000000 0.638312 0.500000 0.422433 0.409528 0.000000 
0.639099 0.499000 0.416055 0.416055 0.000000 0.638878 0.499369 0.416055 0.416055 0.000000 0.638681 0.499662 0.416055 0.416055 0.000000 0.638509 0.499739 0.422433 0.409528 0.000000 0.638312 0.500000 0.422433 0.409528 0.000000 0.638017 0.500323 0.422433 0.409528 0.000000 
0.638878 0.499369 0.416055 0.416055 0.000000 0.638681 0.499662 0.416055 0.416055 0.000000 0.638509 0.499739 0.422433 0.409528 0.000000 0.638312 0.500000 0.422433 0.409528 0.000000 0.638017 0.500323 0.422433 0.409528 0.000000 0.637820 0.500369 0.422433 0.409528 0.000000 
0.638681 0.499662 0.416055 0.416055 0.000000 0.638509 0.499739 0.422433 0.409528 0.000000 0.638312 0.500000 0.422433 0.409528 0.000000 0.638017 0.500323 0.422433 0.409528 0.000000 0.637820 0.500369 0.422433 0.409528 0.000000 0.637598 0.500600 0.422433 0.409528 0.000000 
0.638509 0.499739 0.422433 0.409528 0.000000 0.638312 0.500000 0.422433 0.409528 0.000000 0.638017 0.500323 0.422433 0.409528 0.000000 0.637820 0.500369 0.422433 0.409528 0.000000 0.637598 0.500600 0.422433 0.409528 0.000000 0.637352 0.500692 0.422433 0.409528 0.000000 
0.638312 0.500000 0.422433 0.409528 0.000000 0.638017 0.500323 0.422433 0.409528 0.000000 0.637820 0.500369 0.422433 0.409528 0.000000 0.637598 0.500600 0.422433 0.409528 0.000000 0.637352 0.500692 0.422433 0.409528 0.000000 0.637106 0.500784 0.401763 0.401763 0.000000 
0.638017 0.500323 0.422433 0.409528 0.000000 0.637820 0.500369 0.422433 0.409528 0.000000 0.637598 0.500600 0.422433 0.409528 0.000000 0.637352 0.500692 0.422433 0.409528 0.000000 0.637106 0.500784 0.401763 0.401763 0.000000 0.636885 0.500877 0.393635 0.381421 0.000000 
0.637820 0.500369 0.422433 0.409528 0.000000 0.637598 0.500600 0.422433 0.409528 0.000000 0.637352 0.500692 0.422433 0.409528 0.000000 0.637106 0.500784 0.401763 0.401763 0.000000 0.636885 0.500877 0.393635 0.381421 0.000000 0.636663 0.501000 0.393635 0.381421 0.118280 
0.637598 0.500600 0.422433 0.409528 0.000000 0.637352 0.500692 0.422433 0.409528 0.000000 0.637106 0.500784 0.401763 0.401763 0.000000 0.636885 0.500877 0.393635 0.381421 0.000000 0.636663 0.501000 0.393635 0.381421 0.118280 0.636491 0.501092 0.393635 0.381421 0.197458 
0.637352 0.500692 0.422433 0.409528 0.000000 0.637106 0.500784 0.401763 0.401763 0.000000 0.636885 0.500877 0.393635 0.381421 0.000000 0.636663 0.501000 0.393635 0.381421 0.118280 0.636491 0.501092 0.393635 0.381421 0.197458 0.636368 0.501184 0.393635 0.381421 0.272727 
0.637106 0.500784 0.401763 0.401763 0.000000 0.636885 0.500877 0.393635 0.381421 0.000000 0.636663 0.501000 0.393635 0.381421 0.118280 0.636491 0.501092 0.393635 0.381421 0.197458 0.636368 0.501184 0.393635 0.381421 0.272727 0.636294 0.501276 0.393635 0.381421 0.340176 
0.636885 0.500877 0.393635 0.381421 0.000000 0.636663 0.501000 0.393635 0.381421 0.118280 0.636491 0.501092 0.393635 0.381421 0.197458 0.636368 0.501184 0.393635 0.381421 0.272727 0.636294 0.501276 0.393635 0.381421 0.340176 0.636270 0.501338 0.393635 0.381421 0.386119 
0.636663 0.501000 0.393635 0.381421 0.118280 0.636491 0.501092 0.393635 0.381421 0.197458 0.636368 0.501184 0.393635 0.381421 0.272727 0.636294 0.501276 0.393635 0.381421 0.340176 0.636270 0.501338 0.393635 0.381421 0.386119 0.636270 0.501384 0.393635 0.381421 0.418377 
0.636491 0.501092 0.393635 0.381421 0.197458 0.636368 0.501184 0.393635 0.381421 0.272727 0.636294 0.501276 0.393635 0.381421 0.340176 0.636270 0.501338 0.393635 0.381421 0.386119 0.636270 0.501384 0.393635 0.381421 0.418377 0.636270 0.501415 0.393635 0.381421 0.446725 
0.636368 0.501184 0.393635 0.381421 0.272727 0.636294 0.501276 0.393635 0.381421 0.340176 0.636270 0.501338 0.393635 0.381421 0.386119 0.636270 0.501384 0.393635 0.381421 0.418377 0.636270 0.501415 0.393635 0.381421 0.446725 0.636270 0.501430 0.393635 0.381421 0.475073 
0.636294 0.501276 0.393635 0.381421 0.340176 0.636270 0.501338 0.393635 0.381421 0.386119 0.636270 0.501384 0.393635 0.381421 0.418377 0.636270 0.501415 0.393635 0.381421 0.446725 0.636270 0.501430 0.393635 0.381421 0.475073 0.636343 0.501430 0.393635 0.381421 0.570870 
0.636270 0.501338 0.393635 0.381421 0.386119 0.636270 0.501384 0.393635 0.381421 0.418377 0.636270 0.501415 0.393635 0.381421 0.446725 0.636270 0.501430 0.393635 0.381421 0.475073 0.636343 0.501430 0.393635 0.381421 0.570870 0.636491 0.501430 0.393635 0.381421 0.578690 
0.636270 0.501384 0.393635 0.381421 0.418377 0.636270 0.501415 0.393635 0.381421 0.446725 0.636270 0.501430 0.393635 0.381421 0.475073 0.636343 0.501430 0.393635 0.381421 0.570870 0.636491 0.501430 0.393635 0.381421 0.578690 0.636639 0.501430 0.393635 0.381421 0.585533 
0.636270 0.501415 0.393635 0.381421 0.446725 0.636270 0.501430 0.393635 0.381421 0.475073 0.636343 0.501430 0.393635 0.381421 0.570870 0.636491 0.501430 0.393635 0.381421 0.578690 0.636639 0.501430 0.393635 0.381421 0.585533 0.636860 0.501430 0.393635 0.381421 0.590420 
0.636270 0.501430 0.393635 0.381421 0.475073 0.636343 0.501430 0.393635 0.381421 0.570870 0.636491 0.501430 0.393635 0.381421 0.578690 0.636639 0.501430 0.393635 0.381421 0.585533 0.636860 0.501430 0.393635 0.381421 0.590420 0.637082 0.501307 0.393635 0.381421 0.598240 
0.636343 0.501430 0.393635 0.381421 0.570870 0.636491 0.501430 0.393635 0.381421 0.578690 0.636639 0.501430 0.393635 0.381421 0.585533 0.636860 0.501430 0.393635 0.381421 0.590420 0.637082 0.501307 0.393635 0.381421 0.598240 0.637377 0.501169 0.405300 0.368660 0.605083 
0.636491 0.501430 0.393635 0.381421 0.578690 0.636639 0.501430 0.393635 0.381421 0.585533 0.636860 0.501430 0.393635 0.381421 0.590420 0.637082 0.501307 0.393635 0.381421 0.598240 0.637377 0.501169 0.405300 0.368660 0.605083 0.637697 0.501000 0.405300 0.368660 0.616813 
0.636639 0.501430 0.393635 0.381421 0.585533 0.636860 0.501430 0.393635 0.381421 0.590420 0.637082 0.501307 0.393635 0.381421 0.598240 0.637377 0.501169 0.405300 0.368660 0.605083 0.637697 0.501000 0.405300 0.368660 0.616813 0.637992 0.500815 0.405300 0.368660 0.632454 
0.636860 0.501430 0.393635 0.381421 0.590420 0.637082 0.501307 0.393635 0.381421 0.598240 0.637377 0.501169 0.405300 0.368660 0.605083 0.637697 0.501000 0.405300 0.368660 0.616813 0.637992 0.500815 0.405300 0.368660 0.632454 0.638361 0.500631 0.405300 0.368660 0.634409 
0.637082 0.501307 0.393635 0.381421 0.598240 0.637377 0.501169 0.405300 0.368660 0.605083 0.637697 0.501000 0.405300 0.368660 0.616813 0.637992 0.500815 0.405300 0.368660 0.632454 0.638361 0.500631 0.405300 0.368660 0.634409 0.638730 0.500400 0.405300 0.368660 0.639296 
0.637377 0.501169 0.405300 0.368660 0.605083 0.637697 0.501000 0.405300 0.368660 0.616813 0.637992 0.500815 0.405300 0.368660 0.632454 0.638361 0.500631 0.405300 0.368660 0.634409 0.638730 0.500400 0.405300 0.368660 0.639296 0.639149 0.500185 0.379417 0.367557 0.654936 
0.637697 0.501000 0.405300 0.368660 0.616813 0.637992 0.500815 0.405300 0.368660 0.632454 0.638361 0.500631 0.405300 0.368660 0.634409 0.638730 0.500400 0.405300 0.368660 0.639296 0.639149 0.500185 0.379417 0.367557 0.654936 0.639567 0.499923 0.379417 0.367557 0.652981 
0.637992 0.500815 0.405300 0.368660 0.632454 0.638361 0.500631 0.405300 0.368660 0.634409 0.638730 0.500400 0.405300 0.368660 0.639296 0.639149 0.500185 0.379417 0.367557 0.654936 0.639567 0.499923 0.379417 0.367557 0.652981 0.640034 0.499646 0.379417 0.367557 0.654936 
0.638361 0.500631 0.405300 0.368660 0.634409 0.638730 0.500400 0.405300 0.368660 0.639296 0.639149 0.500185 0.379417 0.367557 0.654936 0.639567 0.499923 0.379417 0.367557 0.652981 0.640034 0.499646 0.379417 0.367557 0.654936 0.640527 0.499339 0.379417 0.367557 0.659824 
0.638730 0.500400 0.405300 0.368660 0.639296 0.639149 0.500185 0.379417 0.367557 0.654936 0.639567 0.499923 0.379417 0.367557 0.652981 0.640034 0.499646 0.379417 0.367557 0.654936 0.640527 0.499339 0.379417 0.367557 0.659824 0.641068 0.499016 0.379417 0.367557 0.667644 
0.650074 0.491449 0.396218 0.348791 0.187683 0.648450 0.493110 0.405300 0.368660 0.000000 0.648007 0.494433 0.405300 0.368660 0.000000 0.647908 0.496171 0.405300 0.368660 0.000000 0.647908 0.498247 0.405300 0.368660 0.000000 0.648007 0.500492 0.390750 0.355176 0.000000 
0.648450 0.493110 0.405300 0.368660 0.000000 0.648007 0.494433 0.405300 0.368660 0.000000 0.647908 0.496171 0.405300 0.368660 0.000000 0.647908 0.498247 0.405300 0.368660 0.000000 0.648007 0.500492 0.390750 0.355176 0.000000 0.648278 0.502860 0.361968 0.328580 0.000000 
0.648007 0.494433 0.405300 0.368660 0.000000 0.647908 0.496171 0.405300 0.368660 0.000000 0.647908 0.498247 0.405300 0.368660 0.000000 0.648007 0.500492 0.390750 0.355176 0.000000 0.648278 0.502860 0.361968 0.328580 0.000000 0.649016 0.505321 0.347728 0.315459 0.000000 
0.647908 0.496171 0.405300 0.368660 0.000000 0.647908 0.498247 0.405300 0.368660 0.000000 0.648007 0.500492 0.390750 0.355176 0.000000 0.648278 0.502860 0.361968 0.328580 0.000000 0.649016 0.505321 0.347728 0.315459 0.000000 0.649114 0.507751 0.333584 0.302448 0.000000 
0.647908 0.498247 0.405300 0.368660 0.000000 0.648007 0.500492 0.390750 0.355176 0.000000 0.648278 0.502860 0.361968 0.328580 0.000000 0.649016 0.505321 0.347728 0.315459 0.000000 0.649114 0.507751 0.333584 0.302448 0.000000 0.650049 0.510196 0.295967 0.259107 0.000000 
0.648007 0.500492 0.390750 0.355176 0.000000 0.648278 0.502860 0.361968 0.328580 0.000000 0.649016 0.505321 0.347728 0.315459 0.000000 0.649114 0.507751 0.333584 0.302448 0.000000 0.650049 0.510196 0.295967 0.259107 0.000000 0.651009 0.512657 0.254244 0.222170 0.000000 
0.648278 0.502860 0.361968 0.328580 0.000000 0.649016 0.505321 0.347728 0.315459 0.000000 0.649114 0.507751 0.333584 0.302448 0.000000 0.650049 0.510196 0.295967 0.259107 0.000000 0.651009 0.512657 0.254244 0.222170 0.000000 0.651009 0.515071 0.202449 0.170561 0.000000 
0.649016 0.505321 0.347728 0.315459 0.000000 0.649114 0.507751 0.333584 0.302448 0.000000 0.650049 0.510196 0.295967 0.259107 0.000000 0.651009 0.512657 0.254244 0.222170 0.000000 0.651009 0.515071 0.202449 0.170561 0.000000 0.650984 0.517486 0.177529 0.144280 0.000000 
0.649114 0.507751 0.333584 0.302448 0.000000 0.650049 0.510196 0.295967 0.259107 0.000000 0.651009 0.512657 0.254244 0.222170 0.000000 0.651009 0.515071 0.202449 0.170561 0.000000 0.650984 0.517486 0.177529 0.144280 0.000000 0.651107 0.519885 0.118970 0.103538 0.000000 
0.650049 0.510196 0.295967 0.259107 0.000000 0.651009 0.512657 0.254244 0.222170 0.000000 0.651009 0.515071 0.202449 0.170561 0.000000 0.650984 0.517486 0.177529 0.144280 0.000000 0.651107 0.519885 0.118970 0.103538 0.000000 0.651009 0.522299 0.081500 0.066048 0.000000 
0.651009 0.512657 0.254244 0.222170 0.000000 0.651009 0.515071 0.202449 0.170561 0.000000 0.650984 0.517486 0.177529 0.144280 0.000000 0.651107 0.519885 0.118970 0.103538 0.000000 0.651009 0.522299 0.081500 0.066048 0.000000 0.651009 0.524683 0.057907 0.039083 0.000000 
0.651009 0.515071 0.202449 0.170561 0.000000 0.650984 0.517486 0.177529 0.144280 0.000000 0.651107 0.519885 0.118970 0.103538 0.000000 0.651009 0.522299 0.081500 0.066048 0.000000 0.651009 0.524683 0.057907 0.039083 0.000000 0.650517 0.527144 0.012342 0.012342 0.000000 
0.650984 0.517486 0.177529 0.144280 0.000000 0.651107 0.519885 0.118970 0.103538 0.000000 0.651009 0.522299 0.081500 0.066048 0.000000 0.651009 0.524683 0.057907 0.039083 0.000000 0.650517 0.527144 0.012342 0.012342 0.000000 0.632603 0.540447 0.049405 -0.049405 0.000000 
0.557677 0.452433 0.000000 0.296706 0.000000 0.558637 0.457047 0.000000 0.261799 0.000000 0.576919 0.489219 -0.049405 -0.049405 0.000000 0.594857 0.500277 -0.016193 -0.049802 0.000000 0.614665 0.507736 0.049405 0.049405 0.000000 0.627682 0.510150 0.057907 -0.039083 0.000000 
0.558637 0.457047 0.000000 0.261799 0.000000 0.576919 0.489219 -0.049405 -0.049405 0.000000 0.594857 0.500277 -0.016193 -0.049802 0.000000 0.614665 0.507736 0.049405 0.049405 0.000000 0.627682 0.510150 0.057907 -0.039083 0.000000 0.637648 0.509504 0.057907 -0.039083 0.000000 
0.576919 0.489219 -0.049405 -0.049405 0.000000 0.594857 0.500277 -0.016193 -0.049802 0.000000 0.614665 0.507736 0.049405 0.049405 0.000000 0.627682 0.510150 0.057907 -0.039083 0.000000 0.637648 0.509504 0.057907 -0.039083 0.000000 0.639050 0.508858 0.057907 -0.039083 0.000000 
0.594857 0.500277 -0.016193 -0.049802 0.000000 0.614665 0.507736 0.049405 0.049405 0.000000 0.627682 0.510150 0.057907 -0.039083 0.000000 0.637648 0.509504 0.057907 -0.039083 0.000000 0.639050 0.508858 0.057907 -0.039083 0.000000 0.640428 0.507920 0.057907 -0.039083 0.000000 
0.614665 0.507736 0.049405 0.049405 0.000000 0.627682 0.510150 0.057907 -0.039083 0.000000 0.637648 0.509504 0.057907 -0.039083 0.000000 0.639050 0.508858 0.057907 -0.039083 0.000000 0.640428 0.507920 0.057907 -0.039083 0.000000 0.641585 0.506874 0.037041 -0.037041 0.000000 
0.627682 0.510150 0.057907 -0.039083 0.000000 0.637648 0.509504 0.057907 -0.039083 0.000000 0.639050 0.508858 0.057907 -0.039083 0.000000 0.640428 0.507920 0.057907 -0.039083 0.000000 0.641585 0.506874 0.037041 -0.037041 0.000000 0.642987 0.505706 0.037041 -0.037041 0.000000 
0.637648 0.509504 0.057907 -0.039083 0.000000 0.639050 0.508858 0.057907 -0.039083 0.000000 0.640428 0.507920 0.057907 -0.039083 0.000000 0.641585 0.506874 0.037041 -0.037041 0.000000 0.642987 0.505706 0.037041 -0.037041 0.000000 0.644291 0.504537 0.037041 -0.037041 0.000000 
0.639050 0.508858 0.057907 -0.039083 0.000000 0.640428 0.507920 0.057907 -0.039083 0.000000 0.641585 0.506874 0.037041 -0.037041 0.000000 0.642987 0.505706 0.037041 -0.037041 0.000000 0.644291 0.504537 0.037041 -0.037041 0.000000 0.645448 0.503291 0.037041 -0.037041 0.000000 
0.640428 0.507920 0.057907 -0.039083 0.000000 0.641585 0.506874 0.037041 -0.037041 0.000000 0.642987 0.505706 0.037041 -0.037041 0.000000 0.644291 0.504537 0.037041 -0.037041 0.000000 0.645448 0.503291 0.037041 -0.037041 0.000000 0.646481 0.501953 0.015852 -0.031105 0.000000 
0.641585 0.506874 0.037041 -0.037041 0.000000 0.642987 0.505706 0.037041 -0.037041 0.000000 0.644291 0.504537 0.037041 -0.037041 0.000000 0.645448 0.503291 0.037041 -0.037041 0.000000 0.646481 0.501953 0.015852 -0.031105 0.000000 0.648696 0.499492 0.015852 -0.031105 0.000000 
