0.622293 0.528789 0.501559 0.444798 0.666667 0.622958 0.528820 0.507869 0.436911 0.670577 0.623573 0.528836 0.507869 0.436911 0.662757 0.624163 0.528866 0.507869 0.436911 0.661779 0.624655 0.528897 0.507869 0.436911 0.666667 0.625148 0.528928 0.507869 0.436911 0.667644 
0.622958 0.528820 0.507869 0.436911 0.670577 0.623573 0.528836 0.507869 0.436911 0.662757 0.624163 0.528866 0.507869 0.436911 0.661779 0.624655 0.528897 0.507869 0.436911 0.666667 0.625148 0.528928 0.507869 0.436911 0.667644 0.625591 0.528974 0.507869 0.436911 0.664712 
0.623573 0.528836 0.507869 0.436911 0.662757 0.624163 0.528866 0.507869 0.436911 0.661779 0.624655 0.528897 0.507869 0.436911 0.666667 0.625148 0.528928 0.507869 0.436911 0.667644 0.625591 0.528974 0.507869 0.436911 0.664712 0.626009 0.529020 0.507869 0.436911 0.662757 
0.624163 0.528866 0.507869 0.436911 0.661779 0.624655 0.528897 0.507869 0.436911 0.666667 0.625148 0.528928 0.507869 0.436911 0.667644 0.625591 0.528974 0.507869 0.436911 0.664712 0.626009 0.529020 0.507869 0.436911 0.662757 0.626378 0.529035 0.507869 0.436911 0.664712 
0.624655 0.528897 0.507869 0.436911 0.666667 0.625148 0.528928 0.507869 0.436911 0.667644 0.625591 0.528974 0.507869 0.436911 0.664712 0.626009 0.529020 0.507869 0.436911 0.662757 0.626378 0.529035 0.507869 0.436911 0.664712 0.626722 0.529066 0.507869 0.436911 0.668622 
0.625148 0.528928 0.507869 0.436911 0.667644 0.625591 0.528974 0.507869 0.436911 0.664712 0.626009 0.529020 0.507869 0.436911 0.662757 0.626378 0.529035 0.507869 0.436911 0.664712 0.626722 0.529066 0.507869 0.436911 0.668622 0.627067 0.529082 0.507869 0.436911 0.665689 
0.625591 0.528974 0.507869 0.436911 0.664712 0.626009 0.529020 0.507869 0.436911 0.662757 0.626378 0.529035 0.507869 0.436911 0.664712 0.626722 0.529066 0.507869 0.436911 0.668622 0.627067 0.529082 0.507869 0.436911 0.665689 0.627436 0.529097 0.507869 0.436911 0.662757 
0.626009 0.529020 0.507869 0.436911 0.662757 0.626378 0.529035 0.507869 0.436911 0.664712 0.626722 0.529066 0.507869 0.436911 0.668622 0.627067 0.529082 0.507869 0.436911 0.665689 0.627436 0.529097 0.507869 0.436911 0.662757 0.627756 0.529112 0.507869 0.436911 0.662757 
0.626378 0.529035 0.507869 0.436911 0.664712 0.626722 0.529066 0.507869 0.436911 0.668622 0.627067 0.529082 0.507869 0.436911 0.665689 0.627436 0.529097 0.507869 0.436911 0.662757 0.627756 0.529112 0.507869 0.436911 0.662757 0.628125 0.529128 0.507869 0.436911 0.664712 
0.626722 0.529066 0.507869 0.436911 0.668622 0.627067 0.529082 0.507869 0.436911 0.665689 0.627436 0.529097 0.507869 0.436911 0.662757 0.627756 0.529112 0.507869 0.436911 0.662757 0.628125 0.529128 0.507869 0.436911 0.664712 0.628519 0.529143 0.507869 0.436911 0.662757 
0.627067 0.529082 0.507869 0.436911 0.665689 0.627436 0.529097 0.507869 0.436911 0.662757 0.627756 0.529112 0.507869 0.436911 0.662757 0.628125 0.529128 0.507869 0.436911 0.664712 0.628519 0.529143 0.507869 0.436911 0.662757 0.628937 0.529143 0.507869 0.436911 0.659824 
0.627436 0.529097 0.507869 0.436911 0.662757 0.627756 0.529112 0.507869 0.436911 0.662757 0.628125 0.529128 0.507869 0.436911 0.664712 0.628519 0.529143 0.507869 0.436911 0.662757 0.628937 0.529143 0.507869 0.436911 0.659824 0.629380 0.529158 0.507869 0.436911 0.659824 
0.627756 0.529112 0.507869 0.436911 0.662757 0.628125 0.529128 0.507869 0.436911 0.664712 0.628519 0.529143 0.507869 0.436911 0.662757 0.628937 0.529143 0.507869 0.436911 0.659824 0.629380 0.529158 0.507869 0.436911 0.659824 0.629872 0.529174 0.507869 0.436911 0.662757 
0.628125 0.529128 0.507869 0.436911 0.664712 0.628519 0.529143 0.507869 0.436911 0.662757 0.628937 0.529143 0.507869 0.436911 0.659824 0.629380 0.529158 0.507869 0.436911 0.659824 0.629872 0.529174 0.507869 0.436911 0.662757 0.630364 0.529205 0.507869 0.436911 0.666667 
0.628519 0.529143 0.507869 0.436911 0.662757 0.628937 0.529143 0.507869 0.436911 0.659824 0.629380 0.529158 0.507869 0.436911 0.659824 0.629872 0.529174 0.507869 0.436911 0.662757 0.630364 0.529205 0.507869 0.436911 0.666667 0.630856 0.529220 0.507869 0.436911 0.660802 
0.628937 0.529143 0.507869 0.436911 0.659824 0.629380 0.529158 0.507869 0.436911 0.659824 0.629872 0.529174 0.507869 0.436911 0.662757 0.630364 0.529205 0.507869 0.436911 0.666667 0.630856 0.529220 0.507869 0.436911 0.660802 0.631398 0.529251 0.507869 0.436911 0.657869 
0.629380 0.529158 0.507869 0.436911 0.659824 0.629872 0.529174 0.507869 0.436911 0.662757 0.630364 0.529205 0.507869 0.436911 0.666667 0.630856 0.529220 0.507869 0.436911 0.660802 0.631398 0.529251 0.507869 0.436911 0.657869 0.631865 0.529266 0.507869 0.436911 0.664712 
0.629872 0.529174 0.507869 0.436911 0.662757 0.630364 0.529205 0.507869 0.436911 0.666667 0.630856 0.529220 0.507869 0.436911 0.660802 0.631398 0.529251 0.507869 0.436911 0.657869 0.631865 0.529266 0.507869 0.436911 0.664712 0.632308 0.529281 0.507869 0.436911 0.662757 
0.630364 0.529205 0.507869 0.436911 0.666667 0.630856 0.529220 0.507869 0.436911 0.660802 0.631398 0.529251 0.507869 0.436911 0.657869 0.631865 0.529266 0.507869 0.436911 0.664712 0.632308 0.529281 0.507869 0.436911 0.662757 0.632751 0.529281 0.507869 0.436911 0.659824 
0.630856 0.529220 0.507869 0.436911 0.660802 0.631398 0.529251 0.507869 0.436911 0.657869 0.631865 0.529266 0.507869 0.436911 0.664712 0.632308 0.529281 0.507869 0.436911 0.662757 0.632751 0.529281 0.507869 0.436911 0.659824 0.633145 0.529297 0.507869 0.436911 0.662757 
0.631398 0.529251 0.507869 0.436911 0.657869 0.631865 0.529266 0.507869 0.436911 0.664712 0.632308 0.529281 0.507869 0.436911 0.662757 0.632751 0.529281 0.507869 0.436911 0.659824 0.633145 0.529297 0.507869 0.436911 0.662757 0.633563 0.529312 0.507869 0.436911 0.659824 
0.631865 0.529266 0.507869 0.436911 0.664712 0.632308 0.529281 0.507869 0.436911 0.662757 0.632751 0.529281 0.507869 0.436911 0.659824 0.633145 0.529297 0.507869 0.436911 0.662757 0.633563 0.529312 0.507869 0.436911 0.659824 0.633981 0.529328 0.507869 0.436911 0.657869 
0.632308 0.529281 0.507869 0.436911 0.662757 0.632751 0.529281 0.507869 0.436911 0.659824 0.633145 0.529297 0.507869 0.436911 0.662757 0.633563 0.529312 0.507869 0.436911 0.659824 0.633981 0.529328 0.507869 0.436911 0.657869 0.634424 0.529343 0.507869 0.436911 0.656892 
0.632751 0.529281 0.507869 0.436911 0.659824 0.633145 0.529297 0.507869 0.436911 0.662757 0.633563 0.529312 0.507869 0.436911 0.659824 0.633981 0.529328 0.507869 0.436911 0.657869 0.634424 0.529343 0.507869 0.436911 0.656892 0.634843 0.529374 0.507869 0.436911 0.658847 
0.633145 0.529297 0.507869 0.436911 0.662757 0.633563 0.529312 0.507869 0.436911 0.659824 0.633981 0.529328 0.507869 0.436911 0.657869 0.634424 0.529343 0.507869 0.436911 0.656892 0.634843 0.529374 0.507869 0.436911 0.658847 0.635285 0.529405 0.507869 0.436911 0.662757 
0.633563 0.529312 0.507869 0.436911 0.659824 0.633981 0.529328 0.507869 0.436911 0.657869 0.634424 0.529343 0.507869 0.436911 0.656892 0.634843 0.529374 0.507869 0.436911 0.658847 0.635285 0.529405 0.507869 0.436911 0.662757 0.635753 0.529435 0.507869 0.436911 0.659824 
0.633981 0.529328 0.507869 0.436911 0.657869 0.634424 0.529343 0.507869 0.436911 0.656892 0.634843 0.529374 0.507869 0.436911 0.658847 0.635285 0.529405 0.507869 0.436911 0.662757 0.635753 0.529435 0.507869 0.436911 0.659824 0.636270 0.529481 0.507869 0.436911 0.658847 
0.634424 0.529343 0.507869 0.436911 0.656892 0.634843 0.529374 0.507869 0.436911 0.658847 0.635285 0.529405 0.507869 0.436911 0.662757 0.635753 0.529435 0.507869 0.436911 0.659824 0.636270 0.529481 0.507869 0.436911 0.658847 0.636836 0.529512 0.507869 0.436911 0.658847 
0.634843 0.529374 0.507869 0.436911 0.658847 0.635285 0.529405 0.507869 0.436911 0.662757 0.635753 0.529435 0.507869 0.436911 0.659824 0.636270 0.529481 0.507869 0.436911 0.658847 0.636836 0.529512 0.507869 0.436911 0.658847 0.637377 0.529543 0.507869 0.436911 0.656892 
0.635285 0.529405 0.507869 0.436911 0.662757 0.635753 0.529435 0.507869 0.436911 0.659824 0.636270 0.529481 0.507869 0.436911 0.658847 0.636836 0.529512 0.507869 0.436911 0.658847 0.637377 0.529543 0.507869 0.436911 0.656892 0.637968 0.529589 0.507869 0.436911 0.656892 
0.635753 0.529435 0.507869 0.436911 0.659824 0.636270 0.529481 0.507869 0.436911 0.658847 0.636836 0.529512 0.507869 0.436911 0.658847 0.637377 0.529543 0.507869 0.436911 0.656892 0.637968 0.529589 0.507869 0.436911 0.656892 0.638533 0.529604 0.507869 0.436911 0.658847 
0.636270 0.529481 0.507869 0.436911 0.658847 0.636836 0.529512 0.507869 0.436911 0.658847 0.637377 0.529543 0.507869 0.436911 0.656892 0.637968 0.529589 0.507869 0.436911 0.656892 0.638533 0.529604 0.507869 0.436911 0.658847 0.639149 0.529604 0.507869 0.436911 0.657869 
0.636836 0.529512 0.507869 0.436911 0.658847 0.637377 0.529543 0.507869 0.436911 0.656892 0.637968 0.529589 0.507869 0.436911 0.656892 0.638533 0.529604 0.507869 0.436911 0.658847 0.639149 0.529604 0.507869 0.436911 0.657869 0.639739 0.529604 0.507869 0.436911 0.661779 
0.637377 0.529543 0.507869 0.436911 0.656892 0.637968 0.529589 0.507869 0.436911 0.656892 0.638533 0.529604 0.507869 0.436911 0.658847 0.639149 0.529604 0.507869 0.436911 0.657869 0.639739 0.529604 0.507869 0.436911 0.661779 0.640256 0.529604 0.507869 0.436911 0.661779 
0.637968 0.529589 0.507869 0.436911 0.656892 0.638533 0.529604 0.507869 0.436911 0.658847 0.639149 0.529604 0.507869 0.436911 0.657869 0.639739 0.529604 0.507869 0.436911 0.661779 0.640256 0.529604 0.507869 0.436911 0.661779 0.640748 0.529604 0.507869 0.436911 0.661779 
0.638533 0.529604 0.507869 0.436911 0.658847 0.639149 0.529604 0.507869 0.436911 0.657869 0.639739 0.529604 0.507869 0.436911 0.661779 0.640256 0.529604 0.507869 0.436911 0.661779 0.640748 0.529604 0.507869 0.436911 0.661779 0.641166 0.529604 0.507869 0.436911 0.664712 
0.639149 0.529604 0.507869 0.436911 0.657869 0.639739 0.529604 0.507869 0.436911 0.661779 0.640256 0.529604 0.507869 0.436911 0.661779 0.640748 0.529604 0.507869 0.436911 0.661779 0.641166 0.529604 0.507869 0.436911 0.664712 0.641486 0.529604 0.507869 0.436911 0.663734 
0.639739 0.529604 0.507869 0.436911 0.661779 0.640256 0.529604 0.507869 0.436911 0.661779 0.640748 0.529604 0.507869 0.436911 0.661779 0.641166 0.529604 0.507869 0.436911 0.664712 0.641486 0.529604 0.507869 0.436911 0.663734 0.641732 0.529604 0.507869 0.436911 0.661779 
0.640256 0.529604 0.507869 0.436911 0.661779 0.640748 0.529604 0.507869 0.436911 0.661779 0.641166 0.529604 0.507869 0.436911 0.664712 0.641486 0.529604 0.507869 0.436911 0.663734 0.641732 0.529604 0.507869 0.436911 0.661779 0.641929 0.529604 0.507869 0.436911 0.661779 
0.640748 0.529604 0.507869 0.436911 0.661779 0.641166 0.529604 0.507869 0.436911 0.664712 0.641486 0.529604 0.507869 0.436911 0.663734 0.641732 0.529604 0.507869 0.436911 0.661779 0.641929 0.529604 0.507869 0.436911 0.661779 0.642052 0.529604 0.507869 0.436911 0.661779 
0.641166 0.529604 0.507869 0.436911 0.664712 0.641486 0.529604 0.507869 0.436911 0.663734 0.641732 0.529604 0.507869 0.436911 0.661779 0.641929 0.529604 0.507869 0.436911 0.661779 0.642052 0.529604 0.507869 0.436911 0.661779 0.642151 0.529604 0.507869 0.436911 0.661779 
0.641486 0.529604 0.507869 0.436911 0.663734 0.641732 0.529604 0.507869 0.436911 0.661779 0.641929 0.529604 0.507869 0.436911 0.661779 0.642052 0.529604 0.507869 0.436911 0.661779 0.642151 0.529604 0.507869 0.436911 0.661779 0.642224 0.529604 0.507869 0.436911 0.660802 
0.641732 0.529604 0.507869 0.436911 0.661779 0.641929 0.529604 0.507869 0.436911 0.661779 0.642052 0.529604 0.507869 0.436911 0.661779 0.642151 0.529604 0.507869 0.436911 0.661779 0.642224 0.529604 0.507869 0.436911 0.660802 0.642249 0.529604 0.507869 0.436911 0.661779 
0.641929 0.529604 0.507869 0.436911 0.661779 0.642052 0.529604 0.507869 0.436911 0.661779 0.642151 0.529604 0.507869 0.436911 0.661779 0.642224 0.529604 0.507869 0.436911 0.660802 0.642249 0.529604 0.507869 0.436911 0.661779 0.642274 0.529604 0.507869 0.436911 0.662757 
0.642052 0.529604 0.507869 0.436911 0.661779 0.642151 0.529604 0.507869 0.436911 0.661779 0.642224 0.529604 0.507869 0.436911 0.660802 0.642249 0.529604 0.507869 0.436911 0.661779 0.642274 0.529604 0.507869 0.436911 0.662757 0.642298 0.529604 0.507869 0.436911 0.666667 
0.642151 0.529604 0.507869 0.436911 0.661779 0.642224 0.529604 0.507869 0.436911 0.660802 0.642249 0.529604 0.507869 0.436911 0.661779 0.642274 0.529604 0.507869 0.436911 0.662757 0.642298 0.529604 0.507869 0.436911 0.666667 0.642347 0.529604 0.507869 0.436911 0.682307 
0.642224 0.529604 0.507869 0.436911 0.660802 0.642249 0.529604 0.507869 0.436911 0.661779 0.642274 0.529604 0.507869 0.436911 0.662757 0.642298 0.529604 0.507869 0.436911 0.666667 0.642347 0.529604 0.507869 0.436911 0.682307 0.642397 0.529604 0.507869 0.436911 0.678397 
0.642249 0.529604 0.507869 0.436911 0.661779 0.642274 0.529604 0.507869 0.436911 0.662757 0.642298 0.529604 0.507869 0.436911 0.666667 0.642347 0.529604 0.507869 0.436911 0.682307 0.642397 0.529604 0.507869 0.436911 0.678397 0.642470 0.529604 0.507869 0.436911 0.675464 
0.642274 0.529604 0.507869 0.436911 0.662757 0.642298 0.529604 0.507869 0.436911 0.666667 0.642347 0.529604 0.507869 0.436911 0.682307 0.642397 0.529604 0.507869 0.436911 0.678397 0.642470 0.529604 0.507869 0.436911 0.675464 0.642544 0.529604 0.507869 0.436911 0.674487 
0.642298 0.529604 0.507869 0.436911 0.666667 0.642347 0.529604 0.507869 0.436911 0.682307 0.642397 0.529604 0.507869 0.436911 0.678397 0.642470 0.529604 0.507869 0.436911 0.675464 0.642544 0.529604 0.507869 0.436911 0.674487 0.642667 0.529604 0.507869 0.436911 0.672532 
0.642347 0.529604 0.507869 0.436911 0.682307 0.642397 0.529604 0.507869 0.436911 0.678397 0.642470 0.529604 0.507869 0.436911 0.675464 0.642544 0.529604 0.507869 0.436911 0.674487 0.642667 0.529604 0.507869 0.436911 0.672532 0.642840 0.529604 0.507869 0.436911 0.670577 
0.642397 0.529604 0.507869 0.436911 0.678397 0.642470 0.529604 0.507869 0.436911 0.675464 0.642544 0.529604 0.507869 0.436911 0.674487 0.642667 0.529604 0.507869 0.436911 0.672532 0.642840 0.529604 0.507869 0.436911 0.670577 0.643110 0.529604 0.507869 0.436911 0.669599 
0.642470 0.529604 0.507869 0.436911 0.675464 0.642544 0.529604 0.507869 0.436911 0.674487 0.642667 0.529604 0.507869 0.436911 0.672532 0.642840 0.529604 0.507869 0.436911 0.670577 0.643110 0.529604 0.507869 0.436911 0.669599 0.643504 0.529604 0.507869 0.436911 0.668622 
0.642544 0.529604 0.507869 0.436911 0.674487 0.642667 0.529604 0.507869 0.436911 0.672532 0.642840 0.529604 0.507869 0.436911 0.670577 0.643110 0.529604 0.507869 0.436911 0.669599 0.643504 0.529604 0.507869 0.436911 0.668622 0.643971 0.529589 0.507869 0.436911 0.669599 
0.642667 0.529604 0.507869 0.436911 0.672532 0.642840 0.529604 0.507869 0.436911 0.670577 0.643110 0.529604 0.507869 0.436911 0.669599 0.643504 0.529604 0.507869 0.436911 0.668622 0.643971 0.529589 0.507869 0.436911 0.669599 0.644513 0.529558 0.507869 0.436911 0.670577 
0.642840 0.529604 0.507869 0.436911 0.670577 0.643110 0.529604 0.507869 0.436911 0.669599 0.643504 0.529604 0.507869 0.436911 0.668622 0.643971 0.529589 0.507869 0.436911 0.669599 0.644513 0.529558 0.507869 0.436911 0.670577 0.645103 0.529528 0.507869 0.436911 0.673509 
0.643110 0.529604 0.507869 0.436911 0.669599 0.643504 0.529604 0.507869 0.436911 0.668622 0.643971 0.529589 0.507869 0.436911 0.669599 0.644513 0.529558 0.507869 0.436911 0.670577 0.645103 0.529528 0.507869 0.436911 0.673509 0.645768 0.529481 0.507869 0.436911 0.676442 
0.643504 0.529604 0.507869 0.436911 0.668622 0.643971 0.529589 0.507869 0.436911 0.669599 0.644513 0.529558 0.507869 0.436911 0.670577 0.645103 0.529528 0.507869 0.436911 0.673509 0.645768 0.529481 0.507869 0.436911 0.676442 0.646407 0.529451 0.507869 0.436911 0.675464 
0.643971 0.529589 0.507869 0.436911 0.669599 0.644513 0.529558 0.507869 0.436911 0.670577 0.645103 0.529528 0.507869 0.436911 0.673509 0.645768 0.529481 0.507869 0.436911 0.676442 0.646407 0.529451 0.507869 0.436911 0.675464 0.647072 0.529405 0.507869 0.436911 0.678397 
0.644513 0.529558 0.507869 0.436911 0.670577 0.645103 0.529528 0.507869 0.436911 0.673509 0.645768 0.529481 0.507869 0.436911 0.676442 0.646407 0.529451 0.507869 0.436911 0.675464 0.647072 0.529405 0.507869 0.436911 0.678397 0.647662 0.529374 0.507869 0.436911 0.672532 
0.645103 0.529528 0.507869 0.436911 0.673509 0.645768 0.529481 0.507869 0.436911 0.676442 0.646407 0.529451 0.507869 0.436911 0.675464 0.647072 0.529405 0.507869 0.436911 0.678397 0.647662 0.529374 0.507869 0.436911 0.672532 0.648154 0.529343 0.507869 0.436911 0.672532 
0.645768 0.529481 0.507869 0.436911 0.676442 0.646407 0.529451 0.507869 0.436911 0.675464 0.647072 0.529405 0.507869 0.436911 0.678397 0.647662 0.529374 0.507869 0.436911 0.672532 0.648154 0.529343 0.507869 0.436911 0.672532 0.648622 0.529312 0.507869 0.436911 0.670577 
0.646407 0.529451 0.507869 0.436911 0.675464 0.647072 0.529405 0.507869 0.436911 0.678397 0.647662 0.529374 0.507869 0.436911 0.672532 0.648154 0.529343 0.507869 0.436911 0.672532 0.648622 0.529312 0.507869 0.436911 0.670577 0.649040 0.529251 0.507869 0.436911 0.666667 
0.647072 0.529405 0.507869 0.436911 0.678397 0.647662 0.529374 0.507869 0.436911 0.672532 0.648154 0.529343 0.507869 0.436911 0.672532 0.648622 0.529312 0.507869 0.436911 0.670577 0.649040 0.529251 0.507869 0.436911 0.666667 0.649459 0.529205 0.507869 0.436911 0.662757 
0.647662 0.529374 0.507869 0.436911 0.672532 0.648154 0.529343 0.507869 0.436911 0.672532 0.648622 0.529312 0.507869 0.436911 0.670577 0.649040 0.529251 0.507869 0.436911 0.666667 0.649459 0.529205 0.507869 0.436911 0.662757 0.649852 0.529158 0.507869 0.436911 0.658847 
0.648154 0.529343 0.507869 0.436911 0.672532 0.648622 0.529312 0.507869 0.436911 0.670577 0.649040 0.529251 0.507869 0.436911 0.666667 0.649459 0.529205 0.507869 0.436911 0.662757 0.649852 0.529158 0.507869 0.436911 0.658847 0.650246 0.529112 0.507869 0.436911 0.656892 
0.648622 0.529312 0.507869 0.436911 0.670577 0.649040 0.529251 0.507869 0.436911 0.666667 0.649459 0.529205 0.507869 0.436911 0.662757 0.649852 0.529158 0.507869 0.436911 0.658847 0.650246 0.529112 0.507869 0.436911 0.656892 0.650615 0.529082 0.507869 0.436911 0.657869 
0.649040 0.529251 0.507869 0.436911 0.666667 0.649459 0.529205 0.507869 0.436911 0.662757 0.649852 0.529158 0.507869 0.436911 0.658847 0.650246 0.529112 0.507869 0.436911 0.656892 0.650615 0.529082 0.507869 0.436911 0.657869 0.650984 0.529035 0.507869 0.436911 0.658847 
0.649459 0.529205 0.507869 0.436911 0.662757 0.649852 0.529158 0.507869 0.436911 0.658847 0.650246 0.529112 0.507869 0.436911 0.656892 0.650615 0.529082 0.507869 0.436911 0.657869 0.650984 0.529035 0.507869 0.436911 0.658847 0.651304 0.528989 0.507869 0.436911 0.660802 
0.649852 0.529158 0.507869 0.436911 0.658847 0.650246 0.529112 0.507869 0.436911 0.656892 0.650615 0.529082 0.507869 0.436911 0.657869 0.650984 0.529035 0.507869 0.436911 0.658847 0.651304 0.528989 0.507869 0.436911 0.660802 0.651575 0.528943 0.507869 0.436911 0.658847 
0.650246 0.529112 0.507869 0.436911 0.656892 0.650615 0.529082 0.507869 0.436911 0.657869 0.650984 0.529035 0.507869 0.436911 0.658847 0.651304 0.528989 0.507869 0.436911 0.660802 0.651575 0.528943 0.507869 0.436911 0.658847 0.651796 0.528912 0.507869 0.436911 0.658847 
0.650615 0.529082 0.507869 0.436911 0.657869 0.650984 0.529035 0.507869 0.436911 0.658847 0.651304 0.528989 0.507869 0.436911 0.660802 0.651575 0.528943 0.507869 0.436911 0.658847 0.651796 0.528912 0.507869 0.436911 0.658847 0.651944 0.528882 0.507869 0.436911 0.658847 
0.650984 0.529035 0.507869 0.436911 0.658847 0.651304 0.528989 0.507869 0.436911 0.660802 0.651575 0.528943 0.507869 0.436911 0.658847 0.651796 0.528912 0.507869 0.436911 0.658847 0.651944 0.528882 0.507869 0.436911 0.658847 0.652018 0.528866 0.507869 0.436911 0.658847 
0.651304 0.528989 0.507869 0.436911 0.660802 0.651575 0.528943 0.507869 0.436911 0.658847 0.651796 0.528912 0.507869 0.436911 0.658847 0.651944 0.528882 0.507869 0.436911 0.658847 0.652018 0.528866 0.507869 0.436911 0.658847 0.652067 0.528851 0.507869 0.436911 0.657869 
0.651575 0.528943 0.507869 0.436911 0.658847 0.651796 0.528912 0.507869 0.436911 0.658847 0.651944 0.528882 0.507869 0.436911 0.658847 0.652018 0.528866 0.507869 0.436911 0.658847 0.652067 0.528851 0.507869 0.436911 0.657869 0.652092 0.528836 0.507869 0.436911 0.658847 
0.651796 0.528912 0.507869 0.436911 0.658847 0.651944 0.528882 0.507869 0.436911 0.658847 0.652018 0.528866 0.507869 0.436911 0.658847 0.652067 0.528851 0.507869 0.436911 0.657869 0.652092 0.528836 0.507869 0.436911 0.658847 0.652116 0.528836 0.507869 0.436911 0.658847 
0.651944 0.528882 0.507869 0.436911 0.658847 0.652018 0.528866 0.507869 0.436911 0.658847 0.652067 0.528851 0.507869 0.436911 0.657869 0.652092 0.528836 0.507869 0.436911 0.658847 0.652116 0.528836 0.507869 0.436911 0.658847 0.652141 0.528836 0.507869 0.436911 0.658847 
0.652018 0.528866 0.507869 0.436911 0.658847 0.652067 0.528851 0.507869 0.436911 0.657869 0.652092 0.528836 0.507869 0.436911 0.658847 0.652116 0.528836 0.507869 0.436911 0.658847 0.652141 0.528836 0.507869 0.436911 0.658847 0.652165 0.528836 0.507869 0.436911 0.659824 
0.652067 0.528851 0.507869 0.436911 0.657869 0.652092 0.528836 0.507869 0.436911 0.658847 0.652116 0.528836 0.507869 0.436911 0.658847 0.652141 0.528836 0.507869 0.436911 0.658847 0.652165 0.528836 0.507869 0.436911 0.659824 0.652190 0.528836 0.507869 0.436911 0.657869 
0.652092 0.528836 0.507869 0.436911 0.658847 0.652116 0.528836 0.507869 0.436911 0.658847 0.652141 0.528836 0.507869 0.436911 0.658847 0.652165 0.528836 0.507869 0.436911 0.659824 0.652190 0.528836 0.507869 0.436911 0.657869 0.652239 0.528836 0.507869 0.436911 0.657869 
0.652116 0.528836 0.507869 0.436911 0.658847 0.652141 0.528836 0.507869 0.436911 0.658847 0.652165 0.528836 0.507869 0.436911 0.659824 0.652190 0.528836 0.507869 0.436911 0.657869 0.652239 0.528836 0.507869 0.436911 0.657869 0.652264 0.528836 0.507869 0.436911 0.658847 
0.652141 0.528836 0.507869 0.436911 0.658847 0.652165 0.528836 0.507869 0.436911 0.659824 0.652190 0.528836 0.507869 0.436911 0.657869 0.652239 0.528836 0.507869 0.436911 0.657869 0.652264 0.528836 0.507869 0.436911 0.658847 0.652264 0.528820 0.507869 0.436911 0.661779 
0.652165 0.528836 0.507869 0.436911 0.659824 0.652190 0.528836 0.507869 0.436911 0.657869 0.652239 0.528836 0.507869 0.436911 0.657869 0.652264 0.528836 0.507869 0.436911 0.658847 0.652264 0.528820 0.507869 0.436911 0.661779 0.652264 0.528789 0.507869 0.436911 0.658847 
0.652190 0.528836 0.507869 0.436911 0.657869 0.652239 0.528836 0.507869 0.436911 0.657869 0.652264 0.528836 0.507869 0.436911 0.658847 0.652264 0.528820 0.507869 0.436911 0.661779 0.652264 0.528789 0.507869 0.436911 0.658847 0.652264 0.528774 0.507869 0.436911 0.658847 
0.652239 0.528836 0.507869 0.436911 0.657869 0.652264 0.528836 0.507869 0.436911 0.658847 0.652264 0.528820 0.507869 0.436911 0.661779 0.652264 0.528789 0.507869 0.436911 0.658847 0.652264 0.528774 0.507869 0.436911 0.658847 0.652264 0.528759 0.507869 0.436911 0.657869 
0.652264 0.528836 0.507869 0.436911 0.658847 0.652264 0.528820 0.507869 0.436911 0.661779 0.652264 0.528789 0.507869 0.436911 0.658847 0.652264 0.528774 0.507869 0.436911 0.658847 0.652264 0.528759 0.507869 0.436911 0.657869 0.652264 0.528743 0.507869 0.436911 0.656892 
0.652264 0.528820 0.507869 0.436911 0.661779 0.652264 0.528789 0.507869 0.436911 0.658847 0.652264 0.528774 0.507869 0.436911 0.658847 0.652264 0.528759 0.507869 0.436911 0.657869 0.652264 0.528743 0.507869 0.436911 0.656892 0.652264 0.528728 0.507869 0.436911 0.654936 
0.652264 0.528789 0.507869 0.436911 0.658847 0.652264 0.528774 0.507869 0.436911 0.658847 0.652264 0.528759 0.507869 0.436911 0.657869 0.652264 0.528743 0.507869 0.436911 0.656892 0.652264 0.528728 0.507869 0.436911 0.654936 0.652264 0.528682 0.507869 0.436911 0.653959 
0.652264 0.528774 0.507869 0.436911 0.658847 0.652264 0.528759 0.507869 0.436911 0.657869 0.652264 0.528743 0.507869 0.436911 0.656892 0.652264 0.528728 0.507869 0.436911 0.654936 0.652264 0.528682 0.507869 0.436911 0.653959 0.652264 0.528651 0.507869 0.436911 0.649071 
0.652264 0.528759 0.507869 0.436911 0.657869 0.652264 0.528743 0.507869 0.436911 0.656892 0.652264 0.528728 0.507869 0.436911 0.654936 0.652264 0.528682 0.507869 0.436911 0.653959 0.652264 0.528651 0.507869 0.436911 0.649071 0.652264 0.528574 0.507869 0.436911 0.648094 
0.652264 0.528743 0.507869 0.436911 0.656892 0.652264 0.528728 0.507869 0.436911 0.654936 0.652264 0.528682 0.507869 0.436911 0.653959 0.652264 0.528651 0.507869 0.436911 0.649071 0.652264 0.528574 0.507869 0.436911 0.648094 0.652264 0.528497 0.507869 0.436911 0.645161 
0.652264 0.528728 0.507869 0.436911 0.654936 0.652264 0.528682 0.507869 0.436911 0.653959 0.652264 0.528651 0.507869 0.436911 0.649071 0.652264 0.528574 0.507869 0.436911 0.648094 0.652264 0.528497 0.507869 0.436911 0.645161 0.652264 0.528390 0.507869 0.436911 0.644184 
0.652264 0.528682 0.507869 0.436911 0.653959 0.652264 0.528651 0.507869 0.436911 0.649071 0.652264 0.528574 0.507869 0.436911 0.648094 0.652264 0.528497 0.507869 0.436911 0.645161 0.652264 0.528390 0.507869 0.436911 0.644184 0.652288 0.528266 0.507869 0.436911 0.644184 
0.652264 0.528651 0.507869 0.436911 0.649071 0.652264 0.528574 0.507869 0.436911 0.648094 0.652264 0.528497 0.507869 0.436911 0.645161 0.652264 0.528390 0.507869 0.436911 0.644184 0.652288 0.528266 0.507869 0.436911 0.644184 0.652338 0.528097 0.507869 0.436911 0.644184 
0.652264 0.528574 0.507869 0.436911 0.648094 0.652264 0.528497 0.507869 0.436911 0.645161 0.652264 0.528390 0.507869 0.436911 0.644184 0.652288 0.528266 0.507869 0.436911 0.644184 0.652338 0.528097 0.507869 0.436911 0.644184 0.652411 0.527928 0.507869 0.436911 0.645161 
0.652264 0.528497 0.507869 0.436911 0.645161 0.652264 0.528390 0.507869 0.436911 0.644184 0.652288 0.528266 0.507869 0.436911 0.644184 0.652338 0.528097 0.507869 0.436911 0.644184 0.652411 0.527928 0.507869 0.436911 0.645161 0.652510 0.527728 0.507869 0.436911 0.648094 
0.652264 0.528390 0.507869 0.436911 0.644184 0.652288 0.528266 0.507869 0.436911 0.644184 0.652338 0.528097 0.507869 0.436911 0.644184 0.652411 0.527928 0.507869 0.436911 0.645161 0.652510 0.527728 0.507869 0.436911 0.648094 0.652608 0.527513 0.507869 0.436911 0.649071 
0.652288 0.528266 0.507869 0.436911 0.644184 0.652338 0.528097 0.507869 0.436911 0.644184 0.652411 0.527928 0.507869 0.436911 0.645161 0.652510 0.527728 0.507869 0.436911 0.648094 0.652608 0.527513 0.507869 0.436911 0.649071 0.652731 0.527313 0.507869 0.436911 0.649071 
0.652338 0.528097 0.507869 0.436911 0.644184 0.652411 0.527928 0.507869 0.436911 0.645161 0.652510 0.527728 0.507869 0.436911 0.648094 0.652608 0.527513 0.507869 0.436911 0.649071 0.652731 0.527313 0.507869 0.436911 0.649071 0.652805 0.527113 0.507869 0.436911 0.653959 
0.652411 0.527928 0.507869 0.436911 0.645161 0.652510 0.527728 0.507869 0.436911 0.648094 0.652608 0.527513 0.507869 0.436911 0.649071 0.652731 0.527313 0.507869 0.436911 0.649071 0.652805 0.527113 0.507869 0.436911 0.653959 0.652879 0.526929 0.507869 0.436911 0.652981 
0.652510 0.527728 0.507869 0.436911 0.648094 0.652608 0.527513 0.507869 0.436911 0.649071 0.652731 0.527313 0.507869 0.436911 0.649071 0.652805 0.527113 0.507869 0.436911 0.653959 0.652879 0.526929 0.507869 0.436911 0.652981 0.653002 0.526744 0.507869 0.436911 0.652004 
0.652608 0.527513 0.507869 0.436911 0.649071 0.652731 0.527313 0.507869 0.436911 0.649071 0.652805 0.527113 0.507869 0.436911 0.653959 0.652879 0.526929 0.507869 0.436911 0.652981 0.653002 0.526744 0.507869 0.436911 0.652004 0.653125 0.526559 0.507869 0.436911 0.650049 
0.652731 0.527313 0.507869 0.436911 0.649071 0.652805 0.527113 0.507869 0.436911 0.653959 0.652879 0.526929 0.507869 0.436911 0.652981 0.653002 0.526744 0.507869 0.436911 0.652004 0.653125 0.526559 0.507869 0.436911 0.650049 0.653223 0.526390 0.507869 0.436911 0.649071 
0.652805 0.527113 0.507869 0.436911 0.653959 0.652879 0.526929 0.507869 0.436911 0.652981 0.653002 0.526744 0.507869 0.436911 0.652004 0.653125 0.526559 0.507869 0.436911 0.650049 0.653223 0.526390 0.507869 0.436911 0.649071 0.653322 0.526236 0.507869 0.436911 0.650049 
0.652879 0.526929 0.507869 0.436911 0.652981 0.653002 0.526744 0.507869 0.436911 0.652004 0.653125 0.526559 0.507869 0.436911 0.650049 0.653223 0.526390 0.507869 0.436911 0.649071 0.653322 0.526236 0.507869 0.436911 0.650049 0.653420 0.526052 0.507869 0.436911 0.651026 
0.653002 0.526744 0.507869 0.436911 0.652004 0.653125 0.526559 0.507869 0.436911 0.650049 0.653223 0.526390 0.507869 0.436911 0.649071 0.653322 0.526236 0.507869 0.436911 0.650049 0.653420 0.526052 0.507869 0.436911 0.651026 0.653519 0.525837 0.507869 0.436911 0.652981 
0.653125 0.526559 0.507869 0.436911 0.650049 0.653223 0.526390 0.507869 0.436911 0.649071 0.653322 0.526236 0.507869 0.436911 0.650049 0.653420 0.526052 0.507869 0.436911 0.651026 0.653519 0.525837 0.507869 0.436911 0.652981 0.653617 0.525591 0.498351 0.415055 0.652004 
0.653223 0.526390 0.507869 0.436911 0.649071 0.653322 0.526236 0.507869 0.436911 0.650049 0.653420 0.526052 0.507869 0.436911 0.651026 0.653519 0.525837 0.507869 0.436911 0.652981 0.653617 0.525591 0.498351 0.415055 0.652004 0.653740 0.525329 0.498351 0.415055 0.652981 
0.653322 0.526236 0.507869 0.436911 0.650049 0.653420 0.526052 0.507869 0.436911 0.651026 0.653519 0.525837 0.507869 0.436911 0.652981 0.653617 0.525591 0.498351 0.415055 0.652004 0.653740 0.525329 0.498351 0.415055 0.652981 0.653839 0.525068 0.498351 0.415055 0.656892 
0.653420 0.526052 0.507869 0.436911 0.651026 0.653519 0.525837 0.507869 0.436911 0.652981 0.653617 0.525591 0.498351 0.415055 0.652004 0.653740 0.525329 0.498351 0.415055 0.652981 0.653839 0.525068 0.498351 0.415055 0.656892 0.653912 0.524806 0.498351 0.415055 0.661779 
0.653519 0.525837 0.507869 0.436911 0.652981 0.653617 0.525591 0.498351 0.415055 0.652004 0.653740 0.525329 0.498351 0.415055 0.652981 0.653839 0.525068 0.498351 0.415055 0.656892 0.653912 0.524806 0.498351 0.415055 0.661779 0.653986 0.524560 0.519971 0.420610 0.665689 
0.653617 0.525591 0.498351 0.415055 0.652004 0.653740 0.525329 0.498351 0.415055 0.652981 0.653839 0.525068 0.498351 0.415055 0.656892 0.653912 0.524806 0.498351 0.415055 0.661779 0.653986 0.524560 0.519971 0.420610 0.665689 0.654060 0.524283 0.519971 0.420610 0.666667 
0.653740 0.525329 0.498351 0.415055 0.652981 0.653839 0.525068 0.498351 0.415055 0.656892 0.653912 0.524806 0.498351 0.415055 0.661779 0.653986 0.524560 0.519971 0.420610 0.665689 0.654060 0.524283 0.519971 0.420610 0.666667 0.654134 0.524037 0.519971 0.420610 0.667644 
0.653839 0.525068 0.498351 0.415055 0.656892 0.653912 0.524806 0.498351 0.415055 0.661779 0.653986 0.524560 0.519971 0.420610 0.665689 0.654060 0.524283 0.519971 0.420610 0.666667 0.654134 0.524037 0.519971 0.420610 0.667644 0.654183 0.523791 0.519971 0.420610 0.664712 
0.653912 0.524806 0.498351 0.415055 0.661779 0.653986 0.524560 0.519971 0.420610 0.665689 0.654060 0.524283 0.519971 0.420610 0.666667 0.654134 0.524037 0.519971 0.420610 0.667644 0.654183 0.523791 0.519971 0.420610 0.664712 0.654257 0.523499 0.519971 0.420610 0.664712 
0.653986 0.524560 0.519971 0.420610 0.665689 0.654060 0.524283 0.519971 0.420610 0.666667 0.654134 0.524037 0.519971 0.420610 0.667644 0.654183 0.523791 0.519971 0.420610 0.664712 0.654257 0.523499 0.519971 0.420610 0.664712 0.654306 0.523191 0.519971 0.420610 0.664712 
0.654060 0.524283 0.519971 0.420610 0.666667 0.654134 0.524037 0.519971 0.420610 0.667644 0.654183 0.523791 0.519971 0.420610 0.664712 0.654257 0.523499 0.519971 0.420610 0.664712 0.654306 0.523191 0.519971 0.420610 0.664712 0.654331 0.522807 0.519971 0.420610 0.662757 
0.654134 0.524037 0.519971 0.420610 0.667644 0.654183 0.523791 0.519971 0.420610 0.664712 0.654257 0.523499 0.519971 0.420610 0.664712 0.654306 0.523191 0.519971 0.420610 0.664712 0.654331 0.522807 0.519971 0.420610 0.662757 0.654380 0.522392 0.519971 0.420610 0.665689 
0.654183 0.523791 0.519971 0.420610 0.664712 0.654257 0.523499 0.519971 0.420610 0.664712 0.654306 0.523191 0.519971 0.420610 0.664712 0.654331 0.522807 0.519971 0.420610 0.662757 0.654380 0.522392 0.519971 0.420610 0.665689 0.654429 0.521869 0.519971 0.420610 0.667644 
0.654257 0.523499 0.519971 0.420610 0.664712 0.654306 0.523191 0.519971 0.420610 0.664712 0.654331 0.522807 0.519971 0.420610 0.662757 0.654380 0.522392 0.519971 0.420610 0.665689 0.654429 0.521869 0.519971 0.420610 0.667644 0.654429 0.521254 0.519971 0.420610 0.681329 
0.654306 0.523191 0.519971 0.420610 0.664712 0.654331 0.522807 0.519971 0.420610 0.662757 0.654380 0.522392 0.519971 0.420610 0.665689 0.654429 0.521869 0.519971 0.420610 0.667644 0.654429 0.521254 0.519971 0.420610 0.681329 0.654429 0.520577 0.519971 0.420610 0.675464 
0.654331 0.522807 0.519971 0.420610 0.662757 0.654380 0.522392 0.519971 0.420610 0.665689 0.654429 0.521869 0.519971 0.420610 0.667644 0.654429 0.521254 0.519971 0.420610 0.681329 0.654429 0.520577 0.519971 0.420610 0.675464 0.654478 0.519854 0.519971 0.420610 0.678397 
0.654380 0.522392 0.519971 0.420610 0.665689 0.654429 0.521869 0.519971 0.420610 0.667644 0.654429 0.521254 0.519971 0.420610 0.681329 0.654429 0.520577 0.519971 0.420610 0.675464 0.654478 0.519854 0.519971 0.420610 0.678397 0.654478 0.519131 0.519971 0.420610 0.685239 
0.654429 0.521869 0.519971 0.420610 0.667644 0.654429 0.521254 0.519971 0.420610 0.681329 0.654429 0.520577 0.519971 0.420610 0.675464 0.654478 0.519854 0.519971 0.420610 0.678397 0.654478 0.519131 0.519971 0.420610 0.685239 0.654478 0.518378 0.519971 0.420610 0.690127 
0.654429 0.521254 0.519971 0.420610 0.681329 0.654429 0.520577 0.519971 0.420610 0.675464 0.654478 0.519854 0.519971 0.420610 0.678397 0.654478 0.519131 0.519971 0.420610 0.685239 0.654478 0.518378 0.519971 0.420610 0.690127 0.654478 0.517640 0.519971 0.420610 0.689150 
0.654429 0.520577 0.519971 0.420610 0.675464 0.654478 0.519854 0.519971 0.420610 0.678397 0.654478 0.519131 0.519971 0.420610 0.685239 0.654478 0.518378 0.519971 0.420610 0.690127 0.654478 0.517640 0.519971 0.420610 0.689150 0.654478 0.516901 0.498351 0.415055 0.693060 
0.654478 0.519854 0.519971 0.420610 0.678397 0.654478 0.519131 0.519971 0.420610 0.685239 0.654478 0.518378 0.519971 0.420610 0.690127 0.654478 0.517640 0.519971 0.420610 0.689150 0.654478 0.516901 0.498351 0.415055 0.693060 0.654478 0.516209 0.498351 0.415055 0.687195 
0.654478 0.519131 0.519971 0.420610 0.685239 0.654478 0.518378 0.519971 0.420610 0.690127 0.654478 0.517640 0.519971 0.420610 0.689150 0.654478 0.516901 0.498351 0.415055 0.693060 0.654478 0.516209 0.498351 0.415055 0.687195 0.654552 0.515517 0.498351 0.415055 0.692082 
0.654478 0.518378 0.519971 0.420610 0.690127 0.654478 0.517640 0.519971 0.420610 0.689150 0.654478 0.516901 0.498351 0.415055 0.693060 0.654478 0.516209 0.498351 0.415055 0.687195 0.654552 0.515517 0.498351 0.415055 0.692082 0.654651 0.514825 0.498351 0.415055 0.691105 
0.654478 0.517640 0.519971 0.420610 0.689150 0.654478 0.516901 0.498351 0.415055 0.693060 0.654478 0.516209 0.498351 0.415055 0.687195 0.654552 0.515517 0.498351 0.415055 0.692082 0.654651 0.514825 0.498351 0.415055 0.691105 0.654724 0.514102 0.498351 0.415055 0.691105 
0.654478 0.516901 0.498351 0.415055 0.693060 0.654478 0.516209 0.498351 0.415055 0.687195 0.654552 0.515517 0.498351 0.415055 0.692082 0.654651 0.514825 0.498351 0.415055 0.691105 0.654724 0.514102 0.498351 0.415055 0.691105 0.654847 0.513349 0.498351 0.415055 0.695015 
0.654478 0.516209 0.498351 0.415055 0.687195 0.654552 0.515517 0.498351 0.415055 0.692082 0.654651 0.514825 0.498351 0.415055 0.691105 0.654724 0.514102 0.498351 0.415055 0.691105 0.654847 0.513349 0.498351 0.415055 0.695015 0.654946 0.512626 0.498351 0.415055 0.695992 
0.654552 0.515517 0.498351 0.415055 0.692082 0.654651 0.514825 0.498351 0.415055 0.691105 0.654724 0.514102 0.498351 0.415055 0.691105 0.654847 0.513349 0.498351 0.415055 0.695015 0.654946 0.512626 0.498351 0.415055 0.695992 0.655069 0.511873 0.498351 0.415055 0.696970 
0.654651 0.514825 0.498351 0.415055 0.691105 0.654724 0.514102 0.498351 0.415055 0.691105 0.654847 0.513349 0.498351 0.415055 0.695015 0.654946 0.512626 0.498351 0.415055 0.695992 0.655069 0.511873 0.498351 0.415055 0.696970 0.655167 0.511088 0.509887 0.398814 0.696970 
0.654724 0.514102 0.498351 0.415055 0.691105 0.654847 0.513349 0.498351 0.415055 0.695015 0.654946 0.512626 0.498351 0.415055 0.695992 0.655069 0.511873 0.498351 0.415055 0.696970 0.655167 0.511088 0.509887 0.398814 0.696970 0.655266 0.510273 0.482813 0.401432 0.705767 
0.654847 0.513349 0.498351 0.415055 0.695015 0.654946 0.512626 0.498351 0.415055 0.695992 0.655069 0.511873 0.498351 0.415055 0.696970 0.655167 0.511088 0.509887 0.398814 0.696970 0.655266 0.510273 0.482813 0.401432 0.705767 0.655340 0.509443 0.482813 0.401432 0.697947 
0.654946 0.512626 0.498351 0.415055 0.695992 0.655069 0.511873 0.498351 0.415055 0.696970 0.655167 0.511088 0.509887 0.398814 0.696970 0.655266 0.510273 0.482813 0.401432 0.705767 0.655340 0.509443 0.482813 0.401432 0.697947 0.655438 0.508628 0.482813 0.401432 0.698925 
0.655069 0.511873 0.498351 0.415055 0.696970 0.655167 0.511088 0.509887 0.398814 0.696970 0.655266 0.510273 0.482813 0.401432 0.705767 0.655340 0.509443 0.482813 0.401432 0.697947 0.655438 0.508628 0.482813 0.401432 0.698925 0.655512 0.507812 0.482813 0.401432 0.700880 
0.655167 0.511088 0.509887 0.398814 0.696970 0.655266 0.510273 0.482813 0.401432 0.705767 0.655340 0.509443 0.482813 0.401432 0.697947 0.655438 0.508628 0.482813 0.401432 0.698925 0.655512 0.507812 0.482813 0.401432 0.700880 0.655561 0.506967 0.482813 0.401432 0.702835 
0.655266 0.510273 0.482813 0.401432 0.705767 0.655340 0.509443 0.482813 0.401432 0.697947 0.655438 0.508628 0.482813 0.401432 0.698925 0.655512 0.507812 0.482813 0.401432 0.700880 0.655561 0.506967 0.482813 0.401432 0.702835 0.655610 0.506121 0.482813 0.401432 0.709677 
0.655340 0.509443 0.482813 0.401432 0.697947 0.655438 0.508628 0.482813 0.401432 0.698925 0.655512 0.507812 0.482813 0.401432 0.700880 0.655561 0.506967 0.482813 0.401432 0.702835 0.655610 0.506121 0.482813 0.401432 0.709677 0.655659 0.505260 0.482813 0.401432 0.700880 
0.655438 0.508628 0.482813 0.401432 0.698925 0.655512 0.507812 0.482813 0.401432 0.700880 0.655561 0.506967 0.482813 0.401432 0.702835 0.655610 0.506121 0.482813 0.401432 0.709677 0.655659 0.505260 0.482813 0.401432 0.700880 0.655709 0.504352 0.476921 0.409103 0.704790 
0.655512 0.507812 0.482813 0.401432 0.700880 0.655561 0.506967 0.482813 0.401432 0.702835 0.655610 0.506121 0.482813 0.401432 0.709677 0.655659 0.505260 0.482813 0.401432 0.700880 0.655709 0.504352 0.476921 0.409103 0.704790 0.655758 0.503476 0.476921 0.409103 0.704790 
0.655561 0.506967 0.482813 0.401432 0.702835 0.655610 0.506121 0.482813 0.401432 0.709677 0.655659 0.505260 0.482813 0.401432 0.700880 0.655709 0.504352 0.476921 0.409103 0.704790 0.655758 0.503476 0.476921 0.409103 0.704790 0.655807 0.502584 0.476921 0.409103 0.697947 
0.655610 0.506121 0.482813 0.401432 0.709677 0.655659 0.505260 0.482813 0.401432 0.700880 0.655709 0.504352 0.476921 0.409103 0.704790 0.655758 0.503476 0.476921 0.409103 0.704790 0.655807 0.502584 0.476921 0.409103 0.697947 0.655832 0.501692 0.476921 0.409103 0.698925 
0.655659 0.505260 0.482813 0.401432 0.700880 0.655709 0.504352 0.476921 0.409103 0.704790 0.655758 0.503476 0.476921 0.409103 0.704790 0.655807 0.502584 0.476921 0.409103 0.697947 0.655832 0.501692 0.476921 0.409103 0.698925 0.655856 0.500846 0.476921 0.409103 0.707722 
0.655709 0.504352 0.476921 0.409103 0.704790 0.655758 0.503476 0.476921 0.409103 0.704790 0.655807 0.502584 0.476921 0.409103 0.697947 0.655832 0.501692 0.476921 0.409103 0.698925 0.655856 0.500846 0.476921 0.409103 0.707722 0.655930 0.500046 0.476921 0.409103 0.714565 
0.655758 0.503476 0.476921 0.409103 0.704790 0.655807 0.502584 0.476921 0.409103 0.697947 0.655832 0.501692 0.476921 0.409103 0.698925 0.655856 0.500846 0.476921 0.409103 0.707722 0.655930 0.500046 0.476921 0.409103 0.714565 0.656029 0.499200 0.455708 0.402759 0.709677 
