0.623942 0.573127 0.271376 -0.708160 0.000000 0.624065 0.573019 0.271376 -0.708160 0.000000 0.624459 0.572958 0.271376 -0.708160 0.000000 0.624705 0.572773 0.285154 -0.705277 0.000000 0.624852 0.572696 0.285154 -0.705277 0.000000 0.625271 0.572512 0.285154 -0.705277 0.000000 
0.624065 0.573019 0.271376 -0.708160 0.000000 0.624459 0.572958 0.271376 -0.708160 0.000000 0.624705 0.572773 0.285154 -0.705277 0.000000 0.624852 0.572696 0.285154 -0.705277 0.000000 0.625271 0.572512 0.285154 -0.705277 0.000000 0.625369 0.572435 0.285154 -0.705277 0.000000 
0.624459 0.572958 0.271376 -0.708160 0.000000 0.624705 0.572773 0.285154 -0.705277 0.000000 0.624852 0.572696 0.285154 -0.705277 0.000000 0.625271 0.572512 0.285154 -0.705277 0.000000 0.625369 0.572435 0.285154 -0.705277 0.000000 0.625738 0.572204 0.285154 -0.705277 0.000000 
0.624705 0.572773 0.285154 -0.705277 0.000000 0.624852 0.572696 0.285154 -0.705277 0.000000 0.625271 0.572512 0.285154 -0.705277 0.000000 0.625369 0.572435 0.285154 -0.705277 0.000000 0.625738 0.572204 0.285154 -0.705277 0.000000 0.626033 0.571989 0.285154 -0.705277 0.000000 
0.624852 0.572696 0.285154 -0.705277 0.000000 0.625271 0.572512 0.285154 -0.705277 0.000000 0.625369 0.572435 0.285154 -0.705277 0.000000 0.625738 0.572204 0.285154 -0.705277 0.000000 0.626033 0.571989 0.285154 -0.705277 0.000000 0.626353 0.571743 0.285154 -0.705277 0.000000 
0.625271 0.572512 0.285154 -0.705277 0.000000 0.625369 0.572435 0.285154 -0.705277 0.000000 0.625738 0.572204 0.285154 -0.705277 0.000000 0.626033 0.571989 0.285154 -0.705277 0.000000 0.626353 0.571743 0.285154 -0.705277 0.000000 0.626698 0.571435 0.285154 -0.705277 0.000000 
0.625369 0.572435 0.285154 -0.705277 0.000000 0.625738 0.572204 0.285154 -0.705277 0.000000 0.626033 0.571989 0.285154 -0.705277 0.000000 0.626353 0.571743 0.285154 -0.705277 0.000000 0.626698 0.571435 0.285154 -0.705277 0.000000 0.627067 0.571112 0.285154 -0.705277 0.000000 
0.625738 0.572204 0.285154 -0.705277 0.000000 0.626033 0.571989 0.285154 -0.705277 0.000000 0.626353 0.571743 0.285154 -0.705277 0.000000 0.626698 0.571435 0.285154 -0.705277 0.000000 0.627067 0.571112 0.285154 -0.705277 0.000000 0.627387 0.570789 0.285154 -0.705277 0.000000 
0.626033 0.571989 0.285154 -0.705277 0.000000 0.626353 0.571743 0.285154 -0.705277 0.000000 0.626698 0.571435 0.285154 -0.705277 0.000000 0.627067 0.571112 0.285154 -0.705277 0.000000 0.627387 0.570789 0.285154 -0.705277 0.000000 0.627731 0.570466 0.285154 -0.705277 0.000000 
0.626353 0.571743 0.285154 -0.705277 0.000000 0.626698 0.571435 0.285154 -0.705277 0.000000 0.627067 0.571112 0.285154 -0.705277 0.000000 0.627387 0.570789 0.285154 -0.705277 0.000000 0.627731 0.570466 0.285154 -0.705277 0.000000 0.627854 0.570359 0.285154 -0.705277 0.000000 
0.626698 0.571435 0.285154 -0.705277 0.000000 0.627067 0.571112 0.285154 -0.705277 0.000000 0.627387 0.570789 0.285154 -0.705277 0.000000 0.627731 0.570466 0.285154 -0.705277 0.000000 0.627854 0.570359 0.285154 -0.705277 0.000000 0.627879 0.570312 0.285154 -0.705277 0.000000 
0.627067 0.571112 0.285154 -0.705277 0.000000 0.627387 0.570789 0.285154 -0.705277 0.000000 0.627731 0.570466 0.285154 -0.705277 0.000000 0.627854 0.570359 0.285154 -0.705277 0.000000 0.627879 0.570312 0.285154 -0.705277 0.000000 0.628248 0.569959 0.271376 -0.708160 0.000000 
0.627387 0.570789 0.285154 -0.705277 0.000000 0.627731 0.570466 0.285154 -0.705277 0.000000 0.627854 0.570359 0.285154 -0.705277 0.000000 0.627879 0.570312 0.285154 -0.705277 0.000000 0.628248 0.569959 0.271376 -0.708160 0.000000 0.628248 0.569928 0.271376 -0.708160 0.000000 
0.627731 0.570466 0.285154 -0.705277 0.000000 0.627854 0.570359 0.285154 -0.705277 0.000000 0.627879 0.570312 0.285154 -0.705277 0.000000 0.628248 0.569959 0.271376 -0.708160 0.000000 0.628248 0.569928 0.271376 -0.708160 0.000000 0.628248 0.569897 0.271376 -0.708160 0.000000 
0.627854 0.570359 0.285154 -0.705277 0.000000 0.627879 0.570312 0.285154 -0.705277 0.000000 0.628248 0.569959 0.271376 -0.708160 0.000000 0.628248 0.569928 0.271376 -0.708160 0.000000 0.628248 0.569897 0.271376 -0.708160 0.000000 0.628445 0.569897 0.271376 -0.708160 0.000000 
0.627879 0.570312 0.285154 -0.705277 0.000000 0.628248 0.569959 0.271376 -0.708160 0.000000 0.628248 0.569928 0.271376 -0.708160 0.000000 0.628248 0.569897 0.271376 -0.708160 0.000000 0.628445 0.569897 0.271376 -0.708160 0.000000 0.628814 0.569897 0.271376 -0.708160 0.000000 
0.628248 0.569959 0.271376 -0.708160 0.000000 0.628248 0.569928 0.271376 -0.708160 0.000000 0.628248 0.569897 0.271376 -0.708160 0.000000 0.628445 0.569897 0.271376 -0.708160 0.000000 0.628814 0.569897 0.271376 -0.708160 0.000000 0.628986 0.569897 0.271376 -0.708160 0.000000 
0.628248 0.569928 0.271376 -0.708160 0.000000 0.628248 0.569897 0.271376 -0.708160 0.000000 0.628445 0.569897 0.271376 -0.708160 0.000000 0.628814 0.569897 0.271376 -0.708160 0.000000 0.628986 0.569897 0.271376 -0.708160 0.000000 0.629405 0.569897 0.271376 -0.708160 0.000000 
0.628248 0.569897 0.271376 -0.708160 0.000000 0.628445 0.569897 0.271376 -0.708160 0.000000 0.628814 0.569897 0.271376 -0.708160 0.000000 0.628986 0.569897 0.271376 -0.708160 0.000000 0.629405 0.569897 0.271376 -0.708160 0.000000 0.629528 0.569897 0.285154 -0.705277 0.000000 
0.628445 0.569897 0.271376 -0.708160 0.000000 0.628814 0.569897 0.271376 -0.708160 0.000000 0.628986 0.569897 0.271376 -0.708160 0.000000 0.629405 0.569897 0.271376 -0.708160 0.000000 0.629528 0.569897 0.285154 -0.705277 0.000000 0.629749 0.569882 0.298740 -0.702227 0.000000 
0.628814 0.569897 0.271376 -0.708160 0.000000 0.628986 0.569897 0.271376 -0.708160 0.000000 0.629405 0.569897 0.271376 -0.708160 0.000000 0.629528 0.569897 0.285154 -0.705277 0.000000 0.629749 0.569882 0.298740 -0.702227 0.000000 0.629946 0.569882 0.301996 -0.681744 0.000000 
0.628986 0.569897 0.271376 -0.708160 0.000000 0.629405 0.569897 0.271376 -0.708160 0.000000 0.629528 0.569897 0.285154 -0.705277 0.000000 0.629749 0.569882 0.298740 -0.702227 0.000000 0.629946 0.569882 0.301996 -0.681744 0.000000 0.630118 0.569882 0.301996 -0.681744 0.000000 
0.629405 0.569897 0.271376 -0.708160 0.000000 0.629528 0.569897 0.285154 -0.705277 0.000000 0.629749 0.569882 0.298740 -0.702227 0.000000 0.629946 0.569882 0.301996 -0.681744 0.000000 0.630118 0.569882 0.301996 -0.681744 0.000000 0.630340 0.569882 0.301996 -0.681744 0.000000 
0.629528 0.569897 0.285154 -0.705277 0.000000 0.629749 0.569882 0.298740 -0.702227 0.000000 0.629946 0.569882 0.301996 -0.681744 0.000000 0.630118 0.569882 0.301996 -0.681744 0.000000 0.630340 0.569882 0.301996 -0.681744 0.000000 0.630364 0.569882 0.292105 -0.664516 0.000000 
0.629749 0.569882 0.298740 -0.702227 0.000000 0.629946 0.569882 0.301996 -0.681744 0.000000 0.630118 0.569882 0.301996 -0.681744 0.000000 0.630340 0.569882 0.301996 -0.681744 0.000000 0.630364 0.569882 0.292105 -0.664516 0.000000 0.630217 0.569959 0.292105 -0.664516 0.000000 
0.629946 0.569882 0.301996 -0.681744 0.000000 0.630118 0.569882 0.301996 -0.681744 0.000000 0.630340 0.569882 0.301996 -0.681744 0.000000 0.630364 0.569882 0.292105 -0.664516 0.000000 0.630217 0.569959 0.292105 -0.664516 0.000000 0.629872 0.570097 0.292105 -0.664516 0.000000 
0.630118 0.569882 0.301996 -0.681744 0.000000 0.630340 0.569882 0.301996 -0.681744 0.000000 0.630364 0.569882 0.292105 -0.664516 0.000000 0.630217 0.569959 0.292105 -0.664516 0.000000 0.629872 0.570097 0.292105 -0.664516 0.000000 0.629503 0.570266 0.279478 -0.667687 0.000000 
0.630340 0.569882 0.301996 -0.681744 0.000000 0.630364 0.569882 0.292105 -0.664516 0.000000 0.630217 0.569959 0.292105 -0.664516 0.000000 0.629872 0.570097 0.292105 -0.664516 0.000000 0.629503 0.570266 0.279478 -0.667687 0.000000 0.629109 0.570451 0.279478 -0.667687 0.000000 
0.630364 0.569882 0.292105 -0.664516 0.000000 0.630217 0.569959 0.292105 -0.664516 0.000000 0.629872 0.570097 0.292105 -0.664516 0.000000 0.629503 0.570266 0.279478 -0.667687 0.000000 0.629109 0.570451 0.279478 -0.667687 0.000000 0.628691 0.570651 0.279478 -0.667687 0.000000 
0.630217 0.569959 0.292105 -0.664516 0.000000 0.629872 0.570097 0.292105 -0.664516 0.000000 0.629503 0.570266 0.279478 -0.667687 0.000000 0.629109 0.570451 0.279478 -0.667687 0.000000 0.628691 0.570651 0.279478 -0.667687 0.000000 0.628248 0.570882 0.279478 -0.667687 0.000000 
0.629872 0.570097 0.292105 -0.664516 0.000000 0.629503 0.570266 0.279478 -0.667687 0.000000 0.629109 0.570451 0.279478 -0.667687 0.000000 0.628691 0.570651 0.279478 -0.667687 0.000000 0.628248 0.570882 0.279478 -0.667687 0.000000 0.627780 0.571128 0.279478 -0.667687 0.000000 
0.629503 0.570266 0.279478 -0.667687 0.000000 0.629109 0.570451 0.279478 -0.667687 0.000000 0.628691 0.570651 0.279478 -0.667687 0.000000 0.628248 0.570882 0.279478 -0.667687 0.000000 0.627780 0.571128 0.279478 -0.667687 0.000000 0.627338 0.571389 0.279478 -0.667687 0.000000 
0.629109 0.570451 0.279478 -0.667687 0.000000 0.628691 0.570651 0.279478 -0.667687 0.000000 0.628248 0.570882 0.279478 -0.667687 0.000000 0.627780 0.571128 0.279478 -0.667687 0.000000 0.627338 0.571389 0.279478 -0.667687 0.000000 0.626944 0.571650 0.279478 -0.667687 0.000000 
0.628691 0.570651 0.279478 -0.667687 0.000000 0.628248 0.570882 0.279478 -0.667687 0.000000 0.627780 0.571128 0.279478 -0.667687 0.000000 0.627338 0.571389 0.279478 -0.667687 0.000000 0.626944 0.571650 0.279478 -0.667687 0.000000 0.626575 0.571912 0.279478 -0.667687 0.000000 
0.628248 0.570882 0.279478 -0.667687 0.000000 0.627780 0.571128 0.279478 -0.667687 0.000000 0.627338 0.571389 0.279478 -0.667687 0.000000 0.626944 0.571650 0.279478 -0.667687 0.000000 0.626575 0.571912 0.279478 -0.667687 0.000000 0.626230 0.572143 0.275800 -0.687969 0.000000 
0.627780 0.571128 0.279478 -0.667687 0.000000 0.627338 0.571389 0.279478 -0.667687 0.000000 0.626944 0.571650 0.279478 -0.667687 0.000000 0.626575 0.571912 0.279478 -0.667687 0.000000 0.626230 0.572143 0.275800 -0.687969 0.000000 0.626132 0.572219 0.275800 -0.687969 0.000000 
0.627338 0.571389 0.279478 -0.667687 0.000000 0.626944 0.571650 0.279478 -0.667687 0.000000 0.626575 0.571912 0.279478 -0.667687 0.000000 0.626230 0.572143 0.275800 -0.687969 0.000000 0.626132 0.572219 0.275800 -0.687969 0.000000 0.625910 0.572404 0.275800 -0.687969 0.000000 
0.626944 0.571650 0.279478 -0.667687 0.000000 0.626575 0.571912 0.279478 -0.667687 0.000000 0.626230 0.572143 0.275800 -0.687969 0.000000 0.626132 0.572219 0.275800 -0.687969 0.000000 0.625910 0.572404 0.275800 -0.687969 0.000000 0.625615 0.572558 0.275800 -0.687969 0.000000 
0.626575 0.571912 0.279478 -0.667687 0.000000 0.626230 0.572143 0.275800 -0.687969 0.000000 0.626132 0.572219 0.275800 -0.687969 0.000000 0.625910 0.572404 0.275800 -0.687969 0.000000 0.625615 0.572558 0.275800 -0.687969 0.000000 0.625566 0.572758 0.275800 -0.687969 0.000000 
0.626230 0.572143 0.275800 -0.687969 0.000000 0.626132 0.572219 0.275800 -0.687969 0.000000 0.625910 0.572404 0.275800 -0.687969 0.000000 0.625615 0.572558 0.275800 -0.687969 0.000000 0.625566 0.572758 0.275800 -0.687969 0.000000 0.625541 0.572835 0.275800 -0.687969 0.000000 
0.626132 0.572219 0.275800 -0.687969 0.000000 0.625910 0.572404 0.275800 -0.687969 0.000000 0.625615 0.572558 0.275800 -0.687969 0.000000 0.625566 0.572758 0.275800 -0.687969 0.000000 0.625541 0.572835 0.275800 -0.687969 0.000000 0.625541 0.572896 0.285154 -0.705277 0.000000 
0.625910 0.572404 0.275800 -0.687969 0.000000 0.625615 0.572558 0.275800 -0.687969 0.000000 0.625566 0.572758 0.275800 -0.687969 0.000000 0.625541 0.572835 0.275800 -0.687969 0.000000 0.625541 0.572896 0.285154 -0.705277 0.000000 0.625541 0.572942 0.275800 -0.687969 0.000000 
0.625615 0.572558 0.275800 -0.687969 0.000000 0.625566 0.572758 0.275800 -0.687969 0.000000 0.625541 0.572835 0.275800 -0.687969 0.000000 0.625541 0.572896 0.285154 -0.705277 0.000000 0.625541 0.572942 0.275800 -0.687969 0.000000 0.625541 0.572988 0.275800 -0.687969 0.000000 
0.625566 0.572758 0.275800 -0.687969 0.000000 0.625541 0.572835 0.275800 -0.687969 0.000000 0.625541 0.572896 0.285154 -0.705277 0.000000 0.625541 0.572942 0.275800 -0.687969 0.000000 0.625541 0.572988 0.275800 -0.687969 0.000000 0.625615 0.573019 0.275800 -0.687969 0.000000 
0.625541 0.572835 0.275800 -0.687969 0.000000 0.625541 0.572896 0.285154 -0.705277 0.000000 0.625541 0.572942 0.275800 -0.687969 0.000000 0.625541 0.572988 0.275800 -0.687969 0.000000 0.625615 0.573019 0.275800 -0.687969 0.000000 0.625812 0.573035 0.275800 -0.687969 0.000000 
0.625541 0.572896 0.285154 -0.705277 0.000000 0.625541 0.572942 0.275800 -0.687969 0.000000 0.625541 0.572988 0.275800 -0.687969 0.000000 0.625615 0.573019 0.275800 -0.687969 0.000000 0.625812 0.573035 0.275800 -0.687969 0.000000 0.625960 0.573050 0.275800 -0.687969 0.000000 
0.625541 0.572942 0.275800 -0.687969 0.000000 0.625541 0.572988 0.275800 -0.687969 0.000000 0.625615 0.573019 0.275800 -0.687969 0.000000 0.625812 0.573035 0.275800 -0.687969 0.000000 0.625960 0.573050 0.275800 -0.687969 0.000000 0.626157 0.573050 0.275800 -0.687969 0.000000 
0.625541 0.572988 0.275800 -0.687969 0.000000 0.625615 0.573019 0.275800 -0.687969 0.000000 0.625812 0.573035 0.275800 -0.687969 0.000000 0.625960 0.573050 0.275800 -0.687969 0.000000 0.626157 0.573050 0.275800 -0.687969 0.000000 0.626378 0.573050 0.279478 -0.667687 0.000000 
0.625615 0.573019 0.275800 -0.687969 0.000000 0.625812 0.573035 0.275800 -0.687969 0.000000 0.625960 0.573050 0.275800 -0.687969 0.000000 0.626157 0.573050 0.275800 -0.687969 0.000000 0.626378 0.573050 0.279478 -0.667687 0.000000 0.626550 0.573050 0.279478 -0.667687 0.000000 
0.625812 0.573035 0.275800 -0.687969 0.000000 0.625960 0.573050 0.275800 -0.687969 0.000000 0.626157 0.573050 0.275800 -0.687969 0.000000 0.626378 0.573050 0.279478 -0.667687 0.000000 0.626550 0.573050 0.279478 -0.667687 0.000000 0.626722 0.573050 0.279478 -0.667687 0.000000 
0.625960 0.573050 0.275800 -0.687969 0.000000 0.626157 0.573050 0.275800 -0.687969 0.000000 0.626378 0.573050 0.279478 -0.667687 0.000000 0.626550 0.573050 0.279478 -0.667687 0.000000 0.626722 0.573050 0.279478 -0.667687 0.000000 0.626845 0.573050 0.279478 -0.667687 0.000000 
0.626157 0.573050 0.275800 -0.687969 0.000000 0.626378 0.573050 0.279478 -0.667687 0.000000 0.626550 0.573050 0.279478 -0.667687 0.000000 0.626722 0.573050 0.279478 -0.667687 0.000000 0.626845 0.573050 0.279478 -0.667687 0.000000 0.626944 0.573050 0.279478 -0.667687 0.000000 
0.626378 0.573050 0.279478 -0.667687 0.000000 0.626550 0.573050 0.279478 -0.667687 0.000000 0.626722 0.573050 0.279478 -0.667687 0.000000 0.626845 0.573050 0.279478 -0.667687 0.000000 0.626944 0.573050 0.279478 -0.667687 0.000000 0.627018 0.573050 0.279478 -0.667687 0.040078 
0.626550 0.573050 0.279478 -0.667687 0.000000 0.626722 0.573050 0.279478 -0.667687 0.000000 0.626845 0.573050 0.279478 -0.667687 0.000000 0.626944 0.573050 0.279478 -0.667687 0.000000 0.627018 0.573050 0.279478 -0.667687 0.040078 0.627092 0.573050 0.279478 -0.667687 0.055718 
0.626722 0.573050 0.279478 -0.667687 0.000000 0.626845 0.573050 0.279478 -0.667687 0.000000 0.626944 0.573050 0.279478 -0.667687 0.000000 0.627018 0.573050 0.279478 -0.667687 0.040078 0.627092 0.573050 0.279478 -0.667687 0.055718 0.627116 0.573050 0.279478 -0.667687 0.068426 
0.626845 0.573050 0.279478 -0.667687 0.000000 0.626944 0.573050 0.279478 -0.667687 0.000000 0.627018 0.573050 0.279478 -0.667687 0.040078 0.627092 0.573050 0.279478 -0.667687 0.055718 0.627116 0.573050 0.279478 -0.667687 0.068426 0.627116 0.573065 0.279478 -0.667687 0.083089 
0.626944 0.573050 0.279478 -0.667687 0.000000 0.627018 0.573050 0.279478 -0.667687 0.040078 0.627092 0.573050 0.279478 -0.667687 0.055718 0.627116 0.573050 0.279478 -0.667687 0.068426 0.627116 0.573065 0.279478 -0.667687 0.083089 0.627116 0.573096 0.279478 -0.667687 0.076246 
0.627018 0.573050 0.279478 -0.667687 0.040078 0.627092 0.573050 0.279478 -0.667687 0.055718 0.627116 0.573050 0.279478 -0.667687 0.068426 0.627116 0.573065 0.279478 -0.667687 0.083089 0.627116 0.573096 0.279478 -0.667687 0.076246 0.627067 0.573142 0.279478 -0.667687 0.066471 
0.627092 0.573050 0.279478 -0.667687 0.055718 0.627116 0.573050 0.279478 -0.667687 0.068426 0.627116 0.573065 0.279478 -0.667687 0.083089 0.627116 0.573096 0.279478 -0.667687 0.076246 0.627067 0.573142 0.279478 -0.667687 0.066471 0.626845 0.573188 0.279478 -0.667687 0.054741 
0.627116 0.573050 0.279478 -0.667687 0.068426 0.627116 0.573065 0.279478 -0.667687 0.083089 0.627116 0.573096 0.279478 -0.667687 0.076246 0.627067 0.573142 0.279478 -0.667687 0.066471 0.626845 0.573188 0.279478 -0.667687 0.054741 0.626599 0.573250 0.279478 -0.667687 0.045943 
0.627116 0.573065 0.279478 -0.667687 0.083089 0.627116 0.573096 0.279478 -0.667687 0.076246 0.627067 0.573142 0.279478 -0.667687 0.066471 0.626845 0.573188 0.279478 -0.667687 0.054741 0.626599 0.573250 0.279478 -0.667687 0.045943 0.626329 0.573327 0.279478 -0.667687 0.033236 
0.627116 0.573096 0.279478 -0.667687 0.076246 0.627067 0.573142 0.279478 -0.667687 0.066471 0.626845 0.573188 0.279478 -0.667687 0.054741 0.626599 0.573250 0.279478 -0.667687 0.045943 0.626329 0.573327 0.279478 -0.667687 0.033236 0.626058 0.573388 0.279478 -0.667687 0.018573 
0.627067 0.573142 0.279478 -0.667687 0.066471 0.626845 0.573188 0.279478 -0.667687 0.054741 0.626599 0.573250 0.279478 -0.667687 0.045943 0.626329 0.573327 0.279478 -0.667687 0.033236 0.626058 0.573388 0.279478 -0.667687 0.018573 0.625517 0.573557 0.279478 -0.667687 0.000000 
0.626845 0.573188 0.279478 -0.667687 0.054741 0.626599 0.573250 0.279478 -0.667687 0.045943 0.626329 0.573327 0.279478 -0.667687 0.033236 0.626058 0.573388 0.279478 -0.667687 0.018573 0.625517 0.573557 0.279478 -0.667687 0.000000 0.625246 0.573619 0.279478 -0.667687 0.000000 
0.624459 0.573834 0.266677 -0.670694 0.000000 0.624434 0.573834 0.266677 -0.670694 0.000000 0.624606 0.573834 0.266677 -0.670694 0.180841 0.624803 0.573834 0.266677 -0.670694 0.211144 0.625025 0.573834 0.266677 -0.670694 0.238514 0.625246 0.573834 0.266677 -0.670694 0.265885 
0.624434 0.573834 0.266677 -0.670694 0.000000 0.624606 0.573834 0.266677 -0.670694 0.180841 0.624803 0.573834 0.266677 -0.670694 0.211144 0.625025 0.573834 0.266677 -0.670694 0.238514 0.625246 0.573834 0.266677 -0.670694 0.265885 0.625418 0.573834 0.266677 -0.670694 0.296188 
0.624606 0.573834 0.266677 -0.670694 0.180841 0.624803 0.573834 0.266677 -0.670694 0.211144 0.625025 0.573834 0.266677 -0.670694 0.238514 0.625246 0.573834 0.266677 -0.670694 0.265885 0.625418 0.573834 0.266677 -0.670694 0.296188 0.625591 0.573834 0.266677 -0.670694 0.324536 
0.624803 0.573834 0.266677 -0.670694 0.211144 0.625025 0.573834 0.266677 -0.670694 0.238514 0.625246 0.573834 0.266677 -0.670694 0.265885 0.625418 0.573834 0.266677 -0.670694 0.296188 0.625591 0.573834 0.266677 -0.670694 0.324536 0.625738 0.573834 0.279478 -0.667687 0.347019 
0.625025 0.573834 0.266677 -0.670694 0.238514 0.625246 0.573834 0.266677 -0.670694 0.265885 0.625418 0.573834 0.266677 -0.670694 0.296188 0.625591 0.573834 0.266677 -0.670694 0.324536 0.625738 0.573834 0.279478 -0.667687 0.347019 0.625837 0.573834 0.279478 -0.667687 0.363636 
0.625246 0.573834 0.266677 -0.670694 0.265885 0.625418 0.573834 0.266677 -0.670694 0.296188 0.625591 0.573834 0.266677 -0.670694 0.324536 0.625738 0.573834 0.279478 -0.667687 0.347019 0.625837 0.573834 0.279478 -0.667687 0.363636 0.625910 0.573834 0.279478 -0.667687 0.375367 
0.625418 0.573834 0.266677 -0.670694 0.296188 0.625591 0.573834 0.266677 -0.670694 0.324536 0.625738 0.573834 0.279478 -0.667687 0.347019 0.625837 0.573834 0.279478 -0.667687 0.363636 0.625910 0.573834 0.279478 -0.667687 0.375367 0.625935 0.573834 0.279478 -0.667687 0.379277 
0.625591 0.573834 0.266677 -0.670694 0.324536 0.625738 0.573834 0.279478 -0.667687 0.347019 0.625837 0.573834 0.279478 -0.667687 0.363636 0.625910 0.573834 0.279478 -0.667687 0.375367 0.625935 0.573834 0.279478 -0.667687 0.379277 0.625935 0.573850 0.279478 -0.667687 0.369501 
0.625738 0.573834 0.279478 -0.667687 0.347019 0.625837 0.573834 0.279478 -0.667687 0.363636 0.625910 0.573834 0.279478 -0.667687 0.375367 0.625935 0.573834 0.279478 -0.667687 0.379277 0.625935 0.573850 0.279478 -0.667687 0.369501 0.625935 0.573865 0.279478 -0.667687 0.361681 
0.625837 0.573834 0.279478 -0.667687 0.363636 0.625910 0.573834 0.279478 -0.667687 0.375367 0.625935 0.573834 0.279478 -0.667687 0.379277 0.625935 0.573850 0.279478 -0.667687 0.369501 0.625935 0.573865 0.279478 -0.667687 0.361681 0.625935 0.573896 0.279478 -0.667687 0.352884 
0.625910 0.573834 0.279478 -0.667687 0.375367 0.625935 0.573834 0.279478 -0.667687 0.379277 0.625935 0.573850 0.279478 -0.667687 0.369501 0.625935 0.573865 0.279478 -0.667687 0.361681 0.625935 0.573896 0.279478 -0.667687 0.352884 0.625935 0.573942 0.282442 -0.647329 0.342131 
0.625935 0.573834 0.279478 -0.667687 0.379277 0.625935 0.573850 0.279478 -0.667687 0.369501 0.625935 0.573865 0.279478 -0.667687 0.361681 0.625935 0.573896 0.279478 -0.667687 0.352884 0.625935 0.573942 0.282442 -0.647329 0.342131 0.625935 0.573957 0.282442 -0.647329 0.332356 
0.625935 0.573850 0.279478 -0.667687 0.369501 0.625935 0.573865 0.279478 -0.667687 0.361681 0.625935 0.573896 0.279478 -0.667687 0.352884 0.625935 0.573942 0.282442 -0.647329 0.342131 0.625935 0.573957 0.282442 -0.647329 0.332356 0.625861 0.574003 0.282442 -0.647329 0.322581 
0.625935 0.573865 0.279478 -0.667687 0.361681 0.625935 0.573896 0.279478 -0.667687 0.352884 0.625935 0.573942 0.282442 -0.647329 0.342131 0.625935 0.573957 0.282442 -0.647329 0.332356 0.625861 0.574003 0.282442 -0.647329 0.322581 0.625738 0.574034 0.282442 -0.647329 0.312805 
0.625935 0.573896 0.279478 -0.667687 0.352884 0.625935 0.573942 0.282442 -0.647329 0.342131 0.625935 0.573957 0.282442 -0.647329 0.332356 0.625861 0.574003 0.282442 -0.647329 0.322581 0.625738 0.574034 0.282442 -0.647329 0.312805 0.625640 0.574080 0.282442 -0.647329 0.304985 
0.625935 0.573942 0.282442 -0.647329 0.342131 0.625935 0.573957 0.282442 -0.647329 0.332356 0.625861 0.574003 0.282442 -0.647329 0.322581 0.625738 0.574034 0.282442 -0.647329 0.312805 0.625640 0.574080 0.282442 -0.647329 0.304985 0.625517 0.574126 0.282442 -0.647329 0.297165 
0.625935 0.573957 0.282442 -0.647329 0.332356 0.625861 0.574003 0.282442 -0.647329 0.322581 0.625738 0.574034 0.282442 -0.647329 0.312805 0.625640 0.574080 0.282442 -0.647329 0.304985 0.625517 0.574126 0.282442 -0.647329 0.297165 0.625394 0.574173 0.282442 -0.647329 0.291300 
0.625861 0.574003 0.282442 -0.647329 0.322581 0.625738 0.574034 0.282442 -0.647329 0.312805 0.625640 0.574080 0.282442 -0.647329 0.304985 0.625517 0.574126 0.282442 -0.647329 0.297165 0.625394 0.574173 0.282442 -0.647329 0.291300 0.625320 0.574188 0.282442 -0.647329 0.287390 
0.625738 0.574034 0.282442 -0.647329 0.312805 0.625640 0.574080 0.282442 -0.647329 0.304985 0.625517 0.574126 0.282442 -0.647329 0.297165 0.625394 0.574173 0.282442 -0.647329 0.291300 0.625320 0.574188 0.282442 -0.647329 0.287390 0.625295 0.574203 0.279478 -0.667687 0.284457 
0.625640 0.574080 0.282442 -0.647329 0.304985 0.625517 0.574126 0.282442 -0.647329 0.297165 0.625394 0.574173 0.282442 -0.647329 0.291300 0.625320 0.574188 0.282442 -0.647329 0.287390 0.625295 0.574203 0.279478 -0.667687 0.284457 0.625246 0.574234 0.279478 -0.667687 0.283480 
0.625517 0.574126 0.282442 -0.647329 0.297165 0.625394 0.574173 0.282442 -0.647329 0.291300 0.625320 0.574188 0.282442 -0.647329 0.287390 0.625295 0.574203 0.279478 -0.667687 0.284457 0.625246 0.574234 0.279478 -0.667687 0.283480 0.625246 0.574250 0.279478 -0.667687 0.284457 
0.625394 0.574173 0.282442 -0.647329 0.291300 0.625320 0.574188 0.282442 -0.647329 0.287390 0.625295 0.574203 0.279478 -0.667687 0.284457 0.625246 0.574234 0.279478 -0.667687 0.283480 0.625246 0.574250 0.279478 -0.667687 0.284457 0.625295 0.574250 0.279478 -0.667687 0.398827 
0.625320 0.574188 0.282442 -0.647329 0.287390 0.625295 0.574203 0.279478 -0.667687 0.284457 0.625246 0.574234 0.279478 -0.667687 0.283480 0.625246 0.574250 0.279478 -0.667687 0.284457 0.625295 0.574250 0.279478 -0.667687 0.398827 0.625418 0.574250 0.279478 -0.667687 0.422287 
0.625295 0.574203 0.279478 -0.667687 0.284457 0.625246 0.574234 0.279478 -0.667687 0.283480 0.625246 0.574250 0.279478 -0.667687 0.284457 0.625295 0.574250 0.279478 -0.667687 0.398827 0.625418 0.574250 0.279478 -0.667687 0.422287 0.625517 0.574250 0.282442 -0.647329 0.443793 
0.625246 0.574234 0.279478 -0.667687 0.283480 0.625246 0.574250 0.279478 -0.667687 0.284457 0.625295 0.574250 0.279478 -0.667687 0.398827 0.625418 0.574250 0.279478 -0.667687 0.422287 0.625517 0.574250 0.282442 -0.647329 0.443793 0.625615 0.574250 0.282442 -0.647329 0.467253 
0.625246 0.574250 0.279478 -0.667687 0.284457 0.625295 0.574250 0.279478 -0.667687 0.398827 0.625418 0.574250 0.279478 -0.667687 0.422287 0.625517 0.574250 0.282442 -0.647329 0.443793 0.625615 0.574250 0.282442 -0.647329 0.467253 0.625714 0.574250 0.282442 -0.647329 0.489736 
0.625295 0.574250 0.279478 -0.667687 0.398827 0.625418 0.574250 0.279478 -0.667687 0.422287 0.625517 0.574250 0.282442 -0.647329 0.443793 0.625615 0.574250 0.282442 -0.647329 0.467253 0.625714 0.574250 0.282442 -0.647329 0.489736 0.625812 0.574250 0.282442 -0.647329 0.510264 
0.625418 0.574250 0.279478 -0.667687 0.422287 0.625517 0.574250 0.282442 -0.647329 0.443793 0.625615 0.574250 0.282442 -0.647329 0.467253 0.625714 0.574250 0.282442 -0.647329 0.489736 0.625812 0.574250 0.282442 -0.647329 0.510264 0.625886 0.574250 0.282442 -0.647329 0.529814 
0.625517 0.574250 0.282442 -0.647329 0.443793 0.625615 0.574250 0.282442 -0.647329 0.467253 0.625714 0.574250 0.282442 -0.647329 0.489736 0.625812 0.574250 0.282442 -0.647329 0.510264 0.625886 0.574250 0.282442 -0.647329 0.529814 0.625935 0.574250 0.282442 -0.647329 0.544477 
0.625615 0.574250 0.282442 -0.647329 0.467253 0.625714 0.574250 0.282442 -0.647329 0.489736 0.625812 0.574250 0.282442 -0.647329 0.510264 0.625886 0.574250 0.282442 -0.647329 0.529814 0.625935 0.574250 0.282442 -0.647329 0.544477 0.625960 0.574250 0.282442 -0.647329 0.550342 
0.625714 0.574250 0.282442 -0.647329 0.489736 0.625812 0.574250 0.282442 -0.647329 0.510264 0.625886 0.574250 0.282442 -0.647329 0.529814 0.625935 0.574250 0.282442 -0.647329 0.544477 0.625960 0.574250 0.282442 -0.647329 0.550342 0.625960 0.574265 0.282442 -0.647329 0.495601 
0.625812 0.574250 0.282442 -0.647329 0.510264 0.625886 0.574250 0.282442 -0.647329 0.529814 0.625935 0.574250 0.282442 -0.647329 0.544477 0.625960 0.574250 0.282442 -0.647329 0.550342 0.625960 0.574265 0.282442 -0.647329 0.495601 0.625960 0.574280 0.282442 -0.647329 0.482893 
0.625886 0.574250 0.282442 -0.647329 0.529814 0.625935 0.574250 0.282442 -0.647329 0.544477 0.625960 0.574250 0.282442 -0.647329 0.550342 0.625960 0.574265 0.282442 -0.647329 0.495601 0.625960 0.574280 0.282442 -0.647329 0.482893 0.625960 0.574296 0.282442 -0.647329 0.472141 
0.625935 0.574250 0.282442 -0.647329 0.544477 0.625960 0.574250 0.282442 -0.647329 0.550342 0.625960 0.574265 0.282442 -0.647329 0.495601 0.625960 0.574280 0.282442 -0.647329 0.482893 0.625960 0.574296 0.282442 -0.647329 0.472141 0.625960 0.574311 0.279478 -0.667687 0.461388 
0.625960 0.574250 0.282442 -0.647329 0.550342 0.625960 0.574265 0.282442 -0.647329 0.495601 0.625960 0.574280 0.282442 -0.647329 0.482893 0.625960 0.574296 0.282442 -0.647329 0.472141 0.625960 0.574311 0.279478 -0.667687 0.461388 0.625960 0.574326 0.266677 -0.670694 0.430108 
0.625960 0.574265 0.282442 -0.647329 0.495601 0.625960 0.574280 0.282442 -0.647329 0.482893 0.625960 0.574296 0.282442 -0.647329 0.472141 0.625960 0.574311 0.279478 -0.667687 0.461388 0.625960 0.574326 0.266677 -0.670694 0.430108 0.625960 0.574342 0.266677 -0.670694 0.417400 
0.625960 0.574280 0.282442 -0.647329 0.482893 0.625960 0.574296 0.282442 -0.647329 0.472141 0.625960 0.574311 0.279478 -0.667687 0.461388 0.625960 0.574326 0.266677 -0.670694 0.430108 0.625960 0.574342 0.266677 -0.670694 0.417400 0.625984 0.574342 0.266677 -0.670694 0.492669 
0.625960 0.574296 0.282442 -0.647329 0.472141 0.625960 0.574311 0.279478 -0.667687 0.461388 0.625960 0.574326 0.266677 -0.670694 0.430108 0.625960 0.574342 0.266677 -0.670694 0.417400 0.625984 0.574342 0.266677 -0.670694 0.492669 0.626033 0.574342 0.266677 -0.670694 0.510264 
0.625960 0.574311 0.279478 -0.667687 0.461388 0.625960 0.574326 0.266677 -0.670694 0.430108 0.625960 0.574342 0.266677 -0.670694 0.417400 0.625984 0.574342 0.266677 -0.670694 0.492669 0.626033 0.574342 0.266677 -0.670694 0.510264 0.626132 0.574342 0.266677 -0.670694 0.530792 
0.625960 0.574326 0.266677 -0.670694 0.430108 0.625960 0.574342 0.266677 -0.670694 0.417400 0.625984 0.574342 0.266677 -0.670694 0.492669 0.626033 0.574342 0.266677 -0.670694 0.510264 0.626132 0.574342 0.266677 -0.670694 0.530792 0.626230 0.574342 0.266677 -0.670694 0.548387 
0.625960 0.574342 0.266677 -0.670694 0.417400 0.625984 0.574342 0.266677 -0.670694 0.492669 0.626033 0.574342 0.266677 -0.670694 0.510264 0.626132 0.574342 0.266677 -0.670694 0.530792 0.626230 0.574342 0.266677 -0.670694 0.548387 0.626304 0.574342 0.282442 -0.647329 0.566960 
0.625984 0.574342 0.266677 -0.670694 0.492669 0.626033 0.574342 0.266677 -0.670694 0.510264 0.626132 0.574342 0.266677 -0.670694 0.530792 0.626230 0.574342 0.266677 -0.670694 0.548387 0.626304 0.574342 0.282442 -0.647329 0.566960 0.626353 0.574342 0.282442 -0.647329 0.582600 
0.626033 0.574342 0.266677 -0.670694 0.510264 0.626132 0.574342 0.266677 -0.670694 0.530792 0.626230 0.574342 0.266677 -0.670694 0.548387 0.626304 0.574342 0.282442 -0.647329 0.566960 0.626353 0.574342 0.282442 -0.647329 0.582600 0.626403 0.574342 0.282442 -0.647329 0.592375 
0.626132 0.574342 0.266677 -0.670694 0.530792 0.626230 0.574342 0.266677 -0.670694 0.548387 0.626304 0.574342 0.282442 -0.647329 0.566960 0.626353 0.574342 0.282442 -0.647329 0.582600 0.626403 0.574342 0.282442 -0.647329 0.592375 0.626452 0.574342 0.282442 -0.647329 0.599218 
0.626230 0.574342 0.266677 -0.670694 0.548387 0.626304 0.574342 0.282442 -0.647329 0.566960 0.626353 0.574342 0.282442 -0.647329 0.582600 0.626403 0.574342 0.282442 -0.647329 0.592375 0.626452 0.574342 0.282442 -0.647329 0.599218 0.626476 0.574342 0.282442 -0.647329 0.604106 
0.626304 0.574342 0.282442 -0.647329 0.566960 0.626353 0.574342 0.282442 -0.647329 0.582600 0.626403 0.574342 0.282442 -0.647329 0.592375 0.626452 0.574342 0.282442 -0.647329 0.599218 0.626476 0.574342 0.282442 -0.647329 0.604106 0.626501 0.574342 0.282442 -0.647329 0.605083 
0.626353 0.574342 0.282442 -0.647329 0.582600 0.626403 0.574342 0.282442 -0.647329 0.592375 0.626452 0.574342 0.282442 -0.647329 0.599218 0.626476 0.574342 0.282442 -0.647329 0.604106 0.626501 0.574342 0.282442 -0.647329 0.605083 0.626501 0.574357 0.282442 -0.647329 0.508309 
0.626403 0.574342 0.282442 -0.647329 0.592375 0.626452 0.574342 0.282442 -0.647329 0.599218 0.626476 0.574342 0.282442 -0.647329 0.604106 0.626501 0.574342 0.282442 -0.647329 0.605083 0.626501 0.574357 0.282442 -0.647329 0.508309 0.626501 0.574373 0.270190 -0.650471 0.495601 
0.626452 0.574342 0.282442 -0.647329 0.599218 0.626476 0.574342 0.282442 -0.647329 0.604106 0.626501 0.574342 0.282442 -0.647329 0.605083 0.626501 0.574357 0.282442 -0.647329 0.508309 0.626501 0.574373 0.270190 -0.650471 0.495601 0.626501 0.574388 0.270190 -0.650471 0.467253 
0.626476 0.574342 0.282442 -0.647329 0.604106 0.626501 0.574342 0.282442 -0.647329 0.605083 0.626501 0.574357 0.282442 -0.647329 0.508309 0.626501 0.574373 0.270190 -0.650471 0.495601 0.626501 0.574388 0.270190 -0.650471 0.467253 0.626501 0.574403 0.270190 -0.650471 0.440860 
0.626501 0.574342 0.282442 -0.647329 0.605083 0.626501 0.574357 0.282442 -0.647329 0.508309 0.626501 0.574373 0.270190 -0.650471 0.495601 0.626501 0.574388 0.270190 -0.650471 0.467253 0.626501 0.574403 0.270190 -0.650471 0.440860 0.626526 0.574403 0.270190 -0.650471 0.580645 
0.626501 0.574357 0.282442 -0.647329 0.508309 0.626501 0.574373 0.270190 -0.650471 0.495601 0.626501 0.574388 0.270190 -0.650471 0.467253 0.626501 0.574403 0.270190 -0.650471 0.440860 0.626526 0.574403 0.270190 -0.650471 0.580645 0.626550 0.574403 0.282442 -0.647329 0.592375 
0.626501 0.574373 0.270190 -0.650471 0.495601 0.626501 0.574388 0.270190 -0.650471 0.467253 0.626501 0.574403 0.270190 -0.650471 0.440860 0.626526 0.574403 0.270190 -0.650471 0.580645 0.626550 0.574403 0.282442 -0.647329 0.592375 0.626575 0.574403 0.282442 -0.647329 0.603128 
0.626501 0.574388 0.270190 -0.650471 0.467253 0.626501 0.574403 0.270190 -0.650471 0.440860 0.626526 0.574403 0.270190 -0.650471 0.580645 0.626550 0.574403 0.282442 -0.647329 0.592375 0.626575 0.574403 0.282442 -0.647329 0.603128 0.626599 0.574403 0.282442 -0.647329 0.611926 
0.626501 0.574403 0.270190 -0.650471 0.440860 0.626526 0.574403 0.270190 -0.650471 0.580645 0.626550 0.574403 0.282442 -0.647329 0.592375 0.626575 0.574403 0.282442 -0.647329 0.603128 0.626599 0.574403 0.282442 -0.647329 0.611926 0.626624 0.574403 0.282442 -0.647329 0.623656 
0.626526 0.574403 0.270190 -0.650471 0.580645 0.626550 0.574403 0.282442 -0.647329 0.592375 0.626575 0.574403 0.282442 -0.647329 0.603128 0.626599 0.574403 0.282442 -0.647329 0.611926 0.626624 0.574403 0.282442 -0.647329 0.623656 0.626649 0.574403 0.282442 -0.647329 0.633431 
0.626550 0.574403 0.282442 -0.647329 0.592375 0.626575 0.574403 0.282442 -0.647329 0.603128 0.626599 0.574403 0.282442 -0.647329 0.611926 0.626624 0.574403 0.282442 -0.647329 0.623656 0.626649 0.574403 0.282442 -0.647329 0.633431 0.626673 0.574403 0.282442 -0.647329 0.627566 
0.626575 0.574403 0.282442 -0.647329 0.603128 0.626599 0.574403 0.282442 -0.647329 0.611926 0.626624 0.574403 0.282442 -0.647329 0.623656 0.626649 0.574403 0.282442 -0.647329 0.633431 0.626673 0.574403 0.282442 -0.647329 0.627566 0.626698 0.574403 0.282442 -0.647329 0.644184 
0.626599 0.574403 0.282442 -0.647329 0.611926 0.626624 0.574403 0.282442 -0.647329 0.623656 0.626649 0.574403 0.282442 -0.647329 0.633431 0.626673 0.574403 0.282442 -0.647329 0.627566 0.626698 0.574403 0.282442 -0.647329 0.644184 0.626747 0.574403 0.282442 -0.647329 0.650049 
0.626624 0.574403 0.282442 -0.647329 0.623656 0.626649 0.574403 0.282442 -0.647329 0.633431 0.626673 0.574403 0.282442 -0.647329 0.627566 0.626698 0.574403 0.282442 -0.647329 0.644184 0.626747 0.574403 0.282442 -0.647329 0.650049 0.626772 0.574403 0.282442 -0.647329 0.650049 
0.626649 0.574403 0.282442 -0.647329 0.633431 0.626673 0.574403 0.282442 -0.647329 0.627566 0.626698 0.574403 0.282442 -0.647329 0.644184 0.626747 0.574403 0.282442 -0.647329 0.650049 0.626772 0.574403 0.282442 -0.647329 0.650049 0.626772 0.574388 0.282442 -0.647329 0.574780 
0.626673 0.574403 0.282442 -0.647329 0.627566 0.626698 0.574403 0.282442 -0.647329 0.644184 0.626747 0.574403 0.282442 -0.647329 0.650049 0.626772 0.574403 0.282442 -0.647329 0.650049 0.626772 0.574388 0.282442 -0.647329 0.574780 0.626772 0.574357 0.282442 -0.647329 0.581623 
0.626698 0.574403 0.282442 -0.647329 0.644184 0.626747 0.574403 0.282442 -0.647329 0.650049 0.626772 0.574403 0.282442 -0.647329 0.650049 0.626772 0.574388 0.282442 -0.647329 0.574780 0.626772 0.574357 0.282442 -0.647329 0.581623 0.626772 0.574342 0.282442 -0.647329 0.592375 
0.626747 0.574403 0.282442 -0.647329 0.650049 0.626772 0.574403 0.282442 -0.647329 0.650049 0.626772 0.574388 0.282442 -0.647329 0.574780 0.626772 0.574357 0.282442 -0.647329 0.581623 0.626772 0.574342 0.282442 -0.647329 0.592375 0.626772 0.574311 0.282442 -0.647329 0.601173 
0.626772 0.574403 0.282442 -0.647329 0.650049 0.626772 0.574388 0.282442 -0.647329 0.574780 0.626772 0.574357 0.282442 -0.647329 0.581623 0.626772 0.574342 0.282442 -0.647329 0.592375 0.626772 0.574311 0.282442 -0.647329 0.601173 0.626772 0.574280 0.282442 -0.647329 0.612903 
0.626772 0.574388 0.282442 -0.647329 0.574780 0.626772 0.574357 0.282442 -0.647329 0.581623 0.626772 0.574342 0.282442 -0.647329 0.592375 0.626772 0.574311 0.282442 -0.647329 0.601173 0.626772 0.574280 0.282442 -0.647329 0.612903 0.626772 0.574250 0.282442 -0.647329 0.624633 
0.626772 0.574357 0.282442 -0.647329 0.581623 0.626772 0.574342 0.282442 -0.647329 0.592375 0.626772 0.574311 0.282442 -0.647329 0.601173 0.626772 0.574280 0.282442 -0.647329 0.612903 0.626772 0.574250 0.282442 -0.647329 0.624633 0.626772 0.574203 0.282442 -0.647329 0.634409 
0.626772 0.574342 0.282442 -0.647329 0.592375 0.626772 0.574311 0.282442 -0.647329 0.601173 0.626772 0.574280 0.282442 -0.647329 0.612903 0.626772 0.574250 0.282442 -0.647329 0.624633 0.626772 0.574203 0.282442 -0.647329 0.634409 0.626772 0.574173 0.282442 -0.647329 0.642229 
0.626772 0.574311 0.282442 -0.647329 0.601173 0.626772 0.574280 0.282442 -0.647329 0.612903 0.626772 0.574250 0.282442 -0.647329 0.624633 0.626772 0.574203 0.282442 -0.647329 0.634409 0.626772 0.574173 0.282442 -0.647329 0.642229 0.626772 0.574126 0.282442 -0.647329 0.645161 
0.626772 0.574280 0.282442 -0.647329 0.612903 0.626772 0.574250 0.282442 -0.647329 0.624633 0.626772 0.574203 0.282442 -0.647329 0.634409 0.626772 0.574173 0.282442 -0.647329 0.642229 0.626772 0.574126 0.282442 -0.647329 0.645161 0.626772 0.574096 0.282442 -0.647329 0.648094 
0.626772 0.574250 0.282442 -0.647329 0.624633 0.626772 0.574203 0.282442 -0.647329 0.634409 0.626772 0.574173 0.282442 -0.647329 0.642229 0.626772 0.574126 0.282442 -0.647329 0.645161 0.626772 0.574096 0.282442 -0.647329 0.648094 0.626772 0.574065 0.282442 -0.647329 0.647116 
0.626772 0.574203 0.282442 -0.647329 0.634409 0.626772 0.574173 0.282442 -0.647329 0.642229 0.626772 0.574126 0.282442 -0.647329 0.645161 0.626772 0.574096 0.282442 -0.647329 0.648094 0.626772 0.574065 0.282442 -0.647329 0.647116 0.626772 0.574019 0.282442 -0.647329 0.643206 
0.626772 0.574173 0.282442 -0.647329 0.642229 0.626772 0.574126 0.282442 -0.647329 0.645161 0.626772 0.574096 0.282442 -0.647329 0.648094 0.626772 0.574065 0.282442 -0.647329 0.647116 0.626772 0.574019 0.282442 -0.647329 0.643206 0.626772 0.573973 0.282442 -0.647329 0.639296 
0.626772 0.574126 0.282442 -0.647329 0.645161 0.626772 0.574096 0.282442 -0.647329 0.648094 0.626772 0.574065 0.282442 -0.647329 0.647116 0.626772 0.574019 0.282442 -0.647329 0.643206 0.626772 0.573973 0.282442 -0.647329 0.639296 0.626772 0.573911 0.294528 -0.644025 0.634409 
0.626772 0.574096 0.282442 -0.647329 0.648094 0.626772 0.574065 0.282442 -0.647329 0.647116 0.626772 0.574019 0.282442 -0.647329 0.643206 0.626772 0.573973 0.282442 -0.647329 0.639296 0.626772 0.573911 0.294528 -0.644025 0.634409 0.626772 0.573834 0.294528 -0.644025 0.627566 
0.626772 0.574065 0.282442 -0.647329 0.647116 0.626772 0.574019 0.282442 -0.647329 0.643206 0.626772 0.573973 0.282442 -0.647329 0.639296 0.626772 0.573911 0.294528 -0.644025 0.634409 0.626772 0.573834 0.294528 -0.644025 0.627566 0.626772 0.573742 0.282442 -0.647329 0.621701 
0.626772 0.574019 0.282442 -0.647329 0.643206 0.626772 0.573973 0.282442 -0.647329 0.639296 0.626772 0.573911 0.294528 -0.644025 0.634409 0.626772 0.573834 0.294528 -0.644025 0.627566 0.626772 0.573742 0.282442 -0.647329 0.621701 0.626722 0.573634 0.282442 -0.647329 0.615836 
0.626772 0.573973 0.282442 -0.647329 0.639296 0.626772 0.573911 0.294528 -0.644025 0.634409 0.626772 0.573834 0.294528 -0.644025 0.627566 0.626772 0.573742 0.282442 -0.647329 0.621701 0.626722 0.573634 0.282442 -0.647329 0.615836 0.626624 0.573511 0.282442 -0.647329 0.610948 
0.626772 0.573911 0.294528 -0.644025 0.634409 0.626772 0.573834 0.294528 -0.644025 0.627566 0.626772 0.573742 0.282442 -0.647329 0.621701 0.626722 0.573634 0.282442 -0.647329 0.615836 0.626624 0.573511 0.282442 -0.647329 0.610948 0.626501 0.573373 0.282442 -0.647329 0.608993 
0.626772 0.573834 0.294528 -0.644025 0.627566 0.626772 0.573742 0.282442 -0.647329 0.621701 0.626722 0.573634 0.282442 -0.647329 0.615836 0.626624 0.573511 0.282442 -0.647329 0.610948 0.626501 0.573373 0.282442 -0.647329 0.608993 0.626378 0.573219 0.282442 -0.647329 0.603128 
0.626772 0.573742 0.282442 -0.647329 0.621701 0.626722 0.573634 0.282442 -0.647329 0.615836 0.626624 0.573511 0.282442 -0.647329 0.610948 0.626501 0.573373 0.282442 -0.647329 0.608993 0.626378 0.573219 0.282442 -0.647329 0.603128 0.626280 0.573081 0.282442 -0.647329 0.596285 
0.626722 0.573634 0.282442 -0.647329 0.615836 0.626624 0.573511 0.282442 -0.647329 0.610948 0.626501 0.573373 0.282442 -0.647329 0.608993 0.626378 0.573219 0.282442 -0.647329 0.603128 0.626280 0.573081 0.282442 -0.647329 0.596285 0.626157 0.572942 0.282442 -0.647329 0.589443 
0.626624 0.573511 0.282442 -0.647329 0.610948 0.626501 0.573373 0.282442 -0.647329 0.608993 0.626378 0.573219 0.282442 -0.647329 0.603128 0.626280 0.573081 0.282442 -0.647329 0.596285 0.626157 0.572942 0.282442 -0.647329 0.589443 0.626083 0.572804 0.282442 -0.647329 0.585533 
0.626501 0.573373 0.282442 -0.647329 0.608993 0.626378 0.573219 0.282442 -0.647329 0.603128 0.626280 0.573081 0.282442 -0.647329 0.596285 0.626157 0.572942 0.282442 -0.647329 0.589443 0.626083 0.572804 0.282442 -0.647329 0.585533 0.625960 0.572681 0.282442 -0.647329 0.581623 
0.626378 0.573219 0.282442 -0.647329 0.603128 0.626280 0.573081 0.282442 -0.647329 0.596285 0.626157 0.572942 0.282442 -0.647329 0.589443 0.626083 0.572804 0.282442 -0.647329 0.585533 0.625960 0.572681 0.282442 -0.647329 0.581623 0.625886 0.572573 0.282442 -0.647329 0.577713 
0.626280 0.573081 0.282442 -0.647329 0.596285 0.626157 0.572942 0.282442 -0.647329 0.589443 0.626083 0.572804 0.282442 -0.647329 0.585533 0.625960 0.572681 0.282442 -0.647329 0.581623 0.625886 0.572573 0.282442 -0.647329 0.577713 0.625812 0.572481 0.282442 -0.647329 0.575758 
0.626157 0.572942 0.282442 -0.647329 0.589443 0.626083 0.572804 0.282442 -0.647329 0.585533 0.625960 0.572681 0.282442 -0.647329 0.581623 0.625886 0.572573 0.282442 -0.647329 0.577713 0.625812 0.572481 0.282442 -0.647329 0.575758 0.625787 0.572389 0.282442 -0.647329 0.574780 
0.626083 0.572804 0.282442 -0.647329 0.585533 0.625960 0.572681 0.282442 -0.647329 0.581623 0.625886 0.572573 0.282442 -0.647329 0.577713 0.625812 0.572481 0.282442 -0.647329 0.575758 0.625787 0.572389 0.282442 -0.647329 0.574780 0.625763 0.572327 0.282442 -0.647329 0.577713 
0.625960 0.572681 0.282442 -0.647329 0.581623 0.625886 0.572573 0.282442 -0.647329 0.577713 0.625812 0.572481 0.282442 -0.647329 0.575758 0.625787 0.572389 0.282442 -0.647329 0.574780 0.625763 0.572327 0.282442 -0.647329 0.577713 0.625763 0.572266 0.282442 -0.647329 0.582600 
0.625886 0.572573 0.282442 -0.647329 0.577713 0.625812 0.572481 0.282442 -0.647329 0.575758 0.625787 0.572389 0.282442 -0.647329 0.574780 0.625763 0.572327 0.282442 -0.647329 0.577713 0.625763 0.572266 0.282442 -0.647329 0.582600 0.625763 0.572204 0.282442 -0.647329 0.589443 
0.625812 0.572481 0.282442 -0.647329 0.575758 0.625787 0.572389 0.282442 -0.647329 0.574780 0.625763 0.572327 0.282442 -0.647329 0.577713 0.625763 0.572266 0.282442 -0.647329 0.582600 0.625763 0.572204 0.282442 -0.647329 0.589443 0.625763 0.572158 0.282442 -0.647329 0.594330 
0.625787 0.572389 0.282442 -0.647329 0.574780 0.625763 0.572327 0.282442 -0.647329 0.577713 0.625763 0.572266 0.282442 -0.647329 0.582600 0.625763 0.572204 0.282442 -0.647329 0.589443 0.625763 0.572158 0.282442 -0.647329 0.594330 0.625763 0.572096 0.282442 -0.647329 0.603128 
0.625763 0.572327 0.282442 -0.647329 0.577713 0.625763 0.572266 0.282442 -0.647329 0.582600 0.625763 0.572204 0.282442 -0.647329 0.589443 0.625763 0.572158 0.282442 -0.647329 0.594330 0.625763 0.572096 0.282442 -0.647329 0.603128 0.625763 0.572050 0.282442 -0.647329 0.608993 
0.625763 0.572266 0.282442 -0.647329 0.582600 0.625763 0.572204 0.282442 -0.647329 0.589443 0.625763 0.572158 0.282442 -0.647329 0.594330 0.625763 0.572096 0.282442 -0.647329 0.603128 0.625763 0.572050 0.282442 -0.647329 0.608993 0.625763 0.571989 0.282442 -0.647329 0.616813 
0.625763 0.572204 0.282442 -0.647329 0.589443 0.625763 0.572158 0.282442 -0.647329 0.594330 0.625763 0.572096 0.282442 -0.647329 0.603128 0.625763 0.572050 0.282442 -0.647329 0.608993 0.625763 0.571989 0.282442 -0.647329 0.616813 0.625763 0.571943 0.282442 -0.647329 0.627566 
0.625763 0.572158 0.282442 -0.647329 0.594330 0.625763 0.572096 0.282442 -0.647329 0.603128 0.625763 0.572050 0.282442 -0.647329 0.608993 0.625763 0.571989 0.282442 -0.647329 0.616813 0.625763 0.571943 0.282442 -0.647329 0.627566 0.625763 0.571881 0.282442 -0.647329 0.639296 
0.625763 0.572096 0.282442 -0.647329 0.603128 0.625763 0.572050 0.282442 -0.647329 0.608993 0.625763 0.571989 0.282442 -0.647329 0.616813 0.625763 0.571943 0.282442 -0.647329 0.627566 0.625763 0.571881 0.282442 -0.647329 0.639296 0.625763 0.571820 0.282442 -0.647329 0.649071 
0.625763 0.572050 0.282442 -0.647329 0.608993 0.625763 0.571989 0.282442 -0.647329 0.616813 0.625763 0.571943 0.282442 -0.647329 0.627566 0.625763 0.571881 0.282442 -0.647329 0.639296 0.625763 0.571820 0.282442 -0.647329 0.649071 0.625763 0.571758 0.282442 -0.647329 0.658847 
0.625763 0.571989 0.282442 -0.647329 0.616813 0.625763 0.571943 0.282442 -0.647329 0.627566 0.625763 0.571881 0.282442 -0.647329 0.639296 0.625763 0.571820 0.282442 -0.647329 0.649071 0.625763 0.571758 0.282442 -0.647329 0.658847 0.625763 0.571681 0.282442 -0.647329 0.665689 
0.625763 0.571943 0.282442 -0.647329 0.627566 0.625763 0.571881 0.282442 -0.647329 0.639296 0.625763 0.571820 0.282442 -0.647329 0.649071 0.625763 0.571758 0.282442 -0.647329 0.658847 0.625763 0.571681 0.282442 -0.647329 0.665689 0.625763 0.571589 0.282442 -0.647329 0.669599 
0.625763 0.571881 0.282442 -0.647329 0.639296 0.625763 0.571820 0.282442 -0.647329 0.649071 0.625763 0.571758 0.282442 -0.647329 0.658847 0.625763 0.571681 0.282442 -0.647329 0.665689 0.625763 0.571589 0.282442 -0.647329 0.669599 0.625763 0.571481 0.282442 -0.647329 0.671554 
0.625763 0.571820 0.282442 -0.647329 0.649071 0.625763 0.571758 0.282442 -0.647329 0.658847 0.625763 0.571681 0.282442 -0.647329 0.665689 0.625763 0.571589 0.282442 -0.647329 0.669599 0.625763 0.571481 0.282442 -0.647329 0.671554 0.625763 0.571358 0.282442 -0.647329 0.671554 
0.625763 0.571758 0.282442 -0.647329 0.658847 0.625763 0.571681 0.282442 -0.647329 0.665689 0.625763 0.571589 0.282442 -0.647329 0.669599 0.625763 0.571481 0.282442 -0.647329 0.671554 0.625763 0.571358 0.282442 -0.647329 0.671554 0.625763 0.571204 0.282442 -0.647329 0.669599 
0.625763 0.571681 0.282442 -0.647329 0.665689 0.625763 0.571589 0.282442 -0.647329 0.669599 0.625763 0.571481 0.282442 -0.647329 0.671554 0.625763 0.571358 0.282442 -0.647329 0.671554 0.625763 0.571204 0.282442 -0.647329 0.669599 0.625763 0.571005 0.282442 -0.647329 0.669599 
0.625763 0.571589 0.282442 -0.647329 0.669599 0.625763 0.571481 0.282442 -0.647329 0.671554 0.625763 0.571358 0.282442 -0.647329 0.671554 0.625763 0.571204 0.282442 -0.647329 0.669599 0.625763 0.571005 0.282442 -0.647329 0.669599 0.625763 0.570774 0.282442 -0.647329 0.667644 
0.625763 0.571481 0.282442 -0.647329 0.671554 0.625763 0.571358 0.282442 -0.647329 0.671554 0.625763 0.571204 0.282442 -0.647329 0.669599 0.625763 0.571005 0.282442 -0.647329 0.669599 0.625763 0.570774 0.282442 -0.647329 0.667644 0.625763 0.570543 0.282442 -0.647329 0.666667 
0.625763 0.571358 0.282442 -0.647329 0.671554 0.625763 0.571204 0.282442 -0.647329 0.669599 0.625763 0.571005 0.282442 -0.647329 0.669599 0.625763 0.570774 0.282442 -0.647329 0.667644 0.625763 0.570543 0.282442 -0.647329 0.666667 0.625763 0.570312 0.282442 -0.647329 0.663734 
0.625763 0.571204 0.282442 -0.647329 0.669599 0.625763 0.571005 0.282442 -0.647329 0.669599 0.625763 0.570774 0.282442 -0.647329 0.667644 0.625763 0.570543 0.282442 -0.647329 0.666667 0.625763 0.570312 0.282442 -0.647329 0.663734 0.625763 0.570066 0.282442 -0.647329 0.662757 
0.625763 0.571005 0.282442 -0.647329 0.669599 0.625763 0.570774 0.282442 -0.647329 0.667644 0.625763 0.570543 0.282442 -0.647329 0.666667 0.625763 0.570312 0.282442 -0.647329 0.663734 0.625763 0.570066 0.282442 -0.647329 0.662757 0.625763 0.569836 0.282442 -0.647329 0.661779 
0.625763 0.570774 0.282442 -0.647329 0.667644 0.625763 0.570543 0.282442 -0.647329 0.666667 0.625763 0.570312 0.282442 -0.647329 0.663734 0.625763 0.570066 0.282442 -0.647329 0.662757 0.625763 0.569836 0.282442 -0.647329 0.661779 0.625763 0.569605 0.282442 -0.647329 0.658847 
0.625763 0.570543 0.282442 -0.647329 0.666667 0.625763 0.570312 0.282442 -0.647329 0.663734 0.625763 0.570066 0.282442 -0.647329 0.662757 0.625763 0.569836 0.282442 -0.647329 0.661779 0.625763 0.569605 0.282442 -0.647329 0.658847 0.625738 0.569374 0.270190 -0.650471 0.655914 
0.625763 0.570312 0.282442 -0.647329 0.663734 0.625763 0.570066 0.282442 -0.647329 0.662757 0.625763 0.569836 0.282442 -0.647329 0.661779 0.625763 0.569605 0.282442 -0.647329 0.658847 0.625738 0.569374 0.270190 -0.650471 0.655914 0.625615 0.569144 0.270190 -0.650471 0.654936 
0.625763 0.570066 0.282442 -0.647329 0.662757 0.625763 0.569836 0.282442 -0.647329 0.661779 0.625763 0.569605 0.282442 -0.647329 0.658847 0.625738 0.569374 0.270190 -0.650471 0.655914 0.625615 0.569144 0.270190 -0.650471 0.654936 0.625468 0.568882 0.270190 -0.650471 0.651026 
0.625763 0.569836 0.282442 -0.647329 0.661779 0.625763 0.569605 0.282442 -0.647329 0.658847 0.625738 0.569374 0.270190 -0.650471 0.655914 0.625615 0.569144 0.270190 -0.650471 0.654936 0.625468 0.568882 0.270190 -0.650471 0.651026 0.625320 0.568605 0.270190 -0.650471 0.649071 
0.625763 0.569605 0.282442 -0.647329 0.658847 0.625738 0.569374 0.270190 -0.650471 0.655914 0.625615 0.569144 0.270190 -0.650471 0.654936 0.625468 0.568882 0.270190 -0.650471 0.651026 0.625320 0.568605 0.270190 -0.650471 0.649071 0.625148 0.568329 0.270190 -0.650471 0.649071 
0.624828 0.565422 0.236897 -0.639036 0.677419 0.624828 0.565099 0.236897 -0.639036 0.683284 0.624877 0.564807 0.236897 -0.639036 0.696970 0.624975 0.564515 0.236897 -0.639036 0.711632 0.625049 0.564222 0.236897 -0.639036 0.724340 0.625148 0.563899 0.236897 -0.639036 0.732160 
0.624828 0.565099 0.236897 -0.639036 0.683284 0.624877 0.564807 0.236897 -0.639036 0.696970 0.624975 0.564515 0.236897 -0.639036 0.711632 0.625049 0.564222 0.236897 -0.639036 0.724340 0.625148 0.563899 0.236897 -0.639036 0.732160 0.625246 0.563515 0.236897 -0.639036 0.740958 
0.624877 0.564807 0.236897 -0.639036 0.696970 0.624975 0.564515 0.236897 -0.639036 0.711632 0.625049 0.564222 0.236897 -0.639036 0.724340 0.625148 0.563899 0.236897 -0.639036 0.732160 0.625246 0.563515 0.236897 -0.639036 0.740958 0.625369 0.563100 0.236897 -0.639036 0.749756 
0.624975 0.564515 0.236897 -0.639036 0.711632 0.625049 0.564222 0.236897 -0.639036 0.724340 0.625148 0.563899 0.236897 -0.639036 0.732160 0.625246 0.563515 0.236897 -0.639036 0.740958 0.625369 0.563100 0.236897 -0.639036 0.749756 0.625492 0.562623 0.236897 -0.639036 0.756598 
0.625049 0.564222 0.236897 -0.639036 0.724340 0.625148 0.563899 0.236897 -0.639036 0.732160 0.625246 0.563515 0.236897 -0.639036 0.740958 0.625369 0.563100 0.236897 -0.639036 0.749756 0.625492 0.562623 0.236897 -0.639036 0.756598 0.625640 0.562131 0.224573 -0.641673 0.759531 
0.625148 0.563899 0.236897 -0.639036 0.732160 0.625246 0.563515 0.236897 -0.639036 0.740958 0.625369 0.563100 0.236897 -0.639036 0.749756 0.625492 0.562623 0.236897 -0.639036 0.756598 0.625640 0.562131 0.224573 -0.641673 0.759531 0.625787 0.561608 0.224573 -0.641673 0.762463 
0.625246 0.563515 0.236897 -0.639036 0.740958 0.625369 0.563100 0.236897 -0.639036 0.749756 0.625492 0.562623 0.236897 -0.639036 0.756598 0.625640 0.562131 0.224573 -0.641673 0.759531 0.625787 0.561608 0.224573 -0.641673 0.762463 0.625910 0.561054 0.224573 -0.641673 0.761486 
0.625369 0.563100 0.236897 -0.639036 0.749756 0.625492 0.562623 0.236897 -0.639036 0.756598 0.625640 0.562131 0.224573 -0.641673 0.759531 0.625787 0.561608 0.224573 -0.641673 0.762463 0.625910 0.561054 0.224573 -0.641673 0.761486 0.626009 0.560516 0.224573 -0.641673 0.765396 
0.625492 0.562623 0.236897 -0.639036 0.756598 0.625640 0.562131 0.224573 -0.641673 0.759531 0.625787 0.561608 0.224573 -0.641673 0.762463 0.625910 0.561054 0.224573 -0.641673 0.761486 0.626009 0.560516 0.224573 -0.641673 0.765396 0.626083 0.559932 0.224573 -0.641673 0.766373 
0.625640 0.562131 0.224573 -0.641673 0.759531 0.625787 0.561608 0.224573 -0.641673 0.762463 0.625910 0.561054 0.224573 -0.641673 0.761486 0.626009 0.560516 0.224573 -0.641673 0.765396 0.626083 0.559932 0.224573 -0.641673 0.766373 0.626157 0.559347 0.224573 -0.641673 0.762463 
0.625787 0.561608 0.224573 -0.641673 0.762463 0.625910 0.561054 0.224573 -0.641673 0.761486 0.626009 0.560516 0.224573 -0.641673 0.765396 0.626083 0.559932 0.224573 -0.641673 0.766373 0.626157 0.559347 0.224573 -0.641673 0.762463 0.626157 0.558763 0.224573 -0.641673 0.759531 
0.625910 0.561054 0.224573 -0.641673 0.761486 0.626009 0.560516 0.224573 -0.641673 0.765396 0.626083 0.559932 0.224573 -0.641673 0.766373 0.626157 0.559347 0.224573 -0.641673 0.762463 0.626157 0.558763 0.224573 -0.641673 0.759531 0.626157 0.558209 0.212112 -0.644154 0.759531 
0.626009 0.560516 0.224573 -0.641673 0.765396 0.626083 0.559932 0.224573 -0.641673 0.766373 0.626157 0.559347 0.224573 -0.641673 0.762463 0.626157 0.558763 0.224573 -0.641673 0.759531 0.626157 0.558209 0.212112 -0.644154 0.759531 0.626157 0.557625 0.212112 -0.644154 0.757576 
0.626083 0.559932 0.224573 -0.641673 0.766373 0.626157 0.559347 0.224573 -0.641673 0.762463 0.626157 0.558763 0.224573 -0.641673 0.759531 0.626157 0.558209 0.212112 -0.644154 0.759531 0.626157 0.557625 0.212112 -0.644154 0.757576 0.626157 0.556994 0.212112 -0.644154 0.755621 
0.626157 0.559347 0.224573 -0.641673 0.762463 0.626157 0.558763 0.224573 -0.641673 0.759531 0.626157 0.558209 0.212112 -0.644154 0.759531 0.626157 0.557625 0.212112 -0.644154 0.757576 0.626157 0.556994 0.212112 -0.644154 0.755621 0.626157 0.556333 0.212112 -0.644154 0.750733 
0.626157 0.558763 0.224573 -0.641673 0.759531 0.626157 0.558209 0.212112 -0.644154 0.759531 0.626157 0.557625 0.212112 -0.644154 0.757576 0.626157 0.556994 0.212112 -0.644154 0.755621 0.626157 0.556333 0.212112 -0.644154 0.750733 0.626157 0.555656 0.212112 -0.644154 0.749756 
0.626157 0.558209 0.212112 -0.644154 0.759531 0.626157 0.557625 0.212112 -0.644154 0.757576 0.626157 0.556994 0.212112 -0.644154 0.755621 0.626157 0.556333 0.212112 -0.644154 0.750733 0.626157 0.555656 0.212112 -0.644154 0.749756 0.626157 0.555041 0.212112 -0.644154 0.746823 
0.626157 0.557625 0.212112 -0.644154 0.757576 0.626157 0.556994 0.212112 -0.644154 0.755621 0.626157 0.556333 0.212112 -0.644154 0.750733 0.626157 0.555656 0.212112 -0.644154 0.749756 0.626157 0.555041 0.212112 -0.644154 0.746823 0.626107 0.554488 0.212112 -0.644154 0.742913 
0.626157 0.556994 0.212112 -0.644154 0.755621 0.626157 0.556333 0.212112 -0.644154 0.750733 0.626157 0.555656 0.212112 -0.644154 0.749756 0.626157 0.555041 0.212112 -0.644154 0.746823 0.626107 0.554488 0.212112 -0.644154 0.742913 0.626033 0.553995 0.212112 -0.644154 0.739003 
0.626157 0.556333 0.212112 -0.644154 0.750733 0.626157 0.555656 0.212112 -0.644154 0.749756 0.626157 0.555041 0.212112 -0.644154 0.746823 0.626107 0.554488 0.212112 -0.644154 0.742913 0.626033 0.553995 0.212112 -0.644154 0.739003 0.625935 0.553534 0.212112 -0.644154 0.747801 
0.626157 0.555656 0.212112 -0.644154 0.749756 0.626157 0.555041 0.212112 -0.644154 0.746823 0.626107 0.554488 0.212112 -0.644154 0.742913 0.626033 0.553995 0.212112 -0.644154 0.739003 0.625935 0.553534 0.212112 -0.644154 0.747801 0.625837 0.553119 0.212112 -0.644154 0.749756 
0.626157 0.555041 0.212112 -0.644154 0.746823 0.626107 0.554488 0.212112 -0.644154 0.742913 0.626033 0.553995 0.212112 -0.644154 0.739003 0.625935 0.553534 0.212112 -0.644154 0.747801 0.625837 0.553119 0.212112 -0.644154 0.749756 0.625787 0.552765 0.212112 -0.644154 0.752688 
0.626107 0.554488 0.212112 -0.644154 0.742913 0.626033 0.553995 0.212112 -0.644154 0.739003 0.625935 0.553534 0.212112 -0.644154 0.747801 0.625837 0.553119 0.212112 -0.644154 0.749756 0.625787 0.552765 0.212112 -0.644154 0.752688 0.625738 0.552442 0.212112 -0.644154 0.750733 
0.626033 0.553995 0.212112 -0.644154 0.739003 0.625935 0.553534 0.212112 -0.644154 0.747801 0.625837 0.553119 0.212112 -0.644154 0.749756 0.625787 0.552765 0.212112 -0.644154 0.752688 0.625738 0.552442 0.212112 -0.644154 0.750733 0.625738 0.552104 0.212112 -0.644154 0.750733 
0.625935 0.553534 0.212112 -0.644154 0.747801 0.625837 0.553119 0.212112 -0.644154 0.749756 0.625787 0.552765 0.212112 -0.644154 0.752688 0.625738 0.552442 0.212112 -0.644154 0.750733 0.625738 0.552104 0.212112 -0.644154 0.750733 0.625738 0.551781 0.212112 -0.644154 0.753666 
0.625837 0.553119 0.212112 -0.644154 0.749756 0.625787 0.552765 0.212112 -0.644154 0.752688 0.625738 0.552442 0.212112 -0.644154 0.750733 0.625738 0.552104 0.212112 -0.644154 0.750733 0.625738 0.551781 0.212112 -0.644154 0.753666 0.625738 0.551427 0.212112 -0.644154 0.754643 
0.625787 0.552765 0.212112 -0.644154 0.752688 0.625738 0.552442 0.212112 -0.644154 0.750733 0.625738 0.552104 0.212112 -0.644154 0.750733 0.625738 0.551781 0.212112 -0.644154 0.753666 0.625738 0.551427 0.212112 -0.644154 0.754643 0.625738 0.551043 0.212112 -0.644154 0.756598 
0.625738 0.552442 0.212112 -0.644154 0.750733 0.625738 0.552104 0.212112 -0.644154 0.750733 0.625738 0.551781 0.212112 -0.644154 0.753666 0.625738 0.551427 0.212112 -0.644154 0.754643 0.625738 0.551043 0.212112 -0.644154 0.756598 0.625738 0.550612 0.212112 -0.644154 0.759531 
0.625738 0.552104 0.212112 -0.644154 0.750733 0.625738 0.551781 0.212112 -0.644154 0.753666 0.625738 0.551427 0.212112 -0.644154 0.754643 0.625738 0.551043 0.212112 -0.644154 0.756598 0.625738 0.550612 0.212112 -0.644154 0.759531 0.625738 0.550151 0.212112 -0.644154 0.764418 
0.625738 0.551781 0.212112 -0.644154 0.753666 0.625738 0.551427 0.212112 -0.644154 0.754643 0.625738 0.551043 0.212112 -0.644154 0.756598 0.625738 0.550612 0.212112 -0.644154 0.759531 0.625738 0.550151 0.212112 -0.644154 0.764418 0.625738 0.549705 0.212112 -0.644154 0.771261 
0.625738 0.551427 0.212112 -0.644154 0.754643 0.625738 0.551043 0.212112 -0.644154 0.756598 0.625738 0.550612 0.212112 -0.644154 0.759531 0.625738 0.550151 0.212112 -0.644154 0.764418 0.625738 0.549705 0.212112 -0.644154 0.771261 0.625738 0.549274 0.212112 -0.644154 0.778104 
0.625738 0.551043 0.212112 -0.644154 0.756598 0.625738 0.550612 0.212112 -0.644154 0.759531 0.625738 0.550151 0.212112 -0.644154 0.764418 0.625738 0.549705 0.212112 -0.644154 0.771261 0.625738 0.549274 0.212112 -0.644154 0.778104 0.625738 0.548859 0.212112 -0.644154 0.782991 
0.625738 0.550612 0.212112 -0.644154 0.759531 0.625738 0.550151 0.212112 -0.644154 0.764418 0.625738 0.549705 0.212112 -0.644154 0.771261 0.625738 0.549274 0.212112 -0.644154 0.778104 0.625738 0.548859 0.212112 -0.644154 0.782991 0.625738 0.548413 0.212112 -0.644154 0.785924 
0.625738 0.550151 0.212112 -0.644154 0.764418 0.625738 0.549705 0.212112 -0.644154 0.771261 0.625738 0.549274 0.212112 -0.644154 0.778104 0.625738 0.548859 0.212112 -0.644154 0.782991 0.625738 0.548413 0.212112 -0.644154 0.785924 0.625812 0.547936 0.212112 -0.644154 0.784946 
0.625738 0.549705 0.212112 -0.644154 0.771261 0.625738 0.549274 0.212112 -0.644154 0.778104 0.625738 0.548859 0.212112 -0.644154 0.782991 0.625738 0.548413 0.212112 -0.644154 0.785924 0.625812 0.547936 0.212112 -0.644154 0.784946 0.625861 0.547398 0.212112 -0.644154 0.784946 
0.625738 0.549274 0.212112 -0.644154 0.778104 0.625738 0.548859 0.212112 -0.644154 0.782991 0.625738 0.548413 0.212112 -0.644154 0.785924 0.625812 0.547936 0.212112 -0.644154 0.784946 0.625861 0.547398 0.212112 -0.644154 0.784946 0.625935 0.546813 0.212112 -0.644154 0.786901 
0.625738 0.548859 0.212112 -0.644154 0.782991 0.625738 0.548413 0.212112 -0.644154 0.785924 0.625812 0.547936 0.212112 -0.644154 0.784946 0.625861 0.547398 0.212112 -0.644154 0.784946 0.625935 0.546813 0.212112 -0.644154 0.786901 0.626009 0.546198 0.212112 -0.644154 0.785924 
0.625738 0.548413 0.212112 -0.644154 0.785924 0.625812 0.547936 0.212112 -0.644154 0.784946 0.625861 0.547398 0.212112 -0.644154 0.784946 0.625935 0.546813 0.212112 -0.644154 0.786901 0.626009 0.546198 0.212112 -0.644154 0.785924 0.626033 0.545522 0.212112 -0.644154 0.781036 
0.625812 0.547936 0.212112 -0.644154 0.784946 0.625861 0.547398 0.212112 -0.644154 0.784946 0.625935 0.546813 0.212112 -0.644154 0.786901 0.626009 0.546198 0.212112 -0.644154 0.785924 0.626033 0.545522 0.212112 -0.644154 0.781036 0.626083 0.544799 0.212112 -0.644154 0.781036 
0.625861 0.547398 0.212112 -0.644154 0.784946 0.625935 0.546813 0.212112 -0.644154 0.786901 0.626009 0.546198 0.212112 -0.644154 0.785924 0.626033 0.545522 0.212112 -0.644154 0.781036 0.626083 0.544799 0.212112 -0.644154 0.781036 0.626107 0.544015 0.212112 -0.644154 0.782991 
0.625935 0.546813 0.212112 -0.644154 0.786901 0.626009 0.546198 0.212112 -0.644154 0.785924 0.626033 0.545522 0.212112 -0.644154 0.781036 0.626083 0.544799 0.212112 -0.644154 0.781036 0.626107 0.544015 0.212112 -0.644154 0.782991 0.626107 0.543199 0.212112 -0.644154 0.784946 
0.626009 0.546198 0.212112 -0.644154 0.785924 0.626033 0.545522 0.212112 -0.644154 0.781036 0.626083 0.544799 0.212112 -0.644154 0.781036 0.626107 0.544015 0.212112 -0.644154 0.782991 0.626107 0.543199 0.212112 -0.644154 0.784946 0.626107 0.542384 0.186806 -0.648651 0.780059 
0.626033 0.545522 0.212112 -0.644154 0.781036 0.626083 0.544799 0.212112 -0.644154 0.781036 0.626107 0.544015 0.212112 -0.644154 0.782991 0.626107 0.543199 0.212112 -0.644154 0.784946 0.626107 0.542384 0.186806 -0.648651 0.780059 0.626107 0.541585 0.186806 -0.648651 0.776149 
0.626083 0.544799 0.212112 -0.644154 0.781036 0.626107 0.544015 0.212112 -0.644154 0.782991 0.626107 0.543199 0.212112 -0.644154 0.784946 0.626107 0.542384 0.186806 -0.648651 0.780059 0.626107 0.541585 0.186806 -0.648651 0.776149 0.626107 0.540816 0.186806 -0.648651 0.773216 
0.626107 0.544015 0.212112 -0.644154 0.782991 0.626107 0.543199 0.212112 -0.644154 0.784946 0.626107 0.542384 0.186806 -0.648651 0.780059 0.626107 0.541585 0.186806 -0.648651 0.776149 0.626107 0.540816 0.186806 -0.648651 0.773216 0.626107 0.540077 0.186806 -0.648651 0.772238 
0.626107 0.543199 0.212112 -0.644154 0.784946 0.626107 0.542384 0.186806 -0.648651 0.780059 0.626107 0.541585 0.186806 -0.648651 0.776149 0.626107 0.540816 0.186806 -0.648651 0.773216 0.626107 0.540077 0.186806 -0.648651 0.772238 0.626107 0.539370 0.186806 -0.648651 0.764418 
0.626107 0.542384 0.186806 -0.648651 0.780059 0.626107 0.541585 0.186806 -0.648651 0.776149 0.626107 0.540816 0.186806 -0.648651 0.773216 0.626107 0.540077 0.186806 -0.648651 0.772238 0.626107 0.539370 0.186806 -0.648651 0.764418 0.626083 0.538678 0.186806 -0.648651 0.758553 
0.626107 0.541585 0.186806 -0.648651 0.776149 0.626107 0.540816 0.186806 -0.648651 0.773216 0.626107 0.540077 0.186806 -0.648651 0.772238 0.626107 0.539370 0.186806 -0.648651 0.764418 0.626083 0.538678 0.186806 -0.648651 0.758553 0.625960 0.538017 0.186806 -0.648651 0.755621 
0.626107 0.540816 0.186806 -0.648651 0.773216 0.626107 0.540077 0.186806 -0.648651 0.772238 0.626107 0.539370 0.186806 -0.648651 0.764418 0.626083 0.538678 0.186806 -0.648651 0.758553 0.625960 0.538017 0.186806 -0.648651 0.755621 0.625837 0.537371 0.186806 -0.648651 0.751711 
0.626107 0.540077 0.186806 -0.648651 0.772238 0.626107 0.539370 0.186806 -0.648651 0.764418 0.626083 0.538678 0.186806 -0.648651 0.758553 0.625960 0.538017 0.186806 -0.648651 0.755621 0.625837 0.537371 0.186806 -0.648651 0.751711 0.625689 0.536756 0.186806 -0.648651 0.744868 
0.626107 0.539370 0.186806 -0.648651 0.764418 0.626083 0.538678 0.186806 -0.648651 0.758553 0.625960 0.538017 0.186806 -0.648651 0.755621 0.625837 0.537371 0.186806 -0.648651 0.751711 0.625689 0.536756 0.186806 -0.648651 0.744868 0.625615 0.536141 0.173974 -0.650670 0.743891 
0.626083 0.538678 0.186806 -0.648651 0.758553 0.625960 0.538017 0.186806 -0.648651 0.755621 0.625837 0.537371 0.186806 -0.648651 0.751711 0.625689 0.536756 0.186806 -0.648651 0.744868 0.625615 0.536141 0.173974 -0.650670 0.743891 0.625541 0.535571 0.173974 -0.650670 0.743891 
0.625960 0.538017 0.186806 -0.648651 0.755621 0.625837 0.537371 0.186806 -0.648651 0.751711 0.625689 0.536756 0.186806 -0.648651 0.744868 0.625615 0.536141 0.173974 -0.650670 0.743891 0.625541 0.535571 0.173974 -0.650670 0.743891 0.625517 0.535002 0.173974 -0.650670 0.749756 
0.625837 0.537371 0.186806 -0.648651 0.751711 0.625689 0.536756 0.186806 -0.648651 0.744868 0.625615 0.536141 0.173974 -0.650670 0.743891 0.625541 0.535571 0.173974 -0.650670 0.743891 0.625517 0.535002 0.173974 -0.650670 0.749756 0.625492 0.534449 0.173974 -0.650670 0.752688 
0.625689 0.536756 0.186806 -0.648651 0.744868 0.625615 0.536141 0.173974 -0.650670 0.743891 0.625541 0.535571 0.173974 -0.650670 0.743891 0.625517 0.535002 0.173974 -0.650670 0.749756 0.625492 0.534449 0.173974 -0.650670 0.752688 0.625492 0.533895 0.173974 -0.650670 0.751711 
0.625615 0.536141 0.173974 -0.650670 0.743891 0.625541 0.535571 0.173974 -0.650670 0.743891 0.625517 0.535002 0.173974 -0.650670 0.749756 0.625492 0.534449 0.173974 -0.650670 0.752688 0.625492 0.533895 0.173974 -0.650670 0.751711 0.625492 0.533357 0.173974 -0.650670 0.754643 
0.625541 0.535571 0.173974 -0.650670 0.743891 0.625517 0.535002 0.173974 -0.650670 0.749756 0.625492 0.534449 0.173974 -0.650670 0.752688 0.625492 0.533895 0.173974 -0.650670 0.751711 0.625492 0.533357 0.173974 -0.650670 0.754643 0.625492 0.532788 0.173974 -0.650670 0.756598 
0.625517 0.535002 0.173974 -0.650670 0.749756 0.625492 0.534449 0.173974 -0.650670 0.752688 0.625492 0.533895 0.173974 -0.650670 0.751711 0.625492 0.533357 0.173974 -0.650670 0.754643 0.625492 0.532788 0.173974 -0.650670 0.756598 0.625492 0.532219 0.173974 -0.650670 0.756598 
0.625492 0.534449 0.173974 -0.650670 0.752688 0.625492 0.533895 0.173974 -0.650670 0.751711 0.625492 0.533357 0.173974 -0.650670 0.754643 0.625492 0.532788 0.173974 -0.650670 0.756598 0.625492 0.532219 0.173974 -0.650670 0.756598 0.625492 0.531634 0.173974 -0.650670 0.756598 
0.625492 0.533895 0.173974 -0.650670 0.751711 0.625492 0.533357 0.173974 -0.650670 0.754643 0.625492 0.532788 0.173974 -0.650670 0.756598 0.625492 0.532219 0.173974 -0.650670 0.756598 0.625492 0.531634 0.173974 -0.650670 0.756598 0.625492 0.531050 0.173974 -0.650670 0.759531 
0.625492 0.533357 0.173974 -0.650670 0.754643 0.625492 0.532788 0.173974 -0.650670 0.756598 0.625492 0.532219 0.173974 -0.650670 0.756598 0.625492 0.531634 0.173974 -0.650670 0.756598 0.625492 0.531050 0.173974 -0.650670 0.759531 0.625492 0.530404 0.161032 -0.652535 0.759531 
0.625492 0.532788 0.173974 -0.650670 0.756598 0.625492 0.532219 0.173974 -0.650670 0.756598 0.625492 0.531634 0.173974 -0.650670 0.756598 0.625492 0.531050 0.173974 -0.650670 0.759531 0.625492 0.530404 0.161032 -0.652535 0.759531 0.625492 0.529727 0.161032 -0.652535 0.764418 
0.625492 0.532219 0.173974 -0.650670 0.756598 0.625492 0.531634 0.173974 -0.650670 0.756598 0.625492 0.531050 0.173974 -0.650670 0.759531 0.625492 0.530404 0.161032 -0.652535 0.759531 0.625492 0.529727 0.161032 -0.652535 0.764418 0.625492 0.529005 0.161032 -0.652535 0.770283 
0.625492 0.531634 0.173974 -0.650670 0.756598 0.625492 0.531050 0.173974 -0.650670 0.759531 0.625492 0.530404 0.161032 -0.652535 0.759531 0.625492 0.529727 0.161032 -0.652535 0.764418 0.625492 0.529005 0.161032 -0.652535 0.770283 0.625492 0.528251 0.155409 -0.635185 0.772238 
0.625492 0.531050 0.173974 -0.650670 0.759531 0.625492 0.530404 0.161032 -0.652535 0.759531 0.625492 0.529727 0.161032 -0.652535 0.764418 0.625492 0.529005 0.161032 -0.652535 0.770283 0.625492 0.528251 0.155409 -0.635185 0.772238 0.625492 0.527513 0.155409 -0.635185 0.771261 
0.625492 0.530404 0.161032 -0.652535 0.759531 0.625492 0.529727 0.161032 -0.652535 0.764418 0.625492 0.529005 0.161032 -0.652535 0.770283 0.625492 0.528251 0.155409 -0.635185 0.772238 0.625492 0.527513 0.155409 -0.635185 0.771261 0.625541 0.526759 0.155409 -0.635185 0.772238 
0.625492 0.529727 0.161032 -0.652535 0.764418 0.625492 0.529005 0.161032 -0.652535 0.770283 0.625492 0.528251 0.155409 -0.635185 0.772238 0.625492 0.527513 0.155409 -0.635185 0.771261 0.625541 0.526759 0.155409 -0.635185 0.772238 0.625615 0.525929 0.155409 -0.635185 0.772238 
0.625492 0.529005 0.161032 -0.652535 0.770283 0.625492 0.528251 0.155409 -0.635185 0.772238 0.625492 0.527513 0.155409 -0.635185 0.771261 0.625541 0.526759 0.155409 -0.635185 0.772238 0.625615 0.525929 0.155409 -0.635185 0.772238 0.625640 0.525022 0.155409 -0.635185 0.770283 
0.625492 0.528251 0.155409 -0.635185 0.772238 0.625492 0.527513 0.155409 -0.635185 0.771261 0.625541 0.526759 0.155409 -0.635185 0.772238 0.625615 0.525929 0.155409 -0.635185 0.772238 0.625640 0.525022 0.155409 -0.635185 0.770283 0.625714 0.524083 0.155409 -0.635185 0.768328 
0.625492 0.527513 0.155409 -0.635185 0.771261 0.625541 0.526759 0.155409 -0.635185 0.772238 0.625615 0.525929 0.155409 -0.635185 0.772238 0.625640 0.525022 0.155409 -0.635185 0.770283 0.625714 0.524083 0.155409 -0.635185 0.768328 0.625738 0.523145 0.155409 -0.635185 0.770283 
0.625541 0.526759 0.155409 -0.635185 0.772238 0.625615 0.525929 0.155409 -0.635185 0.772238 0.625640 0.525022 0.155409 -0.635185 0.770283 0.625714 0.524083 0.155409 -0.635185 0.768328 0.625738 0.523145 0.155409 -0.635185 0.770283 0.625738 0.522223 0.155409 -0.635185 0.767351 
0.625615 0.525929 0.155409 -0.635185 0.772238 0.625640 0.525022 0.155409 -0.635185 0.770283 0.625714 0.524083 0.155409 -0.635185 0.768328 0.625738 0.523145 0.155409 -0.635185 0.770283 0.625738 0.522223 0.155409 -0.635185 0.767351 0.625738 0.521284 0.155409 -0.635185 0.765396 
0.625640 0.525022 0.155409 -0.635185 0.770283 0.625714 0.524083 0.155409 -0.635185 0.768328 0.625738 0.523145 0.155409 -0.635185 0.770283 0.625738 0.522223 0.155409 -0.635185 0.767351 0.625738 0.521284 0.155409 -0.635185 0.765396 0.625738 0.520346 0.155409 -0.635185 0.757576 
0.625714 0.524083 0.155409 -0.635185 0.768328 0.625738 0.523145 0.155409 -0.635185 0.770283 0.625738 0.522223 0.155409 -0.635185 0.767351 0.625738 0.521284 0.155409 -0.635185 0.765396 0.625738 0.520346 0.155409 -0.635185 0.757576 0.625738 0.519439 0.155409 -0.635185 0.761486 
0.625738 0.523145 0.155409 -0.635185 0.770283 0.625738 0.522223 0.155409 -0.635185 0.767351 0.625738 0.521284 0.155409 -0.635185 0.765396 0.625738 0.520346 0.155409 -0.635185 0.757576 0.625738 0.519439 0.155409 -0.635185 0.761486 0.625738 0.518562 0.161032 -0.652535 0.758553 
0.625738 0.522223 0.155409 -0.635185 0.767351 0.625738 0.521284 0.155409 -0.635185 0.765396 0.625738 0.520346 0.155409 -0.635185 0.757576 0.625738 0.519439 0.155409 -0.635185 0.761486 0.625738 0.518562 0.161032 -0.652535 0.758553 0.625738 0.517747 0.161032 -0.652535 0.753666 
0.625738 0.521284 0.155409 -0.635185 0.765396 0.625738 0.520346 0.155409 -0.635185 0.757576 0.625738 0.519439 0.155409 -0.635185 0.761486 0.625738 0.518562 0.161032 -0.652535 0.758553 0.625738 0.517747 0.161032 -0.652535 0.753666 0.625738 0.516963 0.142806 -0.636882 0.742913 
0.625738 0.520346 0.155409 -0.635185 0.757576 0.625738 0.519439 0.155409 -0.635185 0.761486 0.625738 0.518562 0.161032 -0.652535 0.758553 0.625738 0.517747 0.161032 -0.652535 0.753666 0.625738 0.516963 0.142806 -0.636882 0.742913 0.625591 0.516225 0.142806 -0.636882 0.745846 
0.625738 0.519439 0.155409 -0.635185 0.761486 0.625738 0.518562 0.161032 -0.652535 0.758553 0.625738 0.517747 0.161032 -0.652535 0.753666 0.625738 0.516963 0.142806 -0.636882 0.742913 0.625591 0.516225 0.142806 -0.636882 0.745846 0.625443 0.515502 0.142806 -0.636882 0.739003 
0.625738 0.518562 0.161032 -0.652535 0.758553 0.625738 0.517747 0.161032 -0.652535 0.753666 0.625738 0.516963 0.142806 -0.636882 0.742913 0.625591 0.516225 0.142806 -0.636882 0.745846 0.625443 0.515502 0.142806 -0.636882 0.739003 0.625271 0.514795 0.142806 -0.636882 0.731183 
0.625738 0.517747 0.161032 -0.652535 0.753666 0.625738 0.516963 0.142806 -0.636882 0.742913 0.625591 0.516225 0.142806 -0.636882 0.745846 0.625443 0.515502 0.142806 -0.636882 0.739003 0.625271 0.514795 0.142806 -0.636882 0.731183 0.625123 0.514133 0.142806 -0.636882 0.729228 
0.624877 0.509950 0.142806 -0.636882 0.741935 0.624877 0.509350 0.142806 -0.636882 0.745846 0.624877 0.508735 0.142806 -0.636882 0.746823 0.624877 0.508074 0.142806 -0.636882 0.748778 0.624926 0.507382 0.142806 -0.636882 0.745846 0.625074 0.506628 0.142806 -0.636882 0.751711 
0.624877 0.509350 0.142806 -0.636882 0.745846 0.624877 0.508735 0.142806 -0.636882 0.746823 0.624877 0.508074 0.142806 -0.636882 0.748778 0.624926 0.507382 0.142806 -0.636882 0.745846 0.625074 0.506628 0.142806 -0.636882 0.751711 0.625271 0.505844 0.142806 -0.636882 0.754643 
0.624877 0.508735 0.142806 -0.636882 0.746823 0.624877 0.508074 0.142806 -0.636882 0.748778 0.624926 0.507382 0.142806 -0.636882 0.745846 0.625074 0.506628 0.142806 -0.636882 0.751711 0.625271 0.505844 0.142806 -0.636882 0.754643 0.625443 0.505029 0.142806 -0.636882 0.756598 
0.624877 0.508074 0.142806 -0.636882 0.748778 0.624926 0.507382 0.142806 -0.636882 0.745846 0.625074 0.506628 0.142806 -0.636882 0.751711 0.625271 0.505844 0.142806 -0.636882 0.754643 0.625443 0.505029 0.142806 -0.636882 0.756598 0.625591 0.504198 0.142806 -0.636882 0.755621 
0.624926 0.507382 0.142806 -0.636882 0.745846 0.625074 0.506628 0.142806 -0.636882 0.751711 0.625271 0.505844 0.142806 -0.636882 0.754643 0.625443 0.505029 0.142806 -0.636882 0.756598 0.625591 0.504198 0.142806 -0.636882 0.755621 0.625763 0.503322 0.142806 -0.636882 0.761486 
0.625074 0.506628 0.142806 -0.636882 0.751711 0.625271 0.505844 0.142806 -0.636882 0.754643 0.625443 0.505029 0.142806 -0.636882 0.756598 0.625591 0.504198 0.142806 -0.636882 0.755621 0.625763 0.503322 0.142806 -0.636882 0.761486 0.625960 0.502461 0.142806 -0.636882 0.759531 
0.625271 0.505844 0.142806 -0.636882 0.754643 0.625443 0.505029 0.142806 -0.636882 0.756598 0.625591 0.504198 0.142806 -0.636882 0.755621 0.625763 0.503322 0.142806 -0.636882 0.761486 0.625960 0.502461 0.142806 -0.636882 0.759531 0.626132 0.501584 0.117340 -0.639828 0.760508 
0.625443 0.505029 0.142806 -0.636882 0.756598 0.625591 0.504198 0.142806 -0.636882 0.755621 0.625763 0.503322 0.142806 -0.636882 0.761486 0.625960 0.502461 0.142806 -0.636882 0.759531 0.626132 0.501584 0.117340 -0.639828 0.760508 0.626304 0.500661 0.117340 -0.639828 0.762463 
0.625591 0.504198 0.142806 -0.636882 0.755621 0.625763 0.503322 0.142806 -0.636882 0.761486 0.625960 0.502461 0.142806 -0.636882 0.759531 0.626132 0.501584 0.117340 -0.639828 0.760508 0.626304 0.500661 0.117340 -0.639828 0.762463 0.626476 0.499723 0.117340 -0.639828 0.760508 
0.622170 0.576956 0.173974 -0.650670 0.743891 0.622859 0.576526 0.173974 -0.650670 0.744868 0.623548 0.576126 0.173974 -0.650670 0.749756 0.624237 0.575711 0.173974 -0.650670 0.753666 0.624902 0.575311 0.173974 -0.650670 0.753666 0.625566 0.574942 0.173974 -0.650670 0.757576 
0.622859 0.576526 0.173974 -0.650670 0.744868 0.623548 0.576126 0.173974 -0.650670 0.749756 0.624237 0.575711 0.173974 -0.650670 0.753666 0.624902 0.575311 0.173974 -0.650670 0.753666 0.625566 0.574942 0.173974 -0.650670 0.757576 0.626206 0.574588 0.173974 -0.650670 0.754643 
0.623548 0.576126 0.173974 -0.650670 0.749756 0.624237 0.575711 0.173974 -0.650670 0.753666 0.624902 0.575311 0.173974 -0.650670 0.753666 0.625566 0.574942 0.173974 -0.650670 0.757576 0.626206 0.574588 0.173974 -0.650670 0.754643 0.626796 0.574250 0.173974 -0.650670 0.751711 
0.624237 0.575711 0.173974 -0.650670 0.753666 0.624902 0.575311 0.173974 -0.650670 0.753666 0.625566 0.574942 0.173974 -0.650670 0.757576 0.626206 0.574588 0.173974 -0.650670 0.754643 0.626796 0.574250 0.173974 -0.650670 0.751711 0.627362 0.573942 0.173974 -0.650670 0.770283 
0.624902 0.575311 0.173974 -0.650670 0.753666 0.625566 0.574942 0.173974 -0.650670 0.757576 0.626206 0.574588 0.173974 -0.650670 0.754643 0.626796 0.574250 0.173974 -0.650670 0.751711 0.627362 0.573942 0.173974 -0.650670 0.770283 0.627879 0.573665 0.173974 -0.650670 0.774194 
0.625566 0.574942 0.173974 -0.650670 0.757576 0.626206 0.574588 0.173974 -0.650670 0.754643 0.626796 0.574250 0.173974 -0.650670 0.751711 0.627362 0.573942 0.173974 -0.650670 0.770283 0.627879 0.573665 0.173974 -0.650670 0.774194 0.628322 0.573434 0.180321 -0.631341 0.770283 
0.626206 0.574588 0.173974 -0.650670 0.754643 0.626796 0.574250 0.173974 -0.650670 0.751711 0.627362 0.573942 0.173974 -0.650670 0.770283 0.627879 0.573665 0.173974 -0.650670 0.774194 0.628322 0.573434 0.180321 -0.631341 0.770283 0.628716 0.573250 0.180321 -0.631341 0.773216 
0.626796 0.574250 0.173974 -0.650670 0.751711 0.627362 0.573942 0.173974 -0.650670 0.770283 0.627879 0.573665 0.173974 -0.650670 0.774194 0.628322 0.573434 0.180321 -0.631341 0.770283 0.628716 0.573250 0.180321 -0.631341 0.773216 0.629035 0.573096 0.180321 -0.631341 0.771261 
0.627362 0.573942 0.173974 -0.650670 0.770283 0.627879 0.573665 0.173974 -0.650670 0.774194 0.628322 0.573434 0.180321 -0.631341 0.770283 0.628716 0.573250 0.180321 -0.631341 0.773216 0.629035 0.573096 0.180321 -0.631341 0.771261 0.629257 0.572988 0.180321 -0.631341 0.772238 
0.627879 0.573665 0.173974 -0.650670 0.774194 0.628322 0.573434 0.180321 -0.631341 0.770283 0.628716 0.573250 0.180321 -0.631341 0.773216 0.629035 0.573096 0.180321 -0.631341 0.771261 0.629257 0.572988 0.180321 -0.631341 0.772238 0.629454 0.572912 0.180321 -0.631341 0.768328 
0.628322 0.573434 0.180321 -0.631341 0.770283 0.628716 0.573250 0.180321 -0.631341 0.773216 0.629035 0.573096 0.180321 -0.631341 0.771261 0.629257 0.572988 0.180321 -0.631341 0.772238 0.629454 0.572912 0.180321 -0.631341 0.768328 0.629601 0.572865 0.180321 -0.631341 0.767351 
0.628716 0.573250 0.180321 -0.631341 0.773216 0.629035 0.573096 0.180321 -0.631341 0.771261 0.629257 0.572988 0.180321 -0.631341 0.772238 0.629454 0.572912 0.180321 -0.631341 0.768328 0.629601 0.572865 0.180321 -0.631341 0.767351 0.629700 0.572819 0.155409 -0.635185 0.763441 
0.629035 0.573096 0.180321 -0.631341 0.771261 0.629257 0.572988 0.180321 -0.631341 0.772238 0.629454 0.572912 0.180321 -0.631341 0.768328 0.629601 0.572865 0.180321 -0.631341 0.767351 0.629700 0.572819 0.155409 -0.635185 0.763441 0.629749 0.572804 0.162004 -0.616023 0.760508 
0.629257 0.572988 0.180321 -0.631341 0.772238 0.629454 0.572912 0.180321 -0.631341 0.768328 0.629601 0.572865 0.180321 -0.631341 0.767351 0.629700 0.572819 0.155409 -0.635185 0.763441 0.629749 0.572804 0.162004 -0.616023 0.760508 0.629774 0.572804 0.162004 -0.616023 0.758553 
0.629454 0.572912 0.180321 -0.631341 0.768328 0.629601 0.572865 0.180321 -0.631341 0.767351 0.629700 0.572819 0.155409 -0.635185 0.763441 0.629749 0.572804 0.162004 -0.616023 0.760508 0.629774 0.572804 0.162004 -0.616023 0.758553 0.629798 0.572804 0.162004 -0.616023 0.758553 
0.629601 0.572865 0.180321 -0.631341 0.767351 0.629700 0.572819 0.155409 -0.635185 0.763441 0.629749 0.572804 0.162004 -0.616023 0.760508 0.629774 0.572804 0.162004 -0.616023 0.758553 0.629798 0.572804 0.162004 -0.616023 0.758553 0.629823 0.572804 0.162004 -0.616023 0.758553 
0.629700 0.572819 0.155409 -0.635185 0.763441 0.629749 0.572804 0.162004 -0.616023 0.760508 0.629774 0.572804 0.162004 -0.616023 0.758553 0.629798 0.572804 0.162004 -0.616023 0.758553 0.629823 0.572804 0.162004 -0.616023 0.758553 0.629823 0.572788 0.162004 -0.616023 0.759531 
0.629749 0.572804 0.162004 -0.616023 0.760508 0.629774 0.572804 0.162004 -0.616023 0.758553 0.629798 0.572804 0.162004 -0.616023 0.758553 0.629823 0.572804 0.162004 -0.616023 0.758553 0.629823 0.572788 0.162004 -0.616023 0.759531 0.629847 0.572788 0.162004 -0.616023 0.763441 
0.629774 0.572804 0.162004 -0.616023 0.758553 0.629798 0.572804 0.162004 -0.616023 0.758553 0.629823 0.572804 0.162004 -0.616023 0.758553 0.629823 0.572788 0.162004 -0.616023 0.759531 0.629847 0.572788 0.162004 -0.616023 0.763441 0.629872 0.572773 0.162004 -0.616023 0.764418 
0.629798 0.572804 0.162004 -0.616023 0.758553 0.629823 0.572804 0.162004 -0.616023 0.758553 0.629823 0.572788 0.162004 -0.616023 0.759531 0.629847 0.572788 0.162004 -0.616023 0.763441 0.629872 0.572773 0.162004 -0.616023 0.764418 0.629921 0.572758 0.162004 -0.616023 0.767351 
0.629823 0.572804 0.162004 -0.616023 0.758553 0.629823 0.572788 0.162004 -0.616023 0.759531 0.629847 0.572788 0.162004 -0.616023 0.763441 0.629872 0.572773 0.162004 -0.616023 0.764418 0.629921 0.572758 0.162004 -0.616023 0.767351 0.629970 0.572742 0.162004 -0.616023 0.770283 
0.629823 0.572788 0.162004 -0.616023 0.759531 0.629847 0.572788 0.162004 -0.616023 0.763441 0.629872 0.572773 0.162004 -0.616023 0.764418 0.629921 0.572758 0.162004 -0.616023 0.767351 0.629970 0.572742 0.162004 -0.616023 0.770283 0.630020 0.572742 0.162004 -0.616023 0.772238 
0.629847 0.572788 0.162004 -0.616023 0.763441 0.629872 0.572773 0.162004 -0.616023 0.764418 0.629921 0.572758 0.162004 -0.616023 0.767351 0.629970 0.572742 0.162004 -0.616023 0.770283 0.630020 0.572742 0.162004 -0.616023 0.772238 0.630093 0.572742 0.162004 -0.616023 0.776149 
0.629872 0.572773 0.162004 -0.616023 0.764418 0.629921 0.572758 0.162004 -0.616023 0.767351 0.629970 0.572742 0.162004 -0.616023 0.770283 0.630020 0.572742 0.162004 -0.616023 0.772238 0.630093 0.572742 0.162004 -0.616023 0.776149 0.630143 0.572742 0.162004 -0.616023 0.777126 
0.629921 0.572758 0.162004 -0.616023 0.767351 0.629970 0.572742 0.162004 -0.616023 0.770283 0.630020 0.572742 0.162004 -0.616023 0.772238 0.630093 0.572742 0.162004 -0.616023 0.776149 0.630143 0.572742 0.162004 -0.616023 0.777126 0.630167 0.572742 0.162004 -0.616023 0.781036 
0.629970 0.572742 0.162004 -0.616023 0.770283 0.630020 0.572742 0.162004 -0.616023 0.772238 0.630093 0.572742 0.162004 -0.616023 0.776149 0.630143 0.572742 0.162004 -0.616023 0.777126 0.630167 0.572742 0.162004 -0.616023 0.781036 0.630167 0.572788 0.162004 -0.616023 0.647116 
0.630020 0.572742 0.162004 -0.616023 0.772238 0.630093 0.572742 0.162004 -0.616023 0.776149 0.630143 0.572742 0.162004 -0.616023 0.777126 0.630167 0.572742 0.162004 -0.616023 0.781036 0.630167 0.572788 0.162004 -0.616023 0.647116 0.630167 0.572896 0.162004 -0.616023 0.603128 
0.630093 0.572742 0.162004 -0.616023 0.776149 0.630143 0.572742 0.162004 -0.616023 0.777126 0.630167 0.572742 0.162004 -0.616023 0.781036 0.630167 0.572788 0.162004 -0.616023 0.647116 0.630167 0.572896 0.162004 -0.616023 0.603128 0.630167 0.573050 0.162004 -0.616023 0.549365 
0.630143 0.572742 0.162004 -0.616023 0.777126 0.630167 0.572742 0.162004 -0.616023 0.781036 0.630167 0.572788 0.162004 -0.616023 0.647116 0.630167 0.572896 0.162004 -0.616023 0.603128 0.630167 0.573050 0.162004 -0.616023 0.549365 0.630167 0.573219 0.162004 -0.616023 0.489736 
0.630167 0.572742 0.162004 -0.616023 0.781036 0.630167 0.572788 0.162004 -0.616023 0.647116 0.630167 0.572896 0.162004 -0.616023 0.603128 0.630167 0.573050 0.162004 -0.616023 0.549365 0.630167 0.573219 0.162004 -0.616023 0.489736 0.630093 0.573419 0.162004 -0.616023 0.428153 
0.630167 0.572788 0.162004 -0.616023 0.647116 0.630167 0.572896 0.162004 -0.616023 0.603128 0.630167 0.573050 0.162004 -0.616023 0.549365 0.630167 0.573219 0.162004 -0.616023 0.489736 0.630093 0.573419 0.162004 -0.616023 0.428153 0.629872 0.573665 0.162004 -0.616023 0.352884 
0.630167 0.572896 0.162004 -0.616023 0.603128 0.630167 0.573050 0.162004 -0.616023 0.549365 0.630167 0.573219 0.162004 -0.616023 0.489736 0.630093 0.573419 0.162004 -0.616023 0.428153 0.629872 0.573665 0.162004 -0.616023 0.352884 0.629601 0.573880 0.162004 -0.616023 0.261975 
0.630167 0.573050 0.162004 -0.616023 0.549365 0.630167 0.573219 0.162004 -0.616023 0.489736 0.630093 0.573419 0.162004 -0.616023 0.428153 0.629872 0.573665 0.162004 -0.616023 0.352884 0.629601 0.573880 0.162004 -0.616023 0.261975 0.629306 0.574096 0.162004 -0.616023 0.158358 
0.630167 0.573219 0.162004 -0.616023 0.489736 0.630093 0.573419 0.162004 -0.616023 0.428153 0.629872 0.573665 0.162004 -0.616023 0.352884 0.629601 0.573880 0.162004 -0.616023 0.261975 0.629306 0.574096 0.162004 -0.616023 0.158358 0.628962 0.574265 0.162004 -0.616023 0.049853 
0.630093 0.573419 0.162004 -0.616023 0.428153 0.629872 0.573665 0.162004 -0.616023 0.352884 0.629601 0.573880 0.162004 -0.616023 0.261975 0.629306 0.574096 0.162004 -0.616023 0.158358 0.628962 0.574265 0.162004 -0.616023 0.049853 0.628248 0.574434 0.155409 -0.635185 0.000000 
0.629872 0.573665 0.162004 -0.616023 0.352884 0.629601 0.573880 0.162004 -0.616023 0.261975 0.629306 0.574096 0.162004 -0.616023 0.158358 0.628962 0.574265 0.162004 -0.616023 0.049853 0.628248 0.574434 0.155409 -0.635185 0.000000 0.627904 0.574434 0.155409 -0.635185 0.000000 
0.629601 0.573880 0.162004 -0.616023 0.261975 0.629306 0.574096 0.162004 -0.616023 0.158358 0.628962 0.574265 0.162004 -0.616023 0.049853 0.628248 0.574434 0.155409 -0.635185 0.000000 0.627904 0.574434 0.155409 -0.635185 0.000000 0.627559 0.574434 0.155409 -0.635185 0.000000 
0.629306 0.574096 0.162004 -0.616023 0.158358 0.628962 0.574265 0.162004 -0.616023 0.049853 0.628248 0.574434 0.155409 -0.635185 0.000000 0.627904 0.574434 0.155409 -0.635185 0.000000 0.627559 0.574434 0.155409 -0.635185 0.000000 0.627264 0.574434 0.161032 -0.652535 0.000000 
0.628962 0.574265 0.162004 -0.616023 0.049853 0.628248 0.574434 0.155409 -0.635185 0.000000 0.627904 0.574434 0.155409 -0.635185 0.000000 0.627559 0.574434 0.155409 -0.635185 0.000000 0.627264 0.574434 0.161032 -0.652535 0.000000 0.626968 0.574250 0.161032 -0.652535 0.000000 
0.628248 0.574434 0.155409 -0.635185 0.000000 0.627904 0.574434 0.155409 -0.635185 0.000000 0.627559 0.574434 0.155409 -0.635185 0.000000 0.627264 0.574434 0.161032 -0.652535 0.000000 0.626968 0.574250 0.161032 -0.652535 0.000000 0.626673 0.574034 0.153302 -0.671627 0.000000 
0.627904 0.574434 0.155409 -0.635185 0.000000 0.627559 0.574434 0.155409 -0.635185 0.000000 0.627264 0.574434 0.161032 -0.652535 0.000000 0.626968 0.574250 0.161032 -0.652535 0.000000 0.626673 0.574034 0.153302 -0.671627 0.000000 0.626403 0.573804 0.153302 -0.671627 0.000000 
0.627559 0.574434 0.155409 -0.635185 0.000000 0.627264 0.574434 0.161032 -0.652535 0.000000 0.626968 0.574250 0.161032 -0.652535 0.000000 0.626673 0.574034 0.153302 -0.671627 0.000000 0.626403 0.573804 0.153302 -0.671627 0.000000 0.626058 0.573557 0.158760 -0.689016 0.000000 
0.627264 0.574434 0.161032 -0.652535 0.000000 0.626968 0.574250 0.161032 -0.652535 0.000000 0.626673 0.574034 0.153302 -0.671627 0.000000 0.626403 0.573804 0.153302 -0.671627 0.000000 0.626058 0.573557 0.158760 -0.689016 0.000000 0.625738 0.573327 0.158760 -0.689016 0.000000 
0.626968 0.574250 0.161032 -0.652535 0.000000 0.626673 0.574034 0.153302 -0.671627 0.000000 0.626403 0.573804 0.153302 -0.671627 0.000000 0.626058 0.573557 0.158760 -0.689016 0.000000 0.625738 0.573327 0.158760 -0.689016 0.000000 0.625320 0.573096 0.170144 -0.723827 0.000000 
