0.637451 0.491665 0.310647 -0.910473 0.000000 0.636467 0.493402 0.319895 -0.890684 0.000000 0.635482 0.495125 0.319895 -0.890684 0.000000 0.634572 0.496832 0.309354 -0.873105 0.000000 0.633686 0.498508 0.307056 -0.835600 0.000000 0.632899 0.500169 0.287401 -0.800577 0.000000 
0.636467 0.493402 0.319895 -0.890684 0.000000 0.635482 0.495125 0.319895 -0.890684 0.000000 0.634572 0.496832 0.309354 -0.873105 0.000000 0.633686 0.498508 0.307056 -0.835600 0.000000 0.632899 0.500169 0.287401 -0.800577 0.000000 0.632087 0.501830 0.299709 -0.760318 0.000000 
0.635482 0.495125 0.319895 -0.890684 0.000000 0.634572 0.496832 0.309354 -0.873105 0.000000 0.633686 0.498508 0.307056 -0.835600 0.000000 0.632899 0.500169 0.287401 -0.800577 0.000000 0.632087 0.501830 0.299709 -0.760318 0.000000 0.631299 0.503491 0.271376 -0.708160 0.000000 
0.634572 0.496832 0.309354 -0.873105 0.000000 0.633686 0.498508 0.307056 -0.835600 0.000000 0.632899 0.500169 0.287401 -0.800577 0.000000 0.632087 0.501830 0.299709 -0.760318 0.000000 0.631299 0.503491 0.271376 -0.708160 0.000000 0.630487 0.505183 0.279478 -0.667687 0.000000 
0.633686 0.498508 0.307056 -0.835600 0.000000 0.632899 0.500169 0.287401 -0.800577 0.000000 0.632087 0.501830 0.299709 -0.760318 0.000000 0.631299 0.503491 0.271376 -0.708160 0.000000 0.630487 0.505183 0.279478 -0.667687 0.000000 0.629749 0.506905 0.263758 -0.613073 0.000000 
0.632899 0.500169 0.287401 -0.800577 0.000000 0.632087 0.501830 0.299709 -0.760318 0.000000 0.631299 0.503491 0.271376 -0.708160 0.000000 0.630487 0.505183 0.279478 -0.667687 0.000000 0.629749 0.506905 0.263758 -0.613073 0.000000 0.628962 0.508658 0.256523 -0.575827 0.000000 
0.632087 0.501830 0.299709 -0.760318 0.000000 0.631299 0.503491 0.271376 -0.708160 0.000000 0.630487 0.505183 0.279478 -0.667687 0.000000 0.629749 0.506905 0.263758 -0.613073 0.000000 0.628962 0.508658 0.256523 -0.575827 0.000000 0.628150 0.510442 0.248499 -0.538788 0.000000 
0.631299 0.503491 0.271376 -0.708160 0.000000 0.630487 0.505183 0.279478 -0.667687 0.000000 0.629749 0.506905 0.263758 -0.613073 0.000000 0.628962 0.508658 0.256523 -0.575827 0.000000 0.628150 0.510442 0.248499 -0.538788 0.000000 0.627362 0.512242 0.239694 -0.502009 0.000000 
0.630487 0.505183 0.279478 -0.667687 0.000000 0.629749 0.506905 0.263758 -0.613073 0.000000 0.628962 0.508658 0.256523 -0.575827 0.000000 0.628150 0.510442 0.248499 -0.538788 0.000000 0.627362 0.512242 0.239694 -0.502009 0.000000 0.626550 0.514072 0.247888 -0.478668 0.000000 
0.629749 0.506905 0.263758 -0.613073 0.000000 0.628962 0.508658 0.256523 -0.575827 0.000000 0.628150 0.510442 0.248499 -0.538788 0.000000 0.627362 0.512242 0.239694 -0.502009 0.000000 0.626550 0.514072 0.247888 -0.478668 0.000000 0.625787 0.515917 0.246532 -0.458750 0.000000 
0.613017 0.529358 0.413177 -0.710521 0.000000 0.617274 0.527205 0.329972 -0.612211 0.000000 0.619316 0.524837 0.297154 -0.541148 0.000000 0.621408 0.523022 0.246532 -0.458750 0.000000 0.623376 0.521192 0.190374 -0.361582 0.000000 0.625197 0.519362 0.144505 -0.302490 0.000000 
0.617274 0.527205 0.329972 -0.612211 0.000000 0.619316 0.524837 0.297154 -0.541148 0.000000 0.621408 0.523022 0.246532 -0.458750 0.000000 0.623376 0.521192 0.190374 -0.361582 0.000000 0.625197 0.519362 0.144505 -0.302490 0.000000 0.626796 0.517609 0.100863 -0.204599 0.000000 
0.619316 0.524837 0.297154 -0.541148 0.000000 0.621408 0.523022 0.246532 -0.458750 0.000000 0.623376 0.521192 0.190374 -0.361582 0.000000 0.625197 0.519362 0.144505 -0.302490 0.000000 0.626796 0.517609 0.100863 -0.204599 0.000000 0.628199 0.515610 0.069320 -0.141405 0.000000 
0.621408 0.523022 0.246532 -0.458750 0.000000 0.623376 0.521192 0.190374 -0.361582 0.000000 0.625197 0.519362 0.144505 -0.302490 0.000000 0.626796 0.517609 0.100863 -0.204599 0.000000 0.628199 0.515610 0.069320 -0.141405 0.000000 0.629306 0.513718 0.032762 -0.080941 0.000000 
0.623376 0.521192 0.190374 -0.361582 0.000000 0.625197 0.519362 0.144505 -0.302490 0.000000 0.626796 0.517609 0.100863 -0.204599 0.000000 0.628199 0.515610 0.069320 -0.141405 0.000000 0.629306 0.513718 0.032762 -0.080941 0.000000 0.630389 0.511842 0.016193 -0.049802 0.000000 
0.625197 0.519362 0.144505 -0.302490 0.000000 0.626796 0.517609 0.100863 -0.204599 0.000000 0.628199 0.515610 0.069320 -0.141405 0.000000 0.629306 0.513718 0.032762 -0.080941 0.000000 0.630389 0.511842 0.016193 -0.049802 0.000000 0.631644 0.510073 0.000000 -0.017453 0.000000 
0.626796 0.517609 0.100863 -0.204599 0.000000 0.628199 0.515610 0.069320 -0.141405 0.000000 0.629306 0.513718 0.032762 -0.080941 0.000000 0.630389 0.511842 0.016193 -0.049802 0.000000 0.631644 0.510073 0.000000 -0.017453 0.000000 0.632628 0.508412 0.000000 0.000000 0.000000 
0.628199 0.515610 0.069320 -0.141405 0.000000 0.629306 0.513718 0.032762 -0.080941 0.000000 0.630389 0.511842 0.016193 -0.049802 0.000000 0.631644 0.510073 0.000000 -0.017453 0.000000 0.632628 0.508412 0.000000 0.000000 0.000000 0.632628 0.506798 0.000000 0.000000 0.000000 
0.629306 0.513718 0.032762 -0.080941 0.000000 0.630389 0.511842 0.016193 -0.049802 0.000000 0.631644 0.510073 0.000000 -0.017453 0.000000 0.632628 0.508412 0.000000 0.000000 0.000000 0.632628 0.506798 0.000000 0.000000 0.000000 0.632628 0.505213 0.000000 0.000000 0.000000 
0.630389 0.511842 0.016193 -0.049802 0.000000 0.631644 0.510073 0.000000 -0.017453 0.000000 0.632628 0.508412 0.000000 0.000000 0.000000 0.632628 0.506798 0.000000 0.000000 0.000000 0.632628 0.505213 0.000000 0.000000 0.000000 0.632628 0.503629 0.000000 0.000000 0.000000 
0.631644 0.510073 0.000000 -0.017453 0.000000 0.632628 0.508412 0.000000 0.000000 0.000000 0.632628 0.506798 0.000000 0.000000 0.000000 0.632628 0.505213 0.000000 0.000000 0.000000 0.632628 0.503629 0.000000 0.000000 0.000000 0.632529 0.502061 0.000000 0.000000 0.000000 
0.632628 0.508412 0.000000 0.000000 0.000000 0.632628 0.506798 0.000000 0.000000 0.000000 0.632628 0.505213 0.000000 0.000000 0.000000 0.632628 0.503629 0.000000 0.000000 0.000000 0.632529 0.502061 0.000000 0.000000 0.000000 0.632234 0.500508 0.000000 0.000000 0.000000 
0.632628 0.506798 0.000000 0.000000 0.000000 0.632628 0.505213 0.000000 0.000000 0.000000 0.632628 0.503629 0.000000 0.000000 0.000000 0.632529 0.502061 0.000000 0.000000 0.000000 0.632234 0.500508 0.000000 0.000000 0.000000 0.631890 0.499062 0.000000 0.000000 0.000000 
0.635015 0.494510 -0.039083 -0.057907 0.000000 0.636442 0.497386 -0.031735 -0.062225 0.000000 0.635064 0.495109 -0.039083 -0.057907 0.000000 0.635851 0.496171 -0.031735 -0.062225 0.000000 0.636860 0.498724 -0.031735 -0.062225 0.000000 0.637156 0.501415 -0.016915 -0.067746 0.000000 
0.636442 0.497386 -0.031735 -0.062225 0.000000 0.635064 0.495109 -0.039083 -0.057907 0.000000 0.635851 0.496171 -0.031735 -0.062225 0.000000 0.636860 0.498724 -0.031735 -0.062225 0.000000 0.637156 0.501415 -0.016915 -0.067746 0.000000 0.637156 0.500062 -0.031735 -0.062225 0.000000 
0.635064 0.495109 -0.039083 -0.057907 0.000000 0.635851 0.496171 -0.031735 -0.062225 0.000000 0.636860 0.498724 -0.031735 -0.062225 0.000000 0.637156 0.501415 -0.016915 -0.067746 0.000000 0.637156 0.500062 -0.031735 -0.062225 0.000000 0.637156 0.502737 -0.016692 -0.085671 0.000000 
0.635851 0.496171 -0.031735 -0.062225 0.000000 0.636860 0.498724 -0.031735 -0.062225 0.000000 0.637156 0.501415 -0.016915 -0.067746 0.000000 0.637156 0.500062 -0.031735 -0.062225 0.000000 0.637156 0.502737 -0.016692 -0.085671 0.000000 0.637156 0.504014 0.000000 -0.087266 0.000000 
0.636860 0.498724 -0.031735 -0.062225 0.000000 0.637156 0.501415 -0.016915 -0.067746 0.000000 0.637156 0.500062 -0.031735 -0.062225 0.000000 0.637156 0.502737 -0.016692 -0.085671 0.000000 0.637156 0.504014 0.000000 -0.087266 0.000000 0.637131 0.505244 0.000000 -0.087266 0.000000 
0.637156 0.501415 -0.016915 -0.067746 0.000000 0.637156 0.500062 -0.031735 -0.062225 0.000000 0.637156 0.502737 -0.016692 -0.085671 0.000000 0.637156 0.504014 0.000000 -0.087266 0.000000 0.637131 0.505244 0.000000 -0.087266 0.000000 0.635728 0.508720 0.070155 -0.121116 0.000000 
0.637156 0.500062 -0.031735 -0.062225 0.000000 0.637156 0.502737 -0.016692 -0.085671 0.000000 0.637156 0.504014 0.000000 -0.087266 0.000000 0.637131 0.505244 0.000000 -0.087266 0.000000 0.635728 0.508720 0.070155 -0.121116 0.000000 0.636836 0.506413 0.016692 -0.085671 0.000000 
0.637156 0.502737 -0.016692 -0.085671 0.000000 0.637156 0.504014 0.000000 -0.087266 0.000000 0.637131 0.505244 0.000000 -0.087266 0.000000 0.635728 0.508720 0.070155 -0.121116 0.000000 0.636836 0.506413 0.016692 -0.085671 0.000000 0.636393 0.507566 0.055685 -0.108968 0.000000 
0.637156 0.504014 0.000000 -0.087266 0.000000 0.637131 0.505244 0.000000 -0.087266 0.000000 0.635728 0.508720 0.070155 -0.121116 0.000000 0.636836 0.506413 0.016692 -0.085671 0.000000 0.636393 0.507566 0.055685 -0.108968 0.000000 0.634916 0.509950 0.083735 -0.133519 0.000000 
0.637131 0.505244 0.000000 -0.087266 0.000000 0.635728 0.508720 0.070155 -0.121116 0.000000 0.636836 0.506413 0.016692 -0.085671 0.000000 0.636393 0.507566 0.055685 -0.108968 0.000000 0.634916 0.509950 0.083735 -0.133519 0.000000 0.633957 0.511211 0.119106 -0.151992 0.000000 
0.635728 0.508720 0.070155 -0.121116 0.000000 0.636836 0.506413 0.016692 -0.085671 0.000000 0.636393 0.507566 0.055685 -0.108968 0.000000 0.634916 0.509950 0.083735 -0.133519 0.000000 0.633957 0.511211 0.119106 -0.151992 0.000000 0.632997 0.512518 0.153269 -0.169914 0.000000 
0.636836 0.506413 0.016692 -0.085671 0.000000 0.636393 0.507566 0.055685 -0.108968 0.000000 0.634916 0.509950 0.083735 -0.133519 0.000000 0.633957 0.511211 0.119106 -0.151992 0.000000 0.632997 0.512518 0.153269 -0.169914 0.000000 0.631988 0.513856 0.170561 -0.202449 0.000000 
0.636393 0.507566 0.055685 -0.108968 0.000000 0.634916 0.509950 0.083735 -0.133519 0.000000 0.633957 0.511211 0.119106 -0.151992 0.000000 0.632997 0.512518 0.153269 -0.169914 0.000000 0.631988 0.513856 0.170561 -0.202449 0.000000 0.630955 0.515117 0.205895 -0.243946 0.000000 
0.634916 0.509950 0.083735 -0.133519 0.000000 0.633957 0.511211 0.119106 -0.151992 0.000000 0.632997 0.512518 0.153269 -0.169914 0.000000 0.631988 0.513856 0.170561 -0.202449 0.000000 0.630955 0.515117 0.205895 -0.243946 0.000000 0.629847 0.516379 0.246707 -0.281986 0.000000 
0.633957 0.511211 0.119106 -0.151992 0.000000 0.632997 0.512518 0.153269 -0.169914 0.000000 0.631988 0.513856 0.170561 -0.202449 0.000000 0.630955 0.515117 0.205895 -0.243946 0.000000 0.629847 0.516379 0.246707 -0.281986 0.000000 0.628642 0.517563 0.271599 -0.310025 0.000000 
0.632997 0.512518 0.153269 -0.169914 0.000000 0.631988 0.513856 0.170561 -0.202449 0.000000 0.630955 0.515117 0.205895 -0.243946 0.000000 0.629847 0.516379 0.246707 -0.281986 0.000000 0.628642 0.517563 0.271599 -0.310025 0.000000 0.627436 0.518655 0.315459 -0.347728 0.000000 
0.631988 0.513856 0.170561 -0.202449 0.000000 0.630955 0.515117 0.205895 -0.243946 0.000000 0.629847 0.516379 0.246707 -0.281986 0.000000 0.628642 0.517563 0.271599 -0.310025 0.000000 0.627436 0.518655 0.315459 -0.347728 0.000000 0.626157 0.519593 0.355176 -0.390750 0.000000 
0.616806 0.515594 0.461539 -0.691438 0.829912 0.618529 0.513487 0.461539 -0.691438 0.840665 0.620325 0.511150 0.461539 -0.691438 0.843597 0.622220 0.508597 0.461539 -0.691438 0.878788 0.624163 0.505998 0.449829 -0.696493 0.875855 0.625984 0.503460 0.449829 -0.696493 0.882698 
0.618529 0.513487 0.461539 -0.691438 0.840665 0.620325 0.511150 0.461539 -0.691438 0.843597 0.622220 0.508597 0.461539 -0.691438 0.878788 0.624163 0.505998 0.449829 -0.696493 0.875855 0.625984 0.503460 0.449829 -0.696493 0.882698 0.627707 0.500938 0.449829 -0.696493 0.896383 
