0.612426 0.585630 0.494116 -0.385607 0.000000 0.615600 0.585445 0.531390 -0.403607 0.000000 0.618652 0.585368 0.536845 -0.394843 0.000000 0.621580 0.585368 0.553025 -0.407971 0.000000 0.624311 0.585368 0.574767 -0.411898 0.000000 0.626845 0.585584 0.596590 -0.415378 0.000000 
0.615600 0.585445 0.531390 -0.403607 0.000000 0.618652 0.585368 0.536845 -0.394843 0.000000 0.621580 0.585368 0.553025 -0.407971 0.000000 0.624311 0.585368 0.574767 -0.411898 0.000000 0.626845 0.585584 0.596590 -0.415378 0.000000 0.629158 0.585922 0.601768 -0.405355 0.000000 
0.618652 0.585368 0.536845 -0.394843 0.000000 0.621580 0.585368 0.553025 -0.407971 0.000000 0.624311 0.585368 0.574767 -0.411898 0.000000 0.626845 0.585584 0.596590 -0.415378 0.000000 0.629158 0.585922 0.601768 -0.405355 0.000000 0.631225 0.586307 0.606769 -0.395134 0.000000 
0.621580 0.585368 0.553025 -0.407971 0.000000 0.624311 0.585368 0.574767 -0.411898 0.000000 0.626845 0.585584 0.596590 -0.415378 0.000000 0.629158 0.585922 0.601768 -0.405355 0.000000 0.631225 0.586307 0.606769 -0.395134 0.000000 0.632997 0.586737 0.628410 -0.397245 0.000000 
0.624311 0.585368 0.574767 -0.411898 0.000000 0.626845 0.585584 0.596590 -0.415378 0.000000 0.629158 0.585922 0.601768 -0.405355 0.000000 0.631225 0.586307 0.606769 -0.395134 0.000000 0.632997 0.586737 0.628410 -0.397245 0.000000 0.634498 0.587199 0.633113 -0.386358 0.000000 
0.626845 0.585584 0.596590 -0.415378 0.000000 0.629158 0.585922 0.601768 -0.405355 0.000000 0.631225 0.586307 0.606769 -0.395134 0.000000 0.632997 0.586737 0.628410 -0.397245 0.000000 0.634498 0.587199 0.633113 -0.386358 0.000000 0.634498 0.587537 0.654629 -0.387474 0.000000 
0.629158 0.585922 0.601768 -0.405355 0.000000 0.631225 0.586307 0.606769 -0.395134 0.000000 0.632997 0.586737 0.628410 -0.397245 0.000000 0.634498 0.587199 0.633113 -0.386358 0.000000 0.634498 0.587537 0.654629 -0.387474 0.000000 0.635999 0.587906 0.654629 -0.387474 0.000000 
0.631225 0.586307 0.606769 -0.395134 0.000000 0.632997 0.586737 0.628410 -0.397245 0.000000 0.634498 0.587199 0.633113 -0.386358 0.000000 0.634498 0.587537 0.654629 -0.387474 0.000000 0.635999 0.587906 0.654629 -0.387474 0.000000 0.635999 0.588306 0.659023 -0.375884 0.000000 
0.632997 0.586737 0.628410 -0.397245 0.000000 0.634498 0.587199 0.633113 -0.386358 0.000000 0.634498 0.587537 0.654629 -0.387474 0.000000 0.635999 0.587906 0.654629 -0.387474 0.000000 0.635999 0.588306 0.659023 -0.375884 0.000000 0.635999 0.588706 0.659023 -0.375884 0.000000 
0.634498 0.587199 0.633113 -0.386358 0.000000 0.634498 0.587537 0.654629 -0.387474 0.000000 0.635999 0.587906 0.654629 -0.387474 0.000000 0.635999 0.588306 0.659023 -0.375884 0.000000 0.635999 0.588706 0.659023 -0.375884 0.000000 0.635999 0.589136 0.659023 -0.375884 0.000000 
0.634498 0.587537 0.654629 -0.387474 0.000000 0.635999 0.587906 0.654629 -0.387474 0.000000 0.635999 0.588306 0.659023 -0.375884 0.000000 0.635999 0.588706 0.659023 -0.375884 0.000000 0.635999 0.589136 0.659023 -0.375884 0.000000 0.636565 0.589567 0.676121 -0.388048 0.000000 
0.635999 0.587906 0.654629 -0.387474 0.000000 0.635999 0.588306 0.659023 -0.375884 0.000000 0.635999 0.588706 0.659023 -0.375884 0.000000 0.635999 0.589136 0.659023 -0.375884 0.000000 0.636565 0.589567 0.676121 -0.388048 0.000000 0.637377 0.590013 0.671691 -0.399933 0.000000 
0.635999 0.588306 0.659023 -0.375884 0.000000 0.635999 0.588706 0.659023 -0.375884 0.000000 0.635999 0.589136 0.659023 -0.375884 0.000000 0.636565 0.589567 0.676121 -0.388048 0.000000 0.637377 0.590013 0.671691 -0.399933 0.000000 0.637648 0.590444 0.671691 -0.399933 0.000000 
0.635999 0.588706 0.659023 -0.375884 0.000000 0.635999 0.589136 0.659023 -0.375884 0.000000 0.636565 0.589567 0.676121 -0.388048 0.000000 0.637377 0.590013 0.671691 -0.399933 0.000000 0.637648 0.590444 0.671691 -0.399933 0.000000 0.637648 0.590890 0.676121 -0.388048 0.000000 
0.635999 0.589136 0.659023 -0.375884 0.000000 0.636565 0.589567 0.676121 -0.388048 0.000000 0.637377 0.590013 0.671691 -0.399933 0.000000 0.637648 0.590444 0.671691 -0.399933 0.000000 0.637648 0.590890 0.676121 -0.388048 0.000000 0.637623 0.591320 0.676121 -0.388048 0.000000 
0.636565 0.589567 0.676121 -0.388048 0.000000 0.637377 0.590013 0.671691 -0.399933 0.000000 0.637648 0.590444 0.671691 -0.399933 0.000000 0.637648 0.590890 0.676121 -0.388048 0.000000 0.637623 0.591320 0.676121 -0.388048 0.000000 0.637033 0.591735 0.676121 -0.388048 0.000000 
0.637377 0.590013 0.671691 -0.399933 0.000000 0.637648 0.590444 0.671691 -0.399933 0.000000 0.637648 0.590890 0.676121 -0.388048 0.000000 0.637623 0.591320 0.676121 -0.388048 0.000000 0.637033 0.591735 0.676121 -0.388048 0.000000 0.636491 0.592151 0.676121 -0.388048 0.000000 
0.637648 0.590444 0.671691 -0.399933 0.000000 0.637648 0.590890 0.676121 -0.388048 0.000000 0.637623 0.591320 0.676121 -0.388048 0.000000 0.637033 0.591735 0.676121 -0.388048 0.000000 0.636491 0.592151 0.676121 -0.388048 0.000000 0.635827 0.592566 0.676121 -0.388048 0.000000 
0.637648 0.590890 0.676121 -0.388048 0.000000 0.637623 0.591320 0.676121 -0.388048 0.000000 0.637033 0.591735 0.676121 -0.388048 0.000000 0.636491 0.592151 0.676121 -0.388048 0.000000 0.635827 0.592566 0.676121 -0.388048 0.000000 0.635064 0.592950 0.659023 -0.375884 0.000000 
0.637623 0.591320 0.676121 -0.388048 0.000000 0.637033 0.591735 0.676121 -0.388048 0.000000 0.636491 0.592151 0.676121 -0.388048 0.000000 0.635827 0.592566 0.676121 -0.388048 0.000000 0.635064 0.592950 0.659023 -0.375884 0.000000 0.634227 0.593319 0.659023 -0.375884 0.000000 
0.637033 0.591735 0.676121 -0.388048 0.000000 0.636491 0.592151 0.676121 -0.388048 0.000000 0.635827 0.592566 0.676121 -0.388048 0.000000 0.635064 0.592950 0.659023 -0.375884 0.000000 0.634227 0.593319 0.659023 -0.375884 0.000000 0.633317 0.593688 0.659023 -0.375884 0.000000 
0.636491 0.592151 0.676121 -0.388048 0.000000 0.635827 0.592566 0.676121 -0.388048 0.000000 0.635064 0.592950 0.659023 -0.375884 0.000000 0.634227 0.593319 0.659023 -0.375884 0.000000 0.633317 0.593688 0.659023 -0.375884 0.000000 0.632382 0.594027 0.663240 -0.364082 0.000000 
0.635827 0.592566 0.676121 -0.388048 0.000000 0.635064 0.592950 0.659023 -0.375884 0.000000 0.634227 0.593319 0.659023 -0.375884 0.000000 0.633317 0.593688 0.659023 -0.375884 0.000000 0.632382 0.594027 0.663240 -0.364082 0.000000 0.631324 0.594396 0.641991 -0.363971 0.000000 
0.635064 0.592950 0.659023 -0.375884 0.000000 0.634227 0.593319 0.659023 -0.375884 0.000000 0.633317 0.593688 0.659023 -0.375884 0.000000 0.632382 0.594027 0.663240 -0.364082 0.000000 0.631324 0.594396 0.641991 -0.363971 0.000000 0.630217 0.594734 0.641991 -0.363971 0.000000 
0.634227 0.593319 0.659023 -0.375884 0.000000 0.633317 0.593688 0.659023 -0.375884 0.000000 0.632382 0.594027 0.663240 -0.364082 0.000000 0.631324 0.594396 0.641991 -0.363971 0.000000 0.630217 0.594734 0.641991 -0.363971 0.000000 0.629085 0.595073 0.620720 -0.363296 0.000000 
0.633317 0.593688 0.659023 -0.375884 0.000000 0.632382 0.594027 0.663240 -0.364082 0.000000 0.631324 0.594396 0.641991 -0.363971 0.000000 0.630217 0.594734 0.641991 -0.363971 0.000000 0.629085 0.595073 0.620720 -0.363296 0.000000 0.627928 0.595426 0.620720 -0.363296 0.000000 
0.632382 0.594027 0.663240 -0.364082 0.000000 0.631324 0.594396 0.641991 -0.363971 0.000000 0.630217 0.594734 0.641991 -0.363971 0.000000 0.629085 0.595073 0.620720 -0.363296 0.000000 0.627928 0.595426 0.620720 -0.363296 0.000000 0.626747 0.595795 0.608124 -0.340852 0.000000 
0.631324 0.594396 0.641991 -0.363971 0.000000 0.630217 0.594734 0.641991 -0.363971 0.000000 0.629085 0.595073 0.620720 -0.363296 0.000000 0.627928 0.595426 0.620720 -0.363296 0.000000 0.626747 0.595795 0.608124 -0.340852 0.000000 0.625541 0.596149 0.587090 -0.340031 0.000000 
0.624360 0.592735 0.654629 -0.387474 0.000000 0.624459 0.592720 0.654629 -0.387474 0.000000 0.624729 0.592673 0.654629 -0.387474 0.000000 0.624852 0.592627 0.654629 -0.387474 0.000000 0.624951 0.592581 0.654629 -0.387474 0.000000 0.625123 0.592550 0.654629 -0.387474 0.000000 
0.624459 0.592720 0.654629 -0.387474 0.000000 0.624729 0.592673 0.654629 -0.387474 0.000000 0.624852 0.592627 0.654629 -0.387474 0.000000 0.624951 0.592581 0.654629 -0.387474 0.000000 0.625123 0.592550 0.654629 -0.387474 0.000000 0.625345 0.592489 0.654629 -0.387474 0.000000 
0.624729 0.592673 0.654629 -0.387474 0.000000 0.624852 0.592627 0.654629 -0.387474 0.000000 0.624951 0.592581 0.654629 -0.387474 0.000000 0.625123 0.592550 0.654629 -0.387474 0.000000 0.625345 0.592489 0.654629 -0.387474 0.000000 0.625640 0.592458 0.654629 -0.387474 0.000000 
0.624852 0.592627 0.654629 -0.387474 0.000000 0.624951 0.592581 0.654629 -0.387474 0.000000 0.625123 0.592550 0.654629 -0.387474 0.000000 0.625345 0.592489 0.654629 -0.387474 0.000000 0.625640 0.592458 0.654629 -0.387474 0.000000 0.625738 0.592427 0.654629 -0.387474 0.000000 
0.624951 0.592581 0.654629 -0.387474 0.000000 0.625123 0.592550 0.654629 -0.387474 0.000000 0.625345 0.592489 0.654629 -0.387474 0.000000 0.625640 0.592458 0.654629 -0.387474 0.000000 0.625738 0.592427 0.654629 -0.387474 0.000000 0.625935 0.592397 0.654629 -0.387474 0.000000 
0.625123 0.592550 0.654629 -0.387474 0.000000 0.625345 0.592489 0.654629 -0.387474 0.000000 0.625640 0.592458 0.654629 -0.387474 0.000000 0.625738 0.592427 0.654629 -0.387474 0.000000 0.625935 0.592397 0.654629 -0.387474 0.000000 0.626132 0.592366 0.641991 -0.363971 0.000000 
0.625345 0.592489 0.654629 -0.387474 0.000000 0.625640 0.592458 0.654629 -0.387474 0.000000 0.625738 0.592427 0.654629 -0.387474 0.000000 0.625935 0.592397 0.654629 -0.387474 0.000000 0.626132 0.592366 0.641991 -0.363971 0.000000 0.626329 0.592366 0.641991 -0.363971 0.000000 
0.625640 0.592458 0.654629 -0.387474 0.000000 0.625738 0.592427 0.654629 -0.387474 0.000000 0.625935 0.592397 0.654629 -0.387474 0.000000 0.626132 0.592366 0.641991 -0.363971 0.000000 0.626329 0.592366 0.641991 -0.363971 0.000000 0.626526 0.592351 0.641991 -0.363971 0.000000 
0.625738 0.592427 0.654629 -0.387474 0.000000 0.625935 0.592397 0.654629 -0.387474 0.000000 0.626132 0.592366 0.641991 -0.363971 0.000000 0.626329 0.592366 0.641991 -0.363971 0.000000 0.626526 0.592351 0.641991 -0.363971 0.000000 0.626698 0.592335 0.641991 -0.363971 0.000000 
0.625935 0.592397 0.654629 -0.387474 0.000000 0.626132 0.592366 0.641991 -0.363971 0.000000 0.626329 0.592366 0.641991 -0.363971 0.000000 0.626526 0.592351 0.641991 -0.363971 0.000000 0.626698 0.592335 0.641991 -0.363971 0.000000 0.626895 0.592320 0.641991 -0.363971 0.000000 
0.626132 0.592366 0.641991 -0.363971 0.000000 0.626329 0.592366 0.641991 -0.363971 0.000000 0.626526 0.592351 0.641991 -0.363971 0.000000 0.626698 0.592335 0.641991 -0.363971 0.000000 0.626895 0.592320 0.641991 -0.363971 0.000000 0.627165 0.592320 0.641991 -0.363971 0.000000 
0.626329 0.592366 0.641991 -0.363971 0.000000 0.626526 0.592351 0.641991 -0.363971 0.000000 0.626698 0.592335 0.641991 -0.363971 0.000000 0.626895 0.592320 0.641991 -0.363971 0.000000 0.627165 0.592320 0.641991 -0.363971 0.000000 0.627288 0.592320 0.641991 -0.363971 0.000000 
0.626526 0.592351 0.641991 -0.363971 0.000000 0.626698 0.592335 0.641991 -0.363971 0.000000 0.626895 0.592320 0.641991 -0.363971 0.000000 0.627165 0.592320 0.641991 -0.363971 0.000000 0.627288 0.592320 0.641991 -0.363971 0.000000 0.627485 0.592320 0.641991 -0.363971 0.000000 
0.626698 0.592335 0.641991 -0.363971 0.000000 0.626895 0.592320 0.641991 -0.363971 0.000000 0.627165 0.592320 0.641991 -0.363971 0.000000 0.627288 0.592320 0.641991 -0.363971 0.000000 0.627485 0.592320 0.641991 -0.363971 0.000000 0.627707 0.592304 0.641991 -0.363971 0.000000 
0.626895 0.592320 0.641991 -0.363971 0.000000 0.627165 0.592320 0.641991 -0.363971 0.000000 0.627288 0.592320 0.641991 -0.363971 0.000000 0.627485 0.592320 0.641991 -0.363971 0.000000 0.627707 0.592304 0.641991 -0.363971 0.000000 0.627904 0.592304 0.641991 -0.363971 0.000000 
0.627165 0.592320 0.641991 -0.363971 0.000000 0.627288 0.592320 0.641991 -0.363971 0.000000 0.627485 0.592320 0.641991 -0.363971 0.000000 0.627707 0.592304 0.641991 -0.363971 0.000000 0.627904 0.592304 0.641991 -0.363971 0.000000 0.628100 0.592304 0.641991 -0.363971 0.000000 
0.627288 0.592320 0.641991 -0.363971 0.000000 0.627485 0.592320 0.641991 -0.363971 0.000000 0.627707 0.592304 0.641991 -0.363971 0.000000 0.627904 0.592304 0.641991 -0.363971 0.000000 0.628100 0.592304 0.641991 -0.363971 0.000000 0.628297 0.592289 0.641991 -0.363971 0.000000 
0.627485 0.592320 0.641991 -0.363971 0.000000 0.627707 0.592304 0.641991 -0.363971 0.000000 0.627904 0.592304 0.641991 -0.363971 0.000000 0.628100 0.592304 0.641991 -0.363971 0.000000 0.628297 0.592289 0.641991 -0.363971 0.000000 0.628519 0.592274 0.641991 -0.363971 0.000000 
0.627707 0.592304 0.641991 -0.363971 0.000000 0.627904 0.592304 0.641991 -0.363971 0.000000 0.628100 0.592304 0.641991 -0.363971 0.000000 0.628297 0.592289 0.641991 -0.363971 0.000000 0.628519 0.592274 0.641991 -0.363971 0.000000 0.628814 0.592258 0.641991 -0.363971 0.000000 
0.627904 0.592304 0.641991 -0.363971 0.000000 0.628100 0.592304 0.641991 -0.363971 0.000000 0.628297 0.592289 0.641991 -0.363971 0.000000 0.628519 0.592274 0.641991 -0.363971 0.000000 0.628814 0.592258 0.641991 -0.363971 0.000000 0.628912 0.592243 0.641991 -0.363971 0.000000 
0.628100 0.592304 0.641991 -0.363971 0.000000 0.628297 0.592289 0.641991 -0.363971 0.000000 0.628519 0.592274 0.641991 -0.363971 0.000000 0.628814 0.592258 0.641991 -0.363971 0.000000 0.628912 0.592243 0.641991 -0.363971 0.000000 0.629109 0.592212 0.641991 -0.363971 0.000000 
0.628297 0.592289 0.641991 -0.363971 0.000000 0.628519 0.592274 0.641991 -0.363971 0.000000 0.628814 0.592258 0.641991 -0.363971 0.000000 0.628912 0.592243 0.641991 -0.363971 0.000000 0.629109 0.592212 0.641991 -0.363971 0.000000 0.629331 0.592166 0.663240 -0.364082 0.000000 
0.628519 0.592274 0.641991 -0.363971 0.000000 0.628814 0.592258 0.641991 -0.363971 0.000000 0.628912 0.592243 0.641991 -0.363971 0.000000 0.629109 0.592212 0.641991 -0.363971 0.000000 0.629331 0.592166 0.663240 -0.364082 0.000000 0.629626 0.592135 0.659023 -0.375884 0.000000 
0.628814 0.592258 0.641991 -0.363971 0.000000 0.628912 0.592243 0.641991 -0.363971 0.000000 0.629109 0.592212 0.641991 -0.363971 0.000000 0.629331 0.592166 0.663240 -0.364082 0.000000 0.629626 0.592135 0.659023 -0.375884 0.000000 0.629724 0.592089 0.659023 -0.375884 0.000000 
0.628912 0.592243 0.641991 -0.363971 0.000000 0.629109 0.592212 0.641991 -0.363971 0.000000 0.629331 0.592166 0.663240 -0.364082 0.000000 0.629626 0.592135 0.659023 -0.375884 0.000000 0.629724 0.592089 0.659023 -0.375884 0.000000 0.629921 0.592058 0.659023 -0.375884 0.000000 
0.629109 0.592212 0.641991 -0.363971 0.000000 0.629331 0.592166 0.663240 -0.364082 0.000000 0.629626 0.592135 0.659023 -0.375884 0.000000 0.629724 0.592089 0.659023 -0.375884 0.000000 0.629921 0.592058 0.659023 -0.375884 0.000000 0.630020 0.592043 0.659023 -0.375884 0.000000 
0.629331 0.592166 0.663240 -0.364082 0.000000 0.629626 0.592135 0.659023 -0.375884 0.000000 0.629724 0.592089 0.659023 -0.375884 0.000000 0.629921 0.592058 0.659023 -0.375884 0.000000 0.630020 0.592043 0.659023 -0.375884 0.000000 0.630290 0.591997 0.659023 -0.375884 0.000000 
0.629626 0.592135 0.659023 -0.375884 0.000000 0.629724 0.592089 0.659023 -0.375884 0.000000 0.629921 0.592058 0.659023 -0.375884 0.000000 0.630020 0.592043 0.659023 -0.375884 0.000000 0.630290 0.591997 0.659023 -0.375884 0.000000 0.630389 0.591951 0.659023 -0.375884 0.000000 
0.629724 0.592089 0.659023 -0.375884 0.000000 0.629921 0.592058 0.659023 -0.375884 0.000000 0.630020 0.592043 0.659023 -0.375884 0.000000 0.630290 0.591997 0.659023 -0.375884 0.000000 0.630389 0.591951 0.659023 -0.375884 0.000000 0.630659 0.591905 0.659023 -0.375884 0.000000 
0.629921 0.592058 0.659023 -0.375884 0.000000 0.630020 0.592043 0.659023 -0.375884 0.000000 0.630290 0.591997 0.659023 -0.375884 0.000000 0.630389 0.591951 0.659023 -0.375884 0.000000 0.630659 0.591905 0.659023 -0.375884 0.000000 0.630758 0.591858 0.659023 -0.375884 0.000000 
0.630020 0.592043 0.659023 -0.375884 0.000000 0.630290 0.591997 0.659023 -0.375884 0.000000 0.630389 0.591951 0.659023 -0.375884 0.000000 0.630659 0.591905 0.659023 -0.375884 0.000000 0.630758 0.591858 0.659023 -0.375884 0.000000 0.631078 0.591828 0.659023 -0.375884 0.000000 
0.630290 0.591997 0.659023 -0.375884 0.000000 0.630389 0.591951 0.659023 -0.375884 0.000000 0.630659 0.591905 0.659023 -0.375884 0.000000 0.630758 0.591858 0.659023 -0.375884 0.000000 0.631078 0.591828 0.659023 -0.375884 0.000000 0.631373 0.591781 0.659023 -0.375884 0.000000 
0.630389 0.591951 0.659023 -0.375884 0.000000 0.630659 0.591905 0.659023 -0.375884 0.000000 0.630758 0.591858 0.659023 -0.375884 0.000000 0.631078 0.591828 0.659023 -0.375884 0.000000 0.631373 0.591781 0.659023 -0.375884 0.000000 0.631521 0.591735 0.659023 -0.375884 0.000000 
0.630659 0.591905 0.659023 -0.375884 0.000000 0.630758 0.591858 0.659023 -0.375884 0.000000 0.631078 0.591828 0.659023 -0.375884 0.000000 0.631373 0.591781 0.659023 -0.375884 0.000000 0.631521 0.591735 0.659023 -0.375884 0.000000 0.631865 0.591674 0.667079 -0.411591 0.000000 
0.630758 0.591858 0.659023 -0.375884 0.000000 0.631078 0.591828 0.659023 -0.375884 0.000000 0.631373 0.591781 0.659023 -0.375884 0.000000 0.631521 0.591735 0.659023 -0.375884 0.000000 0.631865 0.591674 0.667079 -0.411591 0.000000 0.632234 0.591597 0.671691 -0.399933 0.000000 
0.631078 0.591828 0.659023 -0.375884 0.000000 0.631373 0.591781 0.659023 -0.375884 0.000000 0.631521 0.591735 0.659023 -0.375884 0.000000 0.631865 0.591674 0.667079 -0.411591 0.000000 0.632234 0.591597 0.671691 -0.399933 0.000000 0.632653 0.591551 0.671691 -0.399933 0.000000 
0.631373 0.591781 0.659023 -0.375884 0.000000 0.631521 0.591735 0.659023 -0.375884 0.000000 0.631865 0.591674 0.667079 -0.411591 0.000000 0.632234 0.591597 0.671691 -0.399933 0.000000 0.632653 0.591551 0.671691 -0.399933 0.000000 0.633120 0.591459 0.671691 -0.399933 0.000000 
0.631521 0.591735 0.659023 -0.375884 0.000000 0.631865 0.591674 0.667079 -0.411591 0.000000 0.632234 0.591597 0.671691 -0.399933 0.000000 0.632653 0.591551 0.671691 -0.399933 0.000000 0.633120 0.591459 0.671691 -0.399933 0.000000 0.633637 0.591366 0.671691 -0.399933 0.000000 
0.631865 0.591674 0.667079 -0.411591 0.000000 0.632234 0.591597 0.671691 -0.399933 0.000000 0.632653 0.591551 0.671691 -0.399933 0.000000 0.633120 0.591459 0.671691 -0.399933 0.000000 0.633637 0.591366 0.671691 -0.399933 0.000000 0.633637 0.591274 0.671691 -0.399933 0.000000 
0.632234 0.591597 0.671691 -0.399933 0.000000 0.632653 0.591551 0.671691 -0.399933 0.000000 0.633120 0.591459 0.671691 -0.399933 0.000000 0.633637 0.591366 0.671691 -0.399933 0.000000 0.633637 0.591274 0.671691 -0.399933 0.000000 0.633784 0.591120 0.671691 -0.399933 0.000000 
0.632653 0.591551 0.671691 -0.399933 0.000000 0.633120 0.591459 0.671691 -0.399933 0.000000 0.633637 0.591366 0.671691 -0.399933 0.000000 0.633637 0.591274 0.671691 -0.399933 0.000000 0.633784 0.591120 0.671691 -0.399933 0.000000 0.634301 0.590936 0.706032 -0.425647 0.000000 
0.633120 0.591459 0.671691 -0.399933 0.000000 0.633637 0.591366 0.671691 -0.399933 0.000000 0.633637 0.591274 0.671691 -0.399933 0.000000 0.633784 0.591120 0.671691 -0.399933 0.000000 0.634301 0.590936 0.706032 -0.425647 0.000000 0.634793 0.590705 0.706032 -0.425647 0.000000 
0.633637 0.591366 0.671691 -0.399933 0.000000 0.633637 0.591274 0.671691 -0.399933 0.000000 0.633784 0.591120 0.671691 -0.399933 0.000000 0.634301 0.590936 0.706032 -0.425647 0.000000 0.634793 0.590705 0.706032 -0.425647 0.000000 0.634793 0.590428 0.706032 -0.425647 0.000000 
0.633637 0.591274 0.671691 -0.399933 0.000000 0.633784 0.591120 0.671691 -0.399933 0.000000 0.634301 0.590936 0.706032 -0.425647 0.000000 0.634793 0.590705 0.706032 -0.425647 0.000000 0.634793 0.590428 0.706032 -0.425647 0.000000 0.634941 0.590121 0.706032 -0.425647 0.000000 
0.633784 0.591120 0.671691 -0.399933 0.000000 0.634301 0.590936 0.706032 -0.425647 0.000000 0.634793 0.590705 0.706032 -0.425647 0.000000 0.634793 0.590428 0.706032 -0.425647 0.000000 0.634941 0.590121 0.706032 -0.425647 0.000000 0.635433 0.589782 0.701357 -0.437865 0.000000 
0.634301 0.590936 0.706032 -0.425647 0.000000 0.634793 0.590705 0.706032 -0.425647 0.000000 0.634793 0.590428 0.706032 -0.425647 0.000000 0.634941 0.590121 0.706032 -0.425647 0.000000 0.635433 0.589782 0.701357 -0.437865 0.000000 0.635605 0.589521 0.701357 -0.437865 0.000000 
0.634793 0.590705 0.706032 -0.425647 0.000000 0.634793 0.590428 0.706032 -0.425647 0.000000 0.634941 0.590121 0.706032 -0.425647 0.000000 0.635433 0.589782 0.701357 -0.437865 0.000000 0.635605 0.589521 0.701357 -0.437865 0.000000 0.636097 0.589229 0.723314 -0.438928 0.000000 
0.634793 0.590428 0.706032 -0.425647 0.000000 0.634941 0.590121 0.706032 -0.425647 0.000000 0.635433 0.589782 0.701357 -0.437865 0.000000 0.635605 0.589521 0.701357 -0.437865 0.000000 0.636097 0.589229 0.723314 -0.438928 0.000000 0.636590 0.588921 0.723314 -0.438928 0.000000 
0.634941 0.590121 0.706032 -0.425647 0.000000 0.635433 0.589782 0.701357 -0.437865 0.000000 0.635605 0.589521 0.701357 -0.437865 0.000000 0.636097 0.589229 0.723314 -0.438928 0.000000 0.636590 0.588921 0.723314 -0.438928 0.000000 0.637106 0.588583 0.723314 -0.438928 0.000000 
0.635433 0.589782 0.701357 -0.437865 0.000000 0.635605 0.589521 0.701357 -0.437865 0.000000 0.636097 0.589229 0.723314 -0.438928 0.000000 0.636590 0.588921 0.723314 -0.438928 0.000000 0.637106 0.588583 0.723314 -0.438928 0.000000 0.637106 0.588229 0.723314 -0.438928 0.000000 
0.635605 0.589521 0.701357 -0.437865 0.000000 0.636097 0.589229 0.723314 -0.438928 0.000000 0.636590 0.588921 0.723314 -0.438928 0.000000 0.637106 0.588583 0.723314 -0.438928 0.000000 0.637106 0.588229 0.723314 -0.438928 0.000000 0.637106 0.587844 0.718615 -0.451422 0.000000 
0.636097 0.589229 0.723314 -0.438928 0.000000 0.636590 0.588921 0.723314 -0.438928 0.000000 0.637106 0.588583 0.723314 -0.438928 0.000000 0.637106 0.588229 0.723314 -0.438928 0.000000 0.637106 0.587844 0.718615 -0.451422 0.000000 0.637598 0.587429 0.718615 -0.451422 0.000000 
0.636590 0.588921 0.723314 -0.438928 0.000000 0.637106 0.588583 0.723314 -0.438928 0.000000 0.637106 0.588229 0.723314 -0.438928 0.000000 0.637106 0.587844 0.718615 -0.451422 0.000000 0.637598 0.587429 0.718615 -0.451422 0.000000 0.637746 0.586983 0.718615 -0.451422 0.000000 
0.637106 0.588583 0.723314 -0.438928 0.000000 0.637106 0.588229 0.723314 -0.438928 0.000000 0.637106 0.587844 0.718615 -0.451422 0.000000 0.637598 0.587429 0.718615 -0.451422 0.000000 0.637746 0.586983 0.718615 -0.451422 0.000000 0.638214 0.586522 0.696493 -0.449829 0.000000 
0.637106 0.588229 0.723314 -0.438928 0.000000 0.637106 0.587844 0.718615 -0.451422 0.000000 0.637598 0.587429 0.718615 -0.451422 0.000000 0.637746 0.586983 0.718615 -0.451422 0.000000 0.638214 0.586522 0.696493 -0.449829 0.000000 0.638214 0.586045 0.696493 -0.449829 0.000000 
0.637106 0.587844 0.718615 -0.451422 0.000000 0.637598 0.587429 0.718615 -0.451422 0.000000 0.637746 0.586983 0.718615 -0.451422 0.000000 0.638214 0.586522 0.696493 -0.449829 0.000000 0.638214 0.586045 0.696493 -0.449829 0.000000 0.638287 0.585553 0.674327 -0.447748 0.000000 
0.637598 0.587429 0.718615 -0.451422 0.000000 0.637746 0.586983 0.718615 -0.451422 0.000000 0.638214 0.586522 0.696493 -0.449829 0.000000 0.638214 0.586045 0.696493 -0.449829 0.000000 0.638287 0.585553 0.674327 -0.447748 0.000000 0.638386 0.585030 0.679347 -0.436291 0.000000 
0.637746 0.586983 0.718615 -0.451422 0.000000 0.638214 0.586522 0.696493 -0.449829 0.000000 0.638214 0.586045 0.696493 -0.449829 0.000000 0.638287 0.585553 0.674327 -0.447748 0.000000 0.638386 0.585030 0.679347 -0.436291 0.000000 0.638484 0.584523 0.657306 -0.434223 0.000000 
0.638214 0.586522 0.696493 -0.449829 0.000000 0.638214 0.586045 0.696493 -0.449829 0.000000 0.638287 0.585553 0.674327 -0.447748 0.000000 0.638386 0.585030 0.679347 -0.436291 0.000000 0.638484 0.584523 0.657306 -0.434223 0.000000 0.638558 0.584031 0.652140 -0.445194 0.000000 
0.638214 0.586045 0.696493 -0.449829 0.000000 0.638287 0.585553 0.674327 -0.447748 0.000000 0.638386 0.585030 0.679347 -0.436291 0.000000 0.638484 0.584523 0.657306 -0.434223 0.000000 0.638558 0.584031 0.652140 -0.445194 0.000000 0.638607 0.583508 0.629955 -0.442181 0.000000 
0.638287 0.585553 0.674327 -0.447748 0.000000 0.638386 0.585030 0.679347 -0.436291 0.000000 0.638484 0.584523 0.657306 -0.434223 0.000000 0.638558 0.584031 0.652140 -0.445194 0.000000 0.638607 0.583508 0.629955 -0.442181 0.000000 0.638780 0.583016 0.618467 -0.418400 0.000000 
0.638386 0.585030 0.679347 -0.436291 0.000000 0.638484 0.584523 0.657306 -0.434223 0.000000 0.638558 0.584031 0.652140 -0.445194 0.000000 0.638607 0.583508 0.629955 -0.442181 0.000000 0.638780 0.583016 0.618467 -0.418400 0.000000 0.638903 0.582493 0.596590 -0.415378 0.000000 
0.638484 0.584523 0.657306 -0.434223 0.000000 0.638558 0.584031 0.652140 -0.445194 0.000000 0.638607 0.583508 0.629955 -0.442181 0.000000 0.638780 0.583016 0.618467 -0.418400 0.000000 0.638903 0.582493 0.596590 -0.415378 0.000000 0.638903 0.582016 0.558401 -0.398802 0.000000 
0.638558 0.584031 0.652140 -0.445194 0.000000 0.638607 0.583508 0.629955 -0.442181 0.000000 0.638780 0.583016 0.618467 -0.418400 0.000000 0.638903 0.582493 0.596590 -0.415378 0.000000 0.638903 0.582016 0.558401 -0.398802 0.000000 0.638952 0.581555 0.536845 -0.394843 0.000000 
0.638607 0.583508 0.629955 -0.442181 0.000000 0.638780 0.583016 0.618467 -0.418400 0.000000 0.638903 0.582493 0.596590 -0.415378 0.000000 0.638903 0.582016 0.558401 -0.398802 0.000000 0.638952 0.581555 0.536845 -0.394843 0.000000 0.639050 0.581124 0.520764 -0.381904 0.000000 
0.638780 0.583016 0.618467 -0.418400 0.000000 0.638903 0.582493 0.596590 -0.415378 0.000000 0.638903 0.582016 0.558401 -0.398802 0.000000 0.638952 0.581555 0.536845 -0.394843 0.000000 0.639050 0.581124 0.520764 -0.381904 0.000000 0.639050 0.580693 0.483746 -0.364642 0.000000 
0.638903 0.582493 0.596590 -0.415378 0.000000 0.638903 0.582016 0.558401 -0.398802 0.000000 0.638952 0.581555 0.536845 -0.394843 0.000000 0.639050 0.581124 0.520764 -0.381904 0.000000 0.639050 0.580693 0.483746 -0.364642 0.000000 0.639050 0.580278 0.447413 -0.346977 0.000000 
0.638903 0.582016 0.558401 -0.398802 0.000000 0.638952 0.581555 0.536845 -0.394843 0.000000 0.639050 0.581124 0.520764 -0.381904 0.000000 0.639050 0.580693 0.483746 -0.364642 0.000000 0.639050 0.580278 0.447413 -0.346977 0.000000 0.639050 0.579878 0.421560 -0.314969 0.000000 
0.638952 0.581555 0.536845 -0.394843 0.000000 0.639050 0.581124 0.520764 -0.381904 0.000000 0.639050 0.580693 0.483746 -0.364642 0.000000 0.639050 0.580278 0.447413 -0.346977 0.000000 0.639050 0.579878 0.421560 -0.314969 0.000000 0.638607 0.579478 0.386462 -0.297537 0.000000 
0.639050 0.581124 0.520764 -0.381904 0.000000 0.639050 0.580693 0.483746 -0.364642 0.000000 0.639050 0.580278 0.447413 -0.346977 0.000000 0.639050 0.579878 0.421560 -0.314969 0.000000 0.638607 0.579478 0.386462 -0.297537 0.000000 0.637968 0.579125 0.352140 -0.279569 0.000000 
0.639050 0.580693 0.483746 -0.364642 0.000000 0.639050 0.580278 0.447413 -0.346977 0.000000 0.639050 0.579878 0.421560 -0.314969 0.000000 0.638607 0.579478 0.386462 -0.297537 0.000000 0.637968 0.579125 0.352140 -0.279569 0.000000 0.637205 0.579063 0.308230 -0.243796 0.000000 
0.639050 0.580278 0.447413 -0.346977 0.000000 0.639050 0.579878 0.421560 -0.314969 0.000000 0.638607 0.579478 0.386462 -0.297537 0.000000 0.637968 0.579125 0.352140 -0.279569 0.000000 0.637205 0.579063 0.308230 -0.243796 0.000000 0.637057 0.578463 0.254244 -0.222170 0.000000 
0.639050 0.579878 0.421560 -0.314969 0.000000 0.638607 0.579478 0.386462 -0.297537 0.000000 0.637968 0.579125 0.352140 -0.279569 0.000000 0.637205 0.579063 0.308230 -0.243796 0.000000 0.637057 0.578463 0.254244 -0.222170 0.000000 0.636196 0.577833 0.230057 -0.194047 0.000000 
0.638607 0.579478 0.386462 -0.297537 0.000000 0.637968 0.579125 0.352140 -0.279569 0.000000 0.637205 0.579063 0.308230 -0.243796 0.000000 0.637057 0.578463 0.254244 -0.222170 0.000000 0.636196 0.577833 0.230057 -0.194047 0.000000 0.636024 0.577402 0.196554 -0.177408 0.000000 
0.637968 0.579125 0.352140 -0.279569 0.000000 0.637205 0.579063 0.308230 -0.243796 0.000000 0.637057 0.578463 0.254244 -0.222170 0.000000 0.636196 0.577833 0.230057 -0.194047 0.000000 0.636024 0.577402 0.196554 -0.177408 0.000000 0.634966 0.576987 0.156666 -0.141281 0.000000 
0.637205 0.579063 0.308230 -0.243796 0.000000 0.637057 0.578463 0.254244 -0.222170 0.000000 0.636196 0.577833 0.230057 -0.194047 0.000000 0.636024 0.577402 0.196554 -0.177408 0.000000 0.634966 0.576987 0.156666 -0.141281 0.000000 0.633711 0.576987 0.145662 -0.126840 0.000000 
0.637057 0.578463 0.254244 -0.222170 0.000000 0.636196 0.577833 0.230057 -0.194047 0.000000 0.636024 0.577402 0.196554 -0.177408 0.000000 0.634966 0.576987 0.156666 -0.141281 0.000000 0.633711 0.576987 0.145662 -0.126840 0.000000 0.632283 0.576987 0.099052 -0.099052 0.000000 
0.636196 0.577833 0.230057 -0.194047 0.000000 0.636024 0.577402 0.196554 -0.177408 0.000000 0.634966 0.576987 0.156666 -0.141281 0.000000 0.633711 0.576987 0.145662 -0.126840 0.000000 0.632283 0.576987 0.099052 -0.099052 0.000000 0.630684 0.576987 0.081500 -0.066048 0.000000 
0.636024 0.577402 0.196554 -0.177408 0.000000 0.634966 0.576987 0.156666 -0.141281 0.000000 0.633711 0.576987 0.145662 -0.126840 0.000000 0.632283 0.576987 0.099052 -0.099052 0.000000 0.630684 0.576987 0.081500 -0.066048 0.000000 0.628937 0.576987 0.069758 -0.052603 0.000000 
0.634966 0.576987 0.156666 -0.141281 0.000000 0.633711 0.576987 0.145662 -0.126840 0.000000 0.632283 0.576987 0.099052 -0.099052 0.000000 0.630684 0.576987 0.081500 -0.066048 0.000000 0.628937 0.576987 0.069758 -0.052603 0.000000 0.627092 0.576987 0.057907 -0.039083 0.000000 
0.633711 0.576987 0.145662 -0.126840 0.000000 0.632283 0.576987 0.099052 -0.099052 0.000000 0.630684 0.576987 0.081500 -0.066048 0.000000 0.628937 0.576987 0.069758 -0.052603 0.000000 0.627092 0.576987 0.057907 -0.039083 0.000000 0.625098 0.576664 0.031105 -0.015852 0.000000 
0.599336 0.567944 0.012342 -0.012342 0.000000 0.601649 0.567944 0.012342 -0.012342 0.000000 0.603962 0.566560 0.012342 -0.012342 0.000000 0.606373 0.565099 0.012342 -0.012342 0.000000 0.608858 0.563546 0.000000 -0.017453 0.000000 0.625320 0.557440 -0.062225 0.031735 0.000000 
0.601649 0.567944 0.012342 -0.012342 0.000000 0.603962 0.566560 0.012342 -0.012342 0.000000 0.606373 0.565099 0.012342 -0.012342 0.000000 0.608858 0.563546 0.000000 -0.017453 0.000000 0.625320 0.557440 -0.062225 0.031735 0.000000 0.630364 0.555164 -0.067746 0.016915 0.000000 
0.603962 0.566560 0.012342 -0.012342 0.000000 0.606373 0.565099 0.012342 -0.012342 0.000000 0.608858 0.563546 0.000000 -0.017453 0.000000 0.625320 0.557440 -0.062225 0.031735 0.000000 0.630364 0.555164 -0.067746 0.016915 0.000000 0.633243 0.553211 -0.049802 -0.016193 0.000000 
0.606373 0.565099 0.012342 -0.012342 0.000000 0.608858 0.563546 0.000000 -0.017453 0.000000 0.625320 0.557440 -0.062225 0.031735 0.000000 0.630364 0.555164 -0.067746 0.016915 0.000000 0.633243 0.553211 -0.049802 -0.016193 0.000000 0.638878 0.551873 -0.049802 -0.016193 0.000000 
0.608858 0.563546 0.000000 -0.017453 0.000000 0.625320 0.557440 -0.062225 0.031735 0.000000 0.630364 0.555164 -0.067746 0.016915 0.000000 0.633243 0.553211 -0.049802 -0.016193 0.000000 0.638878 0.551873 -0.049802 -0.016193 0.000000 0.639641 0.551443 -0.031105 -0.015852 0.000000 
0.625320 0.557440 -0.062225 0.031735 0.000000 0.630364 0.555164 -0.067746 0.016915 0.000000 0.633243 0.553211 -0.049802 -0.016193 0.000000 0.638878 0.551873 -0.049802 -0.016193 0.000000 0.639641 0.551443 -0.031105 -0.015852 0.000000 0.640502 0.550781 -0.037041 -0.037041 0.000000 
0.630364 0.555164 -0.067746 0.016915 0.000000 0.633243 0.553211 -0.049802 -0.016193 0.000000 0.638878 0.551873 -0.049802 -0.016193 0.000000 0.639641 0.551443 -0.031105 -0.015852 0.000000 0.640502 0.550781 -0.037041 -0.037041 0.000000 0.641339 0.550351 -0.037041 -0.037041 0.000000 
0.633243 0.553211 -0.049802 -0.016193 0.000000 0.638878 0.551873 -0.049802 -0.016193 0.000000 0.639641 0.551443 -0.031105 -0.015852 0.000000 0.640502 0.550781 -0.037041 -0.037041 0.000000 0.641339 0.550351 -0.037041 -0.037041 0.000000 0.642126 0.549966 -0.037041 -0.037041 0.000000 
0.638878 0.551873 -0.049802 -0.016193 0.000000 0.639641 0.551443 -0.031105 -0.015852 0.000000 0.640502 0.550781 -0.037041 -0.037041 0.000000 0.641339 0.550351 -0.037041 -0.037041 0.000000 0.642126 0.549966 -0.037041 -0.037041 0.000000 0.642938 0.549505 -0.037041 -0.037041 0.000000 
0.639641 0.551443 -0.031105 -0.015852 0.000000 0.640502 0.550781 -0.037041 -0.037041 0.000000 0.641339 0.550351 -0.037041 -0.037041 0.000000 0.642126 0.549966 -0.037041 -0.037041 0.000000 0.642938 0.549505 -0.037041 -0.037041 0.000000 0.643725 0.549028 -0.037041 -0.037041 0.000000 
0.640502 0.550781 -0.037041 -0.037041 0.000000 0.641339 0.550351 -0.037041 -0.037041 0.000000 0.642126 0.549966 -0.037041 -0.037041 0.000000 0.642938 0.549505 -0.037041 -0.037041 0.000000 0.643725 0.549028 -0.037041 -0.037041 0.000000 0.644390 0.548597 -0.015852 -0.031105 0.000000 
0.641339 0.550351 -0.037041 -0.037041 0.000000 0.642126 0.549966 -0.037041 -0.037041 0.000000 0.642938 0.549505 -0.037041 -0.037041 0.000000 0.643725 0.549028 -0.037041 -0.037041 0.000000 0.644390 0.548597 -0.015852 -0.031105 0.000000 0.645915 0.547721 -0.015852 -0.031105 0.000000 
0.642126 0.549966 -0.037041 -0.037041 0.000000 0.642938 0.549505 -0.037041 -0.037041 0.000000 0.643725 0.549028 -0.037041 -0.037041 0.000000 0.644390 0.548597 -0.015852 -0.031105 0.000000 0.645915 0.547721 -0.015852 -0.031105 0.000000 0.647293 0.546813 -0.016193 -0.049802 0.000000 
0.642938 0.549505 -0.037041 -0.037041 0.000000 0.643725 0.549028 -0.037041 -0.037041 0.000000 0.644390 0.548597 -0.015852 -0.031105 0.000000 0.645915 0.547721 -0.015852 -0.031105 0.000000 0.647293 0.546813 -0.016193 -0.049802 0.000000 0.647293 0.546060 -0.015852 -0.031105 0.000000 
0.643725 0.549028 -0.037041 -0.037041 0.000000 0.644390 0.548597 -0.015852 -0.031105 0.000000 0.645915 0.547721 -0.015852 -0.031105 0.000000 0.647293 0.546813 -0.016193 -0.049802 0.000000 0.647293 0.546060 -0.015852 -0.031105 0.000000 0.649114 0.545183 0.000000 -0.034907 0.000000 
0.644390 0.548597 -0.015852 -0.031105 0.000000 0.645915 0.547721 -0.015852 -0.031105 0.000000 0.647293 0.546813 -0.016193 -0.049802 0.000000 0.647293 0.546060 -0.015852 -0.031105 0.000000 0.649114 0.545183 0.000000 -0.034907 0.000000 0.649114 0.544245 0.000000 -0.034907 0.000000 
0.645915 0.547721 -0.015852 -0.031105 0.000000 0.647293 0.546813 -0.016193 -0.049802 0.000000 0.647293 0.546060 -0.015852 -0.031105 0.000000 0.649114 0.545183 0.000000 -0.034907 0.000000 0.649114 0.544245 0.000000 -0.034907 0.000000 0.651033 0.543353 0.000000 -0.034907 0.000000 
0.647293 0.546813 -0.016193 -0.049802 0.000000 0.647293 0.546060 -0.015852 -0.031105 0.000000 0.649114 0.545183 0.000000 -0.034907 0.000000 0.649114 0.544245 0.000000 -0.034907 0.000000 0.651033 0.543353 0.000000 -0.034907 0.000000 0.652854 0.542477 0.000000 -0.034907 0.000000 
0.647293 0.546060 -0.015852 -0.031105 0.000000 0.649114 0.545183 0.000000 -0.034907 0.000000 0.649114 0.544245 0.000000 -0.034907 0.000000 0.651033 0.543353 0.000000 -0.034907 0.000000 0.652854 0.542477 0.000000 -0.034907 0.000000 0.652928 0.541477 0.000000 -0.017453 0.000000 
0.649114 0.545183 0.000000 -0.034907 0.000000 0.649114 0.544245 0.000000 -0.034907 0.000000 0.651033 0.543353 0.000000 -0.034907 0.000000 0.652854 0.542477 0.000000 -0.034907 0.000000 0.652928 0.541477 0.000000 -0.017453 0.000000 0.654847 0.540431 0.012342 -0.012342 0.000000 
0.649114 0.544245 0.000000 -0.034907 0.000000 0.651033 0.543353 0.000000 -0.034907 0.000000 0.652854 0.542477 0.000000 -0.034907 0.000000 0.652928 0.541477 0.000000 -0.017453 0.000000 0.654847 0.540431 0.012342 -0.012342 0.000000 0.656668 0.539447 0.017453 0.000000 0.000000 
0.651033 0.543353 0.000000 -0.034907 0.000000 0.652854 0.542477 0.000000 -0.034907 0.000000 0.652928 0.541477 0.000000 -0.017453 0.000000 0.654847 0.540431 0.012342 -0.012342 0.000000 0.656668 0.539447 0.017453 0.000000 0.000000 0.656816 0.538370 0.017453 0.000000 0.000000 
0.652854 0.542477 0.000000 -0.034907 0.000000 0.652928 0.541477 0.000000 -0.017453 0.000000 0.654847 0.540431 0.012342 -0.012342 0.000000 0.656668 0.539447 0.017453 0.000000 0.000000 0.656816 0.538370 0.017453 0.000000 0.000000 0.658711 0.537325 0.017453 0.000000 0.000000 
0.652928 0.541477 0.000000 -0.017453 0.000000 0.654847 0.540431 0.012342 -0.012342 0.000000 0.656668 0.539447 0.017453 0.000000 0.000000 0.656816 0.538370 0.017453 0.000000 0.000000 0.658711 0.537325 0.017453 0.000000 0.000000 0.660753 0.536310 0.017453 0.000000 0.000000 
0.654847 0.540431 0.012342 -0.012342 0.000000 0.656668 0.539447 0.017453 0.000000 0.000000 0.656816 0.538370 0.017453 0.000000 0.000000 0.658711 0.537325 0.017453 0.000000 0.000000 0.660753 0.536310 0.017453 0.000000 0.000000 0.662672 0.535310 0.017453 0.000000 0.000000 
0.656668 0.539447 0.017453 0.000000 0.000000 0.656816 0.538370 0.017453 0.000000 0.000000 0.658711 0.537325 0.017453 0.000000 0.000000 0.660753 0.536310 0.017453 0.000000 0.000000 0.662672 0.535310 0.017453 0.000000 0.000000 0.663779 0.534310 0.017453 0.000000 0.000000 
0.656816 0.538370 0.017453 0.000000 0.000000 0.658711 0.537325 0.017453 0.000000 0.000000 0.660753 0.536310 0.017453 0.000000 0.000000 0.662672 0.535310 0.017453 0.000000 0.000000 0.663779 0.534310 0.017453 0.000000 0.000000 0.663779 0.533418 0.012342 0.012342 0.000000 
0.658711 0.537325 0.017453 0.000000 0.000000 0.660753 0.536310 0.017453 0.000000 0.000000 0.662672 0.535310 0.017453 0.000000 0.000000 0.663779 0.534310 0.017453 0.000000 0.000000 0.663779 0.533418 0.012342 0.012342 0.000000 0.665059 0.532588 0.012342 0.012342 0.000000 
0.660753 0.536310 0.017453 0.000000 0.000000 0.662672 0.535310 0.017453 0.000000 0.000000 0.663779 0.534310 0.017453 0.000000 0.000000 0.663779 0.533418 0.012342 0.012342 0.000000 0.665059 0.532588 0.012342 0.012342 0.000000 0.665059 0.531804 0.000000 0.017453 0.000000 
0.662672 0.535310 0.017453 0.000000 0.000000 0.663779 0.534310 0.017453 0.000000 0.000000 0.663779 0.533418 0.012342 0.012342 0.000000 0.665059 0.532588 0.012342 0.012342 0.000000 0.665059 0.531804 0.000000 0.017453 0.000000 0.664862 0.531050 0.000000 0.017453 0.000000 
0.663779 0.534310 0.017453 0.000000 0.000000 0.663779 0.533418 0.012342 0.012342 0.000000 0.665059 0.532588 0.012342 0.012342 0.000000 0.665059 0.531804 0.000000 0.017453 0.000000 0.664862 0.531050 0.000000 0.017453 0.000000 0.664542 0.530373 0.000000 0.017453 0.000000 
0.663779 0.533418 0.012342 0.012342 0.000000 0.665059 0.532588 0.012342 0.012342 0.000000 0.665059 0.531804 0.000000 0.017453 0.000000 0.664862 0.531050 0.000000 0.017453 0.000000 0.664542 0.530373 0.000000 0.017453 0.000000 0.665157 0.529774 0.000000 0.034907 0.000000 
0.665059 0.532588 0.012342 0.012342 0.000000 0.665059 0.531804 0.000000 0.017453 0.000000 0.664862 0.531050 0.000000 0.017453 0.000000 0.664542 0.530373 0.000000 0.017453 0.000000 0.665157 0.529774 0.000000 0.034907 0.000000 0.664838 0.529066 -0.012342 0.012342 0.000000 
0.665059 0.531804 0.000000 0.017453 0.000000 0.664862 0.531050 0.000000 0.017453 0.000000 0.664542 0.530373 0.000000 0.017453 0.000000 0.665157 0.529774 0.000000 0.034907 0.000000 0.664838 0.529066 -0.012342 0.012342 0.000000 0.664370 0.529066 -0.012342 0.012342 0.000000 
0.664862 0.531050 0.000000 0.017453 0.000000 0.664542 0.530373 0.000000 0.017453 0.000000 0.665157 0.529774 0.000000 0.034907 0.000000 0.664838 0.529066 -0.012342 0.012342 0.000000 0.664370 0.529066 -0.012342 0.012342 0.000000 0.664665 0.529066 -0.012342 0.012342 0.000000 
0.664542 0.530373 0.000000 0.017453 0.000000 0.665157 0.529774 0.000000 0.034907 0.000000 0.664838 0.529066 -0.012342 0.012342 0.000000 0.664370 0.529066 -0.012342 0.012342 0.000000 0.664665 0.529066 -0.012342 0.012342 0.000000 0.665305 0.529189 -0.017453 0.000000 0.000000 
0.665157 0.529774 0.000000 0.034907 0.000000 0.664838 0.529066 -0.012342 0.012342 0.000000 0.664370 0.529066 -0.012342 0.012342 0.000000 0.664665 0.529066 -0.012342 0.012342 0.000000 0.665305 0.529189 -0.017453 0.000000 0.000000 0.665305 0.529374 -0.017453 0.000000 0.000000 
0.664838 0.529066 -0.012342 0.012342 0.000000 0.664370 0.529066 -0.012342 0.012342 0.000000 0.664665 0.529066 -0.012342 0.012342 0.000000 0.665305 0.529189 -0.017453 0.000000 0.000000 0.665305 0.529374 -0.017453 0.000000 0.000000 0.665281 0.529574 0.000000 -0.017453 0.000000 
0.664370 0.529066 -0.012342 0.012342 0.000000 0.664665 0.529066 -0.012342 0.012342 0.000000 0.665305 0.529189 -0.017453 0.000000 0.000000 0.665305 0.529374 -0.017453 0.000000 0.000000 0.665281 0.529574 0.000000 -0.017453 0.000000 0.665281 0.529789 0.000000 -0.034907 0.000000 
0.664665 0.529066 -0.012342 0.012342 0.000000 0.665305 0.529189 -0.017453 0.000000 0.000000 0.665305 0.529374 -0.017453 0.000000 0.000000 0.665281 0.529574 0.000000 -0.017453 0.000000 0.665281 0.529789 0.000000 -0.034907 0.000000 0.665231 0.529235 0.054859 -0.128654 0.000000 
0.665305 0.529189 -0.017453 0.000000 0.000000 0.665305 0.529374 -0.017453 0.000000 0.000000 0.665281 0.529574 0.000000 -0.017453 0.000000 0.665281 0.529789 0.000000 -0.034907 0.000000 0.665231 0.529235 0.054859 -0.128654 0.000000 0.664961 0.528728 0.085278 -0.153014 0.000000 
0.665305 0.529374 -0.017453 0.000000 0.000000 0.665281 0.529574 0.000000 -0.017453 0.000000 0.665281 0.529789 0.000000 -0.034907 0.000000 0.665231 0.529235 0.054859 -0.128654 0.000000 0.664961 0.528728 0.085278 -0.153014 0.000000 0.664493 0.528359 0.099460 -0.185518 0.000000 
0.665281 0.529574 0.000000 -0.017453 0.000000 0.665281 0.529789 0.000000 -0.034907 0.000000 0.665231 0.529235 0.054859 -0.128654 0.000000 0.664961 0.528728 0.085278 -0.153014 0.000000 0.664493 0.528359 0.099460 -0.185518 0.000000 0.663853 0.528143 0.124024 -0.212660 0.000000 
0.665281 0.529789 0.000000 -0.034907 0.000000 0.665231 0.529235 0.054859 -0.128654 0.000000 0.664961 0.528728 0.085278 -0.153014 0.000000 0.664493 0.528359 0.099460 -0.185518 0.000000 0.663853 0.528143 0.124024 -0.212660 0.000000 0.663066 0.528051 0.138132 -0.245725 0.000000 
0.665231 0.529235 0.054859 -0.128654 0.000000 0.664961 0.528728 0.085278 -0.153014 0.000000 0.664493 0.528359 0.099460 -0.185518 0.000000 0.663853 0.528143 0.124024 -0.212660 0.000000 0.663066 0.528051 0.138132 -0.245725 0.000000 0.662254 0.528051 0.156240 -0.276882 0.000000 
0.664961 0.528728 0.085278 -0.153014 0.000000 0.664493 0.528359 0.099460 -0.185518 0.000000 0.663853 0.528143 0.124024 -0.212660 0.000000 0.663066 0.528051 0.138132 -0.245725 0.000000 0.662254 0.528051 0.156240 -0.276882 0.000000 0.661393 0.528051 0.170492 -0.289801 0.000000 
0.664493 0.528359 0.099460 -0.185518 0.000000 0.663853 0.528143 0.124024 -0.212660 0.000000 0.663066 0.528051 0.138132 -0.245725 0.000000 0.662254 0.528051 0.156240 -0.276882 0.000000 0.661393 0.528051 0.170492 -0.289801 0.000000 0.660556 0.528266 0.195187 -0.317878 0.000000 
0.663853 0.528143 0.124024 -0.212660 0.000000 0.663066 0.528051 0.138132 -0.245725 0.000000 0.662254 0.528051 0.156240 -0.276882 0.000000 0.661393 0.528051 0.170492 -0.289801 0.000000 0.660556 0.528266 0.195187 -0.317878 0.000000 0.659621 0.528682 0.193427 -0.339673 0.000000 
0.663066 0.528051 0.138132 -0.245725 0.000000 0.662254 0.528051 0.156240 -0.276882 0.000000 0.661393 0.528051 0.170492 -0.289801 0.000000 0.660556 0.528266 0.195187 -0.317878 0.000000 0.659621 0.528682 0.193427 -0.339673 0.000000 0.658612 0.529205 0.209134 -0.352273 0.000000 
0.662254 0.528051 0.156240 -0.276882 0.000000 0.661393 0.528051 0.170492 -0.289801 0.000000 0.660556 0.528266 0.195187 -0.317878 0.000000 0.659621 0.528682 0.193427 -0.339673 0.000000 0.658612 0.529205 0.209134 -0.352273 0.000000 0.657480 0.529851 0.209134 -0.352273 0.000000 
0.661393 0.528051 0.170492 -0.289801 0.000000 0.660556 0.528266 0.195187 -0.317878 0.000000 0.659621 0.528682 0.193427 -0.339673 0.000000 0.658612 0.529205 0.209134 -0.352273 0.000000 0.657480 0.529851 0.209134 -0.352273 0.000000 0.656275 0.530650 0.212590 -0.371340 0.000000 
0.660556 0.528266 0.195187 -0.317878 0.000000 0.659621 0.528682 0.193427 -0.339673 0.000000 0.658612 0.529205 0.209134 -0.352273 0.000000 0.657480 0.529851 0.209134 -0.352273 0.000000 0.656275 0.530650 0.212590 -0.371340 0.000000 0.654921 0.531558 0.212590 -0.371340 0.000000 
0.659621 0.528682 0.193427 -0.339673 0.000000 0.658612 0.529205 0.209134 -0.352273 0.000000 0.657480 0.529851 0.209134 -0.352273 0.000000 0.656275 0.530650 0.212590 -0.371340 0.000000 0.654921 0.531558 0.212590 -0.371340 0.000000 0.653519 0.532634 0.212590 -0.371340 0.000000 
0.658612 0.529205 0.209134 -0.352273 0.000000 0.657480 0.529851 0.209134 -0.352273 0.000000 0.656275 0.530650 0.212590 -0.371340 0.000000 0.654921 0.531558 0.212590 -0.371340 0.000000 0.653519 0.532634 0.212590 -0.371340 0.000000 0.652584 0.533849 0.212590 -0.371340 0.000000 
0.657480 0.529851 0.209134 -0.352273 0.000000 0.656275 0.530650 0.212590 -0.371340 0.000000 0.654921 0.531558 0.212590 -0.371340 0.000000 0.653519 0.532634 0.212590 -0.371340 0.000000 0.652584 0.533849 0.212590 -0.371340 0.000000 0.651649 0.534772 0.212590 -0.371340 0.000000 
0.656275 0.530650 0.212590 -0.371340 0.000000 0.654921 0.531558 0.212590 -0.371340 0.000000 0.653519 0.532634 0.212590 -0.371340 0.000000 0.652584 0.533849 0.212590 -0.371340 0.000000 0.651649 0.534772 0.212590 -0.371340 0.000000 0.650640 0.535741 0.209134 -0.352273 0.000000 
0.654921 0.531558 0.212590 -0.371340 0.000000 0.653519 0.532634 0.212590 -0.371340 0.000000 0.652584 0.533849 0.212590 -0.371340 0.000000 0.651649 0.534772 0.212590 -0.371340 0.000000 0.650640 0.535741 0.209134 -0.352273 0.000000 0.649606 0.536771 0.209134 -0.352273 0.000000 
0.653519 0.532634 0.212590 -0.371340 0.000000 0.652584 0.533849 0.212590 -0.371340 0.000000 0.651649 0.534772 0.212590 -0.371340 0.000000 0.650640 0.535741 0.209134 -0.352273 0.000000 0.649606 0.536771 0.209134 -0.352273 0.000000 0.648524 0.537863 0.210917 -0.330097 0.000000 
0.652584 0.533849 0.212590 -0.371340 0.000000 0.651649 0.534772 0.212590 -0.371340 0.000000 0.650640 0.535741 0.209134 -0.352273 0.000000 0.649606 0.536771 0.209134 -0.352273 0.000000 0.648524 0.537863 0.210917 -0.330097 0.000000 0.647367 0.538986 0.195187 -0.317878 0.000000 
0.651649 0.534772 0.212590 -0.371340 0.000000 0.650640 0.535741 0.209134 -0.352273 0.000000 0.649606 0.536771 0.209134 -0.352273 0.000000 0.648524 0.537863 0.210917 -0.330097 0.000000 0.647367 0.538986 0.195187 -0.317878 0.000000 0.646186 0.540154 0.195187 -0.317878 0.000000 
0.650640 0.535741 0.209134 -0.352273 0.000000 0.649606 0.536771 0.209134 -0.352273 0.000000 0.648524 0.537863 0.210917 -0.330097 0.000000 0.647367 0.538986 0.195187 -0.317878 0.000000 0.646186 0.540154 0.195187 -0.317878 0.000000 0.644956 0.541385 0.190535 -0.299387 0.000000 
0.649606 0.536771 0.209134 -0.352273 0.000000 0.648524 0.537863 0.210917 -0.330097 0.000000 0.647367 0.538986 0.195187 -0.317878 0.000000 0.646186 0.540154 0.195187 -0.317878 0.000000 0.644956 0.541385 0.190535 -0.299387 0.000000 0.643676 0.542661 0.190218 -0.278065 0.000000 
0.648524 0.537863 0.210917 -0.330097 0.000000 0.647367 0.538986 0.195187 -0.317878 0.000000 0.646186 0.540154 0.195187 -0.317878 0.000000 0.644956 0.541385 0.190535 -0.299387 0.000000 0.643676 0.542661 0.190218 -0.278065 0.000000 0.642298 0.544015 0.175151 -0.266041 0.000000 
0.647367 0.538986 0.195187 -0.317878 0.000000 0.646186 0.540154 0.195187 -0.317878 0.000000 0.644956 0.541385 0.190535 -0.299387 0.000000 0.643676 0.542661 0.190218 -0.278065 0.000000 0.642298 0.544015 0.175151 -0.266041 0.000000 0.640945 0.545476 0.173595 -0.245393 0.000000 
0.646186 0.540154 0.195187 -0.317878 0.000000 0.644956 0.541385 0.190535 -0.299387 0.000000 0.643676 0.542661 0.190218 -0.278065 0.000000 0.642298 0.544015 0.175151 -0.266041 0.000000 0.640945 0.545476 0.173595 -0.245393 0.000000 0.639468 0.547029 0.158993 -0.233391 0.000000 
0.644956 0.541385 0.190535 -0.299387 0.000000 0.643676 0.542661 0.190218 -0.278065 0.000000 0.642298 0.544015 0.175151 -0.266041 0.000000 0.640945 0.545476 0.173595 -0.245393 0.000000 0.639468 0.547029 0.158993 -0.233391 0.000000 0.637918 0.548674 0.134968 -0.206134 0.000000 
0.643676 0.542661 0.190218 -0.278065 0.000000 0.642298 0.544015 0.175151 -0.266041 0.000000 0.640945 0.545476 0.173595 -0.245393 0.000000 0.639468 0.547029 0.158993 -0.233391 0.000000 0.637918 0.548674 0.134968 -0.206134 0.000000 0.636393 0.550428 0.099460 -0.185518 0.000000 
0.642298 0.544015 0.175151 -0.266041 0.000000 0.640945 0.545476 0.173595 -0.245393 0.000000 0.639468 0.547029 0.158993 -0.233391 0.000000 0.637918 0.548674 0.134968 -0.206134 0.000000 0.636393 0.550428 0.099460 -0.185518 0.000000 0.634818 0.552335 0.085278 -0.153014 0.000000 
0.640945 0.545476 0.173595 -0.245393 0.000000 0.639468 0.547029 0.158993 -0.233391 0.000000 0.637918 0.548674 0.134968 -0.206134 0.000000 0.636393 0.550428 0.099460 -0.185518 0.000000 0.634818 0.552335 0.085278 -0.153014 0.000000 0.633194 0.554334 0.069320 -0.141405 0.000000 
0.639468 0.547029 0.158993 -0.233391 0.000000 0.637918 0.548674 0.134968 -0.206134 0.000000 0.636393 0.550428 0.099460 -0.185518 0.000000 0.634818 0.552335 0.085278 -0.153014 0.000000 0.633194 0.554334 0.069320 -0.141405 0.000000 0.631594 0.556502 0.054859 -0.128654 0.000000 
0.637918 0.548674 0.134968 -0.206134 0.000000 0.636393 0.550428 0.099460 -0.185518 0.000000 0.634818 0.552335 0.085278 -0.153014 0.000000 0.633194 0.554334 0.069320 -0.141405 0.000000 0.631594 0.556502 0.054859 -0.128654 0.000000 0.629946 0.558778 0.032762 -0.080941 0.000000 
0.636393 0.550428 0.099460 -0.185518 0.000000 0.634818 0.552335 0.085278 -0.153014 0.000000 0.633194 0.554334 0.069320 -0.141405 0.000000 0.631594 0.556502 0.054859 -0.128654 0.000000 0.629946 0.558778 0.032762 -0.080941 0.000000 0.628248 0.561101 0.016915 -0.067746 0.000000 
0.634818 0.552335 0.085278 -0.153014 0.000000 0.633194 0.554334 0.069320 -0.141405 0.000000 0.631594 0.556502 0.054859 -0.128654 0.000000 0.629946 0.558778 0.032762 -0.080941 0.000000 0.628248 0.561101 0.016915 -0.067746 0.000000 0.626550 0.563530 0.000000 -0.052360 0.000000 
0.645620 0.606115 0.000000 -0.052360 0.000000 0.645423 0.605223 0.000000 -0.052360 0.000000 0.645128 0.603208 0.000000 -0.052360 0.000000 0.644414 0.601486 0.000000 -0.052360 0.000000 0.644217 0.599702 0.016193 -0.049802 0.000000 0.643307 0.598010 0.000000 -0.052360 0.000000 
0.645423 0.605223 0.000000 -0.052360 0.000000 0.645128 0.603208 0.000000 -0.052360 0.000000 0.644414 0.601486 0.000000 -0.052360 0.000000 0.644217 0.599702 0.016193 -0.049802 0.000000 0.643307 0.598010 0.000000 -0.052360 0.000000 0.642249 0.596426 0.000000 -0.052360 0.000000 
0.645128 0.603208 0.000000 -0.052360 0.000000 0.644414 0.601486 0.000000 -0.052360 0.000000 0.644217 0.599702 0.016193 -0.049802 0.000000 0.643307 0.598010 0.000000 -0.052360 0.000000 0.642249 0.596426 0.000000 -0.052360 0.000000 0.641954 0.594796 0.000000 -0.052360 0.000000 
0.644414 0.601486 0.000000 -0.052360 0.000000 0.644217 0.599702 0.016193 -0.049802 0.000000 0.643307 0.598010 0.000000 -0.052360 0.000000 0.642249 0.596426 0.000000 -0.052360 0.000000 0.641954 0.594796 0.000000 -0.052360 0.000000 0.640453 0.593289 0.000000 -0.052360 0.000000 
0.644217 0.599702 0.016193 -0.049802 0.000000 0.643307 0.598010 0.000000 -0.052360 0.000000 0.642249 0.596426 0.000000 -0.052360 0.000000 0.641954 0.594796 0.000000 -0.052360 0.000000 0.640453 0.593289 0.000000 -0.052360 0.000000 0.638976 0.591751 0.000000 -0.052360 0.000000 
0.643307 0.598010 0.000000 -0.052360 0.000000 0.642249 0.596426 0.000000 -0.052360 0.000000 0.641954 0.594796 0.000000 -0.052360 0.000000 0.640453 0.593289 0.000000 -0.052360 0.000000 0.638976 0.591751 0.000000 -0.052360 0.000000 0.638976 0.590290 0.000000 -0.052360 0.000000 
0.642249 0.596426 0.000000 -0.052360 0.000000 0.641954 0.594796 0.000000 -0.052360 0.000000 0.640453 0.593289 0.000000 -0.052360 0.000000 0.638976 0.591751 0.000000 -0.052360 0.000000 0.638976 0.590290 0.000000 -0.052360 0.000000 0.637279 0.588936 -0.016193 -0.049802 0.000000 
0.641954 0.594796 0.000000 -0.052360 0.000000 0.640453 0.593289 0.000000 -0.052360 0.000000 0.638976 0.591751 0.000000 -0.052360 0.000000 0.638976 0.590290 0.000000 -0.052360 0.000000 0.637279 0.588936 -0.016193 -0.049802 0.000000 0.635556 0.587568 -0.015852 -0.031105 0.000000 
0.640453 0.593289 0.000000 -0.052360 0.000000 0.638976 0.591751 0.000000 -0.052360 0.000000 0.638976 0.590290 0.000000 -0.052360 0.000000 0.637279 0.588936 -0.016193 -0.049802 0.000000 0.635556 0.587568 -0.015852 -0.031105 0.000000 0.635532 0.586245 -0.015852 -0.031105 0.000000 
0.638976 0.591751 0.000000 -0.052360 0.000000 0.638976 0.590290 0.000000 -0.052360 0.000000 0.637279 0.588936 -0.016193 -0.049802 0.000000 0.635556 0.587568 -0.015852 -0.031105 0.000000 0.635532 0.586245 -0.015852 -0.031105 0.000000 0.633907 0.584969 -0.037041 -0.037041 0.000000 
0.638976 0.590290 0.000000 -0.052360 0.000000 0.637279 0.588936 -0.016193 -0.049802 0.000000 0.635556 0.587568 -0.015852 -0.031105 0.000000 0.635532 0.586245 -0.015852 -0.031105 0.000000 0.633907 0.584969 -0.037041 -0.037041 0.000000 0.633907 0.583769 -0.037041 -0.037041 0.000000 
0.637279 0.588936 -0.016193 -0.049802 0.000000 0.635556 0.587568 -0.015852 -0.031105 0.000000 0.635532 0.586245 -0.015852 -0.031105 0.000000 0.633907 0.584969 -0.037041 -0.037041 0.000000 0.633907 0.583769 -0.037041 -0.037041 0.000000 0.632259 0.582570 -0.037041 -0.037041 0.000000 
0.635556 0.587568 -0.015852 -0.031105 0.000000 0.635532 0.586245 -0.015852 -0.031105 0.000000 0.633907 0.584969 -0.037041 -0.037041 0.000000 0.633907 0.583769 -0.037041 -0.037041 0.000000 0.632259 0.582570 -0.037041 -0.037041 0.000000 0.632259 0.581462 -0.031105 -0.015852 0.000000 
0.635532 0.586245 -0.015852 -0.031105 0.000000 0.633907 0.584969 -0.037041 -0.037041 0.000000 0.633907 0.583769 -0.037041 -0.037041 0.000000 0.632259 0.582570 -0.037041 -0.037041 0.000000 0.632259 0.581462 -0.031105 -0.015852 0.000000 0.630979 0.580401 -0.031105 -0.015852 0.000000 
0.633907 0.584969 -0.037041 -0.037041 0.000000 0.633907 0.583769 -0.037041 -0.037041 0.000000 0.632259 0.582570 -0.037041 -0.037041 0.000000 0.632259 0.581462 -0.031105 -0.015852 0.000000 0.630979 0.580401 -0.031105 -0.015852 0.000000 0.630979 0.579294 -0.012342 -0.012342 0.000000 
0.633907 0.583769 -0.037041 -0.037041 0.000000 0.632259 0.582570 -0.037041 -0.037041 0.000000 0.632259 0.581462 -0.031105 -0.015852 0.000000 0.630979 0.580401 -0.031105 -0.015852 0.000000 0.630979 0.579294 -0.012342 -0.012342 0.000000 0.630979 0.578356 -0.017453 0.000000 0.000000 
0.632259 0.582570 -0.037041 -0.037041 0.000000 0.632259 0.581462 -0.031105 -0.015852 0.000000 0.630979 0.580401 -0.031105 -0.015852 0.000000 0.630979 0.579294 -0.012342 -0.012342 0.000000 0.630979 0.578356 -0.017453 0.000000 0.000000 0.630044 0.577402 -0.017453 0.000000 0.000000 
0.632259 0.581462 -0.031105 -0.015852 0.000000 0.630979 0.580401 -0.031105 -0.015852 0.000000 0.630979 0.579294 -0.012342 -0.012342 0.000000 0.630979 0.578356 -0.017453 0.000000 0.000000 0.630044 0.577402 -0.017453 0.000000 0.000000 0.630044 0.576510 0.000000 0.000000 0.000000 
0.630979 0.580401 -0.031105 -0.015852 0.000000 0.630979 0.579294 -0.012342 -0.012342 0.000000 0.630979 0.578356 -0.017453 0.000000 0.000000 0.630044 0.577402 -0.017453 0.000000 0.000000 0.630044 0.576510 0.000000 0.000000 0.000000 0.629109 0.575649 0.000000 0.000000 0.000000 
0.630979 0.579294 -0.012342 -0.012342 0.000000 0.630979 0.578356 -0.017453 0.000000 0.000000 0.630044 0.577402 -0.017453 0.000000 0.000000 0.630044 0.576510 0.000000 0.000000 0.000000 0.629109 0.575649 0.000000 0.000000 0.000000 0.629109 0.574788 0.000000 0.000000 0.000000 
0.630979 0.578356 -0.017453 0.000000 0.000000 0.630044 0.577402 -0.017453 0.000000 0.000000 0.630044 0.576510 0.000000 0.000000 0.000000 0.629109 0.575649 0.000000 0.000000 0.000000 0.629109 0.574788 0.000000 0.000000 0.000000 0.629109 0.573988 0.000000 0.000000 0.000000 
0.630044 0.577402 -0.017453 0.000000 0.000000 0.630044 0.576510 0.000000 0.000000 0.000000 0.629109 0.575649 0.000000 0.000000 0.000000 0.629109 0.574788 0.000000 0.000000 0.000000 0.629109 0.573988 0.000000 0.000000 0.000000 0.629183 0.573188 0.017453 0.000000 0.000000 
0.630044 0.576510 0.000000 0.000000 0.000000 0.629109 0.575649 0.000000 0.000000 0.000000 0.629109 0.574788 0.000000 0.000000 0.000000 0.629109 0.573988 0.000000 0.000000 0.000000 0.629183 0.573188 0.017453 0.000000 0.000000 0.628592 0.572496 0.012342 0.012342 0.000000 
0.629109 0.575649 0.000000 0.000000 0.000000 0.629109 0.574788 0.000000 0.000000 0.000000 0.629109 0.573988 0.000000 0.000000 0.000000 0.629183 0.573188 0.017453 0.000000 0.000000 0.628592 0.572496 0.012342 0.012342 0.000000 0.628592 0.571789 0.012342 0.012342 0.000000 
0.629109 0.574788 0.000000 0.000000 0.000000 0.629109 0.573988 0.000000 0.000000 0.000000 0.629183 0.573188 0.017453 0.000000 0.000000 0.628592 0.572496 0.012342 0.012342 0.000000 0.628592 0.571789 0.012342 0.012342 0.000000 0.628592 0.571174 0.031105 0.015852 0.000000 
0.629109 0.573988 0.000000 0.000000 0.000000 0.629183 0.573188 0.017453 0.000000 0.000000 0.628592 0.572496 0.012342 0.012342 0.000000 0.628592 0.571789 0.012342 0.012342 0.000000 0.628592 0.571174 0.031105 0.015852 0.000000 0.628592 0.570359 0.031105 0.015852 0.000000 
0.629183 0.573188 0.017453 0.000000 0.000000 0.628592 0.572496 0.012342 0.012342 0.000000 0.628592 0.571789 0.012342 0.012342 0.000000 0.628592 0.571174 0.031105 0.015852 0.000000 0.628592 0.570359 0.031105 0.015852 0.000000 0.628568 0.570359 0.031105 0.015852 0.000000 
0.628592 0.572496 0.012342 0.012342 0.000000 0.628592 0.571789 0.012342 0.012342 0.000000 0.628592 0.571174 0.031105 0.015852 0.000000 0.628592 0.570359 0.031105 0.015852 0.000000 0.628568 0.570359 0.031105 0.015852 0.000000 0.627977 0.569651 0.037041 0.037041 0.000000 
0.628592 0.571789 0.012342 0.012342 0.000000 0.628592 0.571174 0.031105 0.015852 0.000000 0.628592 0.570359 0.031105 0.015852 0.000000 0.628568 0.570359 0.031105 0.015852 0.000000 0.627977 0.569651 0.037041 0.037041 0.000000 0.627510 0.569651 0.037041 0.037041 0.000000 
0.628592 0.571174 0.031105 0.015852 0.000000 0.628592 0.570359 0.031105 0.015852 0.000000 0.628568 0.570359 0.031105 0.015852 0.000000 0.627977 0.569651 0.037041 0.037041 0.000000 0.627510 0.569651 0.037041 0.037041 0.000000 0.627067 0.569651 0.037041 0.037041 0.000000 
0.628592 0.570359 0.031105 0.015852 0.000000 0.628568 0.570359 0.031105 0.015852 0.000000 0.627977 0.569651 0.037041 0.037041 0.000000 0.627510 0.569651 0.037041 0.037041 0.000000 0.627067 0.569651 0.037041 0.037041 0.000000 0.626624 0.569682 0.037041 0.037041 0.000000 
0.628568 0.570359 0.031105 0.015852 0.000000 0.627977 0.569651 0.037041 0.037041 0.000000 0.627510 0.569651 0.037041 0.037041 0.000000 0.627067 0.569651 0.037041 0.037041 0.000000 0.626624 0.569682 0.037041 0.037041 0.000000 0.625960 0.569836 0.037041 0.037041 0.000000 
0.627977 0.569651 0.037041 0.037041 0.000000 0.627510 0.569651 0.037041 0.037041 0.000000 0.627067 0.569651 0.037041 0.037041 0.000000 0.626624 0.569682 0.037041 0.037041 0.000000 0.625960 0.569836 0.037041 0.037041 0.000000 0.625591 0.569974 0.031105 0.015852 0.000000 
0.627510 0.569651 0.037041 0.037041 0.000000 0.627067 0.569651 0.037041 0.037041 0.000000 0.626624 0.569682 0.037041 0.037041 0.000000 0.625960 0.569836 0.037041 0.037041 0.000000 0.625591 0.569974 0.031105 0.015852 0.000000 0.625098 0.570159 0.031105 0.015852 0.000000 
0.620522 0.568713 0.394843 -0.536845 0.226784 0.620694 0.568406 0.394843 -0.536845 0.130987 0.622096 0.567683 0.394843 -0.536845 0.000000 0.623228 0.567267 0.385906 -0.542132 0.000000 0.624606 0.566821 0.385906 -0.542132 0.000000 0.626206 0.566391 0.373202 -0.525957 0.000000 
0.620694 0.568406 0.394843 -0.536845 0.130987 0.622096 0.567683 0.394843 -0.536845 0.000000 0.623228 0.567267 0.385906 -0.542132 0.000000 0.624606 0.566821 0.385906 -0.542132 0.000000 0.626206 0.566391 0.373202 -0.525957 0.000000 0.628100 0.566068 0.369147 -0.504780 0.000000 
0.622096 0.567683 0.394843 -0.536845 0.000000 0.623228 0.567267 0.385906 -0.542132 0.000000 0.624606 0.566821 0.385906 -0.542132 0.000000 0.626206 0.566391 0.373202 -0.525957 0.000000 0.628100 0.566068 0.369147 -0.504780 0.000000 0.630069 0.565776 0.328033 -0.482709 0.000000 
0.623228 0.567267 0.385906 -0.542132 0.000000 0.624606 0.566821 0.385906 -0.542132 0.000000 0.626206 0.566391 0.373202 -0.525957 0.000000 0.628100 0.566068 0.369147 -0.504780 0.000000 0.630069 0.565776 0.328033 -0.482709 0.000000 0.631890 0.565776 0.312286 -0.446418 0.000000 
0.624606 0.566821 0.385906 -0.542132 0.000000 0.626206 0.566391 0.373202 -0.525957 0.000000 0.628100 0.566068 0.369147 -0.504780 0.000000 0.630069 0.565776 0.328033 -0.482709 0.000000 0.631890 0.565776 0.312286 -0.446418 0.000000 0.633612 0.565422 0.281879 -0.419463 0.000000 
0.626206 0.566391 0.373202 -0.525957 0.000000 0.628100 0.566068 0.369147 -0.504780 0.000000 0.630069 0.565776 0.328033 -0.482709 0.000000 0.631890 0.565776 0.312286 -0.446418 0.000000 0.633612 0.565422 0.281879 -0.419463 0.000000 0.635113 0.565422 0.242252 -0.376579 0.000000 
0.628100 0.566068 0.369147 -0.504780 0.000000 0.630069 0.565776 0.328033 -0.482709 0.000000 0.631890 0.565776 0.312286 -0.446418 0.000000 0.633612 0.565422 0.281879 -0.419463 0.000000 0.635113 0.565422 0.242252 -0.376579 0.000000 0.636417 0.565084 0.193427 -0.339673 0.000000 
0.617175 0.516148 0.640373 -0.420953 0.000000 0.619144 0.516148 0.640373 -0.420953 0.000000 0.620940 0.516148 0.662285 -0.423022 0.000000 0.622539 0.516148 0.662285 -0.423022 0.000000 0.623942 0.516148 0.662285 -0.423022 0.000000 0.625197 0.516148 0.671691 -0.399933 0.000000 
0.619144 0.516148 0.640373 -0.420953 0.000000 0.620940 0.516148 0.662285 -0.423022 0.000000 0.622539 0.516148 0.662285 -0.423022 0.000000 0.623942 0.516148 0.662285 -0.423022 0.000000 0.625197 0.516148 0.671691 -0.399933 0.000000 0.626230 0.516148 0.671691 -0.399933 0.000000 
0.620940 0.516148 0.662285 -0.423022 0.000000 0.622539 0.516148 0.662285 -0.423022 0.000000 0.623942 0.516148 0.662285 -0.423022 0.000000 0.625197 0.516148 0.671691 -0.399933 0.000000 0.626230 0.516148 0.671691 -0.399933 0.000000 0.627141 0.516148 0.671691 -0.399933 0.000000 
0.622539 0.516148 0.662285 -0.423022 0.000000 0.623942 0.516148 0.662285 -0.423022 0.000000 0.625197 0.516148 0.671691 -0.399933 0.000000 0.626230 0.516148 0.671691 -0.399933 0.000000 0.627141 0.516148 0.671691 -0.399933 0.000000 0.627854 0.516117 0.671691 -0.399933 0.000000 
0.623942 0.516148 0.662285 -0.423022 0.000000 0.625197 0.516148 0.671691 -0.399933 0.000000 0.626230 0.516148 0.671691 -0.399933 0.000000 0.627141 0.516148 0.671691 -0.399933 0.000000 0.627854 0.516117 0.671691 -0.399933 0.000000 0.627854 0.516071 0.671691 -0.399933 0.000000 
0.625197 0.516148 0.671691 -0.399933 0.000000 0.626230 0.516148 0.671691 -0.399933 0.000000 0.627141 0.516148 0.671691 -0.399933 0.000000 0.627854 0.516117 0.671691 -0.399933 0.000000 0.627854 0.516071 0.671691 -0.399933 0.000000 0.627854 0.516009 0.693287 -0.400475 0.000000 
0.626230 0.516148 0.671691 -0.399933 0.000000 0.627141 0.516148 0.671691 -0.399933 0.000000 0.627854 0.516117 0.671691 -0.399933 0.000000 0.627854 0.516071 0.671691 -0.399933 0.000000 0.627854 0.516009 0.693287 -0.400475 0.000000 0.628469 0.515963 0.693287 -0.400475 0.000000 
0.627141 0.516148 0.671691 -0.399933 0.000000 0.627854 0.516117 0.671691 -0.399933 0.000000 0.627854 0.516071 0.671691 -0.399933 0.000000 0.627854 0.516009 0.693287 -0.400475 0.000000 0.628469 0.515963 0.693287 -0.400475 0.000000 0.628814 0.515933 0.693287 -0.400475 0.000000 
0.627854 0.516117 0.671691 -0.399933 0.000000 0.627854 0.516071 0.671691 -0.399933 0.000000 0.627854 0.516009 0.693287 -0.400475 0.000000 0.628469 0.515963 0.693287 -0.400475 0.000000 0.628814 0.515933 0.693287 -0.400475 0.000000 0.628814 0.515886 0.693287 -0.400475 0.000000 
0.627854 0.516071 0.671691 -0.399933 0.000000 0.627854 0.516009 0.693287 -0.400475 0.000000 0.628469 0.515963 0.693287 -0.400475 0.000000 0.628814 0.515933 0.693287 -0.400475 0.000000 0.628814 0.515886 0.693287 -0.400475 0.000000 0.628814 0.515856 0.693287 -0.400475 0.000000 
0.627854 0.516009 0.693287 -0.400475 0.000000 0.628469 0.515963 0.693287 -0.400475 0.000000 0.628814 0.515933 0.693287 -0.400475 0.000000 0.628814 0.515886 0.693287 -0.400475 0.000000 0.628814 0.515856 0.693287 -0.400475 0.000000 0.628494 0.515825 0.693287 -0.400475 0.000000 
0.628469 0.515963 0.693287 -0.400475 0.000000 0.628814 0.515933 0.693287 -0.400475 0.000000 0.628814 0.515886 0.693287 -0.400475 0.000000 0.628814 0.515856 0.693287 -0.400475 0.000000 0.628494 0.515825 0.693287 -0.400475 0.000000 0.627953 0.515825 0.693287 -0.400475 0.000000 
0.628814 0.515933 0.693287 -0.400475 0.000000 0.628814 0.515886 0.693287 -0.400475 0.000000 0.628814 0.515856 0.693287 -0.400475 0.000000 0.628494 0.515825 0.693287 -0.400475 0.000000 0.627953 0.515825 0.693287 -0.400475 0.000000 0.627288 0.515825 0.693287 -0.400475 0.000000 
0.628814 0.515886 0.693287 -0.400475 0.000000 0.628814 0.515856 0.693287 -0.400475 0.000000 0.628494 0.515825 0.693287 -0.400475 0.000000 0.627953 0.515825 0.693287 -0.400475 0.000000 0.627288 0.515825 0.693287 -0.400475 0.000000 0.626575 0.515825 0.693287 -0.400475 0.000000 
0.628814 0.515856 0.693287 -0.400475 0.000000 0.628494 0.515825 0.693287 -0.400475 0.000000 0.627953 0.515825 0.693287 -0.400475 0.000000 0.627288 0.515825 0.693287 -0.400475 0.000000 0.626575 0.515825 0.693287 -0.400475 0.000000 0.625787 0.515825 0.693287 -0.400475 0.000000 
0.622170 0.505121 0.531390 -0.403607 0.370479 0.622761 0.504414 0.531390 -0.403607 0.377322 0.623327 0.503676 0.531390 -0.403607 0.384164 0.623942 0.502922 0.531390 -0.403607 0.388074 0.624557 0.502168 0.531390 -0.403607 0.390029 0.625221 0.501384 0.531390 -0.403607 0.391984 
0.622761 0.504414 0.531390 -0.403607 0.377322 0.623327 0.503676 0.531390 -0.403607 0.384164 0.623942 0.502922 0.531390 -0.403607 0.388074 0.624557 0.502168 0.531390 -0.403607 0.390029 0.625221 0.501384 0.531390 -0.403607 0.391984 0.625935 0.500600 0.509887 -0.398814 0.402737 
0.623327 0.503676 0.531390 -0.403607 0.384164 0.623942 0.502922 0.531390 -0.403607 0.388074 0.624557 0.502168 0.531390 -0.403607 0.390029 0.625221 0.501384 0.531390 -0.403607 0.391984 0.625935 0.500600 0.509887 -0.398814 0.402737 0.626673 0.499831 0.509887 -0.398814 0.406647 
0.623942 0.502922 0.531390 -0.403607 0.388074 0.624557 0.502168 0.531390 -0.403607 0.390029 0.625221 0.501384 0.531390 -0.403607 0.391984 0.625935 0.500600 0.509887 -0.398814 0.402737 0.626673 0.499831 0.509887 -0.398814 0.406647 0.627461 0.499016 0.509887 -0.398814 0.409580 
