0.609892 0.564222 0.550417 -0.519776 0.919844 0.612549 0.562961 0.558824 -0.543251 0.905181 0.615527 0.561500 0.550417 -0.519776 0.919844 0.618922 0.559839 0.550417 -0.519776 0.925709 0.622638 0.558009 0.550417 -0.519776 0.928641 0.626673 0.555979 0.550417 -0.519776 0.964809 
0.612549 0.562961 0.558824 -0.543251 0.905181 0.615527 0.561500 0.550417 -0.519776 0.919844 0.618922 0.559839 0.550417 -0.519776 0.925709 0.622638 0.558009 0.550417 -0.519776 0.928641 0.626673 0.555979 0.550417 -0.519776 0.964809 0.630905 0.553826 0.550417 -0.519776 0.941349 
0.615527 0.561500 0.550417 -0.519776 0.919844 0.618922 0.559839 0.550417 -0.519776 0.925709 0.622638 0.558009 0.550417 -0.519776 0.928641 0.626673 0.555979 0.550417 -0.519776 0.964809 0.630905 0.553826 0.550417 -0.519776 0.941349 0.635261 0.551596 0.550417 -0.519776 0.977517 
0.618922 0.559839 0.550417 -0.519776 0.925709 0.622638 0.558009 0.550417 -0.519776 0.928641 0.626673 0.555979 0.550417 -0.519776 0.964809 0.630905 0.553826 0.550417 -0.519776 0.941349 0.635261 0.551596 0.550417 -0.519776 0.977517 0.639862 0.549305 0.550417 -0.519776 0.963832 
0.622638 0.558009 0.550417 -0.519776 0.928641 0.626673 0.555979 0.550417 -0.519776 0.964809 0.630905 0.553826 0.550417 -0.519776 0.941349 0.635261 0.551596 0.550417 -0.519776 0.977517 0.639862 0.549305 0.550417 -0.519776 0.963832 0.644439 0.547075 0.550417 -0.519776 0.968719 
0.626673 0.555979 0.550417 -0.519776 0.964809 0.630905 0.553826 0.550417 -0.519776 0.941349 0.635261 0.551596 0.550417 -0.519776 0.977517 0.639862 0.549305 0.550417 -0.519776 0.963832 0.644439 0.547075 0.550417 -0.519776 0.968719 0.649065 0.544845 0.550417 -0.519776 0.973607 
0.630905 0.553826 0.550417 -0.519776 0.941349 0.635261 0.551596 0.550417 -0.519776 0.977517 0.639862 0.549305 0.550417 -0.519776 0.963832 0.644439 0.547075 0.550417 -0.519776 0.968719 0.649065 0.544845 0.550417 -0.519776 0.973607 0.653568 0.542661 0.550417 -0.519776 0.967742 
0.635261 0.551596 0.550417 -0.519776 0.977517 0.639862 0.549305 0.550417 -0.519776 0.963832 0.644439 0.547075 0.550417 -0.519776 0.968719 0.649065 0.544845 0.550417 -0.519776 0.973607 0.653568 0.542661 0.550417 -0.519776 0.967742 0.657825 0.540539 0.535503 -0.535503 0.987292 
0.639862 0.549305 0.550417 -0.519776 0.963832 0.644439 0.547075 0.550417 -0.519776 0.968719 0.649065 0.544845 0.550417 -0.519776 0.973607 0.653568 0.542661 0.550417 -0.519776 0.967742 0.657825 0.540539 0.535503 -0.535503 0.987292 0.661590 0.538678 0.535503 -0.535503 0.975562 
0.644439 0.547075 0.550417 -0.519776 0.968719 0.649065 0.544845 0.550417 -0.519776 0.973607 0.653568 0.542661 0.550417 -0.519776 0.967742 0.657825 0.540539 0.535503 -0.535503 0.987292 0.661590 0.538678 0.535503 -0.535503 0.975562 0.664936 0.536986 0.535503 -0.535503 0.978495 
0.649065 0.544845 0.550417 -0.519776 0.973607 0.653568 0.542661 0.550417 -0.519776 0.967742 0.657825 0.540539 0.535503 -0.535503 0.987292 0.661590 0.538678 0.535503 -0.535503 0.975562 0.664936 0.536986 0.535503 -0.535503 0.978495 0.667717 0.535556 0.535503 -0.535503 0.984360 
0.653568 0.542661 0.550417 -0.519776 0.967742 0.657825 0.540539 0.535503 -0.535503 0.987292 0.661590 0.538678 0.535503 -0.535503 0.975562 0.664936 0.536986 0.535503 -0.535503 0.978495 0.667717 0.535556 0.535503 -0.535503 0.984360 0.669808 0.534403 0.535503 -0.535503 0.987292 
0.657825 0.540539 0.535503 -0.535503 0.987292 0.661590 0.538678 0.535503 -0.535503 0.975562 0.664936 0.536986 0.535503 -0.535503 0.978495 0.667717 0.535556 0.535503 -0.535503 0.984360 0.669808 0.534403 0.535503 -0.535503 0.987292 0.671358 0.533511 0.519776 -0.550417 0.998045 
0.661590 0.538678 0.535503 -0.535503 0.975562 0.664936 0.536986 0.535503 -0.535503 0.978495 0.667717 0.535556 0.535503 -0.535503 0.984360 0.669808 0.534403 0.535503 -0.535503 0.987292 0.671358 0.533511 0.519776 -0.550417 0.998045 0.672416 0.532880 0.519776 -0.550417 0.987292 
0.664936 0.536986 0.535503 -0.535503 0.978495 0.667717 0.535556 0.535503 -0.535503 0.984360 0.669808 0.534403 0.535503 -0.535503 0.987292 0.671358 0.533511 0.519776 -0.550417 0.998045 0.672416 0.532880 0.519776 -0.550417 0.987292 0.673032 0.532480 0.511605 -0.557572 0.998045 
0.667717 0.535556 0.535503 -0.535503 0.984360 0.669808 0.534403 0.535503 -0.535503 0.987292 0.671358 0.533511 0.519776 -0.550417 0.998045 0.672416 0.532880 0.519776 -0.550417 0.987292 0.673032 0.532480 0.511605 -0.557572 0.998045 0.673327 0.532296 0.511605 -0.557572 0.993157 
0.669808 0.534403 0.535503 -0.535503 0.987292 0.671358 0.533511 0.519776 -0.550417 0.998045 0.672416 0.532880 0.519776 -0.550417 0.987292 0.673032 0.532480 0.511605 -0.557572 0.998045 0.673327 0.532296 0.511605 -0.557572 0.993157 0.673425 0.532203 0.511605 -0.557572 0.994135 
0.671358 0.533511 0.519776 -0.550417 0.998045 0.672416 0.532880 0.519776 -0.550417 0.987292 0.673032 0.532480 0.511605 -0.557572 0.998045 0.673327 0.532296 0.511605 -0.557572 0.993157 0.673425 0.532203 0.511605 -0.557572 0.994135 0.673351 0.532203 0.479928 -0.555234 0.951124 
0.672416 0.532880 0.519776 -0.550417 0.987292 0.673032 0.532480 0.511605 -0.557572 0.998045 0.673327 0.532296 0.511605 -0.557572 0.993157 0.673425 0.532203 0.511605 -0.557572 0.994135 0.673351 0.532203 0.479928 -0.555234 0.951124 0.673228 0.532203 0.479928 -0.555234 0.947214 
0.673032 0.532480 0.511605 -0.557572 0.998045 0.673327 0.532296 0.511605 -0.557572 0.993157 0.673425 0.532203 0.511605 -0.557572 0.994135 0.673351 0.532203 0.479928 -0.555234 0.951124 0.673228 0.532203 0.479928 -0.555234 0.947214 0.673105 0.532203 0.479928 -0.555234 0.952102 
0.673327 0.532296 0.511605 -0.557572 0.993157 0.673425 0.532203 0.511605 -0.557572 0.994135 0.673351 0.532203 0.479928 -0.555234 0.951124 0.673228 0.532203 0.479928 -0.555234 0.947214 0.673105 0.532203 0.479928 -0.555234 0.952102 0.673032 0.532203 0.479928 -0.555234 0.949169 
0.673425 0.532203 0.511605 -0.557572 0.994135 0.673351 0.532203 0.479928 -0.555234 0.951124 0.673228 0.532203 0.479928 -0.555234 0.947214 0.673105 0.532203 0.479928 -0.555234 0.952102 0.673032 0.532203 0.479928 -0.555234 0.949169 0.672958 0.532203 0.479928 -0.555234 0.955034 
0.673351 0.532203 0.479928 -0.555234 0.951124 0.673228 0.532203 0.479928 -0.555234 0.947214 0.673105 0.532203 0.479928 -0.555234 0.952102 0.673032 0.532203 0.479928 -0.555234 0.949169 0.672958 0.532203 0.479928 -0.555234 0.955034 0.672884 0.532203 0.479928 -0.555234 0.958944 
0.673228 0.532203 0.479928 -0.555234 0.947214 0.673105 0.532203 0.479928 -0.555234 0.952102 0.673032 0.532203 0.479928 -0.555234 0.949169 0.672958 0.532203 0.479928 -0.555234 0.955034 0.672884 0.532203 0.479928 -0.555234 0.958944 0.672859 0.532203 0.479928 -0.555234 0.977517 
0.673105 0.532203 0.479928 -0.555234 0.952102 0.673032 0.532203 0.479928 -0.555234 0.949169 0.672958 0.532203 0.479928 -0.555234 0.955034 0.672884 0.532203 0.479928 -0.555234 0.958944 0.672859 0.532203 0.479928 -0.555234 0.977517 0.672859 0.532142 0.479928 -0.555234 0.894428 
0.673032 0.532203 0.479928 -0.555234 0.949169 0.672958 0.532203 0.479928 -0.555234 0.955034 0.672884 0.532203 0.479928 -0.555234 0.958944 0.672859 0.532203 0.479928 -0.555234 0.977517 0.672859 0.532142 0.479928 -0.555234 0.894428 0.672859 0.532080 0.479928 -0.555234 0.878788 
0.672958 0.532203 0.479928 -0.555234 0.955034 0.672884 0.532203 0.479928 -0.555234 0.958944 0.672859 0.532203 0.479928 -0.555234 0.977517 0.672859 0.532142 0.479928 -0.555234 0.894428 0.672859 0.532080 0.479928 -0.555234 0.878788 0.672859 0.532019 0.479928 -0.555234 0.873900 
0.672884 0.532203 0.479928 -0.555234 0.958944 0.672859 0.532203 0.479928 -0.555234 0.977517 0.672859 0.532142 0.479928 -0.555234 0.894428 0.672859 0.532080 0.479928 -0.555234 0.878788 0.672859 0.532019 0.479928 -0.555234 0.873900 0.672859 0.531942 0.479928 -0.555234 0.870968 
0.672859 0.532203 0.479928 -0.555234 0.977517 0.672859 0.532142 0.479928 -0.555234 0.894428 0.672859 0.532080 0.479928 -0.555234 0.878788 0.672859 0.532019 0.479928 -0.555234 0.873900 0.672859 0.531942 0.479928 -0.555234 0.870968 0.672859 0.531911 0.479928 -0.555234 0.870968 
0.672859 0.532142 0.479928 -0.555234 0.894428 0.672859 0.532080 0.479928 -0.555234 0.878788 0.672859 0.532019 0.479928 -0.555234 0.873900 0.672859 0.531942 0.479928 -0.555234 0.870968 0.672859 0.531911 0.479928 -0.555234 0.870968 0.672859 0.531881 0.479928 -0.555234 0.870968 
0.672859 0.532080 0.479928 -0.555234 0.878788 0.672859 0.532019 0.479928 -0.555234 0.873900 0.672859 0.531942 0.479928 -0.555234 0.870968 0.672859 0.531911 0.479928 -0.555234 0.870968 0.672859 0.531881 0.479928 -0.555234 0.870968 0.672835 0.531881 0.479928 -0.555234 0.873900 
0.672859 0.532019 0.479928 -0.555234 0.873900 0.672859 0.531942 0.479928 -0.555234 0.870968 0.672859 0.531911 0.479928 -0.555234 0.870968 0.672859 0.531881 0.479928 -0.555234 0.870968 0.672835 0.531881 0.479928 -0.555234 0.873900 0.672810 0.531865 0.479928 -0.555234 0.878788 
0.672859 0.531942 0.479928 -0.555234 0.870968 0.672859 0.531911 0.479928 -0.555234 0.870968 0.672859 0.531881 0.479928 -0.555234 0.870968 0.672835 0.531881 0.479928 -0.555234 0.873900 0.672810 0.531865 0.479928 -0.555234 0.878788 0.672785 0.531865 0.511605 -0.557572 0.886608 
0.672859 0.531911 0.479928 -0.555234 0.870968 0.672859 0.531881 0.479928 -0.555234 0.870968 0.672835 0.531881 0.479928 -0.555234 0.873900 0.672810 0.531865 0.479928 -0.555234 0.878788 0.672785 0.531865 0.511605 -0.557572 0.886608 0.672761 0.531865 0.511605 -0.557572 0.897361 
0.672859 0.531881 0.479928 -0.555234 0.870968 0.672835 0.531881 0.479928 -0.555234 0.873900 0.672810 0.531865 0.479928 -0.555234 0.878788 0.672785 0.531865 0.511605 -0.557572 0.886608 0.672761 0.531865 0.511605 -0.557572 0.897361 0.672736 0.531865 0.479928 -0.555234 0.926686 
0.672835 0.531881 0.479928 -0.555234 0.873900 0.672810 0.531865 0.479928 -0.555234 0.878788 0.672785 0.531865 0.511605 -0.557572 0.886608 0.672761 0.531865 0.511605 -0.557572 0.897361 0.672736 0.531865 0.479928 -0.555234 0.926686 0.672736 0.531881 0.511605 -0.557572 0.908113 
0.672810 0.531865 0.479928 -0.555234 0.878788 0.672785 0.531865 0.511605 -0.557572 0.886608 0.672761 0.531865 0.511605 -0.557572 0.897361 0.672736 0.531865 0.479928 -0.555234 0.926686 0.672736 0.531881 0.511605 -0.557572 0.908113 0.672736 0.531896 0.511605 -0.557572 0.882698 
0.672785 0.531865 0.511605 -0.557572 0.886608 0.672761 0.531865 0.511605 -0.557572 0.897361 0.672736 0.531865 0.479928 -0.555234 0.926686 0.672736 0.531881 0.511605 -0.557572 0.908113 0.672736 0.531896 0.511605 -0.557572 0.882698 0.672736 0.531911 0.511605 -0.557572 0.884653 
0.672761 0.531865 0.511605 -0.557572 0.897361 0.672736 0.531865 0.479928 -0.555234 0.926686 0.672736 0.531881 0.511605 -0.557572 0.908113 0.672736 0.531896 0.511605 -0.557572 0.882698 0.672736 0.531911 0.511605 -0.557572 0.884653 0.672736 0.531927 0.511605 -0.557572 0.885630 
0.672736 0.531865 0.479928 -0.555234 0.926686 0.672736 0.531881 0.511605 -0.557572 0.908113 0.672736 0.531896 0.511605 -0.557572 0.882698 0.672736 0.531911 0.511605 -0.557572 0.884653 0.672736 0.531927 0.511605 -0.557572 0.885630 0.672736 0.531942 0.511605 -0.557572 0.868035 
0.672736 0.531881 0.511605 -0.557572 0.908113 0.672736 0.531896 0.511605 -0.557572 0.882698 0.672736 0.531911 0.511605 -0.557572 0.884653 0.672736 0.531927 0.511605 -0.557572 0.885630 0.672736 0.531942 0.511605 -0.557572 0.868035 0.672736 0.531957 0.511605 -0.557572 0.908113 
0.672736 0.531896 0.511605 -0.557572 0.882698 0.672736 0.531911 0.511605 -0.557572 0.884653 0.672736 0.531927 0.511605 -0.557572 0.885630 0.672736 0.531942 0.511605 -0.557572 0.868035 0.672736 0.531957 0.511605 -0.557572 0.908113 0.672736 0.531973 0.511605 -0.557572 0.914956 
0.672736 0.531911 0.511605 -0.557572 0.884653 0.672736 0.531927 0.511605 -0.557572 0.885630 0.672736 0.531942 0.511605 -0.557572 0.868035 0.672736 0.531957 0.511605 -0.557572 0.908113 0.672736 0.531973 0.511605 -0.557572 0.914956 0.672736 0.531988 0.511605 -0.557572 0.924731 
0.672736 0.531927 0.511605 -0.557572 0.885630 0.672736 0.531942 0.511605 -0.557572 0.868035 0.672736 0.531957 0.511605 -0.557572 0.908113 0.672736 0.531973 0.511605 -0.557572 0.914956 0.672736 0.531988 0.511605 -0.557572 0.924731 0.672736 0.532004 0.511605 -0.557572 0.932551 
0.672736 0.531942 0.511605 -0.557572 0.868035 0.672736 0.531957 0.511605 -0.557572 0.908113 0.672736 0.531973 0.511605 -0.557572 0.914956 0.672736 0.531988 0.511605 -0.557572 0.924731 0.672736 0.532004 0.511605 -0.557572 0.932551 0.672736 0.532019 0.511605 -0.557572 0.916911 
0.672736 0.531957 0.511605 -0.557572 0.908113 0.672736 0.531973 0.511605 -0.557572 0.914956 0.672736 0.531988 0.511605 -0.557572 0.924731 0.672736 0.532004 0.511605 -0.557572 0.932551 0.672736 0.532019 0.511605 -0.557572 0.916911 0.672736 0.532034 0.511605 -0.557572 0.914956 
0.672736 0.531973 0.511605 -0.557572 0.914956 0.672736 0.531988 0.511605 -0.557572 0.924731 0.672736 0.532004 0.511605 -0.557572 0.932551 0.672736 0.532019 0.511605 -0.557572 0.916911 0.672736 0.532034 0.511605 -0.557572 0.914956 0.672736 0.532050 0.511605 -0.557572 0.915934 
0.672736 0.531988 0.511605 -0.557572 0.924731 0.672736 0.532004 0.511605 -0.557572 0.932551 0.672736 0.532019 0.511605 -0.557572 0.916911 0.672736 0.532034 0.511605 -0.557572 0.914956 0.672736 0.532050 0.511605 -0.557572 0.915934 0.672736 0.532065 0.511605 -0.557572 0.918866 
0.672736 0.532004 0.511605 -0.557572 0.932551 0.672736 0.532019 0.511605 -0.557572 0.916911 0.672736 0.532034 0.511605 -0.557572 0.914956 0.672736 0.532050 0.511605 -0.557572 0.915934 0.672736 0.532065 0.511605 -0.557572 0.918866 0.672736 0.532080 0.511605 -0.557572 0.930596 
0.672736 0.532019 0.511605 -0.557572 0.916911 0.672736 0.532034 0.511605 -0.557572 0.914956 0.672736 0.532050 0.511605 -0.557572 0.915934 0.672736 0.532065 0.511605 -0.557572 0.918866 0.672736 0.532080 0.511605 -0.557572 0.930596 0.672736 0.532096 0.511605 -0.557572 0.940371 
0.672736 0.532034 0.511605 -0.557572 0.914956 0.672736 0.532050 0.511605 -0.557572 0.915934 0.672736 0.532065 0.511605 -0.557572 0.918866 0.672736 0.532080 0.511605 -0.557572 0.930596 0.672736 0.532096 0.511605 -0.557572 0.940371 0.672785 0.532096 0.504585 -0.534693 0.953079 
0.672736 0.532050 0.511605 -0.557572 0.915934 0.672736 0.532065 0.511605 -0.557572 0.918866 0.672736 0.532080 0.511605 -0.557572 0.930596 0.672736 0.532096 0.511605 -0.557572 0.940371 0.672785 0.532096 0.504585 -0.534693 0.953079 0.672835 0.532111 0.504585 -0.534693 0.967742 
0.672736 0.532065 0.511605 -0.557572 0.918866 0.672736 0.532080 0.511605 -0.557572 0.930596 0.672736 0.532096 0.511605 -0.557572 0.940371 0.672785 0.532096 0.504585 -0.534693 0.953079 0.672835 0.532111 0.504585 -0.534693 0.967742 0.672884 0.532127 0.504585 -0.534693 0.978495 
0.672736 0.532080 0.511605 -0.557572 0.930596 0.672736 0.532096 0.511605 -0.557572 0.940371 0.672785 0.532096 0.504585 -0.534693 0.953079 0.672835 0.532111 0.504585 -0.534693 0.967742 0.672884 0.532127 0.504585 -0.534693 0.978495 0.672958 0.532127 0.504585 -0.534693 0.990225 
0.672736 0.532096 0.511605 -0.557572 0.940371 0.672785 0.532096 0.504585 -0.534693 0.953079 0.672835 0.532111 0.504585 -0.534693 0.967742 0.672884 0.532127 0.504585 -0.534693 0.978495 0.672958 0.532127 0.504585 -0.534693 0.990225 0.672982 0.532127 0.504585 -0.534693 1.000000 
0.672785 0.532096 0.504585 -0.534693 0.953079 0.672835 0.532111 0.504585 -0.534693 0.967742 0.672884 0.532127 0.504585 -0.534693 0.978495 0.672958 0.532127 0.504585 -0.534693 0.990225 0.672982 0.532127 0.504585 -0.534693 1.000000 0.673007 0.532127 0.504585 -0.534693 1.000000 
0.672835 0.532111 0.504585 -0.534693 0.967742 0.672884 0.532127 0.504585 -0.534693 0.978495 0.672958 0.532127 0.504585 -0.534693 0.990225 0.672982 0.532127 0.504585 -0.534693 1.000000 0.673007 0.532127 0.504585 -0.534693 1.000000 0.673032 0.532142 0.504585 -0.534693 1.000000 
0.672884 0.532127 0.504585 -0.534693 0.978495 0.672958 0.532127 0.504585 -0.534693 0.990225 0.672982 0.532127 0.504585 -0.534693 1.000000 0.673007 0.532127 0.504585 -0.534693 1.000000 0.673032 0.532142 0.504585 -0.534693 1.000000 0.673032 0.532157 0.504585 -0.534693 1.000000 
0.672958 0.532127 0.504585 -0.534693 0.990225 0.672982 0.532127 0.504585 -0.534693 1.000000 0.673007 0.532127 0.504585 -0.534693 1.000000 0.673032 0.532142 0.504585 -0.534693 1.000000 0.673032 0.532157 0.504585 -0.534693 1.000000 0.673056 0.532157 0.504585 -0.534693 1.000000 
0.672982 0.532127 0.504585 -0.534693 1.000000 0.673007 0.532127 0.504585 -0.534693 1.000000 0.673032 0.532142 0.504585 -0.534693 1.000000 0.673032 0.532157 0.504585 -0.534693 1.000000 0.673056 0.532157 0.504585 -0.534693 1.000000 0.673056 0.532173 0.504585 -0.534693 1.000000 
0.673007 0.532127 0.504585 -0.534693 1.000000 0.673032 0.532142 0.504585 -0.534693 1.000000 0.673032 0.532157 0.504585 -0.534693 1.000000 0.673056 0.532157 0.504585 -0.534693 1.000000 0.673056 0.532173 0.504585 -0.534693 1.000000 0.673056 0.532188 0.504585 -0.534693 1.000000 
0.673032 0.532142 0.504585 -0.534693 1.000000 0.673032 0.532157 0.504585 -0.534693 1.000000 0.673056 0.532157 0.504585 -0.534693 1.000000 0.673056 0.532173 0.504585 -0.534693 1.000000 0.673056 0.532188 0.504585 -0.534693 1.000000 0.673056 0.532203 0.504585 -0.534693 1.000000 
0.673032 0.532157 0.504585 -0.534693 1.000000 0.673056 0.532157 0.504585 -0.534693 1.000000 0.673056 0.532173 0.504585 -0.534693 1.000000 0.673056 0.532188 0.504585 -0.534693 1.000000 0.673056 0.532203 0.504585 -0.534693 1.000000 0.673056 0.532219 0.504585 -0.534693 1.000000 
0.673056 0.532157 0.504585 -0.534693 1.000000 0.673056 0.532173 0.504585 -0.534693 1.000000 0.673056 0.532188 0.504585 -0.534693 1.000000 0.673056 0.532203 0.504585 -0.534693 1.000000 0.673056 0.532219 0.504585 -0.534693 1.000000 0.673105 0.532219 0.504585 -0.534693 0.942326 
0.673056 0.532173 0.504585 -0.534693 1.000000 0.673056 0.532188 0.504585 -0.534693 1.000000 0.673056 0.532203 0.504585 -0.534693 1.000000 0.673056 0.532219 0.504585 -0.534693 1.000000 0.673105 0.532219 0.504585 -0.534693 0.942326 0.673278 0.532219 0.504585 -0.534693 0.931574 
0.673056 0.532188 0.504585 -0.534693 1.000000 0.673056 0.532203 0.504585 -0.534693 1.000000 0.673056 0.532219 0.504585 -0.534693 1.000000 0.673105 0.532219 0.504585 -0.534693 0.942326 0.673278 0.532219 0.504585 -0.534693 0.931574 0.673647 0.532219 0.504585 -0.534693 0.905181 
0.673056 0.532203 0.504585 -0.534693 1.000000 0.673056 0.532219 0.504585 -0.534693 1.000000 0.673105 0.532219 0.504585 -0.534693 0.942326 0.673278 0.532219 0.504585 -0.534693 0.931574 0.673647 0.532219 0.504585 -0.534693 0.905181 0.674286 0.531942 0.504585 -0.534693 0.848485 
0.673056 0.532219 0.504585 -0.534693 1.000000 0.673105 0.532219 0.504585 -0.534693 0.942326 0.673278 0.532219 0.504585 -0.534693 0.931574 0.673647 0.532219 0.504585 -0.534693 0.905181 0.674286 0.531942 0.504585 -0.534693 0.848485 0.675344 0.531573 0.504585 -0.534693 0.758553 
0.673105 0.532219 0.504585 -0.534693 0.942326 0.673278 0.532219 0.504585 -0.534693 0.931574 0.673647 0.532219 0.504585 -0.534693 0.905181 0.674286 0.531942 0.504585 -0.534693 0.848485 0.675344 0.531573 0.504585 -0.534693 0.758553 0.676599 0.531235 0.511605 -0.557572 0.606061 
0.673278 0.532219 0.504585 -0.534693 0.931574 0.673647 0.532219 0.504585 -0.534693 0.905181 0.674286 0.531942 0.504585 -0.534693 0.848485 0.675344 0.531573 0.504585 -0.534693 0.758553 0.676599 0.531235 0.511605 -0.557572 0.606061 0.678027 0.530973 0.511605 -0.557572 0.307918 
0.673647 0.532219 0.504585 -0.534693 0.905181 0.674286 0.531942 0.504585 -0.534693 0.848485 0.675344 0.531573 0.504585 -0.534693 0.758553 0.676599 0.531235 0.511605 -0.557572 0.606061 0.678027 0.530973 0.511605 -0.557572 0.307918 0.680832 0.530835 0.479928 -0.555234 0.000000 
0.674286 0.531942 0.504585 -0.534693 0.848485 0.675344 0.531573 0.504585 -0.534693 0.758553 0.676599 0.531235 0.511605 -0.557572 0.606061 0.678027 0.530973 0.511605 -0.557572 0.307918 0.680832 0.530835 0.479928 -0.555234 0.000000 0.681890 0.531219 0.496565 -0.541732 0.000000 
0.675344 0.531573 0.504585 -0.534693 0.758553 0.676599 0.531235 0.511605 -0.557572 0.606061 0.678027 0.530973 0.511605 -0.557572 0.307918 0.680832 0.530835 0.479928 -0.555234 0.000000 0.681890 0.531219 0.496565 -0.541732 0.000000 0.682111 0.532250 0.473653 -0.532770 0.000000 
0.676599 0.531235 0.511605 -0.557572 0.606061 0.678027 0.530973 0.511605 -0.557572 0.307918 0.680832 0.530835 0.479928 -0.555234 0.000000 0.681890 0.531219 0.496565 -0.541732 0.000000 0.682111 0.532250 0.473653 -0.532770 0.000000 0.681570 0.533849 0.436911 -0.507869 0.000000 
0.678027 0.530973 0.511605 -0.557572 0.307918 0.680832 0.530835 0.479928 -0.555234 0.000000 0.681890 0.531219 0.496565 -0.541732 0.000000 0.682111 0.532250 0.473653 -0.532770 0.000000 0.681570 0.533849 0.436911 -0.507869 0.000000 0.679257 0.535818 0.409103 -0.476921 0.000000 
0.680832 0.530835 0.479928 -0.555234 0.000000 0.681890 0.531219 0.496565 -0.541732 0.000000 0.682111 0.532250 0.473653 -0.532770 0.000000 0.681570 0.533849 0.436911 -0.507869 0.000000 0.679257 0.535818 0.409103 -0.476921 0.000000 0.675394 0.538032 0.362077 -0.410925 0.000000 
0.605290 0.544199 0.000000 -0.017453 0.000000 0.609301 0.543630 0.012342 -0.012342 0.000000 0.613410 0.542984 0.012342 -0.012342 0.000000 0.617544 0.542323 0.031105 -0.015852 0.000000 0.621604 0.541646 0.037041 -0.037041 0.000000 0.625394 0.541000 0.057907 -0.039083 0.000000 
0.609301 0.543630 0.012342 -0.012342 0.000000 0.613410 0.542984 0.012342 -0.012342 0.000000 0.617544 0.542323 0.031105 -0.015852 0.000000 0.621604 0.541646 0.037041 -0.037041 0.000000 0.625394 0.541000 0.057907 -0.039083 0.000000 0.628888 0.540354 0.062225 -0.031735 0.000000 
0.613410 0.542984 0.012342 -0.012342 0.000000 0.617544 0.542323 0.031105 -0.015852 0.000000 0.621604 0.541646 0.037041 -0.037041 0.000000 0.625394 0.541000 0.057907 -0.039083 0.000000 0.628888 0.540354 0.062225 -0.031735 0.000000 0.631988 0.539739 0.089849 -0.054080 0.000000 
0.617544 0.542323 0.031105 -0.015852 0.000000 0.621604 0.541646 0.037041 -0.037041 0.000000 0.625394 0.541000 0.057907 -0.039083 0.000000 0.628888 0.540354 0.062225 -0.031735 0.000000 0.631988 0.539739 0.089849 -0.054080 0.000000 0.634695 0.539739 0.101444 -0.068553 0.000000 
0.621604 0.541646 0.037041 -0.037041 0.000000 0.625394 0.541000 0.057907 -0.039083 0.000000 0.628888 0.540354 0.062225 -0.031735 0.000000 0.631988 0.539739 0.089849 -0.054080 0.000000 0.634695 0.539739 0.101444 -0.068553 0.000000 0.636934 0.539739 0.129020 -0.090597 0.000000 
0.625394 0.541000 0.057907 -0.039083 0.000000 0.628888 0.540354 0.062225 -0.031735 0.000000 0.631988 0.539739 0.089849 -0.054080 0.000000 0.634695 0.539739 0.101444 -0.068553 0.000000 0.636934 0.539739 0.129020 -0.090597 0.000000 0.638804 0.539831 0.145662 -0.126840 0.000000 
0.628888 0.540354 0.062225 -0.031735 0.000000 0.631988 0.539739 0.089849 -0.054080 0.000000 0.634695 0.539739 0.101444 -0.068553 0.000000 0.636934 0.539739 0.129020 -0.090597 0.000000 0.638804 0.539831 0.145662 -0.126840 0.000000 0.640280 0.539970 0.161821 -0.161821 0.000000 
0.631988 0.539739 0.089849 -0.054080 0.000000 0.634695 0.539739 0.101444 -0.068553 0.000000 0.636934 0.539739 0.129020 -0.090597 0.000000 0.638804 0.539831 0.145662 -0.126840 0.000000 0.640280 0.539970 0.161821 -0.161821 0.000000 0.640231 0.540124 0.187249 -0.187249 0.000000 
0.634695 0.539739 0.101444 -0.068553 0.000000 0.636934 0.539739 0.129020 -0.090597 0.000000 0.638804 0.539831 0.145662 -0.126840 0.000000 0.640280 0.539970 0.161821 -0.161821 0.000000 0.640231 0.540124 0.187249 -0.187249 0.000000 0.639641 0.539816 0.225834 -0.225834 0.000000 
0.636934 0.539739 0.129020 -0.090597 0.000000 0.638804 0.539831 0.145662 -0.126840 0.000000 0.640280 0.539970 0.161821 -0.161821 0.000000 0.640231 0.540124 0.187249 -0.187249 0.000000 0.639641 0.539816 0.225834 -0.225834 0.000000 0.638927 0.539755 0.265047 -0.265047 0.000000 
0.638804 0.539831 0.145662 -0.126840 0.000000 0.640280 0.539970 0.161821 -0.161821 0.000000 0.640231 0.540124 0.187249 -0.187249 0.000000 0.639641 0.539816 0.225834 -0.225834 0.000000 0.638927 0.539755 0.265047 -0.265047 0.000000 0.638140 0.539708 0.291593 -0.291593 0.000000 
0.640280 0.539970 0.161821 -0.161821 0.000000 0.640231 0.540124 0.187249 -0.187249 0.000000 0.639641 0.539816 0.225834 -0.225834 0.000000 0.638927 0.539755 0.265047 -0.265047 0.000000 0.638140 0.539708 0.291593 -0.291593 0.000000 0.638140 0.539447 0.332105 -0.332105 0.000000 
0.640231 0.540124 0.187249 -0.187249 0.000000 0.639641 0.539816 0.225834 -0.225834 0.000000 0.638927 0.539755 0.265047 -0.265047 0.000000 0.638140 0.539708 0.291593 -0.291593 0.000000 0.638140 0.539447 0.332105 -0.332105 0.000000 0.638361 0.539201 0.359625 -0.359625 0.000000 
0.639641 0.539816 0.225834 -0.225834 0.000000 0.638927 0.539755 0.265047 -0.265047 0.000000 0.638140 0.539708 0.291593 -0.291593 0.000000 0.638140 0.539447 0.332105 -0.332105 0.000000 0.638361 0.539201 0.359625 -0.359625 0.000000 0.639764 0.538801 0.381421 -0.393635 0.000000 
0.638927 0.539755 0.265047 -0.265047 0.000000 0.638140 0.539708 0.291593 -0.291593 0.000000 0.638140 0.539447 0.332105 -0.332105 0.000000 0.638361 0.539201 0.359625 -0.359625 0.000000 0.639764 0.538801 0.381421 -0.393635 0.000000 0.641683 0.538647 0.423782 -0.437020 0.000000 
0.638140 0.539708 0.291593 -0.291593 0.000000 0.638140 0.539447 0.332105 -0.332105 0.000000 0.638361 0.539201 0.359625 -0.359625 0.000000 0.639764 0.538801 0.381421 -0.393635 0.000000 0.641683 0.538647 0.423782 -0.437020 0.000000 0.643061 0.538447 0.452713 -0.466593 0.000000 
0.638140 0.539447 0.332105 -0.332105 0.000000 0.638361 0.539201 0.359625 -0.359625 0.000000 0.639764 0.538801 0.381421 -0.393635 0.000000 0.641683 0.538647 0.423782 -0.437020 0.000000 0.643061 0.538447 0.452713 -0.466593 0.000000 0.644070 0.538324 0.497242 -0.512017 0.000000 
0.638361 0.539201 0.359625 -0.359625 0.000000 0.639764 0.538801 0.381421 -0.393635 0.000000 0.641683 0.538647 0.423782 -0.437020 0.000000 0.643061 0.538447 0.452713 -0.466593 0.000000 0.644070 0.538324 0.497242 -0.512017 0.000000 0.644833 0.538247 0.504585 -0.534693 0.000000 
0.639764 0.538801 0.381421 -0.393635 0.000000 0.641683 0.538647 0.423782 -0.437020 0.000000 0.643061 0.538447 0.452713 -0.466593 0.000000 0.644070 0.538324 0.497242 -0.512017 0.000000 0.644833 0.538247 0.504585 -0.534693 0.000000 0.645497 0.538155 0.550704 -0.582337 0.000000 
0.641683 0.538647 0.423782 -0.437020 0.000000 0.643061 0.538447 0.452713 -0.466593 0.000000 0.644070 0.538324 0.497242 -0.512017 0.000000 0.644833 0.538247 0.504585 -0.534693 0.000000 0.645497 0.538155 0.550704 -0.582337 0.000000 0.646284 0.537986 0.557861 -0.606008 0.000000 
0.643061 0.538447 0.452713 -0.466593 0.000000 0.644070 0.538324 0.497242 -0.512017 0.000000 0.644833 0.538247 0.504585 -0.534693 0.000000 0.645497 0.538155 0.550704 -0.582337 0.000000 0.646284 0.537986 0.557861 -0.606008 0.000000 0.647244 0.537648 0.580623 -0.646508 0.000000 
0.644070 0.538324 0.497242 -0.512017 0.000000 0.644833 0.538247 0.504585 -0.534693 0.000000 0.645497 0.538155 0.550704 -0.582337 0.000000 0.646284 0.537986 0.557861 -0.606008 0.000000 0.647244 0.537648 0.580623 -0.646508 0.000000 0.648499 0.537125 0.613096 -0.680402 0.000000 
0.644833 0.538247 0.504585 -0.534693 0.000000 0.645497 0.538155 0.550704 -0.582337 0.000000 0.646284 0.537986 0.557861 -0.606008 0.000000 0.647244 0.537648 0.580623 -0.646508 0.000000 0.648499 0.537125 0.613096 -0.680402 0.000000 0.649951 0.536417 0.619986 -0.704946 0.000000 
0.645497 0.538155 0.550704 -0.582337 0.000000 0.646284 0.537986 0.557861 -0.606008 0.000000 0.647244 0.537648 0.580623 -0.646508 0.000000 0.648499 0.537125 0.613096 -0.680402 0.000000 0.649951 0.536417 0.619986 -0.704946 0.000000 0.651501 0.535587 0.636710 -0.722349 0.000000 
0.646284 0.537986 0.557861 -0.606008 0.000000 0.647244 0.537648 0.580623 -0.646508 0.000000 0.648499 0.537125 0.613096 -0.680402 0.000000 0.649951 0.536417 0.619986 -0.704946 0.000000 0.651501 0.535587 0.636710 -0.722349 0.000000 0.652534 0.534695 0.653691 -0.739916 0.000000 
0.647244 0.537648 0.580623 -0.646508 0.000000 0.648499 0.537125 0.613096 -0.680402 0.000000 0.649951 0.536417 0.619986 -0.704946 0.000000 0.651501 0.535587 0.636710 -0.722349 0.000000 0.652534 0.534695 0.653691 -0.739916 0.000000 0.653519 0.534172 0.643498 -0.747085 0.000000 
0.648499 0.537125 0.613096 -0.680402 0.000000 0.649951 0.536417 0.619986 -0.704946 0.000000 0.651501 0.535587 0.636710 -0.722349 0.000000 0.652534 0.534695 0.653691 -0.739916 0.000000 0.653519 0.534172 0.643498 -0.747085 0.000000 0.654454 0.534172 0.650047 -0.771772 0.000000 
0.649951 0.536417 0.619986 -0.704946 0.000000 0.651501 0.535587 0.636710 -0.722349 0.000000 0.652534 0.534695 0.653691 -0.739916 0.000000 0.653519 0.534172 0.643498 -0.747085 0.000000 0.654454 0.534172 0.650047 -0.771772 0.000000 0.655340 0.534172 0.650047 -0.771772 0.000000 
0.651501 0.535587 0.636710 -0.722349 0.000000 0.652534 0.534695 0.653691 -0.739916 0.000000 0.653519 0.534172 0.643498 -0.747085 0.000000 0.654454 0.534172 0.650047 -0.771772 0.000000 0.655340 0.534172 0.650047 -0.771772 0.000000 0.656152 0.534126 0.650047 -0.771772 0.000000 
0.652534 0.534695 0.653691 -0.739916 0.000000 0.653519 0.534172 0.643498 -0.747085 0.000000 0.654454 0.534172 0.650047 -0.771772 0.000000 0.655340 0.534172 0.650047 -0.771772 0.000000 0.656152 0.534126 0.650047 -0.771772 0.000000 0.656841 0.533664 0.650047 -0.771772 0.000000 
0.653519 0.534172 0.643498 -0.747085 0.000000 0.654454 0.534172 0.650047 -0.771772 0.000000 0.655340 0.534172 0.650047 -0.771772 0.000000 0.656152 0.534126 0.650047 -0.771772 0.000000 0.656841 0.533664 0.650047 -0.771772 0.000000 0.657480 0.533418 0.650047 -0.771772 0.000000 
0.654454 0.534172 0.650047 -0.771772 0.000000 0.655340 0.534172 0.650047 -0.771772 0.000000 0.656152 0.534126 0.650047 -0.771772 0.000000 0.656841 0.533664 0.650047 -0.771772 0.000000 0.657480 0.533418 0.650047 -0.771772 0.000000 0.658046 0.533418 0.650047 -0.771772 0.000000 
0.655340 0.534172 0.650047 -0.771772 0.000000 0.656152 0.534126 0.650047 -0.771772 0.000000 0.656841 0.533664 0.650047 -0.771772 0.000000 0.657480 0.533418 0.650047 -0.771772 0.000000 0.658046 0.533418 0.650047 -0.771772 0.000000 0.658588 0.533418 0.643498 -0.747085 0.000000 
0.656152 0.534126 0.650047 -0.771772 0.000000 0.656841 0.533664 0.650047 -0.771772 0.000000 0.657480 0.533418 0.650047 -0.771772 0.000000 0.658046 0.533418 0.650047 -0.771772 0.000000 0.658588 0.533418 0.643498 -0.747085 0.000000 0.660212 0.534357 0.636710 -0.722349 0.000000 
0.656841 0.533664 0.650047 -0.771772 0.000000 0.657480 0.533418 0.650047 -0.771772 0.000000 0.658046 0.533418 0.650047 -0.771772 0.000000 0.658588 0.533418 0.643498 -0.747085 0.000000 0.660212 0.534357 0.636710 -0.722349 0.000000 0.659129 0.533680 0.632998 -0.754010 0.000000 
0.657480 0.533418 0.650047 -0.771772 0.000000 0.658046 0.533418 0.650047 -0.771772 0.000000 0.658588 0.533418 0.643498 -0.747085 0.000000 0.660212 0.534357 0.636710 -0.722349 0.000000 0.659129 0.533680 0.632998 -0.754010 0.000000 0.659646 0.534018 0.626620 -0.729493 0.000000 
0.658046 0.533418 0.650047 -0.771772 0.000000 0.658588 0.533418 0.643498 -0.747085 0.000000 0.660212 0.534357 0.636710 -0.722349 0.000000 0.659129 0.533680 0.632998 -0.754010 0.000000 0.659646 0.534018 0.626620 -0.729493 0.000000 0.660778 0.534633 0.610008 -0.712055 0.000000 
0.658588 0.533418 0.643498 -0.747085 0.000000 0.660212 0.534357 0.636710 -0.722349 0.000000 0.659129 0.533680 0.632998 -0.754010 0.000000 0.659646 0.534018 0.626620 -0.729493 0.000000 0.660778 0.534633 0.610008 -0.712055 0.000000 0.661442 0.534833 0.619986 -0.704946 0.000000 
0.660212 0.534357 0.636710 -0.722349 0.000000 0.659129 0.533680 0.632998 -0.754010 0.000000 0.659646 0.534018 0.626620 -0.729493 0.000000 0.660778 0.534633 0.610008 -0.712055 0.000000 0.661442 0.534833 0.619986 -0.704946 0.000000 0.662229 0.534972 0.613096 -0.680402 0.000000 
0.659129 0.533680 0.632998 -0.754010 0.000000 0.659646 0.534018 0.626620 -0.729493 0.000000 0.660778 0.534633 0.610008 -0.712055 0.000000 0.661442 0.534833 0.619986 -0.704946 0.000000 0.662229 0.534972 0.613096 -0.680402 0.000000 0.663066 0.535018 0.603512 -0.687703 0.000000 
0.659646 0.534018 0.626620 -0.729493 0.000000 0.660778 0.534633 0.610008 -0.712055 0.000000 0.661442 0.534833 0.619986 -0.704946 0.000000 0.662229 0.534972 0.613096 -0.680402 0.000000 0.663066 0.535018 0.603512 -0.687703 0.000000 0.664026 0.535018 0.596745 -0.663374 0.000000 
0.660778 0.534633 0.610008 -0.712055 0.000000 0.661442 0.534833 0.619986 -0.704946 0.000000 0.662229 0.534972 0.613096 -0.680402 0.000000 0.663066 0.535018 0.603512 -0.687703 0.000000 0.664026 0.535018 0.596745 -0.663374 0.000000 0.665157 0.535018 0.580623 -0.646508 0.000000 
0.661442 0.534833 0.619986 -0.704946 0.000000 0.662229 0.534972 0.613096 -0.680402 0.000000 0.663066 0.535018 0.603512 -0.687703 0.000000 0.664026 0.535018 0.596745 -0.663374 0.000000 0.665157 0.535018 0.580623 -0.646508 0.000000 0.666462 0.534956 0.580623 -0.646508 0.000000 
0.662229 0.534972 0.613096 -0.680402 0.000000 0.663066 0.535018 0.603512 -0.687703 0.000000 0.664026 0.535018 0.596745 -0.663374 0.000000 0.665157 0.535018 0.580623 -0.646508 0.000000 0.666462 0.534956 0.580623 -0.646508 0.000000 0.667889 0.534710 0.573679 -0.622471 0.000000 
0.663066 0.535018 0.603512 -0.687703 0.000000 0.664026 0.535018 0.596745 -0.663374 0.000000 0.665157 0.535018 0.580623 -0.646508 0.000000 0.666462 0.534956 0.580623 -0.646508 0.000000 0.667889 0.534710 0.573679 -0.622471 0.000000 0.669562 0.534403 0.557861 -0.606008 0.000000 
0.664026 0.535018 0.596745 -0.663374 0.000000 0.665157 0.535018 0.580623 -0.646508 0.000000 0.666462 0.534956 0.580623 -0.646508 0.000000 0.667889 0.534710 0.573679 -0.622471 0.000000 0.669562 0.534403 0.557861 -0.606008 0.000000 0.671309 0.534049 0.557861 -0.606008 0.000000 
0.665157 0.535018 0.580623 -0.646508 0.000000 0.666462 0.534956 0.580623 -0.646508 0.000000 0.667889 0.534710 0.573679 -0.622471 0.000000 0.669562 0.534403 0.557861 -0.606008 0.000000 0.671309 0.534049 0.557861 -0.606008 0.000000 0.673155 0.533664 0.542247 -0.589706 0.337243 
0.666462 0.534956 0.580623 -0.646508 0.000000 0.667889 0.534710 0.573679 -0.622471 0.000000 0.669562 0.534403 0.557861 -0.606008 0.000000 0.671309 0.534049 0.557861 -0.606008 0.000000 0.673155 0.533664 0.542247 -0.589706 0.337243 0.675098 0.533280 0.550704 -0.582337 0.361681 
0.667889 0.534710 0.573679 -0.622471 0.000000 0.669562 0.534403 0.557861 -0.606008 0.000000 0.671309 0.534049 0.557861 -0.606008 0.000000 0.673155 0.533664 0.542247 -0.589706 0.337243 0.675098 0.533280 0.550704 -0.582337 0.361681 0.677018 0.532896 0.550704 -0.582337 0.402737 
0.669562 0.534403 0.557861 -0.606008 0.000000 0.671309 0.534049 0.557861 -0.606008 0.000000 0.673155 0.533664 0.542247 -0.589706 0.337243 0.675098 0.533280 0.550704 -0.582337 0.361681 0.677018 0.532896 0.550704 -0.582337 0.402737 0.678814 0.532511 0.526830 -0.573562 0.451613 
0.671309 0.534049 0.557861 -0.606008 0.000000 0.673155 0.533664 0.542247 -0.589706 0.337243 0.675098 0.533280 0.550704 -0.582337 0.361681 0.677018 0.532896 0.550704 -0.582337 0.402737 0.678814 0.532511 0.526830 -0.573562 0.451613 0.680413 0.532157 0.519776 -0.550417 0.519062 
0.673155 0.533664 0.542247 -0.589706 0.337243 0.675098 0.533280 0.550704 -0.582337 0.361681 0.677018 0.532896 0.550704 -0.582337 0.402737 0.678814 0.532511 0.526830 -0.573562 0.451613 0.680413 0.532157 0.519776 -0.550417 0.519062 0.681841 0.531819 0.519776 -0.550417 0.545455 
0.675098 0.533280 0.550704 -0.582337 0.361681 0.677018 0.532896 0.550704 -0.582337 0.402737 0.678814 0.532511 0.526830 -0.573562 0.451613 0.680413 0.532157 0.519776 -0.550417 0.519062 0.681841 0.531819 0.519776 -0.550417 0.545455 0.682948 0.531542 0.519776 -0.550417 0.580645 
0.677018 0.532896 0.550704 -0.582337 0.402737 0.678814 0.532511 0.526830 -0.573562 0.451613 0.680413 0.532157 0.519776 -0.550417 0.519062 0.681841 0.531819 0.519776 -0.550417 0.545455 0.682948 0.531542 0.519776 -0.550417 0.580645 0.683809 0.531342 0.519776 -0.550417 0.587488 
0.678814 0.532511 0.526830 -0.573562 0.451613 0.680413 0.532157 0.519776 -0.550417 0.519062 0.681841 0.531819 0.519776 -0.550417 0.545455 0.682948 0.531542 0.519776 -0.550417 0.580645 0.683809 0.531342 0.519776 -0.550417 0.587488 0.684424 0.531188 0.519776 -0.550417 0.608016 
0.680413 0.532157 0.519776 -0.550417 0.519062 0.681841 0.531819 0.519776 -0.550417 0.545455 0.682948 0.531542 0.519776 -0.550417 0.580645 0.683809 0.531342 0.519776 -0.550417 0.587488 0.684424 0.531188 0.519776 -0.550417 0.608016 0.684818 0.531065 0.519776 -0.550417 0.629521 
0.681841 0.531819 0.519776 -0.550417 0.545455 0.682948 0.531542 0.519776 -0.550417 0.580645 0.683809 0.531342 0.519776 -0.550417 0.587488 0.684424 0.531188 0.519776 -0.550417 0.608016 0.684818 0.531065 0.519776 -0.550417 0.629521 0.685015 0.530989 0.519776 -0.550417 0.638319 
0.682948 0.531542 0.519776 -0.550417 0.580645 0.683809 0.531342 0.519776 -0.550417 0.587488 0.684424 0.531188 0.519776 -0.550417 0.608016 0.684818 0.531065 0.519776 -0.550417 0.629521 0.685015 0.530989 0.519776 -0.550417 0.638319 0.685015 0.530912 0.519776 -0.550417 0.651026 
0.683809 0.531342 0.519776 -0.550417 0.587488 0.684424 0.531188 0.519776 -0.550417 0.608016 0.684818 0.531065 0.519776 -0.550417 0.629521 0.685015 0.530989 0.519776 -0.550417 0.638319 0.685015 0.530912 0.519776 -0.550417 0.651026 0.685015 0.530866 0.519776 -0.550417 0.643206 
0.684424 0.531188 0.519776 -0.550417 0.608016 0.684818 0.531065 0.519776 -0.550417 0.629521 0.685015 0.530989 0.519776 -0.550417 0.638319 0.685015 0.530912 0.519776 -0.550417 0.651026 0.685015 0.530866 0.519776 -0.550417 0.643206 0.685015 0.530789 0.519776 -0.550417 0.647116 
0.684818 0.531065 0.519776 -0.550417 0.629521 0.685015 0.530989 0.519776 -0.550417 0.638319 0.685015 0.530912 0.519776 -0.550417 0.651026 0.685015 0.530866 0.519776 -0.550417 0.643206 0.685015 0.530789 0.519776 -0.550417 0.647116 0.684966 0.530681 0.519776 -0.550417 0.639296 
0.685015 0.530989 0.519776 -0.550417 0.638319 0.685015 0.530912 0.519776 -0.550417 0.651026 0.685015 0.530866 0.519776 -0.550417 0.643206 0.685015 0.530789 0.519776 -0.550417 0.647116 0.684966 0.530681 0.519776 -0.550417 0.639296 0.684572 0.530543 0.519776 -0.550417 0.642229 
0.685015 0.530912 0.519776 -0.550417 0.651026 0.685015 0.530866 0.519776 -0.550417 0.643206 0.685015 0.530789 0.519776 -0.550417 0.647116 0.684966 0.530681 0.519776 -0.550417 0.639296 0.684572 0.530543 0.519776 -0.550417 0.642229 0.684055 0.530358 0.519776 -0.550417 0.638319 
0.685015 0.530866 0.519776 -0.550417 0.643206 0.685015 0.530789 0.519776 -0.550417 0.647116 0.684966 0.530681 0.519776 -0.550417 0.639296 0.684572 0.530543 0.519776 -0.550417 0.642229 0.684055 0.530358 0.519776 -0.550417 0.638319 0.683366 0.530127 0.519776 -0.550417 0.643206 
0.685015 0.530789 0.519776 -0.550417 0.647116 0.684966 0.530681 0.519776 -0.550417 0.639296 0.684572 0.530543 0.519776 -0.550417 0.642229 0.684055 0.530358 0.519776 -0.550417 0.638319 0.683366 0.530127 0.519776 -0.550417 0.643206 0.679946 0.529251 0.527742 -0.543061 0.695015 
0.684966 0.530681 0.519776 -0.550417 0.639296 0.684572 0.530543 0.519776 -0.550417 0.642229 0.684055 0.530358 0.519776 -0.550417 0.638319 0.683366 0.530127 0.519776 -0.550417 0.643206 0.679946 0.529251 0.527742 -0.543061 0.695015 0.682456 0.529866 0.519776 -0.550417 0.662757 
0.684572 0.530543 0.519776 -0.550417 0.642229 0.684055 0.530358 0.519776 -0.550417 0.638319 0.683366 0.530127 0.519776 -0.550417 0.643206 0.679946 0.529251 0.527742 -0.543061 0.695015 0.682456 0.529866 0.519776 -0.550417 0.662757 0.681324 0.529589 0.527742 -0.543061 0.693060 
0.684055 0.530358 0.519776 -0.550417 0.638319 0.683366 0.530127 0.519776 -0.550417 0.643206 0.679946 0.529251 0.527742 -0.543061 0.695015 0.682456 0.529866 0.519776 -0.550417 0.662757 0.681324 0.529589 0.527742 -0.543061 0.693060 0.678297 0.528866 0.527742 -0.543061 0.705767 
0.683366 0.530127 0.519776 -0.550417 0.643206 0.679946 0.529251 0.527742 -0.543061 0.695015 0.682456 0.529866 0.519776 -0.550417 0.662757 0.681324 0.529589 0.527742 -0.543061 0.693060 0.678297 0.528866 0.527742 -0.543061 0.705767 0.676403 0.528436 0.527742 -0.543061 0.716520 
0.679946 0.529251 0.527742 -0.543061 0.695015 0.682456 0.529866 0.519776 -0.550417 0.662757 0.681324 0.529589 0.527742 -0.543061 0.693060 0.678297 0.528866 0.527742 -0.543061 0.705767 0.676403 0.528436 0.527742 -0.543061 0.716520 0.674213 0.528020 0.527742 -0.543061 0.706745 
0.682456 0.529866 0.519776 -0.550417 0.662757 0.681324 0.529589 0.527742 -0.543061 0.693060 0.678297 0.528866 0.527742 -0.543061 0.705767 0.676403 0.528436 0.527742 -0.543061 0.716520 0.674213 0.528020 0.527742 -0.543061 0.706745 0.671604 0.527559 0.527742 -0.543061 0.708700 
0.681324 0.529589 0.527742 -0.543061 0.693060 0.678297 0.528866 0.527742 -0.543061 0.705767 0.676403 0.528436 0.527742 -0.543061 0.716520 0.674213 0.528020 0.527742 -0.543061 0.706745 0.671604 0.527559 0.527742 -0.543061 0.708700 0.668602 0.527082 0.527742 -0.543061 0.726295 
0.678297 0.528866 0.527742 -0.543061 0.705767 0.676403 0.528436 0.527742 -0.543061 0.716520 0.674213 0.528020 0.527742 -0.543061 0.706745 0.671604 0.527559 0.527742 -0.543061 0.708700 0.668602 0.527082 0.527742 -0.543061 0.726295 0.665305 0.526575 0.527742 -0.543061 0.731183 
0.676403 0.528436 0.527742 -0.543061 0.716520 0.674213 0.528020 0.527742 -0.543061 0.706745 0.671604 0.527559 0.527742 -0.543061 0.708700 0.668602 0.527082 0.527742 -0.543061 0.726295 0.665305 0.526575 0.527742 -0.543061 0.731183 0.661663 0.526037 0.527742 -0.543061 0.725318 
0.674213 0.528020 0.527742 -0.543061 0.706745 0.671604 0.527559 0.527742 -0.543061 0.708700 0.668602 0.527082 0.527742 -0.543061 0.726295 0.665305 0.526575 0.527742 -0.543061 0.731183 0.661663 0.526037 0.527742 -0.543061 0.725318 0.657628 0.525529 0.527742 -0.543061 0.717498 
0.671604 0.527559 0.527742 -0.543061 0.708700 0.668602 0.527082 0.527742 -0.543061 0.726295 0.665305 0.526575 0.527742 -0.543061 0.731183 0.661663 0.526037 0.527742 -0.543061 0.725318 0.657628 0.525529 0.527742 -0.543061 0.717498 0.653150 0.525068 0.520032 -0.520032 0.775171 
0.668602 0.527082 0.527742 -0.543061 0.726295 0.665305 0.526575 0.527742 -0.543061 0.731183 0.661663 0.526037 0.527742 -0.543061 0.725318 0.657628 0.525529 0.527742 -0.543061 0.717498 0.653150 0.525068 0.520032 -0.520032 0.775171 0.648253 0.524699 0.520032 -0.520032 0.775171 
0.665305 0.526575 0.527742 -0.543061 0.731183 0.661663 0.526037 0.527742 -0.543061 0.725318 0.657628 0.525529 0.527742 -0.543061 0.717498 0.653150 0.525068 0.520032 -0.520032 0.775171 0.648253 0.524699 0.520032 -0.520032 0.775171 0.642766 0.524376 0.520032 -0.520032 0.779081 
0.661663 0.526037 0.527742 -0.543061 0.725318 0.657628 0.525529 0.527742 -0.543061 0.717498 0.653150 0.525068 0.520032 -0.520032 0.775171 0.648253 0.524699 0.520032 -0.520032 0.775171 0.642766 0.524376 0.520032 -0.520032 0.779081 0.636885 0.524191 0.520032 -0.520032 0.805474 
0.657628 0.525529 0.527742 -0.543061 0.717498 0.653150 0.525068 0.520032 -0.520032 0.775171 0.648253 0.524699 0.520032 -0.520032 0.775171 0.642766 0.524376 0.520032 -0.520032 0.779081 0.636885 0.524191 0.520032 -0.520032 0.805474 0.630635 0.524099 0.520032 -0.520032 0.795699 
0.624508 0.493787 0.472372 -0.612916 0.000000 0.626895 0.495002 0.453469 -0.574068 0.000000 0.629306 0.496201 0.407971 -0.553025 0.000000 0.631718 0.497386 0.394843 -0.536845 0.000000 0.634080 0.498524 0.403607 -0.531390 0.000000 0.636467 0.499646 0.381904 -0.520764 0.000000 
0.626895 0.495002 0.453469 -0.574068 0.000000 0.629306 0.496201 0.407971 -0.553025 0.000000 0.631718 0.497386 0.394843 -0.536845 0.000000 0.634080 0.498524 0.403607 -0.531390 0.000000 0.636467 0.499646 0.381904 -0.520764 0.000000 0.638804 0.500738 0.381904 -0.520764 0.000000 
0.629306 0.496201 0.407971 -0.553025 0.000000 0.631718 0.497386 0.394843 -0.536845 0.000000 0.634080 0.498524 0.403607 -0.531390 0.000000 0.636467 0.499646 0.381904 -0.520764 0.000000 0.638804 0.500738 0.381904 -0.520764 0.000000 0.641068 0.501815 0.381904 -0.520764 0.000000 
0.631718 0.497386 0.394843 -0.536845 0.000000 0.634080 0.498524 0.403607 -0.531390 0.000000 0.636467 0.499646 0.381904 -0.520764 0.000000 0.638804 0.500738 0.381904 -0.520764 0.000000 0.641068 0.501815 0.381904 -0.520764 0.000000 0.643282 0.502845 0.394843 -0.536845 0.000000 
0.634080 0.498524 0.403607 -0.531390 0.000000 0.636467 0.499646 0.381904 -0.520764 0.000000 0.638804 0.500738 0.381904 -0.520764 0.000000 0.641068 0.501815 0.381904 -0.520764 0.000000 0.643282 0.502845 0.394843 -0.536845 0.000000 0.645374 0.503860 0.402310 -0.580051 0.000000 
0.636467 0.499646 0.381904 -0.520764 0.000000 0.638804 0.500738 0.381904 -0.520764 0.000000 0.641068 0.501815 0.381904 -0.520764 0.000000 0.643282 0.502845 0.394843 -0.536845 0.000000 0.645374 0.503860 0.402310 -0.580051 0.000000 0.647367 0.504844 0.434824 -0.585693 0.000000 
0.638804 0.500738 0.381904 -0.520764 0.000000 0.641068 0.501815 0.381904 -0.520764 0.000000 0.643282 0.502845 0.394843 -0.536845 0.000000 0.645374 0.503860 0.402310 -0.580051 0.000000 0.647367 0.504844 0.434824 -0.585693 0.000000 0.649336 0.505798 0.452465 -0.624465 0.000000 
0.641068 0.501815 0.381904 -0.520764 0.000000 0.643282 0.502845 0.394843 -0.536845 0.000000 0.645374 0.503860 0.402310 -0.580051 0.000000 0.647367 0.504844 0.434824 -0.585693 0.000000 0.649336 0.505798 0.452465 -0.624465 0.000000 0.654897 0.508581 0.528612 -0.732464 0.000000 
0.643282 0.502845 0.394843 -0.536845 0.000000 0.645374 0.503860 0.402310 -0.580051 0.000000 0.647367 0.504844 0.434824 -0.585693 0.000000 0.649336 0.505798 0.452465 -0.624465 0.000000 0.654897 0.508581 0.528612 -0.732464 0.000000 0.651230 0.506736 0.469935 -0.663714 0.000000 
0.645374 0.503860 0.402310 -0.580051 0.000000 0.647367 0.504844 0.434824 -0.585693 0.000000 0.649336 0.505798 0.452465 -0.624465 0.000000 0.654897 0.508581 0.528612 -0.732464 0.000000 0.651230 0.506736 0.469935 -0.663714 0.000000 0.653100 0.507659 0.498718 -0.697880 0.000000 
0.647367 0.504844 0.434824 -0.585693 0.000000 0.649336 0.505798 0.452465 -0.624465 0.000000 0.654897 0.508581 0.528612 -0.732464 0.000000 0.651230 0.506736 0.469935 -0.663714 0.000000 0.653100 0.507659 0.498718 -0.697880 0.000000 0.656619 0.509473 0.544002 -0.749915 0.000000 
0.649336 0.505798 0.452465 -0.624465 0.000000 0.654897 0.508581 0.528612 -0.732464 0.000000 0.651230 0.506736 0.469935 -0.663714 0.000000 0.653100 0.507659 0.498718 -0.697880 0.000000 0.656619 0.509473 0.544002 -0.749915 0.000000 0.658317 0.510381 0.563284 -0.790702 0.000000 
0.654897 0.508581 0.528612 -0.732464 0.000000 0.651230 0.506736 0.469935 -0.663714 0.000000 0.653100 0.507659 0.498718 -0.697880 0.000000 0.656619 0.509473 0.544002 -0.749915 0.000000 0.658317 0.510381 0.563284 -0.790702 0.000000 0.660015 0.511319 0.579459 -0.808475 0.000000 
0.651230 0.506736 0.469935 -0.663714 0.000000 0.653100 0.507659 0.498718 -0.697880 0.000000 0.656619 0.509473 0.544002 -0.749915 0.000000 0.658317 0.510381 0.563284 -0.790702 0.000000 0.660015 0.511319 0.579459 -0.808475 0.000000 0.661713 0.512257 0.592081 -0.802920 0.000000 
0.653100 0.507659 0.498718 -0.697880 0.000000 0.656619 0.509473 0.544002 -0.749915 0.000000 0.658317 0.510381 0.563284 -0.790702 0.000000 0.660015 0.511319 0.579459 -0.808475 0.000000 0.661713 0.512257 0.592081 -0.802920 0.000000 0.663435 0.513195 0.595990 -0.826351 0.000000 
0.656619 0.509473 0.544002 -0.749915 0.000000 0.658317 0.510381 0.563284 -0.790702 0.000000 0.660015 0.511319 0.579459 -0.808475 0.000000 0.661713 0.512257 0.592081 -0.802920 0.000000 0.663435 0.513195 0.595990 -0.826351 0.000000 0.665182 0.514118 0.595990 -0.826351 0.000000 
0.658317 0.510381 0.563284 -0.790702 0.000000 0.660015 0.511319 0.579459 -0.808475 0.000000 0.661713 0.512257 0.592081 -0.802920 0.000000 0.663435 0.513195 0.595990 -0.826351 0.000000 0.665182 0.514118 0.595990 -0.826351 0.000000 0.666978 0.515010 0.608781 -0.820807 0.000000 
0.660015 0.511319 0.579459 -0.808475 0.000000 0.661713 0.512257 0.592081 -0.802920 0.000000 0.663435 0.513195 0.595990 -0.826351 0.000000 0.665182 0.514118 0.595990 -0.826351 0.000000 0.666978 0.515010 0.608781 -0.820807 0.000000 0.668873 0.515886 0.608781 -0.820807 0.000000 
0.661713 0.512257 0.592081 -0.802920 0.000000 0.663435 0.513195 0.595990 -0.826351 0.000000 0.665182 0.514118 0.595990 -0.826351 0.000000 0.666978 0.515010 0.608781 -0.820807 0.000000 0.668873 0.515886 0.608781 -0.820807 0.000000 0.670891 0.516732 0.604353 -0.797146 0.000000 
0.663435 0.513195 0.595990 -0.826351 0.000000 0.665182 0.514118 0.595990 -0.826351 0.000000 0.666978 0.515010 0.608781 -0.820807 0.000000 0.668873 0.515886 0.608781 -0.820807 0.000000 0.670891 0.516732 0.604353 -0.797146 0.000000 0.673007 0.517517 0.604353 -0.797146 0.000000 
0.665182 0.514118 0.595990 -0.826351 0.000000 0.666978 0.515010 0.608781 -0.820807 0.000000 0.668873 0.515886 0.608781 -0.820807 0.000000 0.670891 0.516732 0.604353 -0.797146 0.000000 0.673007 0.517517 0.604353 -0.797146 0.000000 0.675172 0.518193 0.616280 -0.791149 0.000000 
0.666978 0.515010 0.608781 -0.820807 0.000000 0.668873 0.515886 0.608781 -0.820807 0.000000 0.670891 0.516732 0.604353 -0.797146 0.000000 0.673007 0.517517 0.604353 -0.797146 0.000000 0.675172 0.518193 0.616280 -0.791149 0.000000 0.677436 0.518778 0.611058 -0.767147 0.000000 
0.668873 0.515886 0.608781 -0.820807 0.000000 0.670891 0.516732 0.604353 -0.797146 0.000000 0.673007 0.517517 0.604353 -0.797146 0.000000 0.675172 0.518193 0.616280 -0.791149 0.000000 0.677436 0.518778 0.611058 -0.767147 0.000000 0.679700 0.519270 0.599608 -0.773369 0.000000 
0.670891 0.516732 0.604353 -0.797146 0.000000 0.673007 0.517517 0.604353 -0.797146 0.000000 0.675172 0.518193 0.616280 -0.791149 0.000000 0.677436 0.518778 0.611058 -0.767147 0.000000 0.679700 0.519270 0.599608 -0.773369 0.000000 0.681939 0.519270 0.594553 -0.749502 0.000000 
0.673007 0.517517 0.604353 -0.797146 0.000000 0.675172 0.518193 0.616280 -0.791149 0.000000 0.677436 0.518778 0.611058 -0.767147 0.000000 0.679700 0.519270 0.599608 -0.773369 0.000000 0.681939 0.519270 0.594553 -0.749502 0.000000 0.684104 0.519793 0.589190 -0.725572 0.000000 
0.675172 0.518193 0.616280 -0.791149 0.000000 0.677436 0.518778 0.611058 -0.767147 0.000000 0.679700 0.519270 0.599608 -0.773369 0.000000 0.681939 0.519270 0.594553 -0.749502 0.000000 0.684104 0.519793 0.589190 -0.725572 0.000000 0.686171 0.519793 0.589190 -0.725572 0.000000 
0.677436 0.518778 0.611058 -0.767147 0.000000 0.679700 0.519270 0.599608 -0.773369 0.000000 0.681939 0.519270 0.594553 -0.749502 0.000000 0.684104 0.519793 0.589190 -0.725572 0.000000 0.686171 0.519793 0.589190 -0.725572 0.000000 0.688091 0.519793 0.599744 -0.718929 0.000000 
0.679700 0.519270 0.599608 -0.773369 0.000000 0.681939 0.519270 0.594553 -0.749502 0.000000 0.684104 0.519793 0.589190 -0.725572 0.000000 0.686171 0.519793 0.589190 -0.725572 0.000000 0.688091 0.519793 0.599744 -0.718929 0.000000 0.689788 0.519854 0.573112 -0.708216 0.000000 
0.681939 0.519270 0.594553 -0.749502 0.000000 0.684104 0.519793 0.589190 -0.725572 0.000000 0.686171 0.519793 0.589190 -0.725572 0.000000 0.688091 0.519793 0.599744 -0.718929 0.000000 0.689788 0.519854 0.573112 -0.708216 0.000000 0.691289 0.519946 0.573112 -0.708216 0.000000 
0.684104 0.519793 0.589190 -0.725572 0.000000 0.686171 0.519793 0.589190 -0.725572 0.000000 0.688091 0.519793 0.599744 -0.718929 0.000000 0.689788 0.519854 0.573112 -0.708216 0.000000 0.691289 0.519946 0.573112 -0.708216 0.000000 0.692470 0.520392 0.573112 -0.708216 0.000000 
0.686171 0.519793 0.589190 -0.725572 0.000000 0.688091 0.519793 0.599744 -0.718929 0.000000 0.689788 0.519854 0.573112 -0.708216 0.000000 0.691289 0.519946 0.573112 -0.708216 0.000000 0.692470 0.520392 0.573112 -0.708216 0.000000 0.692470 0.520715 0.573112 -0.708216 0.000000 
0.688091 0.519793 0.599744 -0.718929 0.000000 0.689788 0.519854 0.573112 -0.708216 0.000000 0.691289 0.519946 0.573112 -0.708216 0.000000 0.692470 0.520392 0.573112 -0.708216 0.000000 0.692470 0.520715 0.573112 -0.708216 0.000000 0.692470 0.520992 0.573112 -0.708216 0.000000 
0.689788 0.519854 0.573112 -0.708216 0.000000 0.691289 0.519946 0.573112 -0.708216 0.000000 0.692470 0.520392 0.573112 -0.708216 0.000000 0.692470 0.520715 0.573112 -0.708216 0.000000 0.692470 0.520992 0.573112 -0.708216 0.000000 0.693553 0.521284 0.562418 -0.714603 0.000000 
0.691289 0.519946 0.573112 -0.708216 0.000000 0.692470 0.520392 0.573112 -0.708216 0.000000 0.692470 0.520715 0.573112 -0.708216 0.000000 0.692470 0.520992 0.573112 -0.708216 0.000000 0.693553 0.521284 0.562418 -0.714603 0.000000 0.694267 0.521638 0.562418 -0.714603 0.000000 
0.692470 0.520392 0.573112 -0.708216 0.000000 0.692470 0.520715 0.573112 -0.708216 0.000000 0.692470 0.520992 0.573112 -0.708216 0.000000 0.693553 0.521284 0.562418 -0.714603 0.000000 0.694267 0.521638 0.562418 -0.714603 0.000000 0.694341 0.522146 0.562418 -0.714603 0.000000 
0.692470 0.520715 0.573112 -0.708216 0.000000 0.692470 0.520992 0.573112 -0.708216 0.000000 0.693553 0.521284 0.562418 -0.714603 0.000000 0.694267 0.521638 0.562418 -0.714603 0.000000 0.694341 0.522146 0.562418 -0.714603 0.000000 0.694341 0.522607 0.551438 -0.720771 0.000000 
0.692470 0.520992 0.573112 -0.708216 0.000000 0.693553 0.521284 0.562418 -0.714603 0.000000 0.694267 0.521638 0.562418 -0.714603 0.000000 0.694341 0.522146 0.562418 -0.714603 0.000000 0.694341 0.522607 0.551438 -0.720771 0.000000 0.693824 0.523760 0.546770 -0.697346 0.000000 
0.693553 0.521284 0.562418 -0.714603 0.000000 0.694267 0.521638 0.562418 -0.714603 0.000000 0.694341 0.522146 0.562418 -0.714603 0.000000 0.694341 0.522607 0.551438 -0.720771 0.000000 0.693824 0.523760 0.546770 -0.697346 0.000000 0.694218 0.523176 0.546770 -0.697346 0.000000 
0.694267 0.521638 0.562418 -0.714603 0.000000 0.694341 0.522146 0.562418 -0.714603 0.000000 0.694341 0.522607 0.551438 -0.720771 0.000000 0.693824 0.523760 0.546770 -0.697346 0.000000 0.694218 0.523176 0.546770 -0.697346 0.000000 0.693455 0.524406 0.535963 -0.703481 0.000000 
0.694341 0.522146 0.562418 -0.714603 0.000000 0.694341 0.522607 0.551438 -0.720771 0.000000 0.693824 0.523760 0.546770 -0.697346 0.000000 0.694218 0.523176 0.546770 -0.697346 0.000000 0.693455 0.524406 0.535963 -0.703481 0.000000 0.693307 0.525068 0.535963 -0.703481 0.000000 
0.694341 0.522607 0.551438 -0.720771 0.000000 0.693824 0.523760 0.546770 -0.697346 0.000000 0.694218 0.523176 0.546770 -0.697346 0.000000 0.693455 0.524406 0.535963 -0.703481 0.000000 0.693307 0.525068 0.535963 -0.703481 0.000000 0.693233 0.525729 0.495138 -0.675102 0.000000 
0.693824 0.523760 0.546770 -0.697346 0.000000 0.694218 0.523176 0.546770 -0.697346 0.000000 0.693455 0.524406 0.535963 -0.703481 0.000000 0.693307 0.525068 0.535963 -0.703481 0.000000 0.693233 0.525729 0.495138 -0.675102 0.000000 0.692963 0.526375 0.495138 -0.675102 0.000000 
0.694218 0.523176 0.546770 -0.697346 0.000000 0.693455 0.524406 0.535963 -0.703481 0.000000 0.693307 0.525068 0.535963 -0.703481 0.000000 0.693233 0.525729 0.495138 -0.675102 0.000000 0.692963 0.526375 0.495138 -0.675102 0.000000 0.692938 0.527021 0.495138 -0.675102 0.000000 
0.693455 0.524406 0.535963 -0.703481 0.000000 0.693307 0.525068 0.535963 -0.703481 0.000000 0.693233 0.525729 0.495138 -0.675102 0.000000 0.692963 0.526375 0.495138 -0.675102 0.000000 0.692938 0.527021 0.495138 -0.675102 0.000000 0.692717 0.527605 0.495138 -0.675102 0.000000 
0.693307 0.525068 0.535963 -0.703481 0.000000 0.693233 0.525729 0.495138 -0.675102 0.000000 0.692963 0.526375 0.495138 -0.675102 0.000000 0.692938 0.527021 0.495138 -0.675102 0.000000 0.692717 0.527605 0.495138 -0.675102 0.000000 0.692667 0.528128 0.484193 -0.680745 0.000000 
0.693233 0.525729 0.495138 -0.675102 0.000000 0.692963 0.526375 0.495138 -0.675102 0.000000 0.692938 0.527021 0.495138 -0.675102 0.000000 0.692717 0.527605 0.495138 -0.675102 0.000000 0.692667 0.528128 0.484193 -0.680745 0.000000 0.692667 0.528574 0.484193 -0.680745 0.000000 
0.692963 0.526375 0.495138 -0.675102 0.000000 0.692938 0.527021 0.495138 -0.675102 0.000000 0.692717 0.527605 0.495138 -0.675102 0.000000 0.692667 0.528128 0.484193 -0.680745 0.000000 0.692667 0.528574 0.484193 -0.680745 0.000000 0.692667 0.528682 0.484193 -0.680745 0.000000 
0.692938 0.527021 0.495138 -0.675102 0.000000 0.692717 0.527605 0.495138 -0.675102 0.000000 0.692667 0.528128 0.484193 -0.680745 0.000000 0.692667 0.528574 0.484193 -0.680745 0.000000 0.692667 0.528682 0.484193 -0.680745 0.000000 0.692963 0.528759 0.487296 -0.703360 0.000000 
0.692717 0.527605 0.495138 -0.675102 0.000000 0.692667 0.528128 0.484193 -0.680745 0.000000 0.692667 0.528574 0.484193 -0.680745 0.000000 0.692667 0.528682 0.484193 -0.680745 0.000000 0.692963 0.528759 0.487296 -0.703360 0.000000 0.693381 0.528789 0.487296 -0.703360 0.000000 
0.692667 0.528128 0.484193 -0.680745 0.000000 0.692667 0.528574 0.484193 -0.680745 0.000000 0.692667 0.528682 0.484193 -0.680745 0.000000 0.692963 0.528759 0.487296 -0.703360 0.000000 0.693381 0.528789 0.487296 -0.703360 0.000000 0.693848 0.529128 0.487296 -0.703360 0.000000 
0.692667 0.528574 0.484193 -0.680745 0.000000 0.692667 0.528682 0.484193 -0.680745 0.000000 0.692963 0.528759 0.487296 -0.703360 0.000000 0.693381 0.528789 0.487296 -0.703360 0.000000 0.693848 0.529128 0.487296 -0.703360 0.000000 0.694341 0.529235 0.487296 -0.703360 0.000000 
0.692667 0.528682 0.484193 -0.680745 0.000000 0.692963 0.528759 0.487296 -0.703360 0.000000 0.693381 0.528789 0.487296 -0.703360 0.000000 0.693848 0.529128 0.487296 -0.703360 0.000000 0.694341 0.529235 0.487296 -0.703360 0.000000 0.694759 0.529235 0.489961 -0.725935 0.000000 
0.692963 0.528759 0.487296 -0.703360 0.000000 0.693381 0.528789 0.487296 -0.703360 0.000000 0.693848 0.529128 0.487296 -0.703360 0.000000 0.694341 0.529235 0.487296 -0.703360 0.000000 0.694759 0.529235 0.489961 -0.725935 0.000000 0.694759 0.529174 0.489961 -0.725935 0.000000 
0.693381 0.528789 0.487296 -0.703360 0.000000 0.693848 0.529128 0.487296 -0.703360 0.000000 0.694341 0.529235 0.487296 -0.703360 0.000000 0.694759 0.529235 0.489961 -0.725935 0.000000 0.694759 0.529174 0.489961 -0.725935 0.000000 0.694808 0.528928 0.489961 -0.725935 0.000000 
0.693848 0.529128 0.487296 -0.703360 0.000000 0.694341 0.529235 0.487296 -0.703360 0.000000 0.694759 0.529235 0.489961 -0.725935 0.000000 0.694759 0.529174 0.489961 -0.725935 0.000000 0.694808 0.528928 0.489961 -0.725935 0.000000 0.694882 0.528666 0.489961 -0.725935 0.000000 
0.694341 0.529235 0.487296 -0.703360 0.000000 0.694759 0.529235 0.489961 -0.725935 0.000000 0.694759 0.529174 0.489961 -0.725935 0.000000 0.694808 0.528928 0.489961 -0.725935 0.000000 0.694882 0.528666 0.489961 -0.725935 0.000000 0.695300 0.528390 0.513521 -0.715119 0.000000 
0.694759 0.529235 0.489961 -0.725935 0.000000 0.694759 0.529174 0.489961 -0.725935 0.000000 0.694808 0.528928 0.489961 -0.725935 0.000000 0.694882 0.528666 0.489961 -0.725935 0.000000 0.695300 0.528390 0.513521 -0.715119 0.000000 0.695571 0.528143 0.516761 -0.737995 0.000000 
0.694759 0.529174 0.489961 -0.725935 0.000000 0.694808 0.528928 0.489961 -0.725935 0.000000 0.694882 0.528666 0.489961 -0.725935 0.000000 0.695300 0.528390 0.513521 -0.715119 0.000000 0.695571 0.528143 0.516761 -0.737995 0.000000 0.695620 0.527913 0.516761 -0.737995 0.000000 
0.694808 0.528928 0.489961 -0.725935 0.000000 0.694882 0.528666 0.489961 -0.725935 0.000000 0.695300 0.528390 0.513521 -0.715119 0.000000 0.695571 0.528143 0.516761 -0.737995 0.000000 0.695620 0.527913 0.516761 -0.737995 0.000000 0.695620 0.527713 0.516761 -0.737995 0.000000 
0.694882 0.528666 0.489961 -0.725935 0.000000 0.695300 0.528390 0.513521 -0.715119 0.000000 0.695571 0.528143 0.516761 -0.737995 0.000000 0.695620 0.527913 0.516761 -0.737995 0.000000 0.695620 0.527713 0.516761 -0.737995 0.000000 0.695546 0.527528 0.516761 -0.737995 0.000000 
0.695300 0.528390 0.513521 -0.715119 0.000000 0.695571 0.528143 0.516761 -0.737995 0.000000 0.695620 0.527913 0.516761 -0.737995 0.000000 0.695620 0.527713 0.516761 -0.737995 0.000000 0.695546 0.527528 0.516761 -0.737995 0.000000 0.695226 0.527375 0.513521 -0.715119 0.000000 
0.695571 0.528143 0.516761 -0.737995 0.000000 0.695620 0.527913 0.516761 -0.737995 0.000000 0.695620 0.527713 0.516761 -0.737995 0.000000 0.695546 0.527528 0.516761 -0.737995 0.000000 0.695226 0.527375 0.513521 -0.715119 0.000000 0.694439 0.527298 0.513521 -0.715119 0.000000 
0.695620 0.527913 0.516761 -0.737995 0.000000 0.695620 0.527713 0.516761 -0.737995 0.000000 0.695546 0.527528 0.516761 -0.737995 0.000000 0.695226 0.527375 0.513521 -0.715119 0.000000 0.694439 0.527298 0.513521 -0.715119 0.000000 0.694833 0.527328 0.513521 -0.715119 0.000000 
0.695620 0.527713 0.516761 -0.737995 0.000000 0.695546 0.527528 0.516761 -0.737995 0.000000 0.695226 0.527375 0.513521 -0.715119 0.000000 0.694439 0.527298 0.513521 -0.715119 0.000000 0.694833 0.527328 0.513521 -0.715119 0.000000 0.694070 0.527251 0.513521 -0.715119 0.000000 
0.695546 0.527528 0.516761 -0.737995 0.000000 0.695226 0.527375 0.513521 -0.715119 0.000000 0.694439 0.527298 0.513521 -0.715119 0.000000 0.694833 0.527328 0.513521 -0.715119 0.000000 0.694070 0.527251 0.513521 -0.715119 0.000000 0.693898 0.527221 0.513521 -0.715119 0.000000 
0.695226 0.527375 0.513521 -0.715119 0.000000 0.694439 0.527298 0.513521 -0.715119 0.000000 0.694833 0.527328 0.513521 -0.715119 0.000000 0.694070 0.527251 0.513521 -0.715119 0.000000 0.693898 0.527221 0.513521 -0.715119 0.000000 0.693381 0.527128 0.513521 -0.715119 0.000000 
0.694439 0.527298 0.513521 -0.715119 0.000000 0.694833 0.527328 0.513521 -0.715119 0.000000 0.694070 0.527251 0.513521 -0.715119 0.000000 0.693898 0.527221 0.513521 -0.715119 0.000000 0.693381 0.527128 0.513521 -0.715119 0.000000 0.693258 0.527052 0.513521 -0.715119 0.000000 
0.694833 0.527328 0.513521 -0.715119 0.000000 0.694070 0.527251 0.513521 -0.715119 0.000000 0.693898 0.527221 0.513521 -0.715119 0.000000 0.693381 0.527128 0.513521 -0.715119 0.000000 0.693258 0.527052 0.513521 -0.715119 0.000000 0.693159 0.526944 0.498718 -0.697880 0.000000 
0.694070 0.527251 0.513521 -0.715119 0.000000 0.693898 0.527221 0.513521 -0.715119 0.000000 0.693381 0.527128 0.513521 -0.715119 0.000000 0.693258 0.527052 0.513521 -0.715119 0.000000 0.693159 0.526944 0.498718 -0.697880 0.000000 0.693061 0.526898 0.498718 -0.697880 0.000000 
0.693898 0.527221 0.513521 -0.715119 0.000000 0.693381 0.527128 0.513521 -0.715119 0.000000 0.693258 0.527052 0.513521 -0.715119 0.000000 0.693159 0.526944 0.498718 -0.697880 0.000000 0.693061 0.526898 0.498718 -0.697880 0.000000 0.692790 0.526882 0.498718 -0.697880 0.000000 
0.693381 0.527128 0.513521 -0.715119 0.000000 0.693258 0.527052 0.513521 -0.715119 0.000000 0.693159 0.526944 0.498718 -0.697880 0.000000 0.693061 0.526898 0.498718 -0.697880 0.000000 0.692790 0.526882 0.498718 -0.697880 0.000000 0.692446 0.526882 0.498718 -0.697880 0.000000 
0.693258 0.527052 0.513521 -0.715119 0.000000 0.693159 0.526944 0.498718 -0.697880 0.000000 0.693061 0.526898 0.498718 -0.697880 0.000000 0.692790 0.526882 0.498718 -0.697880 0.000000 0.692446 0.526882 0.498718 -0.697880 0.000000 0.692397 0.526882 0.498718 -0.697880 0.000000 
0.693159 0.526944 0.498718 -0.697880 0.000000 0.693061 0.526898 0.498718 -0.697880 0.000000 0.692790 0.526882 0.498718 -0.697880 0.000000 0.692446 0.526882 0.498718 -0.697880 0.000000 0.692397 0.526882 0.498718 -0.697880 0.000000 0.692200 0.526882 0.498718 -0.697880 0.000000 
0.693061 0.526898 0.498718 -0.697880 0.000000 0.692790 0.526882 0.498718 -0.697880 0.000000 0.692446 0.526882 0.498718 -0.697880 0.000000 0.692397 0.526882 0.498718 -0.697880 0.000000 0.692200 0.526882 0.498718 -0.697880 0.000000 0.691954 0.526882 0.495138 -0.675102 0.000000 
0.692790 0.526882 0.498718 -0.697880 0.000000 0.692446 0.526882 0.498718 -0.697880 0.000000 0.692397 0.526882 0.498718 -0.697880 0.000000 0.692200 0.526882 0.498718 -0.697880 0.000000 0.691954 0.526882 0.495138 -0.675102 0.000000 0.691708 0.526882 0.495138 -0.675102 0.000000 
0.692446 0.526882 0.498718 -0.697880 0.000000 0.692397 0.526882 0.498718 -0.697880 0.000000 0.692200 0.526882 0.498718 -0.697880 0.000000 0.691954 0.526882 0.495138 -0.675102 0.000000 0.691708 0.526882 0.495138 -0.675102 0.000000 0.691609 0.526929 0.484193 -0.680745 0.000000 
0.692397 0.526882 0.498718 -0.697880 0.000000 0.692200 0.526882 0.498718 -0.697880 0.000000 0.691954 0.526882 0.495138 -0.675102 0.000000 0.691708 0.526882 0.495138 -0.675102 0.000000 0.691609 0.526929 0.484193 -0.680745 0.000000 0.691412 0.527144 0.480665 -0.658116 0.000000 
0.692200 0.526882 0.498718 -0.697880 0.000000 0.691954 0.526882 0.495138 -0.675102 0.000000 0.691708 0.526882 0.495138 -0.675102 0.000000 0.691609 0.526929 0.484193 -0.680745 0.000000 0.691412 0.527144 0.480665 -0.658116 0.000000 0.691339 0.527390 0.480665 -0.658116 0.000000 
0.691954 0.526882 0.495138 -0.675102 0.000000 0.691708 0.526882 0.495138 -0.675102 0.000000 0.691609 0.526929 0.484193 -0.680745 0.000000 0.691412 0.527144 0.480665 -0.658116 0.000000 0.691339 0.527390 0.480665 -0.658116 0.000000 0.691240 0.527651 0.480665 -0.658116 0.000000 
0.691708 0.526882 0.495138 -0.675102 0.000000 0.691609 0.526929 0.484193 -0.680745 0.000000 0.691412 0.527144 0.480665 -0.658116 0.000000 0.691339 0.527390 0.480665 -0.658116 0.000000 0.691240 0.527651 0.480665 -0.658116 0.000000 0.691117 0.527944 0.466443 -0.641237 0.000000 
0.691609 0.526929 0.484193 -0.680745 0.000000 0.691412 0.527144 0.480665 -0.658116 0.000000 0.691339 0.527390 0.480665 -0.658116 0.000000 0.691240 0.527651 0.480665 -0.658116 0.000000 0.691117 0.527944 0.466443 -0.641237 0.000000 0.691068 0.528282 0.466443 -0.641237 0.291300 
0.691412 0.527144 0.480665 -0.658116 0.000000 0.691339 0.527390 0.480665 -0.658116 0.000000 0.691240 0.527651 0.480665 -0.658116 0.000000 0.691117 0.527944 0.466443 -0.641237 0.000000 0.691068 0.528282 0.466443 -0.641237 0.291300 0.691043 0.528605 0.476721 -0.635497 0.334311 
0.691339 0.527390 0.480665 -0.658116 0.000000 0.691240 0.527651 0.480665 -0.658116 0.000000 0.691117 0.527944 0.466443 -0.641237 0.000000 0.691068 0.528282 0.466443 -0.641237 0.291300 0.691043 0.528605 0.476721 -0.635497 0.334311 0.690969 0.528928 0.452465 -0.624465 0.392962 
0.691240 0.527651 0.480665 -0.658116 0.000000 0.691117 0.527944 0.466443 -0.641237 0.000000 0.691068 0.528282 0.466443 -0.641237 0.291300 0.691043 0.528605 0.476721 -0.635497 0.334311 0.690969 0.528928 0.452465 -0.624465 0.392962 0.690846 0.529235 0.452465 -0.624465 0.448680 
0.691117 0.527944 0.466443 -0.641237 0.000000 0.691068 0.528282 0.466443 -0.641237 0.291300 0.691043 0.528605 0.476721 -0.635497 0.334311 0.690969 0.528928 0.452465 -0.624465 0.392962 0.690846 0.529235 0.452465 -0.624465 0.448680 0.690699 0.529543 0.442181 -0.629955 0.478006 
0.691068 0.528282 0.466443 -0.641237 0.291300 0.691043 0.528605 0.476721 -0.635497 0.334311 0.690969 0.528928 0.452465 -0.624465 0.392962 0.690846 0.529235 0.452465 -0.624465 0.448680 0.690699 0.529543 0.442181 -0.629955 0.478006 0.690551 0.529835 0.438721 -0.607797 0.496579 
0.691043 0.528605 0.476721 -0.635497 0.334311 0.690969 0.528928 0.452465 -0.624465 0.392962 0.690846 0.529235 0.452465 -0.624465 0.448680 0.690699 0.529543 0.442181 -0.629955 0.478006 0.690551 0.529835 0.438721 -0.607797 0.496579 0.690428 0.530112 0.438721 -0.607797 0.500489 
0.690969 0.528928 0.452465 -0.624465 0.392962 0.690846 0.529235 0.452465 -0.624465 0.448680 0.690699 0.529543 0.442181 -0.629955 0.478006 0.690551 0.529835 0.438721 -0.607797 0.496579 0.690428 0.530112 0.438721 -0.607797 0.500489 0.690256 0.530373 0.438721 -0.607797 0.496579 
0.690846 0.529235 0.452465 -0.624465 0.448680 0.690699 0.529543 0.442181 -0.629955 0.478006 0.690551 0.529835 0.438721 -0.607797 0.496579 0.690428 0.530112 0.438721 -0.607797 0.500489 0.690256 0.530373 0.438721 -0.607797 0.496579 0.690108 0.530604 0.438721 -0.607797 0.504399 
0.690699 0.529543 0.442181 -0.629955 0.478006 0.690551 0.529835 0.438721 -0.607797 0.496579 0.690428 0.530112 0.438721 -0.607797 0.500489 0.690256 0.530373 0.438721 -0.607797 0.496579 0.690108 0.530604 0.438721 -0.607797 0.504399 0.689936 0.530804 0.438721 -0.607797 0.521994 
0.690551 0.529835 0.438721 -0.607797 0.496579 0.690428 0.530112 0.438721 -0.607797 0.500489 0.690256 0.530373 0.438721 -0.607797 0.496579 0.690108 0.530604 0.438721 -0.607797 0.504399 0.689936 0.530804 0.438721 -0.607797 0.521994 0.689764 0.530958 0.438721 -0.607797 0.532747 
0.690428 0.530112 0.438721 -0.607797 0.500489 0.690256 0.530373 0.438721 -0.607797 0.496579 0.690108 0.530604 0.438721 -0.607797 0.504399 0.689936 0.530804 0.438721 -0.607797 0.521994 0.689764 0.530958 0.438721 -0.607797 0.532747 0.689616 0.531065 0.438721 -0.607797 0.553275 
0.690256 0.530373 0.438721 -0.607797 0.496579 0.690108 0.530604 0.438721 -0.607797 0.504399 0.689936 0.530804 0.438721 -0.607797 0.521994 0.689764 0.530958 0.438721 -0.607797 0.532747 0.689616 0.531065 0.438721 -0.607797 0.553275 0.689272 0.531204 0.438721 -0.607797 0.580645 
0.690108 0.530604 0.438721 -0.607797 0.504399 0.689936 0.530804 0.438721 -0.607797 0.521994 0.689764 0.530958 0.438721 -0.607797 0.532747 0.689616 0.531065 0.438721 -0.607797 0.553275 0.689272 0.531204 0.438721 -0.607797 0.580645 0.689444 0.531142 0.438721 -0.607797 0.565982 
0.689936 0.530804 0.438721 -0.607797 0.521994 0.689764 0.530958 0.438721 -0.607797 0.532747 0.689616 0.531065 0.438721 -0.607797 0.553275 0.689272 0.531204 0.438721 -0.607797 0.580645 0.689444 0.531142 0.438721 -0.607797 0.565982 0.689099 0.531250 0.438721 -0.607797 0.586510 
0.689764 0.530958 0.438721 -0.607797 0.532747 0.689616 0.531065 0.438721 -0.607797 0.553275 0.689272 0.531204 0.438721 -0.607797 0.580645 0.689444 0.531142 0.438721 -0.607797 0.565982 0.689099 0.531250 0.438721 -0.607797 0.586510 0.688952 0.531281 0.438721 -0.607797 0.601173 
0.689616 0.531065 0.438721 -0.607797 0.553275 0.689272 0.531204 0.438721 -0.607797 0.580645 0.689444 0.531142 0.438721 -0.607797 0.565982 0.689099 0.531250 0.438721 -0.607797 0.586510 0.688952 0.531281 0.438721 -0.607797 0.601173 0.688804 0.531296 0.438721 -0.607797 0.616813 
0.689272 0.531204 0.438721 -0.607797 0.580645 0.689444 0.531142 0.438721 -0.607797 0.565982 0.689099 0.531250 0.438721 -0.607797 0.586510 0.688952 0.531281 0.438721 -0.607797 0.601173 0.688804 0.531296 0.438721 -0.607797 0.616813 0.688681 0.531327 0.438721 -0.607797 0.636364 
0.689444 0.531142 0.438721 -0.607797 0.565982 0.689099 0.531250 0.438721 -0.607797 0.586510 0.688952 0.531281 0.438721 -0.607797 0.601173 0.688804 0.531296 0.438721 -0.607797 0.616813 0.688681 0.531327 0.438721 -0.607797 0.636364 0.688607 0.531327 0.438721 -0.607797 0.656892 
0.689099 0.531250 0.438721 -0.607797 0.586510 0.688952 0.531281 0.438721 -0.607797 0.601173 0.688804 0.531296 0.438721 -0.607797 0.616813 0.688681 0.531327 0.438721 -0.607797 0.636364 0.688607 0.531327 0.438721 -0.607797 0.656892 0.688558 0.531327 0.438721 -0.607797 0.675464 
0.688952 0.531281 0.438721 -0.607797 0.601173 0.688804 0.531296 0.438721 -0.607797 0.616813 0.688681 0.531327 0.438721 -0.607797 0.636364 0.688607 0.531327 0.438721 -0.607797 0.656892 0.688558 0.531327 0.438721 -0.607797 0.675464 0.688533 0.531327 0.438721 -0.607797 0.699902 
0.688804 0.531296 0.438721 -0.607797 0.616813 0.688681 0.531327 0.438721 -0.607797 0.636364 0.688607 0.531327 0.438721 -0.607797 0.656892 0.688558 0.531327 0.438721 -0.607797 0.675464 0.688533 0.531327 0.438721 -0.607797 0.699902 0.688509 0.531327 0.438721 -0.607797 0.719453 
0.688681 0.531327 0.438721 -0.607797 0.636364 0.688607 0.531327 0.438721 -0.607797 0.656892 0.688558 0.531327 0.438721 -0.607797 0.675464 0.688533 0.531327 0.438721 -0.607797 0.699902 0.688509 0.531327 0.438721 -0.607797 0.719453 0.688509 0.531281 0.438721 -0.607797 0.746823 
0.688607 0.531327 0.438721 -0.607797 0.656892 0.688558 0.531327 0.438721 -0.607797 0.675464 0.688533 0.531327 0.438721 -0.607797 0.699902 0.688509 0.531327 0.438721 -0.607797 0.719453 0.688509 0.531281 0.438721 -0.607797 0.746823 0.688509 0.531081 0.438721 -0.607797 0.766373 
0.688558 0.531327 0.438721 -0.607797 0.675464 0.688533 0.531327 0.438721 -0.607797 0.699902 0.688509 0.531327 0.438721 -0.607797 0.719453 0.688509 0.531281 0.438721 -0.607797 0.746823 0.688509 0.531081 0.438721 -0.607797 0.766373 0.688509 0.530819 0.438721 -0.607797 0.785924 
0.688533 0.531327 0.438721 -0.607797 0.699902 0.688509 0.531327 0.438721 -0.607797 0.719453 0.688509 0.531281 0.438721 -0.607797 0.746823 0.688509 0.531081 0.438721 -0.607797 0.766373 0.688509 0.530819 0.438721 -0.607797 0.785924 0.688509 0.530481 0.438721 -0.607797 0.797654 
0.688509 0.531327 0.438721 -0.607797 0.719453 0.688509 0.531281 0.438721 -0.607797 0.746823 0.688509 0.531081 0.438721 -0.607797 0.766373 0.688509 0.530819 0.438721 -0.607797 0.785924 0.688509 0.530481 0.438721 -0.607797 0.797654 0.688460 0.530097 0.438721 -0.607797 0.814272 
0.688509 0.531281 0.438721 -0.607797 0.746823 0.688509 0.531081 0.438721 -0.607797 0.766373 0.688509 0.530819 0.438721 -0.607797 0.785924 0.688509 0.530481 0.438721 -0.607797 0.797654 0.688460 0.530097 0.438721 -0.607797 0.814272 0.688410 0.529620 0.438721 -0.607797 0.821114 
0.688509 0.531081 0.438721 -0.607797 0.766373 0.688509 0.530819 0.438721 -0.607797 0.785924 0.688509 0.530481 0.438721 -0.607797 0.797654 0.688460 0.530097 0.438721 -0.607797 0.814272 0.688410 0.529620 0.438721 -0.607797 0.821114 0.688312 0.529035 0.438721 -0.607797 0.830890 
0.688509 0.530819 0.438721 -0.607797 0.785924 0.688509 0.530481 0.438721 -0.607797 0.797654 0.688460 0.530097 0.438721 -0.607797 0.814272 0.688410 0.529620 0.438721 -0.607797 0.821114 0.688312 0.529035 0.438721 -0.607797 0.830890 0.688214 0.528282 0.438721 -0.607797 0.830890 
0.688509 0.530481 0.438721 -0.607797 0.797654 0.688460 0.530097 0.438721 -0.607797 0.814272 0.688410 0.529620 0.438721 -0.607797 0.821114 0.688312 0.529035 0.438721 -0.607797 0.830890 0.688214 0.528282 0.438721 -0.607797 0.830890 0.688066 0.527344 0.438721 -0.607797 0.833822 
0.688460 0.530097 0.438721 -0.607797 0.814272 0.688410 0.529620 0.438721 -0.607797 0.821114 0.688312 0.529035 0.438721 -0.607797 0.830890 0.688214 0.528282 0.438721 -0.607797 0.830890 0.688066 0.527344 0.438721 -0.607797 0.833822 0.687918 0.526221 0.434824 -0.585693 0.828934 
0.688410 0.529620 0.438721 -0.607797 0.821114 0.688312 0.529035 0.438721 -0.607797 0.830890 0.688214 0.528282 0.438721 -0.607797 0.830890 0.688066 0.527344 0.438721 -0.607797 0.833822 0.687918 0.526221 0.434824 -0.585693 0.828934 0.687795 0.524914 0.458201 -0.596387 0.844575 
0.688312 0.529035 0.438721 -0.607797 0.830890 0.688214 0.528282 0.438721 -0.607797 0.830890 0.688066 0.527344 0.438721 -0.607797 0.833822 0.687918 0.526221 0.434824 -0.585693 0.828934 0.687795 0.524914 0.458201 -0.596387 0.844575 0.687672 0.523422 0.458201 -0.596387 0.837732 
0.688214 0.528282 0.438721 -0.607797 0.830890 0.688066 0.527344 0.438721 -0.607797 0.833822 0.687918 0.526221 0.434824 -0.585693 0.828934 0.687795 0.524914 0.458201 -0.596387 0.844575 0.687672 0.523422 0.458201 -0.596387 0.837732 0.687598 0.521607 0.458201 -0.596387 0.860215 
0.688066 0.527344 0.438721 -0.607797 0.833822 0.687918 0.526221 0.434824 -0.585693 0.828934 0.687795 0.524914 0.458201 -0.596387 0.844575 0.687672 0.523422 0.458201 -0.596387 0.837732 0.687598 0.521607 0.458201 -0.596387 0.860215 0.687598 0.519593 0.458201 -0.596387 0.872923 
0.687918 0.526221 0.434824 -0.585693 0.828934 0.687795 0.524914 0.458201 -0.596387 0.844575 0.687672 0.523422 0.458201 -0.596387 0.837732 0.687598 0.521607 0.458201 -0.596387 0.860215 0.687598 0.519593 0.458201 -0.596387 0.872923 0.687598 0.517440 0.458201 -0.596387 0.879765 
0.687795 0.524914 0.458201 -0.596387 0.844575 0.687672 0.523422 0.458201 -0.596387 0.837732 0.687598 0.521607 0.458201 -0.596387 0.860215 0.687598 0.519593 0.458201 -0.596387 0.872923 0.687598 0.517440 0.458201 -0.596387 0.879765 0.687598 0.515056 0.458201 -0.596387 0.874878 
0.687672 0.523422 0.458201 -0.596387 0.837732 0.687598 0.521607 0.458201 -0.596387 0.860215 0.687598 0.519593 0.458201 -0.596387 0.872923 0.687598 0.517440 0.458201 -0.596387 0.879765 0.687598 0.515056 0.458201 -0.596387 0.874878 0.687598 0.512472 0.458201 -0.596387 0.889541 
0.687598 0.521607 0.458201 -0.596387 0.860215 0.687598 0.519593 0.458201 -0.596387 0.872923 0.687598 0.517440 0.458201 -0.596387 0.879765 0.687598 0.515056 0.458201 -0.596387 0.874878 0.687598 0.512472 0.458201 -0.596387 0.889541 0.688460 0.503614 0.458201 -0.596387 0.931574 
0.687598 0.519593 0.458201 -0.596387 0.872923 0.687598 0.517440 0.458201 -0.596387 0.879765 0.687598 0.515056 0.458201 -0.596387 0.874878 0.687598 0.512472 0.458201 -0.596387 0.889541 0.688460 0.503614 0.458201 -0.596387 0.931574 0.687746 0.509735 0.458201 -0.596387 0.908113 
0.687598 0.517440 0.458201 -0.596387 0.879765 0.687598 0.515056 0.458201 -0.596387 0.874878 0.687598 0.512472 0.458201 -0.596387 0.889541 0.688460 0.503614 0.458201 -0.596387 0.931574 0.687746 0.509735 0.458201 -0.596387 0.908113 0.688091 0.506782 0.458201 -0.596387 0.910068 
0.687598 0.515056 0.458201 -0.596387 0.874878 0.687598 0.512472 0.458201 -0.596387 0.889541 0.688460 0.503614 0.458201 -0.596387 0.931574 0.687746 0.509735 0.458201 -0.596387 0.908113 0.688091 0.506782 0.458201 -0.596387 0.910068 0.688829 0.500354 0.458201 -0.596387 0.941349 
