0.622859 0.525237 0.527742 -0.543061 0.335288 0.621334 0.526160 0.527742 -0.543061 0.331378 0.622072 0.525698 0.527742 -0.543061 0.332356 0.623622 0.524775 0.527742 -0.543061 0.332356 0.624434 0.524314 0.527742 -0.543061 0.336266 0.625271 0.523884 0.527742 -0.543061 0.335288 
0.621334 0.526160 0.527742 -0.543061 0.331378 0.622072 0.525698 0.527742 -0.543061 0.332356 0.623622 0.524775 0.527742 -0.543061 0.332356 0.624434 0.524314 0.527742 -0.543061 0.336266 0.625271 0.523884 0.527742 -0.543061 0.335288 0.626107 0.523453 0.520032 -0.520032 0.335288 
0.622072 0.525698 0.527742 -0.543061 0.332356 0.623622 0.524775 0.527742 -0.543061 0.332356 0.624434 0.524314 0.527742 -0.543061 0.336266 0.625271 0.523884 0.527742 -0.543061 0.335288 0.626107 0.523453 0.520032 -0.520032 0.335288 0.626993 0.523022 0.520032 -0.520032 0.338221 
0.623622 0.524775 0.527742 -0.543061 0.332356 0.624434 0.524314 0.527742 -0.543061 0.336266 0.625271 0.523884 0.527742 -0.543061 0.335288 0.626107 0.523453 0.520032 -0.520032 0.335288 0.626993 0.523022 0.520032 -0.520032 0.338221 0.627879 0.522592 0.543061 -0.527742 0.333333 
0.624434 0.524314 0.527742 -0.543061 0.336266 0.625271 0.523884 0.527742 -0.543061 0.335288 0.626107 0.523453 0.520032 -0.520032 0.335288 0.626993 0.523022 0.520032 -0.520032 0.338221 0.627879 0.522592 0.543061 -0.527742 0.333333 0.628814 0.522161 0.543061 -0.527742 0.347019 
0.625271 0.523884 0.527742 -0.543061 0.335288 0.626107 0.523453 0.520032 -0.520032 0.335288 0.626993 0.523022 0.520032 -0.520032 0.338221 0.627879 0.522592 0.543061 -0.527742 0.333333 0.628814 0.522161 0.543061 -0.527742 0.347019 0.629774 0.521715 0.543061 -0.527742 0.349951 
0.626107 0.523453 0.520032 -0.520032 0.335288 0.626993 0.523022 0.520032 -0.520032 0.338221 0.627879 0.522592 0.543061 -0.527742 0.333333 0.628814 0.522161 0.543061 -0.527742 0.347019 0.629774 0.521715 0.543061 -0.527742 0.349951 0.630758 0.521269 0.543061 -0.527742 0.349951 
0.626993 0.523022 0.520032 -0.520032 0.338221 0.627879 0.522592 0.543061 -0.527742 0.333333 0.628814 0.522161 0.543061 -0.527742 0.347019 0.629774 0.521715 0.543061 -0.527742 0.349951 0.630758 0.521269 0.543061 -0.527742 0.349951 0.631693 0.520869 0.543061 -0.527742 0.347019 
0.627879 0.522592 0.543061 -0.527742 0.333333 0.628814 0.522161 0.543061 -0.527742 0.347019 0.629774 0.521715 0.543061 -0.527742 0.349951 0.630758 0.521269 0.543061 -0.527742 0.349951 0.631693 0.520869 0.543061 -0.527742 0.347019 0.632579 0.520500 0.543061 -0.527742 0.340176 
0.628814 0.522161 0.543061 -0.527742 0.347019 0.629774 0.521715 0.543061 -0.527742 0.349951 0.630758 0.521269 0.543061 -0.527742 0.349951 0.631693 0.520869 0.543061 -0.527742 0.347019 0.632579 0.520500 0.543061 -0.527742 0.340176 0.633440 0.520116 0.543061 -0.527742 0.337243 
0.629774 0.521715 0.543061 -0.527742 0.349951 0.630758 0.521269 0.543061 -0.527742 0.349951 0.631693 0.520869 0.543061 -0.527742 0.347019 0.632579 0.520500 0.543061 -0.527742 0.340176 0.633440 0.520116 0.543061 -0.527742 0.337243 0.634326 0.519747 0.543061 -0.527742 0.345064 
0.630758 0.521269 0.543061 -0.527742 0.349951 0.631693 0.520869 0.543061 -0.527742 0.347019 0.632579 0.520500 0.543061 -0.527742 0.340176 0.633440 0.520116 0.543061 -0.527742 0.337243 0.634326 0.519747 0.543061 -0.527742 0.345064 0.635187 0.519393 0.535503 -0.535503 0.345064 
0.631693 0.520869 0.543061 -0.527742 0.347019 0.632579 0.520500 0.543061 -0.527742 0.340176 0.633440 0.520116 0.543061 -0.527742 0.337243 0.634326 0.519747 0.543061 -0.527742 0.345064 0.635187 0.519393 0.535503 -0.535503 0.345064 0.635974 0.519070 0.535503 -0.535503 0.346041 
0.632579 0.520500 0.543061 -0.527742 0.340176 0.633440 0.520116 0.543061 -0.527742 0.337243 0.634326 0.519747 0.543061 -0.527742 0.345064 0.635187 0.519393 0.535503 -0.535503 0.345064 0.635974 0.519070 0.535503 -0.535503 0.346041 0.636663 0.518778 0.558824 -0.543251 0.345064 
0.633440 0.520116 0.543061 -0.527742 0.337243 0.634326 0.519747 0.543061 -0.527742 0.345064 0.635187 0.519393 0.535503 -0.535503 0.345064 0.635974 0.519070 0.535503 -0.535503 0.346041 0.636663 0.518778 0.558824 -0.543251 0.345064 0.637279 0.518485 0.558824 -0.543251 0.341153 
0.634326 0.519747 0.543061 -0.527742 0.345064 0.635187 0.519393 0.535503 -0.535503 0.345064 0.635974 0.519070 0.535503 -0.535503 0.346041 0.636663 0.518778 0.558824 -0.543251 0.345064 0.637279 0.518485 0.558824 -0.543251 0.341153 0.637894 0.518193 0.558824 -0.543251 0.345064 
0.635187 0.519393 0.535503 -0.535503 0.345064 0.635974 0.519070 0.535503 -0.535503 0.346041 0.636663 0.518778 0.558824 -0.543251 0.345064 0.637279 0.518485 0.558824 -0.543251 0.341153 0.637894 0.518193 0.558824 -0.543251 0.345064 0.638509 0.517901 0.535503 -0.535503 0.347996 
0.635974 0.519070 0.535503 -0.535503 0.346041 0.636663 0.518778 0.558824 -0.543251 0.345064 0.637279 0.518485 0.558824 -0.543251 0.341153 0.637894 0.518193 0.558824 -0.543251 0.345064 0.638509 0.517901 0.535503 -0.535503 0.347996 0.639099 0.517609 0.535503 -0.535503 0.346041 
0.636663 0.518778 0.558824 -0.543251 0.345064 0.637279 0.518485 0.558824 -0.543251 0.341153 0.637894 0.518193 0.558824 -0.543251 0.345064 0.638509 0.517901 0.535503 -0.535503 0.347996 0.639099 0.517609 0.535503 -0.535503 0.346041 0.639592 0.517363 0.535503 -0.535503 0.342131 
0.637279 0.518485 0.558824 -0.543251 0.341153 0.637894 0.518193 0.558824 -0.543251 0.345064 0.638509 0.517901 0.535503 -0.535503 0.347996 0.639099 0.517609 0.535503 -0.535503 0.346041 0.639592 0.517363 0.535503 -0.535503 0.342131 0.640059 0.517101 0.535503 -0.535503 0.342131 
0.637894 0.518193 0.558824 -0.543251 0.345064 0.638509 0.517901 0.535503 -0.535503 0.347996 0.639099 0.517609 0.535503 -0.535503 0.346041 0.639592 0.517363 0.535503 -0.535503 0.342131 0.640059 0.517101 0.535503 -0.535503 0.342131 0.640502 0.516855 0.535503 -0.535503 0.343109 
0.638509 0.517901 0.535503 -0.535503 0.347996 0.639099 0.517609 0.535503 -0.535503 0.346041 0.639592 0.517363 0.535503 -0.535503 0.342131 0.640059 0.517101 0.535503 -0.535503 0.342131 0.640502 0.516855 0.535503 -0.535503 0.343109 0.640920 0.516640 0.535503 -0.535503 0.343109 
0.639099 0.517609 0.535503 -0.535503 0.346041 0.639592 0.517363 0.535503 -0.535503 0.342131 0.640059 0.517101 0.535503 -0.535503 0.342131 0.640502 0.516855 0.535503 -0.535503 0.343109 0.640920 0.516640 0.535503 -0.535503 0.343109 0.641314 0.516440 0.535503 -0.535503 0.345064 
0.639592 0.517363 0.535503 -0.535503 0.342131 0.640059 0.517101 0.535503 -0.535503 0.342131 0.640502 0.516855 0.535503 -0.535503 0.343109 0.640920 0.516640 0.535503 -0.535503 0.343109 0.641314 0.516440 0.535503 -0.535503 0.345064 0.641683 0.516256 0.535503 -0.535503 0.345064 
0.640059 0.517101 0.535503 -0.535503 0.342131 0.640502 0.516855 0.535503 -0.535503 0.343109 0.640920 0.516640 0.535503 -0.535503 0.343109 0.641314 0.516440 0.535503 -0.535503 0.345064 0.641683 0.516256 0.535503 -0.535503 0.345064 0.641978 0.516102 0.535503 -0.535503 0.344086 
0.640502 0.516855 0.535503 -0.535503 0.343109 0.640920 0.516640 0.535503 -0.535503 0.343109 0.641314 0.516440 0.535503 -0.535503 0.345064 0.641683 0.516256 0.535503 -0.535503 0.345064 0.641978 0.516102 0.535503 -0.535503 0.344086 0.642224 0.515963 0.535503 -0.535503 0.345064 
0.640920 0.516640 0.535503 -0.535503 0.343109 0.641314 0.516440 0.535503 -0.535503 0.345064 0.641683 0.516256 0.535503 -0.535503 0.345064 0.641978 0.516102 0.535503 -0.535503 0.344086 0.642224 0.515963 0.535503 -0.535503 0.345064 0.642717 0.515687 0.535503 -0.535503 0.342131 
0.641314 0.516440 0.535503 -0.535503 0.345064 0.641683 0.516256 0.535503 -0.535503 0.345064 0.641978 0.516102 0.535503 -0.535503 0.344086 0.642224 0.515963 0.535503 -0.535503 0.345064 0.642717 0.515687 0.535503 -0.535503 0.342131 0.642421 0.515840 0.535503 -0.535503 0.344086 
0.641683 0.516256 0.535503 -0.535503 0.345064 0.641978 0.516102 0.535503 -0.535503 0.344086 0.642224 0.515963 0.535503 -0.535503 0.345064 0.642717 0.515687 0.535503 -0.535503 0.342131 0.642421 0.515840 0.535503 -0.535503 0.344086 0.642593 0.515748 0.535503 -0.535503 0.344086 
0.641978 0.516102 0.535503 -0.535503 0.344086 0.642224 0.515963 0.535503 -0.535503 0.345064 0.642717 0.515687 0.535503 -0.535503 0.342131 0.642421 0.515840 0.535503 -0.535503 0.344086 0.642593 0.515748 0.535503 -0.535503 0.344086 0.642766 0.515625 0.535503 -0.535503 0.341153 
0.642224 0.515963 0.535503 -0.535503 0.345064 0.642717 0.515687 0.535503 -0.535503 0.342131 0.642421 0.515840 0.535503 -0.535503 0.344086 0.642593 0.515748 0.535503 -0.535503 0.344086 0.642766 0.515625 0.535503 -0.535503 0.341153 0.642840 0.515579 0.535503 -0.535503 0.340176 
0.642717 0.515687 0.535503 -0.535503 0.342131 0.642421 0.515840 0.535503 -0.535503 0.344086 0.642593 0.515748 0.535503 -0.535503 0.344086 0.642766 0.515625 0.535503 -0.535503 0.341153 0.642840 0.515579 0.535503 -0.535503 0.340176 0.642864 0.515563 0.535503 -0.535503 0.339198 
0.642421 0.515840 0.535503 -0.535503 0.344086 0.642593 0.515748 0.535503 -0.535503 0.344086 0.642766 0.515625 0.535503 -0.535503 0.341153 0.642840 0.515579 0.535503 -0.535503 0.340176 0.642864 0.515563 0.535503 -0.535503 0.339198 0.642864 0.515548 0.543251 -0.558824 0.338221 
0.642593 0.515748 0.535503 -0.535503 0.344086 0.642766 0.515625 0.535503 -0.535503 0.341153 0.642840 0.515579 0.535503 -0.535503 0.340176 0.642864 0.515563 0.535503 -0.535503 0.339198 0.642864 0.515548 0.543251 -0.558824 0.338221 0.642913 0.515533 0.543251 -0.558824 0.337243 
0.642766 0.515625 0.535503 -0.535503 0.341153 0.642840 0.515579 0.535503 -0.535503 0.340176 0.642864 0.515563 0.535503 -0.535503 0.339198 0.642864 0.515548 0.543251 -0.558824 0.338221 0.642913 0.515533 0.543251 -0.558824 0.337243 0.642938 0.515517 0.543251 -0.558824 0.337243 
0.642840 0.515579 0.535503 -0.535503 0.340176 0.642864 0.515563 0.535503 -0.535503 0.339198 0.642864 0.515548 0.543251 -0.558824 0.338221 0.642913 0.515533 0.543251 -0.558824 0.337243 0.642938 0.515517 0.543251 -0.558824 0.337243 0.642963 0.515517 0.543251 -0.558824 0.337243 
0.642864 0.515563 0.535503 -0.535503 0.339198 0.642864 0.515548 0.543251 -0.558824 0.338221 0.642913 0.515533 0.543251 -0.558824 0.337243 0.642938 0.515517 0.543251 -0.558824 0.337243 0.642963 0.515517 0.543251 -0.558824 0.337243 0.642987 0.515517 0.543251 -0.558824 0.338221 
0.642864 0.515548 0.543251 -0.558824 0.338221 0.642913 0.515533 0.543251 -0.558824 0.337243 0.642938 0.515517 0.543251 -0.558824 0.337243 0.642963 0.515517 0.543251 -0.558824 0.337243 0.642987 0.515517 0.543251 -0.558824 0.338221 0.643012 0.515517 0.543251 -0.558824 0.339198 
0.642913 0.515533 0.543251 -0.558824 0.337243 0.642938 0.515517 0.543251 -0.558824 0.337243 0.642963 0.515517 0.543251 -0.558824 0.337243 0.642987 0.515517 0.543251 -0.558824 0.338221 0.643012 0.515517 0.543251 -0.558824 0.339198 0.643036 0.515502 0.543251 -0.558824 0.339198 
0.642938 0.515517 0.543251 -0.558824 0.337243 0.642963 0.515517 0.543251 -0.558824 0.337243 0.642987 0.515517 0.543251 -0.558824 0.338221 0.643012 0.515517 0.543251 -0.558824 0.339198 0.643036 0.515502 0.543251 -0.558824 0.339198 0.643061 0.515487 0.543251 -0.558824 0.342131 
0.642963 0.515517 0.543251 -0.558824 0.337243 0.642987 0.515517 0.543251 -0.558824 0.338221 0.643012 0.515517 0.543251 -0.558824 0.339198 0.643036 0.515502 0.543251 -0.558824 0.339198 0.643061 0.515487 0.543251 -0.558824 0.342131 0.643061 0.515379 0.526830 -0.573562 0.000000 
0.642987 0.515517 0.543251 -0.558824 0.338221 0.643012 0.515517 0.543251 -0.558824 0.339198 0.643036 0.515502 0.543251 -0.558824 0.339198 0.643061 0.515487 0.543251 -0.558824 0.342131 0.643061 0.515379 0.526830 -0.573562 0.000000 0.643135 0.515379 0.526830 -0.573562 0.000000 
0.643012 0.515517 0.543251 -0.558824 0.339198 0.643036 0.515502 0.543251 -0.558824 0.339198 0.643061 0.515487 0.543251 -0.558824 0.342131 0.643061 0.515379 0.526830 -0.573562 0.000000 0.643135 0.515379 0.526830 -0.573562 0.000000 0.643233 0.515379 0.526830 -0.573562 0.000000 
0.643036 0.515502 0.543251 -0.558824 0.339198 0.643061 0.515487 0.543251 -0.558824 0.342131 0.643061 0.515379 0.526830 -0.573562 0.000000 0.643135 0.515379 0.526830 -0.573562 0.000000 0.643233 0.515379 0.526830 -0.573562 0.000000 0.643553 0.515440 0.533567 -0.596864 0.000000 
0.643061 0.515487 0.543251 -0.558824 0.342131 0.643061 0.515379 0.526830 -0.573562 0.000000 0.643135 0.515379 0.526830 -0.573562 0.000000 0.643233 0.515379 0.526830 -0.573562 0.000000 0.643553 0.515440 0.533567 -0.596864 0.000000 0.643775 0.515502 0.533567 -0.596864 0.000000 
0.643061 0.515379 0.526830 -0.573562 0.000000 0.643135 0.515379 0.526830 -0.573562 0.000000 0.643233 0.515379 0.526830 -0.573562 0.000000 0.643553 0.515440 0.533567 -0.596864 0.000000 0.643775 0.515502 0.533567 -0.596864 0.000000 0.643824 0.515563 0.549040 -0.613257 0.000000 
0.643135 0.515379 0.526830 -0.573562 0.000000 0.643233 0.515379 0.526830 -0.573562 0.000000 0.643553 0.515440 0.533567 -0.596864 0.000000 0.643775 0.515502 0.533567 -0.596864 0.000000 0.643824 0.515563 0.549040 -0.613257 0.000000 0.643824 0.515794 0.549040 -0.613257 0.000000 
0.643233 0.515379 0.526830 -0.573562 0.000000 0.643553 0.515440 0.533567 -0.596864 0.000000 0.643775 0.515502 0.533567 -0.596864 0.000000 0.643824 0.515563 0.549040 -0.613257 0.000000 0.643824 0.515794 0.549040 -0.613257 0.000000 0.643947 0.515840 0.564723 -0.629804 0.000000 
0.643553 0.515440 0.533567 -0.596864 0.000000 0.643775 0.515502 0.533567 -0.596864 0.000000 0.643824 0.515563 0.549040 -0.613257 0.000000 0.643824 0.515794 0.549040 -0.613257 0.000000 0.643947 0.515840 0.564723 -0.629804 0.000000 0.643947 0.516025 0.564723 -0.629804 0.000000 
0.643775 0.515502 0.533567 -0.596864 0.000000 0.643824 0.515563 0.549040 -0.613257 0.000000 0.643824 0.515794 0.549040 -0.613257 0.000000 0.643947 0.515840 0.564723 -0.629804 0.000000 0.643947 0.516025 0.564723 -0.629804 0.000000 0.643922 0.516025 0.656020 -0.707326 0.000000 
0.643824 0.515563 0.549040 -0.613257 0.000000 0.643824 0.515794 0.549040 -0.613257 0.000000 0.643947 0.515840 0.564723 -0.629804 0.000000 0.643947 0.516025 0.564723 -0.629804 0.000000 0.643922 0.516025 0.656020 -0.707326 0.000000 0.643873 0.516025 0.673177 -0.724828 0.000000 
0.643824 0.515794 0.549040 -0.613257 0.000000 0.643947 0.515840 0.564723 -0.629804 0.000000 0.643947 0.516025 0.564723 -0.629804 0.000000 0.643922 0.516025 0.656020 -0.707326 0.000000 0.643873 0.516025 0.673177 -0.724828 0.000000 0.643799 0.515963 0.673177 -0.724828 0.000000 
0.643947 0.515840 0.564723 -0.629804 0.000000 0.643947 0.516025 0.564723 -0.629804 0.000000 0.643922 0.516025 0.656020 -0.707326 0.000000 0.643873 0.516025 0.673177 -0.724828 0.000000 0.643799 0.515963 0.673177 -0.724828 0.000000 0.643701 0.515733 0.673177 -0.724828 0.000000 
0.643947 0.516025 0.564723 -0.629804 0.000000 0.643922 0.516025 0.656020 -0.707326 0.000000 0.643873 0.516025 0.673177 -0.724828 0.000000 0.643799 0.515963 0.673177 -0.724828 0.000000 0.643701 0.515733 0.673177 -0.724828 0.000000 0.643553 0.515440 0.673177 -0.724828 0.000000 
0.643922 0.516025 0.656020 -0.707326 0.000000 0.643873 0.516025 0.673177 -0.724828 0.000000 0.643799 0.515963 0.673177 -0.724828 0.000000 0.643701 0.515733 0.673177 -0.724828 0.000000 0.643553 0.515440 0.673177 -0.724828 0.000000 0.643479 0.515102 0.673177 -0.724828 0.000000 
0.643873 0.516025 0.673177 -0.724828 0.000000 0.643799 0.515963 0.673177 -0.724828 0.000000 0.643701 0.515733 0.673177 -0.724828 0.000000 0.643553 0.515440 0.673177 -0.724828 0.000000 0.643479 0.515102 0.673177 -0.724828 0.000000 0.643405 0.514687 0.673177 -0.724828 0.000000 
0.643799 0.515963 0.673177 -0.724828 0.000000 0.643701 0.515733 0.673177 -0.724828 0.000000 0.643553 0.515440 0.673177 -0.724828 0.000000 0.643479 0.515102 0.673177 -0.724828 0.000000 0.643405 0.514687 0.673177 -0.724828 0.000000 0.643381 0.514179 0.673177 -0.724828 0.000000 
0.643701 0.515733 0.673177 -0.724828 0.000000 0.643553 0.515440 0.673177 -0.724828 0.000000 0.643479 0.515102 0.673177 -0.724828 0.000000 0.643405 0.514687 0.673177 -0.724828 0.000000 0.643381 0.514179 0.673177 -0.724828 0.000000 0.643356 0.513810 0.663582 -0.732499 0.000000 
0.643553 0.515440 0.673177 -0.724828 0.000000 0.643479 0.515102 0.673177 -0.724828 0.000000 0.643405 0.514687 0.673177 -0.724828 0.000000 0.643381 0.514179 0.673177 -0.724828 0.000000 0.643356 0.513810 0.663582 -0.732499 0.000000 0.643332 0.513410 0.663582 -0.732499 0.000000 
0.643479 0.515102 0.673177 -0.724828 0.000000 0.643405 0.514687 0.673177 -0.724828 0.000000 0.643381 0.514179 0.673177 -0.724828 0.000000 0.643356 0.513810 0.663582 -0.732499 0.000000 0.643332 0.513410 0.663582 -0.732499 0.000000 0.643332 0.512995 0.653691 -0.739916 0.000000 
0.643405 0.514687 0.673177 -0.724828 0.000000 0.643381 0.514179 0.673177 -0.724828 0.000000 0.643356 0.513810 0.663582 -0.732499 0.000000 0.643332 0.513410 0.663582 -0.732499 0.000000 0.643332 0.512995 0.653691 -0.739916 0.000000 0.643332 0.512580 0.653691 -0.739916 0.000000 
0.643381 0.514179 0.673177 -0.724828 0.000000 0.643356 0.513810 0.663582 -0.732499 0.000000 0.643332 0.513410 0.663582 -0.732499 0.000000 0.643332 0.512995 0.653691 -0.739916 0.000000 0.643332 0.512580 0.653691 -0.739916 0.000000 0.643332 0.511027 0.593656 -0.694770 0.000000 
0.643356 0.513810 0.663582 -0.732499 0.000000 0.643332 0.513410 0.663582 -0.732499 0.000000 0.643332 0.512995 0.653691 -0.739916 0.000000 0.643332 0.512580 0.653691 -0.739916 0.000000 0.643332 0.511027 0.593656 -0.694770 0.000000 0.643332 0.512180 0.636710 -0.722349 0.000000 
0.643332 0.513410 0.663582 -0.732499 0.000000 0.643332 0.512995 0.653691 -0.739916 0.000000 0.643332 0.512580 0.653691 -0.739916 0.000000 0.643332 0.511027 0.593656 -0.694770 0.000000 0.643332 0.512180 0.636710 -0.722349 0.000000 0.643332 0.511765 0.636710 -0.722349 0.000000 
0.643332 0.512995 0.653691 -0.739916 0.000000 0.643332 0.512580 0.653691 -0.739916 0.000000 0.643332 0.511027 0.593656 -0.694770 0.000000 0.643332 0.512180 0.636710 -0.722349 0.000000 0.643332 0.511765 0.636710 -0.722349 0.000000 0.643332 0.511396 0.610008 -0.712055 0.000000 
0.643332 0.512580 0.653691 -0.739916 0.000000 0.643332 0.511027 0.593656 -0.694770 0.000000 0.643332 0.512180 0.636710 -0.722349 0.000000 0.643332 0.511765 0.636710 -0.722349 0.000000 0.643332 0.511396 0.610008 -0.712055 0.000000 0.643332 0.510673 0.583524 -0.701606 0.000000 
0.643332 0.511027 0.593656 -0.694770 0.000000 0.643332 0.512180 0.636710 -0.722349 0.000000 0.643332 0.511765 0.636710 -0.722349 0.000000 0.643332 0.511396 0.610008 -0.712055 0.000000 0.643332 0.510673 0.583524 -0.701606 0.000000 0.643332 0.510350 0.583524 -0.701606 0.000000 
0.643332 0.512180 0.636710 -0.722349 0.000000 0.643332 0.511765 0.636710 -0.722349 0.000000 0.643332 0.511396 0.610008 -0.712055 0.000000 0.643332 0.510673 0.583524 -0.701606 0.000000 0.643332 0.510350 0.583524 -0.701606 0.000000 0.643405 0.510027 0.557302 -0.690996 0.000000 
0.643332 0.511765 0.636710 -0.722349 0.000000 0.643332 0.511396 0.610008 -0.712055 0.000000 0.643332 0.510673 0.583524 -0.701606 0.000000 0.643332 0.510350 0.583524 -0.701606 0.000000 0.643405 0.510027 0.557302 -0.690996 0.000000 0.643578 0.509735 0.541753 -0.673908 0.000000 
0.643332 0.511396 0.610008 -0.712055 0.000000 0.643332 0.510673 0.583524 -0.701606 0.000000 0.643332 0.510350 0.583524 -0.701606 0.000000 0.643405 0.510027 0.557302 -0.690996 0.000000 0.643578 0.509735 0.541753 -0.673908 0.000000 0.643652 0.509443 0.541753 -0.673908 0.000000 
0.643332 0.510673 0.583524 -0.701606 0.000000 0.643332 0.510350 0.583524 -0.701606 0.000000 0.643405 0.510027 0.557302 -0.690996 0.000000 0.643578 0.509735 0.541753 -0.673908 0.000000 0.643652 0.509443 0.541753 -0.673908 0.000000 0.643750 0.509181 0.520764 -0.686310 0.000000 
0.643332 0.510350 0.583524 -0.701606 0.000000 0.643405 0.510027 0.557302 -0.690996 0.000000 0.643578 0.509735 0.541753 -0.673908 0.000000 0.643652 0.509443 0.541753 -0.673908 0.000000 0.643750 0.509181 0.520764 -0.686310 0.000000 0.643799 0.508920 0.520764 -0.686310 0.000000 
0.643405 0.510027 0.557302 -0.690996 0.000000 0.643578 0.509735 0.541753 -0.673908 0.000000 0.643652 0.509443 0.541753 -0.673908 0.000000 0.643750 0.509181 0.520764 -0.686310 0.000000 0.643799 0.508920 0.520764 -0.686310 0.000000 0.643898 0.508689 0.505830 -0.669257 0.000000 
0.643578 0.509735 0.541753 -0.673908 0.000000 0.643652 0.509443 0.541753 -0.673908 0.000000 0.643750 0.509181 0.520764 -0.686310 0.000000 0.643799 0.508920 0.520764 -0.686310 0.000000 0.643898 0.508689 0.505830 -0.669257 0.000000 0.643922 0.508474 0.505830 -0.669257 0.000000 
0.643652 0.509443 0.541753 -0.673908 0.000000 0.643750 0.509181 0.520764 -0.686310 0.000000 0.643799 0.508920 0.520764 -0.686310 0.000000 0.643898 0.508689 0.505830 -0.669257 0.000000 0.643922 0.508474 0.505830 -0.669257 0.000000 0.643922 0.508397 0.480665 -0.658116 0.000000 
0.643750 0.509181 0.520764 -0.686310 0.000000 0.643799 0.508920 0.520764 -0.686310 0.000000 0.643898 0.508689 0.505830 -0.669257 0.000000 0.643922 0.508474 0.505830 -0.669257 0.000000 0.643922 0.508397 0.480665 -0.658116 0.000000 0.643922 0.508105 0.480665 -0.658116 0.000000 
0.643799 0.508920 0.520764 -0.686310 0.000000 0.643898 0.508689 0.505830 -0.669257 0.000000 0.643922 0.508474 0.505830 -0.669257 0.000000 0.643922 0.508397 0.480665 -0.658116 0.000000 0.643922 0.508105 0.480665 -0.658116 0.000000 0.643922 0.508043 0.491152 -0.652320 0.000000 
0.643898 0.508689 0.505830 -0.669257 0.000000 0.643922 0.508474 0.505830 -0.669257 0.000000 0.643922 0.508397 0.480665 -0.658116 0.000000 0.643922 0.508105 0.480665 -0.658116 0.000000 0.643922 0.508043 0.491152 -0.652320 0.000000 0.643922 0.507828 0.491152 -0.652320 0.000000 
0.643922 0.508474 0.505830 -0.669257 0.000000 0.643922 0.508397 0.480665 -0.658116 0.000000 0.643922 0.508105 0.480665 -0.658116 0.000000 0.643922 0.508043 0.491152 -0.652320 0.000000 0.643922 0.507828 0.491152 -0.652320 0.000000 0.643922 0.507782 0.466443 -0.641237 0.000000 
0.643922 0.508397 0.480665 -0.658116 0.000000 0.643922 0.508105 0.480665 -0.658116 0.000000 0.643922 0.508043 0.491152 -0.652320 0.000000 0.643922 0.507828 0.491152 -0.652320 0.000000 0.643922 0.507782 0.466443 -0.641237 0.000000 0.643922 0.507674 0.466443 -0.641237 0.000000 
0.643922 0.508105 0.480665 -0.658116 0.000000 0.643922 0.508043 0.491152 -0.652320 0.000000 0.643922 0.507828 0.491152 -0.652320 0.000000 0.643922 0.507782 0.466443 -0.641237 0.000000 0.643922 0.507674 0.466443 -0.641237 0.000000 0.643922 0.507597 0.466443 -0.641237 0.000000 
0.643922 0.508043 0.491152 -0.652320 0.000000 0.643922 0.507828 0.491152 -0.652320 0.000000 0.643922 0.507782 0.466443 -0.641237 0.000000 0.643922 0.507674 0.466443 -0.641237 0.000000 0.643922 0.507597 0.466443 -0.641237 0.000000 0.643922 0.507505 0.466443 -0.641237 0.000000 
0.643922 0.507828 0.491152 -0.652320 0.000000 0.643922 0.507782 0.466443 -0.641237 0.000000 0.643922 0.507674 0.466443 -0.641237 0.000000 0.643922 0.507597 0.466443 -0.641237 0.000000 0.643922 0.507505 0.466443 -0.641237 0.000000 0.643922 0.507490 0.452465 -0.624465 0.000000 
0.643922 0.507782 0.466443 -0.641237 0.000000 0.643922 0.507674 0.466443 -0.641237 0.000000 0.643922 0.507597 0.466443 -0.641237 0.000000 0.643922 0.507505 0.466443 -0.641237 0.000000 0.643922 0.507490 0.452465 -0.624465 0.000000 0.643873 0.507490 0.452465 -0.624465 0.000000 
0.643922 0.507674 0.466443 -0.641237 0.000000 0.643922 0.507597 0.466443 -0.641237 0.000000 0.643922 0.507505 0.466443 -0.641237 0.000000 0.643922 0.507490 0.452465 -0.624465 0.000000 0.643873 0.507490 0.452465 -0.624465 0.000000 0.643799 0.507490 0.452465 -0.624465 0.000000 
0.643922 0.507597 0.466443 -0.641237 0.000000 0.643922 0.507505 0.466443 -0.641237 0.000000 0.643922 0.507490 0.452465 -0.624465 0.000000 0.643873 0.507490 0.452465 -0.624465 0.000000 0.643799 0.507490 0.452465 -0.624465 0.000000 0.643725 0.507490 0.452465 -0.624465 0.000000 
0.643922 0.507505 0.466443 -0.641237 0.000000 0.643922 0.507490 0.452465 -0.624465 0.000000 0.643873 0.507490 0.452465 -0.624465 0.000000 0.643799 0.507490 0.452465 -0.624465 0.000000 0.643725 0.507490 0.452465 -0.624465 0.000000 0.643676 0.507551 0.452465 -0.624465 0.000000 
0.643922 0.507490 0.452465 -0.624465 0.000000 0.643873 0.507490 0.452465 -0.624465 0.000000 0.643799 0.507490 0.452465 -0.624465 0.000000 0.643725 0.507490 0.452465 -0.624465 0.000000 0.643676 0.507551 0.452465 -0.624465 0.000000 0.643627 0.507828 0.442181 -0.629955 0.000000 
0.643873 0.507490 0.452465 -0.624465 0.000000 0.643799 0.507490 0.452465 -0.624465 0.000000 0.643725 0.507490 0.452465 -0.624465 0.000000 0.643676 0.507551 0.452465 -0.624465 0.000000 0.643627 0.507828 0.442181 -0.629955 0.000000 0.643627 0.507628 0.452465 -0.624465 0.000000 
0.643799 0.507490 0.452465 -0.624465 0.000000 0.643725 0.507490 0.452465 -0.624465 0.000000 0.643676 0.507551 0.452465 -0.624465 0.000000 0.643627 0.507828 0.442181 -0.629955 0.000000 0.643627 0.507628 0.452465 -0.624465 0.000000 0.643627 0.507736 0.442181 -0.629955 0.000000 
0.643725 0.507490 0.452465 -0.624465 0.000000 0.643676 0.507551 0.452465 -0.624465 0.000000 0.643627 0.507828 0.442181 -0.629955 0.000000 0.643627 0.507628 0.452465 -0.624465 0.000000 0.643627 0.507736 0.442181 -0.629955 0.000000 0.643627 0.507905 0.442181 -0.629955 0.000000 
0.643676 0.507551 0.452465 -0.624465 0.000000 0.643627 0.507828 0.442181 -0.629955 0.000000 0.643627 0.507628 0.452465 -0.624465 0.000000 0.643627 0.507736 0.442181 -0.629955 0.000000 0.643627 0.507905 0.442181 -0.629955 0.000000 0.643627 0.508012 0.442181 -0.629955 0.000000 
0.643627 0.507828 0.442181 -0.629955 0.000000 0.643627 0.507628 0.452465 -0.624465 0.000000 0.643627 0.507736 0.442181 -0.629955 0.000000 0.643627 0.507905 0.442181 -0.629955 0.000000 0.643627 0.508012 0.442181 -0.629955 0.000000 0.643627 0.508105 0.442181 -0.629955 0.000000 
0.643627 0.507628 0.452465 -0.624465 0.000000 0.643627 0.507736 0.442181 -0.629955 0.000000 0.643627 0.507905 0.442181 -0.629955 0.000000 0.643627 0.508012 0.442181 -0.629955 0.000000 0.643627 0.508105 0.442181 -0.629955 0.000000 0.643627 0.508212 0.442181 -0.629955 0.000000 
0.643627 0.507736 0.442181 -0.629955 0.000000 0.643627 0.507905 0.442181 -0.629955 0.000000 0.643627 0.508012 0.442181 -0.629955 0.000000 0.643627 0.508105 0.442181 -0.629955 0.000000 0.643627 0.508212 0.442181 -0.629955 0.000000 0.643627 0.508335 0.442181 -0.629955 0.000000 
0.643627 0.507905 0.442181 -0.629955 0.000000 0.643627 0.508012 0.442181 -0.629955 0.000000 0.643627 0.508105 0.442181 -0.629955 0.000000 0.643627 0.508212 0.442181 -0.629955 0.000000 0.643627 0.508335 0.442181 -0.629955 0.000000 0.643627 0.508443 0.442181 -0.629955 0.000000 
0.643627 0.508012 0.442181 -0.629955 0.000000 0.643627 0.508105 0.442181 -0.629955 0.000000 0.643627 0.508212 0.442181 -0.629955 0.000000 0.643627 0.508335 0.442181 -0.629955 0.000000 0.643627 0.508443 0.442181 -0.629955 0.000000 0.643701 0.508566 0.442181 -0.629955 0.000000 
0.643627 0.508105 0.442181 -0.629955 0.000000 0.643627 0.508212 0.442181 -0.629955 0.000000 0.643627 0.508335 0.442181 -0.629955 0.000000 0.643627 0.508443 0.442181 -0.629955 0.000000 0.643701 0.508566 0.442181 -0.629955 0.000000 0.643725 0.508689 0.442181 -0.629955 0.000000 
0.643627 0.508212 0.442181 -0.629955 0.000000 0.643627 0.508335 0.442181 -0.629955 0.000000 0.643627 0.508443 0.442181 -0.629955 0.000000 0.643701 0.508566 0.442181 -0.629955 0.000000 0.643725 0.508689 0.442181 -0.629955 0.000000 0.643725 0.508827 0.442181 -0.629955 0.000000 
0.643627 0.508335 0.442181 -0.629955 0.000000 0.643627 0.508443 0.442181 -0.629955 0.000000 0.643701 0.508566 0.442181 -0.629955 0.000000 0.643725 0.508689 0.442181 -0.629955 0.000000 0.643725 0.508827 0.442181 -0.629955 0.000000 0.643725 0.508966 0.442181 -0.629955 0.000000 
0.643627 0.508443 0.442181 -0.629955 0.000000 0.643701 0.508566 0.442181 -0.629955 0.000000 0.643725 0.508689 0.442181 -0.629955 0.000000 0.643725 0.508827 0.442181 -0.629955 0.000000 0.643725 0.508966 0.442181 -0.629955 0.000000 0.643750 0.509120 0.442181 -0.629955 0.000000 
0.643701 0.508566 0.442181 -0.629955 0.000000 0.643725 0.508689 0.442181 -0.629955 0.000000 0.643725 0.508827 0.442181 -0.629955 0.000000 0.643725 0.508966 0.442181 -0.629955 0.000000 0.643750 0.509120 0.442181 -0.629955 0.000000 0.643775 0.509289 0.442181 -0.629955 0.000000 
0.643725 0.508689 0.442181 -0.629955 0.000000 0.643725 0.508827 0.442181 -0.629955 0.000000 0.643725 0.508966 0.442181 -0.629955 0.000000 0.643750 0.509120 0.442181 -0.629955 0.000000 0.643775 0.509289 0.442181 -0.629955 0.000000 0.643824 0.509458 0.442181 -0.629955 0.000000 
0.643725 0.508827 0.442181 -0.629955 0.000000 0.643725 0.508966 0.442181 -0.629955 0.000000 0.643750 0.509120 0.442181 -0.629955 0.000000 0.643775 0.509289 0.442181 -0.629955 0.000000 0.643824 0.509458 0.442181 -0.629955 0.000000 0.643873 0.509643 0.442181 -0.629955 0.000000 
0.643725 0.508966 0.442181 -0.629955 0.000000 0.643750 0.509120 0.442181 -0.629955 0.000000 0.643775 0.509289 0.442181 -0.629955 0.000000 0.643824 0.509458 0.442181 -0.629955 0.000000 0.643873 0.509643 0.442181 -0.629955 0.000000 0.643947 0.509843 0.442181 -0.629955 0.000000 
0.643750 0.509120 0.442181 -0.629955 0.000000 0.643775 0.509289 0.442181 -0.629955 0.000000 0.643824 0.509458 0.442181 -0.629955 0.000000 0.643873 0.509643 0.442181 -0.629955 0.000000 0.643947 0.509843 0.442181 -0.629955 0.000000 0.644070 0.510042 0.442181 -0.629955 0.000000 
0.643775 0.509289 0.442181 -0.629955 0.000000 0.643824 0.509458 0.442181 -0.629955 0.000000 0.643873 0.509643 0.442181 -0.629955 0.000000 0.643947 0.509843 0.442181 -0.629955 0.000000 0.644070 0.510042 0.442181 -0.629955 0.000000 0.644217 0.510227 0.442181 -0.629955 0.000000 
0.643824 0.509458 0.442181 -0.629955 0.000000 0.643873 0.509643 0.442181 -0.629955 0.000000 0.643947 0.509843 0.442181 -0.629955 0.000000 0.644070 0.510042 0.442181 -0.629955 0.000000 0.644217 0.510227 0.442181 -0.629955 0.000000 0.644365 0.510442 0.442181 -0.629955 0.000000 
0.643873 0.509643 0.442181 -0.629955 0.000000 0.643947 0.509843 0.442181 -0.629955 0.000000 0.644070 0.510042 0.442181 -0.629955 0.000000 0.644217 0.510227 0.442181 -0.629955 0.000000 0.644365 0.510442 0.442181 -0.629955 0.000000 0.644488 0.510658 0.442181 -0.629955 0.000000 
0.643947 0.509843 0.442181 -0.629955 0.000000 0.644070 0.510042 0.442181 -0.629955 0.000000 0.644217 0.510227 0.442181 -0.629955 0.000000 0.644365 0.510442 0.442181 -0.629955 0.000000 0.644488 0.510658 0.442181 -0.629955 0.000000 0.644636 0.510858 0.442181 -0.629955 0.000000 
0.644070 0.510042 0.442181 -0.629955 0.000000 0.644217 0.510227 0.442181 -0.629955 0.000000 0.644365 0.510442 0.442181 -0.629955 0.000000 0.644488 0.510658 0.442181 -0.629955 0.000000 0.644636 0.510858 0.442181 -0.629955 0.000000 0.644759 0.511073 0.442181 -0.629955 0.000000 
0.644217 0.510227 0.442181 -0.629955 0.000000 0.644365 0.510442 0.442181 -0.629955 0.000000 0.644488 0.510658 0.442181 -0.629955 0.000000 0.644636 0.510858 0.442181 -0.629955 0.000000 0.644759 0.511073 0.442181 -0.629955 0.000000 0.644857 0.511273 0.442181 -0.629955 0.000000 
0.644365 0.510442 0.442181 -0.629955 0.000000 0.644488 0.510658 0.442181 -0.629955 0.000000 0.644636 0.510858 0.442181 -0.629955 0.000000 0.644759 0.511073 0.442181 -0.629955 0.000000 0.644857 0.511273 0.442181 -0.629955 0.000000 0.644980 0.511488 0.442181 -0.629955 0.000000 
0.644488 0.510658 0.442181 -0.629955 0.000000 0.644636 0.510858 0.442181 -0.629955 0.000000 0.644759 0.511073 0.442181 -0.629955 0.000000 0.644857 0.511273 0.442181 -0.629955 0.000000 0.644980 0.511488 0.442181 -0.629955 0.000000 0.645054 0.511688 0.442181 -0.629955 0.000000 
0.644636 0.510858 0.442181 -0.629955 0.000000 0.644759 0.511073 0.442181 -0.629955 0.000000 0.644857 0.511273 0.442181 -0.629955 0.000000 0.644980 0.511488 0.442181 -0.629955 0.000000 0.645054 0.511688 0.442181 -0.629955 0.000000 0.645128 0.511888 0.452465 -0.624465 0.000000 
0.644759 0.511073 0.442181 -0.629955 0.000000 0.644857 0.511273 0.442181 -0.629955 0.000000 0.644980 0.511488 0.442181 -0.629955 0.000000 0.645054 0.511688 0.442181 -0.629955 0.000000 0.645128 0.511888 0.452465 -0.624465 0.000000 0.645177 0.512072 0.452465 -0.624465 0.000000 
0.644857 0.511273 0.442181 -0.629955 0.000000 0.644980 0.511488 0.442181 -0.629955 0.000000 0.645054 0.511688 0.442181 -0.629955 0.000000 0.645128 0.511888 0.452465 -0.624465 0.000000 0.645177 0.512072 0.452465 -0.624465 0.000000 0.645276 0.512349 0.452465 -0.624465 0.000000 
0.644980 0.511488 0.442181 -0.629955 0.000000 0.645054 0.511688 0.442181 -0.629955 0.000000 0.645128 0.511888 0.452465 -0.624465 0.000000 0.645177 0.512072 0.452465 -0.624465 0.000000 0.645276 0.512349 0.452465 -0.624465 0.000000 0.645251 0.512211 0.452465 -0.624465 0.000000 
0.645054 0.511688 0.442181 -0.629955 0.000000 0.645128 0.511888 0.452465 -0.624465 0.000000 0.645177 0.512072 0.452465 -0.624465 0.000000 0.645276 0.512349 0.452465 -0.624465 0.000000 0.645251 0.512211 0.452465 -0.624465 0.000000 0.645300 0.512442 0.452465 -0.624465 0.000000 
0.645128 0.511888 0.452465 -0.624465 0.000000 0.645177 0.512072 0.452465 -0.624465 0.000000 0.645276 0.512349 0.452465 -0.624465 0.000000 0.645251 0.512211 0.452465 -0.624465 0.000000 0.645300 0.512442 0.452465 -0.624465 0.000000 0.645349 0.512503 0.452465 -0.624465 0.000000 
0.645177 0.512072 0.452465 -0.624465 0.000000 0.645276 0.512349 0.452465 -0.624465 0.000000 0.645251 0.512211 0.452465 -0.624465 0.000000 0.645300 0.512442 0.452465 -0.624465 0.000000 0.645349 0.512503 0.452465 -0.624465 0.000000 0.645349 0.512534 0.452465 -0.624465 0.000000 
0.645276 0.512349 0.452465 -0.624465 0.000000 0.645251 0.512211 0.452465 -0.624465 0.000000 0.645300 0.512442 0.452465 -0.624465 0.000000 0.645349 0.512503 0.452465 -0.624465 0.000000 0.645349 0.512534 0.452465 -0.624465 0.000000 0.645374 0.512549 0.452465 -0.624465 0.000000 
0.645251 0.512211 0.452465 -0.624465 0.000000 0.645300 0.512442 0.452465 -0.624465 0.000000 0.645349 0.512503 0.452465 -0.624465 0.000000 0.645349 0.512534 0.452465 -0.624465 0.000000 0.645374 0.512549 0.452465 -0.624465 0.000000 0.645399 0.512549 0.452465 -0.624465 0.013685 
0.645300 0.512442 0.452465 -0.624465 0.000000 0.645349 0.512503 0.452465 -0.624465 0.000000 0.645349 0.512534 0.452465 -0.624465 0.000000 0.645374 0.512549 0.452465 -0.624465 0.000000 0.645399 0.512549 0.452465 -0.624465 0.013685 0.645423 0.512534 0.452465 -0.624465 0.061584 
0.645349 0.512503 0.452465 -0.624465 0.000000 0.645349 0.512534 0.452465 -0.624465 0.000000 0.645374 0.512549 0.452465 -0.624465 0.000000 0.645399 0.512549 0.452465 -0.624465 0.013685 0.645423 0.512534 0.452465 -0.624465 0.061584 0.645423 0.512457 0.452465 -0.624465 0.071359 
0.645349 0.512534 0.452465 -0.624465 0.000000 0.645374 0.512549 0.452465 -0.624465 0.000000 0.645399 0.512549 0.452465 -0.624465 0.013685 0.645423 0.512534 0.452465 -0.624465 0.061584 0.645423 0.512457 0.452465 -0.624465 0.071359 0.645448 0.512365 0.452465 -0.624465 0.080156 
0.645374 0.512549 0.452465 -0.624465 0.000000 0.645399 0.512549 0.452465 -0.624465 0.013685 0.645423 0.512534 0.452465 -0.624465 0.061584 0.645423 0.512457 0.452465 -0.624465 0.071359 0.645448 0.512365 0.452465 -0.624465 0.080156 0.645472 0.512257 0.452465 -0.624465 0.088954 
0.645399 0.512549 0.452465 -0.624465 0.013685 0.645423 0.512534 0.452465 -0.624465 0.061584 0.645423 0.512457 0.452465 -0.624465 0.071359 0.645448 0.512365 0.452465 -0.624465 0.080156 0.645472 0.512257 0.452465 -0.624465 0.088954 0.645522 0.512149 0.452465 -0.624465 0.097752 
0.645423 0.512534 0.452465 -0.624465 0.061584 0.645423 0.512457 0.452465 -0.624465 0.071359 0.645448 0.512365 0.452465 -0.624465 0.080156 0.645472 0.512257 0.452465 -0.624465 0.088954 0.645522 0.512149 0.452465 -0.624465 0.097752 0.645571 0.511996 0.452465 -0.624465 0.107527 
0.645423 0.512457 0.452465 -0.624465 0.071359 0.645448 0.512365 0.452465 -0.624465 0.080156 0.645472 0.512257 0.452465 -0.624465 0.088954 0.645522 0.512149 0.452465 -0.624465 0.097752 0.645571 0.511996 0.452465 -0.624465 0.107527 0.645620 0.511857 0.452465 -0.624465 0.116325 
0.645448 0.512365 0.452465 -0.624465 0.080156 0.645472 0.512257 0.452465 -0.624465 0.088954 0.645522 0.512149 0.452465 -0.624465 0.097752 0.645571 0.511996 0.452465 -0.624465 0.107527 0.645620 0.511857 0.452465 -0.624465 0.116325 0.645645 0.511688 0.452465 -0.624465 0.122190 
0.645472 0.512257 0.452465 -0.624465 0.088954 0.645522 0.512149 0.452465 -0.624465 0.097752 0.645571 0.511996 0.452465 -0.624465 0.107527 0.645620 0.511857 0.452465 -0.624465 0.116325 0.645645 0.511688 0.452465 -0.624465 0.122190 0.645694 0.511473 0.452465 -0.624465 0.128055 
0.645522 0.512149 0.452465 -0.624465 0.097752 0.645571 0.511996 0.452465 -0.624465 0.107527 0.645620 0.511857 0.452465 -0.624465 0.116325 0.645645 0.511688 0.452465 -0.624465 0.122190 0.645694 0.511473 0.452465 -0.624465 0.128055 0.645768 0.511242 0.452465 -0.624465 0.135875 
0.645571 0.511996 0.452465 -0.624465 0.107527 0.645620 0.511857 0.452465 -0.624465 0.116325 0.645645 0.511688 0.452465 -0.624465 0.122190 0.645694 0.511473 0.452465 -0.624465 0.128055 0.645768 0.511242 0.452465 -0.624465 0.135875 0.645792 0.510996 0.452465 -0.624465 0.144673 
0.645620 0.511857 0.452465 -0.624465 0.116325 0.645645 0.511688 0.452465 -0.624465 0.122190 0.645694 0.511473 0.452465 -0.624465 0.128055 0.645768 0.511242 0.452465 -0.624465 0.135875 0.645792 0.510996 0.452465 -0.624465 0.144673 0.645792 0.510734 0.452465 -0.624465 0.156403 
0.645645 0.511688 0.452465 -0.624465 0.122190 0.645694 0.511473 0.452465 -0.624465 0.128055 0.645768 0.511242 0.452465 -0.624465 0.135875 0.645792 0.510996 0.452465 -0.624465 0.144673 0.645792 0.510734 0.452465 -0.624465 0.156403 0.645792 0.510442 0.452465 -0.624465 0.171065 
0.645694 0.511473 0.452465 -0.624465 0.128055 0.645768 0.511242 0.452465 -0.624465 0.135875 0.645792 0.510996 0.452465 -0.624465 0.144673 0.645792 0.510734 0.452465 -0.624465 0.156403 0.645792 0.510442 0.452465 -0.624465 0.171065 0.645792 0.510119 0.452465 -0.624465 0.177908 
0.645768 0.511242 0.452465 -0.624465 0.135875 0.645792 0.510996 0.452465 -0.624465 0.144673 0.645792 0.510734 0.452465 -0.624465 0.156403 0.645792 0.510442 0.452465 -0.624465 0.171065 0.645792 0.510119 0.452465 -0.624465 0.177908 0.645792 0.509750 0.442181 -0.629955 0.181818 
0.645792 0.510996 0.452465 -0.624465 0.144673 0.645792 0.510734 0.452465 -0.624465 0.156403 0.645792 0.510442 0.452465 -0.624465 0.171065 0.645792 0.510119 0.452465 -0.624465 0.177908 0.645792 0.509750 0.442181 -0.629955 0.181818 0.645792 0.509335 0.442181 -0.629955 0.177908 
0.645792 0.510734 0.452465 -0.624465 0.156403 0.645792 0.510442 0.452465 -0.624465 0.171065 0.645792 0.510119 0.452465 -0.624465 0.177908 0.645792 0.509750 0.442181 -0.629955 0.181818 0.645792 0.509335 0.442181 -0.629955 0.177908 0.645792 0.508920 0.442181 -0.629955 0.177908 
0.645792 0.510442 0.452465 -0.624465 0.171065 0.645792 0.510119 0.452465 -0.624465 0.177908 0.645792 0.509750 0.442181 -0.629955 0.181818 0.645792 0.509335 0.442181 -0.629955 0.177908 0.645792 0.508920 0.442181 -0.629955 0.177908 0.645792 0.508458 0.442181 -0.629955 0.181818 
0.645792 0.510119 0.452465 -0.624465 0.177908 0.645792 0.509750 0.442181 -0.629955 0.181818 0.645792 0.509335 0.442181 -0.629955 0.177908 0.645792 0.508920 0.442181 -0.629955 0.177908 0.645792 0.508458 0.442181 -0.629955 0.181818 0.645792 0.507982 0.442181 -0.629955 0.180841 
0.645792 0.509750 0.442181 -0.629955 0.181818 0.645792 0.509335 0.442181 -0.629955 0.177908 0.645792 0.508920 0.442181 -0.629955 0.177908 0.645792 0.508458 0.442181 -0.629955 0.181818 0.645792 0.507982 0.442181 -0.629955 0.180841 0.645792 0.506321 0.442181 -0.629955 0.192571 
0.645792 0.509335 0.442181 -0.629955 0.177908 0.645792 0.508920 0.442181 -0.629955 0.177908 0.645792 0.508458 0.442181 -0.629955 0.181818 0.645792 0.507982 0.442181 -0.629955 0.180841 0.645792 0.506321 0.442181 -0.629955 0.192571 0.645792 0.507459 0.442181 -0.629955 0.179863 
0.645792 0.508920 0.442181 -0.629955 0.177908 0.645792 0.508458 0.442181 -0.629955 0.181818 0.645792 0.507982 0.442181 -0.629955 0.180841 0.645792 0.506321 0.442181 -0.629955 0.192571 0.645792 0.507459 0.442181 -0.629955 0.179863 0.645792 0.506905 0.442181 -0.629955 0.184751 
0.645792 0.508458 0.442181 -0.629955 0.181818 0.645792 0.507982 0.442181 -0.629955 0.180841 0.645792 0.506321 0.442181 -0.629955 0.192571 0.645792 0.507459 0.442181 -0.629955 0.179863 0.645792 0.506905 0.442181 -0.629955 0.184751 0.645792 0.505706 0.442181 -0.629955 0.202346 
0.645792 0.507982 0.442181 -0.629955 0.180841 0.645792 0.506321 0.442181 -0.629955 0.192571 0.645792 0.507459 0.442181 -0.629955 0.179863 0.645792 0.506905 0.442181 -0.629955 0.184751 0.645792 0.505706 0.442181 -0.629955 0.202346 0.645792 0.505075 0.442181 -0.629955 0.213099 
0.645792 0.506321 0.442181 -0.629955 0.192571 0.645792 0.507459 0.442181 -0.629955 0.179863 0.645792 0.506905 0.442181 -0.629955 0.184751 0.645792 0.505706 0.442181 -0.629955 0.202346 0.645792 0.505075 0.442181 -0.629955 0.213099 0.645792 0.504398 0.442181 -0.629955 0.217009 
0.645792 0.507459 0.442181 -0.629955 0.179863 0.645792 0.506905 0.442181 -0.629955 0.184751 0.645792 0.505706 0.442181 -0.629955 0.202346 0.645792 0.505075 0.442181 -0.629955 0.213099 0.645792 0.504398 0.442181 -0.629955 0.217009 0.645792 0.503691 0.442181 -0.629955 0.232649 
0.645792 0.506905 0.442181 -0.629955 0.184751 0.645792 0.505706 0.442181 -0.629955 0.202346 0.645792 0.505075 0.442181 -0.629955 0.213099 0.645792 0.504398 0.442181 -0.629955 0.217009 0.645792 0.503691 0.442181 -0.629955 0.232649 0.645792 0.502953 0.418400 -0.618467 0.241447 
0.645792 0.505706 0.442181 -0.629955 0.202346 0.645792 0.505075 0.442181 -0.629955 0.213099 0.645792 0.504398 0.442181 -0.629955 0.217009 0.645792 0.503691 0.442181 -0.629955 0.232649 0.645792 0.502953 0.418400 -0.618467 0.241447 0.645792 0.502215 0.418400 -0.618467 0.244379 
0.645792 0.505075 0.442181 -0.629955 0.213099 0.645792 0.504398 0.442181 -0.629955 0.217009 0.645792 0.503691 0.442181 -0.629955 0.232649 0.645792 0.502953 0.418400 -0.618467 0.241447 0.645792 0.502215 0.418400 -0.618467 0.244379 0.645792 0.501461 0.418400 -0.618467 0.248289 
0.645792 0.504398 0.442181 -0.629955 0.217009 0.645792 0.503691 0.442181 -0.629955 0.232649 0.645792 0.502953 0.418400 -0.618467 0.241447 0.645792 0.502215 0.418400 -0.618467 0.244379 0.645792 0.501461 0.418400 -0.618467 0.248289 0.645792 0.500723 0.418400 -0.618467 0.256109 
0.645792 0.503691 0.442181 -0.629955 0.232649 0.645792 0.502953 0.418400 -0.618467 0.241447 0.645792 0.502215 0.418400 -0.618467 0.244379 0.645792 0.501461 0.418400 -0.618467 0.248289 0.645792 0.500723 0.418400 -0.618467 0.256109 0.645792 0.499969 0.418400 -0.618467 0.270772 
0.645792 0.502953 0.418400 -0.618467 0.241447 0.645792 0.502215 0.418400 -0.618467 0.244379 0.645792 0.501461 0.418400 -0.618467 0.248289 0.645792 0.500723 0.418400 -0.618467 0.256109 0.645792 0.499969 0.418400 -0.618467 0.270772 0.645792 0.499216 0.418400 -0.618467 0.267840 
0.623105 0.508797 0.574813 -0.590855 0.000000 0.623474 0.508720 0.574813 -0.590855 0.000000 0.623893 0.508643 0.574813 -0.590855 0.000000 0.624311 0.508566 0.574813 -0.590855 0.000000 0.624729 0.508489 0.574813 -0.590855 0.000000 0.625566 0.508335 0.574813 -0.590855 0.000000 
0.623474 0.508720 0.574813 -0.590855 0.000000 0.623893 0.508643 0.574813 -0.590855 0.000000 0.624311 0.508566 0.574813 -0.590855 0.000000 0.624729 0.508489 0.574813 -0.590855 0.000000 0.625566 0.508335 0.574813 -0.590855 0.000000 0.625148 0.508443 0.574813 -0.590855 0.000000 
0.623893 0.508643 0.574813 -0.590855 0.000000 0.624311 0.508566 0.574813 -0.590855 0.000000 0.624729 0.508489 0.574813 -0.590855 0.000000 0.625566 0.508335 0.574813 -0.590855 0.000000 0.625148 0.508443 0.574813 -0.590855 0.000000 0.625984 0.508320 0.574813 -0.590855 0.000000 
0.624311 0.508566 0.574813 -0.590855 0.000000 0.624729 0.508489 0.574813 -0.590855 0.000000 0.625566 0.508335 0.574813 -0.590855 0.000000 0.625148 0.508443 0.574813 -0.590855 0.000000 0.625984 0.508320 0.574813 -0.590855 0.000000 0.626378 0.508305 0.574813 -0.590855 0.000000 
0.624729 0.508489 0.574813 -0.590855 0.000000 0.625566 0.508335 0.574813 -0.590855 0.000000 0.625148 0.508443 0.574813 -0.590855 0.000000 0.625984 0.508320 0.574813 -0.590855 0.000000 0.626378 0.508305 0.574813 -0.590855 0.000000 0.626796 0.508259 0.574813 -0.590855 0.000000 
0.625566 0.508335 0.574813 -0.590855 0.000000 0.625148 0.508443 0.574813 -0.590855 0.000000 0.625984 0.508320 0.574813 -0.590855 0.000000 0.626378 0.508305 0.574813 -0.590855 0.000000 0.626796 0.508259 0.574813 -0.590855 0.000000 0.627190 0.508228 0.582946 -0.582946 0.000000 
0.625148 0.508443 0.574813 -0.590855 0.000000 0.625984 0.508320 0.574813 -0.590855 0.000000 0.626378 0.508305 0.574813 -0.590855 0.000000 0.626796 0.508259 0.574813 -0.590855 0.000000 0.627190 0.508228 0.582946 -0.582946 0.000000 0.627953 0.508151 0.582946 -0.582946 0.000000 
0.625984 0.508320 0.574813 -0.590855 0.000000 0.626378 0.508305 0.574813 -0.590855 0.000000 0.626796 0.508259 0.574813 -0.590855 0.000000 0.627190 0.508228 0.582946 -0.582946 0.000000 0.627953 0.508151 0.582946 -0.582946 0.000000 0.627559 0.508182 0.582946 -0.582946 0.000000 
0.626378 0.508305 0.574813 -0.590855 0.000000 0.626796 0.508259 0.574813 -0.590855 0.000000 0.627190 0.508228 0.582946 -0.582946 0.000000 0.627953 0.508151 0.582946 -0.582946 0.000000 0.627559 0.508182 0.582946 -0.582946 0.000000 0.628346 0.508135 0.582946 -0.582946 0.000000 
0.626796 0.508259 0.574813 -0.590855 0.000000 0.627190 0.508228 0.582946 -0.582946 0.000000 0.627953 0.508151 0.582946 -0.582946 0.000000 0.627559 0.508182 0.582946 -0.582946 0.000000 0.628346 0.508135 0.582946 -0.582946 0.000000 0.628716 0.508105 0.582946 -0.582946 0.000000 
0.627190 0.508228 0.582946 -0.582946 0.000000 0.627953 0.508151 0.582946 -0.582946 0.000000 0.627559 0.508182 0.582946 -0.582946 0.000000 0.628346 0.508135 0.582946 -0.582946 0.000000 0.628716 0.508105 0.582946 -0.582946 0.000000 0.629085 0.508074 0.582946 -0.582946 0.000000 
0.627953 0.508151 0.582946 -0.582946 0.000000 0.627559 0.508182 0.582946 -0.582946 0.000000 0.628346 0.508135 0.582946 -0.582946 0.000000 0.628716 0.508105 0.582946 -0.582946 0.000000 0.629085 0.508074 0.582946 -0.582946 0.000000 0.629478 0.508059 0.590855 -0.574813 0.000000 
0.627559 0.508182 0.582946 -0.582946 0.000000 0.628346 0.508135 0.582946 -0.582946 0.000000 0.628716 0.508105 0.582946 -0.582946 0.000000 0.629085 0.508074 0.582946 -0.582946 0.000000 0.629478 0.508059 0.590855 -0.574813 0.000000 0.630340 0.507982 0.590855 -0.574813 0.000000 
0.628346 0.508135 0.582946 -0.582946 0.000000 0.628716 0.508105 0.582946 -0.582946 0.000000 0.629085 0.508074 0.582946 -0.582946 0.000000 0.629478 0.508059 0.590855 -0.574813 0.000000 0.630340 0.507982 0.590855 -0.574813 0.000000 0.629921 0.508012 0.590855 -0.574813 0.000000 
0.628716 0.508105 0.582946 -0.582946 0.000000 0.629085 0.508074 0.582946 -0.582946 0.000000 0.629478 0.508059 0.590855 -0.574813 0.000000 0.630340 0.507982 0.590855 -0.574813 0.000000 0.629921 0.508012 0.590855 -0.574813 0.000000 0.630782 0.507936 0.590855 -0.574813 0.000000 
0.629085 0.508074 0.582946 -0.582946 0.000000 0.629478 0.508059 0.590855 -0.574813 0.000000 0.630340 0.507982 0.590855 -0.574813 0.000000 0.629921 0.508012 0.590855 -0.574813 0.000000 0.630782 0.507936 0.590855 -0.574813 0.000000 0.631176 0.507889 0.590855 -0.574813 0.000000 
0.629478 0.508059 0.590855 -0.574813 0.000000 0.630340 0.507982 0.590855 -0.574813 0.000000 0.629921 0.508012 0.590855 -0.574813 0.000000 0.630782 0.507936 0.590855 -0.574813 0.000000 0.631176 0.507889 0.590855 -0.574813 0.000000 0.631594 0.507843 0.590855 -0.574813 0.000000 
0.630340 0.507982 0.590855 -0.574813 0.000000 0.629921 0.508012 0.590855 -0.574813 0.000000 0.630782 0.507936 0.590855 -0.574813 0.000000 0.631176 0.507889 0.590855 -0.574813 0.000000 0.631594 0.507843 0.590855 -0.574813 0.000000 0.631988 0.507812 0.590855 -0.574813 0.000000 
0.629921 0.508012 0.590855 -0.574813 0.000000 0.630782 0.507936 0.590855 -0.574813 0.000000 0.631176 0.507889 0.590855 -0.574813 0.000000 0.631594 0.507843 0.590855 -0.574813 0.000000 0.631988 0.507812 0.590855 -0.574813 0.000000 0.632357 0.507797 0.590855 -0.574813 0.000000 
0.630782 0.507936 0.590855 -0.574813 0.000000 0.631176 0.507889 0.590855 -0.574813 0.000000 0.631594 0.507843 0.590855 -0.574813 0.000000 0.631988 0.507812 0.590855 -0.574813 0.000000 0.632357 0.507797 0.590855 -0.574813 0.000000 0.632702 0.507782 0.599120 -0.599120 0.000000 
0.631176 0.507889 0.590855 -0.574813 0.000000 0.631594 0.507843 0.590855 -0.574813 0.000000 0.631988 0.507812 0.590855 -0.574813 0.000000 0.632357 0.507797 0.590855 -0.574813 0.000000 0.632702 0.507782 0.599120 -0.599120 0.000000 0.633046 0.507782 0.599120 -0.599120 0.000000 
0.631594 0.507843 0.590855 -0.574813 0.000000 0.631988 0.507812 0.590855 -0.574813 0.000000 0.632357 0.507797 0.590855 -0.574813 0.000000 0.632702 0.507782 0.599120 -0.599120 0.000000 0.633046 0.507782 0.599120 -0.599120 0.000000 0.633342 0.507782 0.599120 -0.599120 0.000000 
0.631988 0.507812 0.590855 -0.574813 0.000000 0.632357 0.507797 0.590855 -0.574813 0.000000 0.632702 0.507782 0.599120 -0.599120 0.000000 0.633046 0.507782 0.599120 -0.599120 0.000000 0.633342 0.507782 0.599120 -0.599120 0.000000 0.633612 0.507782 0.599120 -0.599120 0.000000 
0.632357 0.507797 0.590855 -0.574813 0.000000 0.632702 0.507782 0.599120 -0.599120 0.000000 0.633046 0.507782 0.599120 -0.599120 0.000000 0.633342 0.507782 0.599120 -0.599120 0.000000 0.633612 0.507782 0.599120 -0.599120 0.000000 0.633735 0.507782 0.574813 -0.590855 0.000000 
0.632702 0.507782 0.599120 -0.599120 0.000000 0.633046 0.507782 0.599120 -0.599120 0.000000 0.633342 0.507782 0.599120 -0.599120 0.000000 0.633612 0.507782 0.599120 -0.599120 0.000000 0.633735 0.507782 0.574813 -0.590855 0.000000 0.634154 0.507782 0.574813 -0.590855 0.000000 
0.633046 0.507782 0.599120 -0.599120 0.000000 0.633342 0.507782 0.599120 -0.599120 0.000000 0.633612 0.507782 0.599120 -0.599120 0.000000 0.633735 0.507782 0.574813 -0.590855 0.000000 0.634154 0.507782 0.574813 -0.590855 0.000000 0.634375 0.507782 0.574813 -0.590855 0.000000 
0.633342 0.507782 0.599120 -0.599120 0.000000 0.633612 0.507782 0.599120 -0.599120 0.000000 0.633735 0.507782 0.574813 -0.590855 0.000000 0.634154 0.507782 0.574813 -0.590855 0.000000 0.634375 0.507782 0.574813 -0.590855 0.000000 0.634498 0.507782 0.574813 -0.590855 0.000000 
0.633612 0.507782 0.599120 -0.599120 0.000000 0.633735 0.507782 0.574813 -0.590855 0.000000 0.634154 0.507782 0.574813 -0.590855 0.000000 0.634375 0.507782 0.574813 -0.590855 0.000000 0.634498 0.507782 0.574813 -0.590855 0.000000 0.634843 0.507782 0.574813 -0.590855 0.000000 
0.633735 0.507782 0.574813 -0.590855 0.000000 0.634154 0.507782 0.574813 -0.590855 0.000000 0.634375 0.507782 0.574813 -0.590855 0.000000 0.634498 0.507782 0.574813 -0.590855 0.000000 0.634843 0.507782 0.574813 -0.590855 0.000000 0.634941 0.507782 0.574813 -0.590855 0.000000 
0.634154 0.507782 0.574813 -0.590855 0.000000 0.634375 0.507782 0.574813 -0.590855 0.000000 0.634498 0.507782 0.574813 -0.590855 0.000000 0.634843 0.507782 0.574813 -0.590855 0.000000 0.634941 0.507782 0.574813 -0.590855 0.000000 0.635236 0.507782 0.574813 -0.590855 0.000000 
0.634375 0.507782 0.574813 -0.590855 0.000000 0.634498 0.507782 0.574813 -0.590855 0.000000 0.634843 0.507782 0.574813 -0.590855 0.000000 0.634941 0.507782 0.574813 -0.590855 0.000000 0.635236 0.507782 0.574813 -0.590855 0.000000 0.635433 0.507782 0.574813 -0.590855 0.000000 
0.634498 0.507782 0.574813 -0.590855 0.000000 0.634843 0.507782 0.574813 -0.590855 0.000000 0.634941 0.507782 0.574813 -0.590855 0.000000 0.635236 0.507782 0.574813 -0.590855 0.000000 0.635433 0.507782 0.574813 -0.590855 0.000000 0.635532 0.507782 0.574813 -0.590855 0.000000 
0.634843 0.507782 0.574813 -0.590855 0.000000 0.634941 0.507782 0.574813 -0.590855 0.000000 0.635236 0.507782 0.574813 -0.590855 0.000000 0.635433 0.507782 0.574813 -0.590855 0.000000 0.635532 0.507782 0.574813 -0.590855 0.000000 0.636343 0.507782 0.574813 -0.590855 0.000000 
0.634941 0.507782 0.574813 -0.590855 0.000000 0.635236 0.507782 0.574813 -0.590855 0.000000 0.635433 0.507782 0.574813 -0.590855 0.000000 0.635532 0.507782 0.574813 -0.590855 0.000000 0.636343 0.507782 0.574813 -0.590855 0.000000 0.635802 0.507782 0.574813 -0.590855 0.000000 
0.635236 0.507782 0.574813 -0.590855 0.000000 0.635433 0.507782 0.574813 -0.590855 0.000000 0.635532 0.507782 0.574813 -0.590855 0.000000 0.636343 0.507782 0.574813 -0.590855 0.000000 0.635802 0.507782 0.574813 -0.590855 0.000000 0.635974 0.507782 0.574813 -0.590855 0.000000 
0.635433 0.507782 0.574813 -0.590855 0.000000 0.635532 0.507782 0.574813 -0.590855 0.000000 0.636343 0.507782 0.574813 -0.590855 0.000000 0.635802 0.507782 0.574813 -0.590855 0.000000 0.635974 0.507782 0.574813 -0.590855 0.000000 0.636171 0.507782 0.574813 -0.590855 0.000000 
0.635532 0.507782 0.574813 -0.590855 0.000000 0.636343 0.507782 0.574813 -0.590855 0.000000 0.635802 0.507782 0.574813 -0.590855 0.000000 0.635974 0.507782 0.574813 -0.590855 0.000000 0.636171 0.507782 0.574813 -0.590855 0.000000 0.636516 0.507782 0.574813 -0.590855 0.000000 
0.636343 0.507782 0.574813 -0.590855 0.000000 0.635802 0.507782 0.574813 -0.590855 0.000000 0.635974 0.507782 0.574813 -0.590855 0.000000 0.636171 0.507782 0.574813 -0.590855 0.000000 0.636516 0.507782 0.574813 -0.590855 0.000000 0.636663 0.507782 0.574813 -0.590855 0.000000 
0.635802 0.507782 0.574813 -0.590855 0.000000 0.635974 0.507782 0.574813 -0.590855 0.000000 0.636171 0.507782 0.574813 -0.590855 0.000000 0.636516 0.507782 0.574813 -0.590855 0.000000 0.636663 0.507782 0.574813 -0.590855 0.000000 0.636860 0.507782 0.574813 -0.590855 0.000000 
0.635974 0.507782 0.574813 -0.590855 0.000000 0.636171 0.507782 0.574813 -0.590855 0.000000 0.636516 0.507782 0.574813 -0.590855 0.000000 0.636663 0.507782 0.574813 -0.590855 0.000000 0.636860 0.507782 0.574813 -0.590855 0.000000 0.637033 0.507782 0.574813 -0.590855 0.000000 
0.636171 0.507782 0.574813 -0.590855 0.000000 0.636516 0.507782 0.574813 -0.590855 0.000000 0.636663 0.507782 0.574813 -0.590855 0.000000 0.636860 0.507782 0.574813 -0.590855 0.000000 0.637033 0.507782 0.574813 -0.590855 0.000000 0.637205 0.507782 0.574813 -0.590855 0.000000 
0.636516 0.507782 0.574813 -0.590855 0.000000 0.636663 0.507782 0.574813 -0.590855 0.000000 0.636860 0.507782 0.574813 -0.590855 0.000000 0.637033 0.507782 0.574813 -0.590855 0.000000 0.637205 0.507782 0.574813 -0.590855 0.000000 0.637402 0.507782 0.574813 -0.590855 0.000000 
0.636663 0.507782 0.574813 -0.590855 0.000000 0.636860 0.507782 0.574813 -0.590855 0.000000 0.637033 0.507782 0.574813 -0.590855 0.000000 0.637205 0.507782 0.574813 -0.590855 0.000000 0.637402 0.507782 0.574813 -0.590855 0.000000 0.637574 0.507782 0.574813 -0.590855 0.000000 
0.636860 0.507782 0.574813 -0.590855 0.000000 0.637033 0.507782 0.574813 -0.590855 0.000000 0.637205 0.507782 0.574813 -0.590855 0.000000 0.637402 0.507782 0.574813 -0.590855 0.000000 0.637574 0.507782 0.574813 -0.590855 0.000000 0.637869 0.507782 0.574813 -0.590855 0.000000 
0.637033 0.507782 0.574813 -0.590855 0.000000 0.637205 0.507782 0.574813 -0.590855 0.000000 0.637402 0.507782 0.574813 -0.590855 0.000000 0.637574 0.507782 0.574813 -0.590855 0.000000 0.637869 0.507782 0.574813 -0.590855 0.000000 0.637721 0.507782 0.574813 -0.590855 0.000000 
0.637205 0.507782 0.574813 -0.590855 0.000000 0.637402 0.507782 0.574813 -0.590855 0.000000 0.637574 0.507782 0.574813 -0.590855 0.000000 0.637869 0.507782 0.574813 -0.590855 0.000000 0.637721 0.507782 0.574813 -0.590855 0.000000 0.637968 0.507782 0.574813 -0.590855 0.000000 
0.637402 0.507782 0.574813 -0.590855 0.000000 0.637574 0.507782 0.574813 -0.590855 0.000000 0.637869 0.507782 0.574813 -0.590855 0.000000 0.637721 0.507782 0.574813 -0.590855 0.000000 0.637968 0.507782 0.574813 -0.590855 0.000000 0.638066 0.507782 0.574813 -0.590855 0.000000 
0.637574 0.507782 0.574813 -0.590855 0.000000 0.637869 0.507782 0.574813 -0.590855 0.000000 0.637721 0.507782 0.574813 -0.590855 0.000000 0.637968 0.507782 0.574813 -0.590855 0.000000 0.638066 0.507782 0.574813 -0.590855 0.000000 0.638140 0.507782 0.574813 -0.590855 0.000000 
0.637869 0.507782 0.574813 -0.590855 0.000000 0.637721 0.507782 0.574813 -0.590855 0.000000 0.637968 0.507782 0.574813 -0.590855 0.000000 0.638066 0.507782 0.574813 -0.590855 0.000000 0.638140 0.507782 0.574813 -0.590855 0.000000 0.638164 0.507782 0.574813 -0.590855 0.000000 
0.637721 0.507782 0.574813 -0.590855 0.000000 0.637968 0.507782 0.574813 -0.590855 0.000000 0.638066 0.507782 0.574813 -0.590855 0.000000 0.638140 0.507782 0.574813 -0.590855 0.000000 0.638164 0.507782 0.574813 -0.590855 0.000000 0.638066 0.507766 0.574813 -0.590855 0.000000 
0.637968 0.507782 0.574813 -0.590855 0.000000 0.638066 0.507782 0.574813 -0.590855 0.000000 0.638140 0.507782 0.574813 -0.590855 0.000000 0.638164 0.507782 0.574813 -0.590855 0.000000 0.638066 0.507766 0.574813 -0.590855 0.000000 0.637845 0.507736 0.574813 -0.590855 0.000000 
0.638066 0.507782 0.574813 -0.590855 0.000000 0.638140 0.507782 0.574813 -0.590855 0.000000 0.638164 0.507782 0.574813 -0.590855 0.000000 0.638066 0.507766 0.574813 -0.590855 0.000000 0.637845 0.507736 0.574813 -0.590855 0.000000 0.637623 0.507705 0.574813 -0.590855 0.000000 
0.638140 0.507782 0.574813 -0.590855 0.000000 0.638164 0.507782 0.574813 -0.590855 0.000000 0.638066 0.507766 0.574813 -0.590855 0.000000 0.637845 0.507736 0.574813 -0.590855 0.000000 0.637623 0.507705 0.574813 -0.590855 0.000000 0.637352 0.507674 0.574813 -0.590855 0.000000 
0.638164 0.507782 0.574813 -0.590855 0.000000 0.638066 0.507766 0.574813 -0.590855 0.000000 0.637845 0.507736 0.574813 -0.590855 0.000000 0.637623 0.507705 0.574813 -0.590855 0.000000 0.637352 0.507674 0.574813 -0.590855 0.000000 0.637082 0.507628 0.574813 -0.590855 0.000000 
0.638066 0.507766 0.574813 -0.590855 0.000000 0.637845 0.507736 0.574813 -0.590855 0.000000 0.637623 0.507705 0.574813 -0.590855 0.000000 0.637352 0.507674 0.574813 -0.590855 0.000000 0.637082 0.507628 0.574813 -0.590855 0.000000 0.636786 0.507597 0.574813 -0.590855 0.000000 
0.637845 0.507736 0.574813 -0.590855 0.000000 0.637623 0.507705 0.574813 -0.590855 0.000000 0.637352 0.507674 0.574813 -0.590855 0.000000 0.637082 0.507628 0.574813 -0.590855 0.000000 0.636786 0.507597 0.574813 -0.590855 0.000000 0.636417 0.507582 0.582946 -0.582946 0.000000 
0.637623 0.507705 0.574813 -0.590855 0.000000 0.637352 0.507674 0.574813 -0.590855 0.000000 0.637082 0.507628 0.574813 -0.590855 0.000000 0.636786 0.507597 0.574813 -0.590855 0.000000 0.636417 0.507582 0.582946 -0.582946 0.000000 0.636024 0.507551 0.582946 -0.582946 0.000000 
0.637352 0.507674 0.574813 -0.590855 0.000000 0.637082 0.507628 0.574813 -0.590855 0.000000 0.636786 0.507597 0.574813 -0.590855 0.000000 0.636417 0.507582 0.582946 -0.582946 0.000000 0.636024 0.507551 0.582946 -0.582946 0.000000 0.635605 0.507520 0.582946 -0.582946 0.000000 
0.637082 0.507628 0.574813 -0.590855 0.000000 0.636786 0.507597 0.574813 -0.590855 0.000000 0.636417 0.507582 0.582946 -0.582946 0.000000 0.636024 0.507551 0.582946 -0.582946 0.000000 0.635605 0.507520 0.582946 -0.582946 0.000000 0.635162 0.507490 0.582946 -0.582946 0.000000 
0.636786 0.507597 0.574813 -0.590855 0.000000 0.636417 0.507582 0.582946 -0.582946 0.000000 0.636024 0.507551 0.582946 -0.582946 0.000000 0.635605 0.507520 0.582946 -0.582946 0.000000 0.635162 0.507490 0.582946 -0.582946 0.000000 0.633465 0.507428 0.582946 -0.582946 0.000000 
0.636417 0.507582 0.582946 -0.582946 0.000000 0.636024 0.507551 0.582946 -0.582946 0.000000 0.635605 0.507520 0.582946 -0.582946 0.000000 0.635162 0.507490 0.582946 -0.582946 0.000000 0.633465 0.507428 0.582946 -0.582946 0.000000 0.634646 0.507474 0.582946 -0.582946 0.000000 
0.636024 0.507551 0.582946 -0.582946 0.000000 0.635605 0.507520 0.582946 -0.582946 0.000000 0.635162 0.507490 0.582946 -0.582946 0.000000 0.633465 0.507428 0.582946 -0.582946 0.000000 0.634646 0.507474 0.582946 -0.582946 0.000000 0.634104 0.507459 0.582946 -0.582946 0.000000 
0.635605 0.507520 0.582946 -0.582946 0.000000 0.635162 0.507490 0.582946 -0.582946 0.000000 0.633465 0.507428 0.582946 -0.582946 0.000000 0.634646 0.507474 0.582946 -0.582946 0.000000 0.634104 0.507459 0.582946 -0.582946 0.000000 0.632800 0.507413 0.582946 -0.582946 0.000000 
0.635162 0.507490 0.582946 -0.582946 0.000000 0.633465 0.507428 0.582946 -0.582946 0.000000 0.634646 0.507474 0.582946 -0.582946 0.000000 0.634104 0.507459 0.582946 -0.582946 0.000000 0.632800 0.507413 0.582946 -0.582946 0.000000 0.631324 0.507397 0.582946 -0.582946 0.000000 
0.633465 0.507428 0.582946 -0.582946 0.000000 0.634646 0.507474 0.582946 -0.582946 0.000000 0.634104 0.507459 0.582946 -0.582946 0.000000 0.632800 0.507413 0.582946 -0.582946 0.000000 0.631324 0.507397 0.582946 -0.582946 0.000000 0.632062 0.507397 0.582946 -0.582946 0.000000 
0.634646 0.507474 0.582946 -0.582946 0.000000 0.634104 0.507459 0.582946 -0.582946 0.000000 0.632800 0.507413 0.582946 -0.582946 0.000000 0.631324 0.507397 0.582946 -0.582946 0.000000 0.632062 0.507397 0.582946 -0.582946 0.000000 0.630487 0.507397 0.582946 -0.582946 0.000000 
0.634104 0.507459 0.582946 -0.582946 0.000000 0.632800 0.507413 0.582946 -0.582946 0.000000 0.631324 0.507397 0.582946 -0.582946 0.000000 0.632062 0.507397 0.582946 -0.582946 0.000000 0.630487 0.507397 0.582946 -0.582946 0.000000 0.629601 0.507397 0.574754 -0.558940 0.000000 
0.632800 0.507413 0.582946 -0.582946 0.000000 0.631324 0.507397 0.582946 -0.582946 0.000000 0.632062 0.507397 0.582946 -0.582946 0.000000 0.630487 0.507397 0.582946 -0.582946 0.000000 0.629601 0.507397 0.574754 -0.558940 0.000000 0.628568 0.507397 0.574754 -0.558940 0.000000 
0.631324 0.507397 0.582946 -0.582946 0.000000 0.632062 0.507397 0.582946 -0.582946 0.000000 0.630487 0.507397 0.582946 -0.582946 0.000000 0.629601 0.507397 0.574754 -0.558940 0.000000 0.628568 0.507397 0.574754 -0.558940 0.000000 0.627534 0.507397 0.574754 -0.558940 0.000000 
0.632062 0.507397 0.582946 -0.582946 0.000000 0.630487 0.507397 0.582946 -0.582946 0.000000 0.629601 0.507397 0.574754 -0.558940 0.000000 0.628568 0.507397 0.574754 -0.558940 0.000000 0.627534 0.507397 0.574754 -0.558940 0.000000 0.626452 0.507397 0.574754 -0.558940 0.000000 
0.630487 0.507397 0.582946 -0.582946 0.000000 0.629601 0.507397 0.574754 -0.558940 0.000000 0.628568 0.507397 0.574754 -0.558940 0.000000 0.627534 0.507397 0.574754 -0.558940 0.000000 0.626452 0.507397 0.574754 -0.558940 0.000000 0.625320 0.507397 0.574754 -0.558940 0.022483 
