0.617151 0.509843 0.687274 0.172720 0.000000 0.618750 0.510258 0.635185 0.155409 0.000000 0.620423 0.510258 0.579513 0.161753 0.000000 0.622096 0.510258 0.527835 0.144350 0.000000 0.623720 0.510258 0.476299 0.127930 0.000000 0.625197 0.510335 0.440273 0.125570 0.000000 
0.618750 0.510258 0.635185 0.155409 0.000000 0.620423 0.510258 0.579513 0.161753 0.000000 0.622096 0.510258 0.527835 0.144350 0.000000 0.623720 0.510258 0.476299 0.127930 0.000000 0.625197 0.510335 0.440273 0.125570 0.000000 0.626526 0.510627 0.407788 0.107297 0.000000 
0.620423 0.510258 0.579513 0.161753 0.000000 0.622096 0.510258 0.527835 0.144350 0.000000 0.623720 0.510258 0.476299 0.127930 0.000000 0.625197 0.510335 0.440273 0.125570 0.000000 0.626526 0.510627 0.407788 0.107297 0.000000 0.626526 0.510765 0.389107 0.109423 0.000000 
0.622096 0.510258 0.527835 0.144350 0.000000 0.623720 0.510258 0.476299 0.127930 0.000000 0.625197 0.510335 0.440273 0.125570 0.000000 0.626526 0.510627 0.407788 0.107297 0.000000 0.626526 0.510765 0.389107 0.109423 0.000000 0.626230 0.510765 0.372081 0.104191 0.000000 
0.623720 0.510258 0.476299 0.127930 0.000000 0.625197 0.510335 0.440273 0.125570 0.000000 0.626526 0.510627 0.407788 0.107297 0.000000 0.626526 0.510765 0.389107 0.109423 0.000000 0.626230 0.510765 0.372081 0.104191 0.000000 0.627387 0.510581 0.372081 0.104191 0.000000 
0.625197 0.510335 0.440273 0.125570 0.000000 0.626526 0.510627 0.407788 0.107297 0.000000 0.626526 0.510765 0.389107 0.109423 0.000000 0.626230 0.510765 0.372081 0.104191 0.000000 0.627387 0.510581 0.372081 0.104191 0.000000 0.627362 0.509981 0.389107 0.109423 0.000000 
0.626526 0.510627 0.407788 0.107297 0.000000 0.626526 0.510765 0.389107 0.109423 0.000000 0.626230 0.510765 0.372081 0.104191 0.000000 0.627387 0.510581 0.372081 0.104191 0.000000 0.627362 0.509981 0.389107 0.109423 0.000000 0.628076 0.509504 0.404393 0.122111 0.000000 
0.626526 0.510765 0.389107 0.109423 0.000000 0.626230 0.510765 0.372081 0.104191 0.000000 0.627387 0.510581 0.372081 0.104191 0.000000 0.627362 0.509981 0.389107 0.109423 0.000000 0.628076 0.509504 0.404393 0.122111 0.000000 0.628740 0.509027 0.436425 0.141644 0.000000 
0.626230 0.510765 0.372081 0.104191 0.000000 0.627387 0.510581 0.372081 0.104191 0.000000 0.627362 0.509981 0.389107 0.109423 0.000000 0.628076 0.509504 0.404393 0.122111 0.000000 0.628740 0.509027 0.436425 0.141644 0.000000 0.628912 0.508581 0.474462 0.136758 0.000000 
0.627387 0.510581 0.372081 0.104191 0.000000 0.627362 0.509981 0.389107 0.109423 0.000000 0.628076 0.509504 0.404393 0.122111 0.000000 0.628740 0.509027 0.436425 0.141644 0.000000 0.628912 0.508581 0.474462 0.136758 0.000000 0.628912 0.508182 0.506662 0.157816 0.000000 
0.627362 0.509981 0.389107 0.109423 0.000000 0.628076 0.509504 0.404393 0.122111 0.000000 0.628740 0.509027 0.436425 0.141644 0.000000 0.628912 0.508581 0.474462 0.136758 0.000000 0.628912 0.508182 0.506662 0.157816 0.000000 0.628912 0.507689 0.592431 0.190659 0.000000 
0.628076 0.509504 0.404393 0.122111 0.000000 0.628740 0.509027 0.436425 0.141644 0.000000 0.628912 0.508581 0.474462 0.136758 0.000000 0.628912 0.508182 0.506662 0.157816 0.000000 0.628912 0.507689 0.592431 0.190659 0.000000 0.628568 0.507274 0.678749 0.227291 0.000000 
0.628740 0.509027 0.436425 0.141644 0.000000 0.628912 0.508581 0.474462 0.136758 0.000000 0.628912 0.508182 0.506662 0.157816 0.000000 0.628912 0.507689 0.592431 0.190659 0.000000 0.628568 0.507274 0.678749 0.227291 0.000000 0.628888 0.507689 0.626890 0.204796 0.000000 
0.628912 0.508581 0.474462 0.136758 0.000000 0.628912 0.508182 0.506662 0.157816 0.000000 0.628912 0.507689 0.592431 0.190659 0.000000 0.628568 0.507274 0.678749 0.227291 0.000000 0.628888 0.507689 0.626890 0.204796 0.000000 0.628814 0.507274 0.641673 0.224573 0.000000 
0.628912 0.508182 0.506662 0.157816 0.000000 0.628912 0.507689 0.592431 0.190659 0.000000 0.628568 0.507274 0.678749 0.227291 0.000000 0.628888 0.507689 0.626890 0.204796 0.000000 0.628814 0.507274 0.641673 0.224573 0.000000 0.628469 0.506905 0.698464 0.221303 0.000000 
0.628912 0.507689 0.592431 0.190659 0.000000 0.628568 0.507274 0.678749 0.227291 0.000000 0.628888 0.507689 0.626890 0.204796 0.000000 0.628814 0.507274 0.641673 0.224573 0.000000 0.628469 0.506905 0.698464 0.221303 0.000000 0.628076 0.506905 0.698464 0.221303 0.000000 
0.628568 0.507274 0.678749 0.227291 0.000000 0.628888 0.507689 0.626890 0.204796 0.000000 0.628814 0.507274 0.641673 0.224573 0.000000 0.628469 0.506905 0.698464 0.221303 0.000000 0.628076 0.506905 0.698464 0.221303 0.000000 0.628051 0.506905 0.698464 0.221303 0.000000 
0.628888 0.507689 0.626890 0.204796 0.000000 0.628814 0.507274 0.641673 0.224573 0.000000 0.628469 0.506905 0.698464 0.221303 0.000000 0.628076 0.506905 0.698464 0.221303 0.000000 0.628051 0.506905 0.698464 0.221303 0.000000 0.627731 0.506905 0.681116 0.213854 0.000000 
0.628814 0.507274 0.641673 0.224573 0.000000 0.628469 0.506905 0.698464 0.221303 0.000000 0.628076 0.506905 0.698464 0.221303 0.000000 0.628051 0.506905 0.698464 0.221303 0.000000 0.627731 0.506905 0.681116 0.213854 0.000000 0.627731 0.506874 0.663787 0.206597 0.000000 
0.628469 0.506905 0.698464 0.221303 0.000000 0.628076 0.506905 0.698464 0.221303 0.000000 0.628051 0.506905 0.698464 0.221303 0.000000 0.627731 0.506905 0.681116 0.213854 0.000000 0.627731 0.506874 0.663787 0.206597 0.000000 0.627731 0.506828 0.629192 0.192616 0.000000 
0.628076 0.506905 0.698464 0.221303 0.000000 0.628051 0.506905 0.698464 0.221303 0.000000 0.627731 0.506905 0.681116 0.213854 0.000000 0.627731 0.506874 0.663787 0.206597 0.000000 0.627731 0.506828 0.629192 0.192616 0.000000 0.627731 0.506782 0.614048 0.173989 0.000000 
0.628051 0.506905 0.698464 0.221303 0.000000 0.627731 0.506905 0.681116 0.213854 0.000000 0.627731 0.506874 0.663787 0.206597 0.000000 0.627731 0.506828 0.629192 0.192616 0.000000 0.627731 0.506782 0.614048 0.173989 0.000000 0.627731 0.506751 0.579513 0.161753 0.000000 
0.627731 0.506905 0.681116 0.213854 0.000000 0.627731 0.506874 0.663787 0.206597 0.000000 0.627731 0.506828 0.629192 0.192616 0.000000 0.627731 0.506782 0.614048 0.173989 0.000000 0.627731 0.506751 0.579513 0.161753 0.000000 0.627731 0.506613 0.543046 0.160340 0.000000 
0.627731 0.506874 0.663787 0.206597 0.000000 0.627731 0.506828 0.629192 0.192616 0.000000 0.627731 0.506782 0.614048 0.173989 0.000000 0.627731 0.506751 0.579513 0.161753 0.000000 0.627731 0.506613 0.543046 0.160340 0.000000 0.627731 0.506428 0.510641 0.138776 0.000000 
0.627731 0.506828 0.629192 0.192616 0.000000 0.627731 0.506782 0.614048 0.173989 0.000000 0.627731 0.506751 0.579513 0.161753 0.000000 0.627731 0.506613 0.543046 0.160340 0.000000 0.627731 0.506428 0.510641 0.138776 0.000000 0.627977 0.506336 0.491582 0.142493 0.000000 
0.627731 0.506782 0.614048 0.173989 0.000000 0.627731 0.506751 0.579513 0.161753 0.000000 0.627731 0.506613 0.543046 0.160340 0.000000 0.627731 0.506428 0.510641 0.138776 0.000000 0.627977 0.506336 0.491582 0.142493 0.000000 0.628420 0.506305 0.476299 0.127930 0.000000 
0.627731 0.506751 0.579513 0.161753 0.000000 0.627731 0.506613 0.543046 0.160340 0.000000 0.627731 0.506428 0.510641 0.138776 0.000000 0.627977 0.506336 0.491582 0.142493 0.000000 0.628420 0.506305 0.476299 0.127930 0.000000 0.629060 0.506305 0.459150 0.122647 0.000000 
0.627731 0.506613 0.543046 0.160340 0.000000 0.627731 0.506428 0.510641 0.138776 0.000000 0.627977 0.506336 0.491582 0.142493 0.000000 0.628420 0.506305 0.476299 0.127930 0.000000 0.629060 0.506305 0.459150 0.122647 0.000000 0.629823 0.506305 0.459150 0.122647 0.000000 
0.627731 0.506428 0.510641 0.138776 0.000000 0.627977 0.506336 0.491582 0.142493 0.000000 0.628420 0.506305 0.476299 0.127930 0.000000 0.629060 0.506305 0.459150 0.122647 0.000000 0.629823 0.506305 0.459150 0.122647 0.000000 0.630709 0.506321 0.459150 0.122647 0.000000 
0.627977 0.506336 0.491582 0.142493 0.000000 0.628420 0.506305 0.476299 0.127930 0.000000 0.629060 0.506305 0.459150 0.122647 0.000000 0.629823 0.506305 0.459150 0.122647 0.000000 0.630709 0.506321 0.459150 0.122647 0.000000 0.631644 0.506382 0.459150 0.122647 0.000000 
0.628420 0.506305 0.476299 0.127930 0.000000 0.629060 0.506305 0.459150 0.122647 0.000000 0.629823 0.506305 0.459150 0.122647 0.000000 0.630709 0.506321 0.459150 0.122647 0.000000 0.631644 0.506382 0.459150 0.122647 0.000000 0.631644 0.506475 0.476299 0.127930 0.000000 
0.629060 0.506305 0.459150 0.122647 0.000000 0.629823 0.506305 0.459150 0.122647 0.000000 0.630709 0.506321 0.459150 0.122647 0.000000 0.631644 0.506382 0.459150 0.122647 0.000000 0.631644 0.506475 0.476299 0.127930 0.000000 0.631644 0.506551 0.510641 0.138776 0.000000 
0.629823 0.506305 0.459150 0.122647 0.000000 0.630709 0.506321 0.459150 0.122647 0.000000 0.631644 0.506382 0.459150 0.122647 0.000000 0.631644 0.506475 0.476299 0.127930 0.000000 0.631644 0.506551 0.510641 0.138776 0.000000 0.631545 0.506659 0.527835 0.144350 0.000000 
0.630709 0.506321 0.459150 0.122647 0.000000 0.631644 0.506382 0.459150 0.122647 0.000000 0.631644 0.506475 0.476299 0.127930 0.000000 0.631644 0.506551 0.510641 0.138776 0.000000 0.631545 0.506659 0.527835 0.144350 0.000000 0.631594 0.506828 0.562271 0.155832 0.000000 
0.631644 0.506382 0.459150 0.122647 0.000000 0.631644 0.506475 0.476299 0.127930 0.000000 0.631644 0.506551 0.510641 0.138776 0.000000 0.631545 0.506659 0.527835 0.144350 0.000000 0.631594 0.506828 0.562271 0.155832 0.000000 0.632013 0.506997 0.594676 0.179281 0.000000 
0.631644 0.506475 0.476299 0.127930 0.000000 0.631644 0.506551 0.510641 0.138776 0.000000 0.631545 0.506659 0.527835 0.144350 0.000000 0.631594 0.506828 0.562271 0.155832 0.000000 0.632013 0.506997 0.594676 0.179281 0.000000 0.632136 0.507136 0.631341 0.180321 0.000000 
0.631644 0.506551 0.510641 0.138776 0.000000 0.631545 0.506659 0.527835 0.144350 0.000000 0.631594 0.506828 0.562271 0.155832 0.000000 0.632013 0.506997 0.594676 0.179281 0.000000 0.632136 0.507136 0.631341 0.180321 0.000000 0.632136 0.507182 0.665979 0.193454 0.000000 
0.631545 0.506659 0.527835 0.144350 0.000000 0.631594 0.506828 0.562271 0.155832 0.000000 0.632013 0.506997 0.594676 0.179281 0.000000 0.632136 0.507136 0.631341 0.180321 0.000000 0.632136 0.507182 0.665979 0.193454 0.000000 0.632037 0.507182 0.681116 0.213854 0.000000 
0.631594 0.506828 0.562271 0.155832 0.000000 0.632013 0.506997 0.594676 0.179281 0.000000 0.632136 0.507136 0.631341 0.180321 0.000000 0.632136 0.507182 0.665979 0.193454 0.000000 0.632037 0.507182 0.681116 0.213854 0.000000 0.631176 0.507151 0.715834 0.228955 0.000000 
0.632013 0.506997 0.594676 0.179281 0.000000 0.632136 0.507136 0.631341 0.180321 0.000000 0.632136 0.507182 0.665979 0.193454 0.000000 0.632037 0.507182 0.681116 0.213854 0.000000 0.631176 0.507151 0.715834 0.228955 0.000000 0.628420 0.505213 0.785521 0.261861 0.000000 
0.632136 0.507136 0.631341 0.180321 0.000000 0.632136 0.507182 0.665979 0.193454 0.000000 0.632037 0.507182 0.681116 0.213854 0.000000 0.631176 0.507151 0.715834 0.228955 0.000000 0.628420 0.505213 0.785521 0.261861 0.000000 0.630093 0.506690 0.750635 0.244921 0.000000 
0.632136 0.507182 0.665979 0.193454 0.000000 0.632037 0.507182 0.681116 0.213854 0.000000 0.631176 0.507151 0.715834 0.228955 0.000000 0.628420 0.505213 0.785521 0.261861 0.000000 0.630093 0.506690 0.750635 0.244921 0.000000 0.629282 0.506029 0.770323 0.237361 0.000000 
0.632037 0.507182 0.681116 0.213854 0.000000 0.631176 0.507151 0.715834 0.228955 0.000000 0.628420 0.505213 0.785521 0.261861 0.000000 0.630093 0.506690 0.750635 0.244921 0.000000 0.629282 0.506029 0.770323 0.237361 0.000000 0.627633 0.504321 0.822742 0.262482 0.000000 
0.631176 0.507151 0.715834 0.228955 0.000000 0.628420 0.505213 0.785521 0.261861 0.000000 0.630093 0.506690 0.750635 0.244921 0.000000 0.629282 0.506029 0.770323 0.237361 0.000000 0.627633 0.504321 0.822742 0.262482 0.000000 0.626501 0.503214 0.840252 0.271431 0.000000 
0.628420 0.505213 0.785521 0.261861 0.000000 0.630093 0.506690 0.750635 0.244921 0.000000 0.629282 0.506029 0.770323 0.237361 0.000000 0.627633 0.504321 0.822742 0.262482 0.000000 0.626501 0.503214 0.840252 0.271431 0.000000 0.627633 0.503752 0.822742 0.262482 0.000000 
0.630093 0.506690 0.750635 0.244921 0.000000 0.629282 0.506029 0.770323 0.237361 0.000000 0.627633 0.504321 0.822742 0.262482 0.000000 0.626501 0.503214 0.840252 0.271431 0.000000 0.627633 0.503752 0.822742 0.262482 0.000000 0.625418 0.502768 0.840252 0.271431 0.000000 
0.624016 0.502814 0.748221 0.260148 0.000000 0.624016 0.503291 0.765649 0.268959 0.000000 0.624336 0.503845 0.765649 0.268959 0.000000 0.624828 0.504260 0.785521 0.261861 0.000000 0.625000 0.504675 0.802995 0.270735 0.000000 0.625148 0.505121 0.822742 0.262482 0.000000 
0.624016 0.503291 0.765649 0.268959 0.000000 0.624336 0.503845 0.765649 0.268959 0.000000 0.624828 0.504260 0.785521 0.261861 0.000000 0.625000 0.504675 0.802995 0.270735 0.000000 0.625148 0.505121 0.822742 0.262482 0.000000 0.625443 0.505552 0.840252 0.271431 0.000000 
0.624336 0.503845 0.765649 0.268959 0.000000 0.624828 0.504260 0.785521 0.261861 0.000000 0.625000 0.504675 0.802995 0.270735 0.000000 0.625148 0.505121 0.822742 0.262482 0.000000 0.625443 0.505552 0.840252 0.271431 0.000000 0.625689 0.505967 0.840252 0.271431 0.000000 
0.624828 0.504260 0.785521 0.261861 0.000000 0.625000 0.504675 0.802995 0.270735 0.000000 0.625148 0.505121 0.822742 0.262482 0.000000 0.625443 0.505552 0.840252 0.271431 0.000000 0.625689 0.505967 0.840252 0.271431 0.000000 0.626206 0.506721 0.859852 0.261927 0.000000 
0.625000 0.504675 0.802995 0.270735 0.000000 0.625148 0.505121 0.822742 0.262482 0.000000 0.625443 0.505552 0.840252 0.271431 0.000000 0.625689 0.505967 0.840252 0.271431 0.000000 0.626206 0.506721 0.859852 0.261927 0.000000 0.625910 0.506352 0.859852 0.261927 0.000000 
0.625148 0.505121 0.822742 0.262482 0.000000 0.625443 0.505552 0.840252 0.271431 0.000000 0.625689 0.505967 0.840252 0.271431 0.000000 0.626206 0.506721 0.859852 0.261927 0.000000 0.625910 0.506352 0.859852 0.261927 0.000000 0.626255 0.507044 0.859852 0.261927 0.000000 
0.625443 0.505552 0.840252 0.271431 0.000000 0.625689 0.505967 0.840252 0.271431 0.000000 0.626206 0.506721 0.859852 0.261927 0.000000 0.625910 0.506352 0.859852 0.261927 0.000000 0.626255 0.507044 0.859852 0.261927 0.000000 0.626255 0.507643 0.877387 0.270960 0.000000 
0.625689 0.505967 0.840252 0.271431 0.000000 0.626206 0.506721 0.859852 0.261927 0.000000 0.625910 0.506352 0.859852 0.261927 0.000000 0.626255 0.507044 0.859852 0.261927 0.000000 0.626255 0.507643 0.877387 0.270960 0.000000 0.626255 0.507366 0.877387 0.270960 0.000000 
0.626206 0.506721 0.859852 0.261927 0.000000 0.625910 0.506352 0.859852 0.261927 0.000000 0.626255 0.507044 0.859852 0.261927 0.000000 0.626255 0.507643 0.877387 0.270960 0.000000 0.626255 0.507366 0.877387 0.270960 0.000000 0.626255 0.507889 0.877387 0.270960 0.000000 
0.625910 0.506352 0.859852 0.261927 0.000000 0.626255 0.507044 0.859852 0.261927 0.000000 0.626255 0.507643 0.877387 0.270960 0.000000 0.626255 0.507366 0.877387 0.270960 0.000000 0.626255 0.507889 0.877387 0.270960 0.000000 0.626181 0.508089 0.877387 0.270960 0.000000 
0.626255 0.507044 0.859852 0.261927 0.000000 0.626255 0.507643 0.877387 0.270960 0.000000 0.626255 0.507366 0.877387 0.270960 0.000000 0.626255 0.507889 0.877387 0.270960 0.000000 0.626181 0.508089 0.877387 0.270960 0.000000 0.626107 0.508166 0.877387 0.270960 0.000000 
0.626255 0.507643 0.877387 0.270960 0.000000 0.626255 0.507366 0.877387 0.270960 0.000000 0.626255 0.507889 0.877387 0.270960 0.000000 0.626181 0.508089 0.877387 0.270960 0.000000 0.626107 0.508166 0.877387 0.270960 0.000000 0.625886 0.508428 0.877387 0.270960 0.000000 
0.626255 0.507366 0.877387 0.270960 0.000000 0.626255 0.507889 0.877387 0.270960 0.000000 0.626181 0.508089 0.877387 0.270960 0.000000 0.626107 0.508166 0.877387 0.270960 0.000000 0.625886 0.508428 0.877387 0.270960 0.000000 0.625566 0.508505 0.877387 0.270960 0.000000 
0.626255 0.507889 0.877387 0.270960 0.000000 0.626181 0.508089 0.877387 0.270960 0.000000 0.626107 0.508166 0.877387 0.270960 0.000000 0.625886 0.508428 0.877387 0.270960 0.000000 0.625566 0.508505 0.877387 0.270960 0.000000 0.625492 0.508720 0.877387 0.270960 0.000000 
0.626181 0.508089 0.877387 0.270960 0.000000 0.626107 0.508166 0.877387 0.270960 0.000000 0.625886 0.508428 0.877387 0.270960 0.000000 0.625566 0.508505 0.877387 0.270960 0.000000 0.625492 0.508720 0.877387 0.270960 0.000000 0.625295 0.508797 0.877387 0.270960 0.000000 
0.626107 0.508166 0.877387 0.270960 0.000000 0.625886 0.508428 0.877387 0.270960 0.000000 0.625566 0.508505 0.877387 0.270960 0.000000 0.625492 0.508720 0.877387 0.270960 0.000000 0.625295 0.508797 0.877387 0.270960 0.000000 0.625123 0.508981 0.877387 0.270960 0.000000 
0.624754 0.510427 0.875326 0.290308 0.000000 0.624754 0.510658 0.875326 0.290308 0.000000 0.624852 0.510873 0.877387 0.270960 0.000000 0.624926 0.511027 0.877387 0.270960 0.000000 0.625000 0.511180 0.859852 0.261927 0.000000 0.625074 0.511304 0.859852 0.261927 0.000000 
0.624754 0.510658 0.875326 0.290308 0.000000 0.624852 0.510873 0.877387 0.270960 0.000000 0.624926 0.511027 0.877387 0.270960 0.000000 0.625000 0.511180 0.859852 0.261927 0.000000 0.625074 0.511304 0.859852 0.261927 0.000000 0.625074 0.511427 0.859852 0.261927 0.000000 
0.624852 0.510873 0.877387 0.270960 0.000000 0.624926 0.511027 0.877387 0.270960 0.000000 0.625000 0.511180 0.859852 0.261927 0.000000 0.625074 0.511304 0.859852 0.261927 0.000000 0.625074 0.511427 0.859852 0.261927 0.000000 0.625074 0.511550 0.859852 0.261927 0.000000 
0.624926 0.511027 0.877387 0.270960 0.000000 0.625000 0.511180 0.859852 0.261927 0.000000 0.625074 0.511304 0.859852 0.261927 0.000000 0.625074 0.511427 0.859852 0.261927 0.000000 0.625074 0.511550 0.859852 0.261927 0.000000 0.625074 0.511673 0.840252 0.271431 0.000000 
0.625000 0.511180 0.859852 0.261927 0.000000 0.625074 0.511304 0.859852 0.261927 0.000000 0.625074 0.511427 0.859852 0.261927 0.000000 0.625074 0.511550 0.859852 0.261927 0.000000 0.625074 0.511673 0.840252 0.271431 0.000000 0.625074 0.511811 0.840252 0.271431 0.000000 
