0.630733 0.530404 0.563605 -0.389452 0.043011 0.632480 0.529066 0.542132 -0.385906 0.106549 0.634154 0.527790 0.542132 -0.385906 0.171065 0.635679 0.526544 0.542132 -0.385906 0.208211 0.637106 0.525375 0.542132 -0.385906 0.258065 0.638410 0.524314 0.542132 -0.385906 0.328446 
0.632480 0.529066 0.542132 -0.385906 0.106549 0.634154 0.527790 0.542132 -0.385906 0.171065 0.635679 0.526544 0.542132 -0.385906 0.208211 0.637106 0.525375 0.542132 -0.385906 0.258065 0.638410 0.524314 0.542132 -0.385906 0.328446 0.639616 0.523361 0.542132 -0.385906 0.366569 
0.634154 0.527790 0.542132 -0.385906 0.171065 0.635679 0.526544 0.542132 -0.385906 0.208211 0.637106 0.525375 0.542132 -0.385906 0.258065 0.638410 0.524314 0.542132 -0.385906 0.328446 0.639616 0.523361 0.542132 -0.385906 0.366569 0.640650 0.522530 0.542132 -0.385906 0.401760 
0.635679 0.526544 0.542132 -0.385906 0.208211 0.637106 0.525375 0.542132 -0.385906 0.258065 0.638410 0.524314 0.542132 -0.385906 0.328446 0.639616 0.523361 0.542132 -0.385906 0.366569 0.640650 0.522530 0.542132 -0.385906 0.401760 0.641535 0.521823 0.542132 -0.385906 0.453568 
0.637106 0.525375 0.542132 -0.385906 0.258065 0.638410 0.524314 0.542132 -0.385906 0.328446 0.639616 0.523361 0.542132 -0.385906 0.366569 0.640650 0.522530 0.542132 -0.385906 0.401760 0.641535 0.521823 0.542132 -0.385906 0.453568 0.642249 0.521238 0.563605 -0.389452 0.486804 
0.638410 0.524314 0.542132 -0.385906 0.328446 0.639616 0.523361 0.542132 -0.385906 0.366569 0.640650 0.522530 0.542132 -0.385906 0.401760 0.641535 0.521823 0.542132 -0.385906 0.453568 0.642249 0.521238 0.563605 -0.389452 0.486804 0.642815 0.520792 0.563605 -0.389452 0.518084 
0.639616 0.523361 0.542132 -0.385906 0.366569 0.640650 0.522530 0.542132 -0.385906 0.401760 0.641535 0.521823 0.542132 -0.385906 0.453568 0.642249 0.521238 0.563605 -0.389452 0.486804 0.642815 0.520792 0.563605 -0.389452 0.518084 0.643258 0.520500 0.563605 -0.389452 0.566960 
0.640650 0.522530 0.542132 -0.385906 0.401760 0.641535 0.521823 0.542132 -0.385906 0.453568 0.642249 0.521238 0.563605 -0.389452 0.486804 0.642815 0.520792 0.563605 -0.389452 0.518084 0.643258 0.520500 0.563605 -0.389452 0.566960 0.643529 0.520316 0.558401 -0.398802 0.627566 
0.641535 0.521823 0.542132 -0.385906 0.453568 0.642249 0.521238 0.563605 -0.389452 0.486804 0.642815 0.520792 0.563605 -0.389452 0.518084 0.643258 0.520500 0.563605 -0.389452 0.566960 0.643529 0.520316 0.558401 -0.398802 0.627566 0.643652 0.520239 0.558401 -0.398802 0.670577 
0.642249 0.521238 0.563605 -0.389452 0.486804 0.642815 0.520792 0.563605 -0.389452 0.518084 0.643258 0.520500 0.563605 -0.389452 0.566960 0.643529 0.520316 0.558401 -0.398802 0.627566 0.643652 0.520239 0.558401 -0.398802 0.670577 0.640600 0.522069 0.568639 -0.379922 0.878788 
0.642815 0.520792 0.563605 -0.389452 0.518084 0.643258 0.520500 0.563605 -0.389452 0.566960 0.643529 0.520316 0.558401 -0.398802 0.627566 0.643652 0.520239 0.558401 -0.398802 0.670577 0.640600 0.522069 0.568639 -0.379922 0.878788 0.643430 0.520423 0.568639 -0.379922 0.813294 
0.643258 0.520500 0.563605 -0.389452 0.566960 0.643529 0.520316 0.558401 -0.398802 0.627566 0.643652 0.520239 0.558401 -0.398802 0.670577 0.640600 0.522069 0.568639 -0.379922 0.878788 0.643430 0.520423 0.568639 -0.379922 0.813294 0.642840 0.520777 0.568639 -0.379922 0.835777 
0.643529 0.520316 0.558401 -0.398802 0.627566 0.643652 0.520239 0.558401 -0.398802 0.670577 0.640600 0.522069 0.568639 -0.379922 0.878788 0.643430 0.520423 0.568639 -0.379922 0.813294 0.642840 0.520777 0.568639 -0.379922 0.835777 0.641929 0.521315 0.568639 -0.379922 0.858260 
0.643652 0.520239 0.558401 -0.398802 0.670577 0.640600 0.522069 0.568639 -0.379922 0.878788 0.643430 0.520423 0.568639 -0.379922 0.813294 0.642840 0.520777 0.568639 -0.379922 0.835777 0.641929 0.521315 0.568639 -0.379922 0.858260 0.638804 0.523068 0.568639 -0.379922 0.894428 
0.640600 0.522069 0.568639 -0.379922 0.878788 0.643430 0.520423 0.568639 -0.379922 0.813294 0.642840 0.520777 0.568639 -0.379922 0.835777 0.641929 0.521315 0.568639 -0.379922 0.858260 0.638804 0.523068 0.568639 -0.379922 0.894428 0.636516 0.524329 0.568639 -0.379922 0.927664 
0.643430 0.520423 0.568639 -0.379922 0.813294 0.642840 0.520777 0.568639 -0.379922 0.835777 0.641929 0.521315 0.568639 -0.379922 0.858260 0.638804 0.523068 0.568639 -0.379922 0.894428 0.636516 0.524329 0.568639 -0.379922 0.927664 0.633735 0.525867 0.573503 -0.370214 0.943304 
0.642840 0.520777 0.568639 -0.379922 0.835777 0.641929 0.521315 0.568639 -0.379922 0.858260 0.638804 0.523068 0.568639 -0.379922 0.894428 0.636516 0.524329 0.568639 -0.379922 0.927664 0.633735 0.525867 0.573503 -0.370214 0.943304 0.630487 0.527697 0.573503 -0.370214 0.976540 
0.641929 0.521315 0.568639 -0.379922 0.858260 0.638804 0.523068 0.568639 -0.379922 0.894428 0.636516 0.524329 0.568639 -0.379922 0.927664 0.633735 0.525867 0.573503 -0.370214 0.943304 0.630487 0.527697 0.573503 -0.370214 0.976540 0.626698 0.529789 0.573503 -0.370214 0.969697 
0.620177 0.516409 0.421760 -0.348508 0.000000 0.621284 0.516256 0.421760 -0.348508 0.000000 0.622367 0.516071 0.442211 -0.354315 0.000000 0.623474 0.515994 0.442211 -0.354315 0.000000 0.624582 0.515933 0.436865 -0.361515 0.000000 0.625664 0.515886 0.436865 -0.361515 0.000000 
0.621284 0.516256 0.421760 -0.348508 0.000000 0.622367 0.516071 0.442211 -0.354315 0.000000 0.623474 0.515994 0.442211 -0.354315 0.000000 0.624582 0.515933 0.436865 -0.361515 0.000000 0.625664 0.515886 0.436865 -0.361515 0.000000 0.626895 0.515840 0.457552 -0.367254 0.000000 
0.622367 0.516071 0.442211 -0.354315 0.000000 0.623474 0.515994 0.442211 -0.354315 0.000000 0.624582 0.515933 0.436865 -0.361515 0.000000 0.625664 0.515886 0.436865 -0.361515 0.000000 0.626895 0.515840 0.457552 -0.367254 0.000000 0.628051 0.515794 0.457552 -0.367254 0.000000 
0.623474 0.515994 0.442211 -0.354315 0.000000 0.624582 0.515933 0.436865 -0.361515 0.000000 0.625664 0.515886 0.436865 -0.361515 0.000000 0.626895 0.515840 0.457552 -0.367254 0.000000 0.628051 0.515794 0.457552 -0.367254 0.000000 0.629232 0.515763 0.457552 -0.367254 0.000000 
0.624582 0.515933 0.436865 -0.361515 0.000000 0.625664 0.515886 0.436865 -0.361515 0.000000 0.626895 0.515840 0.457552 -0.367254 0.000000 0.628051 0.515794 0.457552 -0.367254 0.000000 0.629232 0.515763 0.457552 -0.367254 0.000000 0.630438 0.515702 0.457552 -0.367254 0.000000 
0.625664 0.515886 0.436865 -0.361515 0.000000 0.626895 0.515840 0.457552 -0.367254 0.000000 0.628051 0.515794 0.457552 -0.367254 0.000000 0.629232 0.515763 0.457552 -0.367254 0.000000 0.630438 0.515702 0.457552 -0.367254 0.000000 0.631594 0.515656 0.457552 -0.367254 0.000000 
0.626895 0.515840 0.457552 -0.367254 0.000000 0.628051 0.515794 0.457552 -0.367254 0.000000 0.629232 0.515763 0.457552 -0.367254 0.000000 0.630438 0.515702 0.457552 -0.367254 0.000000 0.631594 0.515656 0.457552 -0.367254 0.000000 0.632751 0.515610 0.478448 -0.372570 0.000000 
0.628051 0.515794 0.457552 -0.367254 0.000000 0.629232 0.515763 0.457552 -0.367254 0.000000 0.630438 0.515702 0.457552 -0.367254 0.000000 0.631594 0.515656 0.457552 -0.367254 0.000000 0.632751 0.515610 0.478448 -0.372570 0.000000 0.633883 0.515563 0.472996 -0.380347 0.000000 
0.629232 0.515763 0.457552 -0.367254 0.000000 0.630438 0.515702 0.457552 -0.367254 0.000000 0.631594 0.515656 0.457552 -0.367254 0.000000 0.632751 0.515610 0.478448 -0.372570 0.000000 0.633883 0.515563 0.472996 -0.380347 0.000000 0.634966 0.515487 0.494116 -0.385607 0.000000 
0.630438 0.515702 0.457552 -0.367254 0.000000 0.631594 0.515656 0.457552 -0.367254 0.000000 0.632751 0.515610 0.478448 -0.372570 0.000000 0.633883 0.515563 0.472996 -0.380347 0.000000 0.634966 0.515487 0.494116 -0.385607 0.000000 0.635925 0.515425 0.482813 -0.401432 0.000000 
0.631594 0.515656 0.457552 -0.367254 0.000000 0.632751 0.515610 0.478448 -0.372570 0.000000 0.633883 0.515563 0.472996 -0.380347 0.000000 0.634966 0.515487 0.494116 -0.385607 0.000000 0.635925 0.515425 0.482813 -0.401432 0.000000 0.636836 0.515364 0.509887 -0.398814 0.000000 
0.632751 0.515610 0.478448 -0.372570 0.000000 0.633883 0.515563 0.472996 -0.380347 0.000000 0.634966 0.515487 0.494116 -0.385607 0.000000 0.635925 0.515425 0.482813 -0.401432 0.000000 0.636836 0.515364 0.509887 -0.398814 0.000000 0.639075 0.515179 0.529780 -0.442817 0.000000 
0.633883 0.515563 0.472996 -0.380347 0.000000 0.634966 0.515487 0.494116 -0.385607 0.000000 0.635925 0.515425 0.482813 -0.401432 0.000000 0.636836 0.515364 0.509887 -0.398814 0.000000 0.639075 0.515179 0.529780 -0.442817 0.000000 0.637623 0.515302 0.498351 -0.415055 0.000000 
0.634966 0.515487 0.494116 -0.385607 0.000000 0.635925 0.515425 0.482813 -0.401432 0.000000 0.636836 0.515364 0.509887 -0.398814 0.000000 0.639075 0.515179 0.529780 -0.442817 0.000000 0.637623 0.515302 0.498351 -0.415055 0.000000 0.638337 0.515241 0.519971 -0.420610 0.000000 
0.635925 0.515425 0.482813 -0.401432 0.000000 0.636836 0.515364 0.509887 -0.398814 0.000000 0.639075 0.515179 0.529780 -0.442817 0.000000 0.637623 0.515302 0.498351 -0.415055 0.000000 0.638337 0.515241 0.519971 -0.420610 0.000000 0.639616 0.515087 0.529780 -0.442817 0.000000 
0.636836 0.515364 0.509887 -0.398814 0.000000 0.639075 0.515179 0.529780 -0.442817 0.000000 0.637623 0.515302 0.498351 -0.415055 0.000000 0.638337 0.515241 0.519971 -0.420610 0.000000 0.639616 0.515087 0.529780 -0.442817 0.000000 0.640133 0.515025 0.529780 -0.442817 0.000000 
0.639075 0.515179 0.529780 -0.442817 0.000000 0.637623 0.515302 0.498351 -0.415055 0.000000 0.638337 0.515241 0.519971 -0.420610 0.000000 0.639616 0.515087 0.529780 -0.442817 0.000000 0.640133 0.515025 0.529780 -0.442817 0.000000 0.640699 0.514994 0.529780 -0.442817 0.000000 
0.637623 0.515302 0.498351 -0.415055 0.000000 0.638337 0.515241 0.519971 -0.420610 0.000000 0.639616 0.515087 0.529780 -0.442817 0.000000 0.640133 0.515025 0.529780 -0.442817 0.000000 0.640699 0.514994 0.529780 -0.442817 0.000000 0.641289 0.514994 0.507869 -0.436911 0.000000 
0.638337 0.515241 0.519971 -0.420610 0.000000 0.639616 0.515087 0.529780 -0.442817 0.000000 0.640133 0.515025 0.529780 -0.442817 0.000000 0.640699 0.514994 0.529780 -0.442817 0.000000 0.641289 0.514994 0.507869 -0.436911 0.000000 0.641880 0.514994 0.498351 -0.415055 0.000000 
0.639616 0.515087 0.529780 -0.442817 0.000000 0.640133 0.515025 0.529780 -0.442817 0.000000 0.640699 0.514994 0.529780 -0.442817 0.000000 0.641289 0.514994 0.507869 -0.436911 0.000000 0.641880 0.514994 0.498351 -0.415055 0.000000 0.642470 0.514994 0.492334 -0.422924 0.416422 
0.640133 0.515025 0.529780 -0.442817 0.000000 0.640699 0.514994 0.529780 -0.442817 0.000000 0.641289 0.514994 0.507869 -0.436911 0.000000 0.641880 0.514994 0.498351 -0.415055 0.000000 0.642470 0.514994 0.492334 -0.422924 0.416422 0.643036 0.514994 0.492334 -0.422924 0.408602 
0.640699 0.514994 0.529780 -0.442817 0.000000 0.641289 0.514994 0.507869 -0.436911 0.000000 0.641880 0.514994 0.498351 -0.415055 0.000000 0.642470 0.514994 0.492334 -0.422924 0.416422 0.643036 0.514994 0.492334 -0.422924 0.408602 0.643996 0.515148 0.470868 -0.416614 0.447703 
0.641289 0.514994 0.507869 -0.436911 0.000000 0.641880 0.514994 0.498351 -0.415055 0.000000 0.642470 0.514994 0.492334 -0.422924 0.416422 0.643036 0.514994 0.492334 -0.422924 0.408602 0.643996 0.515148 0.470868 -0.416614 0.447703 0.643504 0.515041 0.470868 -0.416614 0.394917 
0.641880 0.514994 0.498351 -0.415055 0.000000 0.642470 0.514994 0.492334 -0.422924 0.416422 0.643036 0.514994 0.492334 -0.422924 0.408602 0.643996 0.515148 0.470868 -0.416614 0.447703 0.643504 0.515041 0.470868 -0.416614 0.394917 0.644439 0.515225 0.455708 -0.402759 0.492669 
0.642470 0.514994 0.492334 -0.422924 0.416422 0.643036 0.514994 0.492334 -0.422924 0.408602 0.643996 0.515148 0.470868 -0.416614 0.447703 0.643504 0.515041 0.470868 -0.416614 0.394917 0.644439 0.515225 0.455708 -0.402759 0.492669 0.644710 0.515287 0.455708 -0.402759 0.521994 
0.643036 0.514994 0.492334 -0.422924 0.408602 0.643996 0.515148 0.470868 -0.416614 0.447703 0.643504 0.515041 0.470868 -0.416614 0.394917 0.644439 0.515225 0.455708 -0.402759 0.492669 0.644710 0.515287 0.455708 -0.402759 0.521994 0.644833 0.515333 0.455708 -0.402759 0.538612 
0.643996 0.515148 0.470868 -0.416614 0.447703 0.643504 0.515041 0.470868 -0.416614 0.394917 0.644439 0.515225 0.455708 -0.402759 0.492669 0.644710 0.515287 0.455708 -0.402759 0.521994 0.644833 0.515333 0.455708 -0.402759 0.538612 0.644833 0.515364 0.455708 -0.402759 0.548387 
0.643504 0.515041 0.470868 -0.416614 0.394917 0.644439 0.515225 0.455708 -0.402759 0.492669 0.644710 0.515287 0.455708 -0.402759 0.521994 0.644833 0.515333 0.455708 -0.402759 0.538612 0.644833 0.515364 0.455708 -0.402759 0.548387 0.644833 0.515379 0.455708 -0.402759 0.567937 
0.644439 0.515225 0.455708 -0.402759 0.492669 0.644710 0.515287 0.455708 -0.402759 0.521994 0.644833 0.515333 0.455708 -0.402759 0.538612 0.644833 0.515364 0.455708 -0.402759 0.548387 0.644833 0.515379 0.455708 -0.402759 0.567937 0.644414 0.515379 0.455708 -0.402759 0.583578 
0.644710 0.515287 0.455708 -0.402759 0.521994 0.644833 0.515333 0.455708 -0.402759 0.538612 0.644833 0.515364 0.455708 -0.402759 0.548387 0.644833 0.515379 0.455708 -0.402759 0.567937 0.644414 0.515379 0.455708 -0.402759 0.583578 0.643652 0.515379 0.455708 -0.402759 0.588465 
0.644833 0.515333 0.455708 -0.402759 0.538612 0.644833 0.515364 0.455708 -0.402759 0.548387 0.644833 0.515379 0.455708 -0.402759 0.567937 0.644414 0.515379 0.455708 -0.402759 0.583578 0.643652 0.515379 0.455708 -0.402759 0.588465 0.642643 0.515379 0.455708 -0.402759 0.600196 
0.644833 0.515364 0.455708 -0.402759 0.548387 0.644833 0.515379 0.455708 -0.402759 0.567937 0.644414 0.515379 0.455708 -0.402759 0.583578 0.643652 0.515379 0.455708 -0.402759 0.588465 0.642643 0.515379 0.455708 -0.402759 0.600196 0.641265 0.515379 0.455708 -0.402759 0.619746 
0.644833 0.515379 0.455708 -0.402759 0.567937 0.644414 0.515379 0.455708 -0.402759 0.583578 0.643652 0.515379 0.455708 -0.402759 0.588465 0.642643 0.515379 0.455708 -0.402759 0.600196 0.641265 0.515379 0.455708 -0.402759 0.619746 0.639518 0.515379 0.455708 -0.402759 0.636364 
0.644414 0.515379 0.455708 -0.402759 0.583578 0.643652 0.515379 0.455708 -0.402759 0.588465 0.642643 0.515379 0.455708 -0.402759 0.600196 0.641265 0.515379 0.455708 -0.402759 0.619746 0.639518 0.515379 0.455708 -0.402759 0.636364 0.637303 0.515256 0.455708 -0.402759 0.658847 
0.643652 0.515379 0.455708 -0.402759 0.588465 0.642643 0.515379 0.455708 -0.402759 0.600196 0.641265 0.515379 0.455708 -0.402759 0.619746 0.639518 0.515379 0.455708 -0.402759 0.636364 0.637303 0.515256 0.455708 -0.402759 0.658847 0.634646 0.515071 0.455708 -0.402759 0.678397 
0.642643 0.515379 0.455708 -0.402759 0.600196 0.641265 0.515379 0.455708 -0.402759 0.619746 0.639518 0.515379 0.455708 -0.402759 0.636364 0.637303 0.515256 0.455708 -0.402759 0.658847 0.634646 0.515071 0.455708 -0.402759 0.678397 0.631496 0.514871 0.455708 -0.402759 0.699902 
0.641265 0.515379 0.455708 -0.402759 0.619746 0.639518 0.515379 0.455708 -0.402759 0.636364 0.637303 0.515256 0.455708 -0.402759 0.658847 0.634646 0.515071 0.455708 -0.402759 0.678397 0.631496 0.514871 0.455708 -0.402759 0.699902 0.627904 0.514625 0.434738 -0.396028 0.731183 
0.640551 0.493710 0.141281 -0.156666 0.000000 0.641388 0.494740 0.153269 -0.169914 0.000000 0.642224 0.495725 0.170561 -0.202449 0.000000 0.643086 0.496647 0.194047 -0.230057 0.000000 0.643971 0.497570 0.205895 -0.243946 0.000000 0.645694 0.499323 0.243309 -0.260158 0.000000 
0.642224 0.495725 0.170561 -0.202449 0.000000 0.643086 0.496647 0.194047 -0.230057 0.000000 0.643971 0.497570 0.205895 -0.243946 0.000000 0.645694 0.499323 0.243309 -0.260158 0.000000 0.644833 0.498447 0.222170 -0.254244 0.000000 0.646481 0.500138 0.256048 -0.273695 0.000000 
0.643086 0.496647 0.194047 -0.230057 0.000000 0.643971 0.497570 0.205895 -0.243946 0.000000 0.645694 0.499323 0.243309 -0.260158 0.000000 0.644833 0.498447 0.222170 -0.254244 0.000000 0.646481 0.500138 0.256048 -0.273695 0.000000 0.647293 0.500953 0.256048 -0.273695 0.000000 
0.643971 0.497570 0.205895 -0.243946 0.000000 0.645694 0.499323 0.243309 -0.260158 0.000000 0.644833 0.498447 0.222170 -0.254244 0.000000 0.646481 0.500138 0.256048 -0.273695 0.000000 0.647293 0.500953 0.256048 -0.273695 0.000000 0.648007 0.501722 0.281788 -0.301008 0.000000 
0.645694 0.499323 0.243309 -0.260158 0.000000 0.644833 0.498447 0.222170 -0.254244 0.000000 0.646481 0.500138 0.256048 -0.273695 0.000000 0.647293 0.500953 0.256048 -0.273695 0.000000 0.648007 0.501722 0.281788 -0.301008 0.000000 0.648671 0.502445 0.281788 -0.301008 0.000000 
0.644833 0.498447 0.222170 -0.254244 0.000000 0.646481 0.500138 0.256048 -0.273695 0.000000 0.647293 0.500953 0.256048 -0.273695 0.000000 0.648007 0.501722 0.281788 -0.301008 0.000000 0.648671 0.502445 0.281788 -0.301008 0.000000 0.648671 0.503122 0.291593 -0.291593 0.000000 
0.646481 0.500138 0.256048 -0.273695 0.000000 0.647293 0.500953 0.256048 -0.273695 0.000000 0.648007 0.501722 0.281788 -0.301008 0.000000 0.648671 0.502445 0.281788 -0.301008 0.000000 0.648671 0.503122 0.291593 -0.291593 0.000000 0.648671 0.503737 0.318503 -0.318503 0.000000 
0.647293 0.500953 0.256048 -0.273695 0.000000 0.648007 0.501722 0.281788 -0.301008 0.000000 0.648671 0.502445 0.281788 -0.301008 0.000000 0.648671 0.503122 0.291593 -0.291593 0.000000 0.648671 0.503737 0.318503 -0.318503 0.000000 0.648671 0.504291 0.328667 -0.307907 0.000000 
0.648007 0.501722 0.281788 -0.301008 0.000000 0.648671 0.502445 0.281788 -0.301008 0.000000 0.648671 0.503122 0.291593 -0.291593 0.000000 0.648671 0.503737 0.318503 -0.318503 0.000000 0.648671 0.504291 0.328667 -0.307907 0.000000 0.648647 0.504767 0.347728 -0.315459 0.000000 
0.648671 0.502445 0.281788 -0.301008 0.000000 0.648671 0.503122 0.291593 -0.291593 0.000000 0.648671 0.503737 0.318503 -0.318503 0.000000 0.648671 0.504291 0.328667 -0.307907 0.000000 0.648647 0.504767 0.347728 -0.315459 0.000000 0.648696 0.504675 0.442211 -0.354315 0.000000 
0.648671 0.503122 0.291593 -0.291593 0.000000 0.648671 0.503737 0.318503 -0.318503 0.000000 0.648671 0.504291 0.328667 -0.307907 0.000000 0.648647 0.504767 0.347728 -0.315459 0.000000 0.648696 0.504675 0.442211 -0.354315 0.000000 0.649508 0.504675 0.478448 -0.372570 0.000000 
0.648671 0.503737 0.318503 -0.318503 0.000000 0.648671 0.504291 0.328667 -0.307907 0.000000 0.648647 0.504767 0.347728 -0.315459 0.000000 0.648696 0.504675 0.442211 -0.354315 0.000000 0.649508 0.504675 0.478448 -0.372570 0.000000 0.649926 0.504675 0.494116 -0.385607 0.000000 
0.648671 0.504291 0.328667 -0.307907 0.000000 0.648647 0.504767 0.347728 -0.315459 0.000000 0.648696 0.504675 0.442211 -0.354315 0.000000 0.649508 0.504675 0.478448 -0.372570 0.000000 0.649926 0.504675 0.494116 -0.385607 0.000000 0.650541 0.504675 0.531390 -0.403607 0.000000 
0.648647 0.504767 0.347728 -0.315459 0.000000 0.648696 0.504675 0.442211 -0.354315 0.000000 0.649508 0.504675 0.478448 -0.372570 0.000000 0.649926 0.504675 0.494116 -0.385607 0.000000 0.650541 0.504675 0.531390 -0.403607 0.000000 0.650837 0.504952 0.553025 -0.407971 0.000000 
0.648696 0.504675 0.442211 -0.354315 0.000000 0.649508 0.504675 0.478448 -0.372570 0.000000 0.649926 0.504675 0.494116 -0.385607 0.000000 0.650541 0.504675 0.531390 -0.403607 0.000000 0.650837 0.504952 0.553025 -0.407971 0.000000 0.651255 0.505398 0.585693 -0.434824 0.000000 
0.649508 0.504675 0.478448 -0.372570 0.000000 0.649926 0.504675 0.494116 -0.385607 0.000000 0.650541 0.504675 0.531390 -0.403607 0.000000 0.650837 0.504952 0.553025 -0.407971 0.000000 0.651255 0.505398 0.585693 -0.434824 0.000000 0.651452 0.505552 0.602186 -0.448566 0.000000 
0.649926 0.504675 0.494116 -0.385607 0.000000 0.650541 0.504675 0.531390 -0.403607 0.000000 0.650837 0.504952 0.553025 -0.407971 0.000000 0.651255 0.505398 0.585693 -0.434824 0.000000 0.651452 0.505552 0.602186 -0.448566 0.000000 0.651599 0.505752 0.641237 -0.466443 0.000000 
0.650541 0.504675 0.531390 -0.403607 0.000000 0.650837 0.504952 0.553025 -0.407971 0.000000 0.651255 0.505398 0.585693 -0.434824 0.000000 0.651452 0.505552 0.602186 -0.448566 0.000000 0.651599 0.505752 0.641237 -0.466443 0.000000 0.651722 0.505752 0.658116 -0.480665 0.000000 
0.650837 0.504952 0.553025 -0.407971 0.000000 0.651255 0.505398 0.585693 -0.434824 0.000000 0.651452 0.505552 0.602186 -0.448566 0.000000 0.651599 0.505752 0.641237 -0.466443 0.000000 0.651722 0.505752 0.658116 -0.480665 0.000000 0.651895 0.505798 0.680745 -0.484193 0.000000 
0.651255 0.505398 0.585693 -0.434824 0.000000 0.651452 0.505552 0.602186 -0.448566 0.000000 0.651599 0.505752 0.641237 -0.466443 0.000000 0.651722 0.505752 0.658116 -0.480665 0.000000 0.651895 0.505798 0.680745 -0.484193 0.000000 0.651968 0.505798 0.675102 -0.495138 0.000000 
0.651452 0.505552 0.602186 -0.448566 0.000000 0.651599 0.505752 0.641237 -0.466443 0.000000 0.651722 0.505752 0.658116 -0.480665 0.000000 0.651895 0.505798 0.680745 -0.484193 0.000000 0.651968 0.505798 0.675102 -0.495138 0.000000 0.652092 0.505798 0.697880 -0.498718 0.000000 
0.651599 0.505752 0.641237 -0.466443 0.000000 0.651722 0.505752 0.658116 -0.480665 0.000000 0.651895 0.505798 0.680745 -0.484193 0.000000 0.651968 0.505798 0.675102 -0.495138 0.000000 0.652092 0.505798 0.697880 -0.498718 0.000000 0.652165 0.505798 0.697880 -0.498718 0.000000 
0.651722 0.505752 0.658116 -0.480665 0.000000 0.651895 0.505798 0.680745 -0.484193 0.000000 0.651968 0.505798 0.675102 -0.495138 0.000000 0.652092 0.505798 0.697880 -0.498718 0.000000 0.652165 0.505798 0.697880 -0.498718 0.000000 0.652239 0.505798 0.697880 -0.498718 0.000000 
0.651895 0.505798 0.680745 -0.484193 0.000000 0.651968 0.505798 0.675102 -0.495138 0.000000 0.652092 0.505798 0.697880 -0.498718 0.000000 0.652165 0.505798 0.697880 -0.498718 0.000000 0.652239 0.505798 0.697880 -0.498718 0.000000 0.652313 0.505798 0.697880 -0.498718 0.000000 
0.651968 0.505798 0.675102 -0.495138 0.000000 0.652092 0.505798 0.697880 -0.498718 0.000000 0.652165 0.505798 0.697880 -0.498718 0.000000 0.652239 0.505798 0.697880 -0.498718 0.000000 0.652313 0.505798 0.697880 -0.498718 0.000000 0.652362 0.505798 0.697880 -0.498718 0.000000 
0.652092 0.505798 0.697880 -0.498718 0.000000 0.652165 0.505798 0.697880 -0.498718 0.000000 0.652239 0.505798 0.697880 -0.498718 0.000000 0.652313 0.505798 0.697880 -0.498718 0.000000 0.652362 0.505798 0.697880 -0.498718 0.000000 0.652387 0.505798 0.680745 -0.484193 0.000000 
0.652165 0.505798 0.697880 -0.498718 0.000000 0.652239 0.505798 0.697880 -0.498718 0.000000 0.652313 0.505798 0.697880 -0.498718 0.000000 0.652362 0.505798 0.697880 -0.498718 0.000000 0.652387 0.505798 0.680745 -0.484193 0.000000 0.652411 0.505859 0.680745 -0.484193 0.000000 
0.652239 0.505798 0.697880 -0.498718 0.000000 0.652313 0.505798 0.697880 -0.498718 0.000000 0.652362 0.505798 0.697880 -0.498718 0.000000 0.652387 0.505798 0.680745 -0.484193 0.000000 0.652411 0.505859 0.680745 -0.484193 0.000000 0.652411 0.506090 0.658116 -0.480665 0.000000 
0.652313 0.505798 0.697880 -0.498718 0.000000 0.652362 0.505798 0.697880 -0.498718 0.000000 0.652387 0.505798 0.680745 -0.484193 0.000000 0.652411 0.505859 0.680745 -0.484193 0.000000 0.652411 0.506090 0.658116 -0.480665 0.000000 0.652411 0.506598 0.641237 -0.466443 0.000000 
0.652362 0.505798 0.697880 -0.498718 0.000000 0.652387 0.505798 0.680745 -0.484193 0.000000 0.652411 0.505859 0.680745 -0.484193 0.000000 0.652411 0.506090 0.658116 -0.480665 0.000000 0.652411 0.506598 0.641237 -0.466443 0.000000 0.652411 0.506382 0.663714 -0.469935 0.000000 
0.652387 0.505798 0.680745 -0.484193 0.000000 0.652411 0.505859 0.680745 -0.484193 0.000000 0.652411 0.506090 0.658116 -0.480665 0.000000 0.652411 0.506598 0.641237 -0.466443 0.000000 0.652411 0.506382 0.663714 -0.469935 0.000000 0.652411 0.506767 0.646784 -0.455934 0.000000 
0.652411 0.505859 0.680745 -0.484193 0.000000 0.652411 0.506090 0.658116 -0.480665 0.000000 0.652411 0.506598 0.641237 -0.466443 0.000000 0.652411 0.506382 0.663714 -0.469935 0.000000 0.652411 0.506767 0.646784 -0.455934 0.000000 0.652411 0.506967 0.624465 -0.452465 0.000000 
0.652411 0.506090 0.658116 -0.480665 0.000000 0.652411 0.506598 0.641237 -0.466443 0.000000 0.652411 0.506382 0.663714 -0.469935 0.000000 0.652411 0.506767 0.646784 -0.455934 0.000000 0.652411 0.506967 0.624465 -0.452465 0.000000 0.652411 0.507136 0.629955 -0.442181 0.000000 
0.652411 0.506598 0.641237 -0.466443 0.000000 0.652411 0.506382 0.663714 -0.469935 0.000000 0.652411 0.506767 0.646784 -0.455934 0.000000 0.652411 0.506967 0.624465 -0.452465 0.000000 0.652411 0.507136 0.629955 -0.442181 0.000000 0.652411 0.507274 0.629955 -0.442181 0.000000 
0.652411 0.506382 0.663714 -0.469935 0.000000 0.652411 0.506767 0.646784 -0.455934 0.000000 0.652411 0.506967 0.624465 -0.452465 0.000000 0.652411 0.507136 0.629955 -0.442181 0.000000 0.652411 0.507274 0.629955 -0.442181 0.000000 0.652411 0.507397 0.607797 -0.438721 0.000000 
0.652411 0.506767 0.646784 -0.455934 0.000000 0.652411 0.506967 0.624465 -0.452465 0.000000 0.652411 0.507136 0.629955 -0.442181 0.000000 0.652411 0.507274 0.629955 -0.442181 0.000000 0.652411 0.507397 0.607797 -0.438721 0.000000 0.652411 0.507505 0.607797 -0.438721 0.000000 
0.652411 0.506967 0.624465 -0.452465 0.000000 0.652411 0.507136 0.629955 -0.442181 0.000000 0.652411 0.507274 0.629955 -0.442181 0.000000 0.652411 0.507397 0.607797 -0.438721 0.000000 0.652411 0.507505 0.607797 -0.438721 0.000000 0.652411 0.507597 0.618467 -0.418400 0.063539 
0.652411 0.507136 0.629955 -0.442181 0.000000 0.652411 0.507274 0.629955 -0.442181 0.000000 0.652411 0.507397 0.607797 -0.438721 0.000000 0.652411 0.507505 0.607797 -0.438721 0.000000 0.652411 0.507597 0.618467 -0.418400 0.063539 0.652411 0.507659 0.596590 -0.415378 0.085044 
0.652411 0.507274 0.629955 -0.442181 0.000000 0.652411 0.507397 0.607797 -0.438721 0.000000 0.652411 0.507505 0.607797 -0.438721 0.000000 0.652411 0.507597 0.618467 -0.418400 0.063539 0.652411 0.507659 0.596590 -0.415378 0.085044 0.652436 0.507736 0.596590 -0.415378 0.113392 
0.652411 0.507397 0.607797 -0.438721 0.000000 0.652411 0.507505 0.607797 -0.438721 0.000000 0.652411 0.507597 0.618467 -0.418400 0.063539 0.652411 0.507659 0.596590 -0.415378 0.085044 0.652436 0.507736 0.596590 -0.415378 0.113392 0.652534 0.507766 0.596590 -0.415378 0.144673 
0.652411 0.507505 0.607797 -0.438721 0.000000 0.652411 0.507597 0.618467 -0.418400 0.063539 0.652411 0.507659 0.596590 -0.415378 0.085044 0.652436 0.507736 0.596590 -0.415378 0.113392 0.652534 0.507766 0.596590 -0.415378 0.144673 0.652584 0.507812 0.596590 -0.415378 0.168133 
0.652411 0.507597 0.618467 -0.418400 0.063539 0.652411 0.507659 0.596590 -0.415378 0.085044 0.652436 0.507736 0.596590 -0.415378 0.113392 0.652534 0.507766 0.596590 -0.415378 0.144673 0.652584 0.507812 0.596590 -0.415378 0.168133 0.652633 0.507843 0.596590 -0.415378 0.184751 
0.652411 0.507659 0.596590 -0.415378 0.085044 0.652436 0.507736 0.596590 -0.415378 0.113392 0.652534 0.507766 0.596590 -0.415378 0.144673 0.652584 0.507812 0.596590 -0.415378 0.168133 0.652633 0.507843 0.596590 -0.415378 0.184751 0.652633 0.507874 0.596590 -0.415378 0.199413 
0.652436 0.507736 0.596590 -0.415378 0.113392 0.652534 0.507766 0.596590 -0.415378 0.144673 0.652584 0.507812 0.596590 -0.415378 0.168133 0.652633 0.507843 0.596590 -0.415378 0.184751 0.652633 0.507874 0.596590 -0.415378 0.199413 0.652633 0.507889 0.596590 -0.415378 0.212121 
0.652534 0.507766 0.596590 -0.415378 0.144673 0.652584 0.507812 0.596590 -0.415378 0.168133 0.652633 0.507843 0.596590 -0.415378 0.184751 0.652633 0.507874 0.596590 -0.415378 0.199413 0.652633 0.507889 0.596590 -0.415378 0.212121 0.652633 0.507920 0.596590 -0.415378 0.226784 
0.652584 0.507812 0.596590 -0.415378 0.168133 0.652633 0.507843 0.596590 -0.415378 0.184751 0.652633 0.507874 0.596590 -0.415378 0.199413 0.652633 0.507889 0.596590 -0.415378 0.212121 0.652633 0.507920 0.596590 -0.415378 0.226784 0.652633 0.507936 0.596590 -0.415378 0.242424 
0.652633 0.507843 0.596590 -0.415378 0.184751 0.652633 0.507874 0.596590 -0.415378 0.199413 0.652633 0.507889 0.596590 -0.415378 0.212121 0.652633 0.507920 0.596590 -0.415378 0.226784 0.652633 0.507936 0.596590 -0.415378 0.242424 0.652633 0.507951 0.596590 -0.415378 0.252199 
0.652633 0.507874 0.596590 -0.415378 0.199413 0.652633 0.507889 0.596590 -0.415378 0.212121 0.652633 0.507920 0.596590 -0.415378 0.226784 0.652633 0.507936 0.596590 -0.415378 0.242424 0.652633 0.507951 0.596590 -0.415378 0.252199 0.652633 0.507982 0.596590 -0.415378 0.257087 
0.652633 0.507889 0.596590 -0.415378 0.212121 0.652633 0.507920 0.596590 -0.415378 0.226784 0.652633 0.507936 0.596590 -0.415378 0.242424 0.652633 0.507951 0.596590 -0.415378 0.252199 0.652633 0.507982 0.596590 -0.415378 0.257087 0.652559 0.507982 0.596590 -0.415378 0.277615 
0.652633 0.507920 0.596590 -0.415378 0.226784 0.652633 0.507936 0.596590 -0.415378 0.242424 0.652633 0.507951 0.596590 -0.415378 0.252199 0.652633 0.507982 0.596590 -0.415378 0.257087 0.652559 0.507982 0.596590 -0.415378 0.277615 0.652510 0.507982 0.596590 -0.415378 0.286413 
0.652633 0.507936 0.596590 -0.415378 0.242424 0.652633 0.507951 0.596590 -0.415378 0.252199 0.652633 0.507982 0.596590 -0.415378 0.257087 0.652559 0.507982 0.596590 -0.415378 0.277615 0.652510 0.507982 0.596590 -0.415378 0.286413 0.652436 0.507982 0.601768 -0.405355 0.297165 
0.652633 0.507951 0.596590 -0.415378 0.252199 0.652633 0.507982 0.596590 -0.415378 0.257087 0.652559 0.507982 0.596590 -0.415378 0.277615 0.652510 0.507982 0.596590 -0.415378 0.286413 0.652436 0.507982 0.601768 -0.405355 0.297165 0.652387 0.507982 0.601768 -0.405355 0.309873 
0.652633 0.507982 0.596590 -0.415378 0.257087 0.652559 0.507982 0.596590 -0.415378 0.277615 0.652510 0.507982 0.596590 -0.415378 0.286413 0.652436 0.507982 0.601768 -0.405355 0.297165 0.652387 0.507982 0.601768 -0.405355 0.309873 0.652313 0.507982 0.601768 -0.405355 0.323558 
0.652559 0.507982 0.596590 -0.415378 0.277615 0.652510 0.507982 0.596590 -0.415378 0.286413 0.652436 0.507982 0.601768 -0.405355 0.297165 0.652387 0.507982 0.601768 -0.405355 0.309873 0.652313 0.507982 0.601768 -0.405355 0.323558 0.652288 0.507982 0.601768 -0.405355 0.340176 
0.652510 0.507982 0.596590 -0.415378 0.286413 0.652436 0.507982 0.601768 -0.405355 0.297165 0.652387 0.507982 0.601768 -0.405355 0.309873 0.652313 0.507982 0.601768 -0.405355 0.323558 0.652288 0.507982 0.601768 -0.405355 0.340176 0.652239 0.507982 0.601768 -0.405355 0.355816 
0.652436 0.507982 0.601768 -0.405355 0.297165 0.652387 0.507982 0.601768 -0.405355 0.309873 0.652313 0.507982 0.601768 -0.405355 0.323558 0.652288 0.507982 0.601768 -0.405355 0.340176 0.652239 0.507982 0.601768 -0.405355 0.355816 0.652190 0.507982 0.601768 -0.405355 0.372434 
0.652387 0.507982 0.601768 -0.405355 0.309873 0.652313 0.507982 0.601768 -0.405355 0.323558 0.652288 0.507982 0.601768 -0.405355 0.340176 0.652239 0.507982 0.601768 -0.405355 0.355816 0.652190 0.507982 0.601768 -0.405355 0.372434 0.652141 0.507982 0.601768 -0.405355 0.391007 
0.652313 0.507982 0.601768 -0.405355 0.323558 0.652288 0.507982 0.601768 -0.405355 0.340176 0.652239 0.507982 0.601768 -0.405355 0.355816 0.652190 0.507982 0.601768 -0.405355 0.372434 0.652141 0.507982 0.601768 -0.405355 0.391007 0.652067 0.507997 0.601768 -0.405355 0.406647 
0.652288 0.507982 0.601768 -0.405355 0.340176 0.652239 0.507982 0.601768 -0.405355 0.355816 0.652190 0.507982 0.601768 -0.405355 0.372434 0.652141 0.507982 0.601768 -0.405355 0.391007 0.652067 0.507997 0.601768 -0.405355 0.406647 0.652018 0.508028 0.596590 -0.415378 0.419355 
0.652239 0.507982 0.601768 -0.405355 0.355816 0.652190 0.507982 0.601768 -0.405355 0.372434 0.652141 0.507982 0.601768 -0.405355 0.391007 0.652067 0.507997 0.601768 -0.405355 0.406647 0.652018 0.508028 0.596590 -0.415378 0.419355 0.651944 0.508059 0.596590 -0.415378 0.428153 
0.652190 0.507982 0.601768 -0.405355 0.372434 0.652141 0.507982 0.601768 -0.405355 0.391007 0.652067 0.507997 0.601768 -0.405355 0.406647 0.652018 0.508028 0.596590 -0.415378 0.419355 0.651944 0.508059 0.596590 -0.415378 0.428153 0.651895 0.508089 0.596590 -0.415378 0.437928 
0.652141 0.507982 0.601768 -0.405355 0.391007 0.652067 0.507997 0.601768 -0.405355 0.406647 0.652018 0.508028 0.596590 -0.415378 0.419355 0.651944 0.508059 0.596590 -0.415378 0.428153 0.651895 0.508089 0.596590 -0.415378 0.437928 0.651845 0.508120 0.596590 -0.415378 0.445748 
0.652067 0.507997 0.601768 -0.405355 0.406647 0.652018 0.508028 0.596590 -0.415378 0.419355 0.651944 0.508059 0.596590 -0.415378 0.428153 0.651895 0.508089 0.596590 -0.415378 0.437928 0.651845 0.508120 0.596590 -0.415378 0.445748 0.651796 0.508151 0.596590 -0.415378 0.453568 
0.652018 0.508028 0.596590 -0.415378 0.419355 0.651944 0.508059 0.596590 -0.415378 0.428153 0.651895 0.508089 0.596590 -0.415378 0.437928 0.651845 0.508120 0.596590 -0.415378 0.445748 0.651796 0.508151 0.596590 -0.415378 0.453568 0.651772 0.508182 0.601768 -0.405355 0.463343 
0.651944 0.508059 0.596590 -0.415378 0.428153 0.651895 0.508089 0.596590 -0.415378 0.437928 0.651845 0.508120 0.596590 -0.415378 0.445748 0.651796 0.508151 0.596590 -0.415378 0.453568 0.651772 0.508182 0.601768 -0.405355 0.463343 0.651722 0.508212 0.601768 -0.405355 0.474096 
0.651895 0.508089 0.596590 -0.415378 0.437928 0.651845 0.508120 0.596590 -0.415378 0.445748 0.651796 0.508151 0.596590 -0.415378 0.453568 0.651772 0.508182 0.601768 -0.405355 0.463343 0.651722 0.508212 0.601768 -0.405355 0.474096 0.651722 0.508228 0.601768 -0.405355 0.483871 
0.651845 0.508120 0.596590 -0.415378 0.445748 0.651796 0.508151 0.596590 -0.415378 0.453568 0.651772 0.508182 0.601768 -0.405355 0.463343 0.651722 0.508212 0.601768 -0.405355 0.474096 0.651722 0.508228 0.601768 -0.405355 0.483871 0.651722 0.508243 0.601768 -0.405355 0.494624 
0.651796 0.508151 0.596590 -0.415378 0.453568 0.651772 0.508182 0.601768 -0.405355 0.463343 0.651722 0.508212 0.601768 -0.405355 0.474096 0.651722 0.508228 0.601768 -0.405355 0.483871 0.651722 0.508243 0.601768 -0.405355 0.494624 0.651722 0.508259 0.601768 -0.405355 0.504399 
0.651772 0.508182 0.601768 -0.405355 0.463343 0.651722 0.508212 0.601768 -0.405355 0.474096 0.651722 0.508228 0.601768 -0.405355 0.483871 0.651722 0.508243 0.601768 -0.405355 0.494624 0.651722 0.508259 0.601768 -0.405355 0.504399 0.651722 0.508274 0.601768 -0.405355 0.525904 
0.651722 0.508212 0.601768 -0.405355 0.474096 0.651722 0.508228 0.601768 -0.405355 0.483871 0.651722 0.508243 0.601768 -0.405355 0.494624 0.651722 0.508259 0.601768 -0.405355 0.504399 0.651722 0.508274 0.601768 -0.405355 0.525904 0.651722 0.508289 0.601768 -0.405355 0.544477 
0.651722 0.508228 0.601768 -0.405355 0.483871 0.651722 0.508243 0.601768 -0.405355 0.494624 0.651722 0.508259 0.601768 -0.405355 0.504399 0.651722 0.508274 0.601768 -0.405355 0.525904 0.651722 0.508289 0.601768 -0.405355 0.544477 0.651722 0.508305 0.601768 -0.405355 0.574780 
0.651722 0.508243 0.601768 -0.405355 0.494624 0.651722 0.508259 0.601768 -0.405355 0.504399 0.651722 0.508274 0.601768 -0.405355 0.525904 0.651722 0.508289 0.601768 -0.405355 0.544477 0.651722 0.508305 0.601768 -0.405355 0.574780 0.651722 0.508320 0.601768 -0.405355 0.589443 
0.651722 0.508259 0.601768 -0.405355 0.504399 0.651722 0.508274 0.601768 -0.405355 0.525904 0.651722 0.508289 0.601768 -0.405355 0.544477 0.651722 0.508305 0.601768 -0.405355 0.574780 0.651722 0.508320 0.601768 -0.405355 0.589443 0.651722 0.508335 0.601768 -0.405355 0.619746 
0.651722 0.508274 0.601768 -0.405355 0.525904 0.651722 0.508289 0.601768 -0.405355 0.544477 0.651722 0.508305 0.601768 -0.405355 0.574780 0.651722 0.508320 0.601768 -0.405355 0.589443 0.651722 0.508335 0.601768 -0.405355 0.619746 0.651722 0.508351 0.601768 -0.405355 0.629521 
0.651722 0.508289 0.601768 -0.405355 0.544477 0.651722 0.508305 0.601768 -0.405355 0.574780 0.651722 0.508320 0.601768 -0.405355 0.589443 0.651722 0.508335 0.601768 -0.405355 0.619746 0.651722 0.508351 0.601768 -0.405355 0.629521 0.651722 0.508366 0.601768 -0.405355 0.641251 
0.651722 0.508305 0.601768 -0.405355 0.574780 0.651722 0.508320 0.601768 -0.405355 0.589443 0.651722 0.508335 0.601768 -0.405355 0.619746 0.651722 0.508351 0.601768 -0.405355 0.629521 0.651722 0.508366 0.601768 -0.405355 0.641251 0.651722 0.508397 0.601768 -0.405355 0.652981 
0.651722 0.508320 0.601768 -0.405355 0.589443 0.651722 0.508335 0.601768 -0.405355 0.619746 0.651722 0.508351 0.601768 -0.405355 0.629521 0.651722 0.508366 0.601768 -0.405355 0.641251 0.651722 0.508397 0.601768 -0.405355 0.652981 0.651722 0.508412 0.601768 -0.405355 0.674487 
0.651722 0.508335 0.601768 -0.405355 0.619746 0.651722 0.508351 0.601768 -0.405355 0.629521 0.651722 0.508366 0.601768 -0.405355 0.641251 0.651722 0.508397 0.601768 -0.405355 0.652981 0.651722 0.508412 0.601768 -0.405355 0.674487 0.651722 0.508443 0.601768 -0.405355 0.685239 
0.651722 0.508351 0.601768 -0.405355 0.629521 0.651722 0.508366 0.601768 -0.405355 0.641251 0.651722 0.508397 0.601768 -0.405355 0.652981 0.651722 0.508412 0.601768 -0.405355 0.674487 0.651722 0.508443 0.601768 -0.405355 0.685239 0.651722 0.508474 0.601768 -0.405355 0.695015 
0.651722 0.508366 0.601768 -0.405355 0.641251 0.651722 0.508397 0.601768 -0.405355 0.652981 0.651722 0.508412 0.601768 -0.405355 0.674487 0.651722 0.508443 0.601768 -0.405355 0.685239 0.651722 0.508474 0.601768 -0.405355 0.695015 0.651722 0.508489 0.601768 -0.405355 0.703812 
0.651722 0.508397 0.601768 -0.405355 0.652981 0.651722 0.508412 0.601768 -0.405355 0.674487 0.651722 0.508443 0.601768 -0.405355 0.685239 0.651722 0.508474 0.601768 -0.405355 0.695015 0.651722 0.508489 0.601768 -0.405355 0.703812 0.651722 0.508520 0.601768 -0.405355 0.712610 
0.651722 0.508412 0.601768 -0.405355 0.674487 0.651722 0.508443 0.601768 -0.405355 0.685239 0.651722 0.508474 0.601768 -0.405355 0.695015 0.651722 0.508489 0.601768 -0.405355 0.703812 0.651722 0.508520 0.601768 -0.405355 0.712610 0.651722 0.508551 0.601768 -0.405355 0.721408 
0.651722 0.508443 0.601768 -0.405355 0.685239 0.651722 0.508474 0.601768 -0.405355 0.695015 0.651722 0.508489 0.601768 -0.405355 0.703812 0.651722 0.508520 0.601768 -0.405355 0.712610 0.651722 0.508551 0.601768 -0.405355 0.721408 0.651722 0.508581 0.601768 -0.405355 0.729228 
0.651722 0.508474 0.601768 -0.405355 0.695015 0.651722 0.508489 0.601768 -0.405355 0.703812 0.651722 0.508520 0.601768 -0.405355 0.712610 0.651722 0.508551 0.601768 -0.405355 0.721408 0.651722 0.508581 0.601768 -0.405355 0.729228 0.651722 0.508612 0.601768 -0.405355 0.738025 
0.651722 0.508489 0.601768 -0.405355 0.703812 0.651722 0.508520 0.601768 -0.405355 0.712610 0.651722 0.508551 0.601768 -0.405355 0.721408 0.651722 0.508581 0.601768 -0.405355 0.729228 0.651722 0.508612 0.601768 -0.405355 0.738025 0.651722 0.508643 0.601768 -0.405355 0.744868 
0.651722 0.508520 0.601768 -0.405355 0.712610 0.651722 0.508551 0.601768 -0.405355 0.721408 0.651722 0.508581 0.601768 -0.405355 0.729228 0.651722 0.508612 0.601768 -0.405355 0.738025 0.651722 0.508643 0.601768 -0.405355 0.744868 0.651722 0.508689 0.601768 -0.405355 0.751711 
0.651722 0.508551 0.601768 -0.405355 0.721408 0.651722 0.508581 0.601768 -0.405355 0.729228 0.651722 0.508612 0.601768 -0.405355 0.738025 0.651722 0.508643 0.601768 -0.405355 0.744868 0.651722 0.508689 0.601768 -0.405355 0.751711 0.651722 0.508720 0.580051 -0.402310 0.757576 
0.651722 0.508581 0.601768 -0.405355 0.729228 0.651722 0.508612 0.601768 -0.405355 0.738025 0.651722 0.508643 0.601768 -0.405355 0.744868 0.651722 0.508689 0.601768 -0.405355 0.751711 0.651722 0.508720 0.580051 -0.402310 0.757576 0.651722 0.508751 0.580051 -0.402310 0.764418 
0.651722 0.508612 0.601768 -0.405355 0.738025 0.651722 0.508643 0.601768 -0.405355 0.744868 0.651722 0.508689 0.601768 -0.405355 0.751711 0.651722 0.508720 0.580051 -0.402310 0.757576 0.651722 0.508751 0.580051 -0.402310 0.764418 0.651722 0.508781 0.580051 -0.402310 0.770283 
0.651722 0.508643 0.601768 -0.405355 0.744868 0.651722 0.508689 0.601768 -0.405355 0.751711 0.651722 0.508720 0.580051 -0.402310 0.757576 0.651722 0.508751 0.580051 -0.402310 0.764418 0.651722 0.508781 0.580051 -0.402310 0.770283 0.651722 0.508812 0.580051 -0.402310 0.775171 
0.651722 0.508689 0.601768 -0.405355 0.751711 0.651722 0.508720 0.580051 -0.402310 0.757576 0.651722 0.508751 0.580051 -0.402310 0.764418 0.651722 0.508781 0.580051 -0.402310 0.770283 0.651722 0.508812 0.580051 -0.402310 0.775171 0.651722 0.508827 0.580051 -0.402310 0.780059 
0.651722 0.508720 0.580051 -0.402310 0.757576 0.651722 0.508751 0.580051 -0.402310 0.764418 0.651722 0.508781 0.580051 -0.402310 0.770283 0.651722 0.508812 0.580051 -0.402310 0.775171 0.651722 0.508827 0.580051 -0.402310 0.780059 0.651722 0.508843 0.580051 -0.402310 0.784946 
0.651722 0.508751 0.580051 -0.402310 0.764418 0.651722 0.508781 0.580051 -0.402310 0.770283 0.651722 0.508812 0.580051 -0.402310 0.775171 0.651722 0.508827 0.580051 -0.402310 0.780059 0.651722 0.508843 0.580051 -0.402310 0.784946 0.651722 0.508858 0.580051 -0.402310 0.788856 
0.651722 0.508781 0.580051 -0.402310 0.770283 0.651722 0.508812 0.580051 -0.402310 0.775171 0.651722 0.508827 0.580051 -0.402310 0.780059 0.651722 0.508843 0.580051 -0.402310 0.784946 0.651722 0.508858 0.580051 -0.402310 0.788856 0.651722 0.508874 0.580051 -0.402310 0.794721 
0.651722 0.508812 0.580051 -0.402310 0.775171 0.651722 0.508827 0.580051 -0.402310 0.780059 0.651722 0.508843 0.580051 -0.402310 0.784946 0.651722 0.508858 0.580051 -0.402310 0.788856 0.651722 0.508874 0.580051 -0.402310 0.794721 0.651722 0.508889 0.580051 -0.402310 0.806452 
0.651722 0.508827 0.580051 -0.402310 0.780059 0.651722 0.508843 0.580051 -0.402310 0.784946 0.651722 0.508858 0.580051 -0.402310 0.788856 0.651722 0.508874 0.580051 -0.402310 0.794721 0.651722 0.508889 0.580051 -0.402310 0.806452 0.651722 0.508904 0.580051 -0.402310 0.811339 
0.651722 0.508843 0.580051 -0.402310 0.784946 0.651722 0.508858 0.580051 -0.402310 0.788856 0.651722 0.508874 0.580051 -0.402310 0.794721 0.651722 0.508889 0.580051 -0.402310 0.806452 0.651722 0.508904 0.580051 -0.402310 0.811339 0.651722 0.508920 0.580051 -0.402310 0.825024 
0.651722 0.508858 0.580051 -0.402310 0.788856 0.651722 0.508874 0.580051 -0.402310 0.794721 0.651722 0.508889 0.580051 -0.402310 0.806452 0.651722 0.508904 0.580051 -0.402310 0.811339 0.651722 0.508920 0.580051 -0.402310 0.825024 0.651722 0.508935 0.580051 -0.402310 0.838710 
0.651722 0.508874 0.580051 -0.402310 0.794721 0.651722 0.508889 0.580051 -0.402310 0.806452 0.651722 0.508904 0.580051 -0.402310 0.811339 0.651722 0.508920 0.580051 -0.402310 0.825024 0.651722 0.508935 0.580051 -0.402310 0.838710 0.651722 0.508827 0.580051 -0.402310 0.847507 
0.651722 0.508889 0.580051 -0.402310 0.806452 0.651722 0.508904 0.580051 -0.402310 0.811339 0.651722 0.508920 0.580051 -0.402310 0.825024 0.651722 0.508935 0.580051 -0.402310 0.838710 0.651722 0.508827 0.580051 -0.402310 0.847507 0.651722 0.508658 0.580051 -0.402310 0.847507 
0.651722 0.508904 0.580051 -0.402310 0.811339 0.651722 0.508920 0.580051 -0.402310 0.825024 0.651722 0.508935 0.580051 -0.402310 0.838710 0.651722 0.508827 0.580051 -0.402310 0.847507 0.651722 0.508658 0.580051 -0.402310 0.847507 0.651649 0.508443 0.574767 -0.411898 0.844575 
0.651722 0.508920 0.580051 -0.402310 0.825024 0.651722 0.508935 0.580051 -0.402310 0.838710 0.651722 0.508827 0.580051 -0.402310 0.847507 0.651722 0.508658 0.580051 -0.402310 0.847507 0.651649 0.508443 0.574767 -0.411898 0.844575 0.651526 0.508135 0.553025 -0.407971 0.843597 
0.651722 0.508935 0.580051 -0.402310 0.838710 0.651722 0.508827 0.580051 -0.402310 0.847507 0.651722 0.508658 0.580051 -0.402310 0.847507 0.651649 0.508443 0.574767 -0.411898 0.844575 0.651526 0.508135 0.553025 -0.407971 0.843597 0.651353 0.507720 0.553025 -0.407971 0.843597 
0.651722 0.508827 0.580051 -0.402310 0.847507 0.651722 0.508658 0.580051 -0.402310 0.847507 0.651649 0.508443 0.574767 -0.411898 0.844575 0.651526 0.508135 0.553025 -0.407971 0.843597 0.651353 0.507720 0.553025 -0.407971 0.843597 0.651157 0.507182 0.553025 -0.407971 0.841642 
0.651722 0.508658 0.580051 -0.402310 0.847507 0.651649 0.508443 0.574767 -0.411898 0.844575 0.651526 0.508135 0.553025 -0.407971 0.843597 0.651353 0.507720 0.553025 -0.407971 0.843597 0.651157 0.507182 0.553025 -0.407971 0.841642 0.650910 0.506551 0.553025 -0.407971 0.839687 
0.651649 0.508443 0.574767 -0.411898 0.844575 0.651526 0.508135 0.553025 -0.407971 0.843597 0.651353 0.507720 0.553025 -0.407971 0.843597 0.651157 0.507182 0.553025 -0.407971 0.841642 0.650910 0.506551 0.553025 -0.407971 0.839687 0.650664 0.505782 0.553025 -0.407971 0.849462 
0.651526 0.508135 0.553025 -0.407971 0.843597 0.651353 0.507720 0.553025 -0.407971 0.843597 0.651157 0.507182 0.553025 -0.407971 0.841642 0.650910 0.506551 0.553025 -0.407971 0.839687 0.650664 0.505782 0.553025 -0.407971 0.849462 0.650369 0.504829 0.553025 -0.407971 0.860215 
0.651353 0.507720 0.553025 -0.407971 0.843597 0.651157 0.507182 0.553025 -0.407971 0.841642 0.650910 0.506551 0.553025 -0.407971 0.839687 0.650664 0.505782 0.553025 -0.407971 0.849462 0.650369 0.504829 0.553025 -0.407971 0.860215 0.650098 0.503737 0.553025 -0.407971 0.863148 
0.651157 0.507182 0.553025 -0.407971 0.841642 0.650910 0.506551 0.553025 -0.407971 0.839687 0.650664 0.505782 0.553025 -0.407971 0.849462 0.650369 0.504829 0.553025 -0.407971 0.860215 0.650098 0.503737 0.553025 -0.407971 0.863148 0.649828 0.502538 0.541753 -0.425761 0.865103 
0.650910 0.506551 0.553025 -0.407971 0.839687 0.650664 0.505782 0.553025 -0.407971 0.849462 0.650369 0.504829 0.553025 -0.407971 0.860215 0.650098 0.503737 0.553025 -0.407971 0.863148 0.649828 0.502538 0.541753 -0.425761 0.865103 0.649557 0.501230 0.541753 -0.425761 0.876833 
0.650369 0.504829 0.553025 -0.407971 0.860215 0.650098 0.503737 0.553025 -0.407971 0.863148 0.649828 0.502538 0.541753 -0.425761 0.865103 0.649557 0.501230 0.541753 -0.425761 0.876833 0.649040 0.498477 0.536845 -0.394843 0.893451 0.649286 0.499877 0.541753 -0.425761 0.892473 
0.621408 0.510719 0.301008 -0.281788 0.000000 0.622220 0.511104 0.314792 -0.294798 0.000000 0.623032 0.511457 0.328667 -0.307907 0.000000 0.623868 0.511811 0.356703 -0.334442 0.000000 0.624754 0.512134 0.345811 -0.345811 0.000000 0.626280 0.512595 0.359625 -0.359625 0.000000 
0.622220 0.511104 0.314792 -0.294798 0.000000 0.623032 0.511457 0.328667 -0.307907 0.000000 0.623868 0.511811 0.356703 -0.334442 0.000000 0.624754 0.512134 0.345811 -0.345811 0.000000 0.626280 0.512595 0.359625 -0.359625 0.000000 0.625517 0.512134 0.370873 -0.347877 0.000000 
0.623032 0.511457 0.328667 -0.307907 0.000000 0.623868 0.511811 0.356703 -0.334442 0.000000 0.624754 0.512134 0.345811 -0.345811 0.000000 0.626280 0.512595 0.359625 -0.359625 0.000000 0.625517 0.512134 0.370873 -0.347877 0.000000 0.627018 0.513057 0.359625 -0.359625 0.000000 
0.623868 0.511811 0.356703 -0.334442 0.000000 0.624754 0.512134 0.345811 -0.345811 0.000000 0.626280 0.512595 0.359625 -0.359625 0.000000 0.625517 0.512134 0.370873 -0.347877 0.000000 0.627018 0.513057 0.359625 -0.359625 0.000000 0.628396 0.513626 0.359625 -0.359625 0.000000 
0.624754 0.512134 0.345811 -0.345811 0.000000 0.626280 0.512595 0.359625 -0.359625 0.000000 0.625517 0.512134 0.370873 -0.347877 0.000000 0.627018 0.513057 0.359625 -0.359625 0.000000 0.628396 0.513626 0.359625 -0.359625 0.000000 0.627756 0.513349 0.359625 -0.359625 0.000000 
0.626280 0.512595 0.359625 -0.359625 0.000000 0.625517 0.512134 0.370873 -0.347877 0.000000 0.627018 0.513057 0.359625 -0.359625 0.000000 0.628396 0.513626 0.359625 -0.359625 0.000000 0.627756 0.513349 0.359625 -0.359625 0.000000 0.628396 0.513887 0.359625 -0.359625 0.000000 
0.625517 0.512134 0.370873 -0.347877 0.000000 0.627018 0.513057 0.359625 -0.359625 0.000000 0.628396 0.513626 0.359625 -0.359625 0.000000 0.627756 0.513349 0.359625 -0.359625 0.000000 0.628396 0.513887 0.359625 -0.359625 0.000000 0.630118 0.514379 0.359625 -0.359625 0.000000 
0.627018 0.513057 0.359625 -0.359625 0.000000 0.628396 0.513626 0.359625 -0.359625 0.000000 0.627756 0.513349 0.359625 -0.359625 0.000000 0.628396 0.513887 0.359625 -0.359625 0.000000 0.630118 0.514379 0.359625 -0.359625 0.000000 0.629282 0.514133 0.359625 -0.359625 0.000000 
0.628396 0.513626 0.359625 -0.359625 0.000000 0.627756 0.513349 0.359625 -0.359625 0.000000 0.628396 0.513887 0.359625 -0.359625 0.000000 0.630118 0.514379 0.359625 -0.359625 0.000000 0.629282 0.514133 0.359625 -0.359625 0.000000 0.630610 0.514379 0.379417 -0.367557 0.000000 
0.627756 0.513349 0.359625 -0.359625 0.000000 0.628396 0.513887 0.359625 -0.359625 0.000000 0.630118 0.514379 0.359625 -0.359625 0.000000 0.629282 0.514133 0.359625 -0.359625 0.000000 0.630610 0.514379 0.379417 -0.367557 0.000000 0.631029 0.514379 0.379417 -0.367557 0.000000 
0.628396 0.513887 0.359625 -0.359625 0.000000 0.630118 0.514379 0.359625 -0.359625 0.000000 0.629282 0.514133 0.359625 -0.359625 0.000000 0.630610 0.514379 0.379417 -0.367557 0.000000 0.631029 0.514379 0.379417 -0.367557 0.000000 0.631029 0.514702 0.393635 -0.381421 0.000000 
0.630118 0.514379 0.359625 -0.359625 0.000000 0.629282 0.514133 0.359625 -0.359625 0.000000 0.630610 0.514379 0.379417 -0.367557 0.000000 0.631029 0.514379 0.379417 -0.367557 0.000000 0.631029 0.514702 0.393635 -0.381421 0.000000 0.631545 0.514779 0.419962 -0.382276 0.000000 
0.629282 0.514133 0.359625 -0.359625 0.000000 0.630610 0.514379 0.379417 -0.367557 0.000000 0.631029 0.514379 0.379417 -0.367557 0.000000 0.631029 0.514702 0.393635 -0.381421 0.000000 0.631545 0.514779 0.419962 -0.382276 0.000000 0.631545 0.514841 0.422433 -0.409528 0.000000 
0.630610 0.514379 0.379417 -0.367557 0.000000 0.631029 0.514379 0.379417 -0.367557 0.000000 0.631029 0.514702 0.393635 -0.381421 0.000000 0.631545 0.514779 0.419962 -0.382276 0.000000 0.631545 0.514841 0.422433 -0.409528 0.000000 0.631594 0.514994 0.437020 -0.423782 0.000000 
0.631029 0.514379 0.379417 -0.367557 0.000000 0.631029 0.514702 0.393635 -0.381421 0.000000 0.631545 0.514779 0.419962 -0.382276 0.000000 0.631545 0.514841 0.422433 -0.409528 0.000000 0.631594 0.514994 0.437020 -0.423782 0.000000 0.632062 0.515194 0.449634 -0.409922 0.000000 
0.631029 0.514702 0.393635 -0.381421 0.000000 0.631545 0.514779 0.419962 -0.382276 0.000000 0.631545 0.514841 0.422433 -0.409528 0.000000 0.631594 0.514994 0.437020 -0.423782 0.000000 0.632062 0.515194 0.449634 -0.409922 0.000000 0.632185 0.515317 0.451738 -0.438175 0.000000 
0.631545 0.514779 0.419962 -0.382276 0.000000 0.631545 0.514841 0.422433 -0.409528 0.000000 0.631594 0.514994 0.437020 -0.423782 0.000000 0.632062 0.515194 0.449634 -0.409922 0.000000 0.632185 0.515317 0.451738 -0.438175 0.000000 0.632579 0.515333 0.479799 -0.438156 0.000000 
0.631545 0.514841 0.422433 -0.409528 0.000000 0.631594 0.514994 0.437020 -0.423782 0.000000 0.632062 0.515194 0.449634 -0.409922 0.000000 0.632185 0.515317 0.451738 -0.438175 0.000000 0.632579 0.515333 0.479799 -0.438156 0.000000 0.632923 0.515333 0.466593 -0.452713 0.000000 
0.631594 0.514994 0.437020 -0.423782 0.000000 0.632062 0.515194 0.449634 -0.409922 0.000000 0.632185 0.515317 0.451738 -0.438175 0.000000 0.632579 0.515333 0.479799 -0.438156 0.000000 0.632923 0.515333 0.466593 -0.452713 0.000000 0.633268 0.515333 0.466593 -0.452713 0.000000 
0.632062 0.515194 0.449634 -0.409922 0.000000 0.632185 0.515317 0.451738 -0.438175 0.000000 0.632579 0.515333 0.479799 -0.438156 0.000000 0.632923 0.515333 0.466593 -0.452713 0.000000 0.633268 0.515333 0.466593 -0.452713 0.000000 0.633588 0.515148 0.466593 -0.452713 0.000000 
0.632185 0.515317 0.451738 -0.438175 0.000000 0.632579 0.515333 0.479799 -0.438156 0.000000 0.632923 0.515333 0.466593 -0.452713 0.000000 0.633268 0.515333 0.466593 -0.452713 0.000000 0.633588 0.515148 0.466593 -0.452713 0.000000 0.633834 0.514933 0.466593 -0.452713 0.000000 
0.632579 0.515333 0.479799 -0.438156 0.000000 0.632923 0.515333 0.466593 -0.452713 0.000000 0.633268 0.515333 0.466593 -0.452713 0.000000 0.633588 0.515148 0.466593 -0.452713 0.000000 0.633834 0.514933 0.466593 -0.452713 0.000000 0.634080 0.514702 0.466593 -0.452713 0.000000 
0.632923 0.515333 0.466593 -0.452713 0.000000 0.633268 0.515333 0.466593 -0.452713 0.000000 0.633588 0.515148 0.466593 -0.452713 0.000000 0.633834 0.514933 0.466593 -0.452713 0.000000 0.634080 0.514702 0.466593 -0.452713 0.000000 0.634400 0.514502 0.479799 -0.438156 0.000000 
0.633268 0.515333 0.466593 -0.452713 0.000000 0.633588 0.515148 0.466593 -0.452713 0.000000 0.633834 0.514933 0.466593 -0.452713 0.000000 0.634080 0.514702 0.466593 -0.452713 0.000000 0.634400 0.514502 0.479799 -0.438156 0.000000 0.634720 0.514287 0.451738 -0.438175 0.000000 
0.633588 0.515148 0.466593 -0.452713 0.000000 0.633834 0.514933 0.466593 -0.452713 0.000000 0.634080 0.514702 0.466593 -0.452713 0.000000 0.634400 0.514502 0.479799 -0.438156 0.000000 0.634720 0.514287 0.451738 -0.438175 0.000000 0.635039 0.514087 0.451738 -0.438175 0.000000 
0.633834 0.514933 0.466593 -0.452713 0.000000 0.634080 0.514702 0.466593 -0.452713 0.000000 0.634400 0.514502 0.479799 -0.438156 0.000000 0.634720 0.514287 0.451738 -0.438175 0.000000 0.635039 0.514087 0.451738 -0.438175 0.000000 0.635310 0.513887 0.451738 -0.438175 0.000000 
0.634080 0.514702 0.466593 -0.452713 0.000000 0.634400 0.514502 0.479799 -0.438156 0.000000 0.634720 0.514287 0.451738 -0.438175 0.000000 0.635039 0.514087 0.451738 -0.438175 0.000000 0.635310 0.513887 0.451738 -0.438175 0.000000 0.635556 0.513703 0.430479 -0.430479 0.000000 
0.634400 0.514502 0.479799 -0.438156 0.000000 0.634720 0.514287 0.451738 -0.438175 0.000000 0.635039 0.514087 0.451738 -0.438175 0.000000 0.635310 0.513887 0.451738 -0.438175 0.000000 0.635556 0.513703 0.430479 -0.430479 0.000000 0.636024 0.513334 0.430479 -0.430479 0.000000 
0.634720 0.514287 0.451738 -0.438175 0.000000 0.635039 0.514087 0.451738 -0.438175 0.000000 0.635310 0.513887 0.451738 -0.438175 0.000000 0.635556 0.513703 0.430479 -0.430479 0.000000 0.636024 0.513334 0.430479 -0.430479 0.000000 0.635753 0.513533 0.430479 -0.430479 0.000000 
0.635039 0.514087 0.451738 -0.438175 0.000000 0.635310 0.513887 0.451738 -0.438175 0.000000 0.635556 0.513703 0.430479 -0.430479 0.000000 0.636024 0.513334 0.430479 -0.430479 0.000000 0.635753 0.513533 0.430479 -0.430479 0.000000 0.635925 0.513410 0.430479 -0.430479 0.000000 
0.635310 0.513887 0.451738 -0.438175 0.000000 0.635556 0.513703 0.430479 -0.430479 0.000000 0.636024 0.513334 0.430479 -0.430479 0.000000 0.635753 0.513533 0.430479 -0.430479 0.000000 0.635925 0.513410 0.430479 -0.430479 0.000000 0.636073 0.513303 0.430479 -0.430479 0.000000 
0.635556 0.513703 0.430479 -0.430479 0.000000 0.636024 0.513334 0.430479 -0.430479 0.000000 0.635753 0.513533 0.430479 -0.430479 0.000000 0.635925 0.513410 0.430479 -0.430479 0.000000 0.636073 0.513303 0.430479 -0.430479 0.000000 0.636073 0.513472 0.430479 -0.430479 0.000000 
0.636024 0.513334 0.430479 -0.430479 0.000000 0.635753 0.513533 0.430479 -0.430479 0.000000 0.635925 0.513410 0.430479 -0.430479 0.000000 0.636073 0.513303 0.430479 -0.430479 0.000000 0.636073 0.513472 0.430479 -0.430479 0.000000 0.636073 0.513687 0.438175 -0.451738 0.000000 
0.635753 0.513533 0.430479 -0.430479 0.000000 0.635925 0.513410 0.430479 -0.430479 0.000000 0.636073 0.513303 0.430479 -0.430479 0.000000 0.636073 0.513472 0.430479 -0.430479 0.000000 0.636073 0.513687 0.438175 -0.451738 0.000000 0.635901 0.513687 0.438175 -0.451738 0.000000 
0.635925 0.513410 0.430479 -0.430479 0.000000 0.636073 0.513303 0.430479 -0.430479 0.000000 0.636073 0.513472 0.430479 -0.430479 0.000000 0.636073 0.513687 0.438175 -0.451738 0.000000 0.635901 0.513687 0.438175 -0.451738 0.000000 0.634941 0.514087 0.438175 -0.451738 0.000000 
0.636073 0.513303 0.430479 -0.430479 0.000000 0.636073 0.513472 0.430479 -0.430479 0.000000 0.636073 0.513687 0.438175 -0.451738 0.000000 0.635901 0.513687 0.438175 -0.451738 0.000000 0.634941 0.514087 0.438175 -0.451738 0.000000 0.635507 0.513764 0.438175 -0.451738 0.000000 
0.636073 0.513472 0.430479 -0.430479 0.000000 0.636073 0.513687 0.438175 -0.451738 0.000000 0.635901 0.513687 0.438175 -0.451738 0.000000 0.634941 0.514087 0.438175 -0.451738 0.000000 0.635507 0.513764 0.438175 -0.451738 0.000000 0.634252 0.514410 0.438175 -0.451738 0.000000 
0.636073 0.513687 0.438175 -0.451738 0.000000 0.635901 0.513687 0.438175 -0.451738 0.000000 0.634941 0.514087 0.438175 -0.451738 0.000000 0.635507 0.513764 0.438175 -0.451738 0.000000 0.634252 0.514410 0.438175 -0.451738 0.000000 0.633292 0.514410 0.423782 -0.437020 0.000000 
0.635901 0.513687 0.438175 -0.451738 0.000000 0.634941 0.514087 0.438175 -0.451738 0.000000 0.635507 0.513764 0.438175 -0.451738 0.000000 0.634252 0.514410 0.438175 -0.451738 0.000000 0.633292 0.514410 0.423782 -0.437020 0.000000 0.632210 0.514410 0.409528 -0.422433 0.000000 
0.634941 0.514087 0.438175 -0.451738 0.000000 0.635507 0.513764 0.438175 -0.451738 0.000000 0.634252 0.514410 0.438175 -0.451738 0.000000 0.633292 0.514410 0.423782 -0.437020 0.000000 0.632210 0.514410 0.409528 -0.422433 0.000000 0.630905 0.514410 0.367557 -0.379417 0.000000 
0.635507 0.513764 0.438175 -0.451738 0.000000 0.634252 0.514410 0.438175 -0.451738 0.000000 0.633292 0.514410 0.423782 -0.437020 0.000000 0.632210 0.514410 0.409528 -0.422433 0.000000 0.630905 0.514410 0.367557 -0.379417 0.000000 0.629380 0.514410 0.334442 -0.356703 0.000000 
0.634252 0.514410 0.438175 -0.451738 0.000000 0.633292 0.514410 0.423782 -0.437020 0.000000 0.632210 0.514410 0.409528 -0.422433 0.000000 0.630905 0.514410 0.367557 -0.379417 0.000000 0.629380 0.514410 0.334442 -0.356703 0.000000 0.627584 0.514410 0.294798 -0.314792 0.000000 
0.633292 0.514410 0.423782 -0.437020 0.000000 0.632210 0.514410 0.409528 -0.422433 0.000000 0.630905 0.514410 0.367557 -0.379417 0.000000 0.629380 0.514410 0.334442 -0.356703 0.000000 0.627584 0.514410 0.294798 -0.314792 0.000000 0.625541 0.514410 0.265047 -0.265047 0.000000 
