0.643184 0.493802 0.626912 -0.284723 1.000000 0.643209 0.494771 0.626912 -0.284723 1.000000 0.643209 0.495817 0.626912 -0.284723 1.000000 0.643209 0.496832 0.626912 -0.284723 1.000000 0.643209 0.497832 0.609842 -0.275128 1.000000 0.643209 0.499739 0.609842 -0.275128 1.000000 
0.643209 0.495817 0.626912 -0.284723 1.000000 0.643209 0.496832 0.626912 -0.284723 1.000000 0.643209 0.497832 0.609842 -0.275128 1.000000 0.643209 0.499739 0.609842 -0.275128 1.000000 0.643209 0.498770 0.609842 -0.275128 1.000000 0.643209 0.500769 0.609842 -0.275128 1.000000 
0.643209 0.496832 0.626912 -0.284723 1.000000 0.643209 0.497832 0.609842 -0.275128 1.000000 0.643209 0.499739 0.609842 -0.275128 1.000000 0.643209 0.498770 0.609842 -0.275128 1.000000 0.643209 0.500769 0.609842 -0.275128 1.000000 0.643209 0.501861 0.609842 -0.275128 1.000000 
0.643209 0.497832 0.609842 -0.275128 1.000000 0.643209 0.499739 0.609842 -0.275128 1.000000 0.643209 0.498770 0.609842 -0.275128 1.000000 0.643209 0.500769 0.609842 -0.275128 1.000000 0.643209 0.501861 0.609842 -0.275128 1.000000 0.643209 0.502953 0.609842 -0.275128 1.000000 
0.643209 0.499739 0.609842 -0.275128 1.000000 0.643209 0.498770 0.609842 -0.275128 1.000000 0.643209 0.500769 0.609842 -0.275128 1.000000 0.643209 0.501861 0.609842 -0.275128 1.000000 0.643209 0.502953 0.609842 -0.275128 1.000000 0.643209 0.504014 0.609842 -0.275128 1.000000 
0.643209 0.498770 0.609842 -0.275128 1.000000 0.643209 0.500769 0.609842 -0.275128 1.000000 0.643209 0.501861 0.609842 -0.275128 1.000000 0.643209 0.502953 0.609842 -0.275128 1.000000 0.643209 0.504014 0.609842 -0.275128 1.000000 0.643184 0.505060 0.609842 -0.275128 1.000000 
0.643209 0.500769 0.609842 -0.275128 1.000000 0.643209 0.501861 0.609842 -0.275128 1.000000 0.643209 0.502953 0.609842 -0.275128 1.000000 0.643209 0.504014 0.609842 -0.275128 1.000000 0.643184 0.505060 0.609842 -0.275128 1.000000 0.643110 0.506090 0.609842 -0.275128 1.000000 
0.643209 0.501861 0.609842 -0.275128 1.000000 0.643209 0.502953 0.609842 -0.275128 1.000000 0.643209 0.504014 0.609842 -0.275128 1.000000 0.643184 0.505060 0.609842 -0.275128 1.000000 0.643110 0.506090 0.609842 -0.275128 1.000000 0.643061 0.507167 0.609842 -0.275128 1.000000 
0.643209 0.502953 0.609842 -0.275128 1.000000 0.643209 0.504014 0.609842 -0.275128 1.000000 0.643184 0.505060 0.609842 -0.275128 1.000000 0.643110 0.506090 0.609842 -0.275128 1.000000 0.643061 0.507167 0.609842 -0.275128 1.000000 0.642938 0.508259 0.609842 -0.275128 1.000000 
0.643209 0.504014 0.609842 -0.275128 1.000000 0.643184 0.505060 0.609842 -0.275128 1.000000 0.643110 0.506090 0.609842 -0.275128 1.000000 0.643061 0.507167 0.609842 -0.275128 1.000000 0.642938 0.508259 0.609842 -0.275128 1.000000 0.642913 0.509243 0.609842 -0.275128 1.000000 
0.643184 0.505060 0.609842 -0.275128 1.000000 0.643110 0.506090 0.609842 -0.275128 1.000000 0.643061 0.507167 0.609842 -0.275128 1.000000 0.642938 0.508259 0.609842 -0.275128 1.000000 0.642913 0.509243 0.609842 -0.275128 1.000000 0.642889 0.510212 0.626912 -0.284723 1.000000 
0.643110 0.506090 0.609842 -0.275128 1.000000 0.643061 0.507167 0.609842 -0.275128 1.000000 0.642938 0.508259 0.609842 -0.275128 1.000000 0.642913 0.509243 0.609842 -0.275128 1.000000 0.642889 0.510212 0.626912 -0.284723 1.000000 0.642766 0.511211 0.626912 -0.284723 1.000000 
0.643061 0.507167 0.609842 -0.275128 1.000000 0.642938 0.508259 0.609842 -0.275128 1.000000 0.642913 0.509243 0.609842 -0.275128 1.000000 0.642889 0.510212 0.626912 -0.284723 1.000000 0.642766 0.511211 0.626912 -0.284723 1.000000 0.642667 0.512134 0.626912 -0.284723 1.000000 
0.642938 0.508259 0.609842 -0.275128 1.000000 0.642913 0.509243 0.609842 -0.275128 1.000000 0.642889 0.510212 0.626912 -0.284723 1.000000 0.642766 0.511211 0.626912 -0.284723 1.000000 0.642667 0.512134 0.626912 -0.284723 1.000000 0.642618 0.513087 0.626912 -0.284723 1.000000 
0.642913 0.509243 0.609842 -0.275128 1.000000 0.642889 0.510212 0.626912 -0.284723 1.000000 0.642766 0.511211 0.626912 -0.284723 1.000000 0.642667 0.512134 0.626912 -0.284723 1.000000 0.642618 0.513087 0.626912 -0.284723 1.000000 0.642495 0.514087 0.626912 -0.284723 1.000000 
0.642889 0.510212 0.626912 -0.284723 1.000000 0.642766 0.511211 0.626912 -0.284723 1.000000 0.642667 0.512134 0.626912 -0.284723 1.000000 0.642618 0.513087 0.626912 -0.284723 1.000000 0.642495 0.514087 0.626912 -0.284723 1.000000 0.642323 0.515133 0.647329 -0.282442 1.000000 
0.642766 0.511211 0.626912 -0.284723 1.000000 0.642667 0.512134 0.626912 -0.284723 1.000000 0.642618 0.513087 0.626912 -0.284723 1.000000 0.642495 0.514087 0.626912 -0.284723 1.000000 0.642323 0.515133 0.647329 -0.282442 1.000000 0.642175 0.516179 0.647329 -0.282442 1.000000 
0.642667 0.512134 0.626912 -0.284723 1.000000 0.642618 0.513087 0.626912 -0.284723 1.000000 0.642495 0.514087 0.626912 -0.284723 1.000000 0.642323 0.515133 0.647329 -0.282442 1.000000 0.642175 0.516179 0.647329 -0.282442 1.000000 0.641978 0.517240 0.647329 -0.282442 1.000000 
0.642618 0.513087 0.626912 -0.284723 1.000000 0.642495 0.514087 0.626912 -0.284723 1.000000 0.642323 0.515133 0.647329 -0.282442 1.000000 0.642175 0.516179 0.647329 -0.282442 1.000000 0.641978 0.517240 0.647329 -0.282442 1.000000 0.641855 0.518286 0.647329 -0.282442 1.000000 
0.642495 0.514087 0.626912 -0.284723 1.000000 0.642323 0.515133 0.647329 -0.282442 1.000000 0.642175 0.516179 0.647329 -0.282442 1.000000 0.641978 0.517240 0.647329 -0.282442 1.000000 0.641855 0.518286 0.647329 -0.282442 1.000000 0.641757 0.519316 0.647329 -0.282442 1.000000 
0.642323 0.515133 0.647329 -0.282442 1.000000 0.642175 0.516179 0.647329 -0.282442 1.000000 0.641978 0.517240 0.647329 -0.282442 1.000000 0.641855 0.518286 0.647329 -0.282442 1.000000 0.641757 0.519316 0.647329 -0.282442 1.000000 0.641634 0.520439 0.647329 -0.282442 1.000000 
0.642175 0.516179 0.647329 -0.282442 1.000000 0.641978 0.517240 0.647329 -0.282442 1.000000 0.641855 0.518286 0.647329 -0.282442 1.000000 0.641757 0.519316 0.647329 -0.282442 1.000000 0.641634 0.520439 0.647329 -0.282442 1.000000 0.641486 0.521546 0.667687 -0.279478 1.000000 
0.641978 0.517240 0.647329 -0.282442 1.000000 0.641855 0.518286 0.647329 -0.282442 1.000000 0.641757 0.519316 0.647329 -0.282442 1.000000 0.641634 0.520439 0.647329 -0.282442 1.000000 0.641486 0.521546 0.667687 -0.279478 1.000000 0.641462 0.522622 0.667687 -0.279478 1.000000 
0.641855 0.518286 0.647329 -0.282442 1.000000 0.641757 0.519316 0.647329 -0.282442 1.000000 0.641634 0.520439 0.647329 -0.282442 1.000000 0.641486 0.521546 0.667687 -0.279478 1.000000 0.641462 0.522622 0.667687 -0.279478 1.000000 0.641412 0.523684 0.667687 -0.279478 1.000000 
0.641757 0.519316 0.647329 -0.282442 1.000000 0.641634 0.520439 0.647329 -0.282442 1.000000 0.641486 0.521546 0.667687 -0.279478 1.000000 0.641462 0.522622 0.667687 -0.279478 1.000000 0.641412 0.523684 0.667687 -0.279478 1.000000 0.641363 0.524714 0.667687 -0.279478 1.000000 
0.641634 0.520439 0.647329 -0.282442 1.000000 0.641486 0.521546 0.667687 -0.279478 1.000000 0.641462 0.522622 0.667687 -0.279478 1.000000 0.641412 0.523684 0.667687 -0.279478 1.000000 0.641363 0.524714 0.667687 -0.279478 1.000000 0.641363 0.525775 0.667687 -0.279478 1.000000 
0.641486 0.521546 0.667687 -0.279478 1.000000 0.641462 0.522622 0.667687 -0.279478 1.000000 0.641412 0.523684 0.667687 -0.279478 1.000000 0.641363 0.524714 0.667687 -0.279478 1.000000 0.641363 0.525775 0.667687 -0.279478 1.000000 0.641289 0.526821 0.667687 -0.279478 1.000000 
0.641462 0.522622 0.667687 -0.279478 1.000000 0.641412 0.523684 0.667687 -0.279478 1.000000 0.641363 0.524714 0.667687 -0.279478 1.000000 0.641363 0.525775 0.667687 -0.279478 1.000000 0.641289 0.526821 0.667687 -0.279478 1.000000 0.641289 0.527851 0.647329 -0.282442 1.000000 
0.641412 0.523684 0.667687 -0.279478 1.000000 0.641363 0.524714 0.667687 -0.279478 1.000000 0.641363 0.525775 0.667687 -0.279478 1.000000 0.641289 0.526821 0.667687 -0.279478 1.000000 0.641289 0.527851 0.647329 -0.282442 1.000000 0.641289 0.528882 0.647329 -0.282442 1.000000 
0.641363 0.524714 0.667687 -0.279478 1.000000 0.641363 0.525775 0.667687 -0.279478 1.000000 0.641289 0.526821 0.667687 -0.279478 1.000000 0.641289 0.527851 0.647329 -0.282442 1.000000 0.641289 0.528882 0.647329 -0.282442 1.000000 0.641068 0.532019 0.647329 -0.282442 1.000000 
0.641363 0.525775 0.667687 -0.279478 1.000000 0.641289 0.526821 0.667687 -0.279478 1.000000 0.641289 0.527851 0.647329 -0.282442 1.000000 0.641289 0.528882 0.647329 -0.282442 1.000000 0.641068 0.532019 0.647329 -0.282442 1.000000 0.641265 0.529943 0.647329 -0.282442 1.000000 
0.641289 0.526821 0.667687 -0.279478 1.000000 0.641289 0.527851 0.647329 -0.282442 1.000000 0.641289 0.528882 0.647329 -0.282442 1.000000 0.641068 0.532019 0.647329 -0.282442 1.000000 0.641265 0.529943 0.647329 -0.282442 1.000000 0.641142 0.530989 0.647329 -0.282442 1.000000 
0.641289 0.527851 0.647329 -0.282442 1.000000 0.641289 0.528882 0.647329 -0.282442 1.000000 0.641068 0.532019 0.647329 -0.282442 1.000000 0.641265 0.529943 0.647329 -0.282442 1.000000 0.641142 0.530989 0.647329 -0.282442 1.000000 0.640945 0.533111 0.647329 -0.282442 1.000000 
0.641289 0.528882 0.647329 -0.282442 1.000000 0.641068 0.532019 0.647329 -0.282442 1.000000 0.641265 0.529943 0.647329 -0.282442 1.000000 0.641142 0.530989 0.647329 -0.282442 1.000000 0.640945 0.533111 0.647329 -0.282442 1.000000 0.640797 0.534203 0.626912 -0.284723 1.000000 
0.641068 0.532019 0.647329 -0.282442 1.000000 0.641265 0.529943 0.647329 -0.282442 1.000000 0.641142 0.530989 0.647329 -0.282442 1.000000 0.640945 0.533111 0.647329 -0.282442 1.000000 0.640797 0.534203 0.626912 -0.284723 1.000000 0.640699 0.535295 0.626912 -0.284723 1.000000 
0.641265 0.529943 0.647329 -0.282442 1.000000 0.641142 0.530989 0.647329 -0.282442 1.000000 0.640945 0.533111 0.647329 -0.282442 1.000000 0.640797 0.534203 0.626912 -0.284723 1.000000 0.640699 0.535295 0.626912 -0.284723 1.000000 0.640502 0.536402 0.626912 -0.284723 1.000000 
0.641142 0.530989 0.647329 -0.282442 1.000000 0.640945 0.533111 0.647329 -0.282442 1.000000 0.640797 0.534203 0.626912 -0.284723 1.000000 0.640699 0.535295 0.626912 -0.284723 1.000000 0.640502 0.536402 0.626912 -0.284723 1.000000 0.640231 0.537525 0.626912 -0.284723 1.000000 
0.640945 0.533111 0.647329 -0.282442 1.000000 0.640797 0.534203 0.626912 -0.284723 1.000000 0.640699 0.535295 0.626912 -0.284723 1.000000 0.640502 0.536402 0.626912 -0.284723 1.000000 0.640231 0.537525 0.626912 -0.284723 1.000000 0.639936 0.538678 0.626912 -0.284723 1.000000 
0.640797 0.534203 0.626912 -0.284723 1.000000 0.640699 0.535295 0.626912 -0.284723 1.000000 0.640502 0.536402 0.626912 -0.284723 1.000000 0.640231 0.537525 0.626912 -0.284723 1.000000 0.639936 0.538678 0.626912 -0.284723 1.000000 0.639592 0.539847 0.626912 -0.284723 1.000000 
0.640699 0.535295 0.626912 -0.284723 1.000000 0.640502 0.536402 0.626912 -0.284723 1.000000 0.640231 0.537525 0.626912 -0.284723 1.000000 0.639936 0.538678 0.626912 -0.284723 1.000000 0.639592 0.539847 0.626912 -0.284723 1.000000 0.639247 0.540939 0.626912 -0.284723 1.000000 
0.640502 0.536402 0.626912 -0.284723 1.000000 0.640231 0.537525 0.626912 -0.284723 1.000000 0.639936 0.538678 0.626912 -0.284723 1.000000 0.639592 0.539847 0.626912 -0.284723 1.000000 0.639247 0.540939 0.626912 -0.284723 1.000000 0.638903 0.541938 0.626912 -0.284723 1.000000 
0.640231 0.537525 0.626912 -0.284723 1.000000 0.639936 0.538678 0.626912 -0.284723 1.000000 0.639592 0.539847 0.626912 -0.284723 1.000000 0.639247 0.540939 0.626912 -0.284723 1.000000 0.638903 0.541938 0.626912 -0.284723 1.000000 0.638509 0.543000 0.626912 -0.284723 1.000000 
0.639936 0.538678 0.626912 -0.284723 1.000000 0.639592 0.539847 0.626912 -0.284723 1.000000 0.639247 0.540939 0.626912 -0.284723 1.000000 0.638903 0.541938 0.626912 -0.284723 1.000000 0.638509 0.543000 0.626912 -0.284723 1.000000 0.638017 0.544076 0.647329 -0.282442 1.000000 
0.639592 0.539847 0.626912 -0.284723 1.000000 0.639247 0.540939 0.626912 -0.284723 1.000000 0.638903 0.541938 0.626912 -0.284723 1.000000 0.638509 0.543000 0.626912 -0.284723 1.000000 0.638017 0.544076 0.647329 -0.282442 1.000000 0.637623 0.545122 0.647329 -0.282442 1.000000 
0.639247 0.540939 0.626912 -0.284723 1.000000 0.638903 0.541938 0.626912 -0.284723 1.000000 0.638509 0.543000 0.626912 -0.284723 1.000000 0.638017 0.544076 0.647329 -0.282442 1.000000 0.637623 0.545122 0.647329 -0.282442 1.000000 0.637254 0.546121 0.647329 -0.282442 1.000000 
0.638903 0.541938 0.626912 -0.284723 1.000000 0.638509 0.543000 0.626912 -0.284723 1.000000 0.638017 0.544076 0.647329 -0.282442 1.000000 0.637623 0.545122 0.647329 -0.282442 1.000000 0.637254 0.546121 0.647329 -0.282442 1.000000 0.636934 0.547060 0.647329 -0.282442 1.000000 
0.638509 0.543000 0.626912 -0.284723 1.000000 0.638017 0.544076 0.647329 -0.282442 1.000000 0.637623 0.545122 0.647329 -0.282442 1.000000 0.637254 0.546121 0.647329 -0.282442 1.000000 0.636934 0.547060 0.647329 -0.282442 1.000000 0.636663 0.547921 0.647329 -0.282442 1.000000 
0.638017 0.544076 0.647329 -0.282442 1.000000 0.637623 0.545122 0.647329 -0.282442 1.000000 0.637254 0.546121 0.647329 -0.282442 1.000000 0.636934 0.547060 0.647329 -0.282442 1.000000 0.636663 0.547921 0.647329 -0.282442 1.000000 0.636417 0.548828 0.647329 -0.282442 1.000000 
0.637623 0.545122 0.647329 -0.282442 1.000000 0.637254 0.546121 0.647329 -0.282442 1.000000 0.636934 0.547060 0.647329 -0.282442 1.000000 0.636663 0.547921 0.647329 -0.282442 1.000000 0.636417 0.548828 0.647329 -0.282442 1.000000 0.636122 0.549782 0.667687 -0.279478 1.000000 
0.637254 0.546121 0.647329 -0.282442 1.000000 0.636934 0.547060 0.647329 -0.282442 1.000000 0.636663 0.547921 0.647329 -0.282442 1.000000 0.636417 0.548828 0.647329 -0.282442 1.000000 0.636122 0.549782 0.667687 -0.279478 1.000000 0.635827 0.550720 0.667687 -0.279478 1.000000 
0.636934 0.547060 0.647329 -0.282442 1.000000 0.636663 0.547921 0.647329 -0.282442 1.000000 0.636417 0.548828 0.647329 -0.282442 1.000000 0.636122 0.549782 0.667687 -0.279478 1.000000 0.635827 0.550720 0.667687 -0.279478 1.000000 0.635581 0.551535 0.667687 -0.279478 1.000000 
0.636663 0.547921 0.647329 -0.282442 1.000000 0.636417 0.548828 0.647329 -0.282442 1.000000 0.636122 0.549782 0.667687 -0.279478 1.000000 0.635827 0.550720 0.667687 -0.279478 1.000000 0.635581 0.551535 0.667687 -0.279478 1.000000 0.635335 0.552335 0.667687 -0.279478 1.000000 
0.636417 0.548828 0.647329 -0.282442 1.000000 0.636122 0.549782 0.667687 -0.279478 1.000000 0.635827 0.550720 0.667687 -0.279478 1.000000 0.635581 0.551535 0.667687 -0.279478 1.000000 0.635335 0.552335 0.667687 -0.279478 1.000000 0.635015 0.553119 0.667687 -0.279478 1.000000 
0.636122 0.549782 0.667687 -0.279478 1.000000 0.635827 0.550720 0.667687 -0.279478 1.000000 0.635581 0.551535 0.667687 -0.279478 1.000000 0.635335 0.552335 0.667687 -0.279478 1.000000 0.635015 0.553119 0.667687 -0.279478 1.000000 0.634720 0.553888 0.667687 -0.279478 1.000000 
0.635827 0.550720 0.667687 -0.279478 1.000000 0.635581 0.551535 0.667687 -0.279478 1.000000 0.635335 0.552335 0.667687 -0.279478 1.000000 0.635015 0.553119 0.667687 -0.279478 1.000000 0.634720 0.553888 0.667687 -0.279478 1.000000 0.634375 0.554703 0.667687 -0.279478 1.000000 
0.635581 0.551535 0.667687 -0.279478 1.000000 0.635335 0.552335 0.667687 -0.279478 1.000000 0.635015 0.553119 0.667687 -0.279478 1.000000 0.634720 0.553888 0.667687 -0.279478 1.000000 0.634375 0.554703 0.667687 -0.279478 1.000000 0.633686 0.556148 0.687969 -0.275800 1.000000 
0.635335 0.552335 0.667687 -0.279478 1.000000 0.635015 0.553119 0.667687 -0.279478 1.000000 0.634720 0.553888 0.667687 -0.279478 1.000000 0.634375 0.554703 0.667687 -0.279478 1.000000 0.633686 0.556148 0.687969 -0.275800 1.000000 0.633981 0.555441 0.687969 -0.275800 1.000000 
0.635015 0.553119 0.667687 -0.279478 1.000000 0.634720 0.553888 0.667687 -0.279478 1.000000 0.634375 0.554703 0.667687 -0.279478 1.000000 0.633686 0.556148 0.687969 -0.275800 1.000000 0.633981 0.555441 0.687969 -0.275800 1.000000 0.633342 0.556825 0.687969 -0.275800 1.000000 
0.634720 0.553888 0.667687 -0.279478 1.000000 0.634375 0.554703 0.667687 -0.279478 1.000000 0.633686 0.556148 0.687969 -0.275800 1.000000 0.633981 0.555441 0.687969 -0.275800 1.000000 0.633342 0.556825 0.687969 -0.275800 1.000000 0.632505 0.558302 0.667687 -0.279478 1.000000 
0.634375 0.554703 0.667687 -0.279478 1.000000 0.633686 0.556148 0.687969 -0.275800 1.000000 0.633981 0.555441 0.687969 -0.275800 1.000000 0.633342 0.556825 0.687969 -0.275800 1.000000 0.632505 0.558302 0.667687 -0.279478 1.000000 0.632923 0.557579 0.687969 -0.275800 1.000000 
0.633686 0.556148 0.687969 -0.275800 1.000000 0.633981 0.555441 0.687969 -0.275800 1.000000 0.633342 0.556825 0.687969 -0.275800 1.000000 0.632505 0.558302 0.667687 -0.279478 1.000000 0.632923 0.557579 0.687969 -0.275800 1.000000 0.632136 0.558963 0.670694 -0.266677 1.000000 
0.633981 0.555441 0.687969 -0.275800 1.000000 0.633342 0.556825 0.687969 -0.275800 1.000000 0.632505 0.558302 0.667687 -0.279478 1.000000 0.632923 0.557579 0.687969 -0.275800 1.000000 0.632136 0.558963 0.670694 -0.266677 1.000000 0.631422 0.560116 0.670694 -0.266677 1.000000 
0.633342 0.556825 0.687969 -0.275800 1.000000 0.632505 0.558302 0.667687 -0.279478 1.000000 0.632923 0.557579 0.687969 -0.275800 1.000000 0.632136 0.558963 0.670694 -0.266677 1.000000 0.631422 0.560116 0.670694 -0.266677 1.000000 0.631767 0.559547 0.670694 -0.266677 1.000000 
0.632505 0.558302 0.667687 -0.279478 1.000000 0.632923 0.557579 0.687969 -0.275800 1.000000 0.632136 0.558963 0.670694 -0.266677 1.000000 0.631422 0.560116 0.670694 -0.266677 1.000000 0.631767 0.559547 0.670694 -0.266677 1.000000 0.631053 0.560701 0.670694 -0.266677 1.000000 
0.632923 0.557579 0.687969 -0.275800 1.000000 0.632136 0.558963 0.670694 -0.266677 1.000000 0.631422 0.560116 0.670694 -0.266677 1.000000 0.631767 0.559547 0.670694 -0.266677 1.000000 0.631053 0.560701 0.670694 -0.266677 1.000000 0.630684 0.561254 0.670694 -0.266677 1.000000 
0.632136 0.558963 0.670694 -0.266677 1.000000 0.631422 0.560116 0.670694 -0.266677 1.000000 0.631767 0.559547 0.670694 -0.266677 1.000000 0.631053 0.560701 0.670694 -0.266677 1.000000 0.630684 0.561254 0.670694 -0.266677 1.000000 0.630364 0.561762 0.670694 -0.266677 1.000000 
0.631422 0.560116 0.670694 -0.266677 1.000000 0.631767 0.559547 0.670694 -0.266677 1.000000 0.631053 0.560701 0.670694 -0.266677 1.000000 0.630684 0.561254 0.670694 -0.266677 1.000000 0.630364 0.561762 0.670694 -0.266677 1.000000 0.630118 0.562162 0.650471 -0.270190 1.000000 
0.631767 0.559547 0.670694 -0.266677 1.000000 0.631053 0.560701 0.670694 -0.266677 1.000000 0.630684 0.561254 0.670694 -0.266677 1.000000 0.630364 0.561762 0.670694 -0.266677 1.000000 0.630118 0.562162 0.650471 -0.270190 1.000000 0.629847 0.562531 0.650471 -0.270190 1.000000 
0.631053 0.560701 0.670694 -0.266677 1.000000 0.630684 0.561254 0.670694 -0.266677 1.000000 0.630364 0.561762 0.670694 -0.266677 1.000000 0.630118 0.562162 0.650471 -0.270190 1.000000 0.629847 0.562531 0.650471 -0.270190 1.000000 0.629626 0.562915 0.650471 -0.270190 1.000000 
0.630684 0.561254 0.670694 -0.266677 1.000000 0.630364 0.561762 0.670694 -0.266677 1.000000 0.630118 0.562162 0.650471 -0.270190 1.000000 0.629847 0.562531 0.650471 -0.270190 1.000000 0.629626 0.562915 0.650471 -0.270190 1.000000 0.629429 0.563284 0.650471 -0.270190 1.000000 
0.630364 0.561762 0.670694 -0.266677 1.000000 0.630118 0.562162 0.650471 -0.270190 1.000000 0.629847 0.562531 0.650471 -0.270190 1.000000 0.629626 0.562915 0.650471 -0.270190 1.000000 0.629429 0.563284 0.650471 -0.270190 1.000000 0.629257 0.563623 0.650471 -0.270190 1.000000 
0.630118 0.562162 0.650471 -0.270190 1.000000 0.629847 0.562531 0.650471 -0.270190 1.000000 0.629626 0.562915 0.650471 -0.270190 1.000000 0.629429 0.563284 0.650471 -0.270190 1.000000 0.629257 0.563623 0.650471 -0.270190 1.000000 0.629085 0.563930 0.650471 -0.270190 1.000000 
0.629847 0.562531 0.650471 -0.270190 1.000000 0.629626 0.562915 0.650471 -0.270190 1.000000 0.629429 0.563284 0.650471 -0.270190 1.000000 0.629257 0.563623 0.650471 -0.270190 1.000000 0.629085 0.563930 0.650471 -0.270190 1.000000 0.628888 0.564238 0.650471 -0.270190 1.000000 
0.629626 0.562915 0.650471 -0.270190 1.000000 0.629429 0.563284 0.650471 -0.270190 1.000000 0.629257 0.563623 0.650471 -0.270190 1.000000 0.629085 0.563930 0.650471 -0.270190 1.000000 0.628888 0.564238 0.650471 -0.270190 1.000000 0.628716 0.564515 0.650471 -0.270190 1.000000 
0.629429 0.563284 0.650471 -0.270190 1.000000 0.629257 0.563623 0.650471 -0.270190 1.000000 0.629085 0.563930 0.650471 -0.270190 1.000000 0.628888 0.564238 0.650471 -0.270190 1.000000 0.628716 0.564515 0.650471 -0.270190 1.000000 0.628543 0.564807 0.639036 -0.236897 1.000000 
0.629257 0.563623 0.650471 -0.270190 1.000000 0.629085 0.563930 0.650471 -0.270190 1.000000 0.628888 0.564238 0.650471 -0.270190 1.000000 0.628716 0.564515 0.650471 -0.270190 1.000000 0.628543 0.564807 0.639036 -0.236897 1.000000 0.628420 0.565053 0.639036 -0.236897 1.000000 
0.629085 0.563930 0.650471 -0.270190 1.000000 0.628888 0.564238 0.650471 -0.270190 1.000000 0.628716 0.564515 0.650471 -0.270190 1.000000 0.628543 0.564807 0.639036 -0.236897 1.000000 0.628420 0.565053 0.639036 -0.236897 1.000000 0.628248 0.565268 0.639036 -0.236897 1.000000 
0.628888 0.564238 0.650471 -0.270190 1.000000 0.628716 0.564515 0.650471 -0.270190 1.000000 0.628543 0.564807 0.639036 -0.236897 1.000000 0.628420 0.565053 0.639036 -0.236897 1.000000 0.628248 0.565268 0.639036 -0.236897 1.000000 0.628100 0.565453 0.639036 -0.236897 1.000000 
0.628716 0.564515 0.650471 -0.270190 1.000000 0.628543 0.564807 0.639036 -0.236897 1.000000 0.628420 0.565053 0.639036 -0.236897 1.000000 0.628248 0.565268 0.639036 -0.236897 1.000000 0.628100 0.565453 0.639036 -0.236897 1.000000 0.627977 0.565622 0.639036 -0.236897 1.000000 
0.628543 0.564807 0.639036 -0.236897 1.000000 0.628420 0.565053 0.639036 -0.236897 1.000000 0.628248 0.565268 0.639036 -0.236897 1.000000 0.628100 0.565453 0.639036 -0.236897 1.000000 0.627977 0.565622 0.639036 -0.236897 1.000000 0.627879 0.565730 0.639036 -0.236897 1.000000 
0.628420 0.565053 0.639036 -0.236897 1.000000 0.628248 0.565268 0.639036 -0.236897 1.000000 0.628100 0.565453 0.639036 -0.236897 1.000000 0.627977 0.565622 0.639036 -0.236897 1.000000 0.627879 0.565730 0.639036 -0.236897 1.000000 0.627805 0.565776 0.639036 -0.236897 1.000000 
0.628248 0.565268 0.639036 -0.236897 1.000000 0.628100 0.565453 0.639036 -0.236897 1.000000 0.627977 0.565622 0.639036 -0.236897 1.000000 0.627879 0.565730 0.639036 -0.236897 1.000000 0.627805 0.565776 0.639036 -0.236897 1.000000 0.627780 0.565806 0.639036 -0.236897 1.000000 
0.628100 0.565453 0.639036 -0.236897 1.000000 0.627977 0.565622 0.639036 -0.236897 1.000000 0.627879 0.565730 0.639036 -0.236897 1.000000 0.627805 0.565776 0.639036 -0.236897 1.000000 0.627780 0.565806 0.639036 -0.236897 1.000000 0.627756 0.565806 0.639036 -0.236897 1.000000 
0.627977 0.565622 0.639036 -0.236897 1.000000 0.627879 0.565730 0.639036 -0.236897 1.000000 0.627805 0.565776 0.639036 -0.236897 1.000000 0.627780 0.565806 0.639036 -0.236897 1.000000 0.627756 0.565806 0.639036 -0.236897 1.000000 0.627731 0.565822 0.639036 -0.236897 1.000000 
0.627879 0.565730 0.639036 -0.236897 1.000000 0.627805 0.565776 0.639036 -0.236897 1.000000 0.627780 0.565806 0.639036 -0.236897 1.000000 0.627756 0.565806 0.639036 -0.236897 1.000000 0.627731 0.565822 0.639036 -0.236897 1.000000 0.627707 0.565837 0.639036 -0.236897 1.000000 
0.627805 0.565776 0.639036 -0.236897 1.000000 0.627780 0.565806 0.639036 -0.236897 1.000000 0.627756 0.565806 0.639036 -0.236897 1.000000 0.627731 0.565822 0.639036 -0.236897 1.000000 0.627707 0.565837 0.639036 -0.236897 1.000000 0.627657 0.565837 0.639036 -0.236897 0.997067 
0.627780 0.565806 0.639036 -0.236897 1.000000 0.627756 0.565806 0.639036 -0.236897 1.000000 0.627731 0.565822 0.639036 -0.236897 1.000000 0.627707 0.565837 0.639036 -0.236897 1.000000 0.627657 0.565837 0.639036 -0.236897 0.997067 0.627633 0.565837 0.639036 -0.236897 0.986315 
0.627756 0.565806 0.639036 -0.236897 1.000000 0.627731 0.565822 0.639036 -0.236897 1.000000 0.627707 0.565837 0.639036 -0.236897 1.000000 0.627657 0.565837 0.639036 -0.236897 0.997067 0.627633 0.565837 0.639036 -0.236897 0.986315 0.627608 0.565837 0.639036 -0.236897 0.961877 
0.627731 0.565822 0.639036 -0.236897 1.000000 0.627707 0.565837 0.639036 -0.236897 1.000000 0.627657 0.565837 0.639036 -0.236897 0.997067 0.627633 0.565837 0.639036 -0.236897 0.986315 0.627608 0.565837 0.639036 -0.236897 0.961877 0.627559 0.565837 0.639036 -0.236897 0.947214 
0.627707 0.565837 0.639036 -0.236897 1.000000 0.627657 0.565837 0.639036 -0.236897 0.997067 0.627633 0.565837 0.639036 -0.236897 0.986315 0.627608 0.565837 0.639036 -0.236897 0.961877 0.627559 0.565837 0.639036 -0.236897 0.947214 0.627485 0.565837 0.639036 -0.236897 0.936461 
0.627657 0.565837 0.639036 -0.236897 0.997067 0.627633 0.565837 0.639036 -0.236897 0.986315 0.627608 0.565837 0.639036 -0.236897 0.961877 0.627559 0.565837 0.639036 -0.236897 0.947214 0.627485 0.565837 0.639036 -0.236897 0.936461 0.627411 0.565837 0.639036 -0.236897 0.920821 
0.627633 0.565837 0.639036 -0.236897 0.986315 0.627608 0.565837 0.639036 -0.236897 0.961877 0.627559 0.565837 0.639036 -0.236897 0.947214 0.627485 0.565837 0.639036 -0.236897 0.936461 0.627411 0.565837 0.639036 -0.236897 0.920821 0.627288 0.565837 0.639036 -0.236897 0.909091 
0.627608 0.565837 0.639036 -0.236897 0.961877 0.627559 0.565837 0.639036 -0.236897 0.947214 0.627485 0.565837 0.639036 -0.236897 0.936461 0.627411 0.565837 0.639036 -0.236897 0.920821 0.627288 0.565837 0.639036 -0.236897 0.909091 0.627165 0.565837 0.639036 -0.236897 0.899316 
0.627559 0.565837 0.639036 -0.236897 0.947214 0.627485 0.565837 0.639036 -0.236897 0.936461 0.627411 0.565837 0.639036 -0.236897 0.920821 0.627288 0.565837 0.639036 -0.236897 0.909091 0.627165 0.565837 0.639036 -0.236897 0.899316 0.626993 0.565853 0.639036 -0.236897 0.891496 
0.627485 0.565837 0.639036 -0.236897 0.936461 0.627411 0.565837 0.639036 -0.236897 0.920821 0.627288 0.565837 0.639036 -0.236897 0.909091 0.627165 0.565837 0.639036 -0.236897 0.899316 0.626993 0.565853 0.639036 -0.236897 0.891496 0.626722 0.565883 0.639036 -0.236897 0.883675 
0.627411 0.565837 0.639036 -0.236897 0.920821 0.627288 0.565837 0.639036 -0.236897 0.909091 0.627165 0.565837 0.639036 -0.236897 0.899316 0.626993 0.565853 0.639036 -0.236897 0.891496 0.626722 0.565883 0.639036 -0.236897 0.883675 0.626403 0.565914 0.656273 -0.245202 0.876833 
0.627288 0.565837 0.639036 -0.236897 0.909091 0.627165 0.565837 0.639036 -0.236897 0.899316 0.626993 0.565853 0.639036 -0.236897 0.891496 0.626722 0.565883 0.639036 -0.236897 0.883675 0.626403 0.565914 0.656273 -0.245202 0.876833 0.625935 0.565960 0.656273 -0.245202 0.873900 
0.627165 0.565837 0.639036 -0.236897 0.899316 0.626993 0.565853 0.639036 -0.236897 0.891496 0.626722 0.565883 0.639036 -0.236897 0.883675 0.626403 0.565914 0.656273 -0.245202 0.876833 0.625935 0.565960 0.656273 -0.245202 0.873900 0.625418 0.566022 0.656273 -0.245202 0.869013 
0.618233 0.568144 0.600593 -0.491399 0.000000 0.623376 0.567790 0.561700 -0.471309 0.000000 0.620005 0.568006 0.600593 -0.491399 0.000000 0.621703 0.567898 0.584222 -0.476840 0.000000 0.624852 0.567698 0.551856 -0.448338 0.000000 0.626255 0.567606 0.535855 -0.434381 0.000000 
0.623376 0.567790 0.561700 -0.471309 0.000000 0.620005 0.568006 0.600593 -0.491399 0.000000 0.621703 0.567898 0.584222 -0.476840 0.000000 0.624852 0.567698 0.551856 -0.448338 0.000000 0.626255 0.567606 0.535855 -0.434381 0.000000 0.627534 0.567544 0.529780 -0.442817 0.000000 
0.620005 0.568006 0.600593 -0.491399 0.000000 0.621703 0.567898 0.584222 -0.476840 0.000000 0.624852 0.567698 0.551856 -0.448338 0.000000 0.626255 0.567606 0.535855 -0.434381 0.000000 0.627534 0.567544 0.529780 -0.442817 0.000000 0.628617 0.567421 0.519971 -0.420610 0.000000 
0.621703 0.567898 0.584222 -0.476840 0.000000 0.624852 0.567698 0.551856 -0.448338 0.000000 0.626255 0.567606 0.535855 -0.434381 0.000000 0.627534 0.567544 0.529780 -0.442817 0.000000 0.628617 0.567421 0.519971 -0.420610 0.000000 0.629552 0.567421 0.498351 -0.415055 0.000000 
0.624852 0.567698 0.551856 -0.448338 0.000000 0.626255 0.567606 0.535855 -0.434381 0.000000 0.627534 0.567544 0.529780 -0.442817 0.000000 0.628617 0.567421 0.519971 -0.420610 0.000000 0.629552 0.567421 0.498351 -0.415055 0.000000 0.629454 0.567406 0.498351 -0.415055 0.000000 
0.626255 0.567606 0.535855 -0.434381 0.000000 0.627534 0.567544 0.529780 -0.442817 0.000000 0.628617 0.567421 0.519971 -0.420610 0.000000 0.629552 0.567421 0.498351 -0.415055 0.000000 0.629454 0.567406 0.498351 -0.415055 0.000000 0.629626 0.567406 0.535855 -0.434381 0.000000 
0.627534 0.567544 0.529780 -0.442817 0.000000 0.628617 0.567421 0.519971 -0.420610 0.000000 0.629552 0.567421 0.498351 -0.415055 0.000000 0.629454 0.567406 0.498351 -0.415055 0.000000 0.629626 0.567406 0.535855 -0.434381 0.000000 0.630733 0.567406 0.551856 -0.448338 0.000000 
0.628617 0.567421 0.519971 -0.420610 0.000000 0.629552 0.567421 0.498351 -0.415055 0.000000 0.629454 0.567406 0.498351 -0.415055 0.000000 0.629626 0.567406 0.535855 -0.434381 0.000000 0.630733 0.567406 0.551856 -0.448338 0.000000 0.631521 0.567406 0.584222 -0.476840 0.000000 
0.629552 0.567421 0.498351 -0.415055 0.000000 0.629454 0.567406 0.498351 -0.415055 0.000000 0.629626 0.567406 0.535855 -0.434381 0.000000 0.630733 0.567406 0.551856 -0.448338 0.000000 0.631521 0.567406 0.584222 -0.476840 0.000000 0.631693 0.567406 0.590400 -0.467626 0.000000 
0.629454 0.567406 0.498351 -0.415055 0.000000 0.629626 0.567406 0.535855 -0.434381 0.000000 0.630733 0.567406 0.551856 -0.448338 0.000000 0.631521 0.567406 0.584222 -0.476840 0.000000 0.631693 0.567406 0.590400 -0.467626 0.000000 0.632259 0.567360 0.606852 -0.481995 0.000000 
0.629626 0.567406 0.535855 -0.434381 0.000000 0.630733 0.567406 0.551856 -0.448338 0.000000 0.631521 0.567406 0.584222 -0.476840 0.000000 0.631693 0.567406 0.590400 -0.467626 0.000000 0.632259 0.567360 0.606852 -0.481995 0.000000 0.632677 0.567037 0.629561 -0.486768 0.000000 
0.630733 0.567406 0.551856 -0.448338 0.000000 0.631521 0.567406 0.584222 -0.476840 0.000000 0.631693 0.567406 0.590400 -0.467626 0.000000 0.632259 0.567360 0.606852 -0.481995 0.000000 0.632677 0.567037 0.629561 -0.486768 0.000000 0.633046 0.566575 0.629561 -0.486768 0.000000 
0.631521 0.567406 0.584222 -0.476840 0.000000 0.631693 0.567406 0.590400 -0.467626 0.000000 0.632259 0.567360 0.606852 -0.481995 0.000000 0.632677 0.567037 0.629561 -0.486768 0.000000 0.633046 0.566575 0.629561 -0.486768 0.000000 0.633465 0.565945 0.629561 -0.486768 0.000000 
0.631693 0.567406 0.590400 -0.467626 0.000000 0.632259 0.567360 0.606852 -0.481995 0.000000 0.632677 0.567037 0.629561 -0.486768 0.000000 0.633046 0.566575 0.629561 -0.486768 0.000000 0.633465 0.565945 0.629561 -0.486768 0.000000 0.633932 0.565484 0.629561 -0.486768 0.000000 
0.632259 0.567360 0.606852 -0.481995 0.000000 0.632677 0.567037 0.629561 -0.486768 0.000000 0.633046 0.566575 0.629561 -0.486768 0.000000 0.633465 0.565945 0.629561 -0.486768 0.000000 0.633932 0.565484 0.629561 -0.486768 0.000000 0.634104 0.565053 0.629561 -0.486768 0.000000 
0.632677 0.567037 0.629561 -0.486768 0.000000 0.633046 0.566575 0.629561 -0.486768 0.000000 0.633465 0.565945 0.629561 -0.486768 0.000000 0.633932 0.565484 0.629561 -0.486768 0.000000 0.634104 0.565053 0.629561 -0.486768 0.000000 0.634621 0.564668 0.629561 -0.486768 0.000000 
0.633046 0.566575 0.629561 -0.486768 0.000000 0.633465 0.565945 0.629561 -0.486768 0.000000 0.633932 0.565484 0.629561 -0.486768 0.000000 0.634104 0.565053 0.629561 -0.486768 0.000000 0.634621 0.564668 0.629561 -0.486768 0.000000 0.635089 0.564545 0.606852 -0.481995 0.000000 
0.633465 0.565945 0.629561 -0.486768 0.000000 0.633932 0.565484 0.629561 -0.486768 0.000000 0.634104 0.565053 0.629561 -0.486768 0.000000 0.634621 0.564668 0.629561 -0.486768 0.000000 0.635089 0.564545 0.606852 -0.481995 0.000000 0.635335 0.564084 0.606852 -0.481995 0.000000 
0.633932 0.565484 0.629561 -0.486768 0.000000 0.634104 0.565053 0.629561 -0.486768 0.000000 0.634621 0.564668 0.629561 -0.486768 0.000000 0.635089 0.564545 0.606852 -0.481995 0.000000 0.635335 0.564084 0.606852 -0.481995 0.000000 0.635532 0.563930 0.612916 -0.472372 0.000000 
0.634104 0.565053 0.629561 -0.486768 0.000000 0.634621 0.564668 0.629561 -0.486768 0.000000 0.635089 0.564545 0.606852 -0.481995 0.000000 0.635335 0.564084 0.606852 -0.481995 0.000000 0.635532 0.563930 0.612916 -0.472372 0.000000 0.635679 0.563838 0.590400 -0.467626 0.033236 
0.634621 0.564668 0.629561 -0.486768 0.000000 0.635089 0.564545 0.606852 -0.481995 0.000000 0.635335 0.564084 0.606852 -0.481995 0.000000 0.635532 0.563930 0.612916 -0.472372 0.000000 0.635679 0.563838 0.590400 -0.467626 0.033236 0.635778 0.563792 0.590400 -0.467626 0.078201 
0.635089 0.564545 0.606852 -0.481995 0.000000 0.635335 0.564084 0.606852 -0.481995 0.000000 0.635532 0.563930 0.612916 -0.472372 0.000000 0.635679 0.563838 0.590400 -0.467626 0.033236 0.635778 0.563792 0.590400 -0.467626 0.078201 0.635802 0.563792 0.584222 -0.476840 0.127077 
0.635335 0.564084 0.606852 -0.481995 0.000000 0.635532 0.563930 0.612916 -0.472372 0.000000 0.635679 0.563838 0.590400 -0.467626 0.033236 0.635778 0.563792 0.590400 -0.467626 0.078201 0.635802 0.563792 0.584222 -0.476840 0.127077 0.635581 0.563992 0.584222 -0.476840 0.293255 
0.635532 0.563930 0.612916 -0.472372 0.000000 0.635679 0.563838 0.590400 -0.467626 0.033236 0.635778 0.563792 0.590400 -0.467626 0.078201 0.635802 0.563792 0.584222 -0.476840 0.127077 0.635581 0.563992 0.584222 -0.476840 0.293255 0.635015 0.564315 0.574068 -0.453469 0.343109 
0.635679 0.563838 0.590400 -0.467626 0.033236 0.635778 0.563792 0.590400 -0.467626 0.078201 0.635802 0.563792 0.584222 -0.476840 0.127077 0.635581 0.563992 0.584222 -0.476840 0.293255 0.635015 0.564315 0.574068 -0.453469 0.343109 0.634252 0.564745 0.574068 -0.453469 0.387097 
0.635778 0.563792 0.590400 -0.467626 0.078201 0.635802 0.563792 0.584222 -0.476840 0.127077 0.635581 0.563992 0.584222 -0.476840 0.293255 0.635015 0.564315 0.574068 -0.453469 0.343109 0.634252 0.564745 0.574068 -0.453469 0.387097 0.633243 0.565284 0.574068 -0.453469 0.432063 
0.635802 0.563792 0.584222 -0.476840 0.127077 0.635581 0.563992 0.584222 -0.476840 0.293255 0.635015 0.564315 0.574068 -0.453469 0.343109 0.634252 0.564745 0.574068 -0.453469 0.387097 0.633243 0.565284 0.574068 -0.453469 0.432063 0.632013 0.565945 0.574068 -0.453469 0.472141 
0.635581 0.563992 0.584222 -0.476840 0.293255 0.635015 0.564315 0.574068 -0.453469 0.343109 0.634252 0.564745 0.574068 -0.453469 0.387097 0.633243 0.565284 0.574068 -0.453469 0.432063 0.632013 0.565945 0.574068 -0.453469 0.472141 0.630487 0.566775 0.596387 -0.458201 0.533724 
0.635015 0.564315 0.574068 -0.453469 0.343109 0.634252 0.564745 0.574068 -0.453469 0.387097 0.633243 0.565284 0.574068 -0.453469 0.432063 0.632013 0.565945 0.574068 -0.453469 0.472141 0.630487 0.566775 0.596387 -0.458201 0.533724 0.628666 0.567775 0.596387 -0.458201 0.557185 
0.634252 0.564745 0.574068 -0.453469 0.387097 0.633243 0.565284 0.574068 -0.453469 0.432063 0.632013 0.565945 0.574068 -0.453469 0.472141 0.630487 0.566775 0.596387 -0.458201 0.533724 0.628666 0.567775 0.596387 -0.458201 0.557185 0.626575 0.568898 0.585693 -0.434824 0.609971 
